********************************************************************************
STREME - Sensitive, Thorough, Rapid, Enriched Motif Elicitation
********************************************************************************
MEME version 5.5.3 (Release date: Sat Jun 10 16:19:38 2023 -0700)

For further information on how to interpret these results please access http://localhost:8080/meme_5.5.3.
To get a copy of the MEME Suite software please access https://meme-suite.org.

********************************************************************************


********************************************************************************
REFERENCE
********************************************************************************
If you use this program in your research, please cite:

Timothy L. Bailey,
"STREME: accurate and versatile sequence motif discovery",
Bioinformatics, Mar. 24, 2021.
********************************************************************************


ALPHABET= ACGT

strands: + -

Background letter frequencies
A 0.245 C 0.255 G 0.255 T 0.245 

MOTIF 1-VTGACGTCACB STREME-1
letter-probability matrix: alength= 4 w= 11 nsites= 2282 E= 4.9e-028
 0.256181 0.367203 0.289731 0.086885
 0.074547 0.173980 0.054712 0.696761
 0.064563 0.100850 0.590381 0.244205
 0.812287 0.000022 0.150123 0.037569
 0.000021 0.964422 0.000022 0.035536
 0.108499 0.030537 0.860943 0.000021
 0.007189 0.000022 0.000022 0.992768
 0.003073 0.994533 0.000022 0.002372
 0.974322 0.000022 0.018838 0.006819
 0.012369 0.667653 0.028284 0.291694
 0.099745 0.356934 0.208664 0.334657

MOTIF 2-CCCCGCCCCYY STREME-2
letter-probability matrix: alength= 4 w= 11 nsites= 2124 E= 2.1e-019
 0.012678 0.841959 0.000033 0.145331
 0.010737 0.907482 0.000033 0.081748
 0.046267 0.953669 0.000033 0.000031
 0.000031 0.999905 0.000033 0.000031
 0.183479 0.000033 0.737641 0.078847
 0.000031 0.999905 0.000033 0.000031
 0.000031 0.999905 0.000033 0.000031
 0.000031 0.827807 0.000033 0.172129
 0.182340 0.773896 0.000033 0.043732
 0.081423 0.550502 0.083990 0.284086
 0.165724 0.334134 0.166181 0.333961

MOTIF 3-AGYAAAYA STREME-3
letter-probability matrix: alength= 4 w= 8 nsites= 3577 E= 8.6e-016
 0.727955 0.000054 0.066986 0.205005
 0.277192 0.000054 0.722701 0.000052
 0.000052 0.401637 0.000054 0.598257
 0.881206 0.118688 0.000054 0.000052
 0.999840 0.000054 0.000054 0.000052
 0.999840 0.000054 0.000054 0.000052
 0.000052 0.428525 0.000054 0.571369
 0.999840 0.000054 0.000054 0.000052

MOTIF 4-RRCCAATCRGA STREME-4
letter-probability matrix: alength= 4 w= 11 nsites= 1121 E= 1.4e-015
 0.553466 0.049674 0.383057 0.013803
 0.359817 0.015007 0.569297 0.055879
 0.000049 0.999852 0.000051 0.000049
 0.000049 0.999852 0.000051 0.000049
 0.999850 0.000051 0.000051 0.000049
 0.999850 0.000051 0.000051 0.000049
 0.000049 0.000051 0.000051 0.999850
 0.000049 0.673489 0.319090 0.007372
 0.556640 0.038135 0.403057 0.002167
 0.152626 0.150559 0.621507 0.075308
 0.555848 0.235762 0.154429 0.053961

MOTIF 5-BCACTTCCGGB STREME-5
letter-probability matrix: alength= 4 w= 11 nsites= 1147 E= 3.3e-013
 0.040152 0.428084 0.239705 0.292060
 0.106150 0.692332 0.065716 0.135802
 0.800059 0.001523 0.188264 0.010153
 0.000052 0.947194 0.000054 0.052700
 0.002991 0.000054 0.022149 0.974806
 0.001961 0.000054 0.000054 0.997931
 0.000052 0.996729 0.000054 0.003165
 0.000052 0.998373 0.001523 0.000052
 0.000052 0.020269 0.888935 0.090744
 0.018762 0.140472 0.803003 0.037763
 0.039730 0.349967 0.219937 0.390366

MOTIF 6-CAAGATGGCGGCS STREME-6
letter-probability matrix: alength= 4 w= 13 nsites= 343 E= 6.7e-010
 0.171408 0.587403 0.178352 0.062837
 0.978826 0.000128 0.020924 0.000123
 0.971893 0.003594 0.003594 0.020920
 0.121443 0.237271 0.623832 0.017453
 0.989224 0.007060 0.003594 0.000123
 0.000123 0.000128 0.000128 0.999622
 0.000123 0.007060 0.992695 0.000123
 0.000123 0.000128 0.992695 0.007055
 0.000123 0.973926 0.000128 0.025824
 0.020919 0.103000 0.767067 0.109014
 0.076378 0.065986 0.802054 0.055582
 0.088216 0.894204 0.003594 0.013987
 0.109014 0.356040 0.421026 0.113920

MOTIF 7-ACTACAWTTCCCAG STREME-7
letter-probability matrix: alength= 4 w= 14 nsites= 554 E= 5.5e-008
 0.993232 0.000080 0.006611 0.000077
 0.002254 0.997589 0.000080 0.000077
 0.000077 0.028384 0.002257 0.969282
 0.923560 0.028384 0.028384 0.019671
 0.000077 0.995412 0.002257 0.002254
 0.877841 0.019674 0.082814 0.019671
 0.435675 0.106768 0.074107 0.383450
 0.084993 0.274501 0.080655 0.559851
 0.052329 0.026207 0.010965 0.910499
 0.000077 0.993235 0.000080 0.006608
 0.000077 0.995412 0.000080 0.004431
 0.004431 0.991058 0.000080 0.004431
 0.888724 0.000080 0.108942 0.002254
 0.069749 0.063222 0.790746 0.076284

MOTIF 8-CAAAGTYCA STREME-8
letter-probability matrix: alength= 4 w= 9 nsites= 1418 E= 6.6e-008
 0.000086 0.945868 0.000089 0.053958
 0.969768 0.011585 0.013631 0.005015
 0.908006 0.000089 0.073386 0.018518
 0.967418 0.002509 0.029987 0.000086
 0.000086 0.013799 0.976511 0.009604
 0.005835 0.015513 0.149127 0.829526
 0.039007 0.493735 0.160496 0.306762
 0.004447 0.936978 0.020704 0.037871
 0.763209 0.010465 0.003680 0.222646

MOTIF 9-GGGATTACAGGCRT STREME-9
letter-probability matrix: alength= 4 w= 14 nsites= 231 E= 2.5e-006
 0.094605 0.000183 0.905036 0.000176
 0.059813 0.000183 0.934859 0.005145
 0.020054 0.005152 0.969648 0.005145
 0.989519 0.000183 0.005152 0.005145
 0.000176 0.129409 0.000183 0.870232
 0.000176 0.010122 0.020062 0.969641
 0.979580 0.000183 0.020062 0.000176
 0.015085 0.914981 0.010122 0.059813
 0.969641 0.015092 0.015092 0.000176
 0.034963 0.000183 0.964679 0.000176
 0.049872 0.010122 0.924921 0.015085
 0.020054 0.765861 0.020061 0.194024
 0.407844 0.000183 0.591798 0.000176
 0.020054 0.198987 0.010122 0.770837

MOTIF 10-GAGGCYGAGGC STREME-10
letter-probability matrix: alength= 4 w= 11 nsites= 364 E= 6.4e-005
 0.014885 0.000159 0.984804 0.000152
 0.960790 0.000159 0.025957 0.013094
 0.119495 0.013100 0.867252 0.000152
 0.000152 0.010577 0.978699 0.010571
 0.000152 0.805827 0.000159 0.193862
 0.000152 0.563940 0.020406 0.415502
 0.217648 0.034469 0.747731 0.000152
 0.999530 0.000159 0.000159 0.000152
 0.010571 0.036828 0.952448 0.000152
 0.022636 0.000159 0.913889 0.063316
 0.000152 0.758412 0.000159 0.241277

MOTIF 11-GAGACRGRGTYTCR STREME-11
letter-probability matrix: alength= 4 w= 14 nsites= 194 E= 8.4e-005
 0.023080 0.011649 0.965068 0.000202
 0.976499 0.023088 0.000210 0.000202
 0.011641 0.005930 0.982227 0.000202
 0.987938 0.000210 0.005930 0.005922
 0.005922 0.753434 0.000210 0.240434
 0.455962 0.000210 0.526467 0.017361
 0.066995 0.011649 0.909714 0.011641
 0.404487 0.000210 0.572222 0.023080
 0.017361 0.000210 0.982227 0.000202
 0.000202 0.000210 0.005930 0.993658
 0.005922 0.616134 0.000210 0.377734
 0.000202 0.000210 0.000210 0.999377
 0.000202 0.816351 0.045967 0.137480
 0.457830 0.034528 0.473122 0.034520

MOTIF 12-AGATCAAAG STREME-12
letter-probability matrix: alength= 4 w= 9 nsites= 504 E= 3.5e-004
 0.987228 0.012409 0.000185 0.000177
 0.000177 0.269768 0.729877 0.000177
 0.629301 0.000185 0.085958 0.284557
 0.103222 0.000185 0.000185 0.896409
 0.000177 0.777882 0.221763 0.000177
 0.991718 0.000185 0.007920 0.000177
 0.999453 0.000185 0.000185 0.000177
 0.888725 0.000185 0.031499 0.079591
 0.000177 0.000185 0.999460 0.000177

MOTIF 13-CCAGCCTGGGCRACA STREME-13
letter-probability matrix: alength= 4 w= 15 nsites= 226 E= 6.8e-004
 0.000192 0.966847 0.016484 0.016477
 0.011048 0.950560 0.000200 0.038192
 0.993981 0.000200 0.005628 0.000192
 0.027333 0.011056 0.961419 0.000192
 0.011048 0.950563 0.005628 0.032761
 0.011048 0.955991 0.000200 0.032762
 0.000192 0.021912 0.000200 0.977696
 0.032761 0.016484 0.950563 0.000192
 0.038191 0.000200 0.955990 0.005620
 0.043618 0.125135 0.825627 0.005620
 0.032761 0.717065 0.021912 0.228261
 0.505303 0.000200 0.478022 0.016476
 0.988553 0.000200 0.005628 0.005620
 0.021905 0.955991 0.011056 0.011048
 0.977696 0.005628 0.005628 0.011048

MOTIF 14-RTKDTGHAAYM STREME-14
letter-probability matrix: alength= 4 w= 11 nsites= 545 E= 9.6e-004
 0.642046 0.000103 0.357752 0.000099
 0.000099 0.000103 0.000103 0.999694
 0.000099 0.000103 0.335588 0.664210
 0.318915 0.000103 0.437005 0.243977
 0.000099 0.000103 0.000103 0.999694
 0.000099 0.000103 0.999699 0.000099
 0.283853 0.412578 0.000103 0.303466
 0.999694 0.000103 0.000103 0.000099
 0.999694 0.000103 0.000103 0.000099
 0.000099 0.333437 0.000103 0.666361
 0.291281 0.388208 0.178504 0.142006

MOTIF 15-AAAAAAAAAAAAA STREME-15
letter-probability matrix: alength= 4 w= 13 nsites= 477 E= 1.0e-003
 0.973020 0.000141 0.000141 0.026698
 0.997684 0.000141 0.000141 0.002034
 0.971561 0.011359 0.000141 0.016940
 0.896650 0.103074 0.000141 0.000135
 0.970642 0.000141 0.000141 0.029076
 0.757491 0.021785 0.025844 0.194880
 0.996341 0.001922 0.000141 0.001596
 0.791934 0.167730 0.000141 0.040195
 0.863372 0.118613 0.000141 0.017875
 0.906629 0.028649 0.059177 0.005545
 0.944989 0.011412 0.000141 0.043458
 0.984557 0.015168 0.000141 0.000135
 0.999584 0.000141 0.000141 0.000135

MOTIF 16-GCGCATGCGCA STREME-16
letter-probability matrix: alength= 4 w= 11 nsites= 312 E= 1.5e-003
 0.094359 0.009237 0.882637 0.013766
 0.047791 0.927162 0.015816 0.009231
 0.066743 0.000167 0.932930 0.000160
 0.000160 0.999513 0.000167 0.000160
 0.662456 0.281264 0.042218 0.014062
 0.031184 0.152207 0.098776 0.717833
 0.000160 0.000167 0.999513 0.000160
 0.000160 0.985905 0.000167 0.013768
 0.000160 0.000167 0.999513 0.000160
 0.000160 0.940175 0.000167 0.059498
 0.867992 0.000167 0.117989 0.013852

MOTIF 17-ACACACACACACAC STREME-17
letter-probability matrix: alength= 4 w= 14 nsites= 241 E= 1.5e-003
 0.897218 0.037328 0.000227 0.065227
 0.000219 0.786536 0.000227 0.213018
 0.835992 0.006411 0.157379 0.000219
 0.000219 0.881852 0.000227 0.117702
 0.956043 0.037328 0.006411 0.000219
 0.016319 0.781470 0.014976 0.187236
 0.745145 0.024961 0.190861 0.039032
 0.000219 0.776734 0.000227 0.222820
 0.906577 0.000227 0.092977 0.000219
 0.101717 0.606555 0.100874 0.190853
 0.752038 0.012594 0.201852 0.033516
 0.021335 0.858169 0.000227 0.120268
 0.910346 0.000227 0.021373 0.068053
 0.038420 0.915469 0.000227 0.045883

MOTIF 18-GCCACCRCGCCCGGC STREME-18
letter-probability matrix: alength= 4 w= 15 nsites= 158 E= 2.8e-003
 0.097532 0.013212 0.889027 0.000229
 0.000229 0.979843 0.006725 0.013203
 0.000229 0.986329 0.000239 0.013203
 0.973346 0.006725 0.019699 0.000229
 0.006716 0.940922 0.000239 0.052123
 0.000229 0.824152 0.006725 0.168893
 0.558147 0.000239 0.421925 0.019690
 0.006716 0.674943 0.000239 0.318102
 0.227277 0.000239 0.772255 0.000229
 0.013203 0.966869 0.013212 0.006716
 0.000229 0.973355 0.000239 0.026177
 0.026177 0.720352 0.019699 0.233773
 0.279181 0.000239 0.700890 0.019690
 0.000229 0.000239 0.999303 0.000229
 0.000229 0.973355 0.019699 0.006716

MOTIF 19-GGAGAATCGCTTGA STREME-19
letter-probability matrix: alength= 4 w= 14 nsites= 106 E= 2.8e-003
 0.079150 0.061642 0.850138 0.009070
 0.009070 0.000322 0.964019 0.026590
 0.893926 0.035362 0.009082 0.061630
 0.052869 0.061642 0.867659 0.017830
 0.683678 0.026602 0.280651 0.009070
 0.981526 0.000322 0.017842 0.000310
 0.000310 0.026602 0.000322 0.972766
 0.026590 0.622334 0.114222 0.236855
 0.271883 0.035363 0.666164 0.026590
 0.017830 0.937738 0.000322 0.044110
 0.009070 0.000322 0.166781 0.823827
 0.000310 0.000322 0.017842 0.981526
 0.061630 0.000322 0.937738 0.000310
 0.972766 0.000322 0.017842 0.009070

MOTIF 20-RTGACTCA STREME-20
letter-probability matrix: alength= 4 w= 8 nsites= 797 E= 5.3e-003
 0.431244 0.000211 0.568342 0.000203
 0.000203 0.000211 0.000211 0.999376
 0.000203 0.000211 0.836550 0.163037
 0.999376 0.000211 0.000211 0.000203
 0.000203 0.999384 0.000211 0.000203
 0.000203 0.000211 0.281734 0.717852
 0.089378 0.910208 0.000211 0.000203
 0.988411 0.000211 0.011176 0.000203

MOTIF 21-CCCTKCCCC STREME-21
letter-probability matrix: alength= 4 w= 9 nsites= 1376 E= 5.5e-003
 0.000210 0.851263 0.000218 0.148309
 0.044825 0.875949 0.000218 0.079008
 0.000210 0.999362 0.000218 0.000210
 0.013249 0.234463 0.000218 0.752070
 0.010791 0.021180 0.329464 0.638565
 0.000210 0.940131 0.028090 0.031569
 0.000210 0.952190 0.000218 0.047382
 0.000210 0.954642 0.000218 0.044930
 0.018974 0.800652 0.039969 0.140405

MOTIF 22-AGTGAGCYRAGAT STREME-22
letter-probability matrix: alength= 4 w= 13 nsites= 138 E= 6.2e-003
 0.872651 0.024007 0.087251 0.016090
 0.016090 0.024007 0.959623 0.000279
 0.000279 0.031913 0.024007 0.943801
 0.055617 0.000291 0.943813 0.000279
 0.975422 0.008196 0.000291 0.016091
 0.031901 0.024007 0.943813 0.000279
 0.000279 0.991245 0.000291 0.008185
 0.079335 0.454296 0.024007 0.442362
 0.332362 0.039819 0.627540 0.000279
 0.619652 0.047723 0.031914 0.300711
 0.000279 0.000291 0.999150 0.000279
 0.983328 0.000291 0.016102 0.000279
 0.000279 0.016102 0.003572 0.980047

MOTIF 23-GAACTCCTGRCCTCA STREME-23
letter-probability matrix: alength= 4 w= 15 nsites= 126 E= 1.1e-002
 0.247766 0.009162 0.742759 0.000312
 0.972526 0.000325 0.026837 0.000312
 0.919498 0.000325 0.000325 0.079852
 0.000312 0.963700 0.000325 0.035662
 0.000312 0.000325 0.026838 0.972525
 0.000312 0.919513 0.000325 0.079850
 0.009150 0.937189 0.009162 0.044499
 0.000312 0.062186 0.000325 0.937176
 0.035662 0.000325 0.963700 0.000312
 0.512946 0.000325 0.468742 0.017987
 0.088691 0.619017 0.283143 0.009150
 0.017987 0.937189 0.000325 0.044499
 0.009150 0.018000 0.000325 0.972525
 0.009150 0.928351 0.000325 0.062174
 0.857634 0.009162 0.124054 0.009150

MOTIF 24-GCCGCCGCCGCCGC STREME-24
letter-probability matrix: alength= 4 w= 14 nsites= 125 E= 4.5e-002
 0.000295 0.041987 0.924078 0.033640
 0.025303 0.807368 0.075337 0.091992
 0.127072 0.839196 0.000307 0.033426
 0.033641 0.000307 0.965758 0.000295
 0.041975 0.870601 0.003766 0.083657
 0.076311 0.777910 0.033651 0.112128
 0.058650 0.000307 0.924076 0.016968
 0.033639 0.965760 0.000307 0.000295
 0.041975 0.853926 0.000307 0.103792
 0.041977 0.000307 0.957422 0.000295
 0.000295 0.870600 0.033652 0.095454
 0.016968 0.874060 0.075332 0.033640
 0.000295 0.014296 0.968442 0.016967
 0.008631 0.982431 0.000307 0.008631

MOTIF 25-CTTCCTGTTTC STREME-25
letter-probability matrix: alength= 4 w= 11 nsites= 641 E= 6.7e-002
 0.006184 0.837508 0.038158 0.118151
 0.040261 0.000104 0.000104 0.959530
 0.005654 0.000104 0.000104 0.994137
 0.015352 0.882905 0.091697 0.010047
 0.011107 0.982445 0.001283 0.005165
 0.054841 0.012692 0.110824 0.821643
 0.081526 0.139861 0.719704 0.058909
 0.001153 0.221927 0.093388 0.683532
 0.027995 0.264944 0.058117 0.648944
 0.110088 0.068621 0.154298 0.666994
 0.026395 0.899078 0.036013 0.038514

MOTIF 26-AGTGCAGTGGYG STREME-26
letter-probability matrix: alength= 4 w= 12 nsites= 147 E= 1.5e-001
 0.990944 0.000300 0.008467 0.000289
 0.099870 0.008467 0.891374 0.000289
 0.016622 0.049304 0.024802 0.909272
 0.036346 0.008467 0.946731 0.008456
 0.000289 0.966454 0.016635 0.016622
 0.982777 0.000300 0.000300 0.016622
 0.137748 0.000300 0.861663 0.000289
 0.000289 0.016635 0.000300 0.982776
 0.024790 0.000300 0.974621 0.000289
 0.000289 0.000300 0.999122 0.000289
 0.008456 0.615154 0.041136 0.335255
 0.184957 0.000300 0.723039 0.091704

MOTIF 27-AGAAAGAGAGAGA STREME-27
letter-probability matrix: alength= 4 w= 13 nsites= 344 E= 1.7e-001
 0.868826 0.014320 0.047118 0.069736
 0.000125 0.003678 0.988976 0.007220
 0.710919 0.035606 0.242707 0.010768
 0.725026 0.007226 0.131948 0.135800
 0.885223 0.000131 0.063384 0.051263
 0.042130 0.020813 0.853184 0.083874
 0.915378 0.077874 0.003678 0.003070
 0.124475 0.065353 0.788762 0.021410
 0.881609 0.079715 0.017869 0.020808
 0.298340 0.038550 0.623962 0.039148
 0.797440 0.063684 0.062781 0.076095
 0.081156 0.117200 0.662295 0.139349
 0.950552 0.000131 0.045645 0.003673

MOTIF 28-CCCGCCCC STREME-28
letter-probability matrix: alength= 4 w= 8 nsites= 304 E= 1.7e-001
 0.022273 0.932273 0.023182 0.022273
 0.022273 0.932273 0.023182 0.022273
 0.022273 0.932273 0.023182 0.022273
 0.022273 0.023182 0.932273 0.022273
 0.022273 0.932273 0.023182 0.022273
 0.022273 0.932273 0.023182 0.022273
 0.022273 0.932273 0.023182 0.022273
 0.022273 0.932273 0.023182 0.022273

MOTIF 29-AGCTACTCRG STREME-29
letter-probability matrix: alength= 4 w= 10 nsites= 129 E= 2.4e-001
 0.977574 0.001671 0.020300 0.000455
 0.013324 0.000473 0.985748 0.000455
 0.005796 0.941799 0.039082 0.013324
 0.028023 0.008293 0.022069 0.941615
 0.929784 0.003131 0.053762 0.013324
 0.013324 0.980407 0.000473 0.005796
 0.020281 0.005814 0.000473 0.973431
 0.005796 0.870511 0.025926 0.097767
 0.310785 0.090571 0.580074 0.018569
 0.000455 0.005686 0.993404 0.000455

MOTIF 30-AATAWTTAACT STREME-30
letter-probability matrix: alength= 4 w= 11 nsites= 542 E= 2.5e-001
 0.783472 0.042782 0.092869 0.080877
 0.803396 0.069600 0.025679 0.101325
 0.027415 0.020688 0.015703 0.936194
 0.621614 0.075074 0.212108 0.091204
 0.305386 0.057882 0.128042 0.508691
 0.034789 0.010663 0.090976 0.863572
 0.017864 0.025660 0.023679 0.932797
 0.914808 0.034063 0.015056 0.036073
 0.790082 0.005956 0.073714 0.130247
 0.023162 0.882361 0.045636 0.048841
 0.108816 0.134457 0.015226 0.741501

MOTIF 31-RCGTCAC STREME-31
letter-probability matrix: alength= 4 w= 7 nsites= 583 E= 3.2e-001
 0.357394 0.000929 0.630474 0.011203
 0.000893 0.997285 0.000929 0.000893
 0.000893 0.000929 0.997285 0.000893
 0.000893 0.000929 0.000929 0.997249
 0.000893 0.997285 0.000929 0.000893
 0.690518 0.000929 0.307660 0.000893
 0.000893 0.997285 0.000929 0.000893

MOTIF 32-CCAAGGTCA STREME-32
letter-probability matrix: alength= 4 w= 9 nsites= 380 E= 3.6e-001
 0.112889 0.598339 0.071790 0.216981
 0.000305 0.787830 0.143980 0.067884
 0.982343 0.000318 0.000318 0.017021
 0.999059 0.000318 0.000318 0.000305
 0.000305 0.017409 0.981980 0.000305
 0.000305 0.000318 0.999071 0.000305
 0.000305 0.000318 0.000318 0.999059
 0.000305 0.815484 0.000318 0.183893
 0.858373 0.000318 0.141004 0.000305

MOTIF 33-GGGCGGATCAC STREME-33
letter-probability matrix: alength= 4 w= 11 nsites= 69 E= 3.6e-001
 0.127308 0.021866 0.850080 0.000745
 0.004808 0.000776 0.972580 0.021836
 0.009498 0.042958 0.946798 0.000745
 0.000745 0.844300 0.000776 0.154178
 0.211710 0.000776 0.723493 0.064021
 0.009498 0.021866 0.946799 0.021836
 0.976612 0.000776 0.000776 0.021836
 0.000745 0.000776 0.000776 0.997703
 0.000745 0.997733 0.000776 0.000745
 0.995740 0.000776 0.002739 0.000745
 0.004808 0.958278 0.000776 0.036138

MOTIF 34-CCTCCACCTCCC STREME-34
letter-probability matrix: alength= 4 w= 12 nsites= 346 E= 4.0e-001
 0.041879 0.816140 0.076226 0.065755
 0.012352 0.876295 0.021744 0.089609
 0.075518 0.053868 0.073261 0.797353
 0.043404 0.838487 0.026415 0.091695
 0.036868 0.888819 0.048933 0.025379
 0.818481 0.001575 0.030845 0.149098
 0.075774 0.881625 0.000128 0.042472
 0.057981 0.873153 0.024016 0.044850
 0.058240 0.000128 0.063013 0.878619
 0.027016 0.880260 0.017403 0.075322
 0.028994 0.887276 0.045528 0.038202
 0.075102 0.771898 0.031569 0.121431

MOTIF 35-AAACAAAG STREME-35
letter-probability matrix: alength= 4 w= 8 nsites= 1461 E= 4.2e-001
 0.749844 0.043050 0.197229 0.009877
 0.875223 0.025077 0.087981 0.011719
 0.931852 0.006858 0.033823 0.027467
 0.000349 0.899236 0.021049 0.079367
 0.939821 0.002753 0.040041 0.017385
 0.968501 0.013015 0.004175 0.014310
 0.954133 0.006149 0.011392 0.028326
 0.073674 0.111102 0.811152 0.004072

MOTIF 36-YCACGTGACC STREME-36
letter-probability matrix: alength= 4 w= 10 nsites= 179 E= 5.2e-001
 0.077313 0.510132 0.062236 0.350319
 0.008723 0.970322 0.000310 0.020646
 0.965378 0.034014 0.000310 0.000298
 0.013277 0.876425 0.000310 0.109988
 0.021705 0.000310 0.963549 0.014436
 0.000298 0.000310 0.000310 0.999082
 0.008723 0.000310 0.982245 0.008723
 0.944620 0.029604 0.011593 0.014184
 0.008723 0.918562 0.000310 0.072406
 0.018346 0.710715 0.070953 0.199987

MOTIF 37-ACATTTTAAAAAT STREME-37
letter-probability matrix: alength= 4 w= 13 nsites= 92 E= 9.1e-001
 0.941221 0.000340 0.000340 0.058098
 0.130290 0.781947 0.000340 0.087423
 0.934237 0.018842 0.018842 0.028079
 0.009578 0.055845 0.018842 0.915735
 0.018828 0.000340 0.031932 0.948899
 0.000327 0.009591 0.000340 0.989742
 0.096674 0.088598 0.063524 0.751204
 0.989742 0.000340 0.000340 0.009578
 0.847138 0.142944 0.009591 0.000327
 0.861802 0.055845 0.000340 0.082012
 0.676785 0.194608 0.065096 0.063511
 0.806297 0.018842 0.083597 0.091264
 0.207688 0.050434 0.102101 0.639778

MOTIF 38-AGGAAAGGAA STREME-38
letter-probability matrix: alength= 4 w= 10 nsites= 1637 E= 1.0e+000
 0.813406 0.030717 0.150456 0.005421
 0.029663 0.043746 0.860039 0.066552
 0.106288 0.037393 0.822263 0.034056
 0.864044 0.005816 0.041035 0.089105
 0.804465 0.129604 0.004088 0.061843
 0.909196 0.039222 0.000085 0.051497
 0.054482 0.039072 0.789941 0.116505
 0.074142 0.071676 0.755160 0.099022
 0.752686 0.080321 0.066719 0.100273
 0.797522 0.096965 0.078942 0.026570

MOTIF 39-AATGAATGAATGA STREME-39
letter-probability matrix: alength= 4 w= 13 nsites= 141 E= 1.3e+000
 0.916989 0.015220 0.052582 0.015209
 0.836061 0.022692 0.118565 0.022682
 0.030154 0.045109 0.066258 0.858479
 0.050222 0.030165 0.874515 0.045098
 0.891470 0.000275 0.055683 0.052571
 0.918259 0.022693 0.025793 0.033255
 0.141607 0.007747 0.067527 0.783119
 0.093035 0.045109 0.851018 0.010838
 0.891471 0.037637 0.045109 0.025782
 0.861580 0.045110 0.037638 0.055673
 0.037628 0.030164 0.000275 0.931933
 0.045100 0.060055 0.887109 0.007737
 0.889450 0.054602 0.030166 0.025782

MOTIF 40-GGAAACYGA STREME-40
letter-probability matrix: alength= 4 w= 9 nsites= 492 E= 1.3e+000
 0.000391 0.011456 0.987763 0.000391
 0.026736 0.026752 0.868482 0.078031
 0.930375 0.036338 0.027783 0.005503
 0.998796 0.000407 0.000407 0.000391
 0.872343 0.000407 0.037912 0.089339
 0.039981 0.914151 0.000407 0.045461
 0.000391 0.532244 0.034042 0.433323
 0.110339 0.000407 0.888864 0.000391
 0.853149 0.125891 0.000407 0.020553

MOTIF 41-AACAACAACAAA STREME-41
letter-probability matrix: alength= 4 w= 12 nsites= 44 E= 1.5e+000
 0.969322 0.028682 0.001018 0.000978
 0.969322 0.001018 0.028682 0.000978
 0.000978 0.748027 0.001018 0.249978
 0.858662 0.028682 0.111678 0.000978
 0.969322 0.001018 0.028682 0.000978
 0.000978 0.886363 0.001018 0.111642
 0.858663 0.001018 0.084012 0.056307
 0.969322 0.001018 0.028682 0.000978
 0.000978 0.941697 0.001018 0.056307
 0.996987 0.001018 0.001018 0.000978
 0.969322 0.028682 0.001018 0.000978
 0.858654 0.111686 0.028682 0.000978

MOTIF 42-GAGGCAGAGGKDG STREME-42
letter-probability matrix: alength= 4 w= 13 nsites= 617 E= 1.7e+000
 0.003120 0.000056 0.979274 0.017550
 0.852724 0.087651 0.000056 0.059569
 0.096935 0.042371 0.850172 0.010523
 0.012952 0.000056 0.944022 0.042970
 0.229494 0.579850 0.029554 0.161102
 0.612966 0.125509 0.218814 0.042710
 0.001587 0.000056 0.998303 0.000054
 0.537099 0.229083 0.058675 0.175143
 0.174036 0.133256 0.639270 0.053438
 0.007457 0.239163 0.753326 0.000054
 0.165064 0.161127 0.254633 0.419176
 0.209444 0.052038 0.320368 0.418150
 0.007718 0.032619 0.937220 0.022443

MOTIF 43-GCAGCAGCAGCCGC STREME-43
letter-probability matrix: alength= 4 w= 14 nsites= 255 E= 1.8e+000
 0.036528 0.063195 0.852258 0.048019
 0.117210 0.767451 0.073606 0.041733
 0.755235 0.128124 0.084016 0.032624
 0.028721 0.016792 0.949191 0.005297
 0.031323 0.829472 0.079253 0.059951
 0.672395 0.078173 0.111845 0.137588
 0.070362 0.049545 0.880001 0.000092
 0.071442 0.823187 0.092267 0.013105
 0.654398 0.116770 0.181893 0.046939
 0.054746 0.021996 0.915358 0.007900
 0.053224 0.855498 0.000096 0.091182
 0.196368 0.675280 0.064718 0.063634
 0.114164 0.140195 0.641446 0.104195
 0.028720 0.826870 0.079253 0.065156

MOTIF 44-CCCAGC STREME-44
letter-probability matrix: alength= 4 w= 6 nsites= 2538 E= 2.2e+000
 0.022273 0.932273 0.023182 0.022273
 0.022273 0.932273 0.023182 0.022273
 0.022273 0.932273 0.023182 0.022273
 0.931364 0.023182 0.023182 0.022273
 0.022273 0.023182 0.932273 0.022273
 0.022273 0.932273 0.023182 0.022273

MOTIF 45-CATTTTACAGATGA STREME-45
letter-probability matrix: alength= 4 w= 14 nsites= 65 E= 5.1e+000
 0.014973 0.795974 0.072843 0.116209
 0.897189 0.058381 0.043919 0.000511
 0.043899 0.145155 0.000532 0.810415
 0.014973 0.014994 0.014994 0.955038
 0.014973 0.000532 0.072843 0.911652
 0.014973 0.058381 0.014994 0.911652
 0.868263 0.014994 0.101769 0.014973
 0.014973 0.911673 0.000532 0.072822
 0.955038 0.000532 0.014994 0.029436
 0.000511 0.000532 0.998446 0.000511
 0.868263 0.029457 0.043919 0.058360
 0.014973 0.014994 0.058381 0.911652
 0.202982 0.072843 0.665816 0.058360
 0.839340 0.029456 0.130693 0.000511

MOTIF 46-CCATAGYAAC STREME-46
letter-probability matrix: alength= 4 w= 10 nsites= 166 E= 6.1e+000
 0.000395 0.998799 0.000411 0.000395
 0.005033 0.971809 0.022763 0.000395
 0.612413 0.117326 0.094459 0.175802
 0.000395 0.000411 0.000411 0.998783
 0.764571 0.045116 0.189919 0.000395
 0.000395 0.000411 0.998799 0.000395
 0.000395 0.658597 0.000411 0.340597
 0.643435 0.000411 0.094218 0.261936
 0.998783 0.000411 0.000411 0.000395
 0.000395 0.954092 0.000411 0.045102

MOTIF 47-AGATAA STREME-47
letter-probability matrix: alength= 4 w= 6 nsites= 1243 E= 1.0e+001
 0.931364 0.023182 0.023182 0.022273
 0.022273 0.023182 0.932273 0.022273
 0.931364 0.023182 0.023182 0.022273
 0.022273 0.023182 0.023182 0.931364
 0.931364 0.023182 0.023182 0.022273
 0.931364 0.023182 0.023182 0.022273

********************************************************************************
Stopped because 3 consecutive motifs exceeded the p-value threshold (0.05).
********************************************************************************
COMMAND:	streme --verbosity 1 --oc meme_out_incomplete_DL/HepG2_ATF1-human_ENCFF363ZSJ/streme_out -dna --seed 0 --p meme_out_incomplete_DL/HepG2_ATF1-human_ENCFF363ZSJ/seqs-centered --minw 6 --maxw 15 --time 6186 --order 2 --thresh 0.05 --align center --totallength 4000000 --parse-genomic-coord
********************************************************************************
CPU:		9f05ee173ae9
********************************************************************************
FINALTIME:	1570.05 seconds
********************************************************************************
