********************************************************************************
STREME - Sensitive, Thorough, Rapid, Enriched Motif Elicitation
********************************************************************************
MEME version 5.5.3 (Release date: Sat Jun 10 16:19:38 2023 -0700)

For further information on how to interpret these results please access http://localhost:8080/meme_5.5.3.
To get a copy of the MEME Suite software please access https://meme-suite.org.

********************************************************************************


********************************************************************************
REFERENCE
********************************************************************************
If you use this program in your research, please cite:

Timothy L. Bailey,
"STREME: accurate and versatile sequence motif discovery",
Bioinformatics, Mar. 24, 2021.
********************************************************************************


ALPHABET= ACGT

strands: + -

Background letter frequencies
A 0.264 C 0.236 G 0.236 T 0.264 

MOTIF 1-GACGTCAYH STREME-1
letter-probability matrix: alength= 4 w= 9 nsites= 12006 E= 1.3e-248
 0.012603 0.146035 0.593470 0.247892
 0.954149 0.000005 0.000005 0.045840
 0.000006 0.803256 0.000005 0.196733
 0.064646 0.000005 0.935343 0.000006
 0.000006 0.000005 0.000005 0.999984
 0.003263 0.996726 0.000005 0.000006
 0.999984 0.000005 0.000005 0.000006
 0.000006 0.341939 0.026446 0.631608
 0.288384 0.415819 0.078912 0.216885

MOTIF 2-KRTGASTCAYM STREME-2
letter-probability matrix: alength= 4 w= 11 nsites= 1423 E= 1.9e-025
 0.182967 0.093084 0.439736 0.284214
 0.439703 0.059715 0.500530 0.000052
 0.000052 0.008661 0.000047 0.991240
 0.000052 0.000047 0.999849 0.000052
 0.945722 0.026704 0.026839 0.000735
 0.000052 0.499948 0.499948 0.000052
 0.000735 0.026839 0.026704 0.945722
 0.000052 0.999849 0.000047 0.000052
 0.991240 0.000047 0.008661 0.000052
 0.000052 0.500530 0.059715 0.439703
 0.284214 0.439736 0.093084 0.182967

MOTIF 3-GGGGGCGGGG STREME-3
letter-probability matrix: alength= 4 w= 10 nsites= 2891 E= 1.5e-016
 0.229321 0.166533 0.539694 0.064452
 0.080214 0.006552 0.851684 0.061550
 0.206371 0.000031 0.793563 0.000035
 0.000035 0.000031 0.999900 0.000035
 0.000035 0.000031 0.999900 0.000035
 0.085741 0.790409 0.000031 0.123818
 0.009137 0.000320 0.990508 0.000035
 0.000035 0.000031 0.982544 0.017390
 0.085309 0.000031 0.906263 0.008397
 0.142076 0.035757 0.785364 0.036803

MOTIF 4-CCTGTAATCCCAGCA STREME-4
letter-probability matrix: alength= 4 w= 15 nsites= 520 E= 1.6e-016
 0.014387 0.940163 0.007230 0.038220
 0.004856 0.959229 0.004847 0.031068
 0.007239 0.016761 0.004847 0.971153
 0.050133 0.007230 0.933016 0.009622
 0.000091 0.011995 0.014378 0.973536
 0.961620 0.021529 0.009613 0.007239
 0.902007 0.002464 0.085907 0.009622
 0.009622 0.019143 0.004847 0.966388
 0.016771 0.935400 0.004847 0.042983
 0.004856 0.949696 0.002464 0.042983
 0.007239 0.928244 0.000081 0.064436
 0.978302 0.000081 0.009612 0.012004
 0.040603 0.002464 0.947311 0.009622
 0.007239 0.959229 0.007230 0.026302
 0.813808 0.004847 0.016761 0.164584

MOTIF 5-CCTCRGCCTCCCAAR STREME-5
letter-probability matrix: alength= 4 w= 15 nsites= 488 E= 4.1e-012
 0.020799 0.949117 0.000079 0.030005
 0.011594 0.935309 0.013886 0.039210
 0.000088 0.018489 0.000079 0.981345
 0.006992 0.738633 0.000079 0.254297
 0.491382 0.000079 0.424649 0.083891
 0.026356 0.000079 0.971176 0.002389
 0.000088 0.930707 0.018489 0.050717
 0.000088 0.944515 0.000079 0.055319
 0.009293 0.016187 0.002380 0.972140
 0.006991 0.933009 0.016188 0.043812
 0.004690 0.949118 0.004681 0.041511
 0.007946 0.860706 0.011585 0.119763
 0.751188 0.011585 0.225633 0.011593
 0.882780 0.009284 0.098644 0.009293
 0.623642 0.009284 0.355481 0.011594

MOTIF 6-ATCATCATCATCATC STREME-6
letter-probability matrix: alength= 4 w= 15 nsites= 1079 E= 1.3e-010
 0.999522 0.000153 0.000153 0.000171
 0.000171 0.000153 0.000153 0.999522
 0.000171 0.929668 0.000153 0.070007
 0.993494 0.006181 0.000153 0.000171
 0.050733 0.000153 0.000153 0.948960
 0.000171 0.954285 0.000153 0.045390
 0.999522 0.000153 0.000153 0.000171
 0.042451 0.112634 0.000153 0.844761
 0.000171 0.999504 0.000153 0.000171
 0.913813 0.051305 0.011775 0.023107
 0.000171 0.000153 0.000153 0.999522
 0.000171 0.999504 0.000153 0.000171
 0.982359 0.017317 0.000153 0.000171
 0.000171 0.045127 0.000153 0.954549
 0.000171 0.999504 0.000153 0.000171

MOTIF 7-CCGGAAGTGVC STREME-7
letter-probability matrix: alength= 4 w= 11 nsites= 692 E= 3.5e-010
 0.044797 0.758840 0.171466 0.024897
 0.071267 0.928583 0.000071 0.000079
 0.000079 0.000071 0.999772 0.000079
 0.000079 0.000071 0.999772 0.000079
 0.999780 0.000071 0.000071 0.000079
 0.950144 0.049707 0.000071 0.000079
 0.033004 0.000071 0.966846 0.000079
 0.005360 0.110177 0.000071 0.884392
 0.091225 0.072470 0.730985 0.105320
 0.393362 0.264074 0.300805 0.041759
 0.120105 0.524488 0.243979 0.111428

MOTIF 8-GCGCAKGCGCA STREME-8
letter-probability matrix: alength= 4 w= 11 nsites= 346 E= 1.9e-009
 0.161140 0.000138 0.830481 0.008241
 0.000154 0.999554 0.000138 0.000154
 0.000154 0.000138 0.999554 0.000154
 0.000154 0.999554 0.000138 0.000154
 0.999570 0.000138 0.000138 0.000154
 0.088985 0.204153 0.437732 0.269130
 0.006380 0.000138 0.981964 0.011518
 0.000154 0.999554 0.000138 0.000154
 0.000154 0.000138 0.999554 0.000154
 0.029236 0.869891 0.000138 0.100736
 0.614995 0.000138 0.299422 0.085445

MOTIF 9-AAAAAAAAAAAAA STREME-9
letter-probability matrix: alength= 4 w= 13 nsites= 859 E= 3.2e-009
 0.999781 0.000070 0.000070 0.000078
 0.999781 0.000070 0.000070 0.000078
 0.955352 0.019810 0.011789 0.013048
 0.870612 0.075923 0.043953 0.009512
 0.858125 0.130192 0.005569 0.006113
 0.705127 0.029288 0.000070 0.265515
 0.968351 0.031501 0.000070 0.000078
 0.679210 0.287795 0.014637 0.018358
 0.976529 0.007639 0.002913 0.012919
 0.844331 0.116705 0.007033 0.031930
 0.842729 0.086902 0.054182 0.016187
 0.999781 0.000070 0.000070 0.000078
 0.999781 0.000070 0.000070 0.000078

MOTIF 10-CYGATTGGCYG STREME-10
letter-probability matrix: alength= 4 w= 11 nsites= 932 E= 3.2e-009
 0.015620 0.783164 0.145498 0.055718
 0.000076 0.420611 0.057726 0.521586
 0.000076 0.196271 0.701494 0.102159
 0.999788 0.000068 0.000068 0.000076
 0.000076 0.000068 0.000068 0.999788
 0.000076 0.000068 0.000068 0.999788
 0.000076 0.000068 0.999780 0.000076
 0.000076 0.000068 0.999780 0.000076
 0.000076 0.720322 0.022018 0.257584
 0.022536 0.377427 0.058691 0.541345
 0.101550 0.266708 0.581324 0.050417

MOTIF 11-RTGASSTCAY STREME-11
letter-probability matrix: alength= 4 w= 10 nsites= 927 E= 3.5e-009
 0.609539 0.018715 0.371638 0.000108
 0.000108 0.000804 0.000097 0.998992
 0.000108 0.000097 0.996523 0.003273
 0.999699 0.000097 0.000097 0.000108
 0.000108 0.499892 0.325086 0.174914
 0.174914 0.325086 0.499892 0.000108
 0.000108 0.000097 0.000097 0.999699
 0.003273 0.996523 0.000097 0.000108
 0.998992 0.000097 0.000804 0.000108
 0.000108 0.371638 0.018715 0.609539

MOTIF 12-TCGTCATCA STREME-12
letter-probability matrix: alength= 4 w= 9 nsites= 1486 E= 2.5e-008
 0.000100 0.039776 0.315779 0.644345
 0.000100 0.752333 0.000090 0.247477
 0.000100 0.000090 0.999710 0.000100
 0.000100 0.000090 0.000090 0.999720
 0.000100 0.999710 0.000090 0.000100
 0.951664 0.000090 0.048147 0.000100
 0.000100 0.143626 0.015162 0.841112
 0.017647 0.954297 0.027956 0.000100
 0.781241 0.000090 0.218570 0.000100

MOTIF 13-CGTGAGCCACCGCGC STREME-13
letter-probability matrix: alength= 4 w= 15 nsites= 332 E= 1.5e-007
 0.013171 0.761523 0.006635 0.218671
 0.261089 0.016420 0.709319 0.013171
 0.013171 0.049038 0.009897 0.927894
 0.016433 0.019682 0.957237 0.006648
 0.962421 0.021035 0.006635 0.009909
 0.042527 0.013158 0.944190 0.000124
 0.013171 0.986593 0.000111 0.000124
 0.003386 0.940929 0.019682 0.036004
 0.972206 0.014512 0.006635 0.006648
 0.003386 0.940929 0.016420 0.039265
 0.019695 0.702805 0.022944 0.254556
 0.319802 0.000111 0.663654 0.016433
 0.029481 0.693014 0.006635 0.270871
 0.257823 0.026205 0.679968 0.036004
 0.003386 0.947452 0.013158 0.036004

MOTIF 14-CCCAGGCTGGAGTGC STREME-14
letter-probability matrix: alength= 4 w= 15 nsites= 324 E= 2.2e-007
 0.066620 0.866643 0.010616 0.056121
 0.015580 0.928181 0.014114 0.042124
 0.014128 0.940133 0.014115 0.031624
 0.970186 0.003618 0.022564 0.003632
 0.028124 0.010616 0.950631 0.010630
 0.007131 0.003618 0.989118 0.000133
 0.010630 0.971624 0.003618 0.014128
 0.000133 0.003618 0.000119 0.996129
 0.059615 0.000119 0.929636 0.010630
 0.028124 0.007117 0.950631 0.014128
 0.982134 0.000119 0.010616 0.007131
 0.063125 0.014115 0.915629 0.007131
 0.000133 0.014115 0.010616 0.975136
 0.066614 0.010616 0.915640 0.007131
 0.007131 0.961126 0.007117 0.024626

MOTIF 15-ACTACAAYTCCC STREME-15
letter-probability matrix: alength= 4 w= 12 nsites= 305 E= 4.5e-007
 0.990534 0.009232 0.000111 0.000123
 0.000123 0.998296 0.000111 0.001470
 0.000123 0.026692 0.000111 0.973074
 0.923458 0.034124 0.042294 0.000123
 0.001470 0.988562 0.006601 0.003368
 0.840581 0.031283 0.098809 0.029327
 0.684053 0.055291 0.044694 0.215962
 0.078008 0.470052 0.141009 0.310931
 0.003368 0.058521 0.007947 0.930164
 0.034542 0.923593 0.000111 0.041754
 0.000123 0.995051 0.000111 0.004714
 0.009858 0.986663 0.003356 0.000123

MOTIF 16-WGAGAYRGGGTYTC STREME-16
letter-probability matrix: alength= 4 w= 14 nsites= 299 E= 4.5e-007
 0.627718 0.012860 0.042874 0.316548
 0.021894 0.000109 0.977876 0.000121
 0.935903 0.012860 0.028800 0.022437
 0.019249 0.000109 0.980521 0.000121
 0.961406 0.022424 0.003297 0.012873
 0.003309 0.611212 0.003297 0.382182
 0.416706 0.000109 0.579878 0.003308
 0.092028 0.000109 0.901366 0.006497
 0.213180 0.000109 0.676855 0.109856
 0.194608 0.000109 0.766907 0.038376
 0.000121 0.000109 0.016048 0.983721
 0.000121 0.407120 0.003297 0.589462
 0.000121 0.003297 0.000109 0.996473
 0.012873 0.800671 0.000109 0.186347

MOTIF 17-GACCAGCCTGGCCAA STREME-17
letter-probability matrix: alength= 4 w= 15 nsites= 223 E= 1.8e-006
 0.025165 0.010161 0.954494 0.010180
 0.979488 0.000170 0.020151 0.000190
 0.005185 0.954494 0.020151 0.020170
 0.020170 0.934514 0.005165 0.040150
 0.989479 0.000170 0.005165 0.005185
 0.035157 0.020151 0.744622 0.200071
 0.010180 0.964484 0.000170 0.025165
 0.010180 0.959489 0.005165 0.025165
 0.015175 0.020150 0.015155 0.949519
 0.025165 0.005165 0.939509 0.030160
 0.170050 0.005165 0.814605 0.010180
 0.020170 0.794638 0.140046 0.045146
 0.000190 0.834536 0.005165 0.160108
 0.984484 0.005165 0.005165 0.005185
 0.959509 0.015156 0.015156 0.010180

MOTIF 18-GYAAACAA STREME-18
letter-probability matrix: alength= 4 w= 8 nsites= 5432 E= 5.7e-006
 0.289479 0.000097 0.710316 0.000108
 0.037609 0.464545 0.021488 0.476358
 0.962085 0.037710 0.000097 0.000108
 0.999698 0.000097 0.000097 0.000108
 0.988380 0.011415 0.000097 0.000108
 0.000108 0.754717 0.000097 0.245078
 0.999698 0.000097 0.000097 0.000108
 0.550877 0.207971 0.040033 0.201119

MOTIF 19-RRAGRAAR STREME-19
letter-probability matrix: alength= 4 w= 8 nsites= 9367 E= 2.4e-005
 0.652632 0.001365 0.345916 0.000087
 0.339008 0.000078 0.660827 0.000087
 0.999756 0.000078 0.000078 0.000087
 0.000087 0.000078 0.999747 0.000087
 0.324301 0.215832 0.459779 0.000087
 0.687807 0.000078 0.312028 0.000087
 0.999756 0.000078 0.000078 0.000087
 0.380697 0.000078 0.619137 0.000087

MOTIF 20-AGCTGAAAAATTCCT STREME-20
letter-probability matrix: alength= 4 w= 15 nsites= 228 E= 1.7e-004
 0.970220 0.000166 0.029428 0.000186
 0.092852 0.011944 0.895019 0.000186
 0.005063 0.931182 0.005043 0.058712
 0.000186 0.005043 0.000166 0.994605
 0.085121 0.005043 0.895020 0.014816
 0.936080 0.009920 0.044060 0.009939
 0.940958 0.009920 0.039182 0.009939
 0.975097 0.005043 0.019674 0.000186
 0.965343 0.019674 0.005043 0.009940
 0.867800 0.039182 0.044060 0.048958
 0.000186 0.034306 0.024551 0.940957
 0.005063 0.024551 0.014797 0.955589
 0.024570 0.826734 0.000166 0.148530
 0.014816 0.911677 0.000166 0.073340
 0.009939 0.058691 0.000166 0.931203

MOTIF 21-ATGACG STREME-21
letter-probability matrix: alength= 4 w= 6 nsites= 1035 E= 7.6e-004
 0.933055 0.021491 0.021491 0.023964
 0.023964 0.021491 0.021491 0.933055
 0.023964 0.021491 0.930582 0.023964
 0.933055 0.021491 0.021491 0.023964
 0.023964 0.930582 0.021491 0.023964
 0.023964 0.021491 0.930582 0.023964

MOTIF 22-YTCAAGYGATCCTCC STREME-22
letter-probability matrix: alength= 4 w= 15 nsites= 181 E= 1.9e-003
 0.000231 0.652936 0.000207 0.346626
 0.000231 0.006284 0.000207 0.993278
 0.000231 0.938567 0.012360 0.048842
 0.999354 0.000207 0.000207 0.000231
 0.883897 0.012360 0.103512 0.000231
 0.118204 0.000207 0.857052 0.024536
 0.012384 0.407356 0.006284 0.573976
 0.200760 0.000207 0.786649 0.012384
 0.999354 0.000207 0.000207 0.000231
 0.000231 0.006284 0.000207 0.993278
 0.006307 0.674720 0.000207 0.318765
 0.000231 0.944642 0.006284 0.048843
 0.146075 0.000207 0.097431 0.756287
 0.000231 0.950720 0.006284 0.042765
 0.000231 0.938567 0.000207 0.060994

MOTIF 23-ACAGTGCCTGGYACA STREME-23
letter-probability matrix: alength= 4 w= 15 nsites= 184 E= 2.4e-003
 0.808601 0.046915 0.100286 0.044198
 0.034847 0.745860 0.046915 0.172378
 0.943396 0.000160 0.042240 0.014205
 0.128358 0.042240 0.819874 0.009529
 0.042258 0.065617 0.043383 0.848742
 0.119007 0.018862 0.771178 0.090953
 0.000178 0.871305 0.018862 0.109656
 0.020820 0.890007 0.000160 0.089014
 0.079662 0.051591 0.000160 0.868587
 0.212518 0.009511 0.745064 0.032907
 0.149000 0.000160 0.815994 0.034847
 0.016144 0.595447 0.046915 0.341494
 0.829243 0.028213 0.074969 0.067575
 0.014205 0.857278 0.004835 0.123682
 0.782487 0.032888 0.093671 0.090953

MOTIF 24-AGGAGTTCGA STREME-24
letter-probability matrix: alength= 4 w= 10 nsites= 212 E= 5.9e-003
 0.953747 0.007266 0.034454 0.004534
 0.012054 0.036018 0.948746 0.003182
 0.014319 0.000240 0.978148 0.007293
 0.990554 0.007266 0.001592 0.000589
 0.015310 0.007266 0.973362 0.004062
 0.142469 0.000893 0.002342 0.854296
 0.000267 0.000893 0.014292 0.984548
 0.013365 0.740512 0.014206 0.231918
 0.209658 0.009847 0.773208 0.007287
 0.990509 0.003154 0.003154 0.003182

MOTIF 25-CAGTGAGCYRAGAT STREME-25
letter-probability matrix: alength= 4 w= 14 nsites= 182 E= 1.5e-002
 0.005487 0.978273 0.005466 0.010773
 0.941292 0.000180 0.031897 0.026631
 0.005487 0.016038 0.978273 0.000201
 0.031917 0.016038 0.053040 0.899004
 0.042490 0.021325 0.935985 0.000201
 0.988866 0.005466 0.005466 0.000201
 0.037204 0.053041 0.904268 0.005487
 0.010773 0.941271 0.000180 0.047776
 0.042490 0.576506 0.031897 0.349108
 0.401975 0.000180 0.597643 0.000201
 0.735128 0.016038 0.021324 0.227509
 0.053062 0.005466 0.930698 0.010773
 0.930720 0.026610 0.042468 0.000201
 0.010773 0.047755 0.005466 0.936005

MOTIF 26-CGTCAC STREME-26
letter-probability matrix: alength= 4 w= 6 nsites= 1469 E= 1.7e-002
 0.023964 0.930582 0.021491 0.023964
 0.023964 0.021491 0.930582 0.023964
 0.023964 0.021491 0.021491 0.933055
 0.023964 0.930582 0.021491 0.023964
 0.933055 0.021491 0.021491 0.023964
 0.023964 0.930582 0.021491 0.023964

MOTIF 27-AAGATGGCGGC STREME-27
letter-probability matrix: alength= 4 w= 11 nsites= 167 E= 2.3e-002
 0.975964 0.023478 0.000264 0.000294
 0.999177 0.000264 0.000264 0.000294
 0.000294 0.232631 0.735828 0.031246
 0.982610 0.000264 0.016831 0.000294
 0.000294 0.000264 0.000264 0.999177
 0.000294 0.008002 0.991409 0.000294
 0.015770 0.000264 0.983672 0.000294
 0.000294 0.999147 0.000264 0.000294
 0.000294 0.144762 0.823755 0.031189
 0.100890 0.000264 0.846881 0.051964
 0.128277 0.801522 0.000264 0.069937

MOTIF 28-AGAGAAATGCAAATC STREME-28
letter-probability matrix: alength= 4 w= 15 nsites= 104 E= 3.0e-002
 0.935154 0.010982 0.010982 0.042882
 0.021639 0.032221 0.892638 0.053501
 0.786475 0.010982 0.202139 0.000404
 0.000404 0.010982 0.977590 0.011024
 0.977632 0.000362 0.021601 0.000404
 0.988252 0.010982 0.000362 0.000404
 0.967013 0.021601 0.010982 0.000404
 0.000404 0.042841 0.000362 0.956393
 0.053502 0.000362 0.924493 0.021643
 0.032263 0.903254 0.010982 0.053501
 0.988252 0.000362 0.000362 0.011024
 0.956393 0.000362 0.032221 0.011024
 0.913915 0.010982 0.053460 0.021643
 0.011024 0.021601 0.042840 0.924535
 0.000404 0.743956 0.032222 0.223418

MOTIF 29-TATAATCTTATGGGA STREME-29
letter-probability matrix: alength= 4 w= 15 nsites= 216 E= 4.7e-002
 0.036062 0.041167 0.010423 0.912348
 0.840613 0.005299 0.138521 0.015567
 0.025815 0.025795 0.010423 0.937968
 0.943092 0.015547 0.020670 0.020691
 0.973836 0.000175 0.020671 0.005319
 0.005319 0.030918 0.005299 0.958464
 0.041186 0.866213 0.025794 0.066807
 0.010443 0.036043 0.041166 0.912348
 0.005319 0.077034 0.010423 0.907224
 0.902103 0.041166 0.046288 0.010443
 0.005319 0.133398 0.056538 0.804745
 0.133417 0.010423 0.850841 0.005319
 0.143667 0.010423 0.820096 0.025815
 0.112920 0.036042 0.814975 0.036063
 0.907225 0.005299 0.071910 0.015567

MOTIF 30-RGWAACWR STREME-30
letter-probability matrix: alength= 4 w= 8 nsites= 7855 E= 6.0e-002
 0.544850 0.000092 0.454955 0.000102
 0.000102 0.000092 0.999703 0.000102
 0.485152 0.185435 0.000092 0.329322
 0.999714 0.000092 0.000092 0.000102
 0.776346 0.000092 0.223460 0.000102
 0.000102 0.704453 0.000092 0.295353
 0.551007 0.171848 0.000092 0.277053
 0.389182 0.000092 0.610623 0.000102

MOTIF 31-GACYRCATATATGA STREME-31
letter-probability matrix: alength= 4 w= 14 nsites= 126 E= 6.1e-002
 0.105020 0.000298 0.894350 0.000332
 0.999073 0.000298 0.000298 0.000332
 0.009056 0.903076 0.000298 0.087571
 0.035227 0.541732 0.000298 0.422743
 0.585388 0.009021 0.387811 0.017780
 0.009056 0.911801 0.000298 0.078846
 0.955454 0.017745 0.017745 0.009056
 0.000332 0.012640 0.000298 0.986730
 0.949542 0.000298 0.049828 0.000332
 0.000332 0.009021 0.000298 0.990349
 0.964177 0.009021 0.017746 0.009056
 0.052674 0.274091 0.043917 0.629318
 0.237554 0.043916 0.709474 0.009056
 0.972901 0.000298 0.026469 0.000332

MOTIF 32-AAAACCACAATGAGA STREME-32
letter-probability matrix: alength= 4 w= 15 nsites= 100 E= 6.1e-002
 0.976699 0.011440 0.011440 0.000421
 0.954574 0.033565 0.000378 0.011484
 0.921386 0.033565 0.011440 0.033609
 0.932449 0.011440 0.033565 0.022546
 0.044671 0.899217 0.011440 0.044672
 0.144235 0.750813 0.033565 0.071387
 0.943511 0.044628 0.011440 0.000421
 0.055734 0.888155 0.000378 0.055734
 0.954574 0.033565 0.000378 0.011484
 0.855010 0.011440 0.133129 0.000421
 0.011484 0.033565 0.022503 0.932449
 0.088922 0.011440 0.877092 0.022546
 0.888199 0.011440 0.033565 0.066796
 0.033609 0.088878 0.790476 0.087038
 0.934333 0.027092 0.022503 0.016073

MOTIF 33-TTTTAAAA STREME-33
letter-probability matrix: alength= 4 w= 8 nsites= 338 E= 1.7e-001
 0.023964 0.021491 0.021491 0.933055
 0.023964 0.021491 0.021491 0.933055
 0.023964 0.021491 0.021491 0.933055
 0.023964 0.021491 0.021491 0.933055
 0.933055 0.021491 0.021491 0.023964
 0.933055 0.021491 0.021491 0.023964
 0.933055 0.021491 0.021491 0.023964
 0.933055 0.021491 0.021491 0.023964

MOTIF 34-ATTAGCYGGGCRT STREME-34
letter-probability matrix: alength= 4 w= 13 nsites= 84 E= 2.4e-001
 0.930608 0.000429 0.043348 0.025615
 0.000478 0.038134 0.000429 0.960958
 0.000478 0.000429 0.012997 0.986095
 0.973527 0.012997 0.012997 0.000478
 0.025615 0.000429 0.935772 0.038183
 0.000478 0.998614 0.000429 0.000478
 0.013047 0.440357 0.000429 0.546167
 0.251866 0.000429 0.747227 0.000478
 0.000478 0.000429 0.998614 0.000478
 0.000478 0.000429 0.998614 0.000478
 0.013047 0.792301 0.012997 0.181655
 0.540963 0.000429 0.445562 0.013047
 0.025615 0.050703 0.000429 0.923253

MOTIF 35-GACAGAGTGAGACTC STREME-35
letter-probability matrix: alength= 4 w= 15 nsites= 88 E= 2.4e-001
 0.146886 0.000454 0.838847 0.013813
 0.958664 0.040375 0.000454 0.000506
 0.027121 0.918690 0.027069 0.027121
 0.971971 0.000454 0.000454 0.027121
 0.013813 0.040375 0.945305 0.000506
 0.945356 0.027069 0.027068 0.000506
 0.040428 0.027068 0.931998 0.000506
 0.000506 0.053682 0.000454 0.945357
 0.080349 0.066990 0.852155 0.000506
 0.958664 0.000454 0.040375 0.000506
 0.040428 0.080297 0.878769 0.000506
 0.985278 0.000454 0.013761 0.000506
 0.000506 0.958612 0.000454 0.040428
 0.013813 0.266606 0.013761 0.705819
 0.013813 0.798926 0.106911 0.080349

MOTIF 36-ATCACCAACACCA STREME-36
letter-probability matrix: alength= 4 w= 13 nsites= 90 E= 2.4e-001
 0.978305 0.000669 0.020279 0.000747
 0.020363 0.084203 0.000669 0.894765
 0.000747 0.871991 0.008807 0.118456
 0.997915 0.000669 0.000669 0.000747
 0.059598 0.742790 0.000669 0.196943
 0.000747 0.958603 0.000669 0.039981
 0.997915 0.000669 0.000669 0.000747
 0.997915 0.000669 0.000669 0.000747
 0.000747 0.997837 0.000669 0.000747
 0.978298 0.020286 0.000669 0.000747
 0.000747 0.938986 0.000669 0.059598
 0.039980 0.958604 0.000669 0.000747
 0.978298 0.020286 0.000669 0.000747

MOTIF 37-CCTCCCAAAG STREME-37
letter-probability matrix: alength= 4 w= 10 nsites= 74 E= 2.4e-001
 0.023964 0.930582 0.021491 0.023964
 0.023964 0.930582 0.021491 0.023964
 0.023964 0.021491 0.021491 0.933055
 0.023964 0.930582 0.021491 0.023964
 0.023964 0.930582 0.021491 0.023964
 0.023964 0.930582 0.021491 0.023964
 0.933055 0.021491 0.021491 0.023964
 0.933055 0.021491 0.021491 0.023964
 0.933055 0.021491 0.021491 0.023964
 0.023964 0.021491 0.930582 0.023964

MOTIF 38-ACACACACACACAC STREME-38
letter-probability matrix: alength= 4 w= 14 nsites= 295 E= 2.5e-001
 0.972649 0.000265 0.026790 0.000296
 0.000296 0.904799 0.000265 0.094640
 0.953336 0.009603 0.000265 0.036795
 0.000296 0.915157 0.000265 0.084282
 0.999174 0.000265 0.000265 0.000296
 0.000296 0.910635 0.088774 0.000296
 0.817916 0.002852 0.070820 0.108411
 0.046896 0.772037 0.023634 0.157434
 0.878624 0.000265 0.120816 0.000296
 0.000296 0.833206 0.098457 0.068041
 0.930617 0.000265 0.023363 0.045754
 0.000296 0.963984 0.000265 0.035456
 0.995558 0.003882 0.000265 0.000296
 0.053910 0.938271 0.007523 0.000296

MOTIF 39-ACCAGCATCACC STREME-39
letter-probability matrix: alength= 4 w= 12 nsites= 249 E= 3.9e-001
 0.999338 0.000212 0.000212 0.000237
 0.067463 0.806394 0.125906 0.000237
 0.009824 0.954869 0.002795 0.032512
 0.965623 0.000212 0.033927 0.000237
 0.260118 0.000212 0.739433 0.000237
 0.013265 0.921767 0.034662 0.030306
 0.999338 0.000212 0.000212 0.000237
 0.065080 0.061387 0.061947 0.811586
 0.001435 0.935852 0.000212 0.062500
 0.881033 0.025118 0.093612 0.000237
 0.060055 0.845217 0.022255 0.072473
 0.000237 0.950098 0.000212 0.049452

MOTIF 40-CCAAAGTCCA STREME-40
letter-probability matrix: alength= 4 w= 10 nsites= 240 E= 4.2e-001
 0.000371 0.936097 0.000333 0.063200
 0.000371 0.993660 0.005598 0.000371
 0.789123 0.043436 0.145273 0.022168
 0.888163 0.000333 0.111134 0.000371
 0.963731 0.002299 0.033599 0.000371
 0.000371 0.000333 0.998925 0.000371
 0.000371 0.000333 0.104801 0.894495
 0.010102 0.836500 0.044993 0.108404
 0.000371 0.929818 0.059708 0.010104
 0.851435 0.024183 0.040697 0.083684

MOTIF 41-CTCTGC STREME-41
letter-probability matrix: alength= 4 w= 6 nsites= 2723 E= 4.7e-001
 0.023964 0.930582 0.021491 0.023964
 0.023964 0.021491 0.021491 0.933055
 0.023964 0.930582 0.021491 0.023964
 0.023964 0.021491 0.021491 0.933055
 0.023964 0.021491 0.930582 0.023964
 0.023964 0.930582 0.021491 0.023964

MOTIF 42-TCTCAAAAGAAGA STREME-42
letter-probability matrix: alength= 4 w= 13 nsites= 64 E= 4.9e-001
 0.035660 0.000597 0.000597 0.963146
 0.000666 0.875590 0.053089 0.070656
 0.070650 0.000597 0.000597 0.928156
 0.018163 0.963077 0.018094 0.000666
 0.735681 0.193069 0.053088 0.018163
 0.945649 0.000597 0.035591 0.018163
 0.998140 0.000597 0.000597 0.000666
 0.998140 0.000597 0.000597 0.000666
 0.000666 0.018094 0.858091 0.123149
 0.963145 0.000597 0.035592 0.000666
 0.980643 0.000597 0.018094 0.000666
 0.000666 0.000597 0.893085 0.105652
 0.980643 0.000597 0.000597 0.018163

MOTIF 43-GATGATTCCATTTGA STREME-43
letter-probability matrix: alength= 4 w= 15 nsites= 52 E= 4.9e-001
 0.000959 0.000860 0.997223 0.000959
 0.997322 0.000860 0.000860 0.000959
 0.000959 0.000860 0.000860 0.997322
 0.000959 0.000860 0.972028 0.026153
 0.997322 0.000860 0.000860 0.000959
 0.026153 0.000860 0.000860 0.972127
 0.000959 0.000860 0.026054 0.972127
 0.026154 0.972028 0.000860 0.000959
 0.026154 0.972027 0.000860 0.000959
 0.896541 0.000860 0.051249 0.051350
 0.000959 0.026054 0.000860 0.972127
 0.000959 0.026054 0.026054 0.946933
 0.152141 0.000860 0.051251 0.795748
 0.000959 0.000860 0.997223 0.000959
 0.946932 0.000860 0.051249 0.000959

MOTIF 44-AGGAAG STREME-44
letter-probability matrix: alength= 4 w= 6 nsites= 1841 E= 6.5e-001
 0.933055 0.021491 0.021491 0.023964
 0.023964 0.021491 0.930582 0.023964
 0.023964 0.021491 0.930582 0.023964
 0.933055 0.021491 0.021491 0.023964
 0.933055 0.021491 0.021491 0.023964
 0.023964 0.021491 0.930582 0.023964

MOTIF 45-CGAATGGAATCATCA STREME-45
letter-probability matrix: alength= 4 w= 15 nsites= 73 E= 6.7e-001
 0.023964 0.930582 0.021491 0.023964
 0.023964 0.021491 0.930582 0.023964
 0.933055 0.021491 0.021491 0.023964
 0.933055 0.021491 0.021491 0.023964
 0.023964 0.021491 0.021491 0.933055
 0.023964 0.021491 0.930582 0.023964
 0.023964 0.021491 0.930582 0.023964
 0.933055 0.021491 0.021491 0.023964
 0.933055 0.021491 0.021491 0.023964
 0.023964 0.021491 0.021491 0.933055
 0.023964 0.930582 0.021491 0.023964
 0.933055 0.021491 0.021491 0.023964
 0.023964 0.021491 0.021491 0.933055
 0.023964 0.930582 0.021491 0.023964
 0.933055 0.021491 0.021491 0.023964

MOTIF 46-CTCACTGCAGCC STREME-46
letter-probability matrix: alength= 4 w= 12 nsites= 82 E= 6.7e-001
 0.032132 0.770712 0.030679 0.166478
 0.052071 0.000515 0.000515 0.946900
 0.000574 0.916677 0.082175 0.000574
 0.922987 0.030678 0.000515 0.045821
 0.000574 0.899467 0.052011 0.047947
 0.000574 0.015596 0.000515 0.983315
 0.000574 0.000515 0.998337 0.000574
 0.000574 0.907842 0.000515 0.091069
 0.983320 0.015591 0.000515 0.000574
 0.293400 0.000515 0.705511 0.000574
 0.000574 0.998337 0.000515 0.000574
 0.040957 0.957955 0.000515 0.000574

MOTIF 47-CGGCGGCGGCGGC STREME-47
letter-probability matrix: alength= 4 w= 13 nsites= 142 E= 7.0e-001
 0.000260 0.999246 0.000233 0.000260
 0.000260 0.078444 0.921036 0.000260
 0.071484 0.013910 0.858319 0.056286
 0.000260 0.889826 0.000233 0.109680
 0.108511 0.000233 0.890995 0.000260
 0.052765 0.000233 0.939903 0.007099
 0.000260 0.944536 0.000233 0.054971
 0.013938 0.115328 0.817969 0.052765
 0.061809 0.013910 0.906925 0.017356
 0.000260 0.930858 0.000233 0.068648
 0.085553 0.027588 0.856406 0.030453
 0.000260 0.075457 0.896668 0.027615
 0.000260 0.879540 0.081995 0.038205

MOTIF 48-CCCWGCCCC STREME-48
letter-probability matrix: alength= 4 w= 9 nsites= 2305 E= 7.7e-001
 0.000202 0.958769 0.000181 0.040848
 0.000202 0.999415 0.000181 0.000202
 0.000202 0.999415 0.000181 0.000202
 0.549698 0.000181 0.079951 0.370171
 0.232329 0.000181 0.711346 0.056144
 0.000202 0.945932 0.053664 0.000202
 0.116022 0.727834 0.000181 0.155963
 0.000202 0.999415 0.000181 0.000202
 0.055593 0.608697 0.070040 0.265670

MOTIF 49-CTTCCC STREME-49
letter-probability matrix: alength= 4 w= 6 nsites= 2013 E= 9.0e-001
 0.023964 0.930582 0.021491 0.023964
 0.023964 0.021491 0.021491 0.933055
 0.023964 0.021491 0.021491 0.933055
 0.023964 0.930582 0.021491 0.023964
 0.023964 0.930582 0.021491 0.023964
 0.023964 0.930582 0.021491 0.023964

MOTIF 50-TATAAAAGTATAGC STREME-50
letter-probability matrix: alength= 4 w= 14 nsites= 79 E= 9.8e-001
 0.000513 0.054408 0.000460 0.944618
 0.890672 0.000460 0.094868 0.014000
 0.014000 0.067893 0.000460 0.917647
 0.877186 0.000460 0.108354 0.014000
 0.917647 0.027433 0.027433 0.027486
 0.998566 0.000460 0.000460 0.000513
 0.985080 0.000460 0.000460 0.014000
 0.081433 0.027433 0.877134 0.014000
 0.067947 0.000460 0.000460 0.931133
 0.796259 0.135334 0.067894 0.000513
 0.000513 0.094869 0.027433 0.877184
 0.985080 0.000460 0.013947 0.000513
 0.067948 0.013947 0.863646 0.054459
 0.054459 0.890621 0.013947 0.040973

MOTIF 51-CATTCTAACTGGTG STREME-51
letter-probability matrix: alength= 4 w= 14 nsites= 65 E= 9.8e-001
 0.017852 0.929314 0.000587 0.052247
 0.946579 0.000587 0.000587 0.052247
 0.000654 0.000587 0.000587 0.998172
 0.000654 0.069378 0.052180 0.877788
 0.000654 0.980907 0.000587 0.017852
 0.000654 0.069377 0.000587 0.929381
 0.877788 0.000587 0.069378 0.052247
 0.929379 0.000587 0.069379 0.000654
 0.000654 0.671344 0.000587 0.327414
 0.275819 0.000587 0.000587 0.723007
 0.000654 0.000587 0.998104 0.000654
 0.000654 0.000587 0.980907 0.017852
 0.000654 0.258559 0.000587 0.740200
 0.275823 0.000587 0.705738 0.017852

MOTIF 52-AGGAAA STREME-52
letter-probability matrix: alength= 4 w= 6 nsites= 2054 E= 1.1e+000
 0.933055 0.021491 0.021491 0.023964
 0.023964 0.021491 0.930582 0.023964
 0.023964 0.021491 0.930582 0.023964
 0.933055 0.021491 0.021491 0.023964
 0.933055 0.021491 0.021491 0.023964
 0.933055 0.021491 0.021491 0.023964

MOTIF 53-AGTAATGCATTGYRC STREME-53
letter-probability matrix: alength= 4 w= 15 nsites= 127 E= 1.2e+000
 0.956412 0.000291 0.017364 0.025933
 0.085688 0.017364 0.871015 0.025933
 0.000325 0.051508 0.034436 0.913731
 0.956412 0.008827 0.017364 0.017397
 0.964948 0.000291 0.034436 0.000325
 0.017397 0.000291 0.008827 0.973484
 0.068614 0.000291 0.930770 0.000325
 0.034470 0.717359 0.000291 0.247880
 0.666175 0.060045 0.213702 0.060078
 0.000325 0.042972 0.008827 0.947875
 0.000325 0.008827 0.000291 0.990556
 0.077150 0.000291 0.879553 0.043006
 0.025934 0.452734 0.025900 0.495432
 0.444231 0.008827 0.486863 0.060078
 0.008861 0.871015 0.000291 0.119832

MOTIF 54-TAAWAATA STREME-54
letter-probability matrix: alength= 4 w= 8 nsites= 587 E= 1.4e+000
 0.001025 0.000919 0.000919 0.997137
 0.997137 0.000919 0.000919 0.001025
 0.997137 0.000919 0.000919 0.001025
 0.528547 0.011636 0.000919 0.458897
 0.997137 0.000919 0.000919 0.001025
 0.997137 0.000919 0.000919 0.001025
 0.001025 0.000919 0.000919 0.997137
 0.997137 0.000919 0.000919 0.001025

MOTIF 55-CTTTGCW STREME-55
letter-probability matrix: alength= 4 w= 7 nsites= 2774 E= 1.9e+000
 0.043234 0.936370 0.020006 0.000390
 0.031393 0.006910 0.001745 0.959952
 0.001582 0.143319 0.000350 0.854750
 0.041518 0.005081 0.018113 0.935288
 0.005273 0.000350 0.993987 0.000390
 0.000390 0.885673 0.014366 0.099571
 0.291689 0.209926 0.003142 0.495243

MOTIF 56-CTATGAC STREME-56
letter-probability matrix: alength= 4 w= 7 nsites= 525 E= 1.9e+000
 0.023964 0.930582 0.021491 0.023964
 0.023964 0.021491 0.021491 0.933055
 0.933055 0.021491 0.021491 0.023964
 0.023964 0.021491 0.021491 0.933055
 0.023964 0.021491 0.930582 0.023964
 0.933055 0.021491 0.021491 0.023964
 0.023964 0.930582 0.021491 0.023964

MOTIF 57-ACCTACTGCACTGC STREME-57
letter-probability matrix: alength= 4 w= 14 nsites= 67 E= 1.9e+000
 0.981908 0.000558 0.016912 0.000622
 0.000622 0.883723 0.016912 0.098743
 0.000622 0.949137 0.000558 0.049683
 0.000622 0.016912 0.000558 0.981908
 0.965555 0.000558 0.016912 0.016976
 0.000622 0.949136 0.000558 0.049683
 0.000622 0.049619 0.016912 0.932847
 0.131450 0.016912 0.834663 0.016976
 0.016976 0.720161 0.000558 0.262305
 0.736579 0.000558 0.245887 0.016976
 0.000622 0.916428 0.000558 0.082391
 0.016976 0.000558 0.000558 0.981908
 0.066037 0.000558 0.900076 0.033329
 0.016976 0.965490 0.016912 0.000622

MOTIF 58-ATCTGTAAAATGG STREME-58
letter-probability matrix: alength= 4 w= 13 nsites= 89 E= 1.9e+000
 0.974183 0.000418 0.024933 0.000466
 0.061747 0.061704 0.000418 0.876130
 0.039597 0.954434 0.000418 0.005551
 0.000466 0.000418 0.000418 0.998697
 0.140381 0.000418 0.846478 0.012723
 0.000466 0.147508 0.012675 0.839350
 0.900638 0.012675 0.061706 0.024981
 0.937411 0.012675 0.049447 0.000466
 0.900641 0.049447 0.049446 0.000466
 0.932331 0.000418 0.066784 0.000466
 0.000466 0.000418 0.000418 0.998697
 0.110776 0.000418 0.851568 0.037237
 0.152638 0.037185 0.809711 0.000466

MOTIF 59-GACCTCGTGATC STREME-59
letter-probability matrix: alength= 4 w= 12 nsites= 49 E= 1.9e+000
 0.062026 0.009166 0.928030 0.000777
 0.875329 0.000697 0.123197 0.000777
 0.000777 0.997749 0.000697 0.000777
 0.000777 0.997749 0.000697 0.000777
 0.000777 0.000697 0.000697 0.997829
 0.041609 0.732330 0.000697 0.225364
 0.000777 0.000697 0.956917 0.041609
 0.123275 0.000697 0.000697 0.875331
 0.000777 0.000697 0.936500 0.062026
 0.997829 0.000697 0.000697 0.000777
 0.000777 0.123197 0.041529 0.834497
 0.000777 0.948447 0.009166 0.041609

MOTIF 60-TCTCGCGAGAHY STREME-60
letter-probability matrix: alength= 4 w= 12 nsites= 64 E= 3.9e+000
 0.017165 0.165926 0.083244 0.733665
 0.281745 0.700526 0.017100 0.000629
 0.000629 0.073568 0.033636 0.892166
 0.000629 0.998177 0.000564 0.000629
 0.000629 0.017100 0.981641 0.000629
 0.000629 0.998177 0.000564 0.000629
 0.017165 0.000564 0.981641 0.000629
 0.998242 0.000564 0.000564 0.000629
 0.033701 0.066710 0.898960 0.000629
 0.991382 0.000564 0.007424 0.000629
 0.338202 0.281679 0.164516 0.215602
 0.000629 0.463572 0.058437 0.477362

MOTIF 61-CATTTCTCAGAA STREME-61
letter-probability matrix: alength= 4 w= 12 nsites= 90 E= 8.3e+000
 0.013890 0.891474 0.013838 0.080798
 0.952882 0.000457 0.046152 0.000509
 0.013886 0.000457 0.013838 0.971820
 0.027272 0.027220 0.000457 0.945052
 0.126496 0.013838 0.000457 0.859209
 0.040654 0.958380 0.000457 0.000509
 0.040654 0.179977 0.000457 0.778912
 0.084064 0.873589 0.000457 0.041890
 0.931670 0.013838 0.013838 0.040654
 0.065136 0.013833 0.920521 0.000509
 0.952881 0.000457 0.040602 0.006060
 0.971815 0.000457 0.027220 0.000509

MOTIF 62-ACTCCRTCTC STREME-62
letter-probability matrix: alength= 4 w= 10 nsites= 79 E= 1.4e+001
 0.998071 0.000619 0.000619 0.000691
 0.000691 0.997999 0.000619 0.000691
 0.000691 0.000619 0.000619 0.998071
 0.000691 0.967555 0.000619 0.031135
 0.000691 0.997999 0.000619 0.000691
 0.558489 0.000619 0.440201 0.000691
 0.073271 0.000619 0.000619 0.925490
 0.000691 0.997999 0.000619 0.000691
 0.000691 0.000619 0.026289 0.972401
 0.000691 0.997999 0.000619 0.000691

********************************************************************************
Stopped because 3 consecutive motifs exceeded the p-value threshold (0.05).
********************************************************************************
COMMAND:	streme --verbosity 1 --oc meme_out_incomplete_DL/HepG2_CREB1-human_ENCFF852AAQ/streme_out -dna --seed 0 --p meme_out_incomplete_DL/HepG2_CREB1-human_ENCFF852AAQ/seqs-centered --minw 6 --maxw 15 --time 6168 --order 2 --thresh 0.05 --align center --totallength 4000000 --parse-genomic-coord
********************************************************************************
CPU:		9f05ee173ae9
********************************************************************************
FINALTIME:	2776.00 seconds
********************************************************************************
