********************************************************************************
STREME - Sensitive, Thorough, Rapid, Enriched Motif Elicitation
********************************************************************************
MEME version 5.5.3 (Release date: Sat Jun 10 16:19:38 2023 -0700)

For further information on how to interpret these results please access http://localhost:8080/meme_5.5.3.
To get a copy of the MEME Suite software please access https://meme-suite.org.

********************************************************************************


********************************************************************************
REFERENCE
********************************************************************************
If you use this program in your research, please cite:

Timothy L. Bailey,
"STREME: accurate and versatile sequence motif discovery",
Bioinformatics, Mar. 24, 2021.
********************************************************************************


ALPHABET= ACGT

strands: + -

Background letter frequencies
A 0.246 C 0.254 G 0.254 T 0.246 

MOTIF 1-DGTTAATNATTAACH STREME-1
letter-probability matrix: alength= 4 w= 15 nsites= 1009 E= 8.8e-027
 0.358616 0.054800 0.357765 0.228820
 0.156061 0.024016 0.755183 0.064740
 0.022251 0.065862 0.044982 0.866905
 0.114946 0.084459 0.028969 0.771626
 0.975091 0.000038 0.021219 0.003653
 0.893981 0.071847 0.002104 0.032067
 0.133544 0.024319 0.005720 0.836416
 0.171769 0.328231 0.328231 0.171769
 0.836416 0.005720 0.024319 0.133544
 0.032067 0.002104 0.071847 0.893981
 0.003653 0.021219 0.000038 0.975091
 0.771626 0.028969 0.084459 0.114946
 0.866905 0.044982 0.065862 0.022251
 0.064740 0.755183 0.024016 0.156061
 0.228820 0.357765 0.054800 0.358616

MOTIF 2-VGGGGGCGGGGCSG STREME-2
letter-probability matrix: alength= 4 w= 14 nsites= 526 E= 2.4e-005
 0.303021 0.334187 0.255269 0.107522
 0.072000 0.190386 0.737533 0.000081
 0.070780 0.000084 0.852097 0.077040
 0.126125 0.039801 0.829432 0.004642
 0.000081 0.000084 0.999755 0.000081
 0.032955 0.016051 0.948633 0.002361
 0.104994 0.804005 0.000084 0.090917
 0.000081 0.000084 0.999755 0.000081
 0.002361 0.000084 0.898461 0.099094
 0.133304 0.000084 0.825675 0.040938
 0.025168 0.009206 0.949580 0.016046
 0.168658 0.686357 0.097011 0.047974
 0.016045 0.534661 0.315989 0.133304
 0.173028 0.088643 0.551809 0.186520

MOTIF 3-AGCAAACA STREME-3
letter-probability matrix: alength= 4 w= 8 nsites= 453 E= 5.7e-003
 0.879335 0.000493 0.000493 0.119678
 0.249859 0.000493 0.749170 0.000477
 0.000477 0.934914 0.000493 0.064116
 0.998536 0.000493 0.000493 0.000477
 0.998536 0.000493 0.000493 0.000477
 0.998536 0.000493 0.000493 0.000477
 0.000477 0.740595 0.054911 0.204017
 0.922099 0.057280 0.020145 0.000477

MOTIF 4-ATATTTAC STREME-4
letter-probability matrix: alength= 4 w= 8 nsites= 708 E= 6.9e-003
 0.687785 0.000493 0.249696 0.062026
 0.000476 0.059675 0.000493 0.939356
 0.920260 0.000493 0.078771 0.000476
 0.000476 0.024511 0.022374 0.952639
 0.000476 0.121793 0.000493 0.877238
 0.115254 0.000493 0.084246 0.800007
 0.891898 0.000493 0.063904 0.043706
 0.000476 0.944225 0.000493 0.054806

MOTIF 5-CCAAAGTCCA STREME-5
letter-probability matrix: alength= 4 w= 10 nsites= 229 E= 1.2e-002
 0.214497 0.538664 0.123635 0.123205
 0.000203 0.802248 0.054033 0.143516
 0.923594 0.062186 0.000210 0.014010
 0.961991 0.000210 0.000210 0.037590
 0.870242 0.000210 0.129346 0.000203
 0.000203 0.000210 0.999385 0.000203
 0.002575 0.000210 0.000210 0.997006
 0.150239 0.569365 0.106653 0.173743
 0.202511 0.746527 0.000210 0.050753
 0.659127 0.000210 0.063628 0.277035

MOTIF 6-GGGAGGGAGGGR STREME-6
letter-probability matrix: alength= 4 w= 12 nsites= 425 E= 2.3e-002
 0.035274 0.025977 0.906179 0.032570
 0.003647 0.044139 0.861783 0.090430
 0.137444 0.125469 0.731968 0.005119
 0.835542 0.047064 0.000092 0.117302
 0.091797 0.020211 0.877843 0.010149
 0.023553 0.060508 0.913334 0.002604
 0.105694 0.049384 0.785632 0.059289
 0.816557 0.042357 0.066584 0.074502
 0.072592 0.105289 0.795837 0.026282
 0.123305 0.098409 0.740083 0.038203
 0.160850 0.133098 0.644990 0.061062
 0.384677 0.050802 0.499473 0.065048

MOTIF 7-GCCGCCGCCGCC STREME-7
letter-probability matrix: alength= 4 w= 12 nsites= 150 E= 1.1e-001
 0.000288 0.086738 0.912687 0.000288
 0.000288 0.901733 0.000298 0.097682
 0.032761 0.966654 0.000298 0.000288
 0.013040 0.000298 0.986375 0.000288
 0.000288 0.869332 0.000298 0.130083
 0.000288 0.926077 0.000298 0.073338
 0.089570 0.000298 0.909844 0.000288
 0.000288 0.926119 0.000298 0.073296
 0.037236 0.962178 0.000298 0.000288
 0.000288 0.000298 0.909785 0.089630
 0.000288 0.999127 0.000298 0.000288
 0.000288 0.848386 0.046796 0.104531

MOTIF 8-CCCCACCC STREME-8
letter-probability matrix: alength= 4 w= 8 nsites= 298 E= 3.0e-001
 0.084281 0.860887 0.001045 0.053787
 0.007205 0.990740 0.001045 0.001010
 0.001010 0.996935 0.001045 0.001010
 0.154379 0.709937 0.088213 0.047471
 0.996899 0.001045 0.001045 0.001010
 0.059744 0.936854 0.001045 0.002357
 0.001010 0.917678 0.080303 0.001010
 0.140655 0.857290 0.001045 0.001010

MOTIF 9-SAAGATGGCGGCSGC STREME-9
letter-probability matrix: alength= 4 w= 15 nsites= 177 E= 3.0e-001
 0.048830 0.595755 0.318739 0.036676
 0.677269 0.000223 0.285832 0.036676
 0.686896 0.139989 0.024530 0.148584
 0.054907 0.237222 0.695502 0.012369
 0.738037 0.000223 0.261525 0.000215
 0.006292 0.075666 0.000223 0.917819
 0.024523 0.036684 0.938578 0.000215
 0.036676 0.000223 0.923903 0.039198
 0.091367 0.877810 0.000223 0.030599
 0.067060 0.097452 0.780581 0.054907
 0.121751 0.073144 0.792735 0.012369
 0.188596 0.762351 0.036684 0.012369
 0.200751 0.237219 0.428126 0.133905
 0.109598 0.261525 0.561817 0.067060
 0.091367 0.689430 0.127836 0.091367

MOTIF 10-CACRCACACACAC STREME-10
letter-probability matrix: alength= 4 w= 13 nsites= 75 E= 3.6e-001
 0.026224 0.872102 0.100966 0.000708
 0.997827 0.000733 0.000733 0.000708
 0.000708 0.838064 0.000733 0.160496
 0.638323 0.040675 0.320294 0.000708
 0.000708 0.997851 0.000733 0.000708
 0.838053 0.000733 0.140533 0.020681
 0.120537 0.818109 0.000733 0.060621
 0.829759 0.028991 0.140542 0.000708
 0.140511 0.798135 0.060646 0.000708
 0.778137 0.040675 0.180480 0.000708
 0.000708 0.977878 0.000733 0.020681
 0.818077 0.000733 0.180482 0.000708
 0.080592 0.897996 0.000733 0.020679

MOTIF 11-CACTTCCGG STREME-11
letter-probability matrix: alength= 4 w= 9 nsites= 123 E= 4.4e-001
 0.120949 0.699259 0.087208 0.092584
 0.998001 0.000674 0.000674 0.000651
 0.000651 0.998023 0.000674 0.000651
 0.000651 0.000674 0.000674 0.998001
 0.000651 0.000674 0.000674 0.998001
 0.000651 0.998023 0.000674 0.000651
 0.000651 0.998023 0.000674 0.000651
 0.000651 0.000674 0.739915 0.258759
 0.040024 0.181423 0.777902 0.000651

MOTIF 12-CRGCCAATSAGCGS STREME-12
letter-probability matrix: alength= 4 w= 14 nsites= 102 E= 4.4e-001
 0.082032 0.871918 0.027570 0.018480
 0.572300 0.009412 0.399808 0.018480
 0.018480 0.163754 0.799287 0.018480
 0.000322 0.999023 0.000333 0.000322
 0.009401 0.980865 0.009412 0.000322
 0.962696 0.000333 0.027570 0.009401
 0.781118 0.172833 0.027570 0.018480
 0.045716 0.018491 0.072964 0.862828
 0.027559 0.608627 0.354413 0.009401
 0.608616 0.072964 0.299940 0.018480
 0.018480 0.082043 0.772050 0.127427
 0.127429 0.545075 0.236385 0.091111
 0.290850 0.036649 0.635864 0.036638
 0.181900 0.345334 0.408891 0.063874

MOTIF 13-CGCATGCGCA STREME-13
letter-probability matrix: alength= 4 w= 10 nsites= 114 E= 5.2e-001
 0.017385 0.981699 0.000466 0.000450
 0.032942 0.000466 0.966142 0.000450
 0.000450 0.985941 0.000466 0.013144
 0.777133 0.135983 0.078325 0.008559
 0.031116 0.097309 0.172531 0.699043
 0.000450 0.038550 0.960550 0.000450
 0.000450 0.973244 0.000466 0.025840
 0.010985 0.025856 0.899210 0.063949
 0.000450 0.917185 0.005733 0.076632
 0.876095 0.015433 0.081388 0.027084

MOTIF 14-AAARAAAAAAAAA STREME-14
letter-probability matrix: alength= 4 w= 13 nsites= 127 E= 5.2e-001
 0.998616 0.000467 0.000467 0.000451
 0.998616 0.000467 0.000467 0.000451
 0.786821 0.102257 0.110471 0.000451
 0.508357 0.231698 0.259494 0.000451
 0.998616 0.000467 0.000467 0.000451
 0.998616 0.000467 0.000467 0.000451
 0.747108 0.047584 0.204856 0.000451
 0.998616 0.000467 0.000467 0.000451
 0.691183 0.307900 0.000467 0.000451
 0.882978 0.000467 0.116104 0.000451
 0.998616 0.000467 0.000467 0.000451
 0.998616 0.000467 0.000467 0.000451
 0.998616 0.000467 0.000467 0.000451

MOTIF 15-AAAGGTCA STREME-15
letter-probability matrix: alength= 4 w= 8 nsites= 130 E= 6.0e-001
 0.782946 0.121722 0.094524 0.000809
 0.966284 0.000837 0.000837 0.032042
 0.974707 0.023648 0.000837 0.000809
 0.000809 0.055944 0.942439 0.000809
 0.000809 0.000837 0.997546 0.000809
 0.000809 0.000837 0.000837 0.997518
 0.000809 0.997546 0.000837 0.000809
 0.965402 0.000837 0.032953 0.000809

MOTIF 16-STSACGTSACSGCS STREME-16
letter-probability matrix: alength= 4 w= 14 nsites= 84 E= 6.5e-001
 0.079263 0.368203 0.538936 0.013598
 0.000466 0.289405 0.026748 0.683382
 0.000466 0.552063 0.447006 0.000466
 0.998571 0.000482 0.000482 0.000466
 0.000466 0.985454 0.013615 0.000466
 0.000466 0.000482 0.998587 0.000466
 0.026731 0.013615 0.000482 0.959172
 0.000466 0.460139 0.525797 0.013598
 0.801578 0.026748 0.131811 0.039864
 0.000466 0.867258 0.053013 0.079263
 0.066130 0.525797 0.263146 0.144927
 0.118661 0.197475 0.591468 0.092396
 0.092396 0.578335 0.131811 0.197459
 0.013598 0.552066 0.420737 0.013598

MOTIF 17-CTTTGAWVTB STREME-17
letter-probability matrix: alength= 4 w= 10 nsites= 398 E= 2.0e+000
 0.000133 0.965801 0.033934 0.000133
 0.000133 0.048647 0.001691 0.949530
 0.058822 0.000137 0.121004 0.820037
 0.024152 0.000137 0.000137 0.975573
 0.000133 0.000137 0.999597 0.000133
 0.740730 0.144751 0.040543 0.073976
 0.641573 0.000137 0.000137 0.358152
 0.317071 0.403704 0.221995 0.057230
 0.127915 0.108704 0.003244 0.760136
 0.167772 0.354996 0.233140 0.244092

MOTIF 18-GACTACAAYTCCCR STREME-18
letter-probability matrix: alength= 4 w= 14 nsites= 40 E= 5.9e+000
 0.264618 0.001074 0.703982 0.030325
 0.938240 0.001074 0.001074 0.059611
 0.001038 0.996849 0.001074 0.001038
 0.001038 0.059648 0.001074 0.938240
 0.908953 0.001074 0.059648 0.030325
 0.001038 0.996849 0.001074 0.001038
 0.908953 0.001074 0.088935 0.001038
 0.645373 0.001074 0.235368 0.118185
 0.118185 0.411116 0.176795 0.293905
 0.030325 0.088935 0.001074 0.879666
 0.059611 0.879703 0.001074 0.059611
 0.001038 0.996849 0.001074 0.001038
 0.001038 0.908989 0.001074 0.088898
 0.469632 0.001074 0.528255 0.001038

MOTIF 19-CCTTGGCCAA STREME-19
letter-probability matrix: alength= 4 w= 10 nsites= 38 E= 9.5e+000
 0.001063 0.996774 0.001100 0.001063
 0.001063 0.996774 0.001100 0.001063
 0.001063 0.001100 0.001100 0.996736
 0.271016 0.001100 0.001100 0.726784
 0.001063 0.061087 0.936787 0.001063
 0.031053 0.001100 0.966784 0.001063
 0.001063 0.876771 0.121103 0.001063
 0.001063 0.726842 0.121067 0.151027
 0.816757 0.001100 0.001100 0.181042
 0.780976 0.001100 0.001100 0.216823

********************************************************************************
Stopped because 3 consecutive motifs exceeded the p-value threshold (0.05).
********************************************************************************
COMMAND:	streme --verbosity 1 --oc meme_out_incomplete_DL/HepG2_HNRNPUL1-human_ENCFF323QVV/streme_out -dna --seed 0 --p meme_out_incomplete_DL/HepG2_HNRNPUL1-human_ENCFF323QVV/seqs-centered --minw 6 --maxw 15 --time 6193 --order 2 --thresh 0.05 --align center --totallength 4000000 --parse-genomic-coord
********************************************************************************
CPU:		9f05ee173ae9
********************************************************************************
FINALTIME:	136.28 seconds
********************************************************************************
