********************************************************************************
STREME - Sensitive, Thorough, Rapid, Enriched Motif Elicitation
********************************************************************************
MEME version 5.5.3 (Release date: Sat Jun 10 16:19:38 2023 -0700)

For further information on how to interpret these results please access http://localhost:8080/meme_5.5.3.
To get a copy of the MEME Suite software please access https://meme-suite.org.

********************************************************************************


********************************************************************************
REFERENCE
********************************************************************************
If you use this program in your research, please cite:

Timothy L. Bailey,
"STREME: accurate and versatile sequence motif discovery",
Bioinformatics, Mar. 24, 2021.
********************************************************************************


ALPHABET= ACGT

strands: + -

Background letter frequencies
A 0.218 C 0.282 G 0.282 T 0.218 

MOTIF 1-HWHTRTTTRCWYW STREME-1
letter-probability matrix: alength= 4 w= 13 nsites= 2343 E= 1.7e-020
 0.316352 0.248892 0.149654 0.285102
 0.401810 0.151693 0.137385 0.309112
 0.360759 0.212772 0.175969 0.250500
 0.000016 0.000021 0.000021 0.999942
 0.426026 0.000021 0.573937 0.000016
 0.000016 0.000021 0.000021 0.999942
 0.000016 0.000021 0.000021 0.999942
 0.000016 0.000021 0.053559 0.946404
 0.520283 0.000021 0.479680 0.000016
 0.004124 0.666796 0.000021 0.329059
 0.287370 0.163715 0.000021 0.548894
 0.096071 0.258773 0.166359 0.478797
 0.466986 0.000021 0.000021 0.532972

MOTIF 2-AGATAAGR STREME-2
letter-probability matrix: alength= 4 w= 8 nsites= 1781 E= 2.9e-012
 0.814952 0.000072 0.000072 0.184904
 0.000056 0.000072 0.999817 0.000056
 0.999801 0.000072 0.000072 0.000056
 0.000056 0.000072 0.000072 0.999801
 0.999801 0.000072 0.000072 0.000056
 0.999801 0.000072 0.000072 0.000056
 0.117987 0.149647 0.732311 0.000056
 0.460822 0.159632 0.361207 0.018339

MOTIF 3-RGGGGCGGGGC STREME-3
letter-probability matrix: alength= 4 w= 11 nsites= 1118 E= 2.3e-011
 0.273355 0.178494 0.482706 0.065446
 0.032174 0.000072 0.907920 0.059835
 0.094618 0.000072 0.905255 0.000055
 0.000055 0.000072 0.999817 0.000055
 0.000055 0.000072 0.965926 0.033947
 0.000055 0.867501 0.000072 0.132372
 0.000055 0.000072 0.999817 0.000055
 0.000055 0.000072 0.933060 0.066813
 0.038133 0.000072 0.961739 0.000055
 0.031197 0.000072 0.968676 0.000055
 0.184792 0.711107 0.000072 0.104030

MOTIF 4-CTTTGATCTY STREME-4
letter-probability matrix: alength= 4 w= 10 nsites= 1019 E= 2.2e-009
 0.040770 0.938906 0.020266 0.000058
 0.062044 0.128923 0.010098 0.798935
 0.005626 0.002027 0.006288 0.986059
 0.000613 0.036679 0.000075 0.962633
 0.001909 0.137464 0.860568 0.000058
 0.919548 0.000075 0.000075 0.080302
 0.253083 0.132086 0.000075 0.614757
 0.043114 0.707207 0.209396 0.040283
 0.053171 0.088571 0.017974 0.840283
 0.107896 0.453199 0.144350 0.294555

MOTIF 5-YCACTTCCGGB STREME-5
letter-probability matrix: alength= 4 w= 11 nsites= 1263 E= 1.5e-006
 0.019190 0.486250 0.138062 0.356497
 0.094651 0.644139 0.106871 0.154338
 0.776243 0.000055 0.223660 0.000043
 0.000043 0.937787 0.011100 0.051070
 0.033502 0.000055 0.033391 0.933052
 0.004660 0.000055 0.000055 0.995230
 0.000043 0.999860 0.000055 0.000043
 0.000043 0.994451 0.005464 0.000043
 0.004585 0.020157 0.657111 0.318146
 0.019860 0.126673 0.705420 0.148047
 0.039208 0.355282 0.219272 0.386238

MOTIF 6-CAAAGKTCA STREME-6
letter-probability matrix: alength= 4 w= 9 nsites= 1534 E= 3.7e-006
 0.000066 0.926295 0.065713 0.007926
 0.812279 0.142518 0.036553 0.008650
 0.893237 0.000085 0.069049 0.037628
 0.980035 0.000085 0.019814 0.000066
 0.005149 0.004965 0.989821 0.000066
 0.089865 0.015157 0.591751 0.303227
 0.011702 0.188723 0.061883 0.737693
 0.005165 0.905411 0.029363 0.060061
 0.963200 0.000085 0.025862 0.010853

MOTIF 7-GCGCATGCGCA STREME-7
letter-probability matrix: alength= 4 w= 11 nsites= 498 E= 6.5e-006
 0.068497 0.010318 0.921078 0.000107
 0.057794 0.941961 0.000138 0.000107
 0.013680 0.000138 0.975895 0.010287
 0.000107 0.999648 0.000138 0.000107
 0.843414 0.121116 0.022984 0.012486
 0.053429 0.147785 0.265410 0.533375
 0.000107 0.000138 0.999648 0.000107
 0.000107 0.992862 0.000138 0.006894
 0.000107 0.000138 0.992423 0.007332
 0.000107 0.908604 0.000138 0.091151
 0.855655 0.021161 0.123078 0.000107

MOTIF 8-RAGATGGCGGCGGC STREME-8
letter-probability matrix: alength= 4 w= 14 nsites= 833 E= 2.9e-005
 0.537555 0.006698 0.450722 0.005025
 0.576565 0.268935 0.077697 0.076804
 0.096573 0.185319 0.718056 0.000052
 0.770043 0.000067 0.229838 0.000052
 0.003368 0.242516 0.000067 0.754049
 0.000052 0.023963 0.974275 0.001710
 0.001710 0.001725 0.996513 0.000052
 0.003368 0.976621 0.000067 0.019944
 0.020773 0.033221 0.887935 0.058071
 0.099513 0.023275 0.863898 0.013314
 0.107802 0.824396 0.007386 0.060417
 0.084594 0.226888 0.622158 0.066359
 0.090255 0.191145 0.634006 0.084594
 0.105174 0.651074 0.146866 0.096886

MOTIF 9-RTGACGTCAY STREME-9
letter-probability matrix: alength= 4 w= 10 nsites= 528 E= 1.3e-004
 0.278618 0.215521 0.480742 0.025119
 0.044005 0.175957 0.008071 0.771967
 0.055327 0.278936 0.581265 0.084472
 0.953562 0.000096 0.030956 0.015386
 0.000074 0.915152 0.000096 0.084678
 0.084678 0.000096 0.915152 0.000074
 0.015386 0.030956 0.000096 0.953562
 0.084472 0.581265 0.278936 0.055327
 0.771967 0.008071 0.175957 0.044005
 0.025119 0.480742 0.215521 0.278618

MOTIF 10-CCTCGGCCTCC STREME-10
letter-probability matrix: alength= 4 w= 11 nsites= 233 E= 3.8e-004
 0.000340 0.942784 0.000439 0.056436
 0.000340 0.912273 0.049491 0.037896
 0.000340 0.000439 0.000439 0.998782
 0.018468 0.910787 0.000439 0.070305
 0.064346 0.081524 0.853790 0.000340
 0.138944 0.045732 0.761329 0.053996
 0.000340 0.968734 0.030585 0.000340
 0.011143 0.858921 0.086383 0.043552
 0.000340 0.000439 0.111299 0.887922
 0.000340 0.998880 0.000439 0.000340
 0.000340 0.903057 0.074898 0.021705

MOTIF 11-CTGTAATCCCAGC STREME-11
letter-probability matrix: alength= 4 w= 13 nsites= 122 E= 5.5e-004
 0.012712 0.974075 0.000501 0.012712
 0.000388 0.025148 0.000501 0.973963
 0.074330 0.012825 0.912457 0.000388
 0.000388 0.049796 0.025148 0.924668
 0.936992 0.025148 0.012825 0.025036
 0.850725 0.000501 0.148386 0.000388
 0.000388 0.012825 0.000501 0.986286
 0.012712 0.937104 0.000501 0.049683
 0.000388 0.961752 0.000501 0.037359
 0.000388 0.850838 0.012825 0.135949
 0.998610 0.000501 0.000501 0.000388
 0.025036 0.000501 0.961752 0.012712
 0.037359 0.937104 0.012825 0.012712

MOTIF 12-GCGTGAGCCACYG STREME-12
letter-probability matrix: alength= 4 w= 13 nsites= 79 E= 7.9e-004
 0.050404 0.000676 0.931770 0.017150
 0.017150 0.832010 0.000676 0.150164
 0.200044 0.117063 0.665743 0.017150
 0.000524 0.000676 0.000676 0.998125
 0.000524 0.067182 0.915144 0.017150
 0.964872 0.033929 0.000676 0.000524
 0.000524 0.000676 0.998277 0.000524
 0.000524 0.948397 0.017302 0.033777
 0.000524 0.965024 0.033929 0.000524
 0.998125 0.000676 0.000676 0.000524
 0.017150 0.881890 0.000676 0.100284
 0.017150 0.615863 0.033929 0.333057
 0.050404 0.000676 0.948397 0.000524

MOTIF 13-TTRCAYAAYN STREME-13
letter-probability matrix: alength= 4 w= 10 nsites= 882 E= 1.1e-003
 0.000081 0.000104 0.000104 0.999711
 0.008257 0.000104 0.000104 0.991535
 0.304337 0.000104 0.588540 0.107018
 0.000081 0.999735 0.000104 0.000081
 0.540025 0.187277 0.037877 0.234821
 0.183544 0.480029 0.000104 0.336322
 0.985843 0.000104 0.013972 0.000081
 0.999711 0.000104 0.000104 0.000081
 0.000081 0.411135 0.000104 0.588680
 0.268571 0.323953 0.208155 0.199321

MOTIF 14-GTTAATNATTAAC STREME-14
letter-probability matrix: alength= 4 w= 13 nsites= 378 E= 1.1e-003
 0.107568 0.021779 0.801919 0.068734
 0.046291 0.100219 0.070078 0.783412
 0.132227 0.109460 0.048955 0.709357
 0.917526 0.009349 0.057200 0.015926
 0.842822 0.093070 0.009349 0.054760
 0.205710 0.058744 0.007256 0.728289
 0.169618 0.330382 0.330382 0.169618
 0.728289 0.007256 0.058744 0.205710
 0.054760 0.009349 0.093070 0.842822
 0.015926 0.057200 0.009349 0.917526
 0.709357 0.048955 0.109460 0.132227
 0.783412 0.070078 0.100219 0.046291
 0.068734 0.801919 0.021779 0.107568

MOTIF 15-CYGCAGCCKCG STREME-15
letter-probability matrix: alength= 4 w= 11 nsites= 1187 E= 4.0e-003
 0.000059 0.908774 0.091109 0.000059
 0.163935 0.285856 0.120598 0.429611
 0.000059 0.000076 0.999807 0.000059
 0.000059 0.990649 0.000076 0.009217
 0.896993 0.000076 0.102872 0.000059
 0.000059 0.006130 0.993753 0.000059
 0.053790 0.897136 0.000076 0.048998
 0.145819 0.790207 0.060830 0.003144
 0.133048 0.155345 0.438519 0.273088
 0.091322 0.745035 0.050982 0.112662
 0.191491 0.185446 0.542969 0.080094

MOTIF 16-CCCACCTCCC STREME-16
letter-probability matrix: alength= 4 w= 10 nsites= 546 E= 5.0e-003
 0.019542 0.940190 0.007565 0.032704
 0.000317 0.910025 0.010738 0.078920
 0.000653 0.962128 0.022995 0.014223
 0.751275 0.000408 0.096281 0.152035
 0.001714 0.963623 0.029533 0.005130
 0.046525 0.824165 0.098559 0.030751
 0.006753 0.000340 0.050215 0.942692
 0.037646 0.917952 0.031295 0.013107
 0.016912 0.922640 0.053500 0.006948
 0.046939 0.824537 0.063557 0.064967

MOTIF 17-CCCTSCCCC STREME-17
letter-probability matrix: alength= 4 w= 9 nsites= 1298 E= 1.3e-002
 0.000183 0.999396 0.000237 0.000183
 0.000183 0.999396 0.000237 0.000183
 0.000183 0.999396 0.000237 0.000183
 0.172772 0.000237 0.074585 0.752406
 0.000183 0.333091 0.498002 0.168723
 0.154806 0.844774 0.000237 0.000183
 0.000183 0.999396 0.000237 0.000183
 0.000183 0.810843 0.000237 0.188736
 0.000183 0.999396 0.000237 0.000183

MOTIF 18-AAAAAAAAAAAAA STREME-18
letter-probability matrix: alength= 4 w= 13 nsites= 200 E= 4.0e-002
 0.987335 0.002620 0.004599 0.005447
 0.987105 0.000311 0.012343 0.000241
 0.887703 0.042836 0.061563 0.007898
 0.928875 0.023281 0.024633 0.023211
 0.832782 0.096663 0.024375 0.046180
 0.881768 0.046250 0.018145 0.053837
 0.929077 0.038358 0.006176 0.026388
 0.901695 0.080156 0.017907 0.000241
 0.930228 0.023281 0.007968 0.038524
 0.807579 0.096812 0.053907 0.041702
 0.895447 0.062301 0.019042 0.023211
 0.973649 0.000311 0.004359 0.021681
 0.987436 0.004795 0.000311 0.007458

MOTIF 19-AGACCAGCCTGGCCA STREME-19
letter-probability matrix: alength= 4 w= 15 nsites= 37 E= 5.0e-002
 0.947372 0.001922 0.001922 0.048784
 0.001489 0.096510 0.900511 0.001489
 0.994666 0.001922 0.001922 0.001489
 0.001489 0.947805 0.049216 0.001489
 0.001489 0.900511 0.001922 0.096078
 0.900078 0.001922 0.096510 0.001489
 0.001489 0.049216 0.947805 0.001489
 0.048784 0.947805 0.001922 0.001489
 0.001489 0.947805 0.001922 0.048784
 0.001489 0.143804 0.001922 0.852784
 0.001489 0.049216 0.900511 0.048784
 0.096078 0.001922 0.900511 0.001489
 0.096078 0.616746 0.238393 0.048784
 0.048784 0.947805 0.001922 0.001489
 0.758196 0.049216 0.143804 0.048784

MOTIF 20-GCCCCGCCC STREME-20
letter-probability matrix: alength= 4 w= 9 nsites= 786 E= 5.1e-002
 0.041011 0.000404 0.800601 0.157984
 0.085006 0.748301 0.000404 0.166290
 0.135390 0.789516 0.000404 0.074691
 0.000313 0.998971 0.000404 0.000313
 0.000313 0.902837 0.096537 0.000313
 0.073608 0.000404 0.925676 0.000313
 0.000313 0.998971 0.000404 0.000313
 0.000313 0.944469 0.054906 0.000313
 0.000313 0.998971 0.000404 0.000313

MOTIF 21-CAAGGTCA STREME-21
letter-probability matrix: alength= 4 w= 8 nsites= 971 E= 1.2e-001
 0.029167 0.851922 0.116067 0.002844
 0.862429 0.037284 0.042125 0.058161
 0.896782 0.004040 0.093541 0.005637
 0.017484 0.034118 0.946677 0.001721
 0.001237 0.005465 0.982280 0.011017
 0.100172 0.047046 0.024118 0.828664
 0.007465 0.959008 0.005944 0.027582
 0.837564 0.054531 0.034572 0.073333

MOTIF 22-GTAAACA STREME-22
letter-probability matrix: alength= 4 w= 7 nsites= 1261 E= 1.4e-001
 0.000211 0.000272 0.999306 0.000211
 0.000211 0.000272 0.000272 0.999245
 0.778856 0.220660 0.000272 0.000211
 0.844668 0.149233 0.004411 0.001687
 0.917136 0.006183 0.009151 0.067530
 0.000211 0.856449 0.000272 0.143068
 0.955826 0.009236 0.034727 0.000211

MOTIF 23-VTGASTCAB STREME-23
letter-probability matrix: alength= 4 w= 9 nsites= 477 E= 1.9e-001
 0.413728 0.277770 0.308329 0.000173
 0.000173 0.003507 0.000224 0.996096
 0.000173 0.000224 0.909896 0.089707
 0.992731 0.006872 0.000224 0.000173
 0.000173 0.499827 0.499827 0.000173
 0.000173 0.000224 0.006872 0.992731
 0.089707 0.909896 0.000224 0.000173
 0.996096 0.000224 0.003507 0.000173
 0.000173 0.308329 0.277770 0.413728

MOTIF 24-CACGTRRNC STREME-24
letter-probability matrix: alength= 4 w= 9 nsites= 286 E= 2.1e-001
 0.000295 0.980295 0.000381 0.019029
 0.998944 0.000381 0.000381 0.000295
 0.000295 0.999029 0.000381 0.000295
 0.000295 0.000381 0.999029 0.000295
 0.000295 0.000381 0.000381 0.998944
 0.397283 0.000381 0.602042 0.000295
 0.269330 0.238058 0.492317 0.000295
 0.219885 0.223463 0.296375 0.260276
 0.000295 0.698947 0.000381 0.300377

MOTIF 25-GRAAGGAAG STREME-25
letter-probability matrix: alength= 4 w= 9 nsites= 744 E= 2.3e-001
 0.000250 0.000323 0.999176 0.000250
 0.359143 0.000323 0.622838 0.017696
 0.490926 0.233823 0.180469 0.094781
 0.925833 0.073594 0.000323 0.000250
 0.000250 0.004948 0.994551 0.000250
 0.000250 0.000323 0.999176 0.000250
 0.983994 0.000323 0.000323 0.015360
 0.916784 0.000323 0.082642 0.000250
 0.066238 0.000323 0.933188 0.000250

MOTIF 26-CTCCTCCTCCTCCT STREME-26
letter-probability matrix: alength= 4 w= 14 nsites= 88 E= 3.0e-001
 0.000436 0.854284 0.000563 0.144717
 0.097408 0.000563 0.042122 0.859907
 0.000436 0.929299 0.069828 0.000436
 0.000436 0.881990 0.000563 0.117010
 0.000436 0.150593 0.042122 0.806849
 0.041995 0.832328 0.028269 0.097408
 0.000436 0.915446 0.000563 0.083555
 0.055849 0.000563 0.000563 0.943025
 0.014289 0.812725 0.117137 0.055849
 0.000436 0.901593 0.042122 0.055849
 0.000436 0.000563 0.000563 0.998438
 0.014289 0.970858 0.014416 0.000436
 0.000436 0.915446 0.083681 0.000436
 0.075451 0.000563 0.016061 0.907925

MOTIF 27-GTCCCCACCCC STREME-27
letter-probability matrix: alength= 4 w= 11 nsites= 874 E= 3.8e-001
 0.084319 0.164981 0.712129 0.038572
 0.236890 0.057191 0.000078 0.705841
 0.057908 0.881096 0.000078 0.060918
 0.012370 0.943827 0.000078 0.043725
 0.000061 0.999366 0.000078 0.000495
 0.126542 0.564986 0.236035 0.072438
 0.997855 0.000078 0.002006 0.000061
 0.146331 0.686896 0.108418 0.058355
 0.013683 0.850798 0.092992 0.042527
 0.150812 0.616450 0.054958 0.177779
 0.197151 0.531807 0.063849 0.207192

MOTIF 28-TCTCGCGAGASTW STREME-28
letter-probability matrix: alength= 4 w= 13 nsites= 60 E= 5.5e-001
 0.021880 0.064497 0.000862 0.912762
 0.170360 0.806899 0.022074 0.000668
 0.000668 0.085708 0.043285 0.870339
 0.000668 0.997802 0.000862 0.000668
 0.000668 0.000862 0.997802 0.000668
 0.021880 0.976590 0.000862 0.000668
 0.000668 0.000862 0.976590 0.021880
 0.997608 0.000862 0.000862 0.000668
 0.000668 0.000862 0.912956 0.085514
 0.955185 0.000862 0.022074 0.021880
 0.149148 0.425092 0.255400 0.170360
 0.000668 0.149342 0.170554 0.679436
 0.297629 0.043285 0.149342 0.509744

MOTIF 29-CAGGCTGGAGTGCA STREME-29
letter-probability matrix: alength= 4 w= 14 nsites= 76 E= 5.5e-001
 0.046240 0.952659 0.000620 0.000480
 0.967773 0.000620 0.015873 0.015734
 0.046240 0.000620 0.946329 0.006811
 0.030987 0.000620 0.967913 0.000480
 0.061494 0.937406 0.000620 0.000480
 0.107254 0.000620 0.000620 0.891506
 0.046240 0.000620 0.952659 0.000480
 0.061494 0.000620 0.937406 0.000480
 0.983026 0.000620 0.015873 0.000480
 0.168267 0.031127 0.800126 0.000480
 0.015734 0.015873 0.015873 0.952520
 0.000480 0.000620 0.998419 0.000480
 0.000480 0.952659 0.000620 0.046240
 0.967773 0.000620 0.000620 0.030987

MOTIF 30-ACATTCC STREME-30
letter-probability matrix: alength= 4 w= 7 nsites= 334 E= 5.6e-001
 0.928936 0.025609 0.025609 0.019845
 0.019845 0.934700 0.025609 0.019845
 0.928936 0.025609 0.025609 0.019845
 0.019845 0.025609 0.025609 0.928936
 0.019845 0.025609 0.025609 0.928936
 0.019845 0.934700 0.025609 0.019845
 0.019845 0.934700 0.025609 0.019845

MOTIF 31-AAATATTWGCT STREME-31
letter-probability matrix: alength= 4 w= 11 nsites= 89 E= 5.7e-001
 0.800191 0.083080 0.000559 0.116170
 0.943435 0.041820 0.014313 0.000433
 0.957188 0.041820 0.000559 0.000433
 0.000433 0.000559 0.000559 0.998449
 0.802528 0.006267 0.190772 0.000433
 0.055447 0.000559 0.000559 0.943435
 0.000433 0.000559 0.069327 0.929681
 0.383144 0.000559 0.000559 0.615738
 0.226198 0.000559 0.772810 0.000433
 0.143778 0.718305 0.007994 0.129923
 0.220591 0.110587 0.000559 0.668263

MOTIF 32-AAACAAACA STREME-32
letter-probability matrix: alength= 4 w= 9 nsites= 588 E= 7.3e-001
 0.926149 0.021662 0.032980 0.019208
 0.806202 0.193191 0.000342 0.000265
 0.774799 0.045967 0.154333 0.024901
 0.000265 0.947552 0.000342 0.051841
 0.969152 0.030240 0.000342 0.000265
 0.949381 0.050012 0.000342 0.000265
 0.999051 0.000342 0.000342 0.000265
 0.000265 0.965677 0.033793 0.000265
 0.757236 0.197962 0.020264 0.024538

MOTIF 33-CACTCACC STREME-33
letter-probability matrix: alength= 4 w= 8 nsites= 178 E= 7.5e-001
 0.019845 0.934700 0.025609 0.019845
 0.928936 0.025609 0.025609 0.019845
 0.019845 0.934700 0.025609 0.019845
 0.019845 0.025609 0.025609 0.928936
 0.019845 0.934700 0.025609 0.019845
 0.928936 0.025609 0.025609 0.019845
 0.019845 0.934700 0.025609 0.019845
 0.019845 0.934700 0.025609 0.019845

MOTIF 34-CTGATAA STREME-34
letter-probability matrix: alength= 4 w= 7 nsites= 292 E= 7.5e-001
 0.019845 0.934700 0.025609 0.019845
 0.019845 0.025609 0.025609 0.928936
 0.019845 0.025609 0.934700 0.019845
 0.928936 0.025609 0.025609 0.019845
 0.019845 0.025609 0.025609 0.928936
 0.928936 0.025609 0.025609 0.019845
 0.928936 0.025609 0.025609 0.019845

MOTIF 35-ACAGAGCRAGACYC STREME-35
letter-probability matrix: alength= 4 w= 14 nsites= 41 E= 7.9e-001
 0.932162 0.001305 0.033414 0.033120
 0.001011 0.996673 0.001305 0.001011
 0.964270 0.001305 0.033414 0.001011
 0.065229 0.001305 0.836129 0.097337
 0.996379 0.001305 0.001305 0.001011
 0.001011 0.001305 0.996673 0.001011
 0.001011 0.804021 0.065522 0.129446
 0.546858 0.001305 0.418717 0.033120
 0.964270 0.001305 0.001305 0.033120
 0.065229 0.033414 0.900347 0.001011
 0.996379 0.001305 0.001305 0.001011
 0.033120 0.739804 0.065522 0.161554
 0.001011 0.579260 0.001305 0.418423
 0.001011 0.932455 0.001305 0.065229

MOTIF 36-AGGGGCGGGA STREME-36
letter-probability matrix: alength= 4 w= 10 nsites= 348 E= 8.6e-001
 0.866139 0.000417 0.079578 0.053866
 0.000323 0.043138 0.942183 0.014356
 0.041681 0.112298 0.845698 0.000323
 0.048730 0.000417 0.940278 0.010575
 0.089331 0.050600 0.684332 0.175737
 0.076748 0.922512 0.000417 0.000323
 0.043197 0.000417 0.956064 0.000323
 0.000323 0.071888 0.814695 0.113095
 0.000323 0.000417 0.981734 0.017526
 0.865465 0.117401 0.000417 0.016716

MOTIF 37-CCCAGCCCAGCC STREME-37
letter-probability matrix: alength= 4 w= 12 nsites= 251 E= 1.1e+000
 0.102501 0.886620 0.010323 0.000557
 0.017347 0.893752 0.088748 0.000152
 0.052547 0.785183 0.143176 0.019093
 0.928982 0.000197 0.070669 0.000152
 0.078942 0.103801 0.812267 0.004990
 0.004990 0.992045 0.000197 0.002768
 0.000152 0.865655 0.035120 0.099073
 0.005441 0.756418 0.092615 0.145526
 0.734821 0.000197 0.220505 0.044476
 0.105961 0.038314 0.837865 0.017860
 0.032911 0.941645 0.013034 0.012410
 0.104207 0.783004 0.093285 0.019504

MOTIF 38-AGGAAA STREME-38
letter-probability matrix: alength= 4 w= 6 nsites= 1807 E= 1.2e+000
 0.928936 0.025609 0.025609 0.019845
 0.019845 0.025609 0.934700 0.019845
 0.019845 0.025609 0.934700 0.019845
 0.928936 0.025609 0.025609 0.019845
 0.928936 0.025609 0.025609 0.019845
 0.928936 0.025609 0.025609 0.019845

MOTIF 39-ATCAATA STREME-39
letter-probability matrix: alength= 4 w= 7 nsites= 169 E= 1.3e+000
 0.928936 0.025609 0.025609 0.019845
 0.019845 0.025609 0.025609 0.928936
 0.019845 0.934700 0.025609 0.019845
 0.928936 0.025609 0.025609 0.019845
 0.928936 0.025609 0.025609 0.019845
 0.019845 0.025609 0.025609 0.928936
 0.928936 0.025609 0.025609 0.019845

MOTIF 40-CKCYGATTGGY STREME-40
letter-probability matrix: alength= 4 w= 11 nsites= 153 E= 1.5e+000
 0.003440 0.680859 0.000313 0.315387
 0.000243 0.023425 0.447561 0.528771
 0.000243 0.983793 0.000313 0.015651
 0.000243 0.338262 0.042031 0.619464
 0.000243 0.329674 0.669841 0.000243
 0.999131 0.000313 0.000313 0.000243
 0.000243 0.000313 0.000313 0.999131
 0.000243 0.000313 0.000313 0.999131
 0.000243 0.000313 0.999202 0.000243
 0.000243 0.000313 0.999202 0.000243
 0.075085 0.582552 0.031130 0.311233

MOTIF 41-CACCGCCTCCC STREME-41
letter-probability matrix: alength= 4 w= 11 nsites= 118 E= 1.5e+000
 0.007626 0.944057 0.004059 0.044259
 0.901329 0.000485 0.009487 0.088699
 0.053051 0.801478 0.106694 0.038777
 0.017805 0.972719 0.004059 0.005417
 0.000376 0.028725 0.949247 0.021652
 0.048099 0.917275 0.029298 0.005328
 0.001487 0.907687 0.090451 0.000376
 0.018756 0.026041 0.036278 0.918925
 0.093796 0.879857 0.005527 0.020821
 0.007626 0.903675 0.076392 0.012307
 0.046805 0.751536 0.081974 0.119685

MOTIF 42-ACTACAWTTCCCA STREME-42
letter-probability matrix: alength= 4 w= 13 nsites= 55 E= 1.6e+000
 0.977357 0.000827 0.000827 0.020989
 0.020989 0.977543 0.000827 0.000641
 0.000641 0.041523 0.041523 0.916312
 0.936660 0.000827 0.000827 0.061686
 0.000641 0.957195 0.021175 0.020989
 0.855267 0.000827 0.102568 0.041337
 0.387258 0.102568 0.041523 0.468651
 0.000641 0.306051 0.000827 0.692481
 0.041337 0.000827 0.021175 0.936660
 0.000641 0.997891 0.000827 0.000641
 0.000641 0.997891 0.000827 0.000641
 0.041337 0.957195 0.000827 0.000641
 0.895964 0.000827 0.102568 0.000641

MOTIF 43-GATTGCAWCABH STREME-43
letter-probability matrix: alength= 4 w= 12 nsites= 170 E= 1.6e+000
 0.230063 0.179752 0.507875 0.082309
 0.661959 0.011302 0.213498 0.113241
 0.000174 0.000225 0.000225 0.999375
 0.080011 0.000225 0.011302 0.908462
 0.155250 0.000225 0.844351 0.000174
 0.000174 0.999426 0.000225 0.000174
 0.966145 0.033455 0.000225 0.000174
 0.527254 0.027917 0.000225 0.444604
 0.000174 0.999426 0.000225 0.000174
 0.955068 0.044532 0.000225 0.000174
 0.072174 0.272964 0.315488 0.339374
 0.267891 0.356040 0.044532 0.331537

MOTIF 44-CACACACACACACAC STREME-44
letter-probability matrix: alength= 4 w= 15 nsites= 130 E= 1.7e+000
 0.000287 0.910848 0.079453 0.009412
 0.944222 0.027745 0.009496 0.018537
 0.000287 0.880837 0.000371 0.118505
 0.738543 0.082494 0.087427 0.091536
 0.000287 0.947604 0.027745 0.024364
 0.898598 0.064245 0.000371 0.036787
 0.000287 0.871307 0.000371 0.128035
 0.803562 0.018621 0.177530 0.000287
 0.000287 0.898681 0.000371 0.100661
 0.862098 0.018621 0.009496 0.109786
 0.018537 0.898681 0.036870 0.045912
 0.761725 0.109869 0.118994 0.009412
 0.000287 0.898681 0.064245 0.036787
 0.602070 0.104531 0.055120 0.238279
 0.065923 0.933419 0.000371 0.000287

MOTIF 45-CTTTGAAGAT STREME-45
letter-probability matrix: alength= 4 w= 10 nsites= 111 E= 2.0e+000
 0.077244 0.870408 0.051772 0.000576
 0.000576 0.000743 0.000743 0.997938
 0.092008 0.000743 0.000743 0.906506
 0.000576 0.000743 0.000743 0.997938
 0.000576 0.000743 0.998105 0.000576
 0.969766 0.000743 0.000743 0.028747
 0.997938 0.000743 0.000743 0.000576
 0.054080 0.000743 0.944601 0.000576
 0.778894 0.168758 0.051772 0.000576
 0.080775 0.075304 0.138930 0.704991

MOTIF 46-CAGAGTCCAB STREME-46
letter-probability matrix: alength= 4 w= 10 nsites= 120 E= 2.0e+000
 0.000555 0.998175 0.000716 0.000555
 0.998014 0.000716 0.000716 0.000555
 0.000555 0.000716 0.987471 0.011258
 0.769779 0.228950 0.000716 0.000555
 0.000555 0.000716 0.998175 0.000555
 0.000555 0.000716 0.000716 0.998014
 0.000555 0.998175 0.000716 0.000555
 0.000555 0.743235 0.092636 0.163574
 0.998014 0.000716 0.000716 0.000555
 0.129067 0.201828 0.394803 0.274302

MOTIF 47-CTCTGCCCT STREME-47
letter-probability matrix: alength= 4 w= 9 nsites= 847 E= 2.4e+000
 0.000380 0.960485 0.038755 0.000380
 0.000380 0.072982 0.054092 0.872546
 0.000380 0.860154 0.000490 0.138976
 0.000380 0.000490 0.022524 0.976605
 0.029387 0.000490 0.895562 0.074561
 0.084651 0.867996 0.046972 0.000380
 0.000380 0.783389 0.000490 0.215740
 0.027156 0.971974 0.000490 0.000380
 0.064442 0.000490 0.081405 0.853662

MOTIF 48-GACTTTGGAC STREME-48
letter-probability matrix: alength= 4 w= 10 nsites= 93 E= 3.7e+000
 0.107221 0.093993 0.775964 0.022823
 0.927143 0.032142 0.026944 0.013770
 0.046831 0.917393 0.032783 0.002992
 0.020987 0.000543 0.000543 0.977928
 0.001032 0.019333 0.053943 0.925692
 0.043042 0.032783 0.007759 0.916415
 0.015845 0.000543 0.975079 0.008533
 0.040471 0.013893 0.931866 0.013770
 0.872500 0.065024 0.008655 0.053821
 0.046831 0.926533 0.018103 0.008533

MOTIF 49-GAGAGAGAGAGAGAG STREME-49
letter-probability matrix: alength= 4 w= 15 nsites= 109 E= 4.6e+000
 0.000261 0.000337 0.966012 0.033391
 0.924524 0.074879 0.000337 0.000261
 0.074803 0.008619 0.916317 0.000261
 0.758104 0.149421 0.083932 0.008543
 0.016826 0.124573 0.833493 0.025108
 0.891394 0.041749 0.033466 0.033391
 0.000261 0.008619 0.957730 0.033391
 0.816852 0.041749 0.124573 0.016826
 0.157627 0.132856 0.634714 0.074803
 0.700127 0.199115 0.075650 0.025108
 0.066520 0.008619 0.908035 0.016826
 0.845841 0.108008 0.045890 0.000261
 0.124497 0.165985 0.676127 0.033391
 0.808570 0.091443 0.091443 0.008543
 0.190757 0.108008 0.692691 0.008543

MOTIF 50-GCCTCAGTTTCCCCA STREME-50
letter-probability matrix: alength= 4 w= 15 nsites= 84 E= 1.1e+001
 0.109947 0.024842 0.864828 0.000383
 0.085599 0.864828 0.000495 0.049078
 0.000383 0.901349 0.085711 0.012557
 0.061252 0.000495 0.061363 0.876890
 0.000383 0.901349 0.012668 0.085599
 0.925585 0.000495 0.061363 0.012557
 0.000383 0.061363 0.925696 0.012557
 0.073426 0.292664 0.000495 0.633416
 0.000383 0.061363 0.073537 0.864716
 0.012557 0.012668 0.110058 0.864716
 0.061252 0.779612 0.012668 0.146468
 0.000383 0.816133 0.012668 0.170815
 0.036905 0.609180 0.073537 0.280379
 0.061252 0.803959 0.049190 0.085599
 0.742979 0.122232 0.085711 0.049078

********************************************************************************
Stopped because 3 consecutive motifs exceeded the p-value threshold (0.05).
********************************************************************************
COMMAND:	streme --verbosity 1 --oc meme_out_incomplete_DL/HepG2_GATA4-human_ENCFF139ESP/streme_out -dna --seed 0 --p meme_out_incomplete_DL/HepG2_GATA4-human_ENCFF139ESP/seqs-centered --minw 6 --maxw 15 --time 6186 --order 2 --thresh 0.05 --align center --totallength 4000000 --parse-genomic-coord
********************************************************************************
CPU:		9f05ee173ae9
********************************************************************************
FINALTIME:	1206.04 seconds
********************************************************************************
