********************************************************************************
STREME - Sensitive, Thorough, Rapid, Enriched Motif Elicitation
********************************************************************************
MEME version 5.5.3 (Release date: Sat Jun 10 16:19:38 2023 -0700)

For further information on how to interpret these results please access http://localhost:8080/meme_5.5.3.
To get a copy of the MEME Suite software please access https://meme-suite.org.

********************************************************************************


********************************************************************************
REFERENCE
********************************************************************************
If you use this program in your research, please cite:

Timothy L. Bailey,
"STREME: accurate and versatile sequence motif discovery",
Bioinformatics, Mar. 24, 2021.
********************************************************************************


ALPHABET= ACGT

strands: + -

Background letter frequencies
A 0.263 C 0.237 G 0.237 T 0.263 

MOTIF 1-AGATAAGAWH STREME-1
letter-probability matrix: alength= 4 w= 10 nsites= 6587 E= 5.1e-068
 0.732238 0.045719 0.000012 0.222031
 0.000014 0.000012 0.999961 0.000014
 0.999962 0.000012 0.000012 0.000014
 0.000014 0.000012 0.000012 0.999962
 0.999962 0.000012 0.000012 0.000014
 0.950205 0.004236 0.045546 0.000014
 0.062162 0.263334 0.625574 0.048931
 0.577126 0.142620 0.280240 0.000014
 0.318551 0.099076 0.187618 0.394755
 0.231323 0.406689 0.115810 0.246179

MOTIF 2-WWTRTTTRCTTW STREME-2
letter-probability matrix: alength= 4 w= 12 nsites= 6390 E= 1.8e-060
 0.438011 0.131930 0.137979 0.292079
 0.407339 0.130405 0.180400 0.281856
 0.000008 0.005987 0.000008 0.993997
 0.496518 0.000008 0.503466 0.000008
 0.000008 0.000008 0.000008 0.999976
 0.000008 0.000008 0.000008 0.999976
 0.000008 0.000008 0.117996 0.881988
 0.643737 0.000008 0.356247 0.000008
 0.000008 0.725344 0.000008 0.274640
 0.274970 0.165488 0.000008 0.559535
 0.106417 0.220166 0.182311 0.491106
 0.504317 0.000008 0.016374 0.479301

MOTIF 3-CAAAGGTCAN STREME-3
letter-probability matrix: alength= 4 w= 10 nsites= 3946 E= 6.0e-029
 0.001552 0.883646 0.031856 0.082947
 0.701845 0.250683 0.027348 0.020124
 0.913755 0.000020 0.057749 0.028476
 0.984485 0.002975 0.010278 0.002262
 0.000023 0.008436 0.984525 0.007017
 0.062530 0.010082 0.629758 0.297629
 0.038552 0.166180 0.082940 0.712328
 0.000633 0.948050 0.004152 0.047166
 0.962405 0.003355 0.025886 0.008354
 0.209975 0.309485 0.314281 0.166260

MOTIF 4-AGATCAAAG STREME-4
letter-probability matrix: alength= 4 w= 9 nsites= 2032 E= 1.7e-016
 0.871140 0.004569 0.107507 0.016784
 0.000083 0.230637 0.769198 0.000083
 0.642219 0.000074 0.052694 0.305012
 0.109566 0.000074 0.049442 0.840917
 0.046976 0.819865 0.133076 0.000083
 0.999318 0.000074 0.000524 0.000083
 0.999768 0.000074 0.000074 0.000083
 0.985916 0.000769 0.013233 0.000083
 0.000083 0.000074 0.999760 0.000083

MOTIF 5-CCCCRCCCC STREME-5
letter-probability matrix: alength= 4 w= 9 nsites= 2157 E= 9.5e-016
 0.000083 0.999760 0.000075 0.000083
 0.000083 0.893819 0.000075 0.106023
 0.022198 0.977645 0.000075 0.000083
 0.148640 0.714218 0.042511 0.094631
 0.311515 0.000075 0.461436 0.226974
 0.000083 0.999760 0.000075 0.000083
 0.000083 0.999760 0.000075 0.000083
 0.000083 0.922071 0.000075 0.077771
 0.016699 0.983144 0.000075 0.000083

MOTIF 6-GCCTGTAATCCCAGC STREME-6
letter-probability matrix: alength= 4 w= 15 nsites= 559 E= 6.7e-013
 0.206353 0.005795 0.769797 0.018055
 0.005802 0.946310 0.005795 0.042092
 0.000072 0.973050 0.001975 0.024902
 0.011532 0.013435 0.000065 0.974967
 0.076473 0.013435 0.902380 0.007712
 0.007712 0.021075 0.017255 0.953957
 0.940587 0.007705 0.045905 0.005802
 0.745766 0.001975 0.252186 0.000072
 0.000072 0.009615 0.009615 0.980697
 0.011532 0.936760 0.007705 0.044003
 0.013442 0.919570 0.005795 0.061193
 0.003892 0.889010 0.000065 0.107033
 0.980697 0.000065 0.015345 0.003892
 0.070743 0.005795 0.919570 0.003892
 0.015352 0.915750 0.022985 0.045913

MOTIF 7-CCTCRGCCTCCCAA STREME-7
letter-probability matrix: alength= 4 w= 14 nsites= 593 E= 1.1e-012
 0.007793 0.943820 0.005856 0.042531
 0.000073 0.943820 0.005856 0.050251
 0.007793 0.011645 0.003926 0.976636
 0.005863 0.723666 0.017435 0.253036
 0.451556 0.030945 0.503917 0.013583
 0.092709 0.003926 0.903292 0.000073
 0.000073 0.976957 0.005856 0.017114
 0.002003 0.936361 0.018236 0.043400
 0.004734 0.000867 0.007786 0.986613
 0.000073 0.941089 0.001996 0.056841
 0.003933 0.934499 0.013575 0.047993
 0.029823 0.798537 0.003926 0.167715
 0.731325 0.005856 0.253096 0.009723
 0.836737 0.030945 0.127585 0.004734

MOTIF 8-GTAAACAA STREME-8
letter-probability matrix: alength= 4 w= 8 nsites= 2783 E= 7.4e-011
 0.012250 0.003514 0.961119 0.023117
 0.084092 0.118458 0.023800 0.773650
 0.897844 0.081128 0.017869 0.003160
 0.950079 0.048430 0.000968 0.000524
 0.989697 0.000282 0.000755 0.009266
 0.000201 0.957808 0.011854 0.030137
 0.927661 0.026687 0.012398 0.033255
 0.639780 0.098838 0.173145 0.088238

MOTIF 9-CCAGCCTGGGYRACA STREME-9
letter-probability matrix: alength= 4 w= 15 nsites= 555 E= 9.5e-011
 0.020946 0.901115 0.036120 0.041820
 0.017151 0.912500 0.000065 0.070284
 0.992208 0.000065 0.007655 0.000072
 0.026639 0.004648 0.942075 0.026639
 0.001970 0.954248 0.000065 0.043717
 0.011458 0.939067 0.009553 0.039922
 0.001970 0.020939 0.000065 0.977027
 0.074867 0.009553 0.894634 0.020946
 0.102544 0.005758 0.885934 0.005765
 0.070284 0.140489 0.770178 0.019048
 0.032332 0.618368 0.011451 0.337849
 0.563344 0.013348 0.411850 0.011458
 0.973231 0.000065 0.026632 0.000072
 0.003867 0.948555 0.017144 0.030434
 0.953468 0.003860 0.038017 0.004655

MOTIF 10-GATHRYDATC STREME-10
letter-probability matrix: alength= 4 w= 10 nsites= 744 E= 4.0e-009
 0.000112 0.000101 0.999676 0.000112
 0.999687 0.000101 0.000101 0.000112
 0.000112 0.000101 0.000101 0.999687
 0.417754 0.212683 0.075966 0.293597
 0.382254 0.142122 0.306703 0.168921
 0.168921 0.306703 0.142122 0.382254
 0.293597 0.075966 0.212683 0.417754
 0.999687 0.000101 0.000101 0.000112
 0.000112 0.000101 0.000101 0.999687
 0.000112 0.999676 0.000101 0.000112

MOTIF 11-RTGASTCAY STREME-11
letter-probability matrix: alength= 4 w= 9 nsites= 1679 E= 7.1e-009
 0.432588 0.100019 0.461445 0.005948
 0.000077 0.001563 0.000070 0.998290
 0.004472 0.003638 0.964409 0.027481
 0.837818 0.006564 0.151169 0.004449
 0.028644 0.471356 0.471356 0.028644
 0.004449 0.151169 0.006564 0.837818
 0.027481 0.964409 0.003638 0.004472
 0.998290 0.000070 0.001563 0.000077
 0.005948 0.461445 0.100019 0.432588

MOTIF 12-RGKYCARAGTCCA STREME-12
letter-probability matrix: alength= 4 w= 13 nsites= 993 E= 1.2e-008
 0.563736 0.008778 0.339956 0.087529
 0.000041 0.000037 0.956152 0.043769
 0.120193 0.000037 0.294396 0.585373
 0.061493 0.427140 0.167668 0.343699
 0.000495 0.826122 0.000037 0.173345
 0.954635 0.000037 0.045286 0.000041
 0.520520 0.046520 0.349616 0.083344
 0.815031 0.031083 0.133725 0.020161
 0.000041 0.006593 0.867227 0.126139
 0.000041 0.000037 0.000037 0.999884
 0.088213 0.658690 0.023192 0.229905
 0.003319 0.890404 0.000037 0.106240
 0.602050 0.124042 0.051388 0.222520

MOTIF 13-AGACYCYRTCTC STREME-13
letter-probability matrix: alength= 4 w= 12 nsites= 429 E= 5.0e-008
 0.965885 0.033928 0.000089 0.000099
 0.255018 0.000089 0.739588 0.005305
 0.999723 0.000089 0.000089 0.000099
 0.013615 0.727234 0.000089 0.259062
 0.150050 0.498830 0.007898 0.343222
 0.005305 0.840824 0.029802 0.124070
 0.000099 0.488445 0.018310 0.493146
 0.390911 0.000089 0.608901 0.000099
 0.000099 0.011908 0.000089 0.987904
 0.005305 0.989302 0.005295 0.000099
 0.000099 0.008978 0.002692 0.988231
 0.007908 0.950257 0.005295 0.036540

MOTIF 14-AAAAAAAAAAAAAAA STREME-14
letter-probability matrix: alength= 4 w= 15 nsites= 493 E= 1.1e-007
 0.930533 0.023382 0.000100 0.045984
 0.999688 0.000100 0.000100 0.000111
 0.993814 0.000100 0.000100 0.005985
 0.966788 0.033000 0.000100 0.000111
 0.700885 0.163158 0.124098 0.011858
 0.859824 0.044657 0.045482 0.050037
 0.996751 0.000100 0.000100 0.003048
 0.874931 0.099507 0.025451 0.000111
 0.995212 0.001640 0.000100 0.003048
 0.837176 0.114863 0.033165 0.014795
 0.853898 0.134143 0.011848 0.000111
 0.832645 0.003037 0.158333 0.005985
 0.893548 0.047612 0.049919 0.008922
 0.970694 0.000100 0.019246 0.009959
 0.960844 0.000100 0.000100 0.038955

MOTIF 15-RTTTCAYMAYN STREME-15
letter-probability matrix: alength= 4 w= 11 nsites= 928 E= 1.6e-007
 0.659542 0.000069 0.340312 0.000076
 0.000076 0.000069 0.000069 0.999786
 0.000076 0.000069 0.000069 0.999786
 0.000076 0.000069 0.000069 0.999786
 0.000076 0.999778 0.000069 0.000076
 0.570079 0.273308 0.156537 0.000076
 0.115409 0.456805 0.000069 0.427717
 0.570010 0.429845 0.000069 0.000076
 0.999786 0.000069 0.000069 0.000076
 0.000076 0.324421 0.096001 0.579502
 0.209591 0.352553 0.180326 0.257530

MOTIF 16-RTTRTGCAA STREME-16
letter-probability matrix: alength= 4 w= 9 nsites= 1645 E= 2.0e-007
 0.545208 0.000081 0.454622 0.000089
 0.000089 0.000081 0.000081 0.999750
 0.000089 0.000081 0.143673 0.856157
 0.387845 0.000081 0.611985 0.000089
 0.294401 0.098126 0.000081 0.607393
 0.000089 0.000081 0.999741 0.000089
 0.000089 0.723850 0.000081 0.275981
 0.999750 0.000081 0.000081 0.000089
 0.999750 0.000081 0.000081 0.000089

MOTIF 17-AACTCCTGGSCTCAA STREME-17
letter-probability matrix: alength= 4 w= 15 nsites= 314 E= 1.1e-006
 0.972157 0.000117 0.024161 0.003565
 0.827899 0.151245 0.013856 0.007000
 0.013869 0.944666 0.000117 0.041347
 0.007000 0.003552 0.000117 0.989331
 0.000130 0.917189 0.003552 0.079129
 0.010434 0.941232 0.003552 0.044782
 0.010434 0.055073 0.000117 0.934375
 0.048216 0.000117 0.951536 0.000130
 0.295516 0.000117 0.704236 0.000130
 0.092868 0.360763 0.518761 0.027608
 0.007000 0.903450 0.003552 0.085998
 0.003565 0.003552 0.003552 0.989331
 0.041347 0.930927 0.003552 0.024173
 0.975592 0.020726 0.003552 0.000130
 0.772943 0.010422 0.206201 0.010434

MOTIF 18-AGATAAAC STREME-18
letter-probability matrix: alength= 4 w= 8 nsites= 2186 E= 2.3e-006
 0.936877 0.003909 0.007080 0.052134
 0.057278 0.002494 0.940016 0.000212
 0.875454 0.000813 0.049889 0.073844
 0.000143 0.017216 0.000129 0.982511
 0.977544 0.000524 0.004252 0.017680
 0.998327 0.000538 0.000197 0.000938
 0.883716 0.042370 0.002019 0.071895
 0.035659 0.650699 0.283669 0.029973

MOTIF 19-AGTGCAGTGGYGCRA STREME-19
letter-probability matrix: alength= 4 w= 15 nsites= 360 E= 6.5e-006
 0.983932 0.006401 0.003254 0.006413
 0.179475 0.025280 0.795125 0.000119
 0.000119 0.003254 0.018987 0.977639
 0.113397 0.000108 0.886376 0.000119
 0.000119 0.983921 0.000108 0.015852
 0.977639 0.000108 0.015841 0.006413
 0.086383 0.009547 0.900803 0.003266
 0.006413 0.006401 0.003254 0.983932
 0.003266 0.000108 0.977628 0.018999
 0.144862 0.006401 0.836031 0.012706
 0.015852 0.552067 0.003254 0.428827
 0.259446 0.000108 0.715155 0.025292
 0.012706 0.751073 0.012694 0.223527
 0.581169 0.037867 0.368259 0.012706
 0.951161 0.003254 0.036026 0.009559

MOTIF 20-CAAGGTCA STREME-20
letter-probability matrix: alength= 4 w= 8 nsites= 2448 E= 2.5e-005
 0.000104 0.898122 0.101670 0.000104
 0.883297 0.000094 0.076914 0.039695
 0.859120 0.000094 0.140683 0.000104
 0.000104 0.000094 0.999698 0.000104
 0.000104 0.000094 0.999698 0.000104
 0.096094 0.119560 0.000094 0.784252
 0.000104 0.885001 0.000094 0.114801
 0.854183 0.107853 0.037859 0.000104

MOTIF 21-MCAGGAAGT STREME-21
letter-probability matrix: alength= 4 w= 9 nsites= 2371 E= 7.3e-005
 0.454888 0.294891 0.160188 0.090033
 0.000095 0.991838 0.001519 0.006548
 0.729013 0.222754 0.048139 0.000095
 0.000095 0.008086 0.991725 0.000095
 0.000095 0.000085 0.999725 0.000095
 0.999735 0.000085 0.000085 0.000095
 0.944226 0.012412 0.000085 0.043277
 0.161104 0.014150 0.824651 0.000095
 0.057007 0.220565 0.109683 0.612745

MOTIF 22-AATBATTAACY STREME-22
letter-probability matrix: alength= 4 w= 11 nsites= 747 E= 2.7e-004
 0.950872 0.000075 0.027795 0.021257
 0.927997 0.034597 0.000075 0.037330
 0.148718 0.025438 0.023380 0.802464
 0.028135 0.365801 0.344586 0.261478
 0.868647 0.000075 0.041501 0.089777
 0.032163 0.000075 0.063106 0.904656
 0.000084 0.000075 0.000075 0.999766
 0.890906 0.000075 0.023166 0.085853
 0.957790 0.002279 0.039847 0.000084
 0.000084 0.963653 0.009559 0.026705
 0.179051 0.358389 0.005398 0.457162

MOTIF 23-TGACCTCA STREME-23
letter-probability matrix: alength= 4 w= 8 nsites= 1684 E= 4.5e-004
 0.000309 0.001916 0.005170 0.992606
 0.016835 0.000278 0.980447 0.002440
 0.999135 0.000278 0.000278 0.000309
 0.000309 0.999104 0.000278 0.000309
 0.015781 0.746382 0.153987 0.083850
 0.091471 0.093733 0.003790 0.811006
 0.108132 0.873886 0.000278 0.017703
 0.826940 0.076768 0.000278 0.096013

MOTIF 24-GCTCACTGCARCC STREME-24
letter-probability matrix: alength= 4 w= 13 nsites= 238 E= 2.8e-003
 0.022946 0.000156 0.976726 0.000173
 0.000173 0.963062 0.000156 0.036609
 0.000173 0.000156 0.000156 0.999516
 0.000173 0.967617 0.000156 0.032055
 0.999516 0.000156 0.000156 0.000173
 0.000173 0.944844 0.000156 0.054828
 0.018391 0.032038 0.000156 0.949415
 0.009282 0.000156 0.990390 0.000173
 0.018391 0.926625 0.000156 0.054828
 0.938416 0.006601 0.054811 0.000173
 0.432858 0.009265 0.539486 0.018391
 0.004727 0.899298 0.068474 0.027500
 0.004727 0.912962 0.004710 0.077601

MOTIF 25-AAATCGAT STREME-25
letter-probability matrix: alength= 4 w= 8 nsites= 435 E= 3.3e-003
 0.585294 0.100778 0.058697 0.255231
 0.794012 0.014780 0.183951 0.007256
 0.817841 0.000548 0.113456 0.068155
 0.000608 0.000548 0.000548 0.998295
 0.000608 0.998235 0.000548 0.000608
 0.302246 0.000548 0.696598 0.000608
 0.998295 0.000548 0.000548 0.000608
 0.000608 0.000548 0.000548 0.998295

MOTIF 26-AGGAATGTG STREME-26
letter-probability matrix: alength= 4 w= 9 nsites= 1202 E= 7.1e-003
 0.540631 0.013495 0.180064 0.265811
 0.019811 0.000203 0.979760 0.000226
 0.000226 0.000203 0.999345 0.000226
 0.861417 0.028292 0.000203 0.110087
 0.999367 0.000203 0.000203 0.000226
 0.000226 0.019387 0.000203 0.980184
 0.000226 0.000203 0.978358 0.021213
 0.066170 0.188148 0.016357 0.729325
 0.201089 0.100481 0.680814 0.017616

MOTIF 27-CACACACACACACAC STREME-27
letter-probability matrix: alength= 4 w= 15 nsites= 173 E= 1.9e-002
 0.089636 0.813086 0.003082 0.094195
 0.992629 0.000228 0.006891 0.000253
 0.006916 0.908922 0.000228 0.083934
 0.915610 0.000228 0.083910 0.000253
 0.013579 0.826031 0.086846 0.073545
 0.836050 0.000228 0.136817 0.026904
 0.000253 0.806043 0.033542 0.160162
 0.799405 0.020217 0.180126 0.000253
 0.000253 0.985941 0.013554 0.000253
 0.899348 0.000228 0.086846 0.013579
 0.006916 0.857963 0.020217 0.114905
 0.923234 0.020217 0.020217 0.036333
 0.046893 0.931847 0.013554 0.007707
 0.924913 0.027966 0.046868 0.000253
 0.100196 0.690172 0.078506 0.131125

MOTIF 28-TGTGTACAYR STREME-28
letter-probability matrix: alength= 4 w= 10 nsites= 288 E= 2.5e-002
 0.111607 0.000304 0.000304 0.887785
 0.034784 0.000304 0.964575 0.000337
 0.021798 0.021765 0.000304 0.956133
 0.000337 0.000304 0.999022 0.000337
 0.050794 0.000304 0.035849 0.913052
 0.883394 0.025102 0.091168 0.000337
 0.000337 0.993622 0.000304 0.005737
 0.687481 0.000304 0.073145 0.239070
 0.000337 0.623068 0.000304 0.376291
 0.463222 0.000304 0.363796 0.172677

MOTIF 29-CATTTMC STREME-29
letter-probability matrix: alength= 4 w= 7 nsites= 1662 E= 2.7e-002
 0.000689 0.998000 0.000622 0.000689
 0.909065 0.000622 0.089625 0.000689
 0.000689 0.000622 0.000622 0.998068
 0.000689 0.000622 0.000622 0.998068
 0.008862 0.000622 0.000622 0.989895
 0.554560 0.444129 0.000622 0.000689
 0.000689 0.997197 0.001425 0.000689

MOTIF 30-AAGCGATTCTCCTG STREME-30
letter-probability matrix: alength= 4 w= 14 nsites= 72 E= 3.6e-002
 0.998471 0.000492 0.000492 0.000545
 0.926590 0.029244 0.000492 0.043674
 0.064017 0.000492 0.906194 0.029298
 0.058050 0.739646 0.000492 0.201812
 0.216189 0.078340 0.704927 0.000545
 0.984095 0.014868 0.000492 0.000545
 0.014921 0.000492 0.029244 0.955343
 0.000545 0.331145 0.000492 0.667818
 0.014921 0.984041 0.000492 0.000545
 0.000545 0.000492 0.000492 0.998471
 0.000545 0.998418 0.000492 0.000545
 0.043674 0.854655 0.029244 0.072426
 0.000545 0.216135 0.000492 0.782828
 0.129931 0.000492 0.869032 0.000545

MOTIF 31-CGGGTGGATCA STREME-31
letter-probability matrix: alength= 4 w= 11 nsites= 82 E= 3.6e-002
 0.000785 0.793022 0.062822 0.143371
 0.000785 0.021413 0.977017 0.000785
 0.009378 0.000708 0.968424 0.021490
 0.021490 0.009301 0.968424 0.000785
 0.021490 0.228457 0.000708 0.749345
 0.000785 0.000708 0.997721 0.000785
 0.021490 0.000708 0.968424 0.009378
 0.977094 0.000708 0.021413 0.000785
 0.021490 0.009301 0.021413 0.947796
 0.009378 0.968424 0.000708 0.021490
 0.993810 0.004697 0.000708 0.000785

MOTIF 32-CTTTGTTCA STREME-32
letter-probability matrix: alength= 4 w= 9 nsites= 697 E= 4.7e-002
 0.029510 0.894730 0.075310 0.000449
 0.049294 0.008177 0.000634 0.941895
 0.074449 0.000405 0.000405 0.924740
 0.012291 0.025773 0.019970 0.941966
 0.009433 0.000405 0.989713 0.000449
 0.101294 0.000405 0.029606 0.868695
 0.054325 0.088283 0.000405 0.856987
 0.004470 0.898027 0.065100 0.032402
 0.872429 0.090340 0.036782 0.000449

MOTIF 33-GCGCATGCGC STREME-33
letter-probability matrix: alength= 4 w= 10 nsites= 129 E= 9.6e-002
 0.028796 0.001844 0.961758 0.007601
 0.085317 0.902779 0.000483 0.011420
 0.014508 0.000483 0.984473 0.000536
 0.004355 0.983741 0.011368 0.000536
 0.766521 0.077499 0.119246 0.036734
 0.036734 0.119246 0.077499 0.766521
 0.000536 0.011368 0.983741 0.004355
 0.000536 0.984473 0.000483 0.014508
 0.011420 0.000483 0.902779 0.085317
 0.007601 0.961758 0.001844 0.028796

MOTIF 34-AAAAATTAGCYRGGC STREME-34
letter-probability matrix: alength= 4 w= 15 nsites= 125 E= 1.5e-001
 0.918067 0.054292 0.000308 0.027333
 0.972051 0.000308 0.018302 0.009339
 0.981049 0.000308 0.000308 0.018336
 0.927065 0.009305 0.027300 0.036331
 0.963054 0.018302 0.000308 0.018336
 0.009339 0.018302 0.009305 0.963054
 0.000341 0.018302 0.018302 0.963054
 0.999043 0.000308 0.000308 0.000341
 0.072320 0.009305 0.873047 0.045328
 0.000341 0.999010 0.000308 0.000341
 0.009339 0.558141 0.000308 0.432212
 0.324245 0.000308 0.639117 0.036331
 0.045328 0.009305 0.945026 0.000341
 0.090314 0.009305 0.900039 0.000341
 0.018336 0.693101 0.000308 0.288255

MOTIF 35-CTGATAA STREME-35
letter-probability matrix: alength= 4 w= 7 nsites= 809 E= 1.5e-001
 0.023900 0.930645 0.021555 0.023900
 0.023900 0.021555 0.021555 0.932991
 0.023900 0.021555 0.930645 0.023900
 0.932991 0.021555 0.021555 0.023900
 0.023900 0.021555 0.021555 0.932991
 0.932991 0.021555 0.021555 0.023900
 0.932991 0.021555 0.021555 0.023900

MOTIF 36-CACTAGAKGG STREME-36
letter-probability matrix: alength= 4 w= 10 nsites= 94 E= 2.4e-001
 0.000764 0.986897 0.000689 0.011651
 0.897160 0.000689 0.101388 0.000764
 0.000764 0.997783 0.000689 0.000764
 0.000764 0.000689 0.014436 0.984111
 0.985620 0.012927 0.000689 0.000764
 0.000764 0.000689 0.997783 0.000764
 0.968438 0.030110 0.000689 0.000764
 0.000764 0.000689 0.650561 0.347986
 0.000764 0.000689 0.997783 0.000764
 0.000764 0.000689 0.997783 0.000764

MOTIF 37-AAATATTTG STREME-37
letter-probability matrix: alength= 4 w= 9 nsites= 400 E= 4.0e-001
 0.816458 0.143469 0.007749 0.032323
 0.982339 0.000339 0.000339 0.016982
 0.932318 0.037686 0.018168 0.011828
 0.000376 0.000339 0.000339 0.998945
 0.998945 0.000339 0.000339 0.000376
 0.003900 0.044222 0.015959 0.935919
 0.010682 0.000339 0.000339 0.988639
 0.057810 0.028035 0.000339 0.913815
 0.157711 0.000339 0.841573 0.000376

MOTIF 38-CCCAGGGCTGG STREME-38
letter-probability matrix: alength= 4 w= 11 nsites= 862 E= 4.1e-001
 0.044317 0.880127 0.065555 0.010001
 0.022903 0.875647 0.090748 0.010702
 0.014155 0.867489 0.055802 0.062554
 0.691342 0.095366 0.171137 0.042155
 0.043514 0.082222 0.789793 0.084471
 0.020077 0.000106 0.966944 0.012873
 0.012163 0.167302 0.745737 0.074798
 0.026671 0.937374 0.021375 0.014580
 0.028538 0.080337 0.134243 0.756883
 0.077722 0.101774 0.791267 0.029236
 0.049515 0.099455 0.819819 0.031211

MOTIF 39-CAAAGTCC STREME-39
letter-probability matrix: alength= 4 w= 8 nsites= 1455 E= 4.2e-001
 0.000459 0.967305 0.005974 0.026261
 0.759151 0.069147 0.099769 0.071933
 0.972722 0.000414 0.000414 0.026451
 0.933778 0.014434 0.000414 0.051375
 0.000459 0.000414 0.918394 0.080733
 0.036446 0.000414 0.000414 0.962726
 0.039582 0.922619 0.012114 0.025686
 0.077989 0.737466 0.007558 0.176987

MOTIF 40-GAGGTGGGAGGATCR STREME-40
letter-probability matrix: alength= 4 w= 15 nsites= 142 E= 4.7e-001
 0.017547 0.008905 0.930172 0.043376
 0.904375 0.069174 0.026124 0.000327
 0.077816 0.000295 0.921563 0.000327
 0.043376 0.000295 0.956002 0.000327
 0.008937 0.249984 0.000295 0.740785
 0.206966 0.034734 0.757973 0.000327
 0.000327 0.017514 0.981832 0.000327
 0.095036 0.017514 0.887123 0.000327
 0.887155 0.043344 0.008905 0.060596
 0.034766 0.026124 0.938782 0.000327
 0.069206 0.008905 0.921563 0.000327
 0.981864 0.000295 0.017514 0.000327
 0.008937 0.069174 0.043344 0.878545
 0.026157 0.689093 0.017514 0.267236
 0.353336 0.103614 0.491063 0.051986

MOTIF 41-CAGAGTCCAG STREME-41
letter-probability matrix: alength= 4 w= 10 nsites= 289 E= 4.9e-001
 0.030333 0.945186 0.010378 0.014103
 0.875330 0.023603 0.000362 0.100705
 0.000401 0.010273 0.973480 0.015846
 0.909942 0.007831 0.076778 0.005448
 0.035485 0.000362 0.955072 0.009081
 0.092976 0.000362 0.000362 0.906300
 0.004370 0.823889 0.000362 0.171379
 0.017228 0.930517 0.047041 0.005214
 0.985969 0.005597 0.008033 0.000401
 0.045676 0.023993 0.893614 0.036717

MOTIF 42-CTCTGCT STREME-42
letter-probability matrix: alength= 4 w= 7 nsites= 1920 E= 5.5e-001
 0.023900 0.930645 0.021555 0.023900
 0.023900 0.021555 0.021555 0.932991
 0.023900 0.930645 0.021555 0.023900
 0.023900 0.021555 0.021555 0.932991
 0.023900 0.021555 0.930645 0.023900
 0.023900 0.930645 0.021555 0.023900
 0.023900 0.021555 0.021555 0.932991

MOTIF 43-CCCTTCCCT STREME-43
letter-probability matrix: alength= 4 w= 9 nsites= 1561 E= 5.6e-001
 0.000308 0.909858 0.000278 0.089556
 0.000308 0.811452 0.100219 0.088021
 0.000308 0.999106 0.000278 0.000308
 0.000308 0.224896 0.000278 0.774518
 0.000308 0.000278 0.262951 0.736463
 0.000308 0.999106 0.000278 0.000308
 0.000308 0.987793 0.011591 0.000308
 0.000308 0.982836 0.016548 0.000308
 0.209008 0.000278 0.236038 0.554676

MOTIF 44-AGACAATAYGTGCAC STREME-44
letter-probability matrix: alength= 4 w= 15 nsites= 53 E= 5.8e-001
 0.904823 0.023971 0.000793 0.070413
 0.000879 0.000793 0.997449 0.000879
 0.997535 0.000793 0.000793 0.000879
 0.024057 0.974271 0.000793 0.000879
 0.974357 0.000793 0.023971 0.000879
 0.997535 0.000793 0.000793 0.000879
 0.000879 0.000793 0.000793 0.997535
 0.835289 0.000793 0.163039 0.000879
 0.000879 0.510710 0.000793 0.487618
 0.116769 0.047149 0.835203 0.000879
 0.000879 0.023971 0.000793 0.974357
 0.024057 0.000793 0.974271 0.000879
 0.000879 0.997449 0.000793 0.000879
 0.974357 0.023971 0.000793 0.000879
 0.000879 0.997449 0.000793 0.000879

MOTIF 45-CTTCCTC STREME-45
letter-probability matrix: alength= 4 w= 7 nsites= 1169 E= 6.4e-001
 0.023900 0.930645 0.021555 0.023900
 0.023900 0.021555 0.021555 0.932991
 0.023900 0.021555 0.021555 0.932991
 0.023900 0.930645 0.021555 0.023900
 0.023900 0.930645 0.021555 0.023900
 0.023900 0.021555 0.021555 0.932991
 0.023900 0.930645 0.021555 0.023900

MOTIF 46-CTCTCTCTCTCTC STREME-46
letter-probability matrix: alength= 4 w= 13 nsites= 100 E= 8.0e-001
 0.018381 0.938049 0.000475 0.043095
 0.000527 0.139395 0.000475 0.859603
 0.000527 0.890942 0.088833 0.019698
 0.000527 0.000475 0.000475 0.998523
 0.000527 0.979300 0.000475 0.019698
 0.028311 0.000475 0.014367 0.956847
 0.000527 0.971860 0.000475 0.027138
 0.056095 0.056043 0.000475 0.887387
 0.000527 0.998471 0.000475 0.000527
 0.014419 0.208855 0.014367 0.762359
 0.000527 0.970687 0.028259 0.000527
 0.000527 0.000475 0.008246 0.990752
 0.048455 0.950543 0.000475 0.000527

MOTIF 47-AAACAAACA STREME-47
letter-probability matrix: alength= 4 w= 9 nsites= 1021 E= 8.5e-001
 0.822882 0.008467 0.159456 0.009195
 0.798104 0.097216 0.089577 0.015103
 0.934539 0.046602 0.003149 0.015710
 0.000208 0.999397 0.000187 0.000208
 0.947770 0.032589 0.018565 0.001077
 0.951168 0.045209 0.000187 0.003435
 0.990703 0.004229 0.004209 0.000859
 0.000208 0.893600 0.081264 0.024929
 0.896679 0.064351 0.021351 0.017619

MOTIF 48-CTGGGTC STREME-48
letter-probability matrix: alength= 4 w= 7 nsites= 680 E= 1.1e+000
 0.023900 0.930645 0.021555 0.023900
 0.023900 0.021555 0.021555 0.932991
 0.023900 0.021555 0.930645 0.023900
 0.023900 0.021555 0.930645 0.023900
 0.023900 0.021555 0.930645 0.023900
 0.023900 0.021555 0.021555 0.932991
 0.023900 0.930645 0.021555 0.023900

MOTIF 49-KAGATAA STREME-49
letter-probability matrix: alength= 4 w= 7 nsites= 614 E= 1.1e+000
 0.000654 0.000590 0.507761 0.490995
 0.993399 0.005357 0.000590 0.000654
 0.000654 0.000590 0.998102 0.000654
 0.998166 0.000590 0.000590 0.000654
 0.000654 0.000590 0.000590 0.998166
 0.998166 0.000590 0.000590 0.000654
 0.998166 0.000590 0.000590 0.000654

MOTIF 50-CAGTGAGCTRTGA STREME-50
letter-probability matrix: alength= 4 w= 13 nsites= 95 E= 1.2e+000
 0.000398 0.862343 0.031859 0.105399
 0.973525 0.025717 0.000359 0.000398
 0.010898 0.021359 0.967344 0.000398
 0.000398 0.094860 0.042359 0.862382
 0.021398 0.000359 0.977844 0.000398
 0.935883 0.000359 0.063360 0.000398
 0.000398 0.010859 0.988344 0.000398
 0.162257 0.745865 0.017979 0.073899
 0.000398 0.136860 0.021359 0.841382
 0.480022 0.000359 0.519221 0.000398
 0.147399 0.021359 0.000359 0.830882
 0.031898 0.000359 0.967344 0.000398
 0.946383 0.021359 0.031859 0.000398

MOTIF 51-GGGATGTGGCAGGA STREME-51
letter-probability matrix: alength= 4 w= 14 nsites= 45 E= 1.2e+000
 0.023900 0.021555 0.930645 0.023900
 0.023900 0.021555 0.930645 0.023900
 0.023900 0.021555 0.930645 0.023900
 0.932991 0.021555 0.021555 0.023900
 0.023900 0.021555 0.021555 0.932991
 0.023900 0.021555 0.930645 0.023900
 0.023900 0.021555 0.021555 0.932991
 0.023900 0.021555 0.930645 0.023900
 0.023900 0.021555 0.930645 0.023900
 0.023900 0.930645 0.021555 0.023900
 0.932991 0.021555 0.021555 0.023900
 0.023900 0.021555 0.930645 0.023900
 0.023900 0.021555 0.930645 0.023900
 0.932991 0.021555 0.021555 0.023900

MOTIF 52-CCCAGCCC STREME-52
letter-probability matrix: alength= 4 w= 8 nsites= 1344 E= 1.3e+000
 0.002041 0.997161 0.000378 0.000420
 0.000420 0.955604 0.043556 0.000420
 0.018364 0.845320 0.134123 0.002192
 0.909500 0.018610 0.071471 0.000420
 0.104978 0.051995 0.826846 0.016182
 0.005688 0.985328 0.000378 0.008606
 0.182909 0.634369 0.091215 0.091507
 0.000420 0.994069 0.005092 0.000420

MOTIF 53-CCACGTGG STREME-53
letter-probability matrix: alength= 4 w= 8 nsites= 498 E= 1.5e+000
 0.064224 0.626667 0.121961 0.187148
 0.000305 0.936299 0.051294 0.012102
 0.999144 0.000275 0.000275 0.000305
 0.000305 0.999114 0.000275 0.000305
 0.000305 0.000275 0.999114 0.000305
 0.000305 0.000275 0.000275 0.999144
 0.012102 0.051294 0.936299 0.000305
 0.187148 0.121961 0.626667 0.064224

MOTIF 54-ATTGCAACAB STREME-54
letter-probability matrix: alength= 4 w= 10 nsites= 217 E= 1.5e+000
 0.998582 0.000456 0.000456 0.000506
 0.000506 0.000456 0.000456 0.998582
 0.066352 0.000456 0.000456 0.932736
 0.000506 0.000456 0.998532 0.000506
 0.000506 0.998532 0.000456 0.000506
 0.982273 0.000456 0.007664 0.009607
 0.771240 0.000456 0.000456 0.227847
 0.000506 0.998457 0.000456 0.000581
 0.966591 0.027124 0.003025 0.003260
 0.006084 0.299075 0.428230 0.266611

MOTIF 55-CACCTAGTGGY STREME-55
letter-probability matrix: alength= 4 w= 11 nsites= 287 E= 1.8e+000
 0.000224 0.999349 0.000202 0.000224
 0.686599 0.228882 0.000202 0.084317
 0.000224 0.841814 0.012034 0.145928
 0.000224 0.999349 0.000202 0.000224
 0.000224 0.036836 0.000202 0.962738
 0.590269 0.107234 0.287244 0.015253
 0.000224 0.139108 0.727470 0.133197
 0.077558 0.014489 0.000202 0.907751
 0.018522 0.029780 0.951473 0.000224
 0.012056 0.000202 0.987518 0.000224
 0.095031 0.527957 0.014489 0.362524

MOTIF 56-AAATAC STREME-56
letter-probability matrix: alength= 4 w= 6 nsites= 1678 E= 1.8e+000
 0.932991 0.021555 0.021555 0.023900
 0.932991 0.021555 0.021555 0.023900
 0.932991 0.021555 0.021555 0.023900
 0.023900 0.021555 0.021555 0.932991
 0.932991 0.021555 0.021555 0.023900
 0.023900 0.930645 0.021555 0.023900

MOTIF 57-AGATGGCG STREME-57
letter-probability matrix: alength= 4 w= 8 nsites= 113 E= 2.0e+000
 0.932991 0.021555 0.021555 0.023900
 0.023900 0.021555 0.930645 0.023900
 0.932991 0.021555 0.021555 0.023900
 0.023900 0.021555 0.021555 0.932991
 0.023900 0.021555 0.930645 0.023900
 0.023900 0.021555 0.930645 0.023900
 0.023900 0.930645 0.021555 0.023900
 0.023900 0.021555 0.930645 0.023900

MOTIF 58-GCCCWGGGC STREME-58
letter-probability matrix: alength= 4 w= 9 nsites= 800 E= 2.0e+000
 0.250833 0.000304 0.578717 0.170146
 0.005854 0.934758 0.000304 0.059084
 0.017924 0.955744 0.025995 0.000338
 0.045445 0.839268 0.036246 0.079041
 0.433468 0.066532 0.066532 0.433468
 0.079041 0.036246 0.839268 0.045445
 0.000338 0.025995 0.955744 0.017924
 0.059084 0.000304 0.934758 0.005854
 0.170146 0.578717 0.000304 0.250833

MOTIF 59-TAGAGATAGTGA STREME-59
letter-probability matrix: alength= 4 w= 12 nsites= 50 E= 2.3e+000
 0.000879 0.000793 0.000793 0.997535
 0.974357 0.000793 0.000793 0.024057
 0.139947 0.047149 0.812025 0.000879
 0.997535 0.000793 0.000793 0.000879
 0.024057 0.023971 0.951093 0.000879
 0.997535 0.000793 0.000793 0.000879
 0.000879 0.000793 0.000793 0.997535
 0.997535 0.000793 0.000793 0.000879
 0.000879 0.000793 0.997449 0.000879
 0.093591 0.000793 0.023971 0.881645
 0.024057 0.023971 0.951093 0.000879
 0.904823 0.047149 0.047149 0.000879

MOTIF 60-ATGTGCCACCA STREME-60
letter-probability matrix: alength= 4 w= 11 nsites= 47 E= 2.3e+000
 0.997351 0.000852 0.000852 0.000945
 0.000945 0.200133 0.000852 0.798070
 0.000945 0.000852 0.997258 0.000945
 0.000945 0.150313 0.000852 0.847890
 0.000945 0.000852 0.997258 0.000945
 0.000945 0.997258 0.000852 0.000945
 0.000945 0.972348 0.000852 0.025855
 0.997351 0.000852 0.000852 0.000945
 0.000945 0.997258 0.000852 0.000945
 0.000945 0.947438 0.000852 0.050765
 0.997351 0.000852 0.000852 0.000945

MOTIF 61-CCTGCTGACCCTCTC STREME-61
letter-probability matrix: alength= 4 w= 15 nsites= 39 E= 2.3e+000
 0.001144 0.996679 0.001032 0.001144
 0.001144 0.996679 0.001032 0.001144
 0.001144 0.001032 0.001032 0.996792
 0.061487 0.001032 0.936337 0.001144
 0.001144 0.996679 0.001032 0.001144
 0.001144 0.001032 0.001032 0.996792
 0.001144 0.001032 0.996679 0.001144
 0.996792 0.001032 0.001032 0.001144
 0.031315 0.966508 0.001032 0.001144
 0.001144 0.966508 0.001032 0.031315
 0.001144 0.966508 0.031203 0.001144
 0.001144 0.001032 0.001032 0.996792
 0.001144 0.996679 0.001032 0.001144
 0.031315 0.001032 0.001032 0.966620
 0.031315 0.936337 0.001032 0.031315

MOTIF 62-AACAACAGAAAACAG STREME-62
letter-probability matrix: alength= 4 w= 15 nsites= 34 E= 2.3e+000
 0.964477 0.033207 0.001098 0.001218
 0.964477 0.001098 0.001098 0.033326
 0.001218 0.964357 0.033207 0.001218
 0.996585 0.001098 0.001098 0.001218
 0.996585 0.001098 0.001098 0.001218
 0.001218 0.996466 0.001098 0.001218
 0.964477 0.001098 0.033207 0.001218
 0.033326 0.001098 0.932249 0.033326
 0.932368 0.065316 0.001098 0.001218
 0.964477 0.001098 0.033207 0.001218
 0.932368 0.001098 0.065316 0.001218
 0.996585 0.001098 0.001098 0.001218
 0.001218 0.932249 0.033207 0.033326
 0.675499 0.001098 0.322185 0.001218
 0.001218 0.033207 0.932249 0.033326

MOTIF 63-CGGCGGCGGCGGC STREME-63
letter-probability matrix: alength= 4 w= 13 nsites= 75 E= 2.4e+000
 0.000592 0.998282 0.000534 0.000592
 0.000592 0.016147 0.982668 0.000592
 0.047432 0.031760 0.857763 0.063045
 0.053911 0.944962 0.000534 0.000592
 0.000592 0.104800 0.894016 0.000592
 0.016205 0.016147 0.951442 0.016205
 0.000592 0.951442 0.000534 0.047432
 0.031818 0.156665 0.810924 0.000592
 0.047432 0.016147 0.904603 0.031818
 0.000592 0.935829 0.062987 0.000592
 0.156724 0.125439 0.657739 0.060098
 0.063045 0.000534 0.935829 0.000592
 0.000592 0.982668 0.016147 0.000592

MOTIF 64-TAAAAATA STREME-64
letter-probability matrix: alength= 4 w= 8 nsites= 606 E= 2.5e+000
 0.001105 0.000997 0.000997 0.996901
 0.996901 0.000997 0.000997 0.001105
 0.731134 0.156417 0.063794 0.048655
 0.855620 0.034805 0.000997 0.108578
 0.884295 0.000997 0.000997 0.113712
 0.996901 0.000997 0.000997 0.001105
 0.001105 0.000997 0.000997 0.996901
 0.996901 0.000997 0.000997 0.001105

MOTIF 65-CYRGGAA STREME-65
letter-probability matrix: alength= 4 w= 7 nsites= 2199 E= 2.6e+000
 0.000839 0.997565 0.000757 0.000839
 0.000839 0.416894 0.000757 0.581510
 0.588271 0.000757 0.410133 0.000839
 0.000839 0.000757 0.997565 0.000839
 0.000839 0.000757 0.997565 0.000839
 0.997647 0.000757 0.000757 0.000839
 0.997647 0.000757 0.000757 0.000839

MOTIF 66-ACCACGGACAG STREME-66
letter-probability matrix: alength= 4 w= 11 nsites= 83 E= 2.6e+000
 0.927212 0.000488 0.043251 0.029050
 0.029050 0.969922 0.000488 0.000541
 0.000541 0.998431 0.000488 0.000541
 0.784007 0.000488 0.178557 0.036948
 0.000541 0.698564 0.000488 0.300408
 0.000541 0.000488 0.998431 0.000541
 0.000541 0.000488 0.969922 0.029050
 0.955721 0.028997 0.000488 0.014795
 0.029050 0.953975 0.016434 0.000541
 0.969975 0.014742 0.014742 0.000541
 0.000541 0.000488 0.998431 0.000541

MOTIF 67-CACTTCCC STREME-67
letter-probability matrix: alength= 4 w= 8 nsites= 274 E= 2.7e+000
 0.001139 0.996694 0.001027 0.001139
 0.936443 0.001027 0.061390 0.001139
 0.001139 0.996694 0.001027 0.001139
 0.001139 0.001027 0.075522 0.922311
 0.130072 0.001027 0.001027 0.867873
 0.001139 0.996694 0.001027 0.001139
 0.001139 0.979613 0.018109 0.001139
 0.001139 0.721211 0.276511 0.001139

MOTIF 68-AATGAATGAAT STREME-68
letter-probability matrix: alength= 4 w= 11 nsites= 143 E= 2.9e+000
 0.927184 0.000415 0.040891 0.031510
 0.803351 0.036843 0.088553 0.071253
 0.000461 0.054026 0.000415 0.945099
 0.061174 0.000415 0.937950 0.000461
 0.955600 0.000415 0.043524 0.000461
 0.998709 0.000415 0.000415 0.000461
 0.049031 0.036843 0.000415 0.913710
 0.047058 0.059433 0.893049 0.000461
 0.790748 0.063468 0.096754 0.049031
 0.922490 0.038567 0.038482 0.000461
 0.033167 0.000415 0.000415 0.966002

MOTIF 69-GGTGAC STREME-69
letter-probability matrix: alength= 4 w= 6 nsites= 1409 E= 3.4e+000
 0.023900 0.021555 0.930645 0.023900
 0.023900 0.021555 0.930645 0.023900
 0.023900 0.021555 0.021555 0.932991
 0.023900 0.021555 0.930645 0.023900
 0.932991 0.021555 0.021555 0.023900
 0.023900 0.930645 0.021555 0.023900

MOTIF 70-AGATASTATCT STREME-70
letter-probability matrix: alength= 4 w= 11 nsites= 206 E= 3.5e+000
 0.685783 0.040618 0.021911 0.251688
 0.000382 0.017846 0.981391 0.000382
 0.954436 0.016162 0.000344 0.029058
 0.000382 0.000344 0.000344 0.998929
 0.706318 0.005379 0.140372 0.147931
 0.000382 0.499618 0.499618 0.000382
 0.147931 0.140372 0.005379 0.706318
 0.998929 0.000344 0.000344 0.000382
 0.029058 0.000344 0.016162 0.954436
 0.000382 0.981391 0.017846 0.000382
 0.251688 0.021911 0.040618 0.685783

MOTIF 71-GGGAAA STREME-71
letter-probability matrix: alength= 4 w= 6 nsites= 2848 E= 3.7e+000
 0.023900 0.021555 0.930645 0.023900
 0.023900 0.021555 0.930645 0.023900
 0.023900 0.021555 0.930645 0.023900
 0.932991 0.021555 0.021555 0.023900
 0.932991 0.021555 0.021555 0.023900
 0.932991 0.021555 0.021555 0.023900

MOTIF 72-CTTYRAAG STREME-72
letter-probability matrix: alength= 4 w= 8 nsites= 318 E= 4.4e+000
 0.001343 0.996104 0.001211 0.001343
 0.001343 0.001211 0.001214 0.996232
 0.001343 0.001211 0.001211 0.996236
 0.001343 0.520660 0.001211 0.476787
 0.476787 0.001211 0.520660 0.001343
 0.996236 0.001211 0.001211 0.001343
 0.996232 0.001214 0.001211 0.001343
 0.001343 0.001211 0.996104 0.001343

MOTIF 73-TCCTGTTCCCTCAGA STREME-73
letter-probability matrix: alength= 4 w= 15 nsites= 37 E= 4.7e+000
 0.001508 0.041131 0.001360 0.956000
 0.001508 0.995623 0.001360 0.001508
 0.001508 0.955852 0.041131 0.001508
 0.001508 0.001360 0.001360 0.995771
 0.041279 0.001360 0.955852 0.001508
 0.001508 0.001360 0.001360 0.995771
 0.001508 0.001360 0.001360 0.995771
 0.001508 0.916082 0.001360 0.081049
 0.001508 0.995623 0.001360 0.001508
 0.001508 0.995623 0.001360 0.001508
 0.001508 0.001360 0.001360 0.995771
 0.001508 0.955852 0.041131 0.001508
 0.995771 0.001360 0.001360 0.001508
 0.041279 0.001360 0.955852 0.001508
 0.995771 0.001360 0.001360 0.001508

MOTIF 74-TAGATTCCAGASAT STREME-74
letter-probability matrix: alength= 4 w= 14 nsites= 46 E= 9.3e+000
 0.000840 0.000758 0.000758 0.997644
 0.997644 0.000758 0.000758 0.000840
 0.000840 0.000758 0.997562 0.000840
 0.997644 0.000758 0.000758 0.000840
 0.000840 0.022909 0.000758 0.975493
 0.000840 0.067211 0.045060 0.886888
 0.067294 0.842504 0.089363 0.000840
 0.000840 0.886806 0.000758 0.111596
 0.997644 0.000758 0.000758 0.000840
 0.111596 0.089363 0.776050 0.022991
 0.886888 0.022909 0.089363 0.000840
 0.000840 0.576689 0.310875 0.111596
 0.909040 0.000758 0.089363 0.000840
 0.000840 0.000758 0.000758 0.997644

********************************************************************************
Stopped because 3 consecutive motifs exceeded the p-value threshold (0.05).
********************************************************************************
COMMAND:	streme --verbosity 1 --oc meme_out_incomplete_DL/HepG2_GATA2-human_ENCFF997DRI/streme_out -dna --seed 0 --p meme_out_incomplete_DL/HepG2_GATA2-human_ENCFF997DRI/seqs-centered --minw 6 --maxw 15 --time 6177 --order 2 --thresh 0.05 --align center --totallength 4000000 --parse-genomic-coord
********************************************************************************
CPU:		9f05ee173ae9
********************************************************************************
FINALTIME:	3783.05 seconds
********************************************************************************
