********************************************************************************
STREME - Sensitive, Thorough, Rapid, Enriched Motif Elicitation
********************************************************************************
MEME version 5.5.3 (Release date: Sat Jun 10 16:19:38 2023 -0700)

For further information on how to interpret these results please access http://localhost:8080/meme_5.5.3.
To get a copy of the MEME Suite software please access https://meme-suite.org.

********************************************************************************


********************************************************************************
REFERENCE
********************************************************************************
If you use this program in your research, please cite:

Timothy L. Bailey,
"STREME: accurate and versatile sequence motif discovery",
Bioinformatics, Mar. 24, 2021.
********************************************************************************


ALPHABET= ACGT

strands: + -

Background letter frequencies
A 0.299 C 0.201 G 0.201 T 0.299 

MOTIF 1-TDASTCAGCAWWWW STREME-1
letter-probability matrix: alength= 4 w= 14 nsites= 16233 E= 5.5e-366
 0.226594 0.204469 0.084656 0.484280
 0.293175 0.122554 0.370077 0.214194
 0.575499 0.095121 0.121311 0.208068
 0.163254 0.278140 0.511226 0.047381
 0.000003 0.000002 0.000002 0.999993
 0.061805 0.938190 0.000002 0.000003
 0.993497 0.000002 0.006498 0.000003
 0.000003 0.000002 0.852221 0.147774
 0.000003 0.999992 0.000002 0.000003
 0.906850 0.000002 0.037622 0.055526
 0.399056 0.140278 0.153336 0.307330
 0.418684 0.050883 0.048184 0.482250
 0.343738 0.060381 0.026821 0.569060
 0.277653 0.155521 0.048571 0.518255

MOTIF 2-GCCACCRYGCCYRGC STREME-2
letter-probability matrix: alength= 4 w= 15 nsites= 427 E= 5.9e-013
 0.063183 0.022780 0.913928 0.000109
 0.002632 0.971957 0.002596 0.022815
 0.007678 0.949250 0.007642 0.035430
 0.987130 0.000073 0.010165 0.002632
 0.002632 0.971957 0.002596 0.022815
 0.025338 0.678793 0.000073 0.295796
 0.393715 0.010165 0.588442 0.007678
 0.020292 0.595525 0.012688 0.371495
 0.265034 0.010165 0.701986 0.022815
 0.000109 0.941681 0.017734 0.040476
 0.007678 0.966911 0.005119 0.020293
 0.030384 0.621245 0.010165 0.338205
 0.328601 0.005119 0.643464 0.022816
 0.037953 0.012688 0.941681 0.007678
 0.010201 0.929066 0.027825 0.032907

MOTIF 3-GCCTGTAATCCCAGC STREME-3
letter-probability matrix: alength= 4 w= 15 nsites= 386 E= 9.7e-012
 0.274611 0.014527 0.676072 0.034790
 0.005902 0.927447 0.008750 0.057901
 0.003013 0.955136 0.000084 0.041767
 0.000125 0.020304 0.000084 0.979487
 0.109905 0.005861 0.872555 0.011680
 0.000125 0.024392 0.002972 0.972511
 0.973710 0.000084 0.008750 0.017457
 0.892819 0.002972 0.104083 0.000125
 0.000125 0.017416 0.002972 0.979487
 0.011680 0.937806 0.004171 0.046344
 0.008791 0.965003 0.000084 0.026123
 0.000125 0.904337 0.002972 0.092566
 0.973710 0.000084 0.017416 0.008791
 0.101233 0.008750 0.878337 0.011680
 0.023234 0.924560 0.008750 0.043456

MOTIF 4-AAAAAAAAAAAARAA STREME-4
letter-probability matrix: alength= 4 w= 15 nsites= 463 E= 1.5e-009
 0.999660 0.000097 0.000097 0.000145
 0.999660 0.000097 0.000097 0.000145
 0.999660 0.000097 0.000097 0.000145
 0.999660 0.000097 0.000097 0.000145
 0.969449 0.006811 0.016882 0.006858
 0.948830 0.007284 0.033671 0.010215
 0.979399 0.000097 0.020359 0.000145
 0.989589 0.000097 0.010168 0.000145
 0.979514 0.000097 0.020244 0.000145
 0.994626 0.003454 0.000097 0.001823
 0.999660 0.000097 0.000097 0.000145
 0.989780 0.000097 0.009977 0.000145
 0.462305 0.025392 0.512158 0.000145
 0.959289 0.007564 0.006140 0.027007
 0.936616 0.029112 0.018098 0.016175

MOTIF 5-CCTCRGCCTCCC STREME-5
letter-probability matrix: alength= 4 w= 12 nsites= 1431 E= 3.9e-006
 0.023016 0.887962 0.035251 0.053771
 0.029619 0.907207 0.040871 0.022303
 0.045137 0.104343 0.062100 0.788420
 0.020744 0.800465 0.007929 0.170861
 0.441757 0.132563 0.310032 0.115649
 0.044990 0.071564 0.829833 0.053613
 0.016473 0.907118 0.028566 0.047842
 0.021630 0.894896 0.000038 0.083437
 0.038817 0.020183 0.059831 0.881168
 0.040246 0.863336 0.028344 0.068074
 0.022747 0.912332 0.028025 0.036896
 0.027985 0.803235 0.050339 0.118441

MOTIF 6-AGACRGAGTCTYRCT STREME-6
letter-probability matrix: alength= 4 w= 15 nsites= 372 E= 5.7e-006
 0.991293 0.000081 0.002889 0.005736
 0.016967 0.005697 0.971600 0.005736
 0.982870 0.002889 0.008504 0.005736
 0.008544 0.713280 0.008504 0.269672
 0.530813 0.005697 0.438101 0.025389
 0.067504 0.002889 0.918255 0.011352
 0.679635 0.000081 0.278049 0.042235
 0.081543 0.002889 0.901409 0.014159
 0.000121 0.000081 0.008504 0.991293
 0.000121 0.822792 0.000081 0.177006
 0.008544 0.014119 0.000081 0.977255
 0.011352 0.645892 0.014120 0.328637
 0.438157 0.039388 0.477412 0.045043
 0.011352 0.965985 0.008504 0.014159
 0.031005 0.078696 0.000081 0.890218

MOTIF 7-CCCCACCCC STREME-7
letter-probability matrix: alength= 4 w= 9 nsites= 1102 E= 2.7e-004
 0.027055 0.914214 0.021061 0.037669
 0.003333 0.941040 0.039003 0.016624
 0.026591 0.920361 0.027509 0.025539
 0.060426 0.913289 0.007386 0.018900
 0.831345 0.000123 0.091434 0.077099
 0.038498 0.902822 0.000123 0.058557
 0.021216 0.948794 0.002575 0.027414
 0.062450 0.876066 0.014496 0.046988
 0.079732 0.883330 0.020002 0.016937

MOTIF 8-CCAGCCTGGGCRACA STREME-8
letter-probability matrix: alength= 4 w= 15 nsites= 384 E= 3.6e-004
 0.010746 0.919961 0.021339 0.047954
 0.018719 0.917304 0.005392 0.058585
 0.981127 0.000077 0.018681 0.000115
 0.026692 0.002735 0.949196 0.021377
 0.024034 0.925277 0.023996 0.026692
 0.000115 0.970458 0.000077 0.029350
 0.000115 0.026654 0.010708 0.962523
 0.055927 0.010708 0.933250 0.000115
 0.085164 0.023996 0.882751 0.008088
 0.063901 0.095760 0.824278 0.016061
 0.042638 0.654111 0.021339 0.281912
 0.569079 0.005392 0.417441 0.008088
 0.949234 0.005392 0.039943 0.005430
 0.018719 0.927935 0.000077 0.053269
 0.951892 0.002735 0.037285 0.008088

MOTIF 9-GGAAGAGA STREME-9
letter-probability matrix: alength= 4 w= 8 nsites= 5635 E= 9.0e-004
 0.080870 0.000098 0.918886 0.000146
 0.027048 0.024030 0.948775 0.000146
 0.609449 0.000098 0.174702 0.215750
 0.987064 0.012691 0.000098 0.000146
 0.000146 0.000098 0.999609 0.000146
 0.680060 0.054833 0.264960 0.000146
 0.191822 0.131346 0.603422 0.073410
 0.811244 0.000098 0.173554 0.015105

MOTIF 10-MTGACACAGCADW STREME-10
letter-probability matrix: alength= 4 w= 13 nsites= 343 E= 2.6e-003
 0.367567 0.614556 0.017719 0.000158
 0.000158 0.014693 0.018340 0.966809
 0.003802 0.000106 0.895954 0.100139
 0.999631 0.000106 0.000106 0.000158
 0.000158 0.986168 0.000106 0.013569
 0.916481 0.083256 0.000106 0.000158
 0.209626 0.659443 0.000106 0.130826
 0.792659 0.012559 0.007400 0.187382
 0.000158 0.000106 0.930286 0.069450
 0.000158 0.995932 0.000106 0.003804
 0.952221 0.000106 0.029281 0.018392
 0.327658 0.142253 0.238125 0.291964
 0.370007 0.021988 0.083987 0.524018

MOTIF 11-CTCAAGYGATCCTCC STREME-11
letter-probability matrix: alength= 4 w= 15 nsites= 191 E= 3.0e-003
 0.000246 0.879729 0.011557 0.108468
 0.011638 0.011557 0.017253 0.959553
 0.000246 0.930993 0.005861 0.062900
 0.991365 0.005861 0.000165 0.002609
 0.800062 0.000165 0.182439 0.017334
 0.057206 0.005861 0.936687 0.000246
 0.005942 0.353317 0.028644 0.612097
 0.171128 0.057124 0.771502 0.000246
 0.959553 0.005861 0.034340 0.000246
 0.011638 0.028644 0.005861 0.953857
 0.005942 0.839857 0.005861 0.148340
 0.011638 0.845552 0.005861 0.136950
 0.233787 0.005861 0.142565 0.617787
 0.011638 0.896817 0.011557 0.079988
 0.040118 0.891121 0.022948 0.045813

MOTIF 12-ACACACACACACACA STREME-12
letter-probability matrix: alength= 4 w= 15 nsites= 182 E= 3.0e-003
 0.999269 0.000209 0.000209 0.000312
 0.012095 0.936812 0.000209 0.050884
 0.992046 0.000209 0.007432 0.000312
 0.021981 0.977498 0.000209 0.000312
 0.963154 0.007433 0.021878 0.007535
 0.000312 0.878778 0.000209 0.120701
 0.864439 0.021879 0.098923 0.014758
 0.000312 0.934157 0.014656 0.050875
 0.999269 0.000209 0.000209 0.000312
 0.014760 0.928667 0.000209 0.056364
 0.935378 0.000209 0.049655 0.014758
 0.000312 0.919859 0.000209 0.079619
 0.947210 0.000209 0.023376 0.029205
 0.049542 0.913820 0.000209 0.036429
 0.967539 0.010268 0.021881 0.000312

MOTIF 13-YCAGGAGTTCRAG STREME-13
letter-probability matrix: alength= 4 w= 13 nsites= 129 E= 2.4e-002
 0.000390 0.644731 0.009291 0.345587
 0.031224 0.941036 0.027350 0.000390
 0.935880 0.000262 0.054439 0.009420
 0.045538 0.018321 0.926722 0.009420
 0.000390 0.000262 0.989929 0.009420
 0.970929 0.000262 0.028419 0.000390
 0.009420 0.000262 0.986183 0.004136
 0.063597 0.018321 0.000262 0.917820
 0.027478 0.000262 0.027351 0.944909
 0.000390 0.809318 0.018321 0.171971
 0.531059 0.031092 0.433714 0.004136
 0.908791 0.009291 0.072498 0.009420
 0.045538 0.000262 0.953810 0.000390

MOTIF 14-SCATTTTAC STREME-14
letter-probability matrix: alength= 4 w= 9 nsites= 1019 E= 2.9e-002
 0.048201 0.358321 0.553968 0.039511
 0.000289 0.979258 0.000446 0.020006
 0.959269 0.002610 0.020229 0.017891
 0.023997 0.005275 0.000791 0.969937
 0.002752 0.013403 0.000937 0.982908
 0.004441 0.009810 0.003173 0.982576
 0.003687 0.022921 0.003179 0.970213
 0.855320 0.086106 0.021885 0.036688
 0.057927 0.852532 0.028913 0.060628

MOTIF 15-GAAATGCAAA STREME-15
letter-probability matrix: alength= 4 w= 10 nsites= 92 E= 3.2e-002
 0.027200 0.018255 0.927345 0.027200
 0.936291 0.018255 0.018255 0.027200
 0.936291 0.018255 0.018255 0.027200
 0.936291 0.018255 0.018255 0.027200
 0.027200 0.018255 0.018255 0.936291
 0.027200 0.018255 0.927345 0.027200
 0.027200 0.927345 0.018255 0.027200
 0.936291 0.018255 0.018255 0.027200
 0.936291 0.018255 0.018255 0.027200
 0.936291 0.018255 0.018255 0.027200

MOTIF 16-AAGGAAA STREME-16
letter-probability matrix: alength= 4 w= 7 nsites= 1543 E= 3.6e-002
 0.936291 0.018255 0.018255 0.027200
 0.936291 0.018255 0.018255 0.027200
 0.027200 0.018255 0.927345 0.027200
 0.027200 0.018255 0.927345 0.027200
 0.936291 0.018255 0.018255 0.027200
 0.936291 0.018255 0.018255 0.027200
 0.936291 0.018255 0.018255 0.027200

MOTIF 17-ACCAATCAGCGCTCT STREME-17
letter-probability matrix: alength= 4 w= 15 nsites= 119 E= 4.7e-002
 0.963438 0.009173 0.027004 0.000385
 0.009300 0.954395 0.027005 0.009300
 0.000385 0.990056 0.000258 0.009300
 0.954523 0.018088 0.027003 0.000385
 0.981268 0.000258 0.018089 0.000385
 0.009300 0.009173 0.000258 0.981268
 0.009300 0.981142 0.000258 0.009300
 0.883200 0.000258 0.053751 0.062790
 0.009300 0.000258 0.981141 0.009300
 0.000385 0.704696 0.000258 0.294661
 0.223284 0.000258 0.642326 0.134131
 0.044961 0.918735 0.018088 0.018215
 0.000385 0.044842 0.018088 0.936685
 0.000385 0.981142 0.009173 0.009300
 0.009300 0.071590 0.018088 0.901022

MOTIF 18-AAWCCTTTAGCTAG STREME-18
letter-probability matrix: alength= 4 w= 14 nsites= 112 E= 4.7e-002
 0.998991 0.000289 0.000289 0.000431
 0.998991 0.000289 0.000289 0.000431
 0.500254 0.000289 0.000289 0.499168
 0.010401 0.978908 0.000289 0.010401
 0.000431 0.998849 0.000289 0.000431
 0.000431 0.020231 0.000289 0.979049
 0.000431 0.229639 0.000289 0.769641
 0.010401 0.000289 0.119948 0.869361
 0.879331 0.000289 0.000289 0.120091
 0.010401 0.000289 0.988879 0.000431
 0.000431 0.998849 0.000289 0.000431
 0.000431 0.030201 0.000289 0.969079
 0.977870 0.000289 0.021410 0.000431
 0.020372 0.000289 0.978908 0.000431

MOTIF 19-CAGTTTTGAGGAGTA STREME-19
letter-probability matrix: alength= 4 w= 15 nsites= 111 E= 4.7e-002
 0.000366 0.982096 0.008709 0.008829
 0.956826 0.000245 0.025636 0.017293
 0.051147 0.017172 0.905925 0.025756
 0.008829 0.000245 0.017172 0.973753
 0.017293 0.008709 0.000245 0.973753
 0.008829 0.008709 0.008709 0.973753
 0.000366 0.017172 0.008709 0.973753
 0.042684 0.008709 0.931315 0.017293
 0.931436 0.000245 0.051026 0.017293
 0.144248 0.000245 0.838214 0.017293
 0.144252 0.025636 0.795893 0.034220
 0.889118 0.017172 0.051027 0.042683
 0.127322 0.042563 0.787431 0.042684
 0.068075 0.025636 0.034099 0.872189
 0.880653 0.008709 0.059491 0.051147

MOTIF 20-TGACTTGGCA STREME-20
letter-probability matrix: alength= 4 w= 10 nsites= 443 E= 7.2e-002
 0.016107 0.108991 0.045604 0.829298
 0.000246 0.000165 0.999344 0.000246
 0.952013 0.000165 0.000165 0.047657
 0.000246 0.879357 0.120152 0.000246
 0.045429 0.032411 0.205432 0.716727
 0.105383 0.013896 0.000165 0.880556
 0.103587 0.094601 0.665795 0.136017
 0.000246 0.000165 0.936130 0.063460
 0.000246 0.999344 0.000165 0.000246
 0.850009 0.000165 0.096385 0.053441

MOTIF 21-AGTGCAGTGGYRCRA STREME-21
letter-probability matrix: alength= 4 w= 15 nsites= 147 E= 9.5e-002
 0.991912 0.000213 0.007557 0.000317
 0.073764 0.014902 0.911016 0.000317
 0.000317 0.014902 0.007557 0.977223
 0.066418 0.000213 0.918362 0.015006
 0.007662 0.933051 0.000213 0.059074
 0.984568 0.014902 0.000213 0.000317
 0.117832 0.000213 0.874293 0.007662
 0.000317 0.007557 0.000213 0.991912
 0.022351 0.000213 0.969774 0.007662
 0.037041 0.007557 0.947740 0.007662
 0.007662 0.653914 0.000213 0.338212
 0.360219 0.007557 0.624562 0.007662
 0.000317 0.786147 0.014902 0.198633
 0.587945 0.036936 0.374802 0.000317
 0.940501 0.022247 0.036936 0.000317

MOTIF 22-CCDHGG STREME-22
letter-probability matrix: alength= 4 w= 6 nsites= 3649 E= 1.2e-001
 0.198158 0.800080 0.000707 0.001054
 0.001054 0.996807 0.001084 0.001054
 0.298443 0.000707 0.332930 0.367919
 0.367919 0.332930 0.000707 0.298443
 0.001054 0.001084 0.996807 0.001054
 0.001054 0.000707 0.800080 0.198158

MOTIF 23-GAGAAAGAA STREME-23
letter-probability matrix: alength= 4 w= 9 nsites= 991 E= 2.9e-001
 0.058741 0.000346 0.915091 0.025822
 0.870422 0.003257 0.109789 0.016532
 0.000516 0.020596 0.966520 0.012369
 0.974981 0.010917 0.006880 0.007221
 0.782071 0.113575 0.073180 0.031174
 0.889907 0.019423 0.077210 0.013460
 0.000516 0.051060 0.838027 0.110397
 0.944108 0.007784 0.009525 0.038583
 0.886532 0.038080 0.055514 0.019874

MOTIF 24-AGAAACTGTCACAGC STREME-24
letter-probability matrix: alength= 4 w= 15 nsites= 98 E= 3.8e-001
 0.968403 0.000295 0.020673 0.010629
 0.041195 0.020673 0.937692 0.000440
 0.968403 0.000295 0.030861 0.000440
 0.948025 0.010484 0.041051 0.000440
 0.927649 0.030861 0.020673 0.020817
 0.031006 0.805237 0.010484 0.153273
 0.020817 0.030862 0.030861 0.917460
 0.092138 0.010484 0.886749 0.010629
 0.010629 0.102184 0.000295 0.886892
 0.020818 0.917315 0.000295 0.061572
 0.937837 0.041050 0.020673 0.000440
 0.020817 0.784861 0.071617 0.122705
 0.968403 0.010484 0.000295 0.020818
 0.061572 0.010484 0.917315 0.010629
 0.051384 0.835804 0.000295 0.112517

MOTIF 25-GTAAATA STREME-25
letter-probability matrix: alength= 4 w= 7 nsites= 7800 E= 6.6e-001
 0.091389 0.009846 0.886447 0.012318
 0.060051 0.113011 0.076266 0.750673
 0.973054 0.000214 0.000273 0.026459
 0.931686 0.001439 0.039005 0.027871
 0.882968 0.030406 0.070755 0.015871
 0.000318 0.168399 0.003374 0.827909
 0.943997 0.000240 0.055425 0.000339

MOTIF 26-TAAAATA STREME-26
letter-probability matrix: alength= 4 w= 7 nsites= 1907 E= 7.1e-001
 0.027200 0.018255 0.018255 0.936291
 0.936291 0.018255 0.018255 0.027200
 0.936291 0.018255 0.018255 0.027200
 0.936291 0.018255 0.018255 0.027200
 0.936291 0.018255 0.018255 0.027200
 0.027200 0.018255 0.018255 0.936291
 0.936291 0.018255 0.018255 0.027200

MOTIF 27-CAAAGTCC STREME-27
letter-probability matrix: alength= 4 w= 8 nsites= 223 E= 8.1e-001
 0.001997 0.994666 0.001340 0.001997
 0.758997 0.001340 0.237666 0.001997
 0.995323 0.001340 0.001340 0.001997
 0.995323 0.001340 0.001340 0.001997
 0.001997 0.001340 0.994666 0.001997
 0.001997 0.001340 0.001340 0.995323
 0.001997 0.994666 0.001340 0.001997
 0.001997 0.994666 0.001340 0.001997

MOTIF 28-AATAATAATAATAA STREME-28
letter-probability matrix: alength= 4 w= 14 nsites= 124 E= 8.5e-001
 0.838653 0.000261 0.115705 0.045380
 0.882111 0.036254 0.081246 0.000389
 0.000389 0.000261 0.000261 0.999089
 0.891110 0.000261 0.108240 0.000389
 0.999089 0.000261 0.000261 0.000389
 0.054380 0.081246 0.027255 0.837119
 0.847653 0.000261 0.000261 0.151826
 0.734407 0.054250 0.147967 0.063376
 0.030303 0.165962 0.027256 0.776480
 0.990091 0.000261 0.000261 0.009387
 0.927104 0.000261 0.072246 0.000389
 0.000389 0.030989 0.000261 0.968362
 0.990091 0.000261 0.000261 0.009387
 0.730674 0.018258 0.180226 0.070842

MOTIF 29-ATTTTTAAAAG STREME-29
letter-probability matrix: alength= 4 w= 11 nsites= 408 E= 8.6e-001
 0.998866 0.000325 0.000325 0.000484
 0.000484 0.046001 0.018529 0.934986
 0.021112 0.016084 0.000325 0.962479
 0.087803 0.000325 0.024321 0.887551
 0.000484 0.011515 0.017436 0.970565
 0.000484 0.000325 0.000325 0.998866
 0.944047 0.000325 0.000325 0.055303
 0.972508 0.000325 0.026682 0.000484
 0.946035 0.022600 0.000325 0.031040
 0.924932 0.000325 0.017498 0.057245
 0.214880 0.035809 0.526354 0.222957

MOTIF 30-AGATGAGGAAAC STREME-30
letter-probability matrix: alength= 4 w= 12 nsites= 154 E= 9.4e-001
 0.811109 0.024951 0.163584 0.000356
 0.000356 0.000239 0.999049 0.000356
 0.957978 0.000239 0.016714 0.025069
 0.000356 0.021162 0.000239 0.978243
 0.145601 0.034770 0.791147 0.028482
 0.723079 0.033188 0.137035 0.106697
 0.008587 0.008476 0.893378 0.089559
 0.092546 0.075958 0.806427 0.025069
 0.999166 0.000239 0.000239 0.000356
 0.952398 0.047008 0.000239 0.000356
 0.892722 0.056498 0.050424 0.000356
 0.040138 0.830119 0.079958 0.049785

MOTIF 31-CATCAGCAAAA STREME-31
letter-probability matrix: alength= 4 w= 11 nsites= 99 E= 9.4e-001
 0.000552 0.964317 0.013147 0.021984
 0.966269 0.000370 0.000370 0.032990
 0.013299 0.000370 0.000370 0.985960
 0.125160 0.843701 0.000370 0.030768
 0.931282 0.000370 0.051479 0.016869
 0.010002 0.003241 0.832857 0.153900
 0.000552 0.989076 0.000370 0.010002
 0.926512 0.008679 0.000370 0.064438
 0.901410 0.044770 0.040491 0.013328
 0.947610 0.038701 0.013137 0.000552
 0.864034 0.007271 0.077036 0.051660

MOTIF 32-GAAAACA STREME-32
letter-probability matrix: alength= 4 w= 7 nsites= 1828 E= 1.1e+000
 0.002353 0.001579 0.993714 0.002353
 0.994488 0.001579 0.001579 0.002353
 0.994488 0.001579 0.001579 0.002353
 0.994488 0.001579 0.001579 0.002353
 0.994488 0.001579 0.001579 0.002353
 0.002353 0.993714 0.001579 0.002353
 0.777686 0.001579 0.218381 0.002353

MOTIF 33-AGAAAC STREME-33
letter-probability matrix: alength= 4 w= 6 nsites= 3029 E= 1.2e+000
 0.936291 0.018255 0.018255 0.027200
 0.027200 0.018255 0.927345 0.027200
 0.936291 0.018255 0.018255 0.027200
 0.936291 0.018255 0.018255 0.027200
 0.936291 0.018255 0.018255 0.027200
 0.027200 0.927345 0.018255 0.027200

MOTIF 34-AGAAATG STREME-34
letter-probability matrix: alength= 4 w= 7 nsites= 1542 E= 1.2e+000
 0.936291 0.018255 0.018255 0.027200
 0.027200 0.018255 0.927345 0.027200
 0.936291 0.018255 0.018255 0.027200
 0.936291 0.018255 0.018255 0.027200
 0.936291 0.018255 0.018255 0.027200
 0.027200 0.018255 0.018255 0.936291
 0.027200 0.018255 0.927345 0.027200

MOTIF 35-MAACAACAACAAM STREME-35
letter-probability matrix: alength= 4 w= 13 nsites= 85 E= 1.5e+000
 0.492096 0.327515 0.100104 0.080285
 0.984868 0.000289 0.014411 0.000431
 0.989009 0.010271 0.000289 0.000431
 0.020395 0.978885 0.000289 0.000431
 0.899176 0.040215 0.050196 0.010413
 0.819310 0.010271 0.020252 0.150167
 0.030376 0.953341 0.000289 0.015994
 0.959065 0.010271 0.010271 0.020394
 0.994850 0.004430 0.000289 0.000431
 0.011957 0.977346 0.000289 0.010408
 0.959065 0.000289 0.030233 0.010413
 0.979027 0.010271 0.010271 0.000431
 0.372509 0.536933 0.000289 0.090269

MOTIF 36-GCAGTGAGCTGAGA STREME-36
letter-probability matrix: alength= 4 w= 14 nsites= 68 E= 1.5e+000
 0.014493 0.014295 0.964850 0.006363
 0.000600 0.942828 0.000403 0.056169
 0.970810 0.000403 0.028187 0.000600
 0.000600 0.000403 0.998397 0.000600
 0.014493 0.028187 0.006165 0.951155
 0.000600 0.014295 0.984505 0.000600
 0.998594 0.000403 0.000403 0.000600
 0.000600 0.014295 0.956720 0.028385
 0.000600 0.970612 0.028187 0.000600
 0.056169 0.306061 0.014295 0.623474
 0.306258 0.000403 0.651062 0.042277
 0.692950 0.042080 0.028187 0.236783
 0.000600 0.000403 0.970612 0.028385
 0.956917 0.028187 0.000403 0.014493

MOTIF 37-AAAGTTCTCCAAGT STREME-37
letter-probability matrix: alength= 4 w= 14 nsites= 59 E= 1.5e+000
 0.979282 0.000546 0.000546 0.019627
 0.979282 0.000546 0.019360 0.000813
 0.904023 0.000546 0.094619 0.000813
 0.076071 0.094618 0.828498 0.000813
 0.057256 0.000546 0.000546 0.941653
 0.000813 0.000546 0.000546 0.998096
 0.019627 0.828499 0.038174 0.113700
 0.057256 0.151063 0.000546 0.791135
 0.000813 0.960200 0.000546 0.038442
 0.000813 0.866128 0.038174 0.094885
 0.998096 0.000546 0.000546 0.000813
 0.998096 0.000546 0.000546 0.000813
 0.000813 0.000546 0.997829 0.000813
 0.000813 0.000546 0.151063 0.847579

MOTIF 38-CCTAGAA STREME-38
letter-probability matrix: alength= 4 w= 7 nsites= 499 E= 1.5e+000
 0.027200 0.927345 0.018255 0.027200
 0.027200 0.927345 0.018255 0.027200
 0.027200 0.018255 0.018255 0.936291
 0.936291 0.018255 0.018255 0.027200
 0.027200 0.018255 0.927345 0.027200
 0.936291 0.018255 0.018255 0.027200
 0.936291 0.018255 0.018255 0.027200

MOTIF 39-ACTTTGGGA STREME-39
letter-probability matrix: alength= 4 w= 9 nsites= 86 E= 1.6e+000
 0.936291 0.018255 0.018255 0.027200
 0.027200 0.927345 0.018255 0.027200
 0.027200 0.018255 0.018255 0.936291
 0.027200 0.018255 0.018255 0.936291
 0.027200 0.018255 0.018255 0.936291
 0.027200 0.018255 0.927345 0.027200
 0.027200 0.018255 0.927345 0.027200
 0.027200 0.018255 0.927345 0.027200
 0.936291 0.018255 0.018255 0.027200

MOTIF 40-ACATTCTACAAAA STREME-40
letter-probability matrix: alength= 4 w= 13 nsites= 73 E= 1.7e+000
 0.862415 0.000438 0.106259 0.030887
 0.046006 0.816848 0.030673 0.106474
 0.998470 0.000438 0.000438 0.000653
 0.000653 0.030673 0.106258 0.862416
 0.015770 0.015555 0.000438 0.968236
 0.046006 0.952903 0.000438 0.000653
 0.000653 0.000438 0.000438 0.998470
 0.847294 0.000438 0.045791 0.106477
 0.000653 0.968021 0.000438 0.030888
 0.938002 0.045790 0.015555 0.000653
 0.968236 0.015555 0.000438 0.015770
 0.983353 0.000438 0.015555 0.000653
 0.953119 0.000438 0.045790 0.000653

MOTIF 41-GTGCCAGGCACTR STREME-41
letter-probability matrix: alength= 4 w= 13 nsites= 97 E= 1.7e+000
 0.148280 0.000252 0.791672 0.059795
 0.000376 0.000252 0.000252 0.999120
 0.069978 0.028027 0.858118 0.043877
 0.043877 0.877193 0.000252 0.078678
 0.038786 0.734379 0.035053 0.191782
 0.920817 0.000252 0.078554 0.000376
 0.160590 0.000252 0.838782 0.000376
 0.119374 0.000252 0.862598 0.017776
 0.000376 0.775595 0.000252 0.223776
 0.888821 0.026354 0.084449 0.000376
 0.000376 0.955494 0.000252 0.043878
 0.000376 0.087255 0.043753 0.868616
 0.348387 0.000252 0.586474 0.064887

MOTIF 42-AATCATGAGAAAAAC STREME-42
letter-probability matrix: alength= 4 w= 15 nsites= 66 E= 1.7e+000
 0.967454 0.015938 0.015938 0.000669
 0.905497 0.000449 0.093384 0.000669
 0.000669 0.108874 0.015938 0.874518
 0.062627 0.781361 0.077895 0.078117
 0.967454 0.000449 0.031428 0.000669
 0.047137 0.000449 0.000449 0.951965
 0.047137 0.000449 0.936256 0.016158
 0.998433 0.000449 0.000449 0.000669
 0.047137 0.000449 0.936256 0.016158
 0.920986 0.000449 0.077896 0.000669
 0.890007 0.031428 0.046917 0.031648
 0.920986 0.015938 0.062406 0.000669
 0.890008 0.015938 0.062406 0.031648
 0.930050 0.031428 0.037853 0.000669
 0.069052 0.743959 0.000449 0.186541

MOTIF 43-AAAACAAACAAAC STREME-43
letter-probability matrix: alength= 4 w= 13 nsites= 174 E= 1.9e+000
 0.838258 0.084091 0.042154 0.035498
 0.974006 0.008625 0.017007 0.000362
 0.999152 0.000243 0.000243 0.000362
 0.957240 0.042155 0.000243 0.000362
 0.000362 0.999033 0.000243 0.000362
 0.933527 0.008625 0.017006 0.040842
 0.999152 0.000243 0.000243 0.000362
 0.999152 0.000243 0.000243 0.000362
 0.081944 0.883922 0.000243 0.033891
 0.957243 0.017007 0.017006 0.008744
 0.999152 0.000243 0.000243 0.000362
 0.999152 0.000243 0.000243 0.000362
 0.162656 0.803210 0.000243 0.033891

MOTIF 44-AAATTGCAACCTC STREME-44
letter-probability matrix: alength= 4 w= 13 nsites= 127 E= 2.2e+000
 0.999107 0.000256 0.000256 0.000381
 0.857835 0.000256 0.017915 0.123994
 0.928470 0.000256 0.000256 0.071018
 0.057022 0.206999 0.000256 0.735723
 0.016536 0.026744 0.000256 0.956465
 0.000381 0.000256 0.984170 0.015192
 0.000381 0.998981 0.000256 0.000381
 0.919643 0.035573 0.000256 0.044528
 0.898320 0.000256 0.101042 0.000381
 0.063002 0.768601 0.150357 0.018040
 0.252084 0.729620 0.009085 0.009211
 0.018040 0.017915 0.000256 0.963789
 0.059340 0.709645 0.044403 0.186613

MOTIF 45-CCAAGGTCA STREME-45
letter-probability matrix: alength= 4 w= 9 nsites= 722 E= 2.4e+000
 0.000235 0.771439 0.069022 0.159304
 0.000235 0.971414 0.028116 0.000235
 0.780671 0.000158 0.218936 0.000235
 0.986950 0.012657 0.000158 0.000235
 0.000235 0.013971 0.985559 0.000235
 0.130641 0.000158 0.868967 0.000235
 0.094675 0.128808 0.000158 0.776360
 0.000235 0.927300 0.000158 0.072308
 0.775073 0.045223 0.179469 0.000235

MOTIF 46-ATTTAATCCTCACAA STREME-46
letter-probability matrix: alength= 4 w= 15 nsites= 85 E= 5.5e+000
 0.933370 0.039564 0.013440 0.013626
 0.026688 0.091811 0.000379 0.881123
 0.013626 0.052625 0.000379 0.933370
 0.026688 0.052626 0.026502 0.894184
 0.875705 0.052625 0.058044 0.013626
 0.907246 0.000379 0.078749 0.013626
 0.052811 0.013440 0.026502 0.907246
 0.026688 0.836334 0.000379 0.136600
 0.039749 0.815628 0.000379 0.144244
 0.026688 0.052625 0.013440 0.907246
 0.052811 0.711136 0.013440 0.222613
 0.998678 0.000379 0.000379 0.000564
 0.026688 0.763381 0.078749 0.131182
 0.881123 0.013440 0.026502 0.078934
 0.920308 0.013440 0.039564 0.026688

MOTIF 47-CTGASTCAG STREME-47
letter-probability matrix: alength= 4 w= 9 nsites= 862 E= 6.3e+000
 0.181792 0.709771 0.108100 0.000337
 0.000337 0.051473 0.000226 0.947964
 0.000337 0.000226 0.999099 0.000337
 0.985949 0.013488 0.000226 0.000337
 0.000337 0.499663 0.499663 0.000337
 0.000337 0.000226 0.013488 0.985949
 0.000337 0.999099 0.000226 0.000337
 0.947964 0.000226 0.051473 0.000337
 0.000337 0.108100 0.709771 0.181792

MOTIF 48-AAAACAAAACAAAAM STREME-48
letter-probability matrix: alength= 4 w= 15 nsites= 93 E= 9.1e+000
 0.964683 0.034495 0.000330 0.000492
 0.896354 0.102823 0.000330 0.000492
 0.898294 0.000330 0.027830 0.073545
 0.903022 0.000330 0.091432 0.005216
 0.000492 0.930362 0.000330 0.068816
 0.930518 0.000330 0.000330 0.068821
 0.976071 0.000330 0.011718 0.011880
 0.941907 0.034495 0.023106 0.000492
 0.862193 0.068659 0.068655 0.000492
 0.000492 0.998686 0.000330 0.000492
 0.941907 0.011719 0.034495 0.011880
 0.919131 0.000330 0.000330 0.080209
 0.998848 0.000330 0.000330 0.000492
 0.782469 0.091437 0.000330 0.125764
 0.358275 0.499525 0.045883 0.096317

********************************************************************************
Stopped because 3 consecutive motifs exceeded the p-value threshold (0.05).
********************************************************************************
COMMAND:	streme --verbosity 1 --oc meme_out_incomplete_DL/HepG2_MAFK-human_ENCFF458PBB/streme_out -dna --seed 0 --p meme_out_incomplete_DL/HepG2_MAFK-human_ENCFF458PBB/seqs-centered --minw 6 --maxw 15 --time 6156 --order 2 --thresh 0.05 --align center --totallength 4000000 --parse-genomic-coord
********************************************************************************
CPU:		9f05ee173ae9
********************************************************************************
FINALTIME:	2551.61 seconds
********************************************************************************
