********************************************************************************
STREME - Sensitive, Thorough, Rapid, Enriched Motif Elicitation
********************************************************************************
MEME version 5.5.3 (Release date: Sat Jun 10 16:19:38 2023 -0700)

For further information on how to interpret these results please access http://localhost:8080/meme_5.5.3.
To get a copy of the MEME Suite software please access https://meme-suite.org.

********************************************************************************


********************************************************************************
REFERENCE
********************************************************************************
If you use this program in your research, please cite:

Timothy L. Bailey,
"STREME: accurate and versatile sequence motif discovery",
Bioinformatics, Mar. 24, 2021.
********************************************************************************


ALPHABET= ACGT

strands: + -

Background letter frequencies
A 0.296 C 0.203 G 0.203 T 0.296 

MOTIF 1-RATGAYRTCATY STREME-1
letter-probability matrix: alength= 4 w= 12 nsites= 15308 E= 5.0e-581
 0.352600 0.100975 0.398565 0.147860
 0.804486 0.029155 0.161039 0.005321
 0.000003 0.003534 0.000002 0.996461
 0.000772 0.000717 0.845325 0.153186
 0.927270 0.000002 0.066258 0.006469
 0.000003 0.607020 0.063118 0.329859
 0.329859 0.063118 0.607020 0.000003
 0.006469 0.066258 0.000002 0.927270
 0.153186 0.845325 0.000717 0.000772
 0.996461 0.000002 0.003534 0.000003
 0.005321 0.161039 0.029155 0.804486
 0.147860 0.398565 0.100975 0.352600

MOTIF 2-TATTGCATCATY STREME-2
letter-probability matrix: alength= 4 w= 12 nsites= 1989 E= 7.1e-046
 0.032412 0.109000 0.215511 0.643078
 0.869980 0.007409 0.122582 0.000028
 0.000028 0.001607 0.000019 0.998345
 0.001343 0.000677 0.000019 0.997961
 0.000028 0.000146 0.904823 0.095003
 0.000155 0.999798 0.000019 0.000028
 0.980421 0.004622 0.014272 0.000686
 0.003944 0.002265 0.000019 0.993772
 0.016794 0.980914 0.000677 0.001616
 0.997303 0.000677 0.001334 0.000686
 0.000958 0.222182 0.006621 0.770239
 0.182983 0.339220 0.069315 0.408482

MOTIF 3-CCAGCCTGGGYRACA STREME-3
letter-probability matrix: alength= 4 w= 15 nsites= 944 E= 5.0e-029
 0.015538 0.935531 0.020288 0.028643
 0.007199 0.931462 0.002418 0.058921
 0.979626 0.000035 0.017905 0.002434
 0.016730 0.009566 0.928383 0.045322
 0.011964 0.951018 0.010757 0.026260
 0.014347 0.965314 0.003609 0.016730
 0.010773 0.014331 0.003609 0.971287
 0.040557 0.004800 0.942679 0.011964
 0.056044 0.001721 0.930271 0.011964
 0.039365 0.116090 0.824241 0.020304
 0.039365 0.575251 0.016714 0.368670
 0.518082 0.020288 0.452048 0.009582
 0.973872 0.000035 0.019591 0.006502
 0.023878 0.915278 0.019096 0.041748
 0.951034 0.007183 0.035775 0.006008

MOTIF 4-CYGTCTCAAAAAAAA STREME-4
letter-probability matrix: alength= 4 w= 15 nsites= 783 E= 1.6e-024
 0.004367 0.936097 0.005782 0.053754
 0.017038 0.402454 0.011523 0.568985
 0.255502 0.017263 0.724304 0.002932
 0.013753 0.021568 0.001477 0.963202
 0.008672 0.959897 0.000638 0.030793
 0.004367 0.001477 0.001477 0.992679
 0.063800 0.905365 0.006378 0.024457
 0.891034 0.025034 0.010088 0.073845
 0.951306 0.002912 0.037949 0.007832
 0.911720 0.053735 0.023003 0.011542
 0.920926 0.025873 0.014393 0.038808
 0.930971 0.040224 0.012958 0.015847
 0.905980 0.049430 0.010088 0.034503
 0.908011 0.040224 0.012958 0.038808
 0.913995 0.037949 0.025034 0.023022

MOTIF 5-CCTCAGCCTCCCRAR STREME-5
letter-probability matrix: alength= 4 w= 15 nsites= 1039 E= 4.1e-023
 0.011621 0.905343 0.042651 0.040385
 0.003202 0.944105 0.014764 0.037929
 0.000045 0.010554 0.000031 0.989370
 0.007411 0.851498 0.007397 0.133693
 0.545806 0.116841 0.266274 0.071078
 0.105280 0.010554 0.880964 0.003202
 0.005307 0.951471 0.007397 0.035825
 0.006359 0.947262 0.002136 0.044244
 0.002150 0.005293 0.012659 0.979899
 0.006359 0.952523 0.003188 0.037929
 0.002150 0.941563 0.014764 0.041523
 0.013726 0.706364 0.026340 0.253571
 0.564890 0.032075 0.390362 0.012673
 0.751629 0.011607 0.228301 0.008464
 0.364594 0.010991 0.619109 0.005307

MOTIF 6-CCTGTAATCCCAGC STREME-6
letter-probability matrix: alength= 4 w= 14 nsites= 845 E= 5.5e-023
 0.010365 0.926396 0.003904 0.059335
 0.007787 0.954747 0.005193 0.032273
 0.007787 0.014214 0.002615 0.975384
 0.079955 0.005193 0.913509 0.001344
 0.000055 0.015502 0.001327 0.983116
 0.951652 0.012171 0.030967 0.005210
 0.753727 0.006481 0.235870 0.003921
 0.000055 0.010347 0.000038 0.989560
 0.006499 0.958079 0.006481 0.028941
 0.003921 0.939283 0.005193 0.051603
 0.011653 0.907284 0.005193 0.075870
 0.989560 0.001327 0.005193 0.003921
 0.058047 0.011636 0.922530 0.007787
 0.012942 0.948304 0.016791 0.021963

MOTIF 7-GCCACCRYGCCYRGC STREME-7
letter-probability matrix: alength= 4 w= 15 nsites= 728 E= 1.6e-016
 0.128946 0.009142 0.858815 0.003097
 0.009162 0.960403 0.006109 0.024325
 0.006130 0.966468 0.003077 0.024325
 0.983167 0.000045 0.016723 0.000065
 0.000065 0.980115 0.000045 0.019776
 0.013711 0.764808 0.006109 0.215372
 0.523745 0.006109 0.462499 0.007646
 0.012195 0.541920 0.009142 0.436743
 0.224416 0.012174 0.757280 0.006130
 0.000065 0.940692 0.006109 0.053133
 0.004614 0.946757 0.009142 0.039487
 0.022809 0.630749 0.004593 0.341849
 0.350264 0.021272 0.613237 0.015227
 0.019776 0.015207 0.963436 0.001581
 0.010679 0.957371 0.015207 0.016744

MOTIF 8-AGGAGRATCRCTTGA STREME-8
letter-probability matrix: alength= 4 w= 15 nsites= 671 E= 2.7e-015
 0.653469 0.001736 0.322804 0.021992
 0.029436 0.016911 0.931660 0.021992
 0.069204 0.005108 0.918871 0.006817
 0.902032 0.013539 0.015225 0.069204
 0.048970 0.003422 0.940091 0.007517
 0.543712 0.000050 0.451108 0.005131
 0.979595 0.001736 0.018597 0.000072
 0.006817 0.018597 0.000050 0.974537
 0.016934 0.665092 0.054706 0.263268
 0.400389 0.042203 0.525299 0.032109
 0.011875 0.937419 0.006794 0.043912
 0.011875 0.074240 0.016911 0.896974
 0.001758 0.010166 0.032086 0.955989
 0.028737 0.015925 0.953580 0.001758
 0.971164 0.003422 0.025342 0.000072

MOTIF 9-AAAMAAAAAAAAAAA STREME-9
letter-probability matrix: alength= 4 w= 15 nsites= 992 E= 1.1e-014
 0.999848 0.000044 0.000044 0.000064
 0.999848 0.000044 0.000044 0.000064
 0.999848 0.000044 0.000044 0.000064
 0.436705 0.375016 0.188215 0.000064
 0.999848 0.000044 0.000044 0.000064
 0.999848 0.000044 0.000044 0.000064
 0.999848 0.000044 0.000044 0.000064
 0.633429 0.223656 0.142851 0.000064
 0.872971 0.126921 0.000044 0.000064
 0.878421 0.076475 0.045041 0.000064
 0.947439 0.012805 0.039692 0.000064
 0.818376 0.153440 0.028120 0.000064
 0.893268 0.010815 0.095854 0.000064
 0.698641 0.107178 0.190511 0.003670
 0.901135 0.077567 0.013481 0.007817

MOTIF 10-GAGYGAGACT STREME-10
letter-probability matrix: alength= 4 w= 10 nsites= 508 E= 4.9e-013
 0.000122 0.000084 0.999671 0.000122
 0.992617 0.001187 0.006074 0.000122
 0.025877 0.000084 0.968194 0.005846
 0.000122 0.592234 0.000084 0.407560
 0.215261 0.000084 0.784532 0.000122
 0.999710 0.000084 0.000084 0.000122
 0.056627 0.000084 0.943166 0.000122
 0.959381 0.000084 0.034423 0.006112
 0.000122 0.999671 0.000084 0.000122
 0.000122 0.236342 0.037065 0.726471

MOTIF 11-TTGCAGTGAGCYRA STREME-11
letter-probability matrix: alength= 4 w= 14 nsites= 632 E= 9.3e-013
 0.008511 0.264765 0.003545 0.723179
 0.003568 0.005291 0.008784 0.982356
 0.033261 0.005291 0.949147 0.012301
 0.000075 0.942161 0.003545 0.054220
 0.952664 0.001798 0.040224 0.005315
 0.036754 0.014024 0.945654 0.003568
 0.000075 0.014024 0.005291 0.980610
 0.012301 0.001798 0.984080 0.001821
 0.994583 0.000051 0.005291 0.000075
 0.036754 0.012278 0.950894 0.000075
 0.005315 0.948422 0.001798 0.044465
 0.035007 0.563916 0.019264 0.381813
 0.417222 0.007038 0.570425 0.005315
 0.702945 0.000051 0.019264 0.277740

MOTIF 12-CCAAATAAGGTCACA STREME-12
letter-probability matrix: alength= 4 w= 15 nsites= 448 E= 2.1e-010
 0.002562 0.884231 0.029558 0.083648
 0.007477 0.891603 0.004986 0.095934
 0.965350 0.024644 0.009901 0.000105
 0.948150 0.014815 0.022187 0.014848
 0.937302 0.007444 0.050235 0.005019
 0.005019 0.051672 0.037949 0.905359
 0.918664 0.027101 0.041844 0.012391
 0.820378 0.132759 0.014815 0.032048
 0.191763 0.024644 0.719602 0.063991
 0.137706 0.018292 0.813391 0.030611
 0.000105 0.083615 0.009901 0.906379
 0.027134 0.876860 0.002529 0.093477
 0.940779 0.036930 0.019729 0.002562
 0.005019 0.908803 0.002529 0.083648
 0.933407 0.014815 0.034472 0.017305

MOTIF 13-AGTGCAGTGGCRY STREME-13
letter-probability matrix: alength= 4 w= 13 nsites= 314 E= 4.3e-009
 0.998009 0.000113 0.000113 0.001765
 0.084978 0.000113 0.910889 0.004020
 0.000165 0.000113 0.023244 0.976478
 0.084978 0.000113 0.887758 0.027151
 0.000165 0.940130 0.000113 0.059592
 0.961057 0.007823 0.019389 0.011730
 0.189066 0.000113 0.810656 0.000165
 0.000165 0.019389 0.000113 0.980333
 0.000165 0.000113 0.999557 0.000165
 0.061847 0.000113 0.937875 0.000165
 0.000165 0.689547 0.000113 0.310175
 0.423891 0.007823 0.514804 0.053482
 0.019441 0.606989 0.007823 0.365747

MOTIF 14-CCCCGCCCC STREME-14
letter-probability matrix: alength= 4 w= 9 nsites= 943 E= 1.1e-005
 0.035644 0.940849 0.000116 0.023391
 0.012517 0.972133 0.000116 0.015233
 0.023835 0.974111 0.001885 0.000170
 0.103575 0.844296 0.051959 0.000170
 0.297756 0.000116 0.645918 0.056210
 0.012522 0.987192 0.000116 0.000170
 0.024811 0.967804 0.007216 0.000170
 0.016001 0.798673 0.059870 0.125456
 0.051267 0.921499 0.012185 0.015049

MOTIF 15-ATTACATCTGCAAAG STREME-15
letter-probability matrix: alength= 4 w= 15 nsites= 342 E= 1.3e-005
 0.940961 0.003282 0.049243 0.006513
 0.000136 0.061997 0.000094 0.937773
 0.022455 0.042866 0.041543 0.893135
 0.910400 0.022413 0.047920 0.019267
 0.009702 0.770609 0.009659 0.210031
 0.923154 0.041543 0.022413 0.012890
 0.000136 0.060674 0.003282 0.935908
 0.025644 0.905846 0.000094 0.068417
 0.033344 0.006470 0.014171 0.946015
 0.092601 0.009659 0.865720 0.032021
 0.012890 0.891227 0.006470 0.089412
 0.955038 0.022413 0.019224 0.003325
 0.928208 0.006470 0.065185 0.000136
 0.597153 0.095746 0.042866 0.264234
 0.160881 0.016036 0.784686 0.038397

MOTIF 16-TGTCCTTATAARAAG STREME-16
letter-probability matrix: alength= 4 w= 15 nsites= 317 E= 2.6e-005
 0.000138 0.035529 0.012980 0.951353
 0.080671 0.003316 0.909432 0.006580
 0.009802 0.093513 0.019423 0.877262
 0.009802 0.857891 0.016201 0.116106
 0.009802 0.868592 0.016201 0.105405
 0.009802 0.012980 0.000095 0.977124
 0.003359 0.078744 0.006537 0.911360
 0.861156 0.035529 0.087071 0.016244
 0.013023 0.025865 0.016201 0.944910
 0.886926 0.016201 0.058079 0.038794
 0.909476 0.016201 0.051636 0.022687
 0.329335 0.022644 0.647883 0.000138
 0.925582 0.000095 0.074185 0.000138
 0.848270 0.012980 0.135391 0.003359
 0.126690 0.022644 0.837642 0.013023

MOTIF 17-AAGTCCTAACCCC STREME-17
letter-probability matrix: alength= 4 w= 13 nsites= 237 E= 3.1e-005
 0.963020 0.011397 0.025384 0.000199
 0.954404 0.000137 0.017285 0.028174
 0.116759 0.000137 0.854930 0.028174
 0.004862 0.093385 0.004799 0.896954
 0.000199 0.882905 0.000137 0.116759
 0.000199 0.934191 0.004799 0.060810
 0.004862 0.039371 0.004799 0.950968
 0.971552 0.000137 0.018786 0.009524
 0.927656 0.023449 0.034709 0.014187
 0.018849 0.850268 0.023449 0.107434
 0.032836 0.729838 0.028111 0.209215
 0.018849 0.862320 0.009462 0.109369
 0.018849 0.820359 0.020721 0.140071

MOTIF 18-RSACACAGAGACA STREME-18
letter-probability matrix: alength= 4 w= 13 nsites= 1393 E= 2.4e-004
 0.515724 0.005641 0.473323 0.005311
 0.057128 0.439719 0.473219 0.029934
 0.909872 0.083796 0.001285 0.005047
 0.280850 0.656839 0.046519 0.015792
 0.986142 0.006278 0.003782 0.003798
 0.011519 0.932147 0.056281 0.000053
 0.944285 0.001285 0.034778 0.019652
 0.117252 0.022275 0.822395 0.038077
 0.697682 0.008775 0.251887 0.041656
 0.066501 0.243458 0.648473 0.041567
 0.871507 0.071501 0.045915 0.011076
 0.114718 0.572014 0.200467 0.112801
 0.951538 0.001285 0.039115 0.008061

MOTIF 19-CAGGAGTTCRAGR STREME-19
letter-probability matrix: alength= 4 w= 13 nsites= 195 E= 1.0e-003
 0.000244 0.959377 0.000168 0.040211
 0.976582 0.005877 0.017296 0.000244
 0.063050 0.000168 0.936539 0.000244
 0.005954 0.000168 0.993634 0.000244
 0.976582 0.000168 0.017296 0.005954
 0.005954 0.000168 0.993634 0.000244
 0.114436 0.000168 0.000168 0.885229
 0.000244 0.000168 0.000168 0.999421
 0.028792 0.679608 0.034425 0.257175
 0.405624 0.023006 0.565416 0.005954
 0.988001 0.005877 0.000168 0.005954
 0.011663 0.005877 0.982215 0.000244
 0.639717 0.000168 0.359871 0.000244

MOTIF 20-ATGGAATACTATGCA STREME-20
letter-probability matrix: alength= 4 w= 15 nsites= 173 E= 1.0e-003
 0.940569 0.000192 0.039370 0.019869
 0.000279 0.013251 0.000192 0.986278
 0.045988 0.000192 0.953541 0.000279
 0.039458 0.026311 0.927422 0.006809
 0.973218 0.006721 0.006721 0.013339
 0.940569 0.019781 0.032841 0.006809
 0.000279 0.045900 0.000192 0.953629
 0.973218 0.000192 0.013251 0.013339
 0.006809 0.901303 0.000192 0.091696
 0.000279 0.039370 0.000192 0.960159
 0.986278 0.000192 0.013251 0.000279
 0.006809 0.104668 0.006721 0.881801
 0.085167 0.000192 0.757647 0.156994
 0.039458 0.881713 0.000192 0.078637
 0.953629 0.000192 0.039370 0.006809

MOTIF 21-AGAAAGAAA STREME-21
letter-probability matrix: alength= 4 w= 9 nsites= 2443 E= 1.0e-003
 0.955721 0.000151 0.043908 0.000220
 0.000220 0.000151 0.777898 0.221731
 0.911115 0.022332 0.066333 0.000220
 0.999478 0.000151 0.000151 0.000220
 0.999478 0.000151 0.000151 0.000220
 0.000220 0.072008 0.627725 0.300047
 0.859326 0.061122 0.032614 0.046939
 0.940672 0.000151 0.058956 0.000220
 0.982283 0.000151 0.017346 0.000220

MOTIF 22-CTTCCC STREME-22
letter-probability matrix: alength= 4 w= 6 nsites= 2472 E= 2.0e-003
 0.026955 0.927591 0.018500 0.026955
 0.026955 0.018500 0.018500 0.936045
 0.026955 0.018500 0.018500 0.936045
 0.026955 0.927591 0.018500 0.026955
 0.026955 0.927591 0.018500 0.026955
 0.026955 0.927591 0.018500 0.026955

MOTIF 23-AYTGGATTAGGG STREME-23
letter-probability matrix: alength= 4 w= 12 nsites= 388 E= 3.7e-003
 0.952661 0.011846 0.035367 0.000126
 0.003066 0.367004 0.041813 0.588117
 0.000126 0.000086 0.000086 0.999702
 0.103027 0.003026 0.893821 0.000126
 0.027566 0.017727 0.954581 0.000126
 0.990881 0.000086 0.008906 0.000126
 0.020706 0.020576 0.105024 0.853694
 0.008946 0.000086 0.000086 0.990881
 0.830332 0.000086 0.017727 0.151855
 0.311871 0.000086 0.687917 0.000126
 0.072095 0.003026 0.924753 0.000126
 0.205299 0.013840 0.774855 0.006006

MOTIF 24-ACATGGATGRAGCTG STREME-24
letter-probability matrix: alength= 4 w= 15 nsites= 190 E= 7.4e-003
 0.986315 0.000191 0.013215 0.000279
 0.006791 0.947155 0.026240 0.019815
 0.934218 0.013215 0.026240 0.026327
 0.006791 0.019728 0.013215 0.960266
 0.019815 0.000191 0.979715 0.000279
 0.104473 0.006703 0.882033 0.006791
 0.973290 0.000191 0.006703 0.019815
 0.000279 0.006703 0.000191 0.992827
 0.058888 0.000191 0.931427 0.009493
 0.449616 0.078337 0.452232 0.019815
 0.973290 0.006703 0.006703 0.013303
 0.176106 0.084849 0.712717 0.026327
 0.013303 0.888545 0.026240 0.071912
 0.000279 0.000191 0.000191 0.999339
 0.045864 0.013215 0.940642 0.000279

MOTIF 25-AAATAGGGT STREME-25
letter-probability matrix: alength= 4 w= 9 nsites= 147 E= 8.3e-003
 0.936045 0.018500 0.018500 0.026955
 0.936045 0.018500 0.018500 0.026955
 0.936045 0.018500 0.018500 0.026955
 0.026955 0.018500 0.018500 0.936045
 0.936045 0.018500 0.018500 0.026955
 0.026955 0.018500 0.927591 0.026955
 0.026955 0.018500 0.927591 0.026955
 0.026955 0.018500 0.927591 0.026955
 0.026955 0.018500 0.018500 0.936045

MOTIF 26-AAAATATTT STREME-26
letter-probability matrix: alength= 4 w= 9 nsites= 998 E= 8.4e-003
 0.716564 0.000371 0.000371 0.282693
 0.899983 0.000371 0.000371 0.099275
 0.836676 0.000371 0.000371 0.162582
 0.957400 0.041688 0.000371 0.000541
 0.000541 0.000371 0.000371 0.998717
 0.998717 0.000371 0.000371 0.000541
 0.000541 0.000371 0.010836 0.988252
 0.000541 0.000371 0.000371 0.998717
 0.000541 0.000371 0.000371 0.998717

MOTIF 27-ATTTTTAGTAGAGA STREME-27
letter-probability matrix: alength= 4 w= 14 nsites= 114 E= 1.7e-002
 0.948239 0.010444 0.020590 0.020726
 0.010580 0.010444 0.000298 0.978678
 0.010580 0.010444 0.010444 0.968532
 0.020726 0.004509 0.000298 0.974467
 0.000434 0.010444 0.010444 0.978678
 0.010580 0.030736 0.000298 0.958386
 0.978678 0.000298 0.000298 0.020726
 0.000434 0.020590 0.978542 0.000434
 0.010580 0.020590 0.010444 0.958386
 0.988824 0.000298 0.010444 0.000434
 0.041019 0.010444 0.937957 0.010580
 0.938093 0.010444 0.030736 0.020726
 0.030873 0.020590 0.937957 0.010580
 0.988824 0.000298 0.010444 0.000434

MOTIF 28-AGTTTGCTRAGRAT STREME-28
letter-probability matrix: alength= 4 w= 14 nsites= 108 E= 1.7e-002
 0.968848 0.010339 0.020383 0.000430
 0.000430 0.000295 0.968713 0.030562
 0.000430 0.000295 0.030428 0.968848
 0.010474 0.000295 0.000295 0.988936
 0.010474 0.000295 0.030428 0.958804
 0.030562 0.000295 0.968713 0.000430
 0.000430 0.978757 0.010339 0.010474
 0.000430 0.020383 0.000295 0.978892
 0.301758 0.050516 0.597075 0.050651
 0.948759 0.010339 0.000295 0.040607
 0.030562 0.000295 0.968713 0.000430
 0.436502 0.000295 0.532641 0.030562
 0.944591 0.000295 0.034596 0.020518
 0.000430 0.000295 0.020383 0.978892

MOTIF 29-GAGGGAGGGA STREME-29
letter-probability matrix: alength= 4 w= 10 nsites= 456 E= 1.9e-002
 0.000402 0.000276 0.998919 0.000402
 0.957716 0.000276 0.041605 0.000402
 0.000402 0.000276 0.998919 0.000402
 0.076998 0.047006 0.830820 0.045176
 0.093154 0.000276 0.906168 0.000402
 0.854762 0.077097 0.000276 0.067865
 0.054138 0.000276 0.945184 0.000402
 0.000402 0.043537 0.955658 0.000402
 0.048516 0.080517 0.849518 0.021449
 0.900560 0.036978 0.062059 0.000402

MOTIF 30-GGAACAGAAAACCAA STREME-30
letter-probability matrix: alength= 4 w= 15 nsites= 174 E= 2.5e-002
 0.096339 0.000188 0.903199 0.000274
 0.121956 0.000188 0.851964 0.025891
 0.992946 0.006592 0.000188 0.000274
 0.960924 0.000188 0.038614 0.000274
 0.000274 0.679047 0.032210 0.288469
 0.717559 0.000188 0.281979 0.000274
 0.032296 0.012997 0.928816 0.025891
 0.967328 0.000188 0.019401 0.013083
 0.967328 0.019401 0.000188 0.013083
 0.954520 0.025805 0.019401 0.000274
 0.973733 0.000188 0.025805 0.000274
 0.057913 0.794325 0.051423 0.096339
 0.000274 0.967242 0.000188 0.032296
 0.967328 0.025805 0.006592 0.000274
 0.967328 0.019401 0.012997 0.000274

MOTIF 31-GCCCACCCTAATCYA STREME-31
letter-probability matrix: alength= 4 w= 15 nsites= 150 E= 5.2e-002
 0.094266 0.128298 0.717315 0.060121
 0.068657 0.888045 0.025860 0.017438
 0.017438 0.896581 0.000251 0.085730
 0.000365 0.956337 0.017324 0.025975
 0.982061 0.000251 0.000251 0.017438
 0.017438 0.888045 0.051470 0.043048
 0.017438 0.811216 0.025860 0.145485
 0.094266 0.853899 0.017324 0.034511
 0.154022 0.094152 0.008787 0.743039
 0.862550 0.034397 0.060006 0.043048
 0.632065 0.247809 0.025860 0.094266
 0.034511 0.042933 0.034397 0.888159
 0.068657 0.794143 0.042933 0.094266
 0.034511 0.384392 0.025860 0.555237
 0.794258 0.153907 0.034397 0.017438

MOTIF 32-AAGTGGGAGCTAA STREME-32
letter-probability matrix: alength= 4 w= 13 nsites= 93 E= 6.7e-002
 0.998749 0.000362 0.000362 0.000527
 0.789246 0.000362 0.025009 0.185383
 0.037498 0.012686 0.936965 0.012851
 0.000527 0.000362 0.000362 0.998749
 0.025175 0.000362 0.961613 0.012851
 0.025175 0.012686 0.912318 0.049822
 0.000527 0.012686 0.973936 0.012851
 0.998749 0.000362 0.000362 0.000527
 0.025175 0.025009 0.949289 0.000527
 0.000527 0.986260 0.000362 0.012851
 0.000527 0.000362 0.000362 0.998749
 0.924807 0.000362 0.074304 0.000527
 0.974102 0.012686 0.000362 0.012851

MOTIF 33-ATTTTACAGATG STREME-33
letter-probability matrix: alength= 4 w= 12 nsites= 117 E= 8.7e-002
 0.935344 0.033243 0.030944 0.000469
 0.022416 0.022269 0.000322 0.954992
 0.000469 0.004877 0.000322 0.994332
 0.011443 0.000322 0.022269 0.965966
 0.011443 0.000322 0.011296 0.976939
 0.952878 0.000322 0.046330 0.000469
 0.000469 0.872098 0.055190 0.072242
 0.944019 0.000322 0.000322 0.055337
 0.026971 0.000322 0.937203 0.035504
 0.810222 0.132004 0.055190 0.002583
 0.033390 0.022269 0.011296 0.933045
 0.044363 0.000322 0.943872 0.011443

MOTIF 34-AATACGTCATC STREME-34
letter-probability matrix: alength= 4 w= 11 nsites= 153 E= 1.2e-001
 0.715533 0.117683 0.094841 0.071943
 0.649605 0.317997 0.032057 0.000340
 0.000340 0.000234 0.180098 0.819328
 0.999193 0.000234 0.000234 0.000340
 0.000340 0.999086 0.000234 0.000340
 0.000340 0.000234 0.999086 0.000340
 0.019554 0.000234 0.000234 0.979979
 0.000340 0.999086 0.000234 0.000340
 0.999193 0.000234 0.000234 0.000340
 0.000340 0.029496 0.000234 0.969930
 0.180171 0.633484 0.000234 0.186112

MOTIF 35-AGATGAAATGAAATG STREME-35
letter-probability matrix: alength= 4 w= 15 nsites= 80 E= 1.2e-001
 0.936045 0.018500 0.018500 0.026955
 0.026955 0.018500 0.927591 0.026955
 0.936045 0.018500 0.018500 0.026955
 0.026955 0.018500 0.018500 0.936045
 0.026955 0.018500 0.927591 0.026955
 0.936045 0.018500 0.018500 0.026955
 0.936045 0.018500 0.018500 0.026955
 0.936045 0.018500 0.018500 0.026955
 0.026955 0.018500 0.018500 0.936045
 0.026955 0.018500 0.927591 0.026955
 0.936045 0.018500 0.018500 0.026955
 0.936045 0.018500 0.018500 0.026955
 0.936045 0.018500 0.018500 0.026955
 0.026955 0.018500 0.018500 0.936045
 0.026955 0.018500 0.927591 0.026955

MOTIF 36-GTTGGTTTAAAGTCT STREME-36
letter-probability matrix: alength= 4 w= 15 nsites= 114 E= 1.3e-001
 0.011568 0.011419 0.965445 0.011568
 0.000475 0.022512 0.022512 0.954501
 0.011568 0.011419 0.000326 0.976687
 0.022661 0.011419 0.965445 0.000475
 0.033755 0.011419 0.932165 0.022661
 0.000475 0.011419 0.000326 0.987781
 0.022661 0.011419 0.000326 0.965594
 0.000475 0.155632 0.011419 0.832474
 0.777008 0.177819 0.033606 0.011568
 0.998874 0.000326 0.000326 0.000475
 0.954501 0.011419 0.011419 0.022661
 0.022661 0.000326 0.943259 0.033755
 0.022661 0.011419 0.000326 0.965594
 0.011568 0.932165 0.022512 0.033755
 0.011568 0.022512 0.011419 0.954501

MOTIF 37-TATATGTRCCACA STREME-37
letter-probability matrix: alength= 4 w= 13 nsites= 123 E= 1.3e-001
 0.009780 0.009654 0.009654 0.970911
 0.970911 0.009654 0.019033 0.000401
 0.000401 0.056550 0.009654 0.933395
 0.999048 0.000275 0.000275 0.000401
 0.000401 0.009654 0.000275 0.989669
 0.079902 0.000275 0.910042 0.009780
 0.009780 0.019033 0.000275 0.970911
 0.642644 0.000275 0.347300 0.009780
 0.000401 0.998922 0.000275 0.000401
 0.000401 0.970785 0.000275 0.028538
 0.989669 0.000275 0.009654 0.000401
 0.000401 0.998922 0.000275 0.000401
 0.952153 0.000275 0.028412 0.019159

MOTIF 38-AATGGAGCTGAAAAA STREME-38
letter-probability matrix: alength= 4 w= 15 nsites= 96 E= 1.3e-001
 0.928687 0.023719 0.035407 0.012188
 0.916999 0.000343 0.082158 0.000500
 0.035563 0.023719 0.005194 0.935524
 0.023876 0.000343 0.963594 0.012188
 0.082315 0.012031 0.893467 0.012188
 0.952063 0.000343 0.035407 0.012188
 0.047251 0.000343 0.940218 0.012188
 0.000500 0.986969 0.000343 0.012188
 0.000500 0.035407 0.012031 0.952063
 0.035563 0.000343 0.963594 0.000500
 0.963750 0.000343 0.035407 0.000500
 0.916999 0.023719 0.058782 0.000500
 0.952063 0.000343 0.047094 0.000500
 0.893624 0.035407 0.012031 0.058939
 0.893624 0.000343 0.035407 0.070627

MOTIF 39-GTATCCTGARACTTT STREME-39
letter-probability matrix: alength= 4 w= 15 nsites= 95 E= 1.3e-001
 0.027625 0.000267 0.953562 0.018546
 0.018546 0.036583 0.009346 0.935526
 0.926447 0.000267 0.045662 0.027625
 0.036704 0.018425 0.000267 0.944605
 0.009467 0.935404 0.000267 0.054862
 0.000388 0.917246 0.000267 0.082099
 0.000388 0.000267 0.009346 0.990000
 0.018546 0.018425 0.953562 0.009467
 0.735787 0.245400 0.009346 0.009467
 0.436180 0.027504 0.526849 0.009467
 0.971842 0.000267 0.027504 0.000388
 0.009467 0.853693 0.018425 0.118415
 0.000388 0.072899 0.000267 0.926447
 0.027625 0.000267 0.036583 0.935526
 0.036704 0.045662 0.027504 0.890131

MOTIF 40-AAATTCATATGTTG STREME-40
letter-probability matrix: alength= 4 w= 14 nsites= 99 E= 1.3e-001
 0.998864 0.000329 0.000329 0.000479
 0.954090 0.022716 0.022716 0.000479
 0.954090 0.000329 0.045103 0.000479
 0.002635 0.022716 0.033909 0.940740
 0.022866 0.089877 0.000329 0.886928
 0.011672 0.853197 0.000329 0.134802
 0.886928 0.011522 0.067490 0.034060
 0.011672 0.056297 0.011522 0.920509
 0.920509 0.011522 0.056297 0.011672
 0.000479 0.000329 0.022716 0.976477
 0.101221 0.000329 0.897971 0.000479
 0.000479 0.123458 0.022716 0.853347
 0.000479 0.000329 0.022716 0.976477
 0.022866 0.011522 0.965133 0.000479

MOTIF 41-ACAAAAATTA STREME-41
letter-probability matrix: alength= 4 w= 10 nsites= 158 E= 2.4e-001
 0.936045 0.018500 0.018500 0.026955
 0.026955 0.927591 0.018500 0.026955
 0.936045 0.018500 0.018500 0.026955
 0.936045 0.018500 0.018500 0.026955
 0.936045 0.018500 0.018500 0.026955
 0.936045 0.018500 0.018500 0.026955
 0.936045 0.018500 0.018500 0.026955
 0.026955 0.018500 0.018500 0.936045
 0.026955 0.018500 0.018500 0.936045
 0.936045 0.018500 0.018500 0.026955

MOTIF 42-ATSACGTSAT STREME-42
letter-probability matrix: alength= 4 w= 10 nsites= 161 E= 2.6e-001
 0.998835 0.000337 0.000337 0.000491
 0.000491 0.006075 0.000337 0.993097
 0.082602 0.349282 0.567625 0.000491
 0.814731 0.000337 0.020212 0.164719
 0.000491 0.998681 0.000337 0.000491
 0.000491 0.000337 0.998681 0.000491
 0.164719 0.020212 0.000337 0.814731
 0.000491 0.567625 0.349282 0.082602
 0.993097 0.000337 0.006075 0.000491
 0.000491 0.000337 0.000337 0.998835

MOTIF 43-AAAGAGGAAGTCAAA STREME-43
letter-probability matrix: alength= 4 w= 15 nsites= 134 E= 2.6e-001
 0.964885 0.000332 0.034299 0.000484
 0.919597 0.000332 0.079587 0.000484
 0.627896 0.034299 0.068265 0.269541
 0.011806 0.000332 0.987377 0.000484
 0.998851 0.000332 0.000332 0.000484
 0.000484 0.000332 0.854185 0.144998
 0.073116 0.000332 0.926068 0.000484
 0.976207 0.000332 0.022977 0.000484
 0.998851 0.000332 0.000332 0.000484
 0.204281 0.000332 0.783580 0.011806
 0.000484 0.034299 0.000332 0.964885
 0.000484 0.650388 0.280711 0.068417
 0.942241 0.022977 0.022977 0.011806
 0.998851 0.000332 0.000332 0.000484
 0.942241 0.000332 0.045621 0.011806

MOTIF 44-TGACGTCA STREME-44
letter-probability matrix: alength= 4 w= 8 nsites= 500 E= 2.8e-001
 0.000568 0.063869 0.000390 0.935173
 0.000568 0.000390 0.998474 0.000568
 0.995823 0.003219 0.000390 0.000568
 0.000568 0.697580 0.301284 0.000568
 0.000568 0.301284 0.697580 0.000568
 0.000568 0.000390 0.003219 0.995823
 0.000568 0.998474 0.000390 0.000568
 0.935173 0.000390 0.063869 0.000568

MOTIF 45-AGTACCTCAGAA STREME-45
letter-probability matrix: alength= 4 w= 12 nsites= 144 E= 4.0e-001
 0.971077 0.000225 0.013066 0.015632
 0.057070 0.015529 0.924781 0.002620
 0.130417 0.053791 0.038486 0.777305
 0.952597 0.000937 0.038486 0.007980
 0.013169 0.925061 0.007877 0.053894
 0.007980 0.930249 0.007877 0.053894
 0.030937 0.015529 0.000225 0.953309
 0.003503 0.965335 0.007877 0.023284
 0.991571 0.007877 0.000225 0.000327
 0.050378 0.003401 0.945894 0.000327
 0.945657 0.015529 0.038486 0.000327
 0.976266 0.007877 0.015529 0.000327

MOTIF 46-AAATGYCCATCAAT STREME-46
letter-probability matrix: alength= 4 w= 14 nsites= 111 E= 4.0e-001
 0.926897 0.041478 0.000302 0.031322
 0.998955 0.000302 0.000302 0.000440
 0.865134 0.000302 0.134124 0.000440
 0.000440 0.000302 0.000302 0.998955
 0.000440 0.000302 0.998817 0.000440
 0.010734 0.525295 0.000302 0.463669
 0.000440 0.957641 0.000302 0.041616
 0.031322 0.875289 0.000302 0.093086
 0.988661 0.000302 0.010596 0.000440
 0.144556 0.000302 0.000302 0.854840
 0.000440 0.998817 0.000302 0.000440
 0.957779 0.010596 0.031184 0.000440
 0.865134 0.000302 0.134124 0.000440
 0.021028 0.154712 0.000302 0.823958

MOTIF 47-CTGCAAAGGAC STREME-47
letter-probability matrix: alength= 4 w= 11 nsites= 83 E= 4.0e-001
 0.000676 0.998183 0.000464 0.000676
 0.000676 0.000464 0.000464 0.998395
 0.203326 0.000464 0.795534 0.000676
 0.000676 0.998183 0.000464 0.000676
 0.966773 0.000464 0.016275 0.016487
 0.995349 0.000464 0.000464 0.003722
 0.971863 0.000464 0.000464 0.027208
 0.000676 0.016275 0.982372 0.000676
 0.000676 0.000464 0.934939 0.063920
 0.998395 0.000464 0.000464 0.000676
 0.000676 0.998183 0.000464 0.000676

MOTIF 48-GGTTTCACCA STREME-48
letter-probability matrix: alength= 4 w= 10 nsites= 82 E= 5.4e-001
 0.026955 0.018500 0.927591 0.026955
 0.026955 0.018500 0.927591 0.026955
 0.026955 0.018500 0.018500 0.936045
 0.026955 0.018500 0.018500 0.936045
 0.026955 0.018500 0.018500 0.936045
 0.026955 0.927591 0.018500 0.026955
 0.936045 0.018500 0.018500 0.026955
 0.026955 0.927591 0.018500 0.026955
 0.026955 0.927591 0.018500 0.026955
 0.936045 0.018500 0.018500 0.026955

MOTIF 49-ATGCACCCAATACAG STREME-49
letter-probability matrix: alength= 4 w= 15 nsites= 56 E= 5.4e-001
 0.997752 0.000650 0.000650 0.000948
 0.000948 0.000650 0.000650 0.997752
 0.023099 0.000650 0.953152 0.023099
 0.000948 0.953152 0.000650 0.045250
 0.997752 0.000650 0.000650 0.000948
 0.045250 0.886699 0.044953 0.023099
 0.000948 0.953152 0.000650 0.045250
 0.000948 0.975303 0.022802 0.000948
 0.975601 0.000650 0.022802 0.000948
 0.975601 0.000650 0.022802 0.000948
 0.000948 0.067104 0.000650 0.931298
 0.975601 0.000650 0.022802 0.000948
 0.000948 0.975303 0.022802 0.000948
 0.975601 0.000650 0.000650 0.023099
 0.045250 0.000650 0.953152 0.000948

MOTIF 50-CATCATTTCATCTCA STREME-50
letter-probability matrix: alength= 4 w= 15 nsites= 61 E= 7.4e-001
 0.000864 0.997678 0.000593 0.000864
 0.997949 0.000593 0.000593 0.000864
 0.000864 0.000593 0.000593 0.997949
 0.021069 0.977474 0.000593 0.000864
 0.977745 0.000593 0.020798 0.000864
 0.000864 0.041002 0.000593 0.957541
 0.021069 0.000593 0.000593 0.977745
 0.000864 0.020798 0.011895 0.966444
 0.021069 0.977474 0.000593 0.000864
 0.997949 0.000593 0.000593 0.000864
 0.000864 0.000593 0.000593 0.997949
 0.223113 0.775430 0.000593 0.000864
 0.000864 0.000593 0.000593 0.997949
 0.000864 0.997678 0.000593 0.000864
 0.997949 0.000593 0.000593 0.000864

MOTIF 51-CCTGGGC STREME-51
letter-probability matrix: alength= 4 w= 7 nsites= 637 E= 8.6e-001
 0.026955 0.927591 0.018500 0.026955
 0.026955 0.927591 0.018500 0.026955
 0.026955 0.018500 0.018500 0.936045
 0.026955 0.018500 0.927591 0.026955
 0.026955 0.018500 0.927591 0.026955
 0.026955 0.018500 0.927591 0.026955
 0.026955 0.927591 0.018500 0.026955

MOTIF 52-ATTACATCA STREME-52
letter-probability matrix: alength= 4 w= 9 nsites= 140 E= 1.1e+000
 0.936045 0.018500 0.018500 0.026955
 0.026955 0.018500 0.018500 0.936045
 0.026955 0.018500 0.018500 0.936045
 0.936045 0.018500 0.018500 0.026955
 0.026955 0.927591 0.018500 0.026955
 0.936045 0.018500 0.018500 0.026955
 0.026955 0.018500 0.018500 0.936045
 0.026955 0.927591 0.018500 0.026955
 0.936045 0.018500 0.018500 0.026955

MOTIF 53-AGGATAGTTAGCTCT STREME-53
letter-probability matrix: alength= 4 w= 15 nsites= 88 E= 1.1e+000
 0.961778 0.000362 0.025009 0.012851
 0.025175 0.000362 0.912318 0.062146
 0.049822 0.000362 0.949289 0.000527
 0.949454 0.000362 0.025009 0.025175
 0.012851 0.025009 0.025009 0.937131
 0.974102 0.000362 0.000362 0.025175
 0.049822 0.037333 0.912318 0.000527
 0.000527 0.012686 0.012686 0.974102
 0.000527 0.000362 0.000362 0.998749
 0.974102 0.000362 0.012686 0.012851
 0.160736 0.000362 0.813728 0.025175
 0.049822 0.739786 0.135923 0.074470
 0.000527 0.012686 0.000362 0.986425
 0.025175 0.961613 0.000362 0.012851
 0.000527 0.037333 0.000362 0.961778

MOTIF 54-TTTTAAAA STREME-54
letter-probability matrix: alength= 4 w= 8 nsites= 691 E= 1.2e+000
 0.026955 0.018500 0.018500 0.936045
 0.026955 0.018500 0.018500 0.936045
 0.026955 0.018500 0.018500 0.936045
 0.026955 0.018500 0.018500 0.936045
 0.936045 0.018500 0.018500 0.026955
 0.936045 0.018500 0.018500 0.026955
 0.936045 0.018500 0.018500 0.026955
 0.936045 0.018500 0.018500 0.026955

MOTIF 55-ATGTTCTCACTTA STREME-55
letter-probability matrix: alength= 4 w= 13 nsites= 162 E= 1.3e+000
 0.963446 0.014541 0.000210 0.021802
 0.007472 0.036037 0.007376 0.949116
 0.079124 0.000210 0.906028 0.014637
 0.057629 0.026565 0.014541 0.901266
 0.007472 0.017515 0.000210 0.974803
 0.000307 0.977681 0.007376 0.014637
 0.007472 0.007376 0.007376 0.977777
 0.014637 0.984846 0.000210 0.000307
 0.984942 0.000210 0.014541 0.000307
 0.012330 0.915500 0.000210 0.071959
 0.000307 0.014541 0.014541 0.970612
 0.003280 0.248464 0.100524 0.647732
 0.920455 0.021706 0.050367 0.007472

MOTIF 56-CTTTTTTATGGC STREME-56
letter-probability matrix: alength= 4 w= 12 nsites= 97 E= 1.3e+000
 0.134354 0.844351 0.020774 0.000520
 0.012687 0.181474 0.012524 0.793315
 0.005570 0.002701 0.012524 0.979205
 0.000520 0.024691 0.024691 0.950098
 0.024854 0.020774 0.036857 0.917515
 0.005570 0.036857 0.012524 0.945049
 0.019264 0.000357 0.002701 0.977678
 0.998765 0.000357 0.000357 0.000520
 0.012687 0.000357 0.002701 0.984255
 0.005570 0.000357 0.991208 0.002864
 0.000520 0.000357 0.998602 0.000520
 0.000520 0.986435 0.000357 0.012687

MOTIF 57-ACTTTGGG STREME-57
letter-probability matrix: alength= 4 w= 8 nsites= 240 E= 1.5e+000
 0.936045 0.018500 0.018500 0.026955
 0.026955 0.927591 0.018500 0.026955
 0.026955 0.018500 0.018500 0.936045
 0.026955 0.018500 0.018500 0.936045
 0.026955 0.018500 0.018500 0.936045
 0.026955 0.018500 0.927591 0.026955
 0.026955 0.018500 0.927591 0.026955
 0.026955 0.018500 0.927591 0.026955

MOTIF 58-AGGAAAC STREME-58
letter-probability matrix: alength= 4 w= 7 nsites= 797 E= 1.7e+000
 0.936045 0.018500 0.018500 0.026955
 0.026955 0.018500 0.927591 0.026955
 0.026955 0.018500 0.927591 0.026955
 0.936045 0.018500 0.018500 0.026955
 0.936045 0.018500 0.018500 0.026955
 0.936045 0.018500 0.018500 0.026955
 0.026955 0.927591 0.018500 0.026955

MOTIF 59-GAAATA STREME-59
letter-probability matrix: alength= 4 w= 6 nsites= 3020 E= 1.8e+000
 0.026955 0.018500 0.927591 0.026955
 0.936045 0.018500 0.018500 0.026955
 0.936045 0.018500 0.018500 0.026955
 0.936045 0.018500 0.018500 0.026955
 0.026955 0.018500 0.018500 0.936045
 0.936045 0.018500 0.018500 0.026955

MOTIF 60-AAGTTGCTTATCA STREME-60
letter-probability matrix: alength= 4 w= 13 nsites= 80 E= 2.2e+000
 0.985144 0.000396 0.013883 0.000577
 0.985144 0.013883 0.000396 0.000577
 0.014064 0.000396 0.971476 0.014064
 0.000577 0.000396 0.000396 0.998631
 0.081500 0.000396 0.000396 0.917708
 0.068013 0.000396 0.904040 0.027551
 0.000577 0.782655 0.054345 0.162424
 0.027551 0.027370 0.000396 0.944682
 0.000577 0.027370 0.000396 0.971657
 0.998631 0.000396 0.000396 0.000577
 0.054526 0.000396 0.027370 0.917708
 0.000577 0.931014 0.000396 0.068013
 0.904221 0.081319 0.013883 0.000577

MOTIF 61-AGGCTGGAGTGC STREME-61
letter-probability matrix: alength= 4 w= 12 nsites= 63 E= 2.2e+000
 0.914379 0.000526 0.030587 0.054508
 0.054508 0.000526 0.944200 0.000766
 0.036594 0.000526 0.962114 0.000766
 0.000766 0.997941 0.000526 0.000766
 0.000766 0.000526 0.000526 0.998182
 0.161992 0.000526 0.800888 0.036594
 0.000766 0.000526 0.926286 0.072422
 0.998182 0.000526 0.000526 0.000766
 0.000766 0.000526 0.997941 0.000766
 0.000766 0.036354 0.000526 0.962354
 0.144078 0.000526 0.854630 0.000766
 0.000766 0.997941 0.000526 0.000766

MOTIF 62-AACAACAACAACA STREME-62
letter-probability matrix: alength= 4 w= 13 nsites= 67 E= 2.2e+000
 0.980131 0.000530 0.018568 0.000772
 0.958349 0.018568 0.022311 0.000772
 0.000772 0.961850 0.018568 0.018810
 0.998169 0.000530 0.000530 0.000772
 0.962092 0.000530 0.000530 0.036849
 0.000772 0.961850 0.018568 0.018810
 0.962092 0.000530 0.036607 0.000772
 0.871899 0.036607 0.090723 0.000772
 0.000772 0.943811 0.018568 0.036849
 0.998169 0.000530 0.000530 0.000772
 0.959951 0.000530 0.020710 0.018810
 0.127042 0.805516 0.012555 0.054887
 0.980131 0.000530 0.000530 0.018810

MOTIF 63-GGGTTTTCTARATA STREME-63
letter-probability matrix: alength= 4 w= 14 nsites= 101 E= 2.4e+000
 0.068455 0.000333 0.930728 0.000485
 0.045798 0.000333 0.942056 0.011813
 0.034470 0.022989 0.851429 0.091112
 0.023141 0.045646 0.005034 0.926178
 0.000485 0.011661 0.011661 0.976193
 0.011813 0.000333 0.034318 0.953537
 0.000485 0.000333 0.000333 0.998850
 0.000485 0.976041 0.000333 0.023141
 0.000485 0.113616 0.000333 0.885566
 0.998850 0.000333 0.000333 0.000485
 0.382416 0.061676 0.510110 0.045798
 0.840253 0.034318 0.113616 0.011813
 0.000485 0.000333 0.011661 0.987522
 0.998850 0.000333 0.000333 0.000485

MOTIF 64-GCTATTGTGAA STREME-64
letter-probability matrix: alength= 4 w= 11 nsites= 100 E= 2.4e+000
 0.025744 0.047479 0.914490 0.012287
 0.018657 0.947072 0.000886 0.033386
 0.017089 0.000346 0.000346 0.982219
 0.914648 0.025586 0.059262 0.000504
 0.004871 0.023913 0.002616 0.968600
 0.000504 0.012129 0.012129 0.975237
 0.012287 0.002616 0.784252 0.200845
 0.012287 0.012129 0.000346 0.975237
 0.038124 0.000346 0.959929 0.001601
 0.987021 0.000346 0.000346 0.012287
 0.925528 0.035696 0.018499 0.020277

MOTIF 65-ATGACGCAA STREME-65
letter-probability matrix: alength= 4 w= 9 nsites= 100 E= 3.2e+000
 0.778407 0.000392 0.201129 0.020072
 0.055001 0.005932 0.000392 0.938675
 0.019361 0.000392 0.832835 0.147413
 0.996414 0.000392 0.000392 0.002802
 0.000571 0.998466 0.000392 0.000571
 0.000571 0.000392 0.998466 0.000571
 0.000571 0.998466 0.000392 0.000571
 0.965795 0.000392 0.013741 0.020072
 0.998645 0.000392 0.000392 0.000571

MOTIF 66-AAATATTT STREME-66
letter-probability matrix: alength= 4 w= 8 nsites= 1748 E= 3.3e+000
 0.792346 0.077966 0.092873 0.036815
 0.906453 0.000495 0.060217 0.032835
 0.876800 0.037867 0.052686 0.032647
 0.000721 0.000495 0.000495 0.998289
 0.998289 0.000495 0.000495 0.000721
 0.032647 0.052686 0.037867 0.876800
 0.032835 0.060217 0.000495 0.906453
 0.036815 0.092873 0.077966 0.792346

MOTIF 67-ATTGATCCCTTTACC STREME-67
letter-probability matrix: alength= 4 w= 15 nsites= 79 E= 4.3e+000
 0.915426 0.000407 0.055851 0.028315
 0.014454 0.000407 0.000407 0.984732
 0.000593 0.041990 0.014268 0.943149
 0.028315 0.028129 0.901379 0.042176
 0.915426 0.014268 0.028129 0.042176
 0.153065 0.014268 0.014268 0.818399
 0.000593 0.998407 0.000407 0.000593
 0.014454 0.942963 0.000407 0.042176
 0.028315 0.873657 0.055851 0.042176
 0.000593 0.014268 0.000407 0.984732
 0.014454 0.014268 0.000407 0.970871
 0.000593 0.000407 0.028129 0.970871
 0.943149 0.000407 0.028129 0.028315
 0.000593 0.970685 0.000407 0.028315
 0.000593 0.984546 0.000407 0.014454

MOTIF 68-GATCAAAARAGACAA STREME-68
letter-probability matrix: alength= 4 w= 15 nsites= 62 E= 4.3e+000
 0.009626 0.000617 0.988857 0.000899
 0.976840 0.021644 0.000617 0.000899
 0.000899 0.000617 0.000617 0.997866
 0.000899 0.976557 0.000617 0.021926
 0.997866 0.000617 0.000617 0.000899
 0.976840 0.000617 0.021644 0.000899
 0.997866 0.000617 0.000617 0.000899
 0.997866 0.000617 0.000617 0.000899
 0.358348 0.042670 0.598083 0.000899
 0.976840 0.000617 0.021644 0.000899
 0.000899 0.000617 0.976557 0.021926
 0.997866 0.000617 0.000617 0.000899
 0.000899 0.997584 0.000617 0.000899
 0.997866 0.000617 0.000617 0.000899
 0.997866 0.000617 0.000617 0.000899

MOTIF 69-TCTTATGGGACCA STREME-69
letter-probability matrix: alength= 4 w= 13 nsites= 66 E= 8.6e+000
 0.000749 0.018013 0.000514 0.980724
 0.000749 0.962990 0.000514 0.035748
 0.000749 0.000514 0.018013 0.980724
 0.000749 0.000514 0.018013 0.980724
 0.963225 0.018013 0.018013 0.000749
 0.018248 0.053012 0.000514 0.928226
 0.070747 0.000514 0.927991 0.000749
 0.140745 0.000514 0.857993 0.000749
 0.035748 0.000514 0.945490 0.018248
 0.928226 0.018013 0.053012 0.000749
 0.000749 0.927991 0.018013 0.053247
 0.035748 0.945490 0.000514 0.018248
 0.963225 0.018013 0.018013 0.000749

********************************************************************************
Stopped because 3 consecutive motifs exceeded the p-value threshold (0.05).
********************************************************************************
COMMAND:	streme --verbosity 1 --oc meme_out_incomplete_DL/HepG2_ATF7-human_ENCFF753DBF/streme_out -dna --seed 0 --p meme_out_incomplete_DL/HepG2_ATF7-human_ENCFF753DBF/seqs-centered --minw 6 --maxw 15 --time 6169 --order 2 --thresh 0.05 --align center --totallength 4000000 --parse-genomic-coord
********************************************************************************
CPU:		9f05ee173ae9
********************************************************************************
FINALTIME:	3206.09 seconds
********************************************************************************
