********************************************************************************
STREME - Sensitive, Thorough, Rapid, Enriched Motif Elicitation
********************************************************************************
MEME version 5.5.3 (Release date: Sat Jun 10 16:19:38 2023 -0700)

For further information on how to interpret these results please access http://localhost:8080/meme_5.5.3.
To get a copy of the MEME Suite software please access https://meme-suite.org.

********************************************************************************


********************************************************************************
REFERENCE
********************************************************************************
If you use this program in your research, please cite:

Timothy L. Bailey,
"STREME: accurate and versatile sequence motif discovery",
Bioinformatics, Mar. 24, 2021.
********************************************************************************


ALPHABET= ACGT

strands: + -

Background letter frequencies
A 0.217 C 0.283 G 0.283 T 0.217 

MOTIF 1-WGTAAACA STREME-1
letter-probability matrix: alength= 4 w= 8 nsites= 2214 E= 9.3e-019
 0.542107 0.000062 0.143645 0.314186
 0.139480 0.000062 0.860411 0.000047
 0.000047 0.220099 0.000062 0.779792
 0.968383 0.031508 0.000062 0.000047
 0.999829 0.000062 0.000062 0.000047
 0.999829 0.000062 0.000062 0.000047
 0.000047 0.698076 0.000062 0.301815
 0.999829 0.000062 0.000062 0.000047

MOTIF 2-RGGGGCGGGGCB STREME-2
letter-probability matrix: alength= 4 w= 12 nsites= 1744 E= 7.2e-017
 0.295949 0.167856 0.504643 0.031552
 0.113125 0.010672 0.742791 0.133412
 0.154059 0.000038 0.845873 0.000030
 0.000030 0.000038 0.999903 0.000030
 0.000030 0.000038 0.997913 0.002019
 0.028270 0.840673 0.000038 0.131019
 0.000030 0.000038 0.999903 0.000030
 0.000030 0.000038 0.922764 0.077168
 0.035754 0.000038 0.947386 0.016821
 0.126167 0.017130 0.820553 0.036150
 0.175428 0.724802 0.000038 0.099732
 0.108909 0.373933 0.283113 0.234046

MOTIF 3-RTKRYRYMAY STREME-3
letter-probability matrix: alength= 4 w= 10 nsites= 1235 E= 2.6e-011
 0.527796 0.000060 0.472098 0.000046
 0.000046 0.003749 0.000060 0.996144
 0.007134 0.000060 0.439906 0.552899
 0.451745 0.000060 0.372907 0.175288
 0.000046 0.617600 0.000060 0.382294
 0.382294 0.000060 0.617600 0.000046
 0.175288 0.372907 0.000060 0.451745
 0.552899 0.439906 0.000060 0.007134
 0.996144 0.000060 0.003749 0.000046
 0.000046 0.472098 0.000060 0.527796

MOTIF 4-CMAAGGTCA STREME-4
letter-probability matrix: alength= 4 w= 9 nsites= 1263 E= 2.6e-010
 0.036154 0.699164 0.049464 0.215218
 0.421124 0.512263 0.040974 0.025639
 0.990909 0.000071 0.008966 0.000054
 0.980703 0.000071 0.019172 0.000054
 0.000054 0.008748 0.991143 0.000054
 0.000054 0.000071 0.762312 0.237563
 0.075034 0.228120 0.040813 0.656034
 0.001384 0.905345 0.000071 0.093200
 0.932230 0.027838 0.025173 0.014758

MOTIF 5-RRCCAATCAGA STREME-5
letter-probability matrix: alength= 4 w= 11 nsites= 1144 E= 1.3e-009
 0.555264 0.098202 0.346497 0.000037
 0.390487 0.000049 0.557654 0.051810
 0.000037 0.999877 0.000049 0.000037
 0.000037 0.999877 0.000049 0.000037
 0.999865 0.000049 0.000049 0.000037
 0.999865 0.000049 0.000049 0.000037
 0.000037 0.000049 0.000049 0.999865
 0.082596 0.619069 0.298298 0.000037
 0.680863 0.000049 0.319051 0.000037
 0.126878 0.149220 0.683220 0.040682
 0.562247 0.231631 0.175061 0.031061

MOTIF 6-CCGGAAGTGR STREME-6
letter-probability matrix: alength= 4 w= 10 nsites= 773 E= 2.2e-009
 0.058069 0.767974 0.173876 0.000082
 0.071342 0.928470 0.000106 0.000082
 0.000082 0.000106 0.999730 0.000082
 0.000082 0.000106 0.996975 0.002837
 0.999705 0.000106 0.000106 0.000082
 0.986344 0.000106 0.000106 0.013443
 0.032551 0.000106 0.967261 0.000082
 0.000082 0.094905 0.000106 0.904907
 0.085463 0.042993 0.772133 0.099412
 0.409841 0.169555 0.397205 0.023399

MOTIF 7-CASYAGRKGGCR STREME-7
letter-probability matrix: alength= 4 w= 12 nsites= 527 E= 2.1e-008
 0.000074 0.999754 0.000097 0.000074
 0.861760 0.000097 0.138069 0.000074
 0.023829 0.607837 0.361134 0.007201
 0.089228 0.527414 0.040480 0.342878
 0.999732 0.000097 0.000097 0.000074
 0.000074 0.000097 0.999754 0.000074
 0.519794 0.000097 0.480035 0.000074
 0.000074 0.002472 0.611954 0.385499
 0.000074 0.000097 0.999754 0.000074
 0.011952 0.000097 0.916613 0.071339
 0.042592 0.887608 0.000097 0.069703
 0.474294 0.000097 0.525535 0.000074

MOTIF 8-TCAGCACCAYGGACA STREME-8
letter-probability matrix: alength= 4 w= 15 nsites= 355 E= 2.2e-007
 0.003191 0.099153 0.052734 0.844921
 0.015570 0.956356 0.000126 0.027948
 0.999650 0.000126 0.000126 0.000097
 0.012475 0.000126 0.987302 0.000097
 0.061989 0.724261 0.157951 0.055800
 0.996556 0.000126 0.000126 0.003191
 0.000097 0.999680 0.000126 0.000097
 0.003191 0.974923 0.000126 0.021759
 0.600448 0.083680 0.117721 0.198151
 0.105313 0.318869 0.074397 0.501421
 0.000097 0.000126 0.999680 0.000097
 0.003191 0.000126 0.984207 0.012475
 0.903718 0.052734 0.000126 0.043421
 0.000097 0.851139 0.120815 0.027948
 0.999650 0.000126 0.000126 0.000097

MOTIF 9-ACTACAWYTCCCA STREME-9
letter-probability matrix: alength= 4 w= 13 nsites= 465 E= 2.8e-007
 0.987132 0.002619 0.007653 0.002595
 0.000079 0.994706 0.000103 0.005112
 0.002595 0.025270 0.005136 0.966999
 0.946865 0.005136 0.042887 0.005112
 0.002595 0.987156 0.002619 0.007629
 0.867802 0.025270 0.088187 0.018740
 0.524058 0.083154 0.052954 0.339834
 0.073063 0.377609 0.087647 0.461681
 0.052930 0.047081 0.007653 0.892336
 0.000079 0.966724 0.002619 0.030578
 0.000079 0.997223 0.000103 0.002595
 0.000079 0.992190 0.000103 0.007629
 0.817468 0.000103 0.177317 0.005112

MOTIF 10-TGCGCATGCGCA STREME-10
letter-probability matrix: alength= 4 w= 12 nsites= 395 E= 1.6e-006
 0.084870 0.234823 0.162706 0.517601
 0.100884 0.000141 0.897140 0.001835
 0.045374 0.954377 0.000141 0.000108
 0.000108 0.000141 0.999643 0.000108
 0.003561 0.985831 0.000141 0.010467
 0.663537 0.200074 0.122964 0.013425
 0.013425 0.122964 0.200074 0.663537
 0.010467 0.000141 0.985831 0.003561
 0.000108 0.999643 0.000141 0.000108
 0.000108 0.000141 0.954377 0.045374
 0.001835 0.897140 0.000141 0.100884
 0.517601 0.162706 0.234823 0.084870

MOTIF 11-CAAGATGGCGGC STREME-11
letter-probability matrix: alength= 4 w= 12 nsites= 363 E= 1.8e-006
 0.147393 0.568677 0.179417 0.104513
 0.948996 0.000113 0.034711 0.016180
 0.973699 0.002873 0.011154 0.012274
 0.175016 0.197317 0.583415 0.044253
 0.999688 0.000113 0.000113 0.000086
 0.000086 0.000113 0.000113 0.999688
 0.000086 0.000113 0.999714 0.000086
 0.000086 0.000113 0.999714 0.000086
 0.000086 0.994194 0.000113 0.005607
 0.015566 0.150321 0.718277 0.115837
 0.115812 0.074972 0.751631 0.057586
 0.137024 0.783194 0.000113 0.079669

MOTIF 12-VTGAGTCAYC STREME-12
letter-probability matrix: alength= 4 w= 10 nsites= 840 E= 3.0e-005
 0.317822 0.281677 0.396687 0.003814
 0.000063 0.000082 0.000082 0.999773
 0.069728 0.000082 0.818093 0.112096
 0.865813 0.128747 0.005377 0.000063
 0.018874 0.000082 0.973728 0.007316
 0.000063 0.126791 0.000082 0.873064
 0.040746 0.930595 0.005190 0.023469
 0.995202 0.000082 0.004653 0.000063
 0.036528 0.546174 0.110844 0.306455
 0.139265 0.509533 0.127328 0.223874

MOTIF 13-GAGGCTGAGGYRGGA STREME-13
letter-probability matrix: alength= 4 w= 15 nsites= 220 E= 5.2e-005
 0.000150 0.014563 0.985137 0.000150
 0.896899 0.019352 0.048087 0.035662
 0.071987 0.014563 0.913300 0.000150
 0.040451 0.033720 0.925679 0.000150
 0.000150 0.985137 0.004985 0.009728
 0.019307 0.248419 0.054864 0.677411
 0.081566 0.035707 0.853842 0.028885
 0.932411 0.000196 0.057666 0.009728
 0.038463 0.004985 0.956402 0.000150
 0.024096 0.028931 0.942035 0.004939
 0.073975 0.588450 0.000196 0.337380
 0.394850 0.014563 0.561702 0.028885
 0.033674 0.024141 0.937245 0.004939
 0.024096 0.000196 0.961191 0.014517
 0.693766 0.172606 0.000196 0.133433

MOTIF 14-AGKTCAARGTY STREME-14
letter-probability matrix: alength= 4 w= 11 nsites= 782 E= 2.0e-004
 0.790818 0.001791 0.207337 0.000054
 0.006937 0.062750 0.929328 0.000984
 0.135149 0.085021 0.505131 0.274699
 0.000054 0.052062 0.042259 0.905625
 0.000054 0.978603 0.000070 0.021272
 0.823545 0.000070 0.162187 0.014197
 0.860164 0.000070 0.044722 0.095044
 0.294895 0.076978 0.551969 0.076157
 0.000054 0.000070 0.950935 0.048941
 0.124298 0.193945 0.067413 0.614343
 0.080436 0.559251 0.037205 0.323108

MOTIF 15-GCCTGTAATCCCAGC STREME-15
letter-probability matrix: alength= 4 w= 15 nsites= 191 E= 1.7e-003
 0.187869 0.011266 0.789651 0.011214
 0.000173 0.927663 0.000225 0.071939
 0.011214 0.944224 0.005746 0.038816
 0.000173 0.016787 0.000225 0.982815
 0.066418 0.000225 0.922142 0.011214
 0.000173 0.038869 0.016787 0.944172
 0.955213 0.016787 0.022307 0.005693
 0.761997 0.005746 0.232085 0.000173
 0.005693 0.011266 0.016787 0.966254
 0.005693 0.894540 0.000225 0.099541
 0.011214 0.938704 0.011266 0.038816
 0.000173 0.900061 0.000225 0.099541
 0.993856 0.005746 0.000225 0.000173
 0.066418 0.027828 0.905581 0.000173
 0.022255 0.938704 0.005746 0.033296

MOTIF 16-RTTRVBYAAY STREME-16
letter-probability matrix: alength= 4 w= 10 nsites= 289 E= 1.8e-003
 0.572095 0.001902 0.425799 0.000205
 0.057152 0.000267 0.000267 0.942314
 0.000205 0.006251 0.000267 0.993277
 0.383344 0.000267 0.616184 0.000205
 0.392307 0.338737 0.268751 0.000205
 0.000205 0.268751 0.338737 0.392307
 0.000205 0.616184 0.000267 0.383344
 0.993277 0.000267 0.006251 0.000205
 0.942314 0.000267 0.000267 0.057152
 0.000205 0.425799 0.001902 0.572095

MOTIF 17-YCACGTGACY STREME-17
letter-probability matrix: alength= 4 w= 10 nsites= 669 E= 2.6e-003
 0.008578 0.526435 0.137833 0.327154
 0.031259 0.911647 0.031177 0.025916
 0.999671 0.000119 0.000119 0.000091
 0.000091 0.914786 0.000119 0.085004
 0.000091 0.000119 0.999699 0.000091
 0.000091 0.000119 0.000119 0.999671
 0.000091 0.000119 0.999699 0.000091
 0.639258 0.000119 0.228237 0.132387
 0.000091 0.762434 0.000119 0.237356
 0.107695 0.488510 0.073409 0.330386

MOTIF 18-CCCCACCCCC STREME-18
letter-probability matrix: alength= 4 w= 10 nsites= 1165 E= 4.7e-003
 0.000130 0.999571 0.000169 0.000130
 0.000130 0.999571 0.000169 0.000130
 0.000130 0.999571 0.000169 0.000130
 0.068581 0.841379 0.000169 0.089871
 0.760045 0.000169 0.000169 0.239616
 0.151018 0.691454 0.074398 0.083131
 0.053811 0.945890 0.000169 0.000130
 0.000130 0.868487 0.000169 0.131214
 0.046372 0.777966 0.000169 0.175492
 0.209438 0.633365 0.000169 0.157028

MOTIF 19-GGGAGGAAG STREME-19
letter-probability matrix: alength= 4 w= 9 nsites= 2550 E= 8.2e-003
 0.219531 0.011321 0.761643 0.007505
 0.073096 0.000876 0.919222 0.006806
 0.082035 0.162395 0.726684 0.028886
 0.886648 0.107229 0.000150 0.005973
 0.014614 0.014589 0.967679 0.003119
 0.004833 0.000150 0.994902 0.000115
 0.721832 0.018815 0.256473 0.002880
 0.838504 0.007802 0.140979 0.012715
 0.062864 0.003376 0.925554 0.008205

MOTIF 20-CTCTGTCTC STREME-20
letter-probability matrix: alength= 4 w= 9 nsites= 684 E= 8.6e-003
 0.011908 0.890463 0.071565 0.026064
 0.005081 0.103502 0.010162 0.881256
 0.034658 0.932197 0.009418 0.023727
 0.006463 0.032842 0.118359 0.842335
 0.058888 0.058184 0.836225 0.046703
 0.036399 0.013919 0.034522 0.915160
 0.123475 0.853410 0.010226 0.012890
 0.036686 0.024718 0.042592 0.896005
 0.001209 0.972976 0.000410 0.025406

MOTIF 21-AAACAA STREME-21
letter-probability matrix: alength= 4 w= 6 nsites= 1397 E= 2.9e-002
 0.928818 0.025727 0.025727 0.019727
 0.928818 0.025727 0.025727 0.019727
 0.928818 0.025727 0.025727 0.019727
 0.019727 0.934818 0.025727 0.019727
 0.928818 0.025727 0.025727 0.019727
 0.928818 0.025727 0.025727 0.019727

MOTIF 22-CCAGCCTGGGCRAC STREME-22
letter-probability matrix: alength= 4 w= 14 nsites= 137 E= 5.3e-002
 0.014660 0.967390 0.007512 0.010438
 0.000226 0.984819 0.000295 0.014660
 0.999185 0.000295 0.000295 0.000226
 0.000226 0.014729 0.898214 0.086831
 0.000226 0.992036 0.000295 0.007443
 0.000226 0.955951 0.007512 0.036312
 0.007443 0.007512 0.014729 0.970316
 0.050746 0.000295 0.919865 0.029094
 0.086831 0.000295 0.905431 0.007443
 0.043529 0.245677 0.710568 0.000226
 0.000226 0.710568 0.000295 0.288911
 0.573374 0.029163 0.390019 0.007443
 0.999185 0.000295 0.000295 0.000226
 0.000226 0.992036 0.007512 0.000226

MOTIF 23-AGGGCAGAGGT STREME-23
letter-probability matrix: alength= 4 w= 11 nsites= 738 E= 6.1e-002
 0.963384 0.003757 0.013976 0.018884
 0.073627 0.028014 0.865598 0.032760
 0.004943 0.000135 0.839217 0.155704
 0.037271 0.035397 0.858078 0.069254
 0.032462 0.874199 0.009380 0.083959
 0.855909 0.093560 0.045588 0.004943
 0.144993 0.032167 0.775543 0.047298
 0.682742 0.010074 0.130000 0.177184
 0.017945 0.072311 0.887207 0.022537
 0.037034 0.097360 0.801806 0.063800
 0.012697 0.131123 0.092502 0.763678

MOTIF 24-ATGGCGGCGG STREME-24
letter-probability matrix: alength= 4 w= 10 nsites= 157 E= 7.1e-002
 0.998581 0.000513 0.000513 0.000393
 0.000393 0.029923 0.000513 0.969171
 0.100883 0.048127 0.831245 0.019745
 0.018743 0.000513 0.980351 0.000393
 0.000393 0.928261 0.000513 0.070833
 0.076046 0.098868 0.824692 0.000393
 0.156342 0.035566 0.807700 0.000393
 0.000393 0.998701 0.000513 0.000393
 0.044074 0.056257 0.899276 0.000393
 0.064983 0.149826 0.763719 0.021472

MOTIF 25-AAAAMAAACAAA STREME-25
letter-probability matrix: alength= 4 w= 12 nsites= 299 E= 7.9e-002
 0.930524 0.028254 0.013302 0.027919
 0.978916 0.005336 0.010462 0.005287
 0.906729 0.000209 0.024132 0.068930
 0.777738 0.181753 0.000209 0.040300
 0.468586 0.514677 0.016576 0.000160
 0.971662 0.012589 0.000209 0.015539
 0.982144 0.000209 0.000209 0.017437
 0.994295 0.000209 0.000209 0.005287
 0.241897 0.687333 0.000209 0.070561
 0.896464 0.047649 0.030967 0.024921
 0.930697 0.039826 0.029317 0.000160
 0.965246 0.003627 0.025841 0.005287

MOTIF 26-CCTGGSCTCAAGYGA STREME-26
letter-probability matrix: alength= 4 w= 15 nsites= 138 E= 1.1e-001
 0.000223 0.928120 0.050092 0.021566
 0.000223 0.956577 0.000290 0.042909
 0.000223 0.171037 0.000290 0.828450
 0.085596 0.000290 0.913891 0.000223
 0.280638 0.000290 0.718848 0.000223
 0.042909 0.344736 0.612132 0.000223
 0.000223 0.807174 0.007405 0.185198
 0.000223 0.000290 0.000290 0.999196
 0.007337 0.942349 0.007405 0.042909
 0.999196 0.000290 0.000290 0.000223
 0.771534 0.000290 0.227952 0.000223
 0.060091 0.007405 0.910938 0.021566
 0.000223 0.484072 0.035863 0.479843
 0.242114 0.057206 0.679115 0.021566
 0.935166 0.014519 0.050092 0.000223

MOTIF 27-TCTCGCGAGA STREME-27
letter-probability matrix: alength= 4 w= 10 nsites= 54 E= 2.1e-001
 0.000667 0.000870 0.000870 0.997594
 0.224150 0.774313 0.000870 0.000667
 0.000667 0.000870 0.000870 0.997594
 0.000667 0.997797 0.000870 0.000667
 0.000667 0.000870 0.997797 0.000667
 0.000667 0.997797 0.000870 0.000667
 0.000667 0.000870 0.997797 0.000667
 0.997594 0.000870 0.000870 0.000667
 0.000667 0.000870 0.774313 0.224150
 0.997594 0.000870 0.000870 0.000667

MOTIF 28-ACCCGGAAGY STREME-28
letter-probability matrix: alength= 4 w= 10 nsites= 563 E= 2.4e-001
 0.649743 0.177225 0.000175 0.172856
 0.232163 0.546441 0.129323 0.092074
 0.000134 0.999556 0.000175 0.000134
 0.000134 0.999556 0.000175 0.000134
 0.008608 0.017489 0.973769 0.000134
 0.000134 0.000175 0.933459 0.066231
 0.999515 0.000175 0.000175 0.000134
 0.804483 0.018844 0.000175 0.176498
 0.172131 0.064263 0.760544 0.003062
 0.119294 0.561849 0.025347 0.293510

MOTIF 29-GTCAAYAW STREME-29
letter-probability matrix: alength= 4 w= 8 nsites= 585 E= 3.1e-001
 0.000361 0.000470 0.998809 0.000361
 0.000361 0.000470 0.000470 0.998699
 0.000361 0.998809 0.000470 0.000361
 0.998699 0.000470 0.000470 0.000361
 0.998699 0.000470 0.000470 0.000361
 0.000361 0.602909 0.000470 0.396261
 0.998699 0.000470 0.000470 0.000361
 0.434289 0.158138 0.184821 0.222752

MOTIF 30-GCCTCAGTTTCCYCA STREME-30
letter-probability matrix: alength= 4 w= 15 nsites= 87 E= 3.2e-001
 0.094310 0.033953 0.871387 0.000350
 0.000350 0.909519 0.022787 0.067344
 0.000350 0.853690 0.011622 0.134339
 0.000350 0.022787 0.033953 0.942910
 0.022681 0.965348 0.000456 0.011515
 0.920578 0.022787 0.056285 0.000350
 0.000350 0.045119 0.954182 0.000350
 0.000350 0.139080 0.000456 0.860115
 0.022681 0.123280 0.000456 0.853583
 0.011515 0.000456 0.011622 0.976407
 0.033847 0.842524 0.000456 0.123173
 0.000350 0.853690 0.000456 0.145505
 0.078510 0.458253 0.011622 0.451615
 0.000350 0.764364 0.089782 0.145505
 0.686097 0.123280 0.100948 0.089676

MOTIF 31-CCACGTGG STREME-31
letter-probability matrix: alength= 4 w= 8 nsites= 314 E= 3.7e-001
 0.037949 0.656180 0.245357 0.060513
 0.017602 0.967001 0.005446 0.009952
 0.997884 0.000765 0.000765 0.000586
 0.000586 0.998062 0.000765 0.000586
 0.000586 0.000765 0.998062 0.000586
 0.000586 0.000765 0.000765 0.997884
 0.009952 0.005446 0.967001 0.017602
 0.060513 0.245357 0.656180 0.037949

MOTIF 32-AGGTTGCAGTGA STREME-32
letter-probability matrix: alength= 4 w= 12 nsites= 82 E= 4.2e-001
 0.998499 0.000543 0.000543 0.000416
 0.040290 0.040416 0.892295 0.026999
 0.040290 0.053708 0.879004 0.026999
 0.026999 0.173329 0.000543 0.799130
 0.000416 0.000543 0.022846 0.976195
 0.013707 0.027125 0.918878 0.040290
 0.000416 0.985334 0.000543 0.013707
 0.966400 0.013834 0.013834 0.005932
 0.026999 0.000543 0.972043 0.000416
 0.013707 0.013834 0.013834 0.958625
 0.013707 0.013834 0.972043 0.000416
 0.985207 0.000543 0.013834 0.000416

MOTIF 33-ACAGGAAG STREME-33
letter-probability matrix: alength= 4 w= 8 nsites= 226 E= 4.5e-001
 0.928818 0.025727 0.025727 0.019727
 0.019727 0.934818 0.025727 0.019727
 0.928818 0.025727 0.025727 0.019727
 0.019727 0.025727 0.934818 0.019727
 0.019727 0.025727 0.934818 0.019727
 0.928818 0.025727 0.025727 0.019727
 0.928818 0.025727 0.025727 0.019727
 0.019727 0.025727 0.934818 0.019727

MOTIF 34-AAATACAAA STREME-34
letter-probability matrix: alength= 4 w= 9 nsites= 523 E= 5.6e-001
 0.929144 0.000417 0.070119 0.000320
 0.998846 0.000417 0.000417 0.000320
 0.634911 0.184585 0.142173 0.038331
 0.000320 0.000417 0.081647 0.917616
 0.915081 0.036363 0.048236 0.000320
 0.000320 0.967746 0.031615 0.000320
 0.943411 0.000417 0.023762 0.032410
 0.709995 0.192285 0.085488 0.012232
 0.998846 0.000417 0.000417 0.000320

MOTIF 35-CAAAGTCC STREME-35
letter-probability matrix: alength= 4 w= 8 nsites= 865 E= 5.9e-001
 0.000379 0.927244 0.022566 0.049810
 0.929540 0.034605 0.009770 0.026084
 0.977106 0.000494 0.000494 0.021905
 0.857372 0.060606 0.076333 0.005688
 0.000379 0.088227 0.911015 0.000379
 0.047221 0.000494 0.000494 0.951790
 0.135620 0.696132 0.124397 0.043851
 0.009098 0.930902 0.005782 0.054219

MOTIF 36-CTCTGTATCTAGC STREME-36
letter-probability matrix: alength= 4 w= 13 nsites= 51 E= 8.5e-001
 0.024471 0.973818 0.000969 0.000743
 0.024471 0.000969 0.000969 0.973592
 0.048199 0.926361 0.024697 0.000743
 0.000743 0.000969 0.000969 0.997320
 0.000743 0.024697 0.973818 0.000743
 0.000743 0.000969 0.000969 0.997320
 0.807495 0.000969 0.190793 0.000743
 0.000743 0.024697 0.024697 0.949864
 0.024471 0.973818 0.000969 0.000743
 0.000743 0.000969 0.000969 0.997320
 0.973592 0.000969 0.000969 0.024471
 0.024471 0.000969 0.973818 0.000743
 0.000743 0.950090 0.000969 0.048199

MOTIF 37-CTGAGCTAGACAYA STREME-37
letter-probability matrix: alength= 4 w= 14 nsites= 48 E= 8.5e-001
 0.000891 0.940148 0.001162 0.057799
 0.000891 0.001162 0.001162 0.996786
 0.000891 0.001162 0.854786 0.143162
 0.968332 0.029616 0.001162 0.000891
 0.029345 0.001162 0.968603 0.000891
 0.000891 0.940148 0.029616 0.029345
 0.000891 0.001162 0.001162 0.996786
 0.996786 0.001162 0.001162 0.000891
 0.000891 0.001162 0.997057 0.000891
 0.968332 0.001162 0.001162 0.029345
 0.000891 0.968603 0.029616 0.000891
 0.939877 0.029616 0.029616 0.000891
 0.000891 0.427974 0.001162 0.569974
 0.996786 0.001162 0.001162 0.000891

MOTIF 38-CCAATCA STREME-38
letter-probability matrix: alength= 4 w= 7 nsites= 334 E= 9.7e-001
 0.019727 0.934818 0.025727 0.019727
 0.019727 0.934818 0.025727 0.019727
 0.928818 0.025727 0.025727 0.019727
 0.928818 0.025727 0.025727 0.019727
 0.019727 0.025727 0.025727 0.928818
 0.019727 0.934818 0.025727 0.019727
 0.928818 0.025727 0.025727 0.019727

MOTIF 39-ACACACACACACAC STREME-39
letter-probability matrix: alength= 4 w= 14 nsites= 118 E= 1.1e+000
 0.947887 0.042131 0.009690 0.000291
 0.039463 0.876076 0.019000 0.065461
 0.784820 0.000380 0.177269 0.037531
 0.093391 0.868698 0.000380 0.037531
 0.943089 0.000380 0.037620 0.018911
 0.037531 0.905938 0.037620 0.018911
 0.887229 0.009690 0.074860 0.028221
 0.028221 0.776384 0.093479 0.101915
 0.952399 0.009690 0.028310 0.009601
 0.028221 0.887318 0.046930 0.037531
 0.822060 0.028310 0.093479 0.056151
 0.005912 0.937556 0.000380 0.056151
 0.956088 0.006001 0.019000 0.018911
 0.022900 0.948499 0.009690 0.018911

MOTIF 40-CTTCCC STREME-40
letter-probability matrix: alength= 4 w= 6 nsites= 2748 E= 1.1e+000
 0.019727 0.934818 0.025727 0.019727
 0.019727 0.025727 0.025727 0.928818
 0.019727 0.025727 0.025727 0.928818
 0.019727 0.934818 0.025727 0.019727
 0.019727 0.934818 0.025727 0.019727
 0.019727 0.934818 0.025727 0.019727

MOTIF 41-GCCGCCGCCGCCGCC STREME-41
letter-probability matrix: alength= 4 w= 15 nsites= 281 E= 1.2e+000
 0.053134 0.118263 0.828493 0.000111
 0.008948 0.806983 0.053168 0.130901
 0.000111 0.865786 0.046098 0.088006
 0.049599 0.000144 0.928937 0.021320
 0.010715 0.914797 0.000144 0.074343
 0.000111 0.863541 0.024889 0.111460
 0.088483 0.001611 0.895656 0.014250
 0.014250 0.904192 0.000144 0.081413
 0.068741 0.710374 0.135937 0.084948
 0.063739 0.001611 0.931004 0.003646
 0.014250 0.893588 0.014284 0.077878
 0.000111 0.840564 0.042563 0.116762
 0.167841 0.017819 0.709755 0.104585
 0.035460 0.907727 0.028423 0.028390
 0.024855 0.849702 0.100588 0.024855

MOTIF 42-AATGATTAAC STREME-42
letter-probability matrix: alength= 4 w= 10 nsites= 144 E= 1.3e+000
 0.906142 0.021894 0.044940 0.027024
 0.973086 0.026271 0.000364 0.000279
 0.043340 0.018194 0.000364 0.938102
 0.033943 0.109443 0.831825 0.024789
 0.775076 0.000364 0.016262 0.208299
 0.022929 0.000364 0.000364 0.976343
 0.000279 0.028375 0.000364 0.970981
 0.893664 0.036024 0.053855 0.016457
 0.948372 0.015324 0.027109 0.009194
 0.050900 0.917464 0.000364 0.031272

MOTIF 43-GAAGTTACAA STREME-43
letter-probability matrix: alength= 4 w= 10 nsites= 45 E= 1.7e+000
 0.001185 0.039397 0.937772 0.021646
 0.920022 0.001545 0.001545 0.076887
 0.980015 0.001545 0.001545 0.016895
 0.001185 0.065062 0.932568 0.001185
 0.001185 0.001545 0.001545 0.995724
 0.001185 0.001545 0.001545 0.995724
 0.995724 0.001545 0.001545 0.001185
 0.001185 0.996085 0.001545 0.001185
 0.882171 0.001545 0.001545 0.114738
 0.844320 0.001545 0.001545 0.152589

MOTIF 44-GGATTCGAACC STREME-44
letter-probability matrix: alength= 4 w= 11 nsites= 50 E= 1.7e+000
 0.000687 0.022846 0.975780 0.000687
 0.044586 0.000896 0.953831 0.000687
 0.821925 0.000896 0.044795 0.132384
 0.198232 0.242340 0.022846 0.536583
 0.000687 0.000896 0.000896 0.997521
 0.000687 0.997730 0.000896 0.000687
 0.000687 0.000896 0.997730 0.000687
 0.997521 0.000896 0.000896 0.000687
 0.988411 0.010006 0.000896 0.000687
 0.000687 0.975780 0.000896 0.022637
 0.000687 0.887982 0.088694 0.022637

MOTIF 45-AATATTTG STREME-45
letter-probability matrix: alength= 4 w= 8 nsites= 124 E= 1.7e+000
 0.928818 0.025727 0.025727 0.019727
 0.928818 0.025727 0.025727 0.019727
 0.019727 0.025727 0.025727 0.928818
 0.928818 0.025727 0.025727 0.019727
 0.019727 0.025727 0.025727 0.928818
 0.019727 0.025727 0.025727 0.928818
 0.019727 0.025727 0.025727 0.928818
 0.019727 0.025727 0.934818 0.019727

MOTIF 46-CTGATGCAA STREME-46
letter-probability matrix: alength= 4 w= 9 nsites= 75 E= 1.8e+000
 0.272963 0.724113 0.001655 0.001269
 0.001269 0.010785 0.001655 0.986290
 0.001269 0.001655 0.995807 0.001269
 0.995421 0.001655 0.001655 0.001269
 0.001269 0.001655 0.001655 0.995421
 0.001269 0.001655 0.995807 0.001269
 0.001269 0.995807 0.001655 0.001269
 0.995421 0.001655 0.001655 0.001269
 0.995421 0.001655 0.001655 0.001269

MOTIF 47-CATGGYAAC STREME-47
letter-probability matrix: alength= 4 w= 9 nsites= 64 E= 1.9e+000
 0.000980 0.842297 0.001278 0.155445
 0.996463 0.001278 0.001278 0.000980
 0.000980 0.001278 0.001278 0.996463
 0.098760 0.049508 0.850751 0.000980
 0.000980 0.001278 0.996762 0.000980
 0.000980 0.593613 0.001278 0.404129
 0.996463 0.001278 0.001278 0.000980
 0.996463 0.001278 0.001278 0.000980
 0.000980 0.996762 0.001278 0.000980

MOTIF 48-AGCAGCAGCAGCMGC STREME-48
letter-probability matrix: alength= 4 w= 15 nsites= 218 E= 1.9e+000
 0.679249 0.202724 0.065575 0.052452
 0.000204 0.000267 0.986263 0.013266
 0.052452 0.894830 0.032921 0.019797
 0.894768 0.059045 0.039452 0.006735
 0.045921 0.032921 0.920954 0.000204
 0.019797 0.934016 0.026390 0.019797
 0.803336 0.091699 0.026390 0.078575
 0.013266 0.013328 0.973201 0.000204
 0.032859 0.820280 0.094410 0.052452
 0.793152 0.104761 0.069229 0.032859
 0.111229 0.124353 0.764213 0.000204
 0.013266 0.940546 0.006798 0.039390
 0.261273 0.418243 0.163539 0.156946
 0.072044 0.085168 0.783805 0.058982
 0.026328 0.881769 0.078637 0.013266

MOTIF 49-AGATAA STREME-49
letter-probability matrix: alength= 4 w= 6 nsites= 846 E= 2.0e+000
 0.928818 0.025727 0.025727 0.019727
 0.019727 0.025727 0.934818 0.019727
 0.928818 0.025727 0.025727 0.019727
 0.019727 0.025727 0.025727 0.928818
 0.928818 0.025727 0.025727 0.019727
 0.928818 0.025727 0.025727 0.019727

MOTIF 50-AAAGSAAA STREME-50
letter-probability matrix: alength= 4 w= 8 nsites= 594 E= 2.4e+000
 0.997512 0.000899 0.000899 0.000690
 0.967980 0.000899 0.000899 0.030222
 0.943313 0.055098 0.000899 0.000690
 0.000690 0.177285 0.821336 0.000690
 0.000690 0.320981 0.599925 0.078405
 0.991765 0.000899 0.000899 0.006436
 0.965811 0.000899 0.000899 0.032390
 0.997512 0.000899 0.000899 0.000690

MOTIF 51-CAGAGTCC STREME-51
letter-probability matrix: alength= 4 w= 8 nsites= 268 E= 2.7e+000
 0.019727 0.934818 0.025727 0.019727
 0.928818 0.025727 0.025727 0.019727
 0.019727 0.025727 0.934818 0.019727
 0.928818 0.025727 0.025727 0.019727
 0.019727 0.025727 0.934818 0.019727
 0.019727 0.025727 0.025727 0.928818
 0.019727 0.934818 0.025727 0.019727
 0.019727 0.934818 0.025727 0.019727

MOTIF 52-GGGGMCTTGGAGAAC STREME-52
letter-probability matrix: alength= 4 w= 15 nsites= 45 E= 3.4e+000
 0.025690 0.001017 0.972513 0.000780
 0.025690 0.001017 0.972513 0.000780
 0.050600 0.001017 0.922693 0.025690
 0.000780 0.001017 0.997423 0.000780
 0.573713 0.349759 0.025927 0.050600
 0.000780 0.997423 0.001017 0.000780
 0.000780 0.001017 0.100658 0.897545
 0.000780 0.001017 0.001017 0.997186
 0.000780 0.001017 0.997423 0.000780
 0.000780 0.025927 0.972513 0.000780
 0.972276 0.025927 0.001017 0.000780
 0.050600 0.001017 0.947603 0.000780
 0.997186 0.001017 0.001017 0.000780
 0.972276 0.001017 0.025927 0.000780
 0.000780 0.972513 0.001017 0.025690

MOTIF 53-GGCRCAGTGGCTCAY STREME-53
letter-probability matrix: alength= 4 w= 15 nsites= 44 E= 3.4e+000
 0.028533 0.001130 0.969471 0.000866
 0.111534 0.001130 0.858804 0.028533
 0.000866 0.831137 0.001130 0.166868
 0.554204 0.028796 0.416133 0.000866
 0.000866 0.941804 0.001130 0.056200
 0.886207 0.028796 0.084130 0.000866
 0.056200 0.001130 0.941804 0.000866
 0.000866 0.001130 0.001130 0.996875
 0.000866 0.001130 0.997138 0.000866
 0.000866 0.001130 0.914137 0.083867
 0.000866 0.997138 0.001130 0.000866
 0.028533 0.001130 0.001130 0.969208
 0.028533 0.969471 0.001130 0.000866
 0.886207 0.001130 0.084130 0.028533
 0.028533 0.526801 0.028796 0.415870

MOTIF 54-GSTGACGTCASC STREME-54
letter-probability matrix: alength= 4 w= 12 nsites= 352 E= 3.8e+000
 0.171476 0.149370 0.549734 0.129419
 0.185759 0.384871 0.302703 0.126667
 0.064888 0.179581 0.000135 0.755396
 0.041270 0.000135 0.884840 0.073754
 0.988990 0.000135 0.000135 0.010739
 0.000104 0.834128 0.097706 0.068062
 0.068062 0.097706 0.834128 0.000104
 0.010739 0.000135 0.000135 0.988990
 0.073754 0.884840 0.000135 0.041270
 0.755396 0.000135 0.179581 0.064888
 0.126667 0.302703 0.384871 0.185759
 0.129419 0.549734 0.149370 0.171476

********************************************************************************
Stopped because 3 consecutive motifs exceeded the p-value threshold (0.05).
********************************************************************************
COMMAND:	streme --verbosity 1 --oc meme_out_incomplete_DL/HepG2_HMGXB3-human_ENCFF463ZVL/streme_out -dna --seed 0 --p meme_out_incomplete_DL/HepG2_HMGXB3-human_ENCFF463ZVL/seqs-centered --minw 6 --maxw 15 --time 6184 --order 2 --thresh 0.05 --align center --totallength 4000000 --parse-genomic-coord
********************************************************************************
CPU:		9f05ee173ae9
********************************************************************************
FINALTIME:	1713.89 seconds
********************************************************************************
