********************************************************************************
STREME - Sensitive, Thorough, Rapid, Enriched Motif Elicitation
********************************************************************************
MEME version 5.5.3 (Release date: Sat Jun 10 16:19:38 2023 -0700)

For further information on how to interpret these results please access http://localhost:8080/meme_5.5.3.
To get a copy of the MEME Suite software please access https://meme-suite.org.

********************************************************************************


********************************************************************************
REFERENCE
********************************************************************************
If you use this program in your research, please cite:

Timothy L. Bailey,
"STREME: accurate and versatile sequence motif discovery",
Bioinformatics, Mar. 24, 2021.
********************************************************************************


ALPHABET= ACGT

strands: + -

Background letter frequencies
A 0.208 C 0.292 G 0.292 T 0.208 

MOTIF 1-GYAAAYAH STREME-1
letter-probability matrix: alength= 4 w= 8 nsites= 2873 E= 1.7e-016
 0.300903 0.000067 0.695097 0.003933
 0.000048 0.333893 0.000067 0.665993
 0.952250 0.047635 0.000067 0.000048
 0.999818 0.000067 0.000067 0.000048
 0.992991 0.000067 0.000067 0.006875
 0.000048 0.538978 0.000067 0.460907
 0.995842 0.000067 0.004043 0.000048
 0.295862 0.234181 0.076536 0.393421

MOTIF 2-CTGGGATTACAGGC STREME-2
letter-probability matrix: alength= 4 w= 14 nsites= 539 E= 4.9e-014
 0.006321 0.941372 0.006346 0.045961
 0.004235 0.012604 0.000088 0.983073
 0.064739 0.000088 0.933024 0.002149
 0.035527 0.006346 0.939289 0.018838
 0.045966 0.002174 0.943454 0.008407
 0.991417 0.000088 0.004260 0.004235
 0.000063 0.189981 0.002174 0.807783
 0.004235 0.030162 0.002174 0.963430
 0.980986 0.002174 0.016778 0.000063
 0.008407 0.914245 0.000088 0.077260
 0.978901 0.002174 0.014690 0.004235
 0.031358 0.000088 0.958061 0.010493
 0.042653 0.000088 0.942594 0.014665
 0.020925 0.761883 0.010520 0.206672

MOTIF 3-CYCVGCCYC STREME-3
letter-probability matrix: alength= 4 w= 9 nsites= 7665 E= 1.2e-012
 0.000031 0.999895 0.000043 0.000031
 0.000031 0.455242 0.028484 0.516243
 0.000031 0.935686 0.000043 0.064240
 0.259412 0.430219 0.235000 0.075368
 0.209326 0.000043 0.790600 0.000031
 0.018360 0.886259 0.000043 0.095338
 0.000031 0.895990 0.018552 0.085427
 0.000031 0.405520 0.000043 0.594406
 0.000031 0.999895 0.000043 0.000031

MOTIF 4-CCAGCCTGGSCAACA STREME-4
letter-probability matrix: alength= 4 w= 15 nsites= 452 E= 2.4e-011
 0.007384 0.951011 0.014725 0.026880
 0.014695 0.926641 0.002540 0.056125
 0.994848 0.000103 0.002540 0.002510
 0.022006 0.014725 0.931512 0.031757
 0.004947 0.946137 0.014724 0.034191
 0.007384 0.968070 0.000103 0.024444
 0.002510 0.022035 0.000103 0.975352
 0.041502 0.000103 0.951011 0.007384
 0.097558 0.009850 0.892518 0.000073
 0.058564 0.339056 0.592559 0.009821
 0.029319 0.746214 0.009851 0.214617
 0.685215 0.002540 0.309735 0.002510
 0.982663 0.000103 0.012288 0.004947
 0.007384 0.938824 0.012287 0.041505
 0.938795 0.004977 0.048844 0.007384

MOTIF 5-AAAAAWAMAAAAA STREME-5
letter-probability matrix: alength= 4 w= 13 nsites= 342 E= 2.4e-009
 0.963269 0.004017 0.015580 0.017134
 0.995705 0.000162 0.004017 0.000116
 0.944436 0.036014 0.007871 0.011679
 0.984142 0.004017 0.007871 0.003970
 0.968366 0.019793 0.007871 0.003970
 0.367754 0.002732 0.001762 0.627753
 0.964866 0.000162 0.031002 0.003970
 0.354454 0.607645 0.004017 0.033884
 0.994106 0.004017 0.000162 0.001715
 0.968724 0.004017 0.015580 0.011679
 0.982542 0.004017 0.004017 0.009425
 0.987996 0.000162 0.000162 0.011679
 0.935800 0.011726 0.007871 0.044604

MOTIF 6-CAAAGTS STREME-6
letter-probability matrix: alength= 4 w= 7 nsites= 1038 E= 1.0e-006
 0.000349 0.998813 0.000489 0.000349
 0.998453 0.000489 0.000709 0.000349
 0.995972 0.000489 0.000489 0.003050
 0.958431 0.040731 0.000489 0.000349
 0.000349 0.000489 0.998813 0.000349
 0.000349 0.000489 0.000489 0.998673
 0.026791 0.524821 0.448039 0.000349

MOTIF 7-CCACCRCGCCYGGCY STREME-7
letter-probability matrix: alength= 4 w= 15 nsites= 369 E= 1.5e-006
 0.000087 0.976477 0.003026 0.020411
 0.004195 0.946238 0.005929 0.043638
 0.999668 0.000122 0.000122 0.000087
 0.008797 0.956153 0.005929 0.029121
 0.000087 0.876551 0.005929 0.117433
 0.645906 0.000122 0.353885 0.000087
 0.005894 0.666282 0.005929 0.321895
 0.233576 0.003026 0.757504 0.005894
 0.023314 0.953250 0.000122 0.023314
 0.000087 0.953249 0.000122 0.046542
 0.026218 0.623930 0.003026 0.346827
 0.277137 0.000122 0.705233 0.017507
 0.000087 0.008832 0.976477 0.014604
 0.008797 0.953250 0.023349 0.014604
 0.020411 0.354380 0.020446 0.604763

MOTIF 8-CAAGATGGCGGC STREME-8
letter-probability matrix: alength= 4 w= 12 nsites= 286 E= 2.8e-006
 0.094496 0.575246 0.202941 0.127317
 0.987223 0.000173 0.012481 0.000123
 0.979017 0.004275 0.000173 0.016535
 0.098597 0.193025 0.690142 0.018236
 0.999531 0.000173 0.000173 0.000123
 0.000123 0.000173 0.000173 0.999531
 0.000123 0.000173 0.999581 0.000123
 0.000123 0.000173 0.999581 0.000123
 0.000123 0.983170 0.000173 0.016534
 0.031625 0.049405 0.877819 0.041151
 0.097268 0.090435 0.750630 0.061666
 0.143727 0.758833 0.035776 0.061664

MOTIF 9-CMAAGGTCAN STREME-9
letter-probability matrix: alength= 4 w= 10 nsites= 3939 E= 3.5e-006
 0.093202 0.697107 0.029483 0.180209
 0.345086 0.500702 0.035299 0.118913
 0.728550 0.000029 0.253066 0.018355
 0.911822 0.055004 0.000029 0.033144
 0.021972 0.043766 0.917383 0.016878
 0.126992 0.000029 0.671490 0.201489
 0.091871 0.121769 0.000029 0.786331
 0.027006 0.932288 0.000029 0.040678
 0.889711 0.000910 0.109090 0.000288
 0.187613 0.343024 0.281181 0.188182

MOTIF 10-GCCCYCTGSTGGCCR STREME-10
letter-probability matrix: alength= 4 w= 15 nsites= 216 E= 1.9e-005
 0.089899 0.000172 0.909806 0.000123
 0.000123 0.999583 0.000172 0.000123
 0.000123 0.987341 0.012414 0.000123
 0.303794 0.695911 0.000172 0.000123
 0.000123 0.574178 0.000172 0.425527
 0.000123 0.999583 0.000172 0.000123
 0.000123 0.000172 0.000172 0.999534
 0.208243 0.105578 0.655797 0.030382
 0.000123 0.406868 0.583032 0.009978
 0.000123 0.212372 0.000172 0.787333
 0.004203 0.000172 0.995502 0.000123
 0.049092 0.094030 0.785689 0.071189
 0.098061 0.642862 0.079400 0.179677
 0.000123 0.642861 0.138919 0.218097
 0.468725 0.093336 0.319473 0.118466

MOTIF 11-AGRATYGCTTGARCC STREME-11
letter-probability matrix: alength= 4 w= 15 nsites= 314 E= 3.5e-005
 0.933211 0.021112 0.007135 0.038541
 0.056012 0.007135 0.936747 0.000105
 0.573288 0.003641 0.422966 0.000105
 0.999601 0.000147 0.000147 0.000105
 0.003599 0.066539 0.000147 0.929715
 0.010588 0.580290 0.097992 0.311131
 0.290157 0.024607 0.671155 0.014082
 0.010588 0.915780 0.003641 0.069991
 0.014082 0.049066 0.038588 0.898263
 0.003599 0.000147 0.021113 0.975141
 0.052519 0.010630 0.929758 0.007093
 0.961165 0.007135 0.024606 0.007093
 0.576781 0.017618 0.395013 0.010588
 0.028059 0.835413 0.056056 0.080473
 0.014082 0.926264 0.021112 0.038541

MOTIF 12-AAARCAAAS STREME-12
letter-probability matrix: alength= 4 w= 9 nsites= 993 E= 6.6e-005
 0.999226 0.000285 0.000285 0.000204
 0.774644 0.000285 0.224867 0.000204
 0.730525 0.014107 0.147051 0.108318
 0.500724 0.000285 0.498787 0.000204
 0.000204 0.999308 0.000285 0.000204
 0.999226 0.000285 0.000285 0.000204
 0.999226 0.000285 0.000285 0.000204
 0.925632 0.011644 0.000285 0.062439
 0.155702 0.360933 0.483161 0.000204

MOTIF 13-GCGCATGCGCA STREME-13
letter-probability matrix: alength= 4 w= 11 nsites= 271 E= 6.8e-005
 0.040340 0.000215 0.949066 0.010379
 0.099465 0.877591 0.020668 0.002275
 0.000154 0.015555 0.984138 0.000154
 0.000154 0.994365 0.005328 0.000154
 0.745760 0.161578 0.062397 0.030265
 0.000154 0.108804 0.099875 0.791168
 0.005266 0.005328 0.989252 0.000154
 0.000154 0.999478 0.000215 0.000154
 0.000154 0.000215 0.975106 0.024525
 0.000154 0.955196 0.015554 0.029096
 0.908545 0.021851 0.069451 0.000154

MOTIF 14-CTGGATAANTGAR STREME-14
letter-probability matrix: alength= 4 w= 13 nsites= 420 E= 1.1e-004
 0.151288 0.749087 0.000109 0.099516
 0.013020 0.286556 0.000109 0.700315
 0.092825 0.000109 0.860394 0.046671
 0.142009 0.002697 0.793033 0.062261
 0.608145 0.000109 0.087679 0.304068
 0.000078 0.002697 0.000109 0.997116
 0.776015 0.000109 0.203091 0.020786
 0.670134 0.069559 0.126067 0.134240
 0.253814 0.274688 0.204167 0.267331
 0.052922 0.093296 0.046703 0.807079
 0.007843 0.000109 0.991970 0.000078
 0.957213 0.002697 0.040011 0.000078
 0.513937 0.000109 0.459991 0.025963

MOTIF 15-RGGAAACTGAGGCY STREME-15
letter-probability matrix: alength= 4 w= 14 nsites= 182 E= 4.9e-004
 0.353530 0.000237 0.604362 0.041872
 0.095777 0.005861 0.881322 0.017041
 0.174514 0.017109 0.735096 0.073281
 0.805807 0.022733 0.050853 0.120608
 0.920622 0.050853 0.000237 0.028289
 0.971238 0.005861 0.000237 0.022665
 0.000169 0.971306 0.005861 0.022665
 0.000169 0.000237 0.000237 0.999358
 0.062032 0.000237 0.926314 0.011417
 0.954366 0.000237 0.045228 0.000169
 0.095777 0.017109 0.875697 0.011417
 0.098110 0.005861 0.848534 0.047495
 0.019375 0.795583 0.036315 0.148727
 0.159981 0.280498 0.062101 0.497419

MOTIF 16-GTGTGTGTGTGTGTG STREME-16
letter-probability matrix: alength= 4 w= 15 nsites= 235 E= 7.7e-004
 0.006787 0.005197 0.969172 0.018844
 0.026553 0.131046 0.000277 0.842124
 0.148522 0.031025 0.813666 0.006787
 0.084195 0.085889 0.017141 0.812776
 0.051292 0.066704 0.881806 0.000198
 0.044662 0.013455 0.020044 0.921839
 0.088592 0.006866 0.904344 0.000198
 0.013376 0.132059 0.002946 0.851618
 0.026553 0.020044 0.946616 0.006787
 0.000198 0.060846 0.024559 0.914397
 0.101764 0.013455 0.884583 0.000198
 0.049054 0.065947 0.000277 0.884722
 0.063475 0.001547 0.921603 0.013375
 0.000198 0.041983 0.000277 0.957542
 0.284830 0.000277 0.692130 0.022763

MOTIF 17-TCAGCACCATGGAC STREME-17
letter-probability matrix: alength= 4 w= 14 nsites= 175 E= 1.4e-003
 0.006455 0.069197 0.059264 0.865085
 0.006455 0.936695 0.025330 0.031521
 0.980485 0.000264 0.000264 0.018988
 0.031521 0.019063 0.930428 0.018988
 0.031521 0.846357 0.094266 0.027855
 0.980485 0.012797 0.000264 0.006455
 0.006455 0.974294 0.006530 0.012721
 0.012721 0.961761 0.019063 0.006455
 0.660862 0.056663 0.144417 0.138058
 0.018988 0.288605 0.094264 0.598144
 0.000188 0.019063 0.968027 0.012721
 0.012721 0.019063 0.949227 0.018989
 0.942885 0.037863 0.012797 0.006455
 0.018988 0.855227 0.094264 0.031521

MOTIF 18-RTTRYRYAAY STREME-18
letter-probability matrix: alength= 4 w= 10 nsites= 606 E= 2.1e-003
 0.506804 0.104985 0.388124 0.000087
 0.019195 0.000122 0.000122 0.980562
 0.000087 0.000122 0.000122 0.999670
 0.381105 0.000122 0.494050 0.124723
 0.114432 0.487793 0.037944 0.359831
 0.359831 0.037944 0.487793 0.114432
 0.124723 0.494050 0.000122 0.381105
 0.999670 0.000122 0.000122 0.000087
 0.980562 0.000122 0.000122 0.019195
 0.000087 0.388124 0.104985 0.506804

MOTIF 19-CCCYTCCC STREME-19
letter-probability matrix: alength= 4 w= 8 nsites= 4937 E= 2.5e-003
 0.042048 0.709948 0.000197 0.247808
 0.000140 0.949677 0.000197 0.049986
 0.000140 0.999522 0.000197 0.000140
 0.000140 0.484466 0.000197 0.515197
 0.105407 0.000197 0.272481 0.621916
 0.000140 0.999522 0.000197 0.000140
 0.000140 0.999522 0.000197 0.000140
 0.000140 0.999522 0.000197 0.000140

MOTIF 20-AGTGCAGTGGC STREME-20
letter-probability matrix: alength= 4 w= 11 nsites= 260 E= 7.5e-003
 0.943268 0.008949 0.024995 0.022788
 0.015950 0.009726 0.974154 0.000170
 0.015601 0.018292 0.042174 0.923933
 0.034099 0.003294 0.956783 0.005824
 0.000696 0.988881 0.000764 0.009658
 0.953840 0.008949 0.009726 0.027484
 0.083201 0.001932 0.903389 0.011478
 0.000170 0.012350 0.018007 0.969473
 0.017133 0.000238 0.979403 0.003226
 0.003606 0.005892 0.974552 0.015950
 0.005824 0.760209 0.010322 0.223645

MOTIF 21-GYCACGTGRC STREME-21
letter-probability matrix: alength= 4 w= 10 nsites= 621 E= 7.7e-003
 0.243984 0.097126 0.642196 0.016694
 0.035236 0.327416 0.043010 0.594338
 0.024653 0.754443 0.163355 0.057549
 0.996493 0.000122 0.003298 0.000087
 0.007330 0.934778 0.000122 0.057770
 0.057770 0.000122 0.934778 0.007330
 0.000087 0.003298 0.000122 0.996493
 0.057549 0.163355 0.754443 0.024653
 0.594338 0.043010 0.327416 0.035236
 0.016694 0.642196 0.097126 0.243984

MOTIF 22-GCGGCTGCRGCK STREME-22
letter-probability matrix: alength= 4 w= 12 nsites= 859 E= 1.0e-002
 0.000082 0.000115 0.996657 0.003146
 0.019924 0.941334 0.000115 0.038626
 0.079503 0.006729 0.843982 0.069786
 0.105714 0.001252 0.861693 0.031341
 0.000082 0.984780 0.015056 0.000082
 0.059628 0.100406 0.259807 0.580159
 0.000082 0.016931 0.982905 0.000082
 0.000082 0.996982 0.000115 0.002821
 0.388885 0.042137 0.400551 0.168427
 0.012172 0.010338 0.977407 0.000082
 0.000082 0.914221 0.056527 0.029170
 0.171401 0.062605 0.330359 0.435636

MOTIF 23-GCGGGYGGATCA STREME-23
letter-probability matrix: alength= 4 w= 12 nsites= 161 E= 1.1e-002
 0.000230 0.000322 0.999218 0.000230
 0.038500 0.708318 0.007976 0.245206
 0.192459 0.015629 0.788506 0.003406
 0.000230 0.007976 0.983911 0.007883
 0.000230 0.000322 0.999218 0.000230
 0.061464 0.574973 0.000322 0.363241
 0.212242 0.003499 0.784030 0.000230
 0.007883 0.015629 0.976257 0.000230
 0.991472 0.000322 0.007976 0.000230
 0.000230 0.023284 0.000322 0.976164
 0.000230 0.976257 0.000322 0.023191
 0.945550 0.000322 0.046245 0.007883

MOTIF 24-SCACGTGS STREME-24
letter-probability matrix: alength= 4 w= 8 nsites= 659 E= 3.4e-002
 0.176290 0.378836 0.444503 0.000371
 0.000371 0.888466 0.000520 0.110643
 0.998588 0.000520 0.000520 0.000371
 0.000371 0.998737 0.000520 0.000371
 0.000371 0.000520 0.998737 0.000371
 0.000371 0.000520 0.000520 0.998588
 0.110643 0.000520 0.888466 0.000371
 0.000371 0.444503 0.378836 0.176290

MOTIF 25-ARACCCTGTCTCTAM STREME-25
letter-probability matrix: alength= 4 w= 15 nsites= 177 E= 4.4e-002
 0.978157 0.006450 0.015208 0.000186
 0.547462 0.018828 0.433524 0.000186
 0.986915 0.000261 0.012639 0.000186
 0.024943 0.813689 0.000261 0.161108
 0.055891 0.863203 0.000261 0.080646
 0.018753 0.813691 0.043585 0.123970
 0.000186 0.284968 0.000261 0.714586
 0.173485 0.000261 0.807501 0.018753
 0.018753 0.000261 0.000261 0.980725
 0.031132 0.869394 0.018828 0.080645
 0.031132 0.000261 0.006450 0.962158
 0.024943 0.887961 0.037397 0.049700
 0.266335 0.068342 0.000261 0.665062
 0.943590 0.006450 0.043585 0.006375
 0.346798 0.597053 0.006450 0.049699

MOTIF 26-ACTACAWYTCCCAG STREME-26
letter-probability matrix: alength= 4 w= 14 nsites= 122 E= 9.5e-002
 0.990138 0.000373 0.000373 0.009117
 0.009117 0.990245 0.000373 0.000266
 0.000266 0.000373 0.000373 0.998989
 0.942207 0.000373 0.039452 0.017968
 0.000266 0.999096 0.000373 0.000266
 0.827143 0.035777 0.136814 0.000266
 0.464232 0.074855 0.044628 0.416285
 0.079927 0.349271 0.097736 0.473067
 0.000266 0.035777 0.026926 0.937031
 0.017968 0.954840 0.000373 0.026819
 0.000266 0.972542 0.009224 0.017968
 0.000266 0.990245 0.000373 0.009117
 0.742304 0.009224 0.248206 0.000266
 0.097628 0.071182 0.724711 0.106479

MOTIF 27-GTGAGTCAT STREME-27
letter-probability matrix: alength= 4 w= 9 nsites= 263 E= 1.9e-001
 0.127834 0.199338 0.564018 0.108810
 0.000395 0.037248 0.000553 0.961804
 0.020651 0.036436 0.936434 0.006478
 0.986993 0.010866 0.001746 0.000395
 0.003069 0.041635 0.901832 0.053463
 0.000395 0.000553 0.000553 0.998498
 0.058758 0.926637 0.004142 0.010464
 0.996301 0.000553 0.002750 0.000395
 0.060802 0.133344 0.000553 0.805301

MOTIF 28-CCSAGGCC STREME-28
letter-probability matrix: alength= 4 w= 8 nsites= 3742 E= 2.2e-001
 0.052714 0.946711 0.000336 0.000239
 0.000239 0.999186 0.000336 0.000239
 0.075888 0.347846 0.554901 0.021365
 0.999089 0.000336 0.000336 0.000239
 0.000239 0.063839 0.935682 0.000239
 0.000239 0.195149 0.771853 0.032758
 0.013103 0.925621 0.049267 0.012009
 0.012131 0.811014 0.025289 0.151566

MOTIF 29-AACCGGAA STREME-29
letter-probability matrix: alength= 4 w= 8 nsites= 581 E= 2.5e-001
 0.907874 0.000551 0.048167 0.043409
 0.682631 0.236743 0.000551 0.080075
 0.040351 0.847131 0.045717 0.066801
 0.000393 0.882756 0.116458 0.000393
 0.000393 0.025247 0.973967 0.000393
 0.051631 0.030393 0.916971 0.001004
 0.982422 0.004812 0.009694 0.003071
 0.990883 0.000777 0.000551 0.007790

MOTIF 30-CGCRGTGGCTCA STREME-30
letter-probability matrix: alength= 4 w= 12 nsites= 99 E= 2.8e-001
 0.097392 0.646450 0.000454 0.255704
 0.264327 0.000454 0.734895 0.000324
 0.026370 0.741221 0.000454 0.231955
 0.399403 0.000454 0.567465 0.032678
 0.000324 0.000454 0.998898 0.000324
 0.000324 0.000454 0.000454 0.998768
 0.075818 0.000454 0.923404 0.000324
 0.000324 0.000454 0.998898 0.000324
 0.000324 0.998898 0.000454 0.000324
 0.011108 0.000454 0.000454 0.987984
 0.000324 0.944976 0.000454 0.054246
 0.987984 0.000454 0.011238 0.000324

MOTIF 31-GCRGYGAC STREME-31
letter-probability matrix: alength= 4 w= 8 nsites= 3322 E= 4.1e-001
 0.238705 0.000182 0.760983 0.000130
 0.000130 0.856639 0.000182 0.143049
 0.515598 0.000182 0.484090 0.000130
 0.223572 0.000182 0.762082 0.014164
 0.107814 0.508646 0.073380 0.310159
 0.000130 0.040747 0.958993 0.000130
 0.892669 0.000182 0.057381 0.049767
 0.000130 0.958118 0.000182 0.041569

MOTIF 32-AATGATTAAC STREME-32
letter-probability matrix: alength= 4 w= 10 nsites= 151 E= 4.6e-001
 0.998753 0.000460 0.000460 0.000328
 0.944158 0.000460 0.055055 0.000328
 0.000328 0.011378 0.000460 0.987834
 0.138763 0.270133 0.564928 0.026176
 0.747993 0.000460 0.073380 0.178167
 0.000328 0.000460 0.034772 0.964441
 0.000328 0.000460 0.000460 0.998753
 0.867717 0.000460 0.065977 0.065847
 0.998753 0.000460 0.000460 0.000328
 0.146179 0.836212 0.000460 0.017149

MOTIF 33-CATTTTACAGATRA STREME-33
letter-probability matrix: alength= 4 w= 14 nsites= 123 E= 5.1e-001
 0.000274 0.871282 0.000384 0.128059
 0.840002 0.049809 0.109914 0.000274
 0.045911 0.009512 0.018639 0.925938
 0.000274 0.000384 0.018639 0.980703
 0.009402 0.009512 0.055149 0.925938
 0.000274 0.128171 0.009512 0.862043
 0.898555 0.036894 0.055149 0.009402
 0.118931 0.725244 0.036894 0.118931
 0.898556 0.000384 0.046021 0.055039
 0.146313 0.009512 0.843901 0.000274
 0.843791 0.000384 0.109913 0.045911
 0.195739 0.055149 0.119042 0.630070
 0.387416 0.046021 0.566288 0.000274
 0.679496 0.055149 0.219444 0.045911

MOTIF 34-AGTTTGAGA STREME-34
letter-probability matrix: alength= 4 w= 9 nsites= 94 E= 5.4e-001
 0.851506 0.146141 0.001373 0.000980
 0.000980 0.001373 0.996668 0.000980
 0.000980 0.001373 0.001373 0.996274
 0.000980 0.001373 0.001373 0.996274
 0.000980 0.047280 0.001373 0.950367
 0.000980 0.001373 0.996668 0.000980
 0.940183 0.057465 0.001373 0.000980
 0.000980 0.001373 0.953764 0.043883
 0.996274 0.001373 0.001373 0.000980

MOTIF 35-AGTCAACA STREME-35
letter-probability matrix: alength= 4 w= 8 nsites= 89 E= 5.4e-001
 0.928018 0.026527 0.026527 0.018927
 0.018927 0.026527 0.935618 0.018927
 0.018927 0.026527 0.026527 0.928018
 0.018927 0.935618 0.026527 0.018927
 0.928018 0.026527 0.026527 0.018927
 0.928018 0.026527 0.026527 0.018927
 0.018927 0.935618 0.026527 0.018927
 0.928018 0.026527 0.026527 0.018927

MOTIF 36-YCACTTCCGG STREME-36
letter-probability matrix: alength= 4 w= 10 nsites= 374 E= 6.9e-001
 0.000174 0.446497 0.210988 0.342341
 0.120614 0.654446 0.106504 0.118436
 0.921818 0.000244 0.077763 0.000174
 0.000174 0.999407 0.000244 0.000174
 0.000174 0.000244 0.000244 0.999337
 0.025314 0.000244 0.000244 0.974197
 0.000174 0.999407 0.000244 0.000174
 0.000174 0.999407 0.000244 0.000174
 0.000174 0.000244 0.999407 0.000174
 0.056218 0.141861 0.801746 0.000174

MOTIF 37-CTCACTGCAAC STREME-37
letter-probability matrix: alength= 4 w= 11 nsites= 229 E= 8.3e-001
 0.005960 0.962543 0.003371 0.028126
 0.000174 0.000244 0.000244 0.999339
 0.000174 0.976263 0.000244 0.023320
 0.980864 0.000244 0.018718 0.000174
 0.005960 0.929967 0.040752 0.023321
 0.000174 0.000244 0.029177 0.970406
 0.029107 0.000244 0.970476 0.000174
 0.029107 0.937615 0.000244 0.033034
 0.970408 0.000244 0.017603 0.011746
 0.831772 0.000244 0.167810 0.000174
 0.000174 0.866277 0.110230 0.023320

MOTIF 38-CTGGGGTCA STREME-38
letter-probability matrix: alength= 4 w= 9 nsites= 748 E= 9.5e-001
 0.137892 0.795055 0.000505 0.066547
 0.044908 0.060198 0.000505 0.894389
 0.211633 0.008970 0.779037 0.000361
 0.000361 0.035325 0.912105 0.052209
 0.000361 0.024249 0.975030 0.000361
 0.113467 0.000505 0.794031 0.091997
 0.079049 0.000505 0.000505 0.919940
 0.000361 0.998773 0.000505 0.000361
 0.863883 0.000505 0.053449 0.082163

MOTIF 39-GAGTTCAAGA STREME-39
letter-probability matrix: alength= 4 w= 10 nsites= 54 E= 9.5e-001
 0.018927 0.026527 0.935618 0.018927
 0.928018 0.026527 0.026527 0.018927
 0.018927 0.026527 0.935618 0.018927
 0.018927 0.026527 0.026527 0.928018
 0.018927 0.026527 0.026527 0.928018
 0.018927 0.935618 0.026527 0.018927
 0.928018 0.026527 0.026527 0.018927
 0.928018 0.026527 0.026527 0.018927
 0.018927 0.026527 0.935618 0.018927
 0.928018 0.026527 0.026527 0.018927

MOTIF 40-GGAAGTGAC STREME-40
letter-probability matrix: alength= 4 w= 9 nsites= 385 E= 1.4e+000
 0.050792 0.005722 0.928206 0.015281
 0.007224 0.035545 0.896278 0.060953
 0.978724 0.000625 0.020206 0.000446
 0.809122 0.055863 0.111362 0.023654
 0.046521 0.013136 0.921455 0.018887
 0.000446 0.030325 0.000625 0.968604
 0.023226 0.084449 0.835470 0.056856
 0.998305 0.000625 0.000625 0.000446
 0.005104 0.854674 0.107210 0.033012

MOTIF 41-CCCTCCTCCTCCTCC STREME-41
letter-probability matrix: alength= 4 w= 15 nsites= 41 E= 1.5e+000
 0.000869 0.724606 0.001218 0.273307
 0.029804 0.794500 0.001218 0.174479
 0.029804 0.968109 0.001218 0.000869
 0.000869 0.001218 0.001218 0.996695
 0.000869 0.811426 0.059088 0.128617
 0.000869 0.910239 0.001218 0.087674
 0.000869 0.001218 0.001218 0.996695
 0.000869 0.968109 0.001218 0.029804
 0.000869 0.997044 0.001218 0.000869
 0.000869 0.001218 0.001218 0.996695
 0.000869 0.910240 0.088022 0.000869
 0.000869 0.968109 0.030153 0.000869
 0.029804 0.001218 0.001218 0.967760
 0.000869 0.939175 0.001218 0.058738
 0.029804 0.852369 0.116959 0.000869

MOTIF 42-CAGAGTCCAGG STREME-42
letter-probability matrix: alength= 4 w= 11 nsites= 289 E= 1.7e+000
 0.015458 0.887429 0.019951 0.077162
 0.877404 0.010940 0.013894 0.097761
 0.000266 0.012939 0.931656 0.055138
 0.921719 0.026955 0.042199 0.009127
 0.006597 0.003667 0.980608 0.009127
 0.006036 0.023534 0.013776 0.956654
 0.074836 0.915664 0.009234 0.000266
 0.039124 0.805493 0.109988 0.045395
 0.923166 0.040607 0.002080 0.034148
 0.083179 0.085248 0.783011 0.048563
 0.024930 0.080995 0.811228 0.082847

MOTIF 43-CCGAGTAG STREME-43
letter-probability matrix: alength= 4 w= 8 nsites= 577 E= 1.8e+000
 0.021511 0.941188 0.035979 0.001322
 0.000329 0.805896 0.003403 0.190372
 0.126058 0.017525 0.849189 0.007228
 0.858493 0.010048 0.124454 0.007005
 0.037730 0.003043 0.955771 0.003456
 0.000329 0.000461 0.000461 0.998749
 0.919022 0.040446 0.000461 0.040071
 0.016471 0.044661 0.930818 0.008051

MOTIF 44-AGGAAGAGGAAG STREME-44
letter-probability matrix: alength= 4 w= 12 nsites= 345 E= 1.9e+000
 0.976448 0.023313 0.000139 0.000099
 0.033355 0.032682 0.933864 0.000099
 0.111517 0.030009 0.767368 0.091106
 0.957148 0.000139 0.000139 0.042574
 0.679457 0.133372 0.078888 0.108282
 0.000099 0.003450 0.961872 0.034578
 0.817975 0.001513 0.000139 0.180373
 0.094630 0.027899 0.723048 0.154423
 0.097493 0.136900 0.721097 0.044510
 0.850488 0.000139 0.030348 0.119024
 0.644905 0.159375 0.101244 0.094476
 0.108464 0.016129 0.864001 0.011405

MOTIF 45-WAGATAA STREME-45
letter-probability matrix: alength= 4 w= 7 nsites= 328 E= 2.1e+000
 0.587066 0.001897 0.001897 0.409140
 0.974874 0.021875 0.001897 0.001354
 0.001354 0.001897 0.995396 0.001354
 0.994852 0.001897 0.001897 0.001354
 0.001354 0.001897 0.001897 0.994852
 0.994852 0.001897 0.001897 0.001354
 0.994852 0.001897 0.001897 0.001354

MOTIF 46-WATCGATW STREME-46
letter-probability matrix: alength= 4 w= 8 nsites= 208 E= 2.4e+000
 0.324736 0.001065 0.114578 0.559622
 0.997111 0.001065 0.001065 0.000760
 0.000760 0.001065 0.001065 0.997111
 0.122639 0.597871 0.001065 0.278426
 0.278426 0.001065 0.597871 0.122639
 0.997111 0.001065 0.001065 0.000760
 0.000760 0.001065 0.001065 0.997111
 0.559622 0.114578 0.001065 0.324736

MOTIF 47-CATTTCCT STREME-47
letter-probability matrix: alength= 4 w= 8 nsites= 1801 E= 1.7e+001
 0.014041 0.915959 0.006874 0.063127
 0.801038 0.099153 0.073070 0.026740
 0.008736 0.049754 0.023790 0.917720
 0.005370 0.002661 0.002594 0.989374
 0.017378 0.003795 0.000554 0.978272
 0.083734 0.752649 0.073582 0.090035
 0.035473 0.902651 0.010102 0.051774
 0.048815 0.039982 0.032010 0.879193

MOTIF 48-CCTGGGGCTGCA STREME-48
letter-probability matrix: alength= 4 w= 12 nsites= 266 E= 1.8e+001
 0.000766 0.695808 0.200959 0.102467
 0.109102 0.890449 0.000262 0.000187
 0.000187 0.143004 0.093799 0.763010
 0.022629 0.002844 0.876049 0.098479
 0.018850 0.084599 0.786823 0.109728
 0.000187 0.000262 0.999364 0.000187
 0.000187 0.000262 0.932726 0.066826
 0.006408 0.944434 0.000262 0.048896
 0.000187 0.000262 0.000262 0.999289
 0.000187 0.000262 0.920608 0.078943
 0.000187 0.740145 0.158422 0.101246
 0.696861 0.072161 0.074703 0.156275

MOTIF 49-AAGGAAGAAA STREME-49
letter-probability matrix: alength= 4 w= 10 nsites= 139 E= 2.4e+001
 0.881379 0.000516 0.075124 0.042981
 0.958972 0.023374 0.000516 0.017139
 0.249219 0.007138 0.739467 0.004175
 0.075889 0.012767 0.898725 0.012619
 0.946158 0.025535 0.000516 0.027791
 0.952158 0.012767 0.000516 0.034559
 0.000368 0.027939 0.965656 0.006037
 0.963614 0.016922 0.014556 0.004908
 0.939738 0.010125 0.029210 0.020927
 0.916877 0.016922 0.005373 0.060828

********************************************************************************
Stopped because 3 consecutive motifs exceeded the p-value threshold (0.05).
********************************************************************************
COMMAND:	streme --verbosity 1 --oc meme_out_incomplete_DL/HepG2_JRK-human_ENCFF301PLV/streme_out -dna --seed 0 --p meme_out_incomplete_DL/HepG2_JRK-human_ENCFF301PLV/seqs-centered --minw 6 --maxw 15 --time 6182 --order 2 --thresh 0.05 --align center --totallength 4000000 --parse-genomic-coord
********************************************************************************
CPU:		9f05ee173ae9
********************************************************************************
FINALTIME:	2074.13 seconds
********************************************************************************
