********************************************************************************
STREME - Sensitive, Thorough, Rapid, Enriched Motif Elicitation
********************************************************************************
MEME version 5.5.3 (Release date: Sat Jun 10 16:19:38 2023 -0700)

For further information on how to interpret these results please access http://localhost:8080/meme_5.5.3.
To get a copy of the MEME Suite software please access https://meme-suite.org.

********************************************************************************


********************************************************************************
REFERENCE
********************************************************************************
If you use this program in your research, please cite:

Timothy L. Bailey,
"STREME: accurate and versatile sequence motif discovery",
Bioinformatics, Mar. 24, 2021.
********************************************************************************


ALPHABET= ACGT

strands: + -

Background letter frequencies
A 0.214 C 0.286 G 0.286 T 0.214 

MOTIF 1-HGGCCCCGCCCCCN STREME-1
letter-probability matrix: alength= 4 w= 14 nsites= 3834 E= 4.6e-047
 0.354186 0.318008 0.100297 0.227509
 0.230720 0.174717 0.549860 0.044702
 0.067847 0.007327 0.882164 0.042662
 0.003949 0.898556 0.025642 0.071853
 0.020695 0.880562 0.000013 0.098730
 0.093519 0.900325 0.002049 0.004108
 0.000010 0.998698 0.000013 0.001279
 0.082675 0.000013 0.895700 0.021612
 0.001728 0.995605 0.000753 0.001914
 0.000010 0.999967 0.000013 0.000010
 0.000010 0.863960 0.002366 0.133664
 0.154832 0.759752 0.017092 0.068325
 0.058220 0.562254 0.164568 0.214958
 0.160078 0.308240 0.242660 0.289022

MOTIF 2-AGYAAAYA STREME-2
letter-probability matrix: alength= 4 w= 8 nsites= 3943 E= 1.6e-029
 0.652902 0.000041 0.085301 0.261756
 0.169349 0.000041 0.821738 0.008872
 0.000031 0.354603 0.000041 0.645325
 0.953965 0.045963 0.000041 0.000031
 0.991506 0.008422 0.000041 0.000031
 0.999887 0.000041 0.000041 0.000031
 0.000031 0.654666 0.000041 0.345262
 0.999887 0.000041 0.000041 0.000031

MOTIF 3-RRCCAATCRGMR STREME-3
letter-probability matrix: alength= 4 w= 12 nsites= 1906 E= 9.9e-021
 0.526140 0.071690 0.390109 0.012061
 0.342971 0.025090 0.543931 0.088009
 0.000018 0.999938 0.000025 0.000018
 0.000018 0.998741 0.001222 0.000018
 0.999932 0.000025 0.000025 0.000018
 0.999932 0.000025 0.000025 0.000018
 0.000018 0.000025 0.000025 0.999932
 0.058727 0.637482 0.293000 0.010790
 0.612084 0.023576 0.364322 0.000018
 0.098101 0.194279 0.655622 0.051998
 0.458607 0.329485 0.151698 0.060210
 0.330416 0.040937 0.525098 0.103549

MOTIF 4-CCCCDCCCC STREME-4
letter-probability matrix: alength= 4 w= 9 nsites= 5186 E= 6.9e-018
 0.054937 0.849784 0.040397 0.054882
 0.059749 0.787302 0.000054 0.152895
 0.009160 0.984777 0.000054 0.006009
 0.053493 0.873814 0.000054 0.072639
 0.252941 0.000054 0.496369 0.250636
 0.031480 0.966403 0.000054 0.002062
 0.000041 0.999865 0.000054 0.000041
 0.006933 0.952330 0.000054 0.040682
 0.012432 0.922632 0.008212 0.056724

MOTIF 5-YGCGCATGCGCR STREME-5
letter-probability matrix: alength= 4 w= 12 nsites= 879 E= 9.9e-018
 0.039276 0.286437 0.119141 0.555146
 0.089289 0.002173 0.908495 0.000044
 0.041634 0.943461 0.012042 0.002863
 0.024236 0.000058 0.975662 0.000044
 0.000044 0.999855 0.000058 0.000044
 0.711717 0.161900 0.112564 0.013819
 0.013819 0.112564 0.161900 0.711717
 0.000044 0.000058 0.999855 0.000044
 0.000044 0.975662 0.000058 0.024236
 0.002863 0.012042 0.943461 0.041634
 0.000044 0.908495 0.002173 0.089289
 0.555146 0.119141 0.286437 0.039276

MOTIF 6-CAAAGKYCA STREME-6
letter-probability matrix: alength= 4 w= 9 nsites= 2051 E= 1.5e-015
 0.000044 0.957157 0.000059 0.042740
 0.884423 0.109737 0.001419 0.004421
 0.960093 0.000059 0.000059 0.039789
 0.958852 0.000059 0.041045 0.000044
 0.000044 0.000059 0.999852 0.000044
 0.050609 0.000059 0.316566 0.632765
 0.056498 0.390259 0.079485 0.473758
 0.025161 0.895362 0.008203 0.071274
 0.996463 0.000059 0.003434 0.000044

MOTIF 7-CCGGAAGTGR STREME-7
letter-probability matrix: alength= 4 w= 10 nsites= 1895 E= 2.3e-014
 0.061868 0.755561 0.164104 0.018467
 0.303380 0.696526 0.000054 0.000040
 0.000040 0.000054 0.999866 0.000040
 0.000040 0.000054 0.999866 0.000040
 0.984739 0.000054 0.000054 0.015154
 0.974762 0.000054 0.000054 0.025131
 0.066611 0.000054 0.933295 0.000040
 0.000040 0.049500 0.000054 0.950406
 0.077610 0.089328 0.748152 0.084910
 0.419846 0.189236 0.370533 0.020385

MOTIF 8-GTSACGTSAC STREME-8
letter-probability matrix: alength= 4 w= 10 nsites= 1300 E= 9.0e-014
 0.280811 0.092311 0.626831 0.000047
 0.000047 0.154357 0.059838 0.785758
 0.004415 0.424014 0.492702 0.078869
 0.999826 0.000063 0.000063 0.000047
 0.000047 0.925995 0.000063 0.073894
 0.073894 0.000063 0.925995 0.000047
 0.000047 0.000063 0.000063 0.999826
 0.078869 0.492702 0.424014 0.004415
 0.785758 0.059838 0.154357 0.000047
 0.000047 0.626831 0.092311 0.280811

MOTIF 9-GTTAATCATTA STREME-9
letter-probability matrix: alength= 4 w= 11 nsites= 894 E= 9.9e-013
 0.030569 0.007648 0.946411 0.015372
 0.002474 0.016027 0.001683 0.979815
 0.072967 0.050212 0.022285 0.854536
 0.983725 0.000737 0.013872 0.001666
 0.922376 0.054974 0.002779 0.019871
 0.198969 0.045488 0.010436 0.745107
 0.137961 0.538578 0.204603 0.118858
 0.857705 0.000067 0.021081 0.121147
 0.036582 0.010574 0.098630 0.854215
 0.003666 0.020408 0.000067 0.975860
 0.743235 0.072984 0.113743 0.070038

MOTIF 10-RACTACAWYTCCCA STREME-10
letter-probability matrix: alength= 4 w= 14 nsites= 488 E= 7.0e-012
 0.446714 0.018231 0.512312 0.022742
 0.965734 0.029568 0.000094 0.004604
 0.000070 0.999766 0.000094 0.000070
 0.004604 0.053777 0.002361 0.939258
 0.909054 0.056774 0.029568 0.004604
 0.000070 0.992965 0.000094 0.006872
 0.867303 0.031835 0.093991 0.006872
 0.490002 0.090783 0.097585 0.321631
 0.075829 0.363061 0.099852 0.461258
 0.042762 0.031835 0.022766 0.902638
 0.002337 0.961223 0.000094 0.036346
 0.000070 0.999766 0.000094 0.000070
 0.009139 0.976153 0.000094 0.014614
 0.827433 0.000094 0.170136 0.002337

MOTIF 11-CAAGATGGCGGCS STREME-11
letter-probability matrix: alength= 4 w= 13 nsites= 511 E= 7.0e-011
 0.076059 0.660883 0.168078 0.094981
 0.983259 0.000085 0.008339 0.008317
 0.999766 0.000085 0.000085 0.000064
 0.161866 0.144524 0.663802 0.029808
 0.999766 0.000085 0.000085 0.000064
 0.000064 0.000085 0.000085 0.999766
 0.000064 0.000085 0.999787 0.000064
 0.000064 0.000085 0.993597 0.006254
 0.006254 0.975026 0.000085 0.018634
 0.039269 0.090875 0.786401 0.083456
 0.069013 0.096715 0.784688 0.049585
 0.141232 0.784336 0.004212 0.070220
 0.097044 0.300992 0.443368 0.158596

MOTIF 12-DRTGASTCAYH STREME-12
letter-probability matrix: alength= 4 w= 11 nsites= 795 E= 1.1e-007
 0.310207 0.113487 0.365240 0.211065
 0.412558 0.191976 0.395400 0.000066
 0.000066 0.000088 0.000088 0.999758
 0.000066 0.000088 0.999780 0.000066
 0.999758 0.000088 0.000088 0.000066
 0.028422 0.471578 0.471578 0.028422
 0.000066 0.000088 0.000088 0.999758
 0.000066 0.999780 0.000088 0.000066
 0.999758 0.000088 0.000088 0.000066
 0.000066 0.395400 0.191976 0.412558
 0.211065 0.365240 0.113487 0.310207

MOTIF 13-CCACCAGRKGGC STREME-13
letter-probability matrix: alength= 4 w= 12 nsites= 580 E= 1.4e-006
 0.002785 0.968832 0.026841 0.001543
 0.000083 0.999722 0.000112 0.000083
 0.867071 0.000112 0.132734 0.000083
 0.017251 0.686586 0.296079 0.000083
 0.047414 0.687328 0.057654 0.207604
 0.994293 0.000112 0.002812 0.002783
 0.000083 0.000112 0.999722 0.000083
 0.334748 0.000112 0.665057 0.000083
 0.002783 0.046282 0.547243 0.403691
 0.000083 0.000112 0.999722 0.000083
 0.014583 0.002811 0.933553 0.049052
 0.002783 0.995563 0.000112 0.001543

MOTIF 14-CTCCGCCTCC STREME-14
letter-probability matrix: alength= 4 w= 10 nsites= 1766 E= 3.2e-006
 0.000083 0.971334 0.000111 0.028473
 0.170856 0.000111 0.036742 0.792292
 0.008726 0.991081 0.000111 0.000083
 0.145681 0.687113 0.147785 0.019421
 0.077185 0.000111 0.756918 0.165787
 0.001482 0.986825 0.011611 0.000083
 0.011300 0.820023 0.054405 0.114271
 0.010614 0.000111 0.000111 0.989165
 0.014215 0.907251 0.007325 0.071209
 0.006540 0.846943 0.080754 0.065763

MOTIF 15-CTTTGATCT STREME-15
letter-probability matrix: alength= 4 w= 9 nsites= 821 E= 1.8e-005
 0.000172 0.999427 0.000229 0.000172
 0.051330 0.133063 0.000229 0.815377
 0.000172 0.062786 0.000229 0.936813
 0.000172 0.074948 0.000229 0.924651
 0.000172 0.096548 0.872918 0.030363
 0.941301 0.058298 0.000229 0.000172
 0.266488 0.076527 0.000229 0.656755
 0.000172 0.832867 0.166790 0.000172
 0.034621 0.169808 0.000229 0.795342

MOTIF 16-GCCTGTAATCCCAGC STREME-16
letter-probability matrix: alength= 4 w= 15 nsites= 256 E= 5.8e-005
 0.145341 0.021531 0.798829 0.034299
 0.012944 0.918413 0.000176 0.068466
 0.008674 0.935497 0.004447 0.051382
 0.000132 0.034343 0.000176 0.965348
 0.102633 0.000176 0.884246 0.012944
 0.000132 0.017260 0.008718 0.973890
 0.965348 0.000176 0.034343 0.000132
 0.700555 0.012989 0.282054 0.004403
 0.000132 0.021531 0.000176 0.978161
 0.004403 0.944039 0.000176 0.051382
 0.025757 0.914143 0.004447 0.055653
 0.000132 0.901330 0.008718 0.089820
 0.990974 0.000176 0.008718 0.000132
 0.094091 0.021531 0.871434 0.012944
 0.030028 0.926955 0.012989 0.030028

MOTIF 17-CTTCCTSYY STREME-17
letter-probability matrix: alength= 4 w= 9 nsites= 2555 E= 6.2e-004
 0.000106 0.999645 0.000142 0.000106
 0.000106 0.000142 0.005347 0.994405
 0.094834 0.000142 0.000142 0.904881
 0.000106 0.999645 0.000142 0.000106
 0.000106 0.999645 0.000142 0.000106
 0.000106 0.050082 0.178733 0.771079
 0.056107 0.304220 0.520513 0.119160
 0.000106 0.604129 0.000142 0.395623
 0.027858 0.540160 0.000142 0.431840

MOTIF 18-CAGCACCAYGGACAG STREME-18
letter-probability matrix: alength= 4 w= 15 nsites= 140 E= 1.2e-003
 0.008371 0.966681 0.000335 0.024612
 0.999079 0.000335 0.000335 0.000251
 0.016492 0.000335 0.974802 0.008371
 0.040853 0.747426 0.170867 0.040853
 0.990958 0.000335 0.000335 0.008371
 0.000251 0.999163 0.000335 0.000251
 0.000251 0.958561 0.000335 0.040853
 0.487484 0.114023 0.170867 0.227626
 0.032733 0.341399 0.138385 0.487484
 0.000251 0.000335 0.999163 0.000251
 0.000251 0.000335 0.999163 0.000251
 0.925994 0.032818 0.000335 0.040853
 0.000251 0.828632 0.170867 0.000251
 0.999079 0.000335 0.000335 0.000251
 0.008371 0.000335 0.991043 0.000251

MOTIF 19-CGCCGCCGCCGCCGC STREME-19
letter-probability matrix: alength= 4 w= 15 nsites= 353 E= 2.2e-003
 0.016283 0.850914 0.031831 0.100973
 0.028401 0.000167 0.971308 0.000125
 0.012243 0.934474 0.000167 0.053116
 0.064756 0.882439 0.000167 0.052638
 0.154103 0.000167 0.833487 0.012243
 0.016283 0.833966 0.000167 0.149585
 0.015519 0.797598 0.077693 0.109190
 0.028401 0.000167 0.971308 0.000125
 0.000125 0.894558 0.000167 0.105151
 0.013919 0.828250 0.008246 0.149585
 0.080914 0.000167 0.918795 0.000125
 0.008204 0.918795 0.000167 0.072835
 0.000125 0.878401 0.028442 0.093032
 0.080914 0.004206 0.906676 0.008204
 0.012243 0.938513 0.004206 0.045037

MOTIF 20-WTCTCGCGAGAW STREME-20
letter-probability matrix: alength= 4 w= 12 nsites= 168 E= 4.4e-003
 0.414337 0.183394 0.079447 0.322822
 0.000271 0.061872 0.026724 0.911133
 0.182229 0.817137 0.000363 0.000271
 0.004665 0.041727 0.017937 0.935671
 0.000271 0.999095 0.000363 0.000271
 0.048600 0.000363 0.950766 0.000271
 0.000271 0.950766 0.000363 0.048600
 0.000271 0.000363 0.999095 0.000271
 0.935671 0.017937 0.041727 0.004665
 0.000271 0.000363 0.817137 0.182229
 0.911133 0.026724 0.061872 0.000271
 0.322822 0.079447 0.183394 0.414337

MOTIF 21-GCGCAGGCGC STREME-21
letter-probability matrix: alength= 4 w= 10 nsites= 353 E= 5.4e-003
 0.064310 0.000425 0.934947 0.000318
 0.000318 0.998940 0.000425 0.000318
 0.000318 0.000425 0.998940 0.000318
 0.000318 0.998940 0.000425 0.000318
 0.998832 0.000425 0.000425 0.000318
 0.178893 0.000425 0.768906 0.051776
 0.021143 0.109284 0.825910 0.043663
 0.000318 0.998940 0.000425 0.000318
 0.000318 0.000425 0.998940 0.000318
 0.000318 0.823961 0.000425 0.175296

MOTIF 22-GCGCGGTGGCTCA STREME-22
letter-probability matrix: alength= 4 w= 13 nsites= 147 E= 7.5e-003
 0.007484 0.007559 0.984733 0.000224
 0.036522 0.788727 0.000300 0.174452
 0.255699 0.014819 0.714740 0.014743
 0.014743 0.752429 0.007559 0.225268
 0.190363 0.007559 0.784324 0.017753
 0.014743 0.000300 0.984733 0.000224
 0.000224 0.014819 0.000300 0.984657
 0.000224 0.007559 0.991993 0.000224
 0.007484 0.000300 0.991993 0.000224
 0.000224 0.991993 0.000300 0.007484
 0.000224 0.007559 0.007559 0.984657
 0.000224 0.977474 0.014819 0.007484
 0.970138 0.000300 0.000300 0.029262

MOTIF 23-CCAGCCTGGGCAACA STREME-23
letter-probability matrix: alength= 4 w= 15 nsites= 254 E= 7.5e-003
 0.021422 0.933474 0.005534 0.039570
 0.005479 0.935679 0.010848 0.047994
 0.962196 0.010848 0.026792 0.000164
 0.026736 0.016163 0.934658 0.022443
 0.005479 0.975989 0.005534 0.012998
 0.016107 0.956937 0.016163 0.010793
 0.026736 0.005534 0.010848 0.956881
 0.047994 0.010848 0.903792 0.037365
 0.037365 0.005534 0.956937 0.000164
 0.047994 0.187247 0.748652 0.016107
 0.010792 0.781561 0.005534 0.202113
 0.704897 0.013053 0.265942 0.016107
 0.967510 0.000219 0.016163 0.016107
 0.000164 0.930365 0.032106 0.037365
 0.956881 0.005534 0.026792 0.010793

MOTIF 24-GGGAGGGA STREME-24
letter-probability matrix: alength= 4 w= 8 nsites= 732 E= 1.5e-002
 0.019445 0.026009 0.935100 0.019445
 0.019445 0.026009 0.935100 0.019445
 0.019445 0.026009 0.935100 0.019445
 0.928536 0.026009 0.026009 0.019445
 0.019445 0.026009 0.935100 0.019445
 0.019445 0.026009 0.935100 0.019445
 0.019445 0.026009 0.935100 0.019445
 0.928536 0.026009 0.026009 0.019445

MOTIF 25-CRRCCAATCCV STREME-25
letter-probability matrix: alength= 4 w= 11 nsites= 195 E= 1.7e-002
 0.000265 0.760405 0.000354 0.238975
 0.579683 0.000354 0.419698 0.000265
 0.249250 0.044685 0.491633 0.214432
 0.000265 0.999116 0.000354 0.000265
 0.000265 0.999116 0.000354 0.000265
 0.999026 0.000354 0.000354 0.000265
 0.999026 0.000354 0.000354 0.000265
 0.000265 0.000354 0.000354 0.999026
 0.000265 0.999116 0.000354 0.000265
 0.000265 0.853217 0.146253 0.000265
 0.241401 0.399692 0.220509 0.138398

MOTIF 26-AACTCCTGRSCTCA STREME-26
letter-probability matrix: alength= 4 w= 14 nsites= 162 E= 3.0e-002
 0.978972 0.007033 0.007033 0.006963
 0.837136 0.074574 0.034049 0.054241
 0.000209 0.945272 0.007033 0.047487
 0.006963 0.000279 0.007033 0.985726
 0.000209 0.935715 0.007033 0.057043
 0.027225 0.938518 0.000279 0.033979
 0.000209 0.007033 0.000279 0.992480
 0.054241 0.000279 0.945272 0.000209
 0.374484 0.000279 0.604766 0.020471
 0.081257 0.334604 0.556914 0.027225
 0.027225 0.908125 0.007033 0.057617
 0.006963 0.000279 0.000279 0.992480
 0.000209 0.945272 0.020541 0.033979
 0.945201 0.034049 0.020541 0.000209

MOTIF 27-AAAACAAA STREME-27
letter-probability matrix: alength= 4 w= 8 nsites= 2008 E= 1.0e-001
 0.872451 0.045761 0.024809 0.056980
 0.842462 0.027158 0.122810 0.007571
 0.636193 0.000177 0.308005 0.055624
 0.689565 0.000177 0.310125 0.000133
 0.000133 0.818456 0.000177 0.181234
 0.964609 0.021900 0.013359 0.000133
 0.999513 0.000177 0.000177 0.000133
 0.999513 0.000177 0.000177 0.000133

MOTIF 28-AAAAAAAAAAAAAAA STREME-28
letter-probability matrix: alength= 4 w= 15 nsites= 149 E= 1.3e-001
 0.795808 0.071518 0.000353 0.132321
 0.810829 0.094400 0.000353 0.094417
 0.808584 0.000353 0.165120 0.025942
 0.956232 0.000353 0.043150 0.000264
 0.981912 0.000353 0.017470 0.000264
 0.887757 0.000353 0.111625 0.000264
 0.930554 0.000353 0.068828 0.000264
 0.995477 0.000353 0.003905 0.000264
 0.999029 0.000353 0.000353 0.000264
 0.999029 0.000353 0.000353 0.000264
 0.947673 0.000353 0.051710 0.000264
 0.999029 0.000353 0.000353 0.000264
 0.847720 0.000353 0.151662 0.000264
 0.999029 0.000353 0.000353 0.000264
 0.930783 0.006910 0.000353 0.061954

MOTIF 29-CCACGTGG STREME-29
letter-probability matrix: alength= 4 w= 8 nsites= 580 E= 1.4e-001
 0.120069 0.793437 0.000950 0.085545
 0.085698 0.912642 0.000950 0.000710
 0.997390 0.000950 0.000950 0.000710
 0.000710 0.997630 0.000950 0.000710
 0.000710 0.000950 0.997630 0.000710
 0.000710 0.000950 0.000950 0.997390
 0.000710 0.000950 0.912642 0.085698
 0.085545 0.000950 0.793437 0.120069

MOTIF 30-RTTRYRYAAY STREME-30
letter-probability matrix: alength= 4 w= 10 nsites= 682 E= 1.4e-001
 0.336149 0.144652 0.431764 0.087434
 0.000094 0.001653 0.000126 0.998127
 0.000094 0.000126 0.000126 0.999654
 0.555165 0.000126 0.444615 0.000094
 0.057104 0.502727 0.024250 0.415919
 0.415919 0.024250 0.502727 0.057104
 0.000094 0.444615 0.000126 0.555165
 0.999654 0.000126 0.000126 0.000094
 0.998127 0.000126 0.001653 0.000094
 0.087434 0.431764 0.144652 0.336149

MOTIF 31-CAGGGCTGGG STREME-31
letter-probability matrix: alength= 4 w= 10 nsites= 1419 E= 1.5e-001
 0.000307 0.884967 0.065046 0.049680
 0.795879 0.059980 0.000411 0.143731
 0.046819 0.000411 0.952463 0.000307
 0.061002 0.030648 0.908043 0.000307
 0.000307 0.000411 0.973053 0.026229
 0.032696 0.918679 0.000411 0.048215
 0.000307 0.091546 0.000411 0.907737
 0.000307 0.018090 0.958769 0.022834
 0.047569 0.000411 0.874011 0.078010
 0.000307 0.000411 0.998975 0.000307

MOTIF 32-CAAGGTCA STREME-32
letter-probability matrix: alength= 4 w= 8 nsites= 2859 E= 1.5e-001
 0.045759 0.807182 0.115153 0.031907
 0.910636 0.000155 0.048442 0.040766
 0.945703 0.009290 0.044891 0.000116
 0.018431 0.116462 0.864991 0.000116
 0.000116 0.000155 0.999613 0.000116
 0.093725 0.103615 0.000155 0.802505
 0.000116 0.970636 0.000155 0.029093
 0.837314 0.048200 0.082885 0.031601

MOTIF 33-GCTGCAGC STREME-33
letter-probability matrix: alength= 4 w= 8 nsites= 1709 E= 1.7e-001
 0.147779 0.033814 0.807885 0.010522
 0.000452 0.980369 0.013374 0.005805
 0.088777 0.076992 0.040505 0.793725
 0.003345 0.003527 0.992708 0.000421
 0.000421 0.992708 0.003527 0.003345
 0.793725 0.040505 0.076992 0.088777
 0.005805 0.013374 0.980369 0.000452
 0.010522 0.807885 0.033814 0.147779

MOTIF 34-AGGGAGGAG STREME-34
letter-probability matrix: alength= 4 w= 9 nsites= 1775 E= 1.7e-001
 0.726203 0.029006 0.000220 0.244571
 0.023827 0.000220 0.975789 0.000164
 0.000164 0.000220 0.999452 0.000164
 0.029343 0.000220 0.958401 0.012035
 0.921316 0.056530 0.000220 0.021934
 0.172394 0.020803 0.795376 0.011427
 0.055438 0.000220 0.944178 0.000164
 0.693159 0.000220 0.283590 0.023031
 0.000164 0.000220 0.999452 0.000164

MOTIF 35-CCATGGCAACG STREME-35
letter-probability matrix: alength= 4 w= 11 nsites= 94 E= 1.9e-001
 0.026004 0.970606 0.000529 0.002861
 0.000395 0.973072 0.000529 0.026004
 0.906068 0.009262 0.007447 0.077222
 0.005708 0.000529 0.041403 0.952360
 0.090027 0.013333 0.896244 0.000395
 0.013195 0.013333 0.967763 0.005708
 0.038809 0.942150 0.005842 0.013200
 0.947334 0.013328 0.013333 0.026004
 0.996082 0.002994 0.000529 0.000395
 0.000395 0.909049 0.000529 0.090027
 0.101607 0.118225 0.705337 0.074831

MOTIF 36-CTCCACCCAC STREME-36
letter-probability matrix: alength= 4 w= 10 nsites= 358 E= 2.0e-001
 0.061429 0.917434 0.010979 0.010158
 0.003502 0.185227 0.000586 0.810684
 0.004473 0.975659 0.011529 0.008339
 0.001347 0.953275 0.028482 0.016896
 0.931103 0.000334 0.068312 0.000250
 0.015507 0.915530 0.047570 0.021393
 0.002363 0.967487 0.026648 0.003502
 0.010736 0.971442 0.005605 0.012217
 0.910269 0.000334 0.015184 0.074213
 0.004283 0.827754 0.161518 0.006445

MOTIF 37-CACACACACACACAC STREME-37
letter-probability matrix: alength= 4 w= 15 nsites= 194 E= 2.2e-001
 0.123864 0.763586 0.029117 0.083434
 0.987793 0.011790 0.000238 0.000178
 0.029057 0.872340 0.046444 0.052159
 0.791421 0.017565 0.190835 0.000178
 0.046384 0.887271 0.046444 0.019902
 0.854953 0.011790 0.069546 0.063711
 0.005954 0.852617 0.011790 0.129639
 0.762543 0.023341 0.208162 0.005954
 0.005954 0.866714 0.071943 0.055389
 0.887211 0.000238 0.077718 0.034832
 0.014126 0.851507 0.006014 0.128353
 0.745216 0.057995 0.121527 0.075262
 0.034832 0.935873 0.023341 0.005954
 0.941588 0.006014 0.040668 0.011730
 0.023281 0.903764 0.000238 0.072716

MOTIF 38-CTCTGCCCT STREME-38
letter-probability matrix: alength= 4 w= 9 nsites= 2254 E= 2.9e-001
 0.021971 0.977411 0.000354 0.000265
 0.092130 0.086802 0.000354 0.820714
 0.000265 0.916002 0.000354 0.083380
 0.000265 0.000354 0.000354 0.999028
 0.012982 0.000354 0.986400 0.000265
 0.116282 0.811619 0.000354 0.071745
 0.088663 0.860814 0.000354 0.050170
 0.000265 0.903868 0.000354 0.095513
 0.064920 0.065238 0.000354 0.869488

MOTIF 39-CAYGTGACC STREME-39
letter-probability matrix: alength= 4 w= 9 nsites= 170 E= 3.6e-001
 0.000476 0.993801 0.000636 0.005088
 0.998252 0.000636 0.000636 0.000476
 0.000476 0.552635 0.000636 0.446253
 0.000476 0.000636 0.998413 0.000476
 0.000476 0.000636 0.000636 0.998252
 0.006181 0.000636 0.939162 0.054020
 0.998252 0.000636 0.000636 0.000476
 0.000476 0.922417 0.000636 0.076471
 0.000476 0.880230 0.118819 0.000476

MOTIF 40-ACCCGGAAGC STREME-40
letter-probability matrix: alength= 4 w= 10 nsites= 258 E= 4.1e-001
 0.783597 0.000351 0.000351 0.215700
 0.000263 0.999123 0.000351 0.000263
 0.055928 0.943457 0.000351 0.000263
 0.077523 0.921863 0.000351 0.000263
 0.000263 0.000351 0.999123 0.000263
 0.000263 0.000351 0.999123 0.000263
 0.847281 0.000351 0.000351 0.152016
 0.876469 0.000351 0.000351 0.122828
 0.053290 0.083042 0.807740 0.055928
 0.203515 0.710754 0.000351 0.085380

MOTIF 41-ATGAATG STREME-41
letter-probability matrix: alength= 4 w= 7 nsites= 472 E= 4.2e-001
 0.928536 0.026009 0.026009 0.019445
 0.019445 0.026009 0.026009 0.928536
 0.019445 0.026009 0.935100 0.019445
 0.928536 0.026009 0.026009 0.019445
 0.928536 0.026009 0.026009 0.019445
 0.019445 0.026009 0.026009 0.928536
 0.019445 0.026009 0.935100 0.019445

MOTIF 42-AGGAAATGGGA STREME-42
letter-probability matrix: alength= 4 w= 11 nsites= 617 E= 5.4e-001
 0.947699 0.026556 0.000141 0.025604
 0.013720 0.092744 0.833437 0.060099
 0.021967 0.089994 0.846832 0.041207
 0.854539 0.001313 0.003883 0.140265
 0.936115 0.036983 0.013101 0.013801
 0.909075 0.016066 0.010414 0.064445
 0.027507 0.108494 0.081811 0.782188
 0.041322 0.098118 0.847787 0.012774
 0.117548 0.167218 0.590106 0.125129
 0.239199 0.057062 0.495097 0.208642
 0.891197 0.005783 0.021899 0.081121

MOTIF 43-AGACYCTGTCTC STREME-43
letter-probability matrix: alength= 4 w= 12 nsites= 160 E= 6.5e-001
 0.972156 0.027356 0.000280 0.000209
 0.164480 0.000280 0.828262 0.006978
 0.934562 0.000280 0.027356 0.037803
 0.000209 0.955033 0.000280 0.044478
 0.013747 0.603738 0.034125 0.348390
 0.040824 0.915265 0.003088 0.040824
 0.043632 0.228282 0.023394 0.704692
 0.196305 0.000280 0.803207 0.000209
 0.000209 0.050470 0.000280 0.949041
 0.006977 0.961346 0.000280 0.031397
 0.000209 0.000280 0.023396 0.976116
 0.013747 0.972226 0.000280 0.013747

MOTIF 44-CTTTGTCTCT STREME-44
letter-probability matrix: alength= 4 w= 10 nsites= 241 E= 7.2e-001
 0.062283 0.930812 0.006450 0.000455
 0.015191 0.061294 0.022147 0.901368
 0.015196 0.000609 0.000609 0.983586
 0.015198 0.011021 0.010166 0.963615
 0.000455 0.000609 0.998480 0.000455
 0.043585 0.000609 0.000609 0.955197
 0.089178 0.808786 0.060073 0.041963
 0.019311 0.118260 0.005025 0.857404
 0.026742 0.940103 0.032699 0.000455
 0.053254 0.106866 0.023325 0.816554

MOTIF 45-AGGACTTTG STREME-45
letter-probability matrix: alength= 4 w= 9 nsites= 428 E= 9.0e-001
 0.810962 0.051077 0.137585 0.000376
 0.017093 0.004283 0.978249 0.000376
 0.029270 0.158091 0.773151 0.039487
 0.941459 0.000503 0.000503 0.057535
 0.000376 0.998746 0.000503 0.000376
 0.094167 0.000503 0.004881 0.900449
 0.005413 0.000503 0.000503 0.993582
 0.005642 0.015143 0.056868 0.922348
 0.026602 0.006584 0.966438 0.000376

MOTIF 46-AGTGCAGTGGYGCRA STREME-46
letter-probability matrix: alength= 4 w= 15 nsites= 134 E= 9.5e-001
 0.999148 0.000310 0.000310 0.000232
 0.172977 0.015331 0.811460 0.000232
 0.000232 0.000310 0.000310 0.999148
 0.075338 0.000310 0.924120 0.000232
 0.000232 0.939141 0.000310 0.060317
 0.931552 0.000310 0.067906 0.000232
 0.120402 0.007821 0.871545 0.000232
 0.000232 0.015331 0.000310 0.984127
 0.030274 0.000310 0.901588 0.067828
 0.090360 0.000310 0.901588 0.007743
 0.000232 0.533566 0.000310 0.465892
 0.285636 0.000310 0.706311 0.007743
 0.015253 0.698800 0.000310 0.285636
 0.518466 0.067906 0.398374 0.015253
 0.976616 0.000310 0.000310 0.022764

MOTIF 47-CTTTGGGAGGCCAAG STREME-47
letter-probability matrix: alength= 4 w= 15 nsites= 52 E= 9.5e-001
 0.082021 0.875814 0.000840 0.041325
 0.000628 0.000840 0.000840 0.997691
 0.000628 0.021188 0.021188 0.956995
 0.041325 0.021188 0.000840 0.936647
 0.020976 0.021188 0.957207 0.000628
 0.041325 0.000840 0.916510 0.041325
 0.041325 0.041537 0.896162 0.020976
 0.977343 0.000840 0.021188 0.000628
 0.000628 0.000840 0.997903 0.000628
 0.041325 0.021188 0.916510 0.020976
 0.020976 0.936859 0.021188 0.020976
 0.000628 0.957207 0.041537 0.000628
 0.773861 0.061885 0.143278 0.020976
 0.936647 0.000840 0.061885 0.000628
 0.082021 0.021188 0.875814 0.020976

MOTIF 48-TAAATA STREME-48
letter-probability matrix: alength= 4 w= 6 nsites= 699 E= 1.1e+000
 0.019445 0.026009 0.026009 0.928536
 0.928536 0.026009 0.026009 0.019445
 0.928536 0.026009 0.026009 0.019445
 0.928536 0.026009 0.026009 0.019445
 0.019445 0.026009 0.026009 0.928536
 0.928536 0.026009 0.026009 0.019445

MOTIF 49-CTTAAAGGGGCMG STREME-49
letter-probability matrix: alength= 4 w= 13 nsites= 71 E= 1.2e+000
 0.018430 0.980280 0.000738 0.000552
 0.000552 0.000738 0.000738 0.997972
 0.000552 0.000738 0.000738 0.997972
 0.997972 0.000738 0.000738 0.000552
 0.997972 0.000738 0.000738 0.000552
 0.997972 0.000738 0.000738 0.000552
 0.000552 0.018616 0.962402 0.018430
 0.000552 0.072251 0.926645 0.000552
 0.000552 0.072251 0.926645 0.000552
 0.068307 0.251033 0.680109 0.000552
 0.107821 0.890889 0.000738 0.000552
 0.465384 0.515447 0.018616 0.000552
 0.000552 0.000738 0.998158 0.000552

MOTIF 50-TTGMKCAA STREME-50
letter-probability matrix: alength= 4 w= 8 nsites= 225 E= 1.6e+000
 0.019445 0.026009 0.026009 0.928536
 0.019445 0.026009 0.026009 0.928536
 0.019445 0.026009 0.935100 0.019445
 0.473991 0.480555 0.026009 0.019445
 0.019445 0.026009 0.480555 0.473991
 0.019445 0.935100 0.026009 0.019445
 0.928536 0.026009 0.026009 0.019445
 0.928536 0.026009 0.026009 0.019445

MOTIF 51-GAGGTCAC STREME-51
letter-probability matrix: alength= 4 w= 8 nsites= 842 E= 1.6e+000
 0.000418 0.000559 0.990222 0.008800
 0.927085 0.002990 0.000559 0.069366
 0.092953 0.120451 0.629741 0.156855
 0.036420 0.000559 0.962602 0.000418
 0.000418 0.000559 0.000559 0.998463
 0.040370 0.878648 0.047667 0.033315
 0.952515 0.000559 0.046507 0.000418
 0.046616 0.800231 0.000559 0.152593

MOTIF 52-AGATAA STREME-52
letter-probability matrix: alength= 4 w= 6 nsites= 1242 E= 1.7e+000
 0.928536 0.026009 0.026009 0.019445
 0.019445 0.026009 0.935100 0.019445
 0.928536 0.026009 0.026009 0.019445
 0.019445 0.026009 0.026009 0.928536
 0.928536 0.026009 0.026009 0.019445
 0.928536 0.026009 0.026009 0.019445

MOTIF 53-CTAGAG STREME-53
letter-probability matrix: alength= 4 w= 6 nsites= 1571 E= 1.9e+000
 0.019445 0.935100 0.026009 0.019445
 0.019445 0.026009 0.026009 0.928536
 0.928536 0.026009 0.026009 0.019445
 0.019445 0.026009 0.935100 0.019445
 0.928536 0.026009 0.026009 0.019445
 0.019445 0.026009 0.935100 0.019445

MOTIF 54-CATTTTACAGAG STREME-54
letter-probability matrix: alength= 4 w= 12 nsites= 46 E= 1.9e+000
 0.000785 0.997378 0.001051 0.000785
 0.997113 0.001051 0.001051 0.000785
 0.000785 0.001051 0.001051 0.997113
 0.000785 0.001051 0.001051 0.997113
 0.000785 0.001051 0.011607 0.986557
 0.000785 0.001051 0.001051 0.997113
 0.997113 0.001051 0.001051 0.000785
 0.000785 0.971936 0.026493 0.000785
 0.971671 0.001051 0.001051 0.026228
 0.000785 0.026487 0.971942 0.000785
 0.971671 0.001051 0.001051 0.026228
 0.065758 0.051935 0.800306 0.082001

MOTIF 55-ATAAAAGCAGGCTGC STREME-55
letter-probability matrix: alength= 4 w= 15 nsites= 56 E= 1.9e+000
 0.977343 0.000840 0.000840 0.020976
 0.000628 0.000840 0.021188 0.977343
 0.977343 0.000840 0.000840 0.020976
 0.997691 0.000840 0.000840 0.000628
 0.997691 0.000840 0.000840 0.000628
 0.997691 0.000840 0.000840 0.000628
 0.000628 0.021188 0.977555 0.000628
 0.020976 0.977555 0.000840 0.000628
 0.956995 0.000840 0.021188 0.020976
 0.143066 0.000840 0.855466 0.000628
 0.020976 0.041537 0.936859 0.000628
 0.020976 0.936859 0.000840 0.041325
 0.183762 0.021188 0.000840 0.794209
 0.041325 0.000840 0.957207 0.000628
 0.000628 0.997903 0.000840 0.000628

MOTIF 56-TCCCRGCATGCMCCG STREME-56
letter-probability matrix: alength= 4 w= 15 nsites= 216 E= 2.0e+000
 0.040906 0.034484 0.000168 0.924441
 0.000126 0.991424 0.000168 0.008282
 0.000126 0.999580 0.000168 0.000126
 0.000126 0.995502 0.000168 0.004204
 0.655988 0.000168 0.343718 0.000126
 0.024594 0.124200 0.745052 0.106154
 0.232571 0.594167 0.160902 0.012360
 0.655294 0.067108 0.277472 0.000126
 0.049062 0.018172 0.258080 0.674686
 0.040906 0.128278 0.769520 0.061296
 0.000126 0.995502 0.004246 0.000126
 0.352525 0.441589 0.028714 0.177171
 0.036828 0.728741 0.156824 0.077608
 0.032750 0.807914 0.016480 0.142855
 0.036828 0.000168 0.934332 0.028672

MOTIF 57-AGAGAGAGAGAGAG STREME-57
letter-probability matrix: alength= 4 w= 14 nsites= 88 E= 2.1e+000
 0.984433 0.014832 0.000421 0.000314
 0.030869 0.000421 0.937841 0.030869
 0.907180 0.071715 0.010605 0.010499
 0.051239 0.000421 0.937841 0.010499
 0.907180 0.000421 0.081900 0.010499
 0.071609 0.051345 0.866547 0.010499
 0.825157 0.132824 0.011149 0.030869
 0.032076 0.041160 0.926449 0.000314
 0.958105 0.041160 0.000421 0.000314
 0.020684 0.025016 0.953985 0.000314
 0.872399 0.126866 0.000421 0.000314
 0.173458 0.041160 0.785067 0.000314
 0.968290 0.010605 0.020790 0.000314
 0.107987 0.000421 0.891278 0.000314

MOTIF 58-TRWGTCAACA STREME-58
letter-probability matrix: alength= 4 w= 10 nsites= 424 E= 2.3e+000
 0.314822 0.053537 0.000242 0.631398
 0.394649 0.153267 0.383892 0.068192
 0.591301 0.000242 0.000242 0.408214
 0.155441 0.000242 0.844136 0.000181
 0.000181 0.000242 0.000242 0.999334
 0.000181 0.999395 0.000242 0.000181
 0.999334 0.000242 0.000242 0.000181
 0.999334 0.000242 0.000242 0.000181
 0.000181 0.708892 0.000242 0.290684
 0.999334 0.000242 0.000242 0.000181

MOTIF 59-CCATTGGCCG STREME-59
letter-probability matrix: alength= 4 w= 10 nsites= 250 E= 3.4e+000
 0.004889 0.945407 0.041928 0.007777
 0.042726 0.933674 0.000503 0.023097
 0.993233 0.004237 0.002154 0.000376
 0.007144 0.049711 0.000503 0.942642
 0.007777 0.003815 0.016280 0.972129
 0.007777 0.034497 0.945168 0.012559
 0.000934 0.000572 0.997131 0.001363
 0.006960 0.864519 0.079404 0.049117
 0.076288 0.679629 0.081137 0.162946
 0.064069 0.064839 0.850524 0.020568

MOTIF 60-ATGACGCAA STREME-60
letter-probability matrix: alength= 4 w= 9 nsites= 241 E= 5.1e+000
 0.887937 0.000416 0.102701 0.008946
 0.000311 0.152596 0.000416 0.846676
 0.012877 0.006539 0.980273 0.000311
 0.973252 0.000416 0.000416 0.025915
 0.000311 0.921036 0.000416 0.078237
 0.000311 0.037914 0.961463 0.000311
 0.186370 0.705196 0.006689 0.101745
 0.926448 0.038324 0.014763 0.020466
 0.613395 0.081010 0.163507 0.142088

MOTIF 61-GKCCAGAGTCCA STREME-61
letter-probability matrix: alength= 4 w= 12 nsites= 63 E= 7.6e+000
 0.000499 0.016844 0.982158 0.000499
 0.146081 0.000668 0.448375 0.404877
 0.000499 0.809437 0.000668 0.189395
 0.113729 0.868928 0.016844 0.000499
 0.965813 0.033019 0.000668 0.000499
 0.000499 0.000668 0.998333 0.000499
 0.917286 0.081546 0.000668 0.000499
 0.000499 0.000668 0.998333 0.000499
 0.000499 0.000668 0.000668 0.998165
 0.162256 0.836576 0.000668 0.000499
 0.000499 0.998333 0.000668 0.000499
 0.998165 0.000668 0.000668 0.000499

********************************************************************************
Stopped because 3 consecutive motifs exceeded the p-value threshold (0.05).
********************************************************************************
COMMAND:	streme --verbosity 1 --oc meme_out_incomplete_DL/HepG2_DRAP1-human_ENCFF596EYH/streme_out -dna --seed 0 --p meme_out_incomplete_DL/HepG2_DRAP1-human_ENCFF596EYH/seqs-centered --minw 6 --maxw 15 --time 6176 --order 2 --thresh 0.05 --align center --totallength 4000000 --parse-genomic-coord
********************************************************************************
CPU:		9f05ee173ae9
********************************************************************************
FINALTIME:	2745.45 seconds
********************************************************************************
