DB 1 MOTIF	2-GCCGGAAGCVSVR	STREME-2
-145.5	2
-144.5	0
-143.5	2
-142.5	3
-141.5	6
-140.5	2
-139.5	1
-138.5	0
-137.5	3
-136.5	1
-135.5	0
-134.5	1
-133.5	1
-132.5	2
-131.5	0
-130.5	1
-129.5	2
-128.5	3
-127.5	2
-126.5	2
-125.5	1
-124.5	3
-123.5	2
-122.5	3
-121.5	1
-120.5	2
-119.5	2
-118.5	1
-117.5	5
-116.5	1
-115.5	2
-114.5	1
-113.5	1
-112.5	2
-111.5	2
-110.5	1
-109.5	3
-108.5	3
-107.5	5
-106.5	4
-105.5	5
-104.5	2
-103.5	2.5
-102.5	1
-101.5	4
-100.5	2
 -99.5	2
 -98.5	1
 -97.5	3
 -96.5	2
 -95.5	2
 -94.5	1
 -93.5	1
 -92.5	5
 -91.5	1
 -90.5	2
 -89.5	2
 -88.5	1
 -87.5	5
 -86.5	5
 -85.5	0
 -84.5	1.5
 -83.5	1
 -82.5	0
 -81.5	2
 -80.5	5
 -79.5	2
 -78.5	1
 -77.5	2
 -76.5	1
 -75.5	3
 -74.5	4
 -73.5	1
 -72.5	2
 -71.5	2
 -70.5	6
 -69.5	1
 -68.5	1
 -67.5	1
 -66.5	5
 -65.5	4
 -64.5	1
 -63.5	1
 -62.5	1
 -61.5	3
 -60.5	2
 -59.5	4
 -58.5	3
 -57.5	4
 -56.5	1
 -55.5	2
 -54.5	1
 -53.5	1
 -52.5	1
 -51.5	5
 -50.5	2
 -49.5	4
 -48.5	1
 -47.5	4.5
 -46.5	3
 -45.5	6
 -44.5	2
 -43.5	3
 -42.5	1
 -41.5	6
 -40.5	4
 -39.5	3
 -38.5	3
 -37.5	2
 -36.5	1
 -35.5	2
 -34.5	2
 -33.5	1
 -32.5	3
 -31.5	3
 -30.5	3
 -29.5	2
 -28.5	6
 -27.5	5
 -26.5	3
 -25.5	4
 -24.5	2
 -23.5	3.5
 -22.5	6
 -21.5	1
 -20.5	3
 -19.5	1
 -18.5	3
 -17.5	5
 -16.5	3
 -15.5	1
 -14.5	1
 -13.5	1
 -12.5	3
 -11.5	2
 -10.5	1
  -9.5	5
  -8.5	6
  -7.5	5
  -6.5	0
  -5.5	4
  -4.5	3
  -3.5	1
  -2.5	1
  -1.5	2
  -0.5	5
   0.5	2
   1.5	2
   2.5	2
   3.5	2
   4.5	3
   5.5	2
   6.5	2
   7.5	2
   8.5	5
   9.5	2
  10.5	1
  11.5	1
  12.5	2
  13.5	2
  14.5	2
  15.5	1
  16.5	3
  17.5	4
  18.5	6
  19.5	2
  20.5	6
  21.5	3
  22.5	2
  23.5	1
  24.5	4
  25.5	1
  26.5	2
  27.5	3
  28.5	4
  29.5	2
  30.5	4
  31.5	3
  32.5	5
  33.5	1
  34.5	4
  35.5	3
  36.5	2
  37.5	4
  38.5	2
  39.5	3
  40.5	0
  41.5	5.5
  42.5	3
  43.5	1
  44.5	0
  45.5	4
  46.5	1
  47.5	2
  48.5	0
  49.5	2
  50.5	3
  51.5	1
  52.5	2
  53.5	1.5
  54.5	1
  55.5	6
  56.5	1
  57.5	3
  58.5	1
  59.5	1
  60.5	1
  61.5	1
  62.5	1
  63.5	1
  64.5	2
  65.5	4
  66.5	4
  67.5	1
  68.5	1
  69.5	3
  70.5	3
  71.5	2
  72.5	5
  73.5	2
  74.5	3
  75.5	2
  76.5	1
  77.5	0
  78.5	0
  79.5	3
  80.5	2
  81.5	2
  82.5	1
  83.5	1
  84.5	3
  85.5	1
  86.5	4
  87.5	1
  88.5	1
  89.5	2
  90.5	4
  91.5	1
  92.5	0
  93.5	3
  94.5	2
  95.5	0
  96.5	5
  97.5	4
  98.5	3
  99.5	2
 100.5	2
 101.5	4
 102.5	1
 103.5	2
 104.5	4
 105.5	0
 106.5	1
 107.5	0
 108.5	1
 109.5	1
 110.5	2
 111.5	1
 112.5	2
 113.5	2
 114.5	0
 115.5	1
 116.5	0
 117.5	1
 118.5	1
 119.5	2
 120.5	1
 121.5	2
 122.5	1
 123.5	1
 124.5	3
 125.5	4
 126.5	1
 127.5	3
 128.5	3
 129.5	3
 130.5	1
 131.5	2
 132.5	2
 133.5	3
 134.5	2
 135.5	2
 136.5	5
 137.5	1
 138.5	1
 139.5	6
 140.5	1
 141.5	2
 142.5	1
 143.5	0
 144.5	0
 145.5	2
DB 1 MOTIF	10-CCGGAAGTGV	STREME-10
-147.0	3
-146.0	0
-145.0	2
-144.0	0
-143.0	3
-142.0	1
-141.0	2
-140.0	0
-139.0	1
-138.0	0
-137.0	1
-136.0	2
-135.0	1
-134.0	2
-133.0	1
-132.0	1
-131.0	0
-130.0	0
-129.0	2
-128.0	1
-127.0	0
-126.0	3
-125.0	0
-124.0	1
-123.0	4
-122.0	0
-121.0	2
-120.0	1
-119.0	1
-118.0	0
-117.0	0
-116.0	1
-115.0	0
-114.0	2
-113.0	0
-112.0	2
-111.0	1
-110.0	1
-109.0	1
-108.0	3
-107.0	0
-106.0	0
-105.0	3
-104.0	1
-103.0	2
-102.0	2
-101.0	2
-100.0	1
 -99.0	1
 -98.0	1
 -97.0	1
 -96.0	0
 -95.0	0
 -94.0	0
 -93.0	0
 -92.0	0
 -91.0	3
 -90.0	0
 -89.0	1
 -88.0	4
 -87.0	2
 -86.0	1
 -85.0	0
 -84.0	2
 -83.0	0
 -82.0	0
 -81.0	2
 -80.0	2
 -79.0	3
 -78.0	5
 -77.0	1
 -76.0	4.5
 -75.0	0
 -74.0	1
 -73.0	5
 -72.0	2
 -71.0	3
 -70.0	0
 -69.0	1
 -68.0	2
 -67.0	2
 -66.0	5
 -65.0	3
 -64.0	0
 -63.0	0
 -62.0	1
 -61.0	1
 -60.0	0
 -59.0	1
 -58.0	2
 -57.0	0
 -56.0	2
 -55.0	2
 -54.0	1
 -53.0	0
 -52.0	3
 -51.0	3
 -50.0	5
 -49.0	2
 -48.0	0
 -47.0	7
 -46.0	0
 -45.0	1
 -44.0	3
 -43.0	2
 -42.0	1
 -41.0	1
 -40.0	3
 -39.0	1
 -38.0	3
 -37.0	2
 -36.0	3
 -35.0	2
 -34.0	1
 -33.0	2
 -32.0	4
 -31.0	2
 -30.0	1
 -29.0	3
 -28.0	2
 -27.0	3
 -26.0	4
 -25.0	0
 -24.0	2
 -23.0	3
 -22.0	4
 -21.0	2
 -20.0	6
 -19.0	3
 -18.0	5
 -17.0	3
 -16.0	0
 -15.0	2
 -14.0	1
 -13.0	7
 -12.0	0
 -11.0	3
 -10.0	3
  -9.0	4
  -8.0	4
  -7.0	3
  -6.0	0
  -5.0	3
  -4.0	2
  -3.0	5
  -2.0	1
  -1.0	2
   0.0	4
   1.0	3
   2.0	2
   3.0	1
   4.0	3
   5.0	3
   6.0	1
   7.0	0
   8.0	7
   9.0	4
  10.0	0
  11.0	3
  12.0	4
  13.0	2
  14.0	3
  15.0	4
  16.0	5
  17.0	3
  18.0	1
  19.0	4
  20.0	4
  21.0	3
  22.0	3
  23.0	1
  24.0	3
  25.0	0
  26.0	2
  27.0	2
  28.0	1
  29.0	3
  30.0	3.5
  31.0	1
  32.0	3
  33.0	3
  34.0	2
  35.0	2
  36.0	1
  37.0	2.5
  38.0	3
  39.0	3
  40.0	3
  41.0	3
  42.0	3
  43.0	3.5
  44.0	0
  45.0	1.5
  46.0	2
  47.0	2
  48.0	3
  49.0	1
  50.0	3
  51.0	2
  52.0	3
  53.0	1
  54.0	2
  55.0	1
  56.0	4
  57.0	1
  58.0	1
  59.0	2
  60.0	1
  61.0	2
  62.0	4
  63.0	1.5
  64.0	0
  65.0	2
  66.0	3
  67.0	2
  68.0	1
  69.0	1
  70.0	1
  71.0	3
  72.0	3
  73.0	2
  74.0	3
  75.0	2
  76.0	2
  77.0	2
  78.0	1
  79.0	2
  80.0	1
  81.0	4
  82.0	2
  83.0	1
  84.0	2
  85.0	3
  86.0	2
  87.0	0
  88.0	1
  89.0	1
  90.0	4
  91.0	1
  92.0	0
  93.0	2
  94.0	1
  95.0	1
  96.0	0
  97.0	3
  98.0	1
  99.0	2
 100.0	3
 101.0	0
 102.0	1
 103.0	2
 104.0	1
 105.0	2
 106.0	1
 107.0	1
 108.0	3
 109.0	4
 110.0	2
 111.0	0
 112.0	2
 113.0	2
 114.0	1
 115.0	0
 116.0	2
 117.0	1
 118.0	0
 119.0	0
 120.0	3
 121.0	0.5
 122.0	1
 123.0	4
 124.0	3.5
 125.0	0
 126.0	2
 127.0	1
 128.0	1
 129.0	0
 130.0	4
 131.0	3
 132.0	1
 133.0	2
 134.0	1
 135.0	3
 136.0	1
 137.0	0
 138.0	0
 139.0	2
 140.0	1
 141.0	0
 142.0	0
 143.0	1
 144.0	1
 145.0	1
 146.0	0
 147.0	3
DB 2 MOTIF	BHE40_HUMAN.H11MO.0.A
-147.0	2
-146.0	3
-145.0	1
-144.0	1
-143.0	3
-142.0	1
-141.0	2
-140.0	0
-139.0	5
-138.0	0
-137.0	4
-136.0	4
-135.0	1
-134.0	2
-133.0	0
-132.0	3
-131.0	3
-130.0	2
-129.0	2
-128.0	2
-127.0	2
-126.0	2
-125.0	2
-124.0	5
-123.0	3
-122.0	3
-121.0	2
-120.0	4
-119.0	1
-118.0	1
-117.0	2
-116.0	3
-115.0	0
-114.0	3
-113.0	2
-112.0	4
-111.0	2
-110.0	1
-109.0	4
-108.0	1
-107.0	1
-106.0	2
-105.0	3
-104.0	2
-103.0	2
-102.0	2
-101.0	2
-100.0	1
 -99.0	0
 -98.0	6
 -97.0	3
 -96.0	3
 -95.0	2
 -94.0	2
 -93.0	3.5
 -92.0	3
 -91.0	3
 -90.0	1
 -89.0	2
 -88.0	1
 -87.0	2
 -86.0	3
 -85.0	2
 -84.0	2
 -83.0	3
 -82.0	5
 -81.0	1
 -80.0	1
 -79.0	5
 -78.0	2
 -77.0	2
 -76.0	1
 -75.0	4
 -74.0	2
 -73.0	1
 -72.0	1
 -71.0	3
 -70.0	3
 -69.0	3
 -68.0	1
 -67.0	1
 -66.0	1
 -65.0	1
 -64.0	6
 -63.0	0
 -62.0	2
 -61.0	3
 -60.0	4
 -59.0	1
 -58.0	1
 -57.0	0
 -56.0	4
 -55.0	2
 -54.0	1
 -53.0	2
 -52.0	2
 -51.0	3
 -50.0	6
 -49.0	1
 -48.0	1
 -47.0	3
 -46.0	1
 -45.0	3
 -44.0	2
 -43.0	4
 -42.0	5
 -41.0	4
 -40.0	3
 -39.0	0
 -38.0	1
 -37.0	2
 -36.0	4
 -35.0	2
 -34.0	1
 -33.0	1
 -32.0	1
 -31.0	2
 -30.0	2
 -29.0	2
 -28.0	1
 -27.0	3
 -26.0	3
 -25.0	1
 -24.0	3
 -23.0	3
 -22.0	3
 -21.0	2
 -20.0	5
 -19.0	7
 -18.0	2
 -17.0	1
 -16.0	4
 -15.0	3
 -14.0	3
 -13.0	4
 -12.0	1
 -11.0	3
 -10.0	3
  -9.0	1
  -8.0	1
  -7.0	2
  -6.0	3
  -5.0	5
  -4.0	8
  -3.0	3
  -2.0	3
  -1.0	2
   0.0	3
   1.0	6
   2.0	2
   3.0	5
   4.0	2
   5.0	2
   6.0	6
   7.0	7
   8.0	2
   9.0	7
  10.0	4
  11.0	1
  12.0	3
  13.0	3
  14.0	5
  15.0	2
  16.0	4
  17.0	1
  18.0	4
  19.0	2
  20.0	1
  21.0	4
  22.0	2
  23.0	5
  24.0	1
  25.0	4
  26.0	2
  27.0	1.5
  28.0	1
  29.0	2
  30.0	4
  31.0	4
  32.0	2
  33.0	3
  34.0	3
  35.0	1
  36.0	1
  37.0	1
  38.0	4
  39.0	4
  40.0	1
  41.0	4
  42.0	5
  43.0	1
  44.0	1
  45.0	3
  46.0	6
  47.0	2
  48.0	2
  49.0	2
  50.0	3
  51.0	1
  52.0	3
  53.0	1
  54.0	3
  55.0	2
  56.0	5
  57.0	3
  58.0	3
  59.0	1
  60.0	3
  61.0	3
  62.0	3
  63.0	1
  64.0	2
  65.0	3
  66.0	5
  67.0	1
  68.0	0
  69.0	0
  70.0	1
  71.0	1
  72.0	3
  73.0	1
  74.0	3
  75.0	1
  76.0	2
  77.0	1
  78.0	2
  79.0	2
  80.0	0
  81.0	0
  82.0	3
  83.0	1
  84.0	1
  85.0	2
  86.0	3
  87.0	6
  88.0	3
  89.0	1
  90.0	1
  91.0	8
  92.0	1
  93.0	1
  94.0	3
  95.0	6
  96.0	4
  97.0	2
  98.0	1
  99.0	2
 100.0	4
 101.0	1
 102.0	2
 103.0	1
 104.0	2
 105.0	0
 106.0	1
 107.0	5
 108.0	3
 109.0	0
 110.0	0
 111.0	5
 112.0	1
 113.0	2
 114.0	1
 115.0	2
 116.0	1
 117.0	6
 118.0	1
 119.0	2
 120.0	2
 121.0	3
 122.0	3
 123.0	2
 124.0	3
 125.0	2
 126.0	3
 127.0	2
 128.0	0
 129.0	2
 130.0	2
 131.0	1
 132.0	0
 133.0	4
 134.0	2
 135.0	4
 136.0	2
 137.0	1
 138.0	2
 139.0	0
 140.0	3
 141.0	3
 142.0	4
 143.0	2
 144.0	2
 145.0	0
 146.0	3
 147.0	2
DB 2 MOTIF	ELF1_HUMAN.H11MO.0.A
-145.0	8
-144.0	3
-143.0	2
-142.0	5
-141.0	2
-140.0	3
-139.0	4
-138.0	2
-137.0	1
-136.0	2
-135.0	1
-134.0	3
-133.0	1
-132.0	2
-131.0	4
-130.0	4
-129.0	0
-128.0	3
-127.0	1
-126.0	2
-125.0	2
-124.0	3
-123.0	2
-122.0	3
-121.0	4
-120.0	2
-119.0	1
-118.0	3
-117.0	3
-116.0	5
-115.0	1
-114.0	2
-113.0	4
-112.0	1
-111.0	2
-110.0	3
-109.0	1
-108.0	4
-107.0	3
-106.0	2
-105.0	4
-104.0	3
-103.0	3
-102.0	3
-101.0	0
-100.0	0
 -99.0	3
 -98.0	1
 -97.0	4
 -96.0	2
 -95.0	4
 -94.0	1
 -93.0	2
 -92.0	4
 -91.0	1
 -90.0	3
 -89.0	2
 -88.0	1
 -87.0	1
 -86.0	6
 -85.0	2
 -84.0	4
 -83.0	4
 -82.0	2
 -81.0	3
 -80.0	4
 -79.0	4
 -78.0	4
 -77.0	2
 -76.0	4
 -75.0	3
 -74.0	5
 -73.0	5
 -72.0	1
 -71.0	1
 -70.0	6
 -69.0	2
 -68.0	2
 -67.0	1
 -66.0	2
 -65.0	1
 -64.0	5
 -63.0	5
 -62.0	0
 -61.0	4
 -60.0	3
 -59.0	1
 -58.0	2
 -57.0	2
 -56.0	1
 -55.0	3
 -54.0	2
 -53.0	2
 -52.0	5
 -51.0	4
 -50.0	3
 -49.0	8
 -48.0	6
 -47.0	0
 -46.0	4
 -45.0	9
 -44.0	1
 -43.0	6
 -42.0	3
 -41.0	2
 -40.0	1
 -39.0	1
 -38.0	7
 -37.0	3
 -36.0	3
 -35.0	4
 -34.0	8
 -33.0	4
 -32.0	0
 -31.0	4
 -30.0	4
 -29.0	6
 -28.0	7
 -27.0	0
 -26.0	5
 -25.0	3
 -24.0	4
 -23.0	3
 -22.0	6
 -21.0	3
 -20.0	8
 -19.0	9
 -18.0	3
 -17.0	4
 -16.0	4
 -15.0	6
 -14.0	2
 -13.0	4
 -12.0	2
 -11.0	6
 -10.0	2
  -9.0	2
  -8.0	6
  -7.0	7
  -6.0	1
  -5.0	3
  -4.0	2
  -3.0	5
  -2.0	1
  -1.0	4
   0.0	2
   1.0	2
   2.0	8
   3.0	9
   4.0	4
   5.0	2
   6.0	6
   7.0	6
   8.0	1
   9.0	3
  10.0	9
  11.0	6
  12.0	1
  13.0	6
  14.0	6
  15.0	6
  16.0	2
  17.0	4
  18.0	2
  19.0	1
  20.0	6
  21.0	7
  22.0	3
  23.0	3
  24.0	2
  25.0	2
  26.0	3
  27.0	4
  28.0	4
  29.0	3
  30.0	3
  31.0	4
  32.0	4
  33.0	1
  34.0	3
  35.0	1
  36.0	8
  37.0	5
  38.0	3
  39.0	5
  40.0	5
  41.0	4
  42.0	2
  43.0	4
  44.0	4
  45.0	7
  46.0	0
  47.0	1
  48.0	4
  49.0	2
  50.0	5
  51.0	2
  52.0	1
  53.0	3
  54.0	5
  55.0	3
  56.0	3
  57.0	2
  58.0	4
  59.0	3
  60.0	8
  61.0	5
  62.0	1
  63.0	4
  64.0	10
  65.0	2
  66.0	3
  67.0	2
  68.0	0
  69.0	4
  70.0	4
  71.0	4
  72.0	3
  73.0	1
  74.0	7
  75.0	2
  76.0	1
  77.0	6
  78.0	2
  79.0	4
  80.0	2
  81.0	2
  82.0	3
  83.0	2
  84.0	1
  85.0	1
  86.0	2
  87.0	6
  88.0	7
  89.0	4
  90.0	1
  91.0	6
  92.0	1
  93.0	2
  94.0	1
  95.0	4
  96.0	5
  97.0	2
  98.0	1
  99.0	4
 100.0	2
 101.0	5
 102.0	4
 103.0	3
 104.0	4
 105.0	3
 106.0	2
 107.0	4
 108.0	3
 109.0	2
 110.0	4
 111.0	4
 112.0	1
 113.0	0
 114.0	2
 115.0	4
 116.0	3
 117.0	1
 118.0	1
 119.0	0
 120.0	4
 121.0	4
 122.0	5
 123.0	4
 124.0	1
 125.0	1
 126.0	1
 127.0	0
 128.0	4
 129.0	3
 130.0	1
 131.0	4
 132.0	7
 133.0	0
 134.0	0
 135.0	3
 136.0	2
 137.0	2
 138.0	3
 139.0	4
 140.0	5
 141.0	4
 142.0	2
 143.0	4
 144.0	1
 145.0	2
DB 2 MOTIF	ELF2_HUMAN.H11MO.0.C
-145.5	6
-144.5	4
-143.5	3
-142.5	1
-141.5	3
-140.5	3
-139.5	4
-138.5	3
-137.5	2
-136.5	0
-135.5	4
-134.5	0
-133.5	4
-132.5	2
-131.5	2.5
-130.5	6
-129.5	3
-128.5	1
-127.5	4
-126.5	2
-125.5	3
-124.5	2
-123.5	2
-122.5	3
-121.5	6
-120.5	0
-119.5	3
-118.5	1
-117.5	4
-116.5	3
-115.5	2
-114.5	2
-113.5	5
-112.5	0
-111.5	1
-110.5	3
-109.5	3
-108.5	2
-107.5	2
-106.5	5
-105.5	2
-104.5	4
-103.5	3
-102.5	4
-101.5	2
-100.5	0
 -99.5	2.5
 -98.5	5
 -97.5	2
 -96.5	3
 -95.5	5
 -94.5	4
 -93.5	2
 -92.5	0
 -91.5	4
 -90.5	2
 -89.5	4
 -88.5	2
 -87.5	1
 -86.5	3
 -85.5	3
 -84.5	3
 -83.5	2
 -82.5	4.5
 -81.5	5
 -80.5	1
 -79.5	3
 -78.5	4
 -77.5	4
 -76.5	2
 -75.5	3
 -74.5	7
 -73.5	4
 -72.5	6
 -71.5	3.5
 -70.5	3
 -69.5	0
 -68.5	2
 -67.5	2
 -66.5	4
 -65.5	2
 -64.5	5
 -63.5	5
 -62.5	1
 -61.5	1
 -60.5	4
 -59.5	3
 -58.5	3
 -57.5	5
 -56.5	2
 -55.5	6
 -54.5	2
 -53.5	7
 -52.5	2
 -51.5	5
 -50.5	4
 -49.5	6
 -48.5	7
 -47.5	2
 -46.5	3
 -45.5	6
 -44.5	2
 -43.5	4
 -42.5	4
 -41.5	1
 -40.5	2
 -39.5	1
 -38.5	3
 -37.5	5
 -36.5	4
 -35.5	3
 -34.5	5
 -33.5	2
 -32.5	3.5
 -31.5	1
 -30.5	6
 -29.5	6
 -28.5	8
 -27.5	2
 -26.5	2
 -25.5	4
 -24.5	8
 -23.5	1
 -22.5	3
 -21.5	6
 -20.5	8
 -19.5	4
 -18.5	14
 -17.5	1
 -16.5	4
 -15.5	2
 -14.5	6
 -13.5	3
 -12.5	2
 -11.5	6
 -10.5	3
  -9.5	3
  -8.5	4
  -7.5	5
  -6.5	8
  -5.5	4
  -4.5	4
  -3.5	4
  -2.5	6
  -1.5	5
  -0.5	0
   0.5	2
   1.5	7
   2.5	10
   3.5	6
   4.5	3
   5.5	2
   6.5	7
   7.5	4
   8.5	2
   9.5	5
  10.5	5
  11.5	4
  12.5	5
  13.5	4
  14.5	5
  15.5	5
  16.5	3
  17.5	2
  18.5	2
  19.5	4
  20.5	9
  21.5	4
  22.5	5
  23.5	2
  24.5	3
  25.5	2
  26.5	2
  27.5	7
  28.5	7
  29.5	1
  30.5	3
  31.5	5
  32.5	1
  33.5	5
  34.5	0
  35.5	4
  36.5	5
  37.5	3
  38.5	4
  39.5	7
  40.5	5
  41.5	5
  42.5	3
  43.5	5
  44.5	2
  45.5	5
  46.5	1
  47.5	3
  48.5	2
  49.5	5
  50.5	0
  51.5	3
  52.5	3
  53.5	7
  54.5	5
  55.5	2
  56.5	2
  57.5	5
  58.5	2
  59.5	2
  60.5	8
  61.5	4
  62.5	1
  63.5	8
  64.5	3
  65.5	4.5
  66.5	3
  67.5	1
  68.5	3
  69.5	4
  70.5	5
  71.5	6
  72.5	2
  73.5	6
  74.5	4
  75.5	2
  76.5	3
  77.5	5
  78.5	1
  79.5	4
  80.5	2
  81.5	2
  82.5	4
  83.5	2
  84.5	3
  85.5	1
  86.5	5
  87.5	3
  88.5	11
  89.5	2
  90.5	4
  91.5	2
  92.5	3
  93.5	1
  94.5	1
  95.5	5
  96.5	5
  97.5	4
  98.5	6
  99.5	2
 100.5	5
 101.5	6
 102.5	1
 103.5	5
 104.5	5
 105.5	3
 106.5	4
 107.5	3
 108.5	7
 109.5	3
 110.5	5
 111.5	1
 112.5	1
 113.5	3
 114.5	3
 115.5	6
 116.5	1
 117.5	0
 118.5	1
 119.5	1
 120.5	6
 121.5	9
 122.5	3
 123.5	3
 124.5	2
 125.5	0
 126.5	3
 127.5	2
 128.5	4
 129.5	3
 130.5	3
 131.5	8
 132.5	2
 133.5	1
 134.5	3
 135.5	4
 136.5	1
 137.5	3
 138.5	6
 139.5	3
 140.5	3
 141.5	4
 142.5	0
 143.5	4
 144.5	1
 145.5	3
DB 2 MOTIF	ELK1_HUMAN.H11MO.0.B
-146.5	3
-145.5	3
-144.5	1
-143.5	5
-142.5	2
-141.5	0
-140.5	4
-139.5	0
-138.5	2
-137.5	1
-136.5	3
-135.5	1
-134.5	2
-133.5	2
-132.5	4
-131.5	2
-130.5	0
-129.5	2
-128.5	2
-127.5	1
-126.5	2
-125.5	3
-124.5	2
-123.5	2
-122.5	5
-121.5	1
-120.5	2
-119.5	1
-118.5	6
-117.5	3
-116.5	1
-115.5	0
-114.5	7
-113.5	2
-112.5	2
-111.5	2
-110.5	2
-109.5	4
-108.5	3
-107.5	3
-106.5	2
-105.5	1
-104.5	2
-103.5	4
-102.5	3
-101.5	1
-100.5	2
 -99.5	2
 -98.5	1
 -97.5	2
 -96.5	1
 -95.5	5
 -94.5	1
 -93.5	1
 -92.5	0
 -91.5	2
 -90.5	4
 -89.5	0
 -88.5	5
 -87.5	5
 -86.5	2
 -85.5	1
 -84.5	3
 -83.5	0
 -82.5	2
 -81.5	3
 -80.5	3
 -79.5	3
 -78.5	5
 -77.5	5
 -76.5	3
 -75.5	4
 -74.5	2
 -73.5	7
 -72.5	2
 -71.5	6
 -70.5	0
 -69.5	1
 -68.5	0
 -67.5	4
 -66.5	4
 -65.5	5
 -64.5	5
 -63.5	0
 -62.5	1
 -61.5	1
 -60.5	1
 -59.5	3
 -58.5	4
 -57.5	0
 -56.5	3
 -55.5	4
 -54.5	2
 -53.5	3
 -52.5	3
 -51.5	3
 -50.5	6
 -49.5	4
 -48.5	2
 -47.5	7
 -46.5	6
 -45.5	2
 -44.5	5
 -43.5	2
 -42.5	1
 -41.5	2
 -40.5	0
 -39.5	4
 -38.5	5
 -37.5	2
 -36.5	3
 -35.5	5
 -34.5	3
 -33.5	7
 -32.5	1
 -31.5	3
 -30.5	4
 -29.5	8
 -28.5	1
 -27.5	6
 -26.5	3
 -25.5	4
 -24.5	1
 -23.5	5
 -22.5	2
 -21.5	5
 -20.5	3
 -19.5	8
 -18.5	4
 -17.5	5
 -16.5	3
 -15.5	2
 -14.5	2
 -13.5	5
 -12.5	3
 -11.5	1
 -10.5	4
  -9.5	5
  -8.5	4
  -7.5	5
  -6.5	4
  -5.5	3
  -4.5	2
  -3.5	4
  -2.5	6
  -1.5	4
  -0.5	3
   0.5	4
   1.5	6
   2.5	2
   3.5	5
   4.5	4
   5.5	3
   6.5	1
   7.5	4
   8.5	7
   9.5	3
  10.5	3
  11.5	6
  12.5	5
  13.5	2
  14.5	4
  15.5	7
  16.5	5
  17.5	0
  18.5	4
  19.5	10
  20.5	6
  21.5	9
  22.5	2
  23.5	3
  24.5	2
  25.5	0
  26.5	5
  27.5	3
  28.5	4
  29.5	1
  30.5	3
  31.5	3
  32.5	6
  33.5	1
  34.5	1
  35.5	3
  36.5	3.5
  37.5	7
  38.5	3
  39.5	3
  40.5	6
  41.5	4
  42.5	3.5
  43.5	3
  44.5	4.5
  45.5	1
  46.5	8
  47.5	0
  48.5	4
  49.5	2
  50.5	3
  51.5	2
  52.5	4
  53.5	4
  54.5	3
  55.5	4
  56.5	4
  57.5	1
  58.5	3
  59.5	1
  60.5	3
  61.5	4
  62.5	5.5
  63.5	1
  64.5	4
  65.5	4
  66.5	1
  67.5	2
  68.5	2
  69.5	6
  70.5	3
  71.5	1
  72.5	9
  73.5	3
  74.5	2
  75.5	2
  76.5	3
  77.5	3
  78.5	3
  79.5	1
  80.5	4
  81.5	3
  82.5	5
  83.5	5
  84.5	2
  85.5	5
  86.5	2
  87.5	5
  88.5	5
  89.5	7
  90.5	0
  91.5	2
  92.5	4
  93.5	2
  94.5	0
  95.5	1
  96.5	2
  97.5	4
  98.5	2
  99.5	4
 100.5	3
 101.5	3
 102.5	3
 103.5	6
 104.5	5
 105.5	1
 106.5	0
 107.5	6
 108.5	5
 109.5	6
 110.5	3
 111.5	2
 112.5	2
 113.5	2
 114.5	2
 115.5	2
 116.5	4
 117.5	1
 118.5	0
 119.5	0
 120.5	4
 121.5	5
 122.5	5
 123.5	2
 124.5	1
 125.5	1
 126.5	3
 127.5	2
 128.5	0
 129.5	0
 130.5	4
 131.5	1
 132.5	3
 133.5	2
 134.5	4
 135.5	2
 136.5	1
 137.5	2
 138.5	1
 139.5	5
 140.5	2
 141.5	2
 142.5	2
 143.5	1
 144.5	3
 145.5	3
 146.5	2
DB 2 MOTIF	ELK3_HUMAN.H11MO.0.D
-146.0	5
-145.0	2
-144.0	4
-143.0	3
-142.0	0
-141.0	2
-140.0	2
-139.0	3
-138.0	2
-137.0	3
-136.0	0
-135.0	2
-134.0	1
-133.0	5
-132.0	4
-131.0	0
-130.0	2
-129.0	3
-128.0	0
-127.0	1
-126.0	3
-125.0	2
-124.0	1
-123.0	3
-122.0	4
-121.0	1
-120.0	0
-119.0	1
-118.0	3
-117.0	1
-116.0	0
-115.0	1
-114.0	3
-113.0	0
-112.0	2
-111.0	1
-110.0	1
-109.0	3
-108.0	4
-107.0	1
-106.0	4
-105.0	2
-104.0	5
-103.0	5
-102.0	3
-101.0	2
-100.0	5
 -99.0	0
 -98.0	2
 -97.0	1
 -96.0	2
 -95.0	0
 -94.0	2
 -93.0	2
 -92.0	0
 -91.0	3
 -90.0	2
 -89.0	4
 -88.0	2
 -87.0	0
 -86.0	3
 -85.0	2
 -84.0	1
 -83.0	0
 -82.0	4
 -81.0	1
 -80.0	1
 -79.0	7
 -78.0	1
 -77.0	6
 -76.0	0
 -75.0	3
 -74.0	3
 -73.0	3
 -72.0	4
 -71.0	3
 -70.0	0
 -69.0	0
 -68.0	2
 -67.0	1
 -66.0	3
 -65.0	3
 -64.0	5
 -63.0	2
 -62.0	1
 -61.0	1
 -60.0	4
 -59.0	3
 -58.0	2
 -57.0	2
 -56.0	3
 -55.0	2
 -54.0	0
 -53.0	6
 -52.0	2
 -51.0	3
 -50.0	4
 -49.0	2
 -48.0	8
 -47.0	1
 -46.0	5
 -45.0	2
 -44.0	3
 -43.0	4
 -42.0	3
 -41.0	2
 -40.0	3
 -39.0	2
 -38.0	3
 -37.0	4
 -36.0	3
 -35.0	4
 -34.0	5
 -33.0	3
 -32.0	1
 -31.0	2
 -30.0	1
 -29.0	3
 -28.0	6
 -27.0	2
 -26.0	2
 -25.0	2
 -24.0	3
 -23.0	2
 -22.0	3
 -21.0	3
 -20.0	2
 -19.0	5
 -18.0	8
 -17.0	3
 -16.0	3
 -15.0	3
 -14.0	4
 -13.0	0
 -12.0	7
 -11.0	0
 -10.0	3
  -9.0	4
  -8.0	4
  -7.0	7
  -6.0	6
  -5.0	3
  -4.0	6
  -3.0	4
  -2.0	6
  -1.0	1
   0.0	1
   1.0	5
   2.0	7
   3.0	4
   4.0	1
   5.0	2
   6.0	3
   7.0	2
   8.0	3
   9.0	3
  10.0	3
  11.0	5
  12.0	5
  13.0	2
  14.0	2
  15.0	7
  16.0	8
  17.0	5
  18.0	1
  19.0	3
  20.0	2
  21.0	5
  22.0	2
  23.0	0
  24.0	3
  25.0	1
  26.0	2
  27.0	2
  28.0	3
  29.0	2
  30.0	2
  31.0	4
  32.0	4
  33.0	2
  34.0	2
  35.0	2
  36.0	7
  37.0	4
  38.0	2
  39.0	2
  40.0	2
  41.0	2
  42.0	3
  43.0	1
  44.0	3
  45.0	1
  46.0	3
  47.0	1
  48.0	2
  49.0	3
  50.0	2
  51.0	1
  52.0	2
  53.0	5
  54.0	2
  55.0	2
  56.0	4
  57.0	2
  58.0	5
  59.0	2
  60.0	2
  61.0	2
  62.0	2
  63.0	3
  64.0	5
  65.0	4
  66.0	1
  67.0	0
  68.0	3
  69.0	3
  70.0	3
  71.0	2
  72.0	2
  73.0	3
  74.0	2
  75.0	0
  76.0	2
  77.0	2
  78.0	4
  79.0	0
  80.0	2
  81.0	2
  82.0	3
  83.0	6
  84.0	2
  85.0	1
  86.0	1
  87.0	3
  88.0	2
  89.0	4
  90.0	2
  91.0	0
  92.0	3
  93.0	2
  94.0	1
  95.0	1
  96.0	3
  97.0	3
  98.0	4
  99.0	1
 100.0	1
 101.0	4
 102.0	3
 103.0	6
 104.0	3
 105.0	1
 106.0	3
 107.0	2
 108.0	1
 109.0	1
 110.0	2
 111.0	1
 112.0	1
 113.0	1
 114.0	3
 115.0	2
 116.0	3
 117.0	0
 118.0	2
 119.0	0
 120.0	1
 121.0	4
 122.0	3
 123.0	3
 124.0	0
 125.0	3
 126.0	2
 127.0	2
 128.0	1
 129.0	2
 130.0	6
 131.0	2
 132.0	2
 133.0	2
 134.0	3
 135.0	4
 136.0	1
 137.0	0
 138.0	1
 139.0	2
 140.0	2
 141.0	4
 142.0	2
 143.0	0
 144.0	0
 145.0	3
 146.0	4
DB 2 MOTIF	ELK4_HUMAN.H11MO.0.A
-146.0	4
-145.0	0
-144.0	5
-143.0	3
-142.0	2
-141.0	2
-140.0	5
-139.0	2
-138.0	1
-137.0	1
-136.0	0
-135.0	2
-134.0	3
-133.0	6
-132.0	1
-131.0	1
-130.0	0
-129.0	2
-128.0	0
-127.0	2
-126.0	1
-125.0	3
-124.0	2
-123.0	2
-122.0	4
-121.0	0
-120.0	2
-119.0	3
-118.0	3
-117.0	4
-116.0	0
-115.0	3
-114.0	6
-113.0	2
-112.0	1
-111.0	3
-110.0	1
-109.0	4
-108.0	2
-107.0	2
-106.0	2
-105.0	1
-104.0	6
-103.0	4
-102.0	2
-101.0	1
-100.0	3
 -99.0	1
 -98.0	3
 -97.0	1
 -96.0	7
 -95.0	3
 -94.0	4
 -93.0	0
 -92.0	0
 -91.0	4
 -90.0	3
 -89.0	5
 -88.0	2
 -87.0	3
 -86.0	2
 -85.0	3
 -84.0	1
 -83.0	0
 -82.0	7
 -81.0	2
 -80.0	2
 -79.0	4
 -78.0	4
 -77.0	5
 -76.0	0
 -75.0	4
 -74.0	7
 -73.0	3
 -72.0	6
 -71.0	5
 -70.0	0
 -69.0	1
 -68.0	3
 -67.0	4
 -66.0	2
 -65.0	5
 -64.0	4
 -63.0	1
 -62.0	1
 -61.0	0
 -60.0	4
 -59.0	3
 -58.0	2
 -57.0	2
 -56.0	5
 -55.0	3
 -54.0	3
 -53.0	2
 -52.0	2
 -51.0	5
 -50.0	6
 -49.0	6
 -48.0	6
 -47.0	3
 -46.0	6
 -45.0	3
 -44.0	3
 -43.0	3
 -42.0	3
 -41.0	0
 -40.0	2
 -39.0	5.5
 -38.0	5
 -37.0	2
 -36.0	5
 -35.0	5
 -34.0	5
 -33.0	3
 -32.0	2
 -31.0	2
 -30.0	6
 -29.0	7
 -28.0	3
 -27.0	5
 -26.0	1
 -25.0	5
 -24.0	2
 -23.0	3
 -22.0	2
 -21.0	6
 -20.0	5
 -19.0	8
 -18.0	7
 -17.0	4
 -16.0	3
 -15.0	2
 -14.0	7
 -13.0	0
 -12.0	2
 -11.0	1
 -10.0	4
  -9.0	3
  -8.0	3
  -7.0	6
  -6.0	6
  -5.0	0
  -4.0	5
  -3.0	3
  -2.0	9
  -1.0	2
   0.0	2
   1.0	7
   2.0	7
   3.0	6
   4.0	6
   5.0	3
   6.0	4
   7.0	4
   8.0	3
   9.0	6
  10.0	5
  11.0	3
  12.0	6
  13.0	3
  14.0	3
  15.0	6
  16.0	7
  17.0	3
  18.0	2
  19.0	7
  20.0	7
  21.0	9
  22.0	6
  23.0	2
  24.0	3
  25.0	1
  26.0	1
  27.0	4
  28.0	5
  29.0	2
  30.0	1
  31.0	7
  32.0	3
  33.0	5
  34.0	1
  35.0	1
  36.0	5
  37.0	8
  38.0	4
  39.0	4
  40.0	6
  41.0	5
  42.0	3
  43.0	1
  44.0	6.5
  45.0	1
  46.0	5
  47.0	4
  48.0	2
  49.0	4
  50.0	2
  51.0	3
  52.0	2
  53.0	4
  54.0	4
  55.0	6
  56.0	4
  57.0	6.5
  58.0	4
  59.0	0
  60.0	2
  61.0	7
  62.0	2.5
  63.0	3
  64.0	4
  65.0	5
  66.0	2
  67.0	0
  68.0	3
  69.0	3
  70.0	3
  71.0	3
  72.0	4
  73.0	5
  74.0	3
  75.0	2
  76.0	2
  77.0	4
  78.0	4
  79.0	1
  80.0	4
  81.0	2
  82.0	4
  83.0	5
  84.0	2
  85.0	2
  86.0	4
  87.0	2
  88.0	2
  89.0	7
  90.0	3
  91.0	0
  92.0	5
  93.0	2
  94.0	2
  95.0	0
  96.0	2
  97.0	4
  98.0	3
  99.0	2
 100.0	2
 101.0	5
 102.0	5
 103.0	4
 104.0	9
 105.0	2
 106.0	0
 107.0	5
 108.0	3
 109.0	4
 110.0	3
 111.0	3
 112.0	2
 113.0	0
 114.0	2
 115.0	3
 116.0	1
 117.0	2
 118.0	1
 119.0	1
 120.0	0
 121.0	5
 122.0	4
 123.0	2
 124.0	0
 125.0	2
 126.0	0
 127.0	6
 128.0	1
 129.0	2
 130.0	3
 131.0	3
 132.0	2
 133.0	0
 134.0	4
 135.0	1
 136.0	1
 137.0	1
 138.0	5
 139.0	2
 140.0	2
 141.0	1
 142.0	1
 143.0	1
 144.0	2
 145.0	2
 146.0	4
DB 2 MOTIF	ETS1_HUMAN.H11MO.0.A
-145.5	6
-144.5	5
-143.5	6
-142.5	1
-141.5	3
-140.5	3
-139.5	4
-138.5	4
-137.5	2
-136.5	0
-135.5	1
-134.5	1
-133.5	3
-132.5	3
-131.5	2
-130.5	1
-129.5	0
-128.5	5
-127.5	5
-126.5	2
-125.5	3
-124.5	3
-123.5	2
-122.5	2
-121.5	5
-120.5	1
-119.5	3
-118.5	0
-117.5	6
-116.5	4
-115.5	4
-114.5	2
-113.5	4
-112.5	0
-111.5	1
-110.5	4
-109.5	4
-108.5	3
-107.5	3
-106.5	6
-105.5	3
-104.5	3
-103.5	3
-102.5	5
-101.5	3
-100.5	1
 -99.5	4
 -98.5	6
 -97.5	2
 -96.5	4
 -95.5	5
 -94.5	0
 -93.5	2
 -92.5	0
 -91.5	4
 -90.5	2
 -89.5	6
 -88.5	1
 -87.5	1
 -86.5	3
 -85.5	6
 -84.5	1
 -83.5	1
 -82.5	3
 -81.5	5
 -80.5	2
 -79.5	5
 -78.5	5
 -77.5	4
 -76.5	3
 -75.5	3
 -74.5	5
 -73.5	5
 -72.5	5
 -71.5	2
 -70.5	4
 -69.5	2
 -68.5	1
 -67.5	2
 -66.5	3
 -65.5	1
 -64.5	2
 -63.5	5
 -62.5	2
 -61.5	0
 -60.5	1
 -59.5	4
 -58.5	3
 -57.5	1
 -56.5	2
 -55.5	4
 -54.5	6
 -53.5	2
 -52.5	3
 -51.5	5
 -50.5	8
 -49.5	4
 -48.5	10
 -47.5	1
 -46.5	2
 -45.5	6
 -44.5	3
 -43.5	5
 -42.5	8
 -41.5	1
 -40.5	1
 -39.5	3
 -38.5	3
 -37.5	8
 -36.5	3
 -35.5	3
 -34.5	5
 -33.5	5
 -32.5	3
 -31.5	2
 -30.5	6
 -29.5	4
 -28.5	4
 -27.5	3
 -26.5	3
 -25.5	6
 -24.5	6
 -23.5	1
 -22.5	3
 -21.5	5
 -20.5	6
 -19.5	4
 -18.5	11
 -17.5	2
 -16.5	5
 -15.5	4
 -14.5	4
 -13.5	3
 -12.5	1
 -11.5	4
 -10.5	5
  -9.5	3
  -8.5	3
  -7.5	5
  -6.5	7
  -5.5	3
  -4.5	3
  -3.5	3
  -2.5	6
  -1.5	4
  -0.5	2
   0.5	4
   1.5	6
   2.5	9
   3.5	5
   4.5	4
   5.5	3
   6.5	7
   7.5	7
   8.5	1
   9.5	7
  10.5	4
  11.5	3
  12.5	5
  13.5	3
  14.5	5
  15.5	7
  16.5	2
  17.5	5
  18.5	3
  19.5	4
  20.5	7
  21.5	4
  22.5	4
  23.5	1
  24.5	1
  25.5	2
  26.5	2
  27.5	6
  28.5	3
  29.5	3
  30.5	3
  31.5	6
  32.5	1
  33.5	5
  34.5	2
  35.5	1
  36.5	8
  37.5	3
  38.5	2
  39.5	7
  40.5	3
  41.5	5
  42.5	1
  43.5	5
  44.5	3
  45.5	5
  46.5	2
  47.5	3
  48.5	5
  49.5	6
  50.5	1
  51.5	1
  52.5	2
  53.5	3
  54.5	5
  55.5	3
  56.5	4
  57.5	5
  58.5	2
  59.5	3
  60.5	7
  61.5	3
  62.5	1
  63.5	8
  64.5	3
  65.5	4
  66.5	1
  67.5	1
  68.5	2
  69.5	4
  70.5	6
  71.5	5
  72.5	1
  73.5	6
  74.5	4
  75.5	3
  76.5	3
  77.5	6
  78.5	2
  79.5	4
  80.5	1
  81.5	1
  82.5	2
  83.5	3
  84.5	3
  85.5	1
  86.5	2
  87.5	3
  88.5	7
  89.5	2
  90.5	5
  91.5	2
  92.5	3
  93.5	1
  94.5	1
  95.5	5
  96.5	4
  97.5	1
  98.5	3
  99.5	2
 100.5	5
 101.5	8
 102.5	1
 103.5	5
 104.5	4
 105.5	6
 106.5	4
 107.5	3
 108.5	4
 109.5	2
 110.5	4
 111.5	1
 112.5	1
 113.5	1
 114.5	4
 115.5	4
 116.5	1
 117.5	1
 118.5	2
 119.5	3
 120.5	4
 121.5	8
 122.5	3
 123.5	2
 124.5	1
 125.5	1
 126.5	3
 127.5	4
 128.5	3
 129.5	3
 130.5	0
 131.5	10
 132.5	3
 133.5	2
 134.5	3
 135.5	4
 136.5	3
 137.5	1
 138.5	7
 139.5	5
 140.5	5
 141.5	2
 142.5	2
 143.5	5
 144.5	2
 145.5	3
DB 2 MOTIF	ETV1_HUMAN.H11MO.0.A
-146.5	3
-145.5	3
-144.5	5
-143.5	3
-142.5	1
-141.5	3
-140.5	1
-139.5	3
-138.5	4
-137.5	1
-136.5	0
-135.5	3
-134.5	1
-133.5	4
-132.5	1
-131.5	3
-130.5	3
-129.5	0
-128.5	0
-127.5	3
-126.5	2
-125.5	2
-124.5	2
-123.5	2
-122.5	3
-121.5	6
-120.5	0
-119.5	5
-118.5	1
-117.5	5
-116.5	3
-115.5	2
-114.5	1
-113.5	4
-112.5	0
-111.5	2
-110.5	4
-109.5	2
-108.5	3
-107.5	3
-106.5	3
-105.5	2
-104.5	4
-103.5	2
-102.5	4
-101.5	1.5
-100.5	2
 -99.5	2
 -98.5	2.5
 -97.5	2
 -96.5	4
 -95.5	2
 -94.5	4
 -93.5	3
 -92.5	0
 -91.5	3
 -90.5	2
 -89.5	6
 -88.5	4
 -87.5	1
 -86.5	3
 -85.5	2
 -84.5	1
 -83.5	1
 -82.5	5
 -81.5	3
 -80.5	1
 -79.5	5
 -78.5	5
 -77.5	4
 -76.5	3
 -75.5	2
 -74.5	8
 -73.5	3
 -72.5	6
 -71.5	2
 -70.5	4
 -69.5	0
 -68.5	2
 -67.5	4
 -66.5	3
 -65.5	2
 -64.5	4
 -63.5	7
 -62.5	1
 -61.5	0
 -60.5	3
 -59.5	4
 -58.5	2
 -57.5	3
 -56.5	2
 -55.5	4
 -54.5	2
 -53.5	6
 -52.5	2
 -51.5	4
 -50.5	4
 -49.5	5
 -48.5	9
 -47.5	2
 -46.5	2
 -45.5	8
 -44.5	0
 -43.5	4
 -42.5	4
 -41.5	0
 -40.5	3
 -39.5	0
 -38.5	4
 -37.5	5
 -36.5	5
 -35.5	2
 -34.5	7
 -33.5	5
 -32.5	4
 -31.5	2
 -30.5	7
 -29.5	3
 -28.5	8
 -27.5	2
 -26.5	4
 -25.5	4
 -24.5	7
 -23.5	2
 -22.5	3
 -21.5	4
 -20.5	6
 -19.5	6
 -18.5	10
 -17.5	2.5
 -16.5	6
 -15.5	2
 -14.5	6
 -13.5	3
 -12.5	1
 -11.5	1
 -10.5	4
  -9.5	5
  -8.5	2
  -7.5	5
  -6.5	9
  -5.5	3
  -4.5	2
  -3.5	5
  -2.5	7
  -1.5	5
  -0.5	1
   0.5	3
   1.5	5
   2.5	9
   3.5	5
   4.5	2
   5.5	4
   6.5	9
   7.5	5
   8.5	1
   9.5	7
  10.5	4
  11.5	2
  12.5	4
  13.5	2
  14.5	5
  15.5	8
  16.5	3
  17.5	5
  18.5	3
  19.5	3
  20.5	10
  21.5	4
  22.5	6
  23.5	3
  24.5	2
  25.5	3
  26.5	1
  27.5	6
  28.5	4
  29.5	2
  30.5	3
  31.5	6
  32.5	3
  33.5	4
  34.5	3
  35.5	4
  36.5	8
  37.5	5
  38.5	4
  39.5	10
  40.5	5
  41.5	4
  42.5	2
  43.5	3
  44.5	4
  45.5	3
  46.5	1
  47.5	6
  48.5	2
  49.5	5
  50.5	1
  51.5	2
  52.5	2
  53.5	4
  54.5	6
  55.5	7
  56.5	4
  57.5	9
  58.5	1
  59.5	4
  60.5	5
  61.5	1.5
  62.5	2
  63.5	6
  64.5	3
  65.5	4
  66.5	1
  67.5	1
  68.5	3
  69.5	4
  70.5	2
  71.5	5
  72.5	0
  73.5	7
  74.5	3
  75.5	4
  76.5	2
  77.5	5
  78.5	3
  79.5	2
  80.5	3
  81.5	3
  82.5	4
  83.5	4
  84.5	5
  85.5	1
  86.5	3
  87.5	1
  88.5	8
  89.5	2
  90.5	2
  91.5	3
  92.5	4
  93.5	3
  94.5	3
  95.5	3
  96.5	4
  97.5	1
  98.5	2
  99.5	1
 100.5	4
 101.5	4
 102.5	3
 103.5	7
 104.5	6
 105.5	1
 106.5	5.5
 107.5	2
 108.5	4
 109.5	2
 110.5	5
 111.5	3
 112.5	0
 113.5	0
 114.5	3
 115.5	2
 116.5	1
 117.5	2
 118.5	1
 119.5	2
 120.5	4
 121.5	7
 122.5	4
 123.5	1
 124.5	2
 125.5	2
 126.5	2
 127.5	5
 128.5	4
 129.5	2
 130.5	0
 131.5	6
 132.5	1
 133.5	2
 134.5	3.5
 135.5	3
 136.5	1
 137.5	2
 138.5	2
 139.5	1
 140.5	2
 141.5	3
 142.5	0
 143.5	5
 144.5	4
 145.5	3
 146.5	8
DB 2 MOTIF	ETV2_HUMAN.H11MO.0.B
-144.0	1
-143.0	1
-142.0	3
-141.0	1
-140.0	2
-139.0	4
-138.0	3
-137.0	2
-136.0	3
-135.0	0
-134.0	1
-133.0	1
-132.0	1
-131.0	3
-130.0	1
-129.0	1
-128.0	2
-127.0	0
-126.0	2
-125.0	0
-124.0	6
-123.0	0
-122.0	5
-121.0	2
-120.0	2
-119.0	0
-118.0	1
-117.0	1
-116.0	4
-115.0	2
-114.0	3
-113.0	1
-112.0	1
-111.0	1
-110.0	3
-109.0	1
-108.0	1
-107.0	5
-106.0	3
-105.0	3
-104.0	2
-103.0	2
-102.0	4
-101.0	1
-100.0	1
 -99.0	4
 -98.0	1
 -97.0	4
 -96.0	2
 -95.0	1
 -94.0	1
 -93.0	1
 -92.0	3
 -91.0	1
 -90.0	4
 -89.0	4
 -88.0	1
 -87.0	1
 -86.0	3
 -85.0	1
 -84.0	5
 -83.0	3
 -82.0	1
 -81.0	2
 -80.0	3
 -79.0	4
 -78.0	3
 -77.0	3
 -76.0	2
 -75.0	5
 -74.0	2
 -73.0	3
 -72.0	0
 -71.0	1
 -70.0	2
 -69.0	4
 -68.0	2
 -67.0	1
 -66.0	1
 -65.0	2
 -64.0	5
 -63.0	4
 -62.0	0
 -61.0	2
 -60.0	3
 -59.0	2
 -58.0	3
 -57.0	0
 -56.0	1
 -55.0	4
 -54.0	1
 -53.0	0
 -52.0	5
 -51.0	2
 -50.0	4
 -49.0	6
 -48.0	4
 -47.0	0
 -46.0	0
 -45.0	9
 -44.0	2
 -43.0	4
 -42.0	4
 -41.0	0
 -40.0	0
 -39.0	0
 -38.0	3
 -37.0	1
 -36.0	3
 -35.0	4
 -34.0	3
 -33.0	2
 -32.0	1
 -31.0	4
 -30.0	2
 -29.0	2
 -28.0	5
 -27.0	0
 -26.0	2
 -25.0	3
 -24.0	2
 -23.0	2
 -22.0	2
 -21.0	5
 -20.0	5
 -19.0	5
 -18.0	1
 -17.0	2
 -16.0	4
 -15.0	4
 -14.0	1
 -13.0	1
 -12.0	1
 -11.0	4
 -10.0	4
  -9.0	2
  -8.0	3
  -7.0	4
  -6.0	4
  -5.0	5
  -4.0	1
  -3.0	3
  -2.0	4
  -1.0	3
   0.0	2
   1.0	3
   2.0	7
   3.0	6
   4.0	2
   5.0	4
   6.0	1
   7.0	7
   8.0	2
   9.0	0
  10.0	8
  11.0	4
  12.0	2
  13.0	5
  14.0	6
  15.0	6
  16.0	4
  17.0	3
  18.0	5
  19.0	3
  20.0	6
  21.0	5
  22.0	4
  23.0	2
  24.0	0
  25.0	2
  26.0	3
  27.0	3
  28.0	3
  29.0	1
  30.0	2
  31.0	2
  32.0	1
  33.0	2
  34.0	2
  35.0	0
  36.0	4
  37.0	2
  38.0	3
  39.0	7
  40.0	7
  41.0	5
  42.0	2
  43.0	3
  44.0	1
  45.0	1
  46.0	1
  47.0	0
  48.0	4
  49.0	2
  50.0	6
  51.0	0
  52.0	0
  53.0	3
  54.0	1
  55.0	3
  56.0	3
  57.0	2
  58.0	5
  59.0	3
  60.0	7
  61.0	2
  62.0	1
  63.0	1
  64.0	5
  65.0	0
  66.0	3
  67.0	3
  68.0	0
  69.0	3
  70.0	2
  71.0	5
  72.0	4
  73.0	1
  74.0	4
  75.0	2
  76.0	3
  77.0	6
  78.0	1
  79.0	2
  80.0	1
  81.0	1
  82.0	1
  83.0	0
  84.0	3
  85.0	1
  86.0	3
  87.0	4
  88.0	6
  89.0	4
  90.0	3
  91.0	3
  92.0	3
  93.0	1
  94.0	2
  95.0	1
  96.0	4
  97.0	2
  98.0	2
  99.0	4
 100.0	6
 101.0	3
 102.0	4
 103.0	3
 104.0	3
 105.0	3
 106.0	5
 107.0	3
 108.0	1
 109.0	1
 110.0	3
 111.0	2
 112.0	0
 113.0	0
 114.0	4
 115.0	1
 116.0	3
 117.0	0
 118.0	2
 119.0	1
 120.0	1
 121.0	2
 122.0	7
 123.0	2
 124.0	0
 125.0	1
 126.0	0
 127.0	1
 128.0	6
 129.0	2
 130.0	1
 131.0	4
 132.0	8
 133.0	2
 134.0	1
 135.0	2
 136.0	2
 137.0	4
 138.0	2
 139.0	4
 140.0	3
 141.0	4
 142.0	0
 143.0	3
 144.0	3
DB 2 MOTIF	FEV_HUMAN.H11MO.0.B
-147.0	1
-146.0	4
-145.0	1
-144.0	7
-143.0	4
-142.0	3
-141.0	2
-140.0	8
-139.0	4
-138.0	4
-137.0	6
-136.0	1
-135.0	6
-134.0	3
-133.0	6.5
-132.0	10
-131.0	1
-130.0	3
-129.0	4
-128.0	1
-127.0	8
-126.0	3
-125.0	6
-124.0	2
-123.0	6
-122.0	4
-121.0	5
-120.0	3
-119.0	5
-118.0	2
-117.0	2
-116.0	0
-115.0	4
-114.0	2
-113.0	2
-112.0	2
-111.0	7
-110.0	2
-109.0	5
-108.0	5
-107.0	4
-106.0	5.5
-105.0	6
-104.0	5
-103.0	3
-102.0	6.5
-101.0	3
-100.0	2
 -99.0	3
 -98.0	3
 -97.0	1
 -96.0	4
 -95.0	6
 -94.0	2
 -93.0	5
 -92.0	1
 -91.0	1
 -90.0	4
 -89.0	5
 -88.0	3
 -87.0	4
 -86.0	6
 -85.0	5
 -84.0	4
 -83.0	3
 -82.0	6
 -81.0	3
 -80.0	7
 -79.0	6
 -78.0	5
 -77.0	9
 -76.0	1
 -75.0	4
 -74.0	7
 -73.0	7
 -72.0	8
 -71.0	6
 -70.0	3.5
 -69.0	1
 -68.0	3
 -67.0	4
 -66.0	3
 -65.0	5
 -64.0	5
 -63.0	3
 -62.0	2
 -61.0	2
 -60.0	2
 -59.0	4
 -58.0	2
 -57.0	0
 -56.0	4
 -55.0	9
 -54.0	2
 -53.0	5
 -52.0	2
 -51.0	5
 -50.0	7
 -49.0	3
 -48.0	4
 -47.0	3
 -46.0	5
 -45.0	6
 -44.0	4.5
 -43.0	3
 -42.0	7
 -41.0	2
 -40.0	4
 -39.0	3
 -38.0	5
 -37.0	5
 -36.0	9
 -35.0	7
 -34.0	4
 -33.0	4
 -32.0	5
 -31.0	5.5
 -30.0	7
 -29.0	4
 -28.0	5
 -27.0	5
 -26.0	4
 -25.0	8
 -24.0	1
 -23.0	5
 -22.0	6
 -21.0	4
 -20.0	8
 -19.0	7
 -18.0	8.5
 -17.0	6.5
 -16.0	7
 -15.0	2
 -14.0	7
 -13.0	3
 -12.0	7
 -11.0	4
 -10.0	7
  -9.0	4
  -8.0	3
  -7.0	10
  -6.0	9
  -5.0	2
  -4.0	9
  -3.0	5
  -2.0	3
  -1.0	4
   0.0	2
   1.0	3
   2.0	9
   3.0	5.5
   4.0	4
   5.0	1
   6.0	7
   7.0	4
   8.0	5
   9.0	8
  10.0	3
  11.0	3
  12.0	7
  13.0	5.5
  14.0	1
  15.0	6
  16.0	10
  17.0	3
  18.0	3
  19.0	4
  20.0	4
  21.0	6
  22.0	5.5
  23.0	2
  24.0	8
  25.0	5
  26.0	0
  27.0	6
  28.0	5
  29.0	3
  30.0	6
  31.0	3
  32.0	6
  33.0	4
  34.0	5
  35.0	5
  36.0	7.5
  37.0	7
  38.0	7
  39.0	5
  40.0	2
  41.0	5
  42.0	4.5
  43.0	1.5
  44.0	2.5
  45.0	3
  46.0	5
  47.0	3
  48.0	6
  49.0	5
  50.0	2
  51.0	4
  52.0	2
  53.0	2
  54.0	4
  55.0	2
  56.0	0
  57.0	8
  58.0	3
  59.0	3
  60.0	2.5
  61.0	2
  62.0	4.5
  63.0	5
  64.0	5
  65.0	6
  66.0	4.5
  67.0	2
  68.0	2
  69.0	2
  70.0	7
  71.0	5
  72.0	4
  73.0	7
  74.0	2
  75.0	2
  76.0	4.5
  77.0	5
  78.0	8
  79.0	2
  80.0	1
  81.0	3
  82.0	7
  83.0	6
  84.0	3
  85.0	1
  86.0	1
  87.0	2
  88.0	1
  89.0	6
  90.0	5
  91.0	2
  92.0	1
  93.0	5
  94.0	4
  95.0	1
  96.0	4
  97.0	5
  98.0	6
  99.0	4.5
 100.0	1
 101.0	5
 102.0	0
 103.0	4
 104.0	9
 105.0	3
 106.0	4
 107.0	4
 108.0	5
 109.0	4
 110.0	4
 111.0	3
 112.0	2
 113.0	0
 114.0	4
 115.0	5
 116.0	1
 117.0	5
 118.0	2
 119.0	2
 120.0	4
 121.0	7
 122.0	6.5
 123.0	3
 124.0	4
 125.0	3
 126.0	1.5
 127.0	4
 128.0	4
 129.0	3
 130.0	4
 131.0	5
 132.0	7
 133.0	2
 134.0	6
 135.0	8
 136.0	2
 137.0	1
 138.0	3
 139.0	5
 140.0	4
 141.0	3
 142.0	9
 143.0	4
 144.0	5
 145.0	5
 146.0	3
 147.0	9
DB 2 MOTIF	GABPA_HUMAN.H11MO.0.A
-145.0	8
-144.0	2
-143.0	1
-142.0	4
-141.0	2
-140.0	2
-139.0	3
-138.0	3
-137.0	1
-136.0	1
-135.0	1
-134.0	2
-133.0	0
-132.0	2
-131.0	3
-130.0	4
-129.0	0
-128.0	3
-127.0	1
-126.0	2
-125.0	1
-124.0	5
-123.0	1
-122.0	3
-121.0	3
-120.0	2
-119.0	1
-118.0	4
-117.0	3
-116.0	6
-115.0	1
-114.0	3
-113.0	4
-112.0	2
-111.0	0
-110.0	4
-109.0	1
-108.0	4
-107.0	2
-106.0	4
-105.0	4
-104.0	3
-103.0	2
-102.0	3
-101.0	3
-100.0	0
 -99.0	3
 -98.0	3.5
 -97.0	5
 -96.0	1
 -95.0	4
 -94.0	3
 -93.0	2
 -92.0	5
 -91.0	1
 -90.0	2
 -89.0	3
 -88.0	0
 -87.0	1
 -86.0	6
 -85.0	2
 -84.0	3
 -83.0	4
 -82.0	3
 -81.0	4
 -80.0	3
 -79.0	5
 -78.0	4
 -77.0	2
 -76.0	8
 -75.0	5
 -74.0	4
 -73.0	4
 -72.0	1.5
 -71.0	1
 -70.0	4
 -69.0	1
 -68.0	3
 -67.0	1
 -66.0	2
 -65.0	2
 -64.0	7
 -63.0	5
 -62.0	0
 -61.0	3
 -60.0	2
 -59.0	3
 -58.0	3
 -57.0	2
 -56.0	2
 -55.0	2
 -54.0	2
 -53.0	3
 -52.0	4
 -51.0	5
 -50.0	4
 -49.0	10
 -48.0	3
 -47.0	1
 -46.0	4
 -45.0	8
 -44.0	1
 -43.0	4
 -42.0	2
 -41.0	2
 -40.0	4
 -39.0	1
 -38.0	5
 -37.0	3
 -36.0	5
 -35.0	5
 -34.0	6
 -33.0	2.5
 -32.0	0
 -31.0	5
 -30.0	3
 -29.0	7
 -28.0	7
 -27.0	0
 -26.0	5
 -25.0	4
 -24.0	7
 -23.0	3
 -22.0	5
 -21.0	3
 -20.0	7
 -19.0	8
 -18.0	4
 -17.0	3
 -16.0	4
 -15.0	6
 -14.0	2
 -13.0	2
 -12.0	2
 -11.0	5
 -10.0	3
  -9.0	3
  -8.0	2
  -7.0	5
  -6.0	4
  -5.0	4
  -4.0	2
  -3.0	6
  -2.0	4
  -1.0	4
   0.0	1
   1.0	4
   2.0	8
   3.0	9
   4.0	3
   5.0	2
   6.0	5
   7.0	7
   8.0	1
   9.0	2
  10.0	8
  11.0	3
  12.0	3
  13.0	6
  14.0	6
  15.0	5
  16.0	5
  17.0	4
  18.0	5
  19.0	1
  20.0	7
  21.0	7
  22.0	5
  23.0	2
  24.0	1
  25.0	5
  26.0	4
  27.0	5
  28.0	4
  29.0	2
  30.0	5
  31.0	4
  32.0	3
  33.0	3
  34.0	4
  35.0	0
  36.0	4
  37.0	4
  38.0	3
  39.0	7
  40.0	6
  41.0	5
  42.0	2
  43.0	3
  44.0	3.5
  45.0	5
  46.0	1
  47.0	2
  48.0	2
  49.0	3
  50.0	4
  51.0	2
  52.0	3
  53.0	2
  54.0	9
  55.0	4
  56.0	2
  57.0	3
  58.0	5
  59.0	4
  60.0	6
  61.0	3
  62.0	1
  63.0	3
  64.0	8
  65.0	2
  66.0	5
  67.0	2
  68.0	1
  69.0	4
  70.0	2
  71.0	7
  72.0	4
  73.0	1
  74.0	7
  75.0	3
  76.0	2
  77.0	7
  78.0	2
  79.0	3
  80.0	1
  81.0	1
  82.0	3
  83.0	3
  84.0	2
  85.0	1
  86.0	2
  87.0	5
  88.0	6
  89.0	5
  90.0	3
  91.0	6
  92.0	1
  93.0	3
  94.0	1
  95.0	5
  96.0	3
  97.0	3
  98.0	0
  99.0	3
 100.0	3
 101.0	6
 102.0	4
 103.0	5
 104.0	3
 105.0	5
 106.0	3
 107.0	3
 108.0	3
 109.0	2
 110.0	3
 111.0	2
 112.0	1
 113.0	1
 114.0	1
 115.0	4
 116.0	1
 117.0	0
 118.0	2
 119.0	2
 120.0	6
 121.0	3
 122.0	5
 123.0	3
 124.0	2
 125.0	0
 126.0	2
 127.0	0
 128.0	4
 129.0	5
 130.0	2
 131.0	2
 132.0	6
 133.0	3
 134.0	1
 135.0	3
 136.0	1
 137.0	2
 138.0	3
 139.0	6
 140.0	4
 141.0	3
 142.0	2
 143.0	5
 144.0	2
 145.0	2
DB 2 MOTIF	MECP2_HUMAN.H11MO.0.C
-148.5	2.5
-147.5	2
-146.5	3
-145.5	5
-144.5	4.5
-143.5	1
-142.5	0.5
-141.5	0.5
-140.5	2.5
-139.5	4
-138.5	5.5
-137.5	5
-136.5	1.5
-135.5	4
-134.5	2
-133.5	2.5
-132.5	0.833333
-131.5	3.5
-130.5	2.125
-129.5	1
-128.5	2.5
-127.5	3.5
-126.5	1.5
-125.5	3.5
-124.5	6.125
-123.5	6
-122.5	2
-121.5	4
-120.5	3
-119.5	4
-118.5	1.45833
-117.5	1.5
-116.5	3.5
-115.5	4
-114.5	5.5
-113.5	4
-112.5	1.125
-111.5	2.5
-110.5	0
-109.5	2
-108.5	0.333333
-107.5	3
-106.5	3.125
-105.5	2.33333
-104.5	1
-103.5	4.5
-102.5	2
-101.5	3
-100.5	3.125
 -99.5	2
 -98.5	4
 -97.5	4
 -96.5	1
 -95.5	1.5
 -94.5	3.625
 -93.5	1.5
 -92.5	2.5
 -91.5	1.5
 -90.5	3.5
 -89.5	2.33333
 -88.5	2.95833
 -87.5	1
 -86.5	3.5
 -85.5	3
 -84.5	1.5
 -83.5	3.5
 -82.5	3
 -81.5	0
 -80.5	2.5
 -79.5	0.833333
 -78.5	5.33333
 -77.5	3
 -76.5	3.5
 -75.5	6
 -74.5	1
 -73.5	6.33333
 -72.5	4
 -71.5	2.5
 -70.5	2
 -69.5	4.83333
 -68.5	4.5
 -67.5	0
 -66.5	1.5
 -65.5	3
 -64.5	2
 -63.5	2.5
 -62.5	4
 -61.5	2
 -60.5	6.33333
 -59.5	2
 -58.5	0
 -57.5	2
 -56.5	1.83333
 -55.5	6.5
 -54.5	2.83333
 -53.5	5.5
 -52.5	7
 -51.5	2.5
 -50.5	1
 -49.5	2.5
 -48.5	1
 -47.5	3.5
 -46.5	5.5
 -45.5	3.5
 -44.5	5
 -43.5	8.83333
 -42.5	1.33333
 -41.5	6.83333
 -40.5	4.83333
 -39.5	2.5
 -38.5	4
 -37.5	3.75
 -36.5	3
 -35.5	4.5
 -34.5	2.5
 -33.5	5.5
 -32.5	10
 -31.5	3.5
 -30.5	3.5
 -29.5	2
 -28.5	3
 -27.5	6.5
 -26.5	3.5
 -25.5	1.5
 -24.5	5
 -23.5	2.5
 -22.5	2.5
 -21.5	8
 -20.5	3
 -19.5	9
 -18.5	3.33333
 -17.5	3.25
 -16.5	0.5
 -15.5	8
 -14.5	2
 -13.5	5.5
 -12.5	5.75
 -11.5	4
 -10.5	5
  -9.5	4.5
  -8.5	6
  -7.5	3.5
  -6.5	3.5
  -5.5	5
  -4.5	4.33333
  -3.5	1
  -2.5	7
  -1.5	1.33333
  -0.5	1.5
   0.5	1.5
   1.5	3.5
   2.5	6.5
   3.5	4.5
   4.5	5.5
   5.5	6
   6.5	5.83333
   7.5	2.33333
   8.5	5.5
   9.5	2
  10.5	6
  11.5	5
  12.5	6.5
  13.5	5
  14.5	4.25
  15.5	7
  16.5	3.5
  17.5	4.33333
  18.5	3.5
  19.5	5
  20.5	1
  21.5	4.25
  22.5	3.75
  23.5	6.5
  24.5	4
  25.5	3.5
  26.5	10.0833
  27.5	5.75
  28.5	6
  29.5	6.5
  30.5	4.5
  31.5	5.25
  32.5	1.5
  33.5	3
  34.5	3
  35.5	2.5
  36.5	5.5
  37.5	4.5
  38.5	1.5
  39.5	5
  40.5	3
  41.5	4
  42.5	2.5
  43.5	3
  44.5	3.5
  45.5	4.5
  46.5	6.5
  47.5	4.5
  48.5	3.25
  49.5	2.5
  50.5	3.5
  51.5	2.33333
  52.5	9.33333
  53.5	4
  54.5	4.5
  55.5	4
  56.5	6.75
  57.5	3.16667
  58.5	5.5
  59.5	2
  60.5	3.33333
  61.5	1.5
  62.5	4.5
  63.5	3.33333
  64.5	6.5
  65.5	0
  66.5	1.25
  67.5	1
  68.5	3
  69.5	4.75
  70.5	5.25
  71.5	4
  72.5	1.33333
  73.5	3.5
  74.5	6.5
  75.5	6.5
  76.5	0.5
  77.5	5.5
  78.5	4.5
  79.5	5
  80.5	2
  81.5	10
  82.5	3
  83.5	4
  84.5	4
  85.5	3.5
  86.5	5
  87.5	3
  88.5	1.75
  89.5	1.5
  90.5	2.5
  91.5	4.5
  92.5	1
  93.5	2.5
  94.5	1.33333
  95.5	5
  96.5	3
  97.5	1
  98.5	2
  99.5	2.25
 100.5	1.66667
 101.5	1
 102.5	5.5
 103.5	3
 104.5	7.83333
 105.5	5.5
 106.5	3
 107.5	1
 108.5	0
 109.5	3
 110.5	2
 111.5	0.5
 112.5	1.33333
 113.5	4
 114.5	3
 115.5	1
 116.5	3
 117.5	1.5
 118.5	2
 119.5	1.33333
 120.5	5
 121.5	1
 122.5	4
 123.5	2
 124.5	1.5
 125.5	5.5
 126.5	2.5
 127.5	4.83333
 128.5	5
 129.5	3
 130.5	3.5
 131.5	4
 132.5	2.33333
 133.5	1
 134.5	2.33333
 135.5	0
 136.5	1.5
 137.5	2
 138.5	4
 139.5	4.5
 140.5	4.83333
 141.5	7.5
 142.5	5.5
 143.5	3.33333
 144.5	3
 145.5	2
 146.5	1.5
 147.5	4.5
 148.5	3
DB 2 MOTIF	SPDEF_HUMAN.H11MO.0.D
-145.0	2
-144.0	3
-143.0	2
-142.0	2
-141.0	3
-140.0	3
-139.0	2
-138.0	3
-137.0	0
-136.0	2
-135.0	2
-134.0	3
-133.0	1
-132.0	2
-131.0	4
-130.0	2
-129.0	5
-128.0	1
-127.0	1
-126.0	2
-125.0	3
-124.0	2
-123.0	6
-122.0	5
-121.0	3
-120.0	2
-119.0	3
-118.0	3
-117.0	5
-116.0	1
-115.0	3
-114.0	2
-113.0	5
-112.0	2
-111.0	7
-110.0	2
-109.0	0
-108.0	2
-107.0	1
-106.0	2
-105.0	2
-104.0	2
-103.0	1
-102.0	3
-101.0	2
-100.0	3
 -99.0	2
 -98.0	3
 -97.0	1
 -96.0	2
 -95.0	5
 -94.0	1
 -93.0	2
 -92.0	2
 -91.0	3
 -90.0	0
 -89.0	4
 -88.0	2
 -87.0	1
 -86.0	2
 -85.0	2
 -84.0	0
 -83.0	1
 -82.0	2
 -81.0	0
 -80.0	6
 -79.0	3
 -78.0	3
 -77.0	2
 -76.0	1
 -75.0	4
 -74.0	2
 -73.0	2
 -72.0	2
 -71.0	6
 -70.0	3
 -69.0	3
 -68.0	1
 -67.0	3
 -66.0	2
 -65.0	2
 -64.0	4
 -63.0	3
 -62.0	3
 -61.0	1
 -60.0	2
 -59.0	3
 -58.0	1
 -57.0	2
 -56.0	1
 -55.0	1
 -54.0	4
 -53.0	2
 -52.0	2
 -51.0	4
 -50.0	5
 -49.0	2
 -48.0	3
 -47.0	3
 -46.0	3
 -45.0	2
 -44.0	4
 -43.0	3
 -42.0	3
 -41.0	2
 -40.0	3
 -39.0	4
 -38.0	2
 -37.0	5
 -36.0	5
 -35.0	2
 -34.0	3
 -33.0	4
 -32.0	1
 -31.0	4
 -30.0	5
 -29.0	2
 -28.0	3
 -27.0	2
 -26.0	2
 -25.0	2
 -24.0	1
 -23.0	2
 -22.0	6
 -21.0	4
 -20.0	2
 -19.0	4
 -18.0	9
 -17.0	4
 -16.0	4
 -15.0	1
 -14.0	4
 -13.0	1
 -12.0	3
 -11.0	1
 -10.0	3
  -9.0	7
  -8.0	3
  -7.0	5
  -6.0	2
  -5.0	0
  -4.0	2
  -3.0	1
  -2.0	6
  -1.0	1
   0.0	1
   1.0	4
   2.0	5
   3.0	3
   4.0	3
   5.0	6
   6.0	4
   7.0	4
   8.0	1
   9.0	4
  10.0	5
  11.0	5
  12.0	8
  13.0	3
  14.0	3
  15.0	4
  16.0	8
  17.0	3
  18.0	0
  19.0	6
  20.0	4
  21.0	6
  22.0	3
  23.0	4
  24.0	0
  25.0	2
  26.0	3
  27.0	1
  28.0	2
  29.0	3
  30.0	1
  31.0	2
  32.0	3
  33.0	2
  34.0	4
  35.0	1
  36.0	4
  37.0	5
  38.0	2
  39.0	2
  40.0	6
  41.0	3
  42.0	3
  43.0	0
  44.0	0
  45.0	0
  46.0	2
  47.0	1
  48.0	1
  49.0	5
  50.0	3
  51.0	1
  52.0	1
  53.0	2
  54.0	2
  55.0	3
  56.0	2
  57.0	8
  58.0	2
  59.0	2
  60.0	3
  61.0	5
  62.0	2
  63.0	5
  64.0	5
  65.0	2
  66.0	1
  67.0	0
  68.0	1
  69.0	1
  70.0	2
  71.0	1
  72.0	1
  73.0	1
  74.0	1
  75.0	2
  76.0	5
  77.0	5
  78.0	5
  79.0	1
  80.0	5
  81.0	2
  82.0	2
  83.0	2
  84.0	1
  85.0	5
  86.0	3
  87.0	3
  88.0	4
  89.0	5
  90.0	2
  91.0	0
  92.0	1
  93.0	1
  94.0	0
  95.0	1
  96.0	1
  97.0	4
  98.0	4
  99.0	0
 100.0	2
 101.0	8
 102.0	5
 103.0	4
 104.0	6
 105.0	2
 106.0	2
 107.0	6
 108.0	6
 109.0	3
 110.0	1
 111.0	2
 112.0	3
 113.0	1
 114.0	2
 115.0	5
 116.0	1
 117.0	1
 118.0	1
 119.0	3
 120.0	2
 121.0	6
 122.0	4
 123.0	3
 124.0	0
 125.0	3
 126.0	1
 127.0	4
 128.0	3
 129.0	1
 130.0	6
 131.0	1
 132.0	2
 133.0	2
 134.0	2
 135.0	6
 136.0	1
 137.0	2
 138.0	1
 139.0	3
 140.0	4
 141.0	4
 142.0	1
 143.0	4
 144.0	1
 145.0	4
DB 2 MOTIF	USF2_HUMAN.H11MO.0.A
-142.5	2
-141.5	0
-140.5	1
-139.5	2
-138.5	0
-137.5	0
-136.5	1
-135.5	0
-134.5	2
-133.5	0
-132.5	0
-131.5	0
-130.5	1
-129.5	0
-128.5	0
-127.5	2
-126.5	0
-125.5	3
-124.5	0
-123.5	2
-122.5	1
-121.5	1
-120.5	1
-119.5	1
-118.5	0
-117.5	1
-116.5	0
-115.5	0
-114.5	0
-113.5	1
-112.5	0
-111.5	1
-110.5	0
-109.5	1
-108.5	0
-107.5	0
-106.5	2
-105.5	1
-104.5	0
-103.5	1
-102.5	1
-101.5	1
-100.5	0
 -99.5	1
 -98.5	0
 -97.5	0
 -96.5	1
 -95.5	2
 -94.5	1
 -93.5	1
 -92.5	1
 -91.5	0
 -90.5	0
 -89.5	2
 -88.5	2
 -87.5	1
 -86.5	2
 -85.5	0
 -84.5	0
 -83.5	0
 -82.5	1
 -81.5	1
 -80.5	0
 -79.5	2
 -78.5	0
 -77.5	1
 -76.5	1
 -75.5	2
 -74.5	0
 -73.5	0
 -72.5	2
 -71.5	0
 -70.5	1
 -69.5	0
 -68.5	2
 -67.5	1
 -66.5	2
 -65.5	0
 -64.5	0
 -63.5	0
 -62.5	0
 -61.5	2
 -60.5	0
 -59.5	1
 -58.5	0
 -57.5	2
 -56.5	1
 -55.5	0
 -54.5	0
 -53.5	1
 -52.5	3
 -51.5	0
 -50.5	0
 -49.5	2
 -48.5	1
 -47.5	1
 -46.5	2
 -45.5	0
 -44.5	3
 -43.5	1
 -42.5	3
 -41.5	0
 -40.5	2
 -39.5	1
 -38.5	3
 -37.5	1
 -36.5	0
 -35.5	0
 -34.5	1
 -33.5	1
 -32.5	0
 -31.5	1
 -30.5	1
 -29.5	0
 -28.5	0
 -27.5	1
 -26.5	1
 -25.5	1
 -24.5	1
 -23.5	3
 -22.5	4
 -21.5	2
 -20.5	2
 -19.5	1
 -18.5	0
 -17.5	1
 -16.5	2
 -15.5	0
 -14.5	1
 -13.5	2
 -12.5	1
 -11.5	0
 -10.5	1
  -9.5	0
  -8.5	1
  -7.5	0
  -6.5	2
  -5.5	0
  -4.5	0
  -3.5	0
  -2.5	3
  -1.5	3
  -0.5	2
   0.5	1
   1.5	1
   2.5	3
   3.5	4
   4.5	1
   5.5	0
   6.5	6
   7.5	2
   8.5	1
   9.5	1
  10.5	1
  11.5	4
  12.5	1
  13.5	1
  14.5	0
  15.5	1
  16.5	2
  17.5	0
  18.5	1
  19.5	2
  20.5	0
  21.5	1
  22.5	1
  23.5	2
  24.5	0
  25.5	1
  26.5	0
  27.5	3
  28.5	0
  29.5	0
  30.5	0
  31.5	2
  32.5	1
  33.5	0
  34.5	1
  35.5	0
  36.5	2
  37.5	0
  38.5	1
  39.5	3.5
  40.5	2
  41.5	1
  42.5	0
  43.5	3
  44.5	2.5
  45.5	0
  46.5	2
  47.5	0
  48.5	0
  49.5	0
  50.5	0
  51.5	1
  52.5	0
  53.5	0
  54.5	0
  55.5	0
  56.5	1
  57.5	2
  58.5	2
  59.5	1
  60.5	0
  61.5	0
  62.5	1
  63.5	2
  64.5	2
  65.5	1
  66.5	1
  67.5	2
  68.5	0
  69.5	1
  70.5	0
  71.5	4
  72.5	2
  73.5	0
  74.5	0
  75.5	0
  76.5	1
  77.5	0
  78.5	2
  79.5	1
  80.5	1
  81.5	1
  82.5	0
  83.5	1
  84.5	2
  85.5	0
  86.5	0
  87.5	1
  88.5	1
  89.5	0
  90.5	1
  91.5	0
  92.5	1
  93.5	1
  94.5	1
  95.5	1
  96.5	0
  97.5	2
  98.5	0
  99.5	0
 100.5	0
 101.5	1
 102.5	1
 103.5	0.5
 104.5	0
 105.5	2
 106.5	1
 107.5	0
 108.5	0.5
 109.5	1
 110.5	0
 111.5	0
 112.5	0
 113.5	3
 114.5	0
 115.5	0
 116.5	0
 117.5	1
 118.5	2
 119.5	1
 120.5	1
 121.5	0
 122.5	2
 123.5	1
 124.5	1
 125.5	0
 126.5	1
 127.5	0
 128.5	2
 129.5	1
 130.5	0
 131.5	0
 132.5	2
 133.5	1
 134.5	0
 135.5	1
 136.5	0
 137.5	1
 138.5	0
 139.5	1
 140.5	1
 141.5	0
 142.5	1
