********************************************************************************
STREME - Sensitive, Thorough, Rapid, Enriched Motif Elicitation
********************************************************************************
MEME version 5.5.3 (Release date: Sat Jun 10 16:19:38 2023 -0700)

For further information on how to interpret these results please access http://localhost:8080/meme_5.5.3.
To get a copy of the MEME Suite software please access https://meme-suite.org.

********************************************************************************


********************************************************************************
REFERENCE
********************************************************************************
If you use this program in your research, please cite:

Timothy L. Bailey,
"STREME: accurate and versatile sequence motif discovery",
Bioinformatics, Mar. 24, 2021.
********************************************************************************


ALPHABET= ACGT

strands: + -

Background letter frequencies
A 0.212 C 0.288 G 0.288 T 0.212 

MOTIF 1-GKCACGTGMC STREME-1
letter-probability matrix: alength= 4 w= 10 nsites= 5729 E= 1.5e-078
 0.190510 0.200880 0.475153 0.133457
 0.087026 0.094692 0.394412 0.423870
 0.011313 0.988663 0.000014 0.000010
 0.982344 0.000014 0.008274 0.009367
 0.000010 0.966100 0.009853 0.024037
 0.024037 0.009853 0.966100 0.000010
 0.009367 0.008274 0.000014 0.982344
 0.000010 0.000014 0.988663 0.011313
 0.423870 0.394412 0.094692 0.087026
 0.133457 0.475153 0.200880 0.190510

MOTIF 2-AGTAAAYAW STREME-2
letter-probability matrix: alength= 4 w= 9 nsites= 3300 E= 2.1e-028
 0.666669 0.000033 0.159517 0.173782
 0.240995 0.007492 0.745477 0.006036
 0.000024 0.278545 0.000033 0.721398
 0.916234 0.074200 0.000033 0.009533
 0.999910 0.000033 0.000033 0.000024
 0.988491 0.008281 0.003204 0.000024
 0.000024 0.596943 0.002468 0.400565
 0.992101 0.000033 0.007147 0.000719
 0.336304 0.137747 0.143290 0.382660

MOTIF 3-CCASCAGRKGGCR STREME-3
letter-probability matrix: alength= 4 w= 13 nsites= 1429 E= 2.5e-028
 0.065962 0.866905 0.026400 0.040733
 0.001998 0.994675 0.003302 0.000025
 0.742073 0.015103 0.183105 0.059719
 0.000025 0.614762 0.376680 0.008533
 0.063567 0.602359 0.067292 0.266783
 0.981858 0.002485 0.004673 0.010984
 0.002476 0.000034 0.993381 0.004110
 0.388645 0.000034 0.608845 0.002476
 0.030282 0.019255 0.626121 0.324341
 0.007378 0.000851 0.990252 0.001520
 0.013435 0.008281 0.942818 0.035467
 0.064100 0.906247 0.000034 0.029620
 0.402205 0.002273 0.578047 0.017476

MOTIF 4-GRTGASTCAYC STREME-4
letter-probability matrix: alength= 4 w= 11 nsites= 1630 E= 1.1e-021
 0.181646 0.153779 0.523064 0.141511
 0.370220 0.191837 0.412752 0.025191
 0.000042 0.000057 0.000057 0.999844
 0.007797 0.000057 0.967033 0.025112
 0.999844 0.000057 0.000057 0.000042
 0.034360 0.465640 0.465640 0.034360
 0.000042 0.000057 0.000057 0.999844
 0.025112 0.967033 0.000057 0.007797
 0.999844 0.000057 0.000057 0.000042
 0.025191 0.412752 0.191837 0.370220
 0.141511 0.523064 0.153779 0.181646

MOTIF 5-CCCCGCCCCC STREME-5
letter-probability matrix: alength= 4 w= 10 nsites= 2611 E= 9.6e-021
 0.000034 0.999885 0.000047 0.000034
 0.000034 0.999885 0.000047 0.000034
 0.019398 0.980521 0.000047 0.000034
 0.000034 0.999885 0.000047 0.000034
 0.173741 0.000047 0.731356 0.094857
 0.000034 0.999885 0.000047 0.000034
 0.000034 0.999885 0.000047 0.000034
 0.000034 0.940854 0.000047 0.059065
 0.082338 0.841911 0.000047 0.075704
 0.060589 0.569648 0.184999 0.184763

MOTIF 6-CMAAGGTCA STREME-6
letter-probability matrix: alength= 4 w= 9 nsites= 2647 E= 1.1e-014
 0.039639 0.723080 0.019693 0.217588
 0.549727 0.410677 0.016595 0.023001
 0.919047 0.000049 0.063643 0.017261
 0.957287 0.005540 0.037136 0.000036
 0.003403 0.000049 0.996512 0.000036
 0.043627 0.000049 0.711638 0.244686
 0.050964 0.193198 0.056942 0.698896
 0.021304 0.934511 0.000049 0.044136
 0.925260 0.007694 0.040585 0.026461

MOTIF 7-RCCTCAGCCTCC STREME-7
letter-probability matrix: alength= 4 w= 12 nsites= 542 E= 1.1e-011
 0.361217 0.000120 0.638574 0.000089
 0.034852 0.949311 0.000120 0.015717
 0.000089 0.919723 0.019262 0.060927
 0.000089 0.000120 0.016568 0.983223
 0.000089 0.934810 0.000120 0.064981
 0.658053 0.000120 0.314490 0.027337
 0.046310 0.000120 0.953481 0.000089
 0.005882 0.902810 0.000120 0.091187
 0.011676 0.776998 0.000120 0.211206
 0.060727 0.000120 0.025831 0.913322
 0.000089 0.963750 0.000120 0.036041
 0.000089 0.898108 0.041387 0.060417

MOTIF 8-CCAGCCTGGGCAACA STREME-8
letter-probability matrix: alength= 4 w= 15 nsites= 393 E= 2.4e-011
 0.023279 0.917334 0.021615 0.037773
 0.017481 0.909840 0.003019 0.069659
 0.996772 0.000121 0.003019 0.000089
 0.020380 0.003019 0.938828 0.037773
 0.011684 0.959120 0.000121 0.029076
 0.008785 0.938828 0.005918 0.046469
 0.008785 0.034906 0.032007 0.924302
 0.046469 0.003019 0.947524 0.002987
 0.074964 0.003019 0.921928 0.000089
 0.049368 0.236124 0.679635 0.034874
 0.029076 0.677939 0.011716 0.281269
 0.653514 0.011716 0.323087 0.011684
 0.979379 0.000121 0.020412 0.000089
 0.008785 0.912739 0.029108 0.049368
 0.941695 0.008817 0.046501 0.002987

MOTIF 9-GTARTCCCAGCWMYT STREME-9
letter-probability matrix: alength= 4 w= 15 nsites= 453 E= 1.5e-009
 0.096450 0.009059 0.885457 0.009034
 0.002310 0.031473 0.009059 0.957158
 0.905605 0.013542 0.071819 0.009034
 0.609737 0.004576 0.369929 0.015758
 0.009034 0.018025 0.004576 0.968365
 0.020241 0.916837 0.009059 0.053863
 0.022483 0.894423 0.004576 0.078518
 0.002310 0.941493 0.000093 0.056104
 0.979572 0.002335 0.018025 0.000069
 0.044897 0.015783 0.939251 0.000069
 0.018000 0.943734 0.004576 0.033690
 0.419215 0.020266 0.015783 0.544735
 0.531287 0.419240 0.035956 0.013517
 0.011276 0.549243 0.015783 0.423698
 0.006793 0.040439 0.009059 0.943709

MOTIF 10-GTAGAGACRGGGTTT STREME-10
letter-probability matrix: alength= 4 w= 15 nsites= 256 E= 3.0e-008
 0.044355 0.013450 0.893419 0.048777
 0.022245 0.013450 0.013450 0.950856
 0.933168 0.013450 0.035560 0.017823
 0.044355 0.048825 0.888997 0.017823
 0.968543 0.004606 0.009028 0.017823
 0.035511 0.022294 0.928795 0.013401
 0.959699 0.004606 0.017872 0.017823
 0.035511 0.703275 0.031138 0.230077
 0.499816 0.022294 0.455645 0.022245
 0.079730 0.013450 0.893419 0.013401
 0.048777 0.013450 0.897841 0.039933
 0.088574 0.022294 0.862465 0.026667
 0.031089 0.044403 0.031138 0.893370
 0.013401 0.221282 0.013450 0.751868
 0.004557 0.026716 0.022294 0.946434

MOTIF 11-CTCARGTGATCCTCC STREME-11
letter-probability matrix: alength= 4 w= 15 nsites= 298 E= 4.4e-007
 0.014627 0.814549 0.007409 0.163415
 0.000111 0.000151 0.000151 0.999587
 0.003740 0.995998 0.000151 0.000111
 0.992329 0.007409 0.000151 0.000111
 0.624296 0.000151 0.360926 0.014627
 0.076320 0.018296 0.872613 0.032772
 0.000111 0.323130 0.007409 0.669350
 0.159786 0.000151 0.839952 0.000111
 0.992329 0.000151 0.007409 0.000111
 0.000111 0.019802 0.000151 0.979936
 0.000111 0.810920 0.018296 0.170673
 0.003740 0.818178 0.021925 0.156157
 0.221479 0.003780 0.154074 0.620667
 0.000111 0.945193 0.000151 0.054546
 0.007369 0.890758 0.014667 0.087207

MOTIF 12-GCGCVTGCGCR STREME-12
letter-probability matrix: alength= 4 w= 11 nsites= 540 E= 7.1e-007
 0.000101 0.000138 0.991388 0.008373
 0.000101 0.999660 0.000138 0.000101
 0.000101 0.000138 0.999660 0.000101
 0.003410 0.996351 0.000138 0.000101
 0.256350 0.317798 0.383164 0.042688
 0.000101 0.000138 0.000138 0.999624
 0.000101 0.000138 0.999660 0.000101
 0.000101 0.999660 0.000138 0.000101
 0.000101 0.049552 0.950245 0.000101
 0.003410 0.898056 0.000138 0.098396
 0.588114 0.100349 0.311436 0.000101

MOTIF 13-RTTRYRYAAY STREME-13
letter-probability matrix: alength= 4 w= 10 nsites= 1577 E= 2.6e-006
 0.499409 0.094454 0.406093 0.000045
 0.000045 0.000061 0.000061 0.999834
 0.000045 0.000061 0.098785 0.901110
 0.404300 0.000061 0.474135 0.121504
 0.121520 0.493815 0.073433 0.311232
 0.311232 0.073433 0.493815 0.121520
 0.121504 0.474135 0.000061 0.404300
 0.901110 0.098785 0.000061 0.000045
 0.999834 0.000061 0.000061 0.000045
 0.000045 0.406093 0.094454 0.499409

MOTIF 14-AGATCAAAGRC STREME-14
letter-probability matrix: alength= 4 w= 11 nsites= 1082 E= 1.4e-005
 0.873635 0.007234 0.092275 0.026856
 0.018617 0.249605 0.716433 0.015345
 0.762593 0.000050 0.029525 0.207833
 0.094939 0.032065 0.011257 0.861739
 0.052853 0.827704 0.114089 0.005354
 0.967458 0.008188 0.022889 0.001465
 0.980518 0.001927 0.011301 0.006254
 0.901695 0.006533 0.058895 0.032876
 0.015250 0.020547 0.933185 0.031018
 0.242039 0.153796 0.436008 0.168156
 0.221120 0.447692 0.175613 0.155575

MOTIF 15-CGGTGGCTCAYGCCT STREME-15
letter-probability matrix: alength= 4 w= 15 nsites= 248 E= 1.5e-005
 0.030952 0.691374 0.008988 0.268686
 0.317114 0.013391 0.651751 0.017745
 0.035354 0.000183 0.951120 0.013342
 0.008940 0.017793 0.013391 0.959877
 0.022147 0.000183 0.959925 0.017745
 0.000135 0.000183 0.999548 0.000135
 0.000135 0.973133 0.000183 0.026549
 0.066172 0.004586 0.017793 0.911450
 0.000135 0.986340 0.000183 0.013342
 0.915852 0.026598 0.048610 0.008940
 0.013342 0.607726 0.008988 0.369944
 0.149819 0.004586 0.841058 0.004537
 0.000135 0.933510 0.008988 0.057367
 0.004537 0.955523 0.004586 0.035354
 0.000135 0.008988 0.004586 0.986292

MOTIF 16-AGACAGAGTCTCRCT STREME-16
letter-probability matrix: alength= 4 w= 15 nsites= 220 E= 2.5e-005
 0.954784 0.000206 0.015090 0.029920
 0.000152 0.010129 0.989568 0.000152
 0.915093 0.015090 0.049820 0.019997
 0.015036 0.761347 0.034936 0.188682
 0.729466 0.000206 0.270176 0.000152
 0.129146 0.029974 0.810960 0.029920
 0.622375 0.039897 0.297885 0.039842
 0.119223 0.000206 0.850651 0.029920
 0.005113 0.020052 0.005168 0.969668
 0.015036 0.820883 0.025013 0.139069
 0.000152 0.032033 0.020052 0.947764
 0.005113 0.706773 0.054781 0.233334
 0.428884 0.034936 0.466570 0.069610
 0.010074 0.870496 0.034936 0.084494
 0.015036 0.059742 0.025013 0.900209

MOTIF 17-CAGTGGYGCRATC STREME-17
letter-probability matrix: alength= 4 w= 13 nsites= 289 E= 3.2e-005
 0.004164 0.951104 0.024408 0.020324
 0.975300 0.000168 0.016328 0.008204
 0.103863 0.004208 0.891805 0.000123
 0.000123 0.028448 0.000168 0.971260
 0.024364 0.000168 0.947065 0.028403
 0.150382 0.008248 0.825087 0.016284
 0.008204 0.563785 0.000168 0.427844
 0.314559 0.004208 0.677070 0.004164
 0.038160 0.682785 0.000168 0.278887
 0.471596 0.071588 0.456693 0.000123
 0.987420 0.000168 0.000168 0.012244
 0.000123 0.044609 0.000168 0.955100
 0.000123 0.951104 0.008248 0.040524

MOTIF 18-AGGGAGGGAGRGA STREME-18
letter-probability matrix: alength= 4 w= 13 nsites= 2130 E= 4.1e-004
 0.582442 0.156495 0.184384 0.076680
 0.000019 0.000026 0.999935 0.000019
 0.206177 0.033020 0.760784 0.000019
 0.183179 0.003011 0.798347 0.015464
 0.966066 0.014513 0.000026 0.019394
 0.195809 0.005828 0.797442 0.000921
 0.159639 0.036551 0.803791 0.000019
 0.205729 0.059115 0.720065 0.015091
 0.726603 0.154165 0.099917 0.019315
 0.208439 0.060874 0.700904 0.029783
 0.328375 0.155107 0.502097 0.014421
 0.273848 0.040472 0.672127 0.013553
 0.642373 0.076435 0.271263 0.009929

MOTIF 19-CACACACACACACAC STREME-19
letter-probability matrix: alength= 4 w= 15 nsites= 453 E= 4.2e-004
 0.000122 0.977406 0.000166 0.022306
 0.932336 0.000166 0.067377 0.000122
 0.011272 0.972479 0.000166 0.016083
 0.977438 0.001244 0.007037 0.014281
 0.000122 0.815487 0.039346 0.145045
 0.639186 0.000166 0.309258 0.051391
 0.000122 0.999590 0.000166 0.000122
 0.956489 0.012228 0.031161 0.000122
 0.034915 0.803769 0.077783 0.083533
 0.720532 0.000166 0.233799 0.045502
 0.021730 0.910335 0.001822 0.066113
 0.969264 0.000166 0.030448 0.000122
 0.000122 0.993925 0.000166 0.005787
 0.872205 0.008944 0.091869 0.026982
 0.000122 0.891040 0.003698 0.105140

MOTIF 20-RAAACGTGM STREME-20
letter-probability matrix: alength= 4 w= 9 nsites= 956 E= 4.6e-004
 0.270996 0.129090 0.503700 0.096214
 0.697915 0.033035 0.268899 0.000151
 0.999437 0.000206 0.000206 0.000151
 0.999437 0.000206 0.000206 0.000151
 0.000151 0.999492 0.000206 0.000151
 0.048193 0.000206 0.951450 0.000151
 0.000151 0.000206 0.000206 0.999437
 0.000151 0.000206 0.999492 0.000151
 0.561345 0.376688 0.000206 0.061761

MOTIF 21-AGGYTGCAGTGAGCY STREME-21
letter-probability matrix: alength= 4 w= 15 nsites= 236 E= 4.8e-004
 0.994867 0.000192 0.004801 0.000141
 0.027794 0.000192 0.962656 0.009359
 0.041620 0.025148 0.933090 0.000141
 0.000141 0.575513 0.009409 0.414937
 0.004750 0.000192 0.000192 0.994867
 0.094230 0.000192 0.905437 0.000141
 0.000141 0.944221 0.004801 0.050838
 0.967214 0.009409 0.023236 0.000141
 0.041620 0.009409 0.948829 0.000141
 0.000141 0.009409 0.009409 0.981040
 0.050838 0.018627 0.930394 0.000141
 0.994867 0.000192 0.004801 0.000141
 0.046229 0.015931 0.933090 0.004750
 0.004750 0.935003 0.014018 0.046229
 0.009359 0.435335 0.014018 0.541288

MOTIF 22-ACTACAWYTCCCA STREME-22
letter-probability matrix: alength= 4 w= 13 nsites= 243 E= 5.9e-004
 0.981004 0.000192 0.018663 0.000141
 0.009376 0.990290 0.000192 0.000141
 0.000141 0.037133 0.004810 0.957916
 0.930210 0.037133 0.027898 0.004759
 0.000141 0.990290 0.004810 0.004759
 0.847092 0.027898 0.111016 0.013994
 0.463825 0.069457 0.078692 0.388026
 0.069406 0.311492 0.138722 0.480379
 0.038999 0.087928 0.004810 0.868264
 0.000141 0.990290 0.000192 0.009376
 0.000141 0.990290 0.009427 0.000141
 0.013994 0.981055 0.000192 0.004759
 0.828621 0.000192 0.171046 0.000141

MOTIF 23-AAAATTAGCYRGG STREME-23
letter-probability matrix: alength= 4 w= 13 nsites= 223 E= 1.1e-003
 0.947322 0.004937 0.009677 0.038064
 0.994721 0.004937 0.000197 0.000145
 0.966281 0.019157 0.004937 0.009625
 0.923622 0.009677 0.038116 0.028584
 0.028584 0.023897 0.004937 0.942582
 0.014365 0.033377 0.021124 0.931135
 0.994721 0.000197 0.000197 0.004885
 0.038064 0.023897 0.926447 0.011592
 0.028584 0.961594 0.004937 0.004885
 0.004885 0.580434 0.004937 0.409745
 0.468590 0.000197 0.507368 0.023844
 0.047544 0.000197 0.937894 0.014365
 0.042804 0.023897 0.869568 0.063731

MOTIF 24-GACTTTGKACYYW STREME-24
letter-probability matrix: alength= 4 w= 13 nsites= 314 E= 2.1e-003
 0.168522 0.073329 0.616751 0.141398
 0.999651 0.000128 0.000128 0.000094
 0.043099 0.929555 0.027252 0.000094
 0.000094 0.097904 0.000128 0.901874
 0.072021 0.068983 0.012415 0.846581
 0.056662 0.021631 0.024702 0.897006
 0.012381 0.000128 0.981254 0.006238
 0.138326 0.073329 0.483387 0.304957
 0.852203 0.144503 0.000128 0.003166
 0.156235 0.731683 0.006271 0.105811
 0.197443 0.332638 0.003200 0.466720
 0.096595 0.304991 0.094310 0.504104
 0.309304 0.093557 0.094832 0.502307

MOTIF 25-RAACAAAG STREME-25
letter-probability matrix: alength= 4 w= 8 nsites= 1475 E= 2.1e-003
 0.615726 0.000270 0.383806 0.000198
 0.999262 0.000270 0.000270 0.000198
 0.767346 0.000270 0.232186 0.000198
 0.000198 0.781881 0.000270 0.217651
 0.999262 0.000270 0.000270 0.000198
 0.999262 0.000270 0.000270 0.000198
 0.999262 0.000270 0.000270 0.000198
 0.000198 0.326034 0.673569 0.000198

MOTIF 26-AAGATGGCGGCS STREME-26
letter-probability matrix: alength= 4 w= 12 nsites= 259 E= 3.5e-003
 0.919404 0.008686 0.059016 0.012894
 0.912661 0.029958 0.004431 0.052950
 0.105122 0.206552 0.683941 0.004385
 0.999516 0.000177 0.000177 0.000130
 0.000130 0.008686 0.000177 0.991007
 0.000130 0.021449 0.978291 0.000130
 0.000130 0.000177 0.995309 0.004385
 0.000130 0.999563 0.000177 0.000130
 0.002715 0.018960 0.910123 0.068202
 0.153291 0.142340 0.649292 0.055077
 0.110747 0.742746 0.053501 0.093006
 0.117271 0.313957 0.428606 0.140166

MOTIF 27-AAATACAAA STREME-27
letter-probability matrix: alength= 4 w= 9 nsites= 341 E= 6.9e-003
 0.907773 0.030824 0.015617 0.045786
 0.985046 0.002120 0.008158 0.004677
 0.844108 0.116667 0.030927 0.008298
 0.000319 0.000434 0.119905 0.879343
 0.952910 0.004174 0.042597 0.000319
 0.000319 0.904822 0.064153 0.030707
 0.965853 0.013495 0.006068 0.014584
 0.815247 0.064556 0.100229 0.019968
 0.973303 0.004751 0.006920 0.015025

MOTIF 28-GCAGGTGAC STREME-28
letter-probability matrix: alength= 4 w= 9 nsites= 520 E= 1.3e-002
 0.000268 0.012002 0.695397 0.292334
 0.022730 0.882035 0.053601 0.041635
 0.968424 0.025070 0.006239 0.000268
 0.018238 0.009118 0.810173 0.162471
 0.010106 0.000364 0.987134 0.002396
 0.000268 0.035610 0.000364 0.963759
 0.006842 0.025866 0.963741 0.003551
 0.999004 0.000364 0.000364 0.000268
 0.000268 0.996507 0.000364 0.002861

MOTIF 29-CACTTCCGG STREME-29
letter-probability matrix: alength= 4 w= 9 nsites= 698 E= 1.7e-002
 0.087864 0.717233 0.080453 0.114449
 0.824197 0.000195 0.175465 0.000143
 0.000143 0.999519 0.000195 0.000143
 0.036627 0.000195 0.000195 0.962983
 0.000143 0.000195 0.000195 0.999467
 0.000143 0.999519 0.000195 0.000143
 0.000143 0.999519 0.000195 0.000143
 0.000143 0.000195 0.999519 0.000143
 0.000143 0.111964 0.855761 0.032131

MOTIF 30-AAARAAAAAAAA STREME-30
letter-probability matrix: alength= 4 w= 12 nsites= 427 E= 1.8e-002
 0.985434 0.000218 0.000218 0.014131
 0.988926 0.000218 0.000218 0.010639
 0.999404 0.000218 0.000218 0.000160
 0.415558 0.164874 0.353366 0.066202
 0.994165 0.000218 0.000218 0.005399
 0.997230 0.002392 0.000218 0.000160
 0.955309 0.000218 0.009009 0.035464
 0.973208 0.000218 0.021175 0.005399
 0.783805 0.153650 0.019982 0.042562
 0.814917 0.079262 0.034582 0.071239
 0.989770 0.005457 0.004614 0.000160
 0.999404 0.000218 0.000218 0.000160

MOTIF 31-CAGAGTCCA STREME-31
letter-probability matrix: alength= 4 w= 9 nsites= 199 E= 2.8e-002
 0.000784 0.997364 0.001067 0.000784
 0.776944 0.221205 0.001067 0.000784
 0.000784 0.001067 0.932331 0.065818
 0.997082 0.001067 0.001067 0.000784
 0.000784 0.001067 0.997364 0.000784
 0.000784 0.001067 0.001067 0.997082
 0.000784 0.997364 0.001067 0.000784
 0.000784 0.979244 0.019188 0.000784
 0.997082 0.001067 0.001067 0.000784

MOTIF 32-CCATGGCAACNG STREME-32
letter-probability matrix: alength= 4 w= 12 nsites= 96 E= 3.2e-002
 0.000341 0.998854 0.000464 0.000341
 0.000341 0.998854 0.000464 0.000341
 0.965270 0.000464 0.033925 0.000341
 0.000341 0.000464 0.000464 0.998731
 0.156500 0.033927 0.809232 0.000341
 0.138821 0.000464 0.860375 0.000341
 0.000341 0.954237 0.000464 0.044958
 0.860252 0.000464 0.138943 0.000341
 0.998731 0.000464 0.000464 0.000341
 0.000341 0.998854 0.000464 0.000341
 0.223426 0.342652 0.243959 0.189963
 0.172283 0.178932 0.602791 0.045994

MOTIF 33-CAGCCAATCR STREME-33
letter-probability matrix: alength= 4 w= 10 nsites= 482 E= 3.9e-002
 0.008260 0.887476 0.099282 0.004982
 0.727062 0.017006 0.221011 0.034921
 0.161437 0.005036 0.832929 0.000598
 0.000148 0.994670 0.005034 0.000148
 0.000148 0.993221 0.001649 0.004982
 0.993168 0.000201 0.006483 0.000148
 0.966433 0.000201 0.033218 0.000148
 0.000148 0.000201 0.000201 0.999450
 0.118948 0.673407 0.207497 0.000148
 0.321845 0.067049 0.595246 0.015860

MOTIF 34-CAGGAGTTCRAGA STREME-34
letter-probability matrix: alength= 4 w= 13 nsites= 162 E= 4.2e-002
 0.000208 0.928439 0.000283 0.071071
 0.999226 0.000283 0.000283 0.000208
 0.098286 0.000283 0.901223 0.000208
 0.034228 0.000283 0.951674 0.013816
 0.999226 0.000283 0.000283 0.000208
 0.047835 0.000283 0.951674 0.000208
 0.009835 0.000283 0.007087 0.982795
 0.000208 0.000283 0.000283 0.999226
 0.000208 0.693125 0.000283 0.306384
 0.543364 0.000283 0.449341 0.007012
 0.999226 0.000283 0.000283 0.000208
 0.000208 0.047910 0.951674 0.000208
 0.856344 0.000283 0.129557 0.013816

MOTIF 35-AGATAA STREME-35
letter-probability matrix: alength= 4 w= 6 nsites= 896 E= 6.1e-002
 0.928345 0.026200 0.026200 0.019255
 0.019255 0.026200 0.935291 0.019255
 0.928345 0.026200 0.026200 0.019255
 0.019255 0.026200 0.026200 0.928345
 0.928345 0.026200 0.026200 0.019255
 0.928345 0.026200 0.026200 0.019255

MOTIF 36-CCCGCCC STREME-36
letter-probability matrix: alength= 4 w= 7 nsites= 1454 E= 1.2e-001
 0.019255 0.935291 0.026200 0.019255
 0.019255 0.935291 0.026200 0.019255
 0.019255 0.935291 0.026200 0.019255
 0.019255 0.026200 0.935291 0.019255
 0.019255 0.935291 0.026200 0.019255
 0.019255 0.935291 0.026200 0.019255
 0.019255 0.935291 0.026200 0.019255

MOTIF 37-GCAGCAGCAGCAGCA STREME-37
letter-probability matrix: alength= 4 w= 15 nsites= 120 E= 1.4e-001
 0.048039 0.080755 0.784970 0.086236
 0.000292 0.928211 0.000397 0.071100
 0.932068 0.009946 0.048144 0.009841
 0.057588 0.023459 0.899563 0.019391
 0.000292 0.947310 0.052107 0.000292
 0.741081 0.029045 0.191384 0.038489
 0.076687 0.009946 0.903526 0.009841
 0.000292 0.989470 0.009946 0.000292
 0.794414 0.042557 0.134088 0.028940
 0.019391 0.124539 0.855779 0.000292
 0.019391 0.893976 0.019496 0.067137
 0.836575 0.048144 0.048144 0.067137
 0.009841 0.042557 0.937760 0.009841
 0.004255 0.985507 0.000397 0.009841
 0.757030 0.070393 0.114989 0.057587

MOTIF 38-CCTCCTCCC STREME-38
letter-probability matrix: alength= 4 w= 9 nsites= 975 E= 1.4e-001
 0.014229 0.984999 0.000445 0.000327
 0.041440 0.817222 0.003786 0.137551
 0.000327 0.000445 0.145016 0.854212
 0.006663 0.948234 0.000445 0.044658
 0.000925 0.864951 0.037592 0.096533
 0.000327 0.000445 0.024879 0.974349
 0.135543 0.792120 0.000445 0.071892
 0.000327 0.979589 0.019756 0.000327
 0.000327 0.991782 0.007564 0.000327

MOTIF 39-CAAAGTC STREME-39
letter-probability matrix: alength= 4 w= 7 nsites= 511 E= 1.8e-001
 0.019255 0.935291 0.026200 0.019255
 0.928345 0.026200 0.026200 0.019255
 0.928345 0.026200 0.026200 0.019255
 0.928345 0.026200 0.026200 0.019255
 0.019255 0.026200 0.935291 0.019255
 0.019255 0.026200 0.026200 0.928345
 0.019255 0.935291 0.026200 0.019255

MOTIF 40-GGCTCCGCCCC STREME-40
letter-probability matrix: alength= 4 w= 11 nsites= 349 E= 2.4e-001
 0.108716 0.000279 0.857960 0.033045
 0.000205 0.000279 0.999312 0.000205
 0.000205 0.983453 0.016137 0.000205
 0.075061 0.000279 0.000279 0.924382
 0.003035 0.986159 0.000279 0.010527
 0.000205 0.908229 0.091361 0.000205
 0.040676 0.000279 0.826559 0.132486
 0.004276 0.995240 0.000279 0.000205
 0.000205 0.999312 0.000279 0.000205
 0.000205 0.790835 0.000279 0.208682
 0.171527 0.685492 0.000279 0.142703

MOTIF 41-VRTGACGTCAYB STREME-41
letter-probability matrix: alength= 4 w= 12 nsites= 402 E= 2.5e-001
 0.237647 0.264427 0.438652 0.059274
 0.418285 0.107471 0.468123 0.006121
 0.000108 0.050182 0.000146 0.949564
 0.000108 0.000146 0.999638 0.000108
 0.987573 0.000146 0.000146 0.012135
 0.000108 0.642055 0.222648 0.135189
 0.135189 0.222648 0.642055 0.000108
 0.012135 0.000146 0.000146 0.987573
 0.000108 0.999638 0.000146 0.000108
 0.949564 0.000146 0.050182 0.000108
 0.006121 0.468123 0.107471 0.418285
 0.059274 0.438652 0.264427 0.237647

MOTIF 42-AGGTCA STREME-42
letter-probability matrix: alength= 4 w= 6 nsites= 1728 E= 2.7e-001
 0.928345 0.026200 0.026200 0.019255
 0.019255 0.026200 0.935291 0.019255
 0.019255 0.026200 0.935291 0.019255
 0.019255 0.026200 0.026200 0.928345
 0.019255 0.935291 0.026200 0.019255
 0.928345 0.026200 0.026200 0.019255

MOTIF 43-CCCAGC STREME-43
letter-probability matrix: alength= 4 w= 6 nsites= 3663 E= 3.4e-001
 0.019255 0.935291 0.026200 0.019255
 0.019255 0.935291 0.026200 0.019255
 0.019255 0.935291 0.026200 0.019255
 0.928345 0.026200 0.026200 0.019255
 0.019255 0.026200 0.935291 0.019255
 0.019255 0.935291 0.026200 0.019255

MOTIF 44-CGGCGGCGGCGGC STREME-44
letter-probability matrix: alength= 4 w= 13 nsites= 428 E= 4.3e-001
 0.091119 0.822176 0.000130 0.086575
 0.000095 0.085611 0.914198 0.000095
 0.078709 0.000130 0.891677 0.029484
 0.007633 0.882728 0.000130 0.109508
 0.146209 0.012616 0.819230 0.021946
 0.059632 0.000130 0.926361 0.013877
 0.000095 0.999679 0.000130 0.000095
 0.013027 0.143779 0.843099 0.000095
 0.088792 0.010534 0.899018 0.001656
 0.000095 0.935955 0.000130 0.063820
 0.056234 0.008231 0.830737 0.104798
 0.119485 0.000130 0.880289 0.000095
 0.000095 0.961056 0.038753 0.000095

MOTIF 45-TAAAAATACA STREME-45
letter-probability matrix: alength= 4 w= 10 nsites= 54 E= 5.1e-001
 0.019255 0.026200 0.026200 0.928345
 0.928345 0.026200 0.026200 0.019255
 0.928345 0.026200 0.026200 0.019255
 0.928345 0.026200 0.026200 0.019255
 0.928345 0.026200 0.026200 0.019255
 0.928345 0.026200 0.026200 0.019255
 0.019255 0.026200 0.026200 0.928345
 0.928345 0.026200 0.026200 0.019255
 0.019255 0.935291 0.026200 0.019255
 0.928345 0.026200 0.026200 0.019255

MOTIF 46-ACAAACA STREME-46
letter-probability matrix: alength= 4 w= 7 nsites= 565 E= 5.2e-001
 0.928345 0.026200 0.026200 0.019255
 0.019255 0.935291 0.026200 0.019255
 0.928345 0.026200 0.026200 0.019255
 0.928345 0.026200 0.026200 0.019255
 0.928345 0.026200 0.026200 0.019255
 0.019255 0.935291 0.026200 0.019255
 0.928345 0.026200 0.026200 0.019255

MOTIF 47-ACTCCTGGGCTCAAG STREME-47
letter-probability matrix: alength= 4 w= 15 nsites= 103 E= 6.9e-001
 0.783347 0.169494 0.046690 0.000469
 0.031170 0.783516 0.046690 0.138624
 0.000469 0.031339 0.000638 0.967553
 0.000469 0.952372 0.015989 0.031170
 0.031170 0.937021 0.000638 0.031170
 0.000469 0.031339 0.000638 0.967553
 0.031170 0.031339 0.937021 0.000469
 0.138624 0.000638 0.860268 0.000469
 0.077222 0.108092 0.783516 0.031170
 0.046521 0.844918 0.015989 0.092572
 0.031170 0.031339 0.015989 0.921501
 0.031170 0.890970 0.031339 0.046521
 0.906151 0.046690 0.046690 0.000469
 0.875450 0.031339 0.077391 0.015820
 0.061871 0.031339 0.890970 0.015820

MOTIF 48-AGCCCAG STREME-48
letter-probability matrix: alength= 4 w= 7 nsites= 1747 E= 7.0e-001
 0.928345 0.026200 0.026200 0.019255
 0.019255 0.026200 0.935291 0.019255
 0.019255 0.935291 0.026200 0.019255
 0.019255 0.935291 0.026200 0.019255
 0.019255 0.935291 0.026200 0.019255
 0.928345 0.026200 0.026200 0.019255
 0.019255 0.026200 0.935291 0.019255

MOTIF 49-GGGAAGGGAM STREME-49
letter-probability matrix: alength= 4 w= 10 nsites= 472 E= 7.8e-001
 0.021389 0.000338 0.978025 0.000248
 0.031926 0.032393 0.935433 0.000248
 0.000248 0.000338 0.999166 0.000248
 0.952937 0.000338 0.000338 0.046388
 0.771002 0.022490 0.123360 0.083148
 0.000248 0.012198 0.971248 0.016305
 0.066819 0.008456 0.841144 0.083582
 0.041822 0.000338 0.957592 0.000248
 0.802560 0.000338 0.155166 0.041937
 0.335272 0.590738 0.073742 0.000248

MOTIF 50-GCCGGGA STREME-50
letter-probability matrix: alength= 4 w= 7 nsites= 859 E= 9.4e-001
 0.019255 0.026200 0.935291 0.019255
 0.019255 0.935291 0.026200 0.019255
 0.019255 0.935291 0.026200 0.019255
 0.019255 0.026200 0.935291 0.019255
 0.019255 0.026200 0.935291 0.019255
 0.019255 0.026200 0.935291 0.019255
 0.928345 0.026200 0.026200 0.019255

MOTIF 51-CCAATGATWGRTAAG STREME-51
letter-probability matrix: alength= 4 w= 15 nsites= 41 E= 1.0e+000
 0.001014 0.897071 0.001380 0.100535
 0.034188 0.930245 0.001380 0.034188
 0.996227 0.001380 0.001380 0.001014
 0.830358 0.001380 0.100901 0.067361
 0.001014 0.034553 0.001380 0.963053
 0.001014 0.001380 0.996593 0.001014
 0.996227 0.001380 0.001380 0.001014
 0.001014 0.067727 0.001380 0.929879
 0.598142 0.001380 0.001380 0.399099
 0.001014 0.001380 0.996593 0.001014
 0.399099 0.001380 0.598507 0.001014
 0.001014 0.001380 0.001380 0.996227
 0.929879 0.034553 0.034553 0.001014
 0.996227 0.001380 0.001380 0.001014
 0.001014 0.034553 0.963419 0.001014

MOTIF 52-TCATTCATTCA STREME-52
letter-probability matrix: alength= 4 w= 11 nsites= 42 E= 1.0e+000
 0.000945 0.001286 0.001286 0.996482
 0.261229 0.736539 0.001286 0.000945
 0.816157 0.001286 0.181612 0.000945
 0.000945 0.001286 0.001286 0.996482
 0.000945 0.001286 0.001286 0.996482
 0.000945 0.965895 0.032215 0.000945
 0.965550 0.001286 0.032218 0.000945
 0.000945 0.001286 0.001286 0.996482
 0.000945 0.001286 0.001286 0.996482
 0.176572 0.821196 0.001286 0.000945
 0.921783 0.001286 0.075985 0.000945

MOTIF 53-GGAAGGGCCCCCTGT STREME-53
letter-probability matrix: alength= 4 w= 15 nsites= 30 E= 1.0e+000
 0.019255 0.026200 0.935291 0.019255
 0.019255 0.026200 0.935291 0.019255
 0.928345 0.026200 0.026200 0.019255
 0.928345 0.026200 0.026200 0.019255
 0.019255 0.026200 0.935291 0.019255
 0.019255 0.026200 0.935291 0.019255
 0.019255 0.026200 0.935291 0.019255
 0.019255 0.935291 0.026200 0.019255
 0.019255 0.935291 0.026200 0.019255
 0.019255 0.935291 0.026200 0.019255
 0.019255 0.935291 0.026200 0.019255
 0.019255 0.935291 0.026200 0.019255
 0.019255 0.026200 0.026200 0.928345
 0.019255 0.026200 0.935291 0.019255
 0.019255 0.026200 0.026200 0.928345

MOTIF 54-RGCACGAGASY STREME-54
letter-probability matrix: alength= 4 w= 11 nsites= 198 E= 1.1e+000
 0.256191 0.138462 0.469718 0.135629
 0.104161 0.061176 0.806786 0.027876
 0.011789 0.976181 0.000241 0.011789
 0.990397 0.000241 0.000241 0.009120
 0.000177 0.999404 0.000241 0.000177
 0.000177 0.000241 0.999404 0.000177
 0.933322 0.066259 0.000241 0.000177
 0.000177 0.000241 0.999404 0.000177
 0.761711 0.237870 0.000241 0.000177
 0.000177 0.628845 0.322933 0.048045
 0.152678 0.406827 0.085349 0.355146

MOTIF 55-AGGAAG STREME-55
letter-probability matrix: alength= 4 w= 6 nsites= 2872 E= 1.2e+000
 0.928345 0.026200 0.026200 0.019255
 0.019255 0.026200 0.935291 0.019255
 0.019255 0.026200 0.935291 0.019255
 0.928345 0.026200 0.026200 0.019255
 0.928345 0.026200 0.026200 0.019255
 0.019255 0.026200 0.935291 0.019255

MOTIF 56-GAAATA STREME-56
letter-probability matrix: alength= 4 w= 6 nsites= 857 E= 1.5e+000
 0.019255 0.026200 0.935291 0.019255
 0.928345 0.026200 0.026200 0.019255
 0.928345 0.026200 0.026200 0.019255
 0.928345 0.026200 0.026200 0.019255
 0.019255 0.026200 0.026200 0.928345
 0.928345 0.026200 0.026200 0.019255

MOTIF 57-TGATGAAAKC STREME-57
letter-probability matrix: alength= 4 w= 10 nsites= 135 E= 1.9e+000
 0.000463 0.000630 0.000630 0.998276
 0.064017 0.000630 0.934889 0.000463
 0.998276 0.000630 0.000630 0.000463
 0.000463 0.000630 0.000630 0.998276
 0.042141 0.108517 0.793122 0.056220
 0.950697 0.000630 0.000630 0.048042
 0.937637 0.000630 0.000630 0.061102
 0.968301 0.000630 0.000630 0.030438
 0.062265 0.071908 0.399399 0.466428
 0.164317 0.813257 0.000630 0.021796

MOTIF 58-CATTTTACAGAWGAG STREME-58
letter-probability matrix: alength= 4 w= 15 nsites= 70 E= 2.1e+000
 0.000496 0.852131 0.016920 0.130453
 0.975167 0.000676 0.023661 0.000496
 0.032985 0.049409 0.033165 0.884441
 0.032985 0.033165 0.000676 0.933174
 0.000496 0.049409 0.130632 0.819463
 0.032985 0.195610 0.000676 0.770729
 0.851952 0.000676 0.065654 0.081719
 0.000496 0.900864 0.000676 0.097963
 0.981908 0.000676 0.000676 0.016741
 0.065474 0.000676 0.933353 0.000496
 0.998152 0.000676 0.000676 0.000496
 0.292898 0.049409 0.114387 0.543306
 0.081719 0.000676 0.868375 0.049230
 0.786974 0.049409 0.098143 0.065474
 0.195431 0.000676 0.803397 0.000496

MOTIF 59-ATACAAAGCAAA STREME-59
letter-probability matrix: alength= 4 w= 12 nsites= 25 E= 2.1e+000
 0.900033 0.096555 0.001967 0.001445
 0.001445 0.001967 0.001967 0.994621
 0.947327 0.001967 0.049261 0.001445
 0.001445 0.947848 0.001967 0.048740
 0.994621 0.001967 0.001967 0.001445
 0.994621 0.001967 0.001967 0.001445
 0.663562 0.001967 0.285731 0.048740
 0.001445 0.096555 0.900554 0.001445
 0.001445 0.995142 0.001967 0.001445
 0.994621 0.001967 0.001967 0.001445
 0.994621 0.001967 0.001967 0.001445
 0.994621 0.001967 0.001967 0.001445

MOTIF 60-AATGTCAACA STREME-60
letter-probability matrix: alength= 4 w= 10 nsites= 176 E= 2.1e+000
 0.884310 0.023114 0.010368 0.082208
 0.984948 0.000562 0.000562 0.013927
 0.153609 0.021387 0.032556 0.792448
 0.029369 0.003606 0.950851 0.016175
 0.013928 0.054552 0.014080 0.917441
 0.000413 0.978866 0.000562 0.020159
 0.962257 0.000562 0.014082 0.023098
 0.904068 0.039841 0.000562 0.055528
 0.000413 0.865721 0.054641 0.079224
 0.960324 0.001821 0.000562 0.037293

MOTIF 61-GAGGTCAAGG STREME-61
letter-probability matrix: alength= 4 w= 10 nsites= 139 E= 2.1e+000
 0.112358 0.000797 0.886259 0.000586
 0.997819 0.000797 0.000797 0.000586
 0.000586 0.000797 0.998031 0.000586
 0.000586 0.000797 0.811419 0.187198
 0.000586 0.000797 0.000797 0.997819
 0.000586 0.998031 0.000797 0.000586
 0.799668 0.000797 0.198949 0.000586
 0.997819 0.000797 0.000797 0.000586
 0.217162 0.050793 0.654762 0.077283
 0.098811 0.000797 0.899806 0.000586

MOTIF 62-CCCAGCCCC STREME-62
letter-probability matrix: alength= 4 w= 9 nsites= 2689 E= 3.0e+000
 0.024802 0.974894 0.000175 0.000129
 0.000129 0.971542 0.028200 0.000129
 0.000129 0.948067 0.051676 0.000129
 0.774128 0.054732 0.043552 0.127587
 0.160175 0.000175 0.794143 0.045507
 0.000129 0.999567 0.000175 0.000129
 0.058372 0.821006 0.000175 0.120447
 0.000129 0.899844 0.000175 0.099851
 0.083303 0.805893 0.110675 0.000129

MOTIF 63-ATCRATA STREME-63
letter-probability matrix: alength= 4 w= 7 nsites= 251 E= 3.2e+000
 0.996823 0.001162 0.001162 0.000854
 0.000854 0.001162 0.001162 0.996823
 0.000854 0.997131 0.001162 0.000854
 0.487598 0.001162 0.464190 0.047050
 0.996823 0.001162 0.001162 0.000854
 0.000854 0.001162 0.001162 0.996823
 0.735098 0.262887 0.001162 0.000854

MOTIF 64-CACTCCAGCCTGGG STREME-64
letter-probability matrix: alength= 4 w= 14 nsites= 55 E= 4.1e+000
 0.000637 0.872792 0.042556 0.084015
 0.997629 0.000867 0.000867 0.000637
 0.021482 0.768569 0.000867 0.209083
 0.000637 0.000867 0.000867 0.997629
 0.000637 0.997859 0.000867 0.000637
 0.050976 0.926675 0.000867 0.021482
 0.926448 0.042556 0.021709 0.009287
 0.000637 0.063401 0.935325 0.000637
 0.000637 0.977014 0.000867 0.021482
 0.042326 0.935325 0.021711 0.000637
 0.000637 0.021711 0.063401 0.914251
 0.104860 0.021711 0.872792 0.000637
 0.042326 0.000867 0.935325 0.021482
 0.063171 0.125934 0.747724 0.063171

MOTIF 65-AGTCACGGGA STREME-65
letter-probability matrix: alength= 4 w= 10 nsites= 155 E= 2.2e+001
 0.820718 0.042520 0.088857 0.047905
 0.038535 0.044181 0.862220 0.055063
 0.051995 0.000568 0.000568 0.946869
 0.014078 0.984937 0.000568 0.000418
 0.750706 0.101688 0.057839 0.089767
 0.000418 0.998597 0.000568 0.000418
 0.000418 0.000568 0.998597 0.000418
 0.000418 0.000568 0.998597 0.000418
 0.000418 0.000568 0.998597 0.000418
 0.830800 0.000568 0.099907 0.068725

MOTIF 66-ATYATTAAC STREME-66
letter-probability matrix: alength= 4 w= 9 nsites= 88 E= 2.6e+001
 0.997834 0.000792 0.000792 0.000582
 0.000582 0.000792 0.000792 0.997834
 0.098146 0.501169 0.095379 0.305306
 0.978792 0.000792 0.019834 0.000582
 0.000582 0.000792 0.000792 0.997834
 0.000582 0.000792 0.000792 0.997834
 0.997834 0.000792 0.000792 0.000582
 0.905850 0.092776 0.000792 0.000582
 0.000582 0.998044 0.000792 0.000582

********************************************************************************
Stopped because 3 consecutive motifs exceeded the p-value threshold (0.05).
********************************************************************************
COMMAND:	streme --verbosity 1 --oc meme_out_incomplete_DL/HepG2_BHLHE40-human_ENCFF268DXL/streme_out -dna --seed 0 --p meme_out_incomplete_DL/HepG2_BHLHE40-human_ENCFF268DXL/seqs-centered --minw 6 --maxw 15 --time 6182 --order 2 --thresh 0.05 --align center --totallength 4000000 --parse-genomic-coord
********************************************************************************
CPU:		9f05ee173ae9
********************************************************************************
FINALTIME:	2367.46 seconds
********************************************************************************
