********************************************************************************
STREME - Sensitive, Thorough, Rapid, Enriched Motif Elicitation
********************************************************************************
MEME version 5.5.3 (Release date: Sat Jun 10 16:19:38 2023 -0700)

For further information on how to interpret these results please access http://localhost:8080/meme_5.5.3.
To get a copy of the MEME Suite software please access https://meme-suite.org.

********************************************************************************


********************************************************************************
REFERENCE
********************************************************************************
If you use this program in your research, please cite:

Timothy L. Bailey,
"STREME: accurate and versatile sequence motif discovery",
Bioinformatics, Mar. 24, 2021.
********************************************************************************


ALPHABET= ACGT

strands: + -

Background letter frequencies
A 0.253 C 0.247 G 0.247 T 0.253 

MOTIF 1-WTGTTTACTTW STREME-1
letter-probability matrix: alength= 4 w= 11 nsites= 9967 E= 1.1e-136
 0.302339 0.148008 0.152057 0.397596
 0.012991 0.005654 0.000006 0.981349
 0.319103 0.000892 0.679999 0.000006
 0.001562 0.000006 0.000249 0.998183
 0.000251 0.000006 0.013772 0.985971
 0.001626 0.000006 0.099289 0.899079
 0.747951 0.000006 0.252037 0.000006
 0.000975 0.804215 0.000743 0.194067
 0.258154 0.182688 0.013049 0.546108
 0.042721 0.248040 0.085185 0.624054
 0.431990 0.012118 0.030633 0.525259

MOTIF 2-CAAAGKYCA STREME-2
letter-probability matrix: alength= 4 w= 9 nsites= 4357 E= 1.6e-042
 0.000023 0.865222 0.038986 0.095768
 0.728323 0.240964 0.017287 0.013426
 0.870998 0.000023 0.128955 0.000023
 0.999931 0.000023 0.000023 0.000023
 0.000023 0.000023 0.999930 0.000023
 0.061236 0.000023 0.513799 0.424942
 0.000023 0.341761 0.058127 0.600089
 0.000023 0.944455 0.000023 0.055499
 0.972314 0.000023 0.013501 0.014162

MOTIF 3-CCCCKCCCCC STREME-3
letter-probability matrix: alength= 4 w= 10 nsites= 2701 E= 1.0e-017
 0.021838 0.949253 0.000039 0.028870
 0.003901 0.966163 0.000039 0.029897
 0.000040 0.999881 0.000039 0.000040
 0.013669 0.913802 0.000039 0.072490
 0.219992 0.000039 0.305852 0.474116
 0.006023 0.980225 0.004699 0.009053
 0.000040 0.985448 0.012295 0.002217
 0.000040 0.916755 0.000039 0.083166
 0.041319 0.908490 0.019833 0.030358
 0.054290 0.783011 0.084089 0.078610

MOTIF 4-CCACYAGRKGGC STREME-4
letter-probability matrix: alength= 4 w= 12 nsites= 915 E= 5.5e-016
 0.058735 0.879798 0.040587 0.020880
 0.000053 0.996973 0.002922 0.000053
 0.901331 0.000051 0.085615 0.013003
 0.000053 0.704920 0.271742 0.023286
 0.057489 0.473222 0.036918 0.432372
 0.999845 0.000051 0.000051 0.000053
 0.000053 0.000051 0.999844 0.000053
 0.535352 0.000051 0.464544 0.000053
 0.036206 0.008024 0.502543 0.453227
 0.005795 0.007229 0.986923 0.000053
 0.004115 0.019065 0.905724 0.071096
 0.090900 0.790845 0.000647 0.117608

MOTIF 5-AGCCTGGGCAAYRG STREME-5
letter-probability matrix: alength= 4 w= 14 nsites= 718 E= 1.8e-015
 0.985678 0.009491 0.004774 0.000058
 0.028363 0.009491 0.952654 0.009493
 0.000058 0.976241 0.000056 0.023645
 0.000058 0.973604 0.001629 0.024710
 0.006493 0.017354 0.003201 0.972953
 0.039370 0.022071 0.925921 0.012638
 0.033080 0.000056 0.960516 0.006348
 0.033080 0.076188 0.875869 0.014862
 0.021152 0.727257 0.001629 0.249963
 0.655306 0.011064 0.327282 0.006348
 0.968888 0.003200 0.027854 0.000058
 0.001630 0.641152 0.014861 0.342357
 0.649669 0.001629 0.343928 0.004775
 0.091915 0.030079 0.756866 0.121139

MOTIF 6-CCAGTTCGAGCTTCC STREME-6
letter-probability matrix: alength= 4 w= 15 nsites= 395 E= 1.4e-013
 0.000106 0.990993 0.005898 0.003003
 0.000106 0.988095 0.003001 0.008798
 0.982304 0.000103 0.003001 0.014593
 0.014593 0.011693 0.962019 0.011695
 0.000106 0.003001 0.000103 0.996790
 0.000106 0.034871 0.005898 0.959125
 0.005901 0.721543 0.095716 0.176841
 0.228996 0.026179 0.724437 0.020387
 0.959128 0.005898 0.000103 0.034871
 0.162357 0.005898 0.831639 0.000106
 0.003003 0.959122 0.023282 0.014593
 0.005901 0.003001 0.000103 0.990996
 0.000106 0.008795 0.000103 0.990996
 0.000106 0.982301 0.003001 0.014593
 0.011695 0.959122 0.003001 0.026182

MOTIF 7-RGGAGGATCRCTTGA STREME-7
letter-probability matrix: alength= 4 w= 15 nsites= 392 E= 1.4e-013
 0.397197 0.005988 0.582001 0.014815
 0.100115 0.000105 0.899672 0.000108
 0.061877 0.000105 0.937911 0.000108
 0.743781 0.144233 0.000105 0.111881
 0.073643 0.003046 0.923204 0.000108
 0.207226 0.000105 0.786679 0.005990
 0.990859 0.000105 0.008929 0.000108
 0.000108 0.032460 0.000105 0.967327
 0.017756 0.714865 0.026577 0.240801
 0.526618 0.029519 0.430769 0.013093
 0.008932 0.886687 0.000105 0.104277
 0.029522 0.206003 0.003046 0.761429
 0.000108 0.000105 0.000105 0.999683
 0.041287 0.014812 0.943793 0.000108
 0.987917 0.003046 0.008929 0.000108

MOTIF 8-GAGATCAAAG STREME-8
letter-probability matrix: alength= 4 w= 10 nsites= 1956 E= 2.3e-013
 0.192492 0.029733 0.769909 0.007866
 0.880838 0.011080 0.076500 0.031582
 0.011014 0.042934 0.946005 0.000047
 0.688156 0.006474 0.120241 0.185129
 0.047003 0.013481 0.010782 0.928733
 0.009226 0.931286 0.050879 0.008609
 0.924748 0.000046 0.075159 0.000047
 0.966126 0.000046 0.011317 0.022511
 0.758828 0.050187 0.177458 0.013527
 0.000047 0.329655 0.666189 0.004108

MOTIF 9-GCTGGGATTACAGGC STREME-9
letter-probability matrix: alength= 4 w= 15 nsites= 543 E= 9.2e-013
 0.028268 0.010141 0.935337 0.026254
 0.004101 0.899088 0.002086 0.094725
 0.006115 0.000072 0.006113 0.987700
 0.086670 0.000072 0.909157 0.004101
 0.046392 0.006113 0.941379 0.006115
 0.030282 0.002086 0.965545 0.002088
 0.981658 0.006113 0.010141 0.002088
 0.002088 0.175277 0.008127 0.814508
 0.000074 0.038335 0.012155 0.949436
 0.947423 0.014169 0.032293 0.006115
 0.000074 0.870059 0.004099 0.125768
 0.969575 0.004099 0.014169 0.012157
 0.030282 0.012155 0.949434 0.008129
 0.045214 0.016183 0.924433 0.014171
 0.027089 0.787490 0.008127 0.177293

MOTIF 10-GGAGCCCACCRCAGC STREME-10
letter-probability matrix: alength= 4 w= 15 nsites= 389 E= 4.4e-012
 0.085093 0.005965 0.908835 0.000107
 0.000107 0.000104 0.999681 0.000107
 0.999684 0.000104 0.000104 0.000107
 0.032343 0.000104 0.955723 0.011829
 0.000107 0.973306 0.000104 0.026482
 0.008899 0.955723 0.011827 0.023551
 0.014760 0.949862 0.000104 0.035274
 0.970379 0.003035 0.023549 0.003038
 0.008899 0.952793 0.023549 0.014760
 0.020621 0.768169 0.003035 0.208175
 0.627241 0.017688 0.343242 0.011829
 0.008899 0.979168 0.008896 0.003038
 0.982101 0.000104 0.005965 0.011829
 0.003038 0.005965 0.985029 0.005968
 0.008899 0.949862 0.008896 0.032343

MOTIF 11-TGTAAACA STREME-11
letter-probability matrix: alength= 4 w= 8 nsites= 4021 E= 4.6e-012
 0.031927 0.032530 0.185420 0.750122
 0.000064 0.000063 0.999808 0.000064
 0.000064 0.094838 0.000063 0.905035
 0.732039 0.267834 0.000063 0.000064
 0.881890 0.117983 0.000063 0.000064
 0.999810 0.000063 0.000063 0.000064
 0.000064 0.789686 0.000063 0.210187
 0.949027 0.000063 0.019741 0.031169

MOTIF 12-RTGASTCAY STREME-12
letter-probability matrix: alength= 4 w= 9 nsites= 1653 E= 7.6e-012
 0.438879 0.100220 0.460820 0.000081
 0.000081 0.007107 0.000079 0.992734
 0.000081 0.000079 0.994794 0.005046
 0.842717 0.004890 0.152313 0.000081
 0.021013 0.478987 0.478987 0.021013
 0.000081 0.152313 0.004890 0.842717
 0.005046 0.994794 0.000079 0.000081
 0.992734 0.000079 0.007107 0.000081
 0.000081 0.460820 0.100220 0.438879

MOTIF 13-AGYGAGACTCYGT STREME-13
letter-probability matrix: alength= 4 w= 13 nsites= 396 E= 3.5e-011
 0.991035 0.002988 0.005872 0.000106
 0.008760 0.000103 0.991032 0.000106
 0.000106 0.646286 0.016918 0.336691
 0.274157 0.000103 0.722750 0.002990
 0.988150 0.008757 0.002988 0.000106
 0.065524 0.002988 0.928498 0.002990
 0.884299 0.000103 0.115493 0.000106
 0.000106 0.944877 0.002988 0.052030
 0.002990 0.227068 0.000103 0.769839
 0.002990 0.965069 0.008757 0.023184
 0.002990 0.500625 0.002988 0.493397
 0.164536 0.002988 0.832371 0.000106
 0.008760 0.005872 0.000103 0.985265

MOTIF 14-GACTGCTGTGCTAGC STREME-14
letter-probability matrix: alength= 4 w= 15 nsites= 299 E= 2.8e-010
 0.000141 0.007825 0.991894 0.000141
 0.984209 0.000137 0.007825 0.007829
 0.000141 0.980362 0.003981 0.015517
 0.000141 0.015513 0.000137 0.984209
 0.000141 0.007825 0.988050 0.003985
 0.000141 0.980362 0.003981 0.015517
 0.003985 0.003981 0.000137 0.991898
 0.015517 0.003981 0.972674 0.007829
 0.015517 0.134678 0.003981 0.845825
 0.077021 0.000137 0.911169 0.011673
 0.000141 0.980362 0.007825 0.011673
 0.000141 0.003981 0.000137 0.995742
 0.868889 0.000137 0.130834 0.000141
 0.015517 0.000137 0.980362 0.003985
 0.000141 0.976518 0.003981 0.019361

MOTIF 15-GCAGTGAGCYRWGAT STREME-15
letter-probability matrix: alength= 4 w= 15 nsites= 353 E= 5.1e-009
 0.151256 0.000115 0.826002 0.022628
 0.016196 0.908277 0.000115 0.075413
 0.937221 0.003330 0.040037 0.019412
 0.038706 0.003330 0.954630 0.003333
 0.003333 0.016193 0.009762 0.970712
 0.074079 0.000115 0.919258 0.006549
 0.993222 0.003330 0.003330 0.000118
 0.080510 0.006546 0.912826 0.000118
 0.009765 0.938552 0.009762 0.041922
 0.035490 0.391882 0.016193 0.556434
 0.371257 0.025840 0.602785 0.000118
 0.475494 0.035487 0.016193 0.472826
 0.019412 0.003330 0.977140 0.000118
 0.982241 0.000115 0.007880 0.009765
 0.009765 0.022624 0.003330 0.964281

MOTIF 16-AGATAAGVA STREME-16
letter-probability matrix: alength= 4 w= 9 nsites= 1073 E= 1.7e-008
 0.985694 0.000127 0.000127 0.014053
 0.000130 0.000127 0.999614 0.000130
 0.999617 0.000127 0.000127 0.000130
 0.000130 0.000127 0.000127 0.999617
 0.976031 0.000127 0.000127 0.023716
 0.920009 0.043805 0.000127 0.036060
 0.212161 0.000127 0.783481 0.004232
 0.260106 0.257384 0.469097 0.013412
 0.543048 0.134484 0.213231 0.109237

MOTIF 17-GCTGCCGCCTTGCA STREME-17
letter-probability matrix: alength= 4 w= 14 nsites= 259 E= 2.2e-008
 0.124102 0.008700 0.867042 0.000156
 0.000156 0.973891 0.000152 0.025800
 0.000156 0.000152 0.004426 0.995265
 0.000156 0.000152 0.999535 0.000156
 0.000156 0.999535 0.000152 0.000156
 0.066039 0.671166 0.017248 0.245546
 0.168615 0.000152 0.825030 0.006203
 0.017252 0.948247 0.012974 0.021526
 0.025800 0.948247 0.008700 0.017252
 0.000156 0.004426 0.008700 0.986717
 0.004430 0.064262 0.008700 0.922607
 0.004430 0.000152 0.995261 0.000156
 0.000156 0.982439 0.000152 0.017252
 0.961075 0.012974 0.012972 0.012978

MOTIF 18-CCACTGCACTCC STREME-18
letter-probability matrix: alength= 4 w= 12 nsites= 409 E= 3.1e-008
 0.000107 0.950319 0.000104 0.049470
 0.021722 0.959365 0.000104 0.018810
 0.999686 0.000104 0.000104 0.000107
 0.000107 0.876984 0.000104 0.122806
 0.000107 0.000104 0.000104 0.999686
 0.029263 0.000104 0.970527 0.000107
 0.000107 0.942311 0.014682 0.042900
 0.999686 0.000104 0.000104 0.000107
 0.000107 0.754025 0.017597 0.228270
 0.000107 0.000104 0.000104 0.999686
 0.000107 0.957946 0.000104 0.041844
 0.000107 0.950588 0.008851 0.040455

MOTIF 19-CAAGGTCA STREME-19
letter-probability matrix: alength= 4 w= 8 nsites= 2558 E= 9.2e-008
 0.013046 0.818815 0.123738 0.044400
 0.849824 0.016454 0.099847 0.033875
 0.915638 0.011713 0.066013 0.006636
 0.031899 0.024534 0.943428 0.000139
 0.000185 0.000476 0.997442 0.001897
 0.075713 0.092003 0.020622 0.811663
 0.000453 0.983006 0.004693 0.011848
 0.785206 0.091037 0.054964 0.068793

MOTIF 20-CCTCRGCCTCCCAA STREME-20
letter-probability matrix: alength= 4 w= 14 nsites= 493 E= 3.0e-007
 0.004614 0.939910 0.002346 0.053130
 0.000083 0.945380 0.009143 0.045394
 0.004614 0.000081 0.002346 0.992959
 0.006880 0.797178 0.000081 0.195862
 0.498840 0.029533 0.433745 0.037882
 0.005553 0.002346 0.987487 0.004614
 0.000083 0.970301 0.004612 0.025004
 0.002348 0.936318 0.011409 0.049925
 0.011411 0.000081 0.000081 0.988428
 0.006880 0.934052 0.006877 0.052191
 0.002348 0.929521 0.004612 0.063519
 0.027270 0.806746 0.014108 0.151876
 0.679876 0.047658 0.258790 0.013676
 0.893376 0.011306 0.092969 0.002348

MOTIF 21-MCTGCCTCTSTAGR STREME-21
letter-probability matrix: alength= 4 w= 14 nsites= 266 E= 2.2e-006
 0.324596 0.609039 0.066208 0.000157
 0.004442 0.969538 0.000153 0.025868
 0.008727 0.008723 0.017293 0.965256
 0.025868 0.017293 0.956682 0.000157
 0.000157 0.960967 0.000153 0.038723
 0.013012 0.948112 0.008723 0.030153
 0.000157 0.000153 0.000153 0.999538
 0.000157 0.999534 0.000153 0.000157
 0.000157 0.004438 0.008723 0.986682
 0.128712 0.296373 0.574758 0.000157
 0.000157 0.030149 0.004438 0.965256
 0.986682 0.000153 0.013008 0.000157
 0.025868 0.000153 0.973823 0.000157
 0.457826 0.008723 0.524723 0.008727

MOTIF 22-GGACTTTGRACY STREME-22
letter-probability matrix: alength= 4 w= 12 nsites= 1077 E= 2.7e-006
 0.239615 0.003312 0.732111 0.024962
 0.162314 0.007676 0.636955 0.193055
 0.942673 0.000039 0.002221 0.055067
 0.104797 0.895124 0.000039 0.000040
 0.003313 0.004402 0.006585 0.985700
 0.093543 0.117377 0.008280 0.780800
 0.007778 0.017948 0.027734 0.946540
 0.120109 0.005518 0.852060 0.022313
 0.428876 0.137322 0.274941 0.158862
 0.566501 0.276264 0.051343 0.105892
 0.033614 0.872059 0.003312 0.091015
 0.080254 0.491775 0.013155 0.414816

MOTIF 23-CAAGCCTCAGYAATG STREME-23
letter-probability matrix: alength= 4 w= 15 nsites= 245 E= 7.4e-005
 0.008779 0.937391 0.034640 0.019189
 0.982292 0.004464 0.004464 0.008779
 0.934873 0.004464 0.043262 0.017401
 0.013090 0.001942 0.984810 0.000158
 0.004468 0.943490 0.038951 0.013090
 0.000158 0.943490 0.013086 0.043266
 0.004468 0.000154 0.017397 0.977981
 0.004468 0.982288 0.000154 0.013090
 0.977981 0.004464 0.013086 0.004468
 0.000158 0.004464 0.990909 0.004468
 0.021712 0.614079 0.026019 0.338190
 0.947805 0.013086 0.008775 0.030333
 0.952116 0.000154 0.034640 0.013090
 0.013090 0.013086 0.000154 0.973670
 0.030333 0.004464 0.952112 0.013090

MOTIF 24-ACTTCCKGB STREME-24
letter-probability matrix: alength= 4 w= 9 nsites= 1637 E= 9.8e-005
 0.667331 0.000119 0.332428 0.000122
 0.000122 0.999636 0.000119 0.000122
 0.000122 0.000119 0.000119 0.999639
 0.000122 0.000119 0.000119 0.999639
 0.000122 0.999636 0.000119 0.000122
 0.000122 0.999636 0.000119 0.000122
 0.000122 0.000119 0.469732 0.530027
 0.064674 0.125772 0.809432 0.000122
 0.114138 0.362683 0.321177 0.202001

MOTIF 25-AAACAAACAM STREME-25
letter-probability matrix: alength= 4 w= 10 nsites= 1646 E= 1.5e-004
 0.834174 0.002260 0.123181 0.040384
 0.734428 0.190599 0.069631 0.005343
 0.964351 0.003301 0.007378 0.024971
 0.000074 0.942549 0.000072 0.057304
 0.948943 0.033132 0.016011 0.001914
 0.816123 0.111110 0.015194 0.057573
 0.978125 0.000072 0.004710 0.017093
 0.006481 0.918596 0.004377 0.070546
 0.901219 0.069185 0.026772 0.002825
 0.231197 0.454422 0.200600 0.113781

MOTIF 26-CTCCACCTCY STREME-26
letter-probability matrix: alength= 4 w= 10 nsites= 321 E= 1.9e-004
 0.011120 0.972508 0.008960 0.007411
 0.024589 0.000211 0.090904 0.884296
 0.017533 0.973602 0.000211 0.008654
 0.043539 0.920431 0.017988 0.018042
 0.861183 0.000211 0.138389 0.000217
 0.028470 0.934117 0.000211 0.037201
 0.000606 0.938834 0.044886 0.015674
 0.010902 0.000211 0.006123 0.982764
 0.004600 0.981373 0.000211 0.013816
 0.000831 0.636495 0.002095 0.360579

MOTIF 27-CAGGCCTCCTTGA STREME-27
letter-probability matrix: alength= 4 w= 13 nsites= 190 E= 3.3e-004
 0.000234 0.986524 0.000228 0.013015
 0.986530 0.006618 0.006618 0.000234
 0.000234 0.006618 0.992914 0.000234
 0.000234 0.000228 0.999305 0.000234
 0.000234 0.999305 0.000228 0.000234
 0.000234 0.988585 0.010948 0.000234
 0.006624 0.006618 0.006618 0.980139
 0.000234 0.977486 0.006618 0.015662
 0.006622 0.960964 0.000228 0.032187
 0.013015 0.006618 0.000228 0.980139
 0.000234 0.000228 0.000228 0.999311
 0.002885 0.006618 0.990263 0.000234
 0.968454 0.000228 0.015656 0.015662

MOTIF 28-GGGCAGGGA STREME-28
letter-probability matrix: alength= 4 w= 9 nsites= 1395 E= 4.6e-004
 0.000232 0.006530 0.993007 0.000232
 0.000232 0.009246 0.990291 0.000232
 0.000232 0.040762 0.751693 0.207314
 0.036470 0.876357 0.081201 0.005972
 0.819094 0.018742 0.100443 0.061720
 0.023928 0.000226 0.975614 0.000232
 0.040340 0.000226 0.942138 0.017296
 0.049008 0.000226 0.950535 0.000232
 0.653378 0.233989 0.000226 0.112407

MOTIF 29-RTTRYRYAAY STREME-29
letter-probability matrix: alength= 4 w= 10 nsites= 1036 E= 5.3e-004
 0.558361 0.093161 0.348370 0.000108
 0.000108 0.000105 0.000105 0.999681
 0.000108 0.000105 0.081740 0.918047
 0.476680 0.000105 0.523107 0.000108
 0.000108 0.623980 0.000105 0.375806
 0.375806 0.000105 0.623980 0.000108
 0.000108 0.523107 0.000105 0.476680
 0.918047 0.081740 0.000105 0.000108
 0.999681 0.000105 0.000105 0.000108
 0.000108 0.348370 0.093161 0.558361

MOTIF 30-AAAAAAAAARAAA STREME-30
letter-probability matrix: alength= 4 w= 13 nsites= 415 E= 5.9e-004
 0.999515 0.000160 0.000160 0.000165
 0.977002 0.000160 0.022673 0.000165
 0.998299 0.001376 0.000160 0.000165
 0.943430 0.000160 0.047240 0.009170
 0.931681 0.000160 0.067994 0.000165
 0.959259 0.000160 0.035381 0.005200
 0.999515 0.000160 0.000160 0.000165
 0.968839 0.000160 0.030836 0.000165
 0.995012 0.004663 0.000160 0.000165
 0.606473 0.028118 0.338230 0.027179
 0.961666 0.000160 0.012979 0.025195
 0.999515 0.000160 0.000160 0.000165
 0.927279 0.004663 0.006162 0.061896

MOTIF 31-RTTKCAWMAY STREME-31
letter-probability matrix: alength= 4 w= 10 nsites= 1265 E= 6.0e-004
 0.642226 0.000093 0.357585 0.000096
 0.000096 0.000093 0.000093 0.999717
 0.000096 0.000093 0.000093 0.999717
 0.000096 0.000093 0.463952 0.535859
 0.000096 0.999715 0.000093 0.000096
 0.790431 0.000093 0.209380 0.000096
 0.480883 0.169881 0.000093 0.349142
 0.399881 0.599929 0.000093 0.000096
 0.956010 0.000093 0.043800 0.000096
 0.000096 0.388500 0.153159 0.458245

MOTIF 32-AATSATTAAC STREME-32
letter-probability matrix: alength= 4 w= 10 nsites= 504 E= 1.4e-003
 0.999609 0.000129 0.000129 0.000133
 0.999609 0.000129 0.000129 0.000133
 0.040079 0.011018 0.000129 0.948773
 0.192225 0.391426 0.338307 0.078042
 0.701154 0.000129 0.042772 0.255945
 0.082287 0.000129 0.064012 0.853572
 0.000133 0.000129 0.000129 0.999609
 0.884470 0.000129 0.000129 0.115271
 0.999609 0.000129 0.000129 0.000133
 0.000133 0.999605 0.000129 0.000133

MOTIF 33-GCAAACA STREME-33
letter-probability matrix: alength= 4 w= 7 nsites= 735 E= 2.1e-003
 0.023027 0.022427 0.931518 0.023027
 0.023027 0.931518 0.022427 0.023027
 0.932118 0.022427 0.022427 0.023027
 0.932118 0.022427 0.022427 0.023027
 0.932118 0.022427 0.022427 0.023027
 0.023027 0.931518 0.022427 0.023027
 0.932118 0.022427 0.022427 0.023027

MOTIF 34-YAAATATTTR STREME-34
letter-probability matrix: alength= 4 w= 10 nsites= 356 E= 4.1e-003
 0.000187 0.546984 0.000182 0.452648
 0.811820 0.109189 0.000182 0.078810
 0.954385 0.005411 0.000182 0.040022
 0.980162 0.019469 0.000182 0.000187
 0.000187 0.051301 0.000182 0.948330
 0.948330 0.000182 0.051301 0.000187
 0.000187 0.000182 0.019469 0.980162
 0.040022 0.000182 0.005411 0.954385
 0.078810 0.000182 0.109189 0.811820
 0.452648 0.000182 0.546984 0.000187

MOTIF 35-TGASSTCA STREME-35
letter-probability matrix: alength= 4 w= 8 nsites= 390 E= 7.7e-003
 0.023027 0.022427 0.022427 0.932118
 0.023027 0.022427 0.931518 0.023027
 0.932118 0.022427 0.022427 0.023027
 0.023027 0.476973 0.476973 0.023027
 0.023027 0.476973 0.476973 0.023027
 0.023027 0.022427 0.022427 0.932118
 0.023027 0.931518 0.022427 0.023027
 0.932118 0.022427 0.022427 0.023027

MOTIF 36-AGAGAGAGAGAG STREME-36
letter-probability matrix: alength= 4 w= 12 nsites= 169 E= 8.6e-003
 0.888283 0.078081 0.033364 0.000272
 0.000272 0.000265 0.999190 0.000272
 0.870387 0.104510 0.000265 0.024838
 0.018117 0.000265 0.971672 0.009946
 0.740862 0.030049 0.154359 0.074730
 0.000272 0.000265 0.843214 0.156249
 0.870549 0.089892 0.039287 0.000272
 0.020654 0.062010 0.909617 0.007718
 0.775378 0.190822 0.018638 0.015161
 0.000272 0.000265 0.979589 0.019873
 0.902704 0.048050 0.000265 0.048981
 0.050213 0.028450 0.900889 0.020448

MOTIF 37-GAATGAATGAA STREME-37
letter-probability matrix: alength= 4 w= 11 nsites= 271 E= 1.3e-002
 0.056481 0.000209 0.928134 0.015176
 0.970429 0.015802 0.013555 0.000214
 0.971754 0.027823 0.000209 0.000214
 0.000214 0.123262 0.000209 0.876315
 0.080952 0.058273 0.860561 0.000214
 0.999368 0.000209 0.000209 0.000214
 0.999368 0.000209 0.000209 0.000214
 0.000214 0.104185 0.021030 0.874570
 0.055638 0.019002 0.925146 0.000214
 0.591276 0.137595 0.203213 0.067917
 0.706688 0.048443 0.213052 0.031817

MOTIF 38-CGCATGCGCA STREME-38
letter-probability matrix: alength= 4 w= 10 nsites= 168 E= 3.3e-002
 0.040225 0.938433 0.000355 0.020987
 0.000364 0.000355 0.998916 0.000364
 0.000364 0.988025 0.001281 0.010330
 0.817157 0.125663 0.051382 0.005797
 0.019653 0.070032 0.186101 0.724214
 0.000364 0.010316 0.978990 0.010330
 0.002027 0.937207 0.000611 0.060155
 0.023930 0.011987 0.904617 0.059466
 0.000364 0.953484 0.005927 0.040225
 0.960163 0.002453 0.033779 0.003605

MOTIF 39-ACTTCAAAG STREME-39
letter-probability matrix: alength= 4 w= 9 nsites= 111 E= 5.1e-002
 0.932118 0.022427 0.022427 0.023027
 0.023027 0.931518 0.022427 0.023027
 0.023027 0.022427 0.022427 0.932118
 0.023027 0.022427 0.022427 0.932118
 0.023027 0.931518 0.022427 0.023027
 0.932118 0.022427 0.022427 0.023027
 0.932118 0.022427 0.022427 0.023027
 0.932118 0.022427 0.022427 0.023027
 0.023027 0.022427 0.931518 0.023027

MOTIF 40-GCGTAGGACCCTCCG STREME-40
letter-probability matrix: alength= 4 w= 15 nsites= 89 E= 7.1e-002
 0.027102 0.000474 0.971937 0.000487
 0.013794 0.812245 0.067013 0.106948
 0.160179 0.027089 0.798937 0.013794
 0.000487 0.013782 0.000474 0.985257
 0.958642 0.013782 0.027089 0.000487
 0.000487 0.067013 0.932014 0.000487
 0.000487 0.000474 0.998553 0.000487
 0.985257 0.000474 0.000474 0.013794
 0.040410 0.918706 0.013782 0.027102
 0.000487 0.998553 0.000474 0.000487
 0.013794 0.971937 0.000474 0.013794
 0.000487 0.013782 0.027089 0.958642
 0.000487 0.971937 0.000474 0.027102
 0.000487 0.665860 0.013782 0.319872
 0.133564 0.040397 0.825552 0.000487

MOTIF 41-CAGGAGTTCRAGACC STREME-41
letter-probability matrix: alength= 4 w= 15 nsites= 103 E= 7.5e-002
 0.022102 0.966262 0.000387 0.011249
 0.977125 0.000387 0.011239 0.011249
 0.065512 0.011239 0.922852 0.000397
 0.043807 0.000387 0.955409 0.000397
 0.977125 0.011239 0.011239 0.000397
 0.043807 0.032944 0.922852 0.000397
 0.032955 0.022092 0.000387 0.944567
 0.011249 0.022092 0.011239 0.955420
 0.011249 0.662391 0.022092 0.304268
 0.434498 0.000387 0.564718 0.000397
 0.987977 0.000387 0.000387 0.011249
 0.022102 0.011239 0.966262 0.000397
 0.998830 0.000387 0.000387 0.000397
 0.022102 0.911999 0.000387 0.065512
 0.000397 0.911999 0.011239 0.076365

MOTIF 42-AAGATGGCGGCG STREME-42
letter-probability matrix: alength= 4 w= 12 nsites= 183 E= 9.1e-002
 0.807980 0.052052 0.111025 0.028944
 0.832197 0.063418 0.017975 0.086410
 0.060061 0.103645 0.795858 0.040437
 0.854077 0.079910 0.065802 0.000210
 0.034690 0.054309 0.032428 0.878573
 0.000210 0.028938 0.964895 0.005957
 0.000210 0.014082 0.971621 0.014087
 0.000210 0.946252 0.008335 0.045202
 0.000210 0.054309 0.945271 0.000210
 0.086410 0.086935 0.772341 0.054314
 0.054658 0.817095 0.031322 0.096925
 0.084557 0.165879 0.681373 0.068191

MOTIF 43-GCAAATA STREME-43
letter-probability matrix: alength= 4 w= 7 nsites= 307 E= 1.0e-001
 0.023027 0.022427 0.931518 0.023027
 0.023027 0.931518 0.022427 0.023027
 0.932118 0.022427 0.022427 0.023027
 0.932118 0.022427 0.022427 0.023027
 0.932118 0.022427 0.022427 0.023027
 0.023027 0.022427 0.022427 0.932118
 0.932118 0.022427 0.022427 0.023027

MOTIF 44-AGATAA STREME-44
letter-probability matrix: alength= 4 w= 6 nsites= 1672 E= 1.1e-001
 0.932118 0.022427 0.022427 0.023027
 0.023027 0.022427 0.931518 0.023027
 0.932118 0.022427 0.022427 0.023027
 0.023027 0.022427 0.022427 0.932118
 0.932118 0.022427 0.022427 0.023027
 0.932118 0.022427 0.022427 0.023027

MOTIF 45-AAATCAATA STREME-45
letter-probability matrix: alength= 4 w= 9 nsites= 459 E= 1.7e-001
 0.540366 0.197099 0.145619 0.116916
 0.812301 0.045973 0.113570 0.028155
 0.959640 0.000363 0.039624 0.000373
 0.000373 0.000363 0.000363 0.998901
 0.000373 0.998891 0.000363 0.000373
 0.946630 0.000363 0.050632 0.002375
 0.998901 0.000363 0.000363 0.000373
 0.000373 0.000363 0.000363 0.998901
 0.998901 0.000363 0.000363 0.000373

MOTIF 46-CCCAGCC STREME-46
letter-probability matrix: alength= 4 w= 7 nsites= 1428 E= 3.5e-001
 0.023027 0.931518 0.022427 0.023027
 0.023027 0.931518 0.022427 0.023027
 0.023027 0.931518 0.022427 0.023027
 0.932118 0.022427 0.022427 0.023027
 0.023027 0.022427 0.931518 0.023027
 0.023027 0.931518 0.022427 0.023027
 0.023027 0.931518 0.022427 0.023027

MOTIF 47-GAACAAAGR STREME-47
letter-probability matrix: alength= 4 w= 9 nsites= 1417 E= 4.4e-001
 0.092465 0.011362 0.886288 0.009885
 0.766641 0.006849 0.125884 0.100625
 0.754071 0.047691 0.062592 0.135645
 0.000217 0.984684 0.011968 0.003131
 0.986198 0.007907 0.005678 0.000217
 0.979068 0.007477 0.013238 0.000217
 0.891062 0.008337 0.000211 0.100390
 0.000217 0.008456 0.850705 0.140622
 0.568233 0.012327 0.378575 0.040865

MOTIF 48-GTTTACTCA STREME-48
letter-probability matrix: alength= 4 w= 9 nsites= 344 E= 5.1e-001
 0.000514 0.000500 0.998473 0.000514
 0.052549 0.065549 0.103965 0.777938
 0.000514 0.000500 0.048894 0.950093
 0.000514 0.000500 0.164031 0.834955
 0.998486 0.000500 0.000500 0.000514
 0.062131 0.877042 0.000500 0.060326
 0.000514 0.042736 0.063214 0.893537
 0.000514 0.885688 0.000500 0.113298
 0.998486 0.000500 0.000500 0.000514

MOTIF 49-GCCAGGCAC STREME-49
letter-probability matrix: alength= 4 w= 9 nsites= 359 E= 5.1e-001
 0.000716 0.000697 0.997871 0.000716
 0.000716 0.997871 0.000697 0.000716
 0.000716 0.879418 0.008860 0.111006
 0.859835 0.010724 0.128725 0.000716
 0.166331 0.004335 0.778132 0.051202
 0.000716 0.000697 0.997871 0.000716
 0.000716 0.975936 0.000697 0.022651
 0.834475 0.000697 0.164112 0.000716
 0.000716 0.997871 0.000697 0.000716

MOTIF 50-GYCACGTGRC STREME-50
letter-probability matrix: alength= 4 w= 10 nsites= 457 E= 5.2e-001
 0.169436 0.170324 0.660111 0.000130
 0.056007 0.443264 0.102330 0.398399
 0.067398 0.859013 0.001896 0.071692
 0.994303 0.000126 0.005441 0.000130
 0.000130 0.889218 0.000126 0.110526
 0.110526 0.000126 0.889218 0.000130
 0.000130 0.005441 0.000126 0.994303
 0.071692 0.001896 0.859013 0.067398
 0.398399 0.102330 0.443264 0.056007
 0.000130 0.660111 0.170324 0.169436

MOTIF 51-AGGAAATGM STREME-51
letter-probability matrix: alength= 4 w= 9 nsites= 860 E= 5.8e-001
 0.880903 0.075723 0.020718 0.022656
 0.000203 0.096431 0.871359 0.032007
 0.000203 0.091405 0.836578 0.071813
 0.987783 0.002238 0.000198 0.009782
 0.895946 0.103653 0.000198 0.000203
 0.799600 0.000198 0.199998 0.000203
 0.000203 0.250812 0.021414 0.727570
 0.017932 0.048716 0.933149 0.000203
 0.349870 0.495027 0.110007 0.045096

MOTIF 52-GGGAAGAGG STREME-52
letter-probability matrix: alength= 4 w= 9 nsites= 2006 E= 5.9e-001
 0.063575 0.054938 0.881311 0.000176
 0.019383 0.101442 0.879000 0.000176
 0.000176 0.005982 0.991898 0.001945
 0.837411 0.096182 0.014139 0.052269
 0.600396 0.249429 0.149998 0.000176
 0.011035 0.000171 0.982533 0.006261
 0.707633 0.024509 0.019184 0.248673
 0.026308 0.130868 0.763985 0.078839
 0.179389 0.000171 0.794159 0.026281

MOTIF 53-AGTCATCACCAYTC STREME-53
letter-probability matrix: alength= 4 w= 14 nsites= 66 E= 6.0e-001
 0.980753 0.000619 0.000619 0.018009
 0.018009 0.000619 0.980737 0.000635
 0.007842 0.017992 0.000619 0.973547
 0.000635 0.998110 0.000619 0.000635
 0.946007 0.000619 0.052739 0.000635
 0.000635 0.052739 0.035366 0.911260
 0.000635 0.963363 0.000619 0.035382
 0.772272 0.017992 0.191726 0.018009
 0.000635 0.963363 0.000619 0.035382
 0.000635 0.980737 0.000619 0.018009
 0.980753 0.017992 0.000619 0.000635
 0.035382 0.626062 0.000619 0.337937
 0.035382 0.000619 0.017992 0.946007
 0.000635 0.980737 0.017992 0.000635

MOTIF 54-ACCAAGCTCRAGCRT STREME-54
letter-probability matrix: alength= 4 w= 15 nsites= 97 E= 6.0e-001
 0.909048 0.000400 0.078924 0.011628
 0.000410 0.976344 0.000400 0.022846
 0.000410 0.942691 0.011617 0.045281
 0.998791 0.000400 0.000400 0.000410
 0.965137 0.000400 0.011617 0.022846
 0.022846 0.000400 0.965127 0.011628
 0.000410 0.965127 0.000400 0.034064
 0.000410 0.000400 0.000400 0.998791
 0.000410 0.707118 0.090142 0.202330
 0.235983 0.224755 0.471545 0.067717
 0.987573 0.011617 0.000400 0.000410
 0.034064 0.056488 0.909038 0.000410
 0.056499 0.729554 0.000400 0.213548
 0.561298 0.000400 0.404239 0.034064
 0.000410 0.045271 0.000400 0.953920

MOTIF 55-ATTAGCCRGGCRTGG STREME-55
letter-probability matrix: alength= 4 w= 15 nsites= 104 E= 6.0e-001
 0.946315 0.042416 0.010885 0.000384
 0.000384 0.000374 0.000374 0.998867
 0.010895 0.052926 0.010885 0.925294
 0.977846 0.000374 0.021395 0.000384
 0.073957 0.010885 0.893753 0.021405
 0.000384 0.998857 0.000374 0.000384
 0.000384 0.715078 0.021395 0.263143
 0.515391 0.010885 0.441809 0.031915
 0.073957 0.000374 0.914774 0.010895
 0.052936 0.042416 0.893753 0.010895
 0.021405 0.652016 0.010885 0.315695
 0.431308 0.000374 0.567933 0.000384
 0.000384 0.000374 0.010885 0.988356
 0.031915 0.031905 0.893753 0.042426
 0.073957 0.021395 0.883243 0.021405

MOTIF 56-AAAGCACATCYTGCA STREME-56
letter-probability matrix: alength= 4 w= 15 nsites= 59 E= 6.0e-001
 0.997761 0.000740 0.000740 0.000760
 0.997761 0.000740 0.000740 0.000760
 0.956219 0.000740 0.042282 0.000760
 0.021531 0.000740 0.976970 0.000760
 0.000760 0.997741 0.000740 0.000760
 0.997761 0.000740 0.000740 0.000760
 0.000760 0.997741 0.000740 0.000760
 0.997761 0.000740 0.000740 0.000760
 0.000760 0.021511 0.000740 0.976990
 0.000760 0.956199 0.000740 0.042301
 0.000760 0.520011 0.000740 0.478489
 0.000760 0.021511 0.000740 0.976990
 0.000760 0.000740 0.997741 0.000760
 0.000760 0.997741 0.000740 0.000760
 0.976990 0.000740 0.021511 0.000760

MOTIF 57-CACGTGC STREME-57
letter-probability matrix: alength= 4 w= 7 nsites= 253 E= 6.2e-001
 0.023027 0.931518 0.022427 0.023027
 0.932118 0.022427 0.022427 0.023027
 0.023027 0.931518 0.022427 0.023027
 0.023027 0.022427 0.931518 0.023027
 0.023027 0.022427 0.022427 0.932118
 0.023027 0.022427 0.931518 0.023027
 0.023027 0.931518 0.022427 0.023027

MOTIF 58-GTTAATMTGTAACYH STREME-58
letter-probability matrix: alength= 4 w= 15 nsites= 225 E= 7.4e-001
 0.097468 0.000128 0.902271 0.000132
 0.007342 0.046994 0.028969 0.916695
 0.061418 0.000128 0.026859 0.911595
 0.862619 0.043389 0.093860 0.000132
 0.907990 0.062910 0.000128 0.028972
 0.239561 0.072229 0.000128 0.688081
 0.304452 0.504222 0.126304 0.065023
 0.313770 0.028969 0.025364 0.631897
 0.102569 0.115490 0.554691 0.227250
 0.026863 0.108280 0.000128 0.864729
 0.830175 0.000128 0.090253 0.079443
 0.830174 0.046994 0.093860 0.028972
 0.003737 0.918801 0.003733 0.073728
 0.167460 0.398180 0.028969 0.405392
 0.356418 0.362129 0.046994 0.234459

MOTIF 59-ACYCYRTCTCWA STREME-59
letter-probability matrix: alength= 4 w= 12 nsites= 157 E= 8.3e-001
 0.999317 0.000226 0.000226 0.000232
 0.000232 0.815063 0.000226 0.184480
 0.019231 0.641442 0.000226 0.339101
 0.015525 0.908023 0.006559 0.069893
 0.040857 0.354879 0.006559 0.597705
 0.336474 0.040851 0.622443 0.000232
 0.000232 0.000226 0.000226 0.999317
 0.000232 0.910648 0.057223 0.031897
 0.000232 0.000226 0.000226 0.999317
 0.000232 0.999311 0.000226 0.000232
 0.329088 0.000226 0.012892 0.657794
 0.999317 0.000226 0.000226 0.000232

MOTIF 60-RTTGCTYAAY STREME-60
letter-probability matrix: alength= 4 w= 10 nsites= 464 E= 1.3e+000
 0.642005 0.000252 0.357485 0.000259
 0.000259 0.000252 0.000252 0.999238
 0.000259 0.000252 0.000252 0.999238
 0.154876 0.000252 0.844614 0.000259
 0.010413 0.960355 0.028974 0.000259
 0.000259 0.220320 0.000252 0.779170
 0.053689 0.573202 0.000252 0.372858
 0.997878 0.000252 0.000252 0.001619
 0.950750 0.043922 0.000252 0.005076
 0.000259 0.572709 0.000252 0.426781

MOTIF 61-AAATCAAACA STREME-61
letter-probability matrix: alength= 4 w= 10 nsites= 64 E= 1.5e+000
 0.996298 0.001223 0.001223 0.001256
 0.996298 0.001223 0.001223 0.001256
 0.996298 0.001223 0.001223 0.001256
 0.001256 0.001223 0.001223 0.996298
 0.001256 0.996265 0.001223 0.001256
 0.986025 0.001223 0.011496 0.001256
 0.996298 0.001223 0.001223 0.001256
 0.795613 0.001223 0.001223 0.201941
 0.001256 0.996265 0.001223 0.001256
 0.858944 0.001223 0.138576 0.001256

MOTIF 62-AAACCGCCTACT STREME-62
letter-probability matrix: alength= 4 w= 12 nsites= 109 E= 1.5e+000
 0.929341 0.011983 0.046682 0.011994
 0.998752 0.000412 0.000412 0.000423
 0.987182 0.011983 0.000412 0.000423
 0.011994 0.947666 0.011983 0.028358
 0.000423 0.721047 0.011983 0.266547
 0.170233 0.002639 0.803563 0.023564
 0.000423 0.998741 0.000412 0.000423
 0.000423 0.998741 0.000412 0.000423
 0.000423 0.000412 0.000412 0.998752
 0.998752 0.000412 0.000412 0.000423
 0.011994 0.975600 0.000412 0.011994
 0.011994 0.000412 0.000412 0.987182

MOTIF 63-GGCCTTGCTGA STREME-63
letter-probability matrix: alength= 4 w= 11 nsites= 150 E= 1.9e+000
 0.048374 0.000366 0.901247 0.050013
 0.000376 0.010631 0.952900 0.036093
 0.025193 0.939543 0.002081 0.033184
 0.005928 0.854013 0.004630 0.135429
 0.006615 0.000366 0.025183 0.967836
 0.031213 0.007051 0.000366 0.961369
 0.033184 0.000366 0.966074 0.000376
 0.001332 0.849760 0.025183 0.123726
 0.005928 0.004630 0.000366 0.989076
 0.017619 0.025879 0.953051 0.003451
 0.992652 0.006605 0.000366 0.000376

MOTIF 64-GTCAACA STREME-64
letter-probability matrix: alength= 4 w= 7 nsites= 196 E= 2.2e+000
 0.023027 0.022427 0.931518 0.023027
 0.023027 0.022427 0.022427 0.932118
 0.023027 0.931518 0.022427 0.023027
 0.932118 0.022427 0.022427 0.023027
 0.932118 0.022427 0.022427 0.023027
 0.023027 0.931518 0.022427 0.023027
 0.932118 0.022427 0.022427 0.023027

MOTIF 65-AGGAAGCA STREME-65
letter-probability matrix: alength= 4 w= 8 nsites= 216 E= 2.2e+000
 0.932118 0.022427 0.022427 0.023027
 0.023027 0.022427 0.931518 0.023027
 0.023027 0.022427 0.931518 0.023027
 0.932118 0.022427 0.022427 0.023027
 0.932118 0.022427 0.022427 0.023027
 0.023027 0.022427 0.931518 0.023027
 0.023027 0.931518 0.022427 0.023027
 0.932118 0.022427 0.022427 0.023027

MOTIF 66-TRTTTAAAYA STREME-66
letter-probability matrix: alength= 4 w= 10 nsites= 228 E= 2.4e+000
 0.000575 0.000560 0.058791 0.940075
 0.363379 0.000560 0.635487 0.000575
 0.000575 0.000560 0.020986 0.977880
 0.000575 0.025629 0.000560 0.973236
 0.000575 0.093857 0.000560 0.905009
 0.905009 0.000560 0.093857 0.000575
 0.973236 0.000560 0.025629 0.000575
 0.977880 0.020986 0.000560 0.000575
 0.000575 0.635487 0.000560 0.363379
 0.940075 0.058791 0.000560 0.000575

MOTIF 67-CTGCCTTCAAG STREME-67
letter-probability matrix: alength= 4 w= 11 nsites= 44 E= 2.4e+000
 0.023027 0.931518 0.022427 0.023027
 0.023027 0.022427 0.022427 0.932118
 0.023027 0.022427 0.931518 0.023027
 0.023027 0.931518 0.022427 0.023027
 0.023027 0.931518 0.022427 0.023027
 0.023027 0.022427 0.022427 0.932118
 0.023027 0.022427 0.022427 0.932118
 0.023027 0.931518 0.022427 0.023027
 0.932118 0.022427 0.022427 0.023027
 0.932118 0.022427 0.022427 0.023027
 0.023027 0.022427 0.931518 0.023027

MOTIF 68-AATCCATTWAAC STREME-68
letter-probability matrix: alength= 4 w= 12 nsites= 62 E= 2.4e+000
 0.969877 0.000509 0.000509 0.029105
 0.969877 0.000509 0.014800 0.014814
 0.006451 0.006437 0.000509 0.986602
 0.000523 0.984154 0.000509 0.014814
 0.014814 0.941281 0.043383 0.000523
 0.969877 0.014800 0.000509 0.014814
 0.000523 0.000509 0.000509 0.998459
 0.014808 0.014794 0.014800 0.955598
 0.584015 0.029091 0.014800 0.372094
 0.998459 0.000509 0.000509 0.000523
 0.984168 0.000509 0.014800 0.000523
 0.071979 0.855534 0.043383 0.029105

MOTIF 69-CCTAGTCTCTGA STREME-69
letter-probability matrix: alength= 4 w= 12 nsites= 68 E= 2.4e+000
 0.017202 0.915218 0.017186 0.050393
 0.033798 0.915218 0.033782 0.017202
 0.000607 0.000591 0.000591 0.998211
 0.915234 0.000591 0.083568 0.000607
 0.083583 0.007475 0.901450 0.007491
 0.000607 0.053559 0.000591 0.945243
 0.007491 0.974715 0.000591 0.017202
 0.017202 0.017186 0.033782 0.931830
 0.000607 0.981600 0.017186 0.000607
 0.000607 0.066972 0.050377 0.882044
 0.017202 0.000591 0.931814 0.050393
 0.920587 0.000591 0.033782 0.045040

MOTIF 70-AACCTCTGCCTCC STREME-70
letter-probability matrix: alength= 4 w= 13 nsites= 74 E= 2.4e+000
 0.959269 0.023419 0.000575 0.016737
 0.930568 0.000575 0.052120 0.016737
 0.000591 0.858137 0.049013 0.092259
 0.000591 0.869076 0.097451 0.032883
 0.032883 0.032867 0.016721 0.917529
 0.000591 0.917514 0.000575 0.081321
 0.032883 0.049013 0.000575 0.917529
 0.129759 0.032867 0.836784 0.000591
 0.046278 0.920264 0.000575 0.032883
 0.000591 0.982098 0.000575 0.016737
 0.000591 0.000575 0.016721 0.982113
 0.097467 0.885222 0.016721 0.000591
 0.000591 0.813940 0.120295 0.065175

MOTIF 71-YRCATTCC STREME-71
letter-probability matrix: alength= 4 w= 8 nsites= 792 E= 2.7e+000
 0.000408 0.567426 0.000397 0.431768
 0.657085 0.000397 0.342109 0.000408
 0.000408 0.998787 0.000397 0.000408
 0.969243 0.000397 0.029952 0.000408
 0.000408 0.000397 0.000397 0.998797
 0.000408 0.000397 0.000397 0.998797
 0.000408 0.998787 0.000397 0.000408
 0.000408 0.998787 0.000397 0.000408

MOTIF 72-CTTCCTTCC STREME-72
letter-probability matrix: alength= 4 w= 9 nsites= 1657 E= 3.2e+000
 0.035429 0.927055 0.000200 0.037317
 0.000205 0.111740 0.009722 0.878333
 0.000205 0.061816 0.032345 0.905633
 0.000205 0.910113 0.000200 0.089482
 0.041611 0.957984 0.000200 0.000205
 0.032904 0.050515 0.007421 0.909160
 0.015758 0.074072 0.098992 0.811178
 0.000205 0.936106 0.000200 0.063489
 0.000205 0.948710 0.024737 0.026348

MOTIF 73-CTTTGTCTC STREME-73
letter-probability matrix: alength= 4 w= 9 nsites= 140 E= 3.4e+000
 0.023027 0.931518 0.022427 0.023027
 0.023027 0.022427 0.022427 0.932118
 0.023027 0.022427 0.022427 0.932118
 0.023027 0.022427 0.022427 0.932118
 0.023027 0.022427 0.931518 0.023027
 0.023027 0.022427 0.022427 0.932118
 0.023027 0.931518 0.022427 0.023027
 0.023027 0.022427 0.022427 0.932118
 0.023027 0.931518 0.022427 0.023027

MOTIF 74-CTGCAGCCKC STREME-74
letter-probability matrix: alength= 4 w= 10 nsites= 1028 E= 3.6e+000
 0.004850 0.980845 0.005005 0.009301
 0.000275 0.126916 0.188969 0.683840
 0.008230 0.000268 0.955309 0.036194
 0.004941 0.972496 0.000268 0.022295
 0.527289 0.215655 0.178401 0.078655
 0.014106 0.002499 0.975619 0.007776
 0.003543 0.982407 0.000268 0.013782
 0.007771 0.861615 0.111096 0.019518
 0.027516 0.023726 0.337250 0.611508
 0.023907 0.975550 0.000268 0.000275

MOTIF 75-GGGTAMTTRASATT STREME-75
letter-probability matrix: alength= 4 w= 14 nsites= 55 E= 4.8e+000
 0.216644 0.018640 0.764058 0.000658
 0.000658 0.000641 0.944046 0.054655
 0.000658 0.018640 0.980043 0.000658
 0.000658 0.000641 0.000641 0.998059
 0.998059 0.000641 0.000641 0.000658
 0.450629 0.548072 0.000641 0.000658
 0.000658 0.018640 0.054638 0.926064
 0.018657 0.044105 0.000641 0.936597
 0.422097 0.000641 0.576603 0.000658
 0.998059 0.000641 0.000641 0.000658
 0.000658 0.450611 0.548072 0.000658
 0.998059 0.000641 0.000641 0.000658
 0.018657 0.080103 0.018640 0.882600
 0.000658 0.054638 0.018640 0.926064

MOTIF 76-CTAAAAATACAAAA STREME-76
letter-probability matrix: alength= 4 w= 14 nsites= 42 E= 9.6e+000
 0.000934 0.997221 0.000910 0.000934
 0.052027 0.000910 0.000910 0.946153
 0.920606 0.000910 0.052003 0.026481
 0.869513 0.077549 0.052003 0.000934
 0.997246 0.000910 0.000910 0.000934
 0.997246 0.000910 0.000910 0.000934
 0.895060 0.052003 0.052003 0.000934
 0.000934 0.077549 0.000910 0.920606
 0.895060 0.000910 0.103096 0.000934
 0.000934 0.946128 0.052003 0.000934
 0.971699 0.026456 0.000910 0.000934
 0.997246 0.000910 0.000910 0.000934
 0.971699 0.026456 0.000910 0.000934
 0.997246 0.000910 0.000910 0.000934

MOTIF 77-AAGTACACAC STREME-77
letter-probability matrix: alength= 4 w= 10 nsites= 182 E= 1.1e+001
 0.959463 0.000317 0.000317 0.039903
 0.700566 0.298791 0.000317 0.000325
 0.031506 0.039713 0.928456 0.000325
 0.000325 0.199624 0.036566 0.763485
 0.930548 0.000317 0.000317 0.068818
 0.000325 0.992969 0.006380 0.000325
 0.741386 0.015247 0.239329 0.004037
 0.025427 0.958078 0.000317 0.016178
 0.798984 0.035038 0.130683 0.035295
 0.110364 0.771544 0.000317 0.117776

********************************************************************************
Stopped because 3 consecutive motifs exceeded the p-value threshold (0.05).
********************************************************************************
COMMAND:	streme --verbosity 1 --oc meme_out_incomplete_DL/HepG2_FOXA2-human_ENCFF296CWC/streme_out -dna --seed 0 --p meme_out_incomplete_DL/HepG2_FOXA2-human_ENCFF296CWC/seqs-centered --minw 6 --maxw 15 --time 6159 --order 2 --thresh 0.05 --align center --totallength 4000000 --parse-genomic-coord
********************************************************************************
CPU:		9f05ee173ae9
********************************************************************************
FINALTIME:	3672.37 seconds
********************************************************************************
