********************************************************************************
STREME - Sensitive, Thorough, Rapid, Enriched Motif Elicitation
********************************************************************************
MEME version 5.5.3 (Release date: Sat Jun 10 16:19:38 2023 -0700)

For further information on how to interpret these results please access http://localhost:8080/meme_5.5.3.
To get a copy of the MEME Suite software please access https://meme-suite.org.

********************************************************************************


********************************************************************************
REFERENCE
********************************************************************************
If you use this program in your research, please cite:

Timothy L. Bailey,
"STREME: accurate and versatile sequence motif discovery",
Bioinformatics, Mar. 24, 2021.
********************************************************************************


ALPHABET= ACGT

strands: + -

Background letter frequencies
A 0.188 C 0.312 G 0.312 T 0.188 

MOTIF 1-CSGCCCCGCCCCB STREME-1
letter-probability matrix: alength= 4 w= 13 nsites= 3033 E= 5.7e-024
 0.213409 0.482837 0.117056 0.186698
 0.224277 0.238129 0.456272 0.081322
 0.131293 0.017173 0.752398 0.099137
 0.009973 0.957911 0.000021 0.032095
 0.000013 0.965778 0.000021 0.034188
 0.168989 0.830977 0.000021 0.000013
 0.000013 0.999953 0.000021 0.000013
 0.164510 0.000021 0.814656 0.020813
 0.019435 0.979859 0.000021 0.000684
 0.000013 0.999953 0.000021 0.000013
 0.000013 0.955294 0.000021 0.044672
 0.187778 0.661037 0.039870 0.111315
 0.118092 0.352693 0.284281 0.244934

MOTIF 2-CGCCGCCGCCGCCG STREME-2
letter-probability matrix: alength= 4 w= 14 nsites= 592 E= 2.1e-011
 0.081974 0.743670 0.000094 0.174263
 0.009617 0.006566 0.983760 0.000056
 0.006307 0.922879 0.006345 0.064470
 0.050752 0.819643 0.037598 0.092007
 0.036845 0.000094 0.956754 0.006307
 0.003182 0.920618 0.008428 0.067772
 0.036527 0.747808 0.083002 0.132664
 0.014464 0.000094 0.972812 0.012630
 0.020892 0.850263 0.000094 0.128751
 0.012558 0.925827 0.000094 0.061521
 0.137979 0.006046 0.849468 0.006508
 0.008391 0.882214 0.000094 0.109302
 0.000056 0.978115 0.019540 0.002289
 0.114664 0.050313 0.770480 0.064543

MOTIF 3-ARTAAAYA STREME-3
letter-probability matrix: alength= 4 w= 8 nsites= 1652 E= 1.8e-009
 0.653512 0.000133 0.054268 0.292088
 0.505327 0.000133 0.494460 0.000080
 0.000080 0.332952 0.000133 0.666836
 0.793031 0.206756 0.000133 0.000080
 0.987312 0.000133 0.000133 0.012423
 0.973358 0.000133 0.000133 0.026377
 0.000080 0.386464 0.000133 0.613323
 0.999655 0.000133 0.000133 0.000080

MOTIF 4-CACTTCCGGBBC STREME-4
letter-probability matrix: alength= 4 w= 12 nsites= 1086 E= 3.0e-009
 0.098090 0.645671 0.118166 0.138073
 0.866981 0.000051 0.132938 0.000031
 0.000031 0.995151 0.004788 0.000031
 0.009070 0.000051 0.000051 0.990829
 0.020368 0.000051 0.000051 0.979530
 0.000031 0.982940 0.000051 0.016979
 0.000031 0.999888 0.000051 0.000031
 0.020741 0.011768 0.691322 0.276169
 0.024227 0.271296 0.600682 0.103795
 0.017004 0.374031 0.220703 0.388261
 0.132268 0.255580 0.208895 0.403257
 0.089011 0.477115 0.205980 0.227894

MOTIF 5-CCTGTAATCCCAGCW STREME-5
letter-probability matrix: alength= 4 w= 15 nsites= 372 E= 5.9e-009
 0.009390 0.915943 0.018751 0.055917
 0.006288 0.968674 0.009445 0.015593
 0.003186 0.015649 0.009445 0.971720
 0.042983 0.006343 0.941284 0.009390
 0.013779 0.028056 0.006343 0.951822
 0.953109 0.018751 0.015649 0.012491
 0.779406 0.009445 0.201759 0.009390
 0.009390 0.024954 0.001427 0.964229
 0.009390 0.950063 0.006343 0.034204
 0.031102 0.903535 0.012547 0.052815
 0.015593 0.925248 0.009445 0.049713
 0.967331 0.010733 0.018751 0.003186
 0.052815 0.021853 0.922146 0.003186
 0.137852 0.802989 0.012547 0.046612
 0.399694 0.012547 0.049769 0.537990

MOTIF 6-CCAGCCTGGSCAACA STREME-6
letter-probability matrix: alength= 4 w= 15 nsites= 292 E= 1.0e-007
 0.011417 0.943053 0.011485 0.034046
 0.011417 0.961910 0.003941 0.022731
 0.980700 0.011485 0.007713 0.000102
 0.022731 0.000170 0.886480 0.090619
 0.015188 0.939281 0.000170 0.045361
 0.000102 0.961910 0.011485 0.026503
 0.003874 0.003941 0.000170 0.992015
 0.026503 0.019028 0.943053 0.011417
 0.086847 0.007713 0.905338 0.000102
 0.000102 0.362237 0.622473 0.015188
 0.030274 0.735619 0.000170 0.233937
 0.697835 0.019028 0.275492 0.007645
 0.980700 0.003941 0.015256 0.000102
 0.007645 0.920424 0.022799 0.049132
 0.969386 0.000170 0.019028 0.011417

MOTIF 7-CTCACTGCAACCTC STREME-7
letter-probability matrix: alength= 4 w= 14 nsites= 160 E= 3.2e-006
 0.007489 0.933652 0.000329 0.058530
 0.007489 0.000329 0.000329 0.991854
 0.000197 0.940944 0.000329 0.058530
 0.984562 0.000329 0.000329 0.014781
 0.000197 0.962819 0.007620 0.029364
 0.007489 0.073244 0.029495 0.889772
 0.051239 0.000329 0.948235 0.000197
 0.007489 0.933652 0.000329 0.058530
 0.948104 0.036786 0.014912 0.000197
 0.743940 0.014912 0.219076 0.022072
 0.014781 0.868028 0.087828 0.029364
 0.007489 0.948235 0.007620 0.036655
 0.007489 0.036786 0.000329 0.955396
 0.007489 0.787820 0.022203 0.182487

MOTIF 8-GCCTCRGCCTCCCAA STREME-8
letter-probability matrix: alength= 4 w= 15 nsites= 392 E= 9.1e-006
 0.275907 0.018402 0.671430 0.034260
 0.000077 0.937048 0.008674 0.054201
 0.000077 0.919957 0.028614 0.051352
 0.000077 0.002977 0.005826 0.991120
 0.000077 0.789405 0.002977 0.207541
 0.549373 0.022433 0.419571 0.008623
 0.054201 0.004159 0.941563 0.000077
 0.025715 0.939897 0.000128 0.034260
 0.011472 0.925654 0.005826 0.057049
 0.000077 0.000128 0.005826 0.993969
 0.005774 0.937048 0.017220 0.039958
 0.000077 0.948443 0.008674 0.042806
 0.017169 0.809829 0.018402 0.154600
 0.671379 0.017220 0.288535 0.022866
 0.919207 0.017220 0.063496 0.000077

MOTIF 9-ACTACAWYTCCCAG STREME-9
letter-probability matrix: alength= 4 w= 14 nsites= 250 E= 2.6e-005
 0.972891 0.026789 0.000200 0.000120
 0.000120 0.999560 0.000200 0.000120
 0.000120 0.031221 0.000200 0.968459
 0.932594 0.000200 0.047521 0.019686
 0.000120 0.999560 0.000200 0.000120
 0.848806 0.031221 0.110990 0.008983
 0.503895 0.134987 0.068513 0.292605
 0.053299 0.370274 0.128716 0.447711
 0.048868 0.048947 0.009063 0.893122
 0.004552 0.986266 0.000200 0.008983
 0.000120 0.999560 0.000200 0.000120
 0.004552 0.977402 0.009063 0.008983
 0.776062 0.000200 0.210324 0.013415
 0.097615 0.053379 0.760254 0.088752

MOTIF 10-AACTCCTGRCCTCAR STREME-10
letter-probability matrix: alength= 4 w= 15 nsites= 228 E= 2.6e-005
 0.979971 0.000219 0.019678 0.000132
 0.824298 0.073191 0.019678 0.082833
 0.019591 0.921681 0.014814 0.043915
 0.009861 0.009949 0.000219 0.979971
 0.000132 0.926546 0.014814 0.058509
 0.000132 0.931410 0.019678 0.048779
 0.009861 0.044002 0.000219 0.945917
 0.034185 0.000219 0.950870 0.014726
 0.622823 0.005084 0.371961 0.000132
 0.073103 0.632640 0.253188 0.041069
 0.000132 0.936275 0.014814 0.048779
 0.000132 0.000219 0.005084 0.994565
 0.009861 0.946005 0.009949 0.034185
 0.848622 0.000219 0.141298 0.009861
 0.532411 0.005084 0.292106 0.170399

MOTIF 11-AACCCCRTCTCTA STREME-11
letter-probability matrix: alength= 4 w= 13 nsites= 213 E= 5.2e-005
 0.720398 0.000237 0.279222 0.000143
 0.973064 0.021293 0.005501 0.000143
 0.000143 0.936311 0.000237 0.063309
 0.031726 0.728836 0.005501 0.233937
 0.000143 0.857353 0.000237 0.142267
 0.021198 0.681461 0.021293 0.276048
 0.358086 0.000237 0.625743 0.015934
 0.000143 0.047612 0.000237 0.952008
 0.010670 0.946839 0.005501 0.036990
 0.005406 0.000237 0.005501 0.988855
 0.000143 0.973158 0.000237 0.026462
 0.184378 0.010765 0.010765 0.794092
 0.976143 0.000237 0.018213 0.005406

MOTIF 12-CGCCCCCTGSYGGC STREME-12
letter-probability matrix: alength= 4 w= 14 nsites= 361 E= 5.3e-005
 0.000075 0.719795 0.000125 0.280005
 0.000075 0.000125 0.994162 0.005637
 0.044570 0.912361 0.000125 0.042944
 0.000075 0.991381 0.005687 0.002856
 0.266100 0.719465 0.000125 0.014310
 0.000075 0.722812 0.008468 0.268645
 0.002856 0.991381 0.005687 0.000075
 0.000075 0.000125 0.000125 0.999674
 0.136341 0.094463 0.719063 0.050132
 0.000075 0.341801 0.644143 0.013980
 0.019542 0.438003 0.000125 0.542330
 0.000075 0.000125 0.999724 0.000075
 0.027412 0.037432 0.889432 0.045724
 0.080486 0.691018 0.104906 0.123591

MOTIF 13-CGTGAGCCACCGCGC STREME-13
letter-probability matrix: alength= 4 w= 15 nsites= 226 E= 1.0e-004
 0.033761 0.788132 0.000216 0.177891
 0.298000 0.033847 0.653609 0.014543
 0.000130 0.000216 0.000216 0.999437
 0.019348 0.000216 0.980306 0.000130
 0.874524 0.072282 0.009825 0.043369
 0.062587 0.005021 0.932262 0.000130
 0.000130 0.989915 0.000216 0.009739
 0.000130 0.961088 0.000216 0.038565
 0.965806 0.005021 0.009825 0.019348
 0.000130 0.999523 0.000216 0.000130
 0.014543 0.768914 0.014630 0.201913
 0.322022 0.000216 0.663218 0.014543
 0.014543 0.692044 0.019434 0.273979
 0.240348 0.014630 0.744892 0.000130
 0.000130 0.965893 0.009825 0.024152

MOTIF 14-CAGCACCAYGGACAG STREME-14
letter-probability matrix: alength= 4 w= 15 nsites= 207 E= 2.1e-004
 0.015200 0.959330 0.000226 0.025243
 0.999412 0.000226 0.000226 0.000136
 0.010179 0.000226 0.989459 0.000136
 0.050351 0.788599 0.115720 0.045329
 0.974304 0.005248 0.000226 0.020222
 0.000136 0.989459 0.000226 0.010179
 0.000136 0.979416 0.000226 0.020222
 0.557521 0.070527 0.196064 0.175888
 0.090523 0.381859 0.105677 0.421941
 0.005157 0.005248 0.989459 0.000136
 0.010179 0.005248 0.984437 0.000136
 0.919068 0.060484 0.000226 0.020222
 0.000136 0.904094 0.080570 0.015200
 0.999412 0.000226 0.000226 0.000136
 0.010179 0.000226 0.989459 0.000136

MOTIF 15-CAAGATGGCGRC STREME-15
letter-probability matrix: alength= 4 w= 12 nsites= 454 E= 2.5e-004
 0.050073 0.732972 0.155652 0.061302
 0.832791 0.010300 0.127425 0.029484
 0.907520 0.042579 0.007320 0.042581
 0.022712 0.206443 0.744250 0.026596
 0.984623 0.006217 0.004175 0.004986
 0.002097 0.017272 0.006217 0.974415
 0.016388 0.132446 0.848048 0.003118
 0.055177 0.021008 0.913552 0.010263
 0.042490 0.832591 0.015230 0.109689
 0.077334 0.062453 0.799258 0.060955
 0.278617 0.173477 0.478437 0.069468
 0.088599 0.787223 0.025091 0.099087

MOTIF 16-TGCGCATGCGCA STREME-16
letter-probability matrix: alength= 4 w= 12 nsites= 394 E= 3.9e-004
 0.035027 0.247320 0.116514 0.601138
 0.046908 0.000134 0.952877 0.000081
 0.060716 0.917190 0.022014 0.000081
 0.020365 0.000134 0.977930 0.001571
 0.001571 0.998214 0.000134 0.000081
 0.678011 0.175854 0.134411 0.011724
 0.011724 0.134411 0.175854 0.678011
 0.000081 0.000134 0.998214 0.001571
 0.001571 0.977930 0.000134 0.020365
 0.000081 0.022014 0.917190 0.060716
 0.000081 0.952877 0.000134 0.046908
 0.601138 0.116514 0.247320 0.035027

MOTIF 17-GAGAATCGCTTGAAC STREME-17
letter-probability matrix: alength= 4 w= 15 nsites= 149 E= 8.3e-004
 0.068312 0.007908 0.923574 0.000205
 0.961276 0.007908 0.007908 0.022907
 0.015340 0.000341 0.976547 0.007772
 0.802359 0.000341 0.197096 0.000205
 0.983978 0.007908 0.007908 0.000205
 0.000205 0.015476 0.000341 0.983978
 0.007772 0.636010 0.121421 0.234797
 0.212095 0.045746 0.726820 0.015340
 0.038042 0.885737 0.000341 0.075880
 0.022907 0.053313 0.083583 0.840196
 0.000205 0.030611 0.000341 0.968843
 0.007772 0.015476 0.968979 0.007772
 0.976411 0.000341 0.015476 0.007772
 0.802359 0.000341 0.197096 0.000205
 0.030475 0.908439 0.007908 0.053177

MOTIF 18-CAAAGTYCA STREME-18
letter-probability matrix: alength= 4 w= 9 nsites= 989 E= 1.2e-003
 0.000095 0.929257 0.000158 0.070489
 0.885208 0.091746 0.011501 0.011545
 0.810900 0.005615 0.172874 0.010611
 0.994763 0.002449 0.002692 0.000095
 0.000095 0.015353 0.984456 0.000095
 0.089725 0.000158 0.244023 0.666094
 0.004743 0.362584 0.084354 0.548320
 0.057653 0.836770 0.041156 0.064422
 0.936880 0.006662 0.002449 0.054009

MOTIF 19-CWAAAAAWAMAAAAA STREME-19
letter-probability matrix: alength= 4 w= 15 nsites= 287 E= 1.8e-003
 0.000100 0.876741 0.003842 0.119317
 0.561744 0.000166 0.000166 0.437924
 0.999569 0.000166 0.000166 0.000100
 0.966482 0.022224 0.011195 0.000100
 0.937072 0.058987 0.000166 0.003776
 0.878251 0.040605 0.040605 0.040539
 0.894140 0.066339 0.010011 0.029510
 0.549002 0.050014 0.014871 0.386113
 0.874574 0.070016 0.022224 0.033186
 0.549533 0.420792 0.014871 0.014805
 0.953928 0.044281 0.000166 0.001625
 0.940748 0.040605 0.003842 0.014805
 0.911338 0.058987 0.014871 0.014805
 0.962806 0.003842 0.003842 0.029510
 0.906135 0.011195 0.012720 0.069950

MOTIF 20-ASGTCAC STREME-20
letter-probability matrix: alength= 4 w= 7 nsites= 1287 E= 4.0e-003
 0.999018 0.000378 0.000378 0.000227
 0.000227 0.491095 0.508451 0.000227
 0.000227 0.000378 0.999168 0.000227
 0.000227 0.000378 0.000378 0.999018
 0.089936 0.909460 0.000378 0.000227
 0.999018 0.000378 0.000378 0.000227
 0.000227 0.999168 0.000378 0.000227

MOTIF 21-CRGCCAATSRGM STREME-21
letter-probability matrix: alength= 4 w= 12 nsites= 332 E= 4.9e-003
 0.026576 0.603796 0.229620 0.140008
 0.654989 0.007734 0.337174 0.000102
 0.187914 0.000170 0.808031 0.003884
 0.007666 0.992061 0.000170 0.000102
 0.011448 0.984497 0.000170 0.003884
 0.999557 0.000170 0.000170 0.000102
 0.999557 0.000170 0.000170 0.000102
 0.000102 0.003952 0.000170 0.995775
 0.000102 0.541778 0.458018 0.000102
 0.508938 0.000170 0.487007 0.003884
 0.043051 0.163874 0.713552 0.079523
 0.503438 0.336520 0.128114 0.031928

MOTIF 22-ACCAYGCCCRGCTAA STREME-22
letter-probability matrix: alength= 4 w= 15 nsites= 103 E= 1.3e-002
 0.975134 0.000529 0.024019 0.000318
 0.000318 0.940111 0.059253 0.000318
 0.000318 0.893132 0.024019 0.082531
 0.916410 0.000529 0.082743 0.000318
 0.012063 0.587768 0.035763 0.364406
 0.282193 0.000529 0.716960 0.000318
 0.012063 0.987090 0.000529 0.000318
 0.000318 0.893132 0.012274 0.094276
 0.070787 0.693471 0.035763 0.199979
 0.376151 0.024019 0.564278 0.035552
 0.000318 0.000529 0.998835 0.000318
 0.000318 0.963600 0.000529 0.035552
 0.000318 0.024019 0.000529 0.975134
 0.892921 0.024019 0.082743 0.000318
 0.963389 0.012274 0.024019 0.000318

MOTIF 23-CCCCGCCCC STREME-23
letter-probability matrix: alength= 4 w= 9 nsites= 2977 E= 1.7e-002
 0.024729 0.890626 0.050399 0.034247
 0.130625 0.776113 0.000174 0.093088
 0.024506 0.975216 0.000174 0.000104
 0.064750 0.881881 0.000174 0.053196
 0.095401 0.000174 0.733200 0.171225
 0.025612 0.963378 0.000174 0.010836
 0.013774 0.985948 0.000174 0.000104
 0.000104 0.999617 0.000174 0.000104
 0.000104 0.930364 0.034172 0.035360

MOTIF 24-ACACACACACACAC STREME-24
letter-probability matrix: alength= 4 w= 14 nsites= 223 E= 2.5e-002
 0.984041 0.000231 0.000231 0.015497
 0.051334 0.922698 0.015589 0.010378
 0.799737 0.056546 0.102622 0.041095
 0.046215 0.808813 0.071035 0.073938
 0.902128 0.020709 0.077024 0.000139
 0.089296 0.807943 0.046307 0.056454
 0.842949 0.036068 0.110605 0.010378
 0.000139 0.889856 0.027953 0.082052
 0.902563 0.061666 0.017714 0.018057
 0.107650 0.726030 0.087263 0.079057
 0.658471 0.066785 0.102622 0.172121
 0.102530 0.777225 0.051426 0.068818
 0.807851 0.022834 0.125660 0.043655
 0.133248 0.709962 0.095217 0.061574

MOTIF 25-GGGCGGATCAC STREME-25
letter-probability matrix: alength= 4 w= 11 nsites= 126 E= 3.6e-002
 0.060742 0.006940 0.931910 0.000408
 0.015492 0.000680 0.983420 0.000408
 0.030575 0.000680 0.968337 0.000408
 0.073262 0.727425 0.000680 0.198633
 0.226658 0.015763 0.754265 0.003314
 0.001813 0.000680 0.990839 0.006669
 0.998232 0.000680 0.000680 0.000408
 0.000408 0.000680 0.000680 0.998232
 0.000408 0.946993 0.006940 0.045658
 0.983149 0.000680 0.015763 0.000408
 0.000408 0.953254 0.000680 0.045658

MOTIF 26-NTCTCGCGAGAN STREME-26
letter-probability matrix: alength= 4 w= 12 nsites= 63 E= 5.3e-002
 0.287675 0.264062 0.234697 0.213566
 0.000502 0.037889 0.000835 0.960774
 0.124774 0.827571 0.019362 0.028293
 0.000502 0.000835 0.000835 0.997829
 0.000502 0.998162 0.000835 0.000502
 0.009765 0.000835 0.988898 0.000502
 0.000502 0.988898 0.000835 0.009765
 0.000502 0.000835 0.998162 0.000502
 0.997829 0.000835 0.000835 0.000502
 0.028293 0.019362 0.827571 0.124774
 0.960774 0.000835 0.037889 0.000502
 0.213566 0.234697 0.264062 0.287675

MOTIF 27-ACRGAGTCTCGCT STREME-27
letter-probability matrix: alength= 4 w= 13 nsites= 82 E= 1.1e-001
 0.983606 0.000661 0.015336 0.000397
 0.000397 0.749073 0.000661 0.249868
 0.367266 0.000661 0.602326 0.029747
 0.015072 0.044685 0.925170 0.015072
 0.792834 0.000661 0.191433 0.015072
 0.015072 0.015336 0.969195 0.000397
 0.000397 0.030011 0.015336 0.954256
 0.029747 0.866471 0.000661 0.103121
 0.029747 0.000661 0.015336 0.954256
 0.000397 0.807772 0.000661 0.191169
 0.249868 0.000661 0.734399 0.015072
 0.000397 0.983869 0.000661 0.015072
 0.000397 0.000661 0.015336 0.983606

MOTIF 28-AGTGCAGTGGCGCRA STREME-28
letter-probability matrix: alength= 4 w= 15 nsites= 124 E= 1.1e-001
 0.963287 0.000402 0.027153 0.009159
 0.142915 0.000402 0.856442 0.000241
 0.000241 0.027153 0.000402 0.972204
 0.062661 0.000402 0.936696 0.000241
 0.000241 0.990198 0.009319 0.000241
 0.981121 0.000402 0.018236 0.000241
 0.160749 0.009319 0.829691 0.000241
 0.009159 0.027153 0.009319 0.954370
 0.026993 0.000402 0.963447 0.009159
 0.053744 0.000402 0.945613 0.000241
 0.009159 0.695934 0.009319 0.285588
 0.258837 0.000402 0.713769 0.026993
 0.035910 0.669183 0.036070 0.258837
 0.410427 0.053904 0.526510 0.009159
 0.936535 0.009319 0.018236 0.035910

MOTIF 29-RGGARGAGGMGGAG STREME-29
letter-probability matrix: alength= 4 w= 14 nsites= 1284 E= 1.6e-001
 0.575075 0.032764 0.388619 0.003541
 0.000021 0.021523 0.978435 0.000021
 0.030388 0.000035 0.969556 0.000021
 0.963543 0.002560 0.000035 0.033863
 0.320094 0.133217 0.535086 0.011603
 0.028006 0.038444 0.929669 0.003881
 0.798759 0.110578 0.033377 0.057286
 0.186680 0.096155 0.708650 0.008514
 0.143610 0.143900 0.695483 0.017007
 0.448754 0.309108 0.137042 0.105096
 0.195153 0.170752 0.539908 0.094188
 0.047695 0.162787 0.789497 0.000021
 0.533144 0.144091 0.177061 0.145704
 0.176666 0.077042 0.746272 0.000021

MOTIF 30-AATSATTAACCA STREME-30
letter-probability matrix: alength= 4 w= 12 nsites= 76 E= 2.1e-001
 0.927477 0.000639 0.043156 0.028729
 0.955822 0.043156 0.000639 0.000384
 0.028729 0.043156 0.057328 0.870787
 0.000384 0.488385 0.510848 0.000384
 0.899132 0.000639 0.000639 0.099591
 0.000384 0.000639 0.148245 0.850732
 0.000384 0.057328 0.000639 0.941649
 0.998339 0.000639 0.000639 0.000384
 0.984167 0.000639 0.014811 0.000384
 0.212971 0.686799 0.000639 0.099591
 0.099591 0.595882 0.071501 0.233025
 0.468075 0.219108 0.184881 0.127936

MOTIF 31-TTRYRYAA STREME-31
letter-probability matrix: alength= 4 w= 8 nsites= 269 E= 2.5e-001
 0.000516 0.000859 0.000859 0.997765
 0.000516 0.004137 0.000859 0.994488
 0.386387 0.000859 0.612237 0.000516
 0.000516 0.606231 0.000859 0.392394
 0.392394 0.000859 0.606231 0.000516
 0.000516 0.612237 0.000859 0.386387
 0.994488 0.000859 0.004137 0.000516
 0.997765 0.000859 0.000859 0.000516

MOTIF 32-CACGTG STREME-32
letter-probability matrix: alength= 4 w= 6 nsites= 278 E= 2.6e-001
 0.017064 0.937482 0.028391 0.017064
 0.926155 0.028391 0.028391 0.017064
 0.017064 0.937482 0.028391 0.017064
 0.017064 0.028391 0.937482 0.017064
 0.017064 0.028391 0.028391 0.926155
 0.017064 0.028391 0.937482 0.017064

MOTIF 33-GCTTTGTTTACC STREME-33
letter-probability matrix: alength= 4 w= 12 nsites= 82 E= 3.2e-001
 0.160469 0.105141 0.516805 0.217585
 0.070844 0.657978 0.213805 0.057374
 0.019296 0.086103 0.048025 0.846575
 0.057374 0.118612 0.080534 0.743480
 0.009777 0.000429 0.000429 0.989365
 0.000258 0.057545 0.941940 0.000258
 0.038335 0.071015 0.038506 0.852144
 0.028816 0.000429 0.009948 0.960807
 0.000258 0.019468 0.141601 0.838674
 0.909260 0.000429 0.019468 0.070844
 0.055756 0.863452 0.019468 0.061325
 0.000258 0.980017 0.019468 0.000258

MOTIF 34-GGAAACTGAGGCCCA STREME-34
letter-probability matrix: alength= 4 w= 15 nsites= 74 E= 3.2e-001
 0.100894 0.013136 0.860491 0.025479
 0.038048 0.056060 0.880413 0.025479
 0.797419 0.075982 0.101120 0.025479
 0.935681 0.025705 0.025705 0.012910
 0.897973 0.013136 0.050843 0.038048
 0.000340 0.935907 0.038274 0.025479
 0.038048 0.088551 0.025705 0.847696
 0.025479 0.050843 0.898199 0.025479
 0.897973 0.050843 0.013136 0.038048
 0.118680 0.050843 0.817567 0.012910
 0.063187 0.050843 0.860491 0.025479
 0.075756 0.810214 0.038274 0.075756
 0.118680 0.666736 0.038274 0.176310
 0.100894 0.772507 0.038274 0.088325
 0.722004 0.088551 0.176536 0.012910

MOTIF 35-AAAAGAAAAAAAAAA STREME-35
letter-probability matrix: alength= 4 w= 15 nsites= 285 E= 3.6e-001
 0.870653 0.037598 0.091636 0.000113
 0.858183 0.058382 0.083323 0.000113
 0.922966 0.000187 0.076734 0.000113
 0.835674 0.025128 0.139086 0.000113
 0.187923 0.209751 0.602213 0.000113
 0.982886 0.000187 0.016814 0.000113
 0.999513 0.000187 0.000187 0.000113
 0.931279 0.000187 0.068421 0.000113
 0.831517 0.016814 0.126616 0.025053
 0.525960 0.209751 0.158145 0.106144
 0.756695 0.050069 0.097518 0.095718
 0.836460 0.084474 0.058169 0.020896
 0.783569 0.062539 0.149623 0.004269
 0.891371 0.000187 0.100015 0.008426
 0.584814 0.212570 0.145617 0.056999

MOTIF 36-CATTTCC STREME-36
letter-probability matrix: alength= 4 w= 7 nsites= 467 E= 4.5e-001
 0.017064 0.937482 0.028391 0.017064
 0.926155 0.028391 0.028391 0.017064
 0.017064 0.028391 0.028391 0.926155
 0.017064 0.028391 0.028391 0.926155
 0.017064 0.028391 0.028391 0.926155
 0.017064 0.937482 0.028391 0.017064
 0.017064 0.937482 0.028391 0.017064

MOTIF 37-AGGTGAGSG STREME-37
letter-probability matrix: alength= 4 w= 9 nsites= 502 E= 6.1e-001
 0.998487 0.000663 0.000531 0.000319
 0.064200 0.017331 0.913408 0.005062
 0.001775 0.000531 0.996617 0.001077
 0.000319 0.028564 0.000531 0.970586
 0.038554 0.037890 0.913994 0.009563
 0.980927 0.018223 0.000531 0.000319
 0.085494 0.028257 0.874146 0.012103
 0.111391 0.292793 0.531068 0.064748
 0.029377 0.076514 0.833788 0.060321

MOTIF 38-CGCCATGGCNGCGG STREME-38
letter-probability matrix: alength= 4 w= 14 nsites= 232 E= 6.1e-001
 0.009078 0.752147 0.035268 0.203507
 0.147908 0.055801 0.570391 0.225899
 0.013556 0.869682 0.000202 0.116559
 0.000121 0.948435 0.024452 0.026992
 0.924104 0.000202 0.075573 0.000121
 0.062819 0.000202 0.000202 0.936778
 0.026992 0.018115 0.927901 0.026992
 0.013556 0.000202 0.936858 0.049384
 0.013556 0.905510 0.000202 0.080732
 0.261726 0.278960 0.299493 0.159821
 0.315467 0.000202 0.684210 0.000121
 0.094167 0.899172 0.000202 0.006458
 0.094167 0.261807 0.537184 0.106842
 0.022513 0.241274 0.686830 0.049384

MOTIF 39-AGCACGTGG STREME-39
letter-probability matrix: alength= 4 w= 9 nsites= 602 E= 6.2e-001
 0.761991 0.030499 0.071706 0.135805
 0.198896 0.193405 0.564184 0.043515
 0.081280 0.834086 0.084472 0.000162
 0.999298 0.000270 0.000270 0.000162
 0.000162 0.999406 0.000270 0.000162
 0.000162 0.000270 0.999406 0.000162
 0.030626 0.000270 0.000270 0.968834
 0.000162 0.000270 0.858257 0.141311
 0.016021 0.161221 0.609002 0.213755

MOTIF 40-CTGCAGCCGC STREME-40
letter-probability matrix: alength= 4 w= 10 nsites= 449 E= 6.7e-001
 0.000313 0.912862 0.086513 0.000313
 0.070417 0.058032 0.000520 0.871031
 0.031825 0.000520 0.967342 0.000313
 0.000313 0.998854 0.000520 0.000313
 0.836801 0.000520 0.107818 0.054861
 0.000313 0.000520 0.998854 0.000313
 0.000313 0.917424 0.000520 0.081743
 0.095562 0.903605 0.000520 0.000313
 0.058408 0.051923 0.889357 0.000313
 0.079340 0.899967 0.000520 0.020173

MOTIF 41-CAGCANCTGC STREME-41
letter-probability matrix: alength= 4 w= 10 nsites= 217 E= 8.0e-001
 0.000326 0.998805 0.000543 0.000326
 0.998589 0.000543 0.000543 0.000326
 0.000326 0.000543 0.926541 0.072590
 0.000326 0.729080 0.000543 0.270051
 0.998589 0.000543 0.000543 0.000326
 0.168784 0.208168 0.314036 0.309012
 0.211122 0.565660 0.000543 0.222676
 0.000326 0.000543 0.000543 0.998589
 0.248764 0.000543 0.750367 0.000326
 0.000326 0.998805 0.000543 0.000326

MOTIF 42-CTTAAAGGGGCCGCV STREME-42
letter-probability matrix: alength= 4 w= 15 nsites= 69 E= 8.4e-001
 0.061427 0.906966 0.031194 0.000413
 0.015666 0.000687 0.000687 0.982959
 0.000413 0.000687 0.000687 0.998212
 0.906692 0.000687 0.092207 0.000413
 0.998212 0.000687 0.000687 0.000413
 0.998212 0.000687 0.000687 0.000413
 0.000413 0.015941 0.983233 0.000413
 0.122440 0.122714 0.754433 0.000413
 0.152947 0.122714 0.647659 0.076680
 0.137693 0.129045 0.732849 0.000413
 0.061427 0.906966 0.031194 0.000413
 0.189784 0.748102 0.061701 0.000413
 0.152947 0.031194 0.800193 0.015666
 0.000413 0.678166 0.214234 0.107187
 0.244467 0.305755 0.357845 0.091933

MOTIF 43-TCCCAGCCC STREME-43
letter-probability matrix: alength= 4 w= 9 nsites= 3419 E= 1.1e+000
 0.031467 0.039563 0.180799 0.748171
 0.002404 0.995078 0.001211 0.001307
 0.013088 0.934813 0.025590 0.026509
 0.000928 0.950327 0.043673 0.005072
 0.869354 0.025654 0.072001 0.032992
 0.022034 0.077995 0.876915 0.023056
 0.055891 0.888079 0.052548 0.003481
 0.039162 0.853974 0.023833 0.083031
 0.015927 0.914445 0.025760 0.043867

MOTIF 44-TATTTAACTTG STREME-44
letter-probability matrix: alength= 4 w= 11 nsites= 150 E= 1.1e+000
 0.000225 0.028758 0.033620 0.937396
 0.924223 0.016997 0.050243 0.008537
 0.028609 0.048831 0.040519 0.882041
 0.097138 0.050243 0.145744 0.706875
 0.061855 0.062004 0.035658 0.840483
 0.874165 0.080228 0.028758 0.016848
 0.816812 0.033620 0.079401 0.070166
 0.009310 0.853657 0.070316 0.066717
 0.090239 0.098700 0.008686 0.802375
 0.090239 0.000374 0.008686 0.900701
 0.110311 0.045381 0.596151 0.248157

MOTIF 45-CTCGGCCTC STREME-45
letter-probability matrix: alength= 4 w= 9 nsites= 1593 E= 1.1e+000
 0.026408 0.953576 0.019842 0.000174
 0.016469 0.059237 0.104545 0.819748
 0.049826 0.933397 0.000289 0.016488
 0.063496 0.000289 0.936041 0.000174
 0.043164 0.020934 0.890922 0.044981
 0.053223 0.864040 0.062463 0.020274
 0.000174 0.869863 0.087538 0.042425
 0.025699 0.090673 0.023980 0.859648
 0.000174 0.957259 0.022795 0.019773

MOTIF 46-GCGGSGAC STREME-46
letter-probability matrix: alength= 4 w= 8 nsites= 513 E= 1.4e+000
 0.001045 0.001738 0.996173 0.001045
 0.001045 0.996173 0.001738 0.001045
 0.001045 0.001738 0.996173 0.001045
 0.001045 0.001738 0.996173 0.001045
 0.001045 0.333486 0.664425 0.001045
 0.001045 0.001738 0.973773 0.023445
 0.995480 0.001738 0.001738 0.001045
 0.001045 0.996173 0.001738 0.001045

MOTIF 47-GGGTGGAGCCCACY STREME-47
letter-probability matrix: alength= 4 w= 14 nsites= 28 E= 1.7e+000
 0.082538 0.001835 0.873807 0.041820
 0.082538 0.001835 0.914525 0.001103
 0.001103 0.001835 0.995960 0.001103
 0.001103 0.263041 0.001835 0.734022
 0.001103 0.001835 0.995960 0.001103
 0.041820 0.001835 0.914525 0.041820
 0.995228 0.001835 0.001835 0.001103
 0.082538 0.001835 0.914525 0.001103
 0.001103 0.995960 0.001835 0.001103
 0.001103 0.995960 0.001835 0.001103
 0.082538 0.833089 0.042552 0.041820
 0.995228 0.001835 0.001835 0.001103
 0.001103 0.995960 0.001835 0.001103
 0.001103 0.425912 0.001835 0.571151

MOTIF 48-GCTGAGGCTTGAGTA STREME-48
letter-probability matrix: alength= 4 w= 15 nsites= 28 E= 1.7e+000
 0.087585 0.001947 0.909299 0.001170
 0.001170 0.995713 0.001947 0.001170
 0.001170 0.131568 0.001947 0.865315
 0.130792 0.001947 0.866092 0.001170
 0.994937 0.001947 0.001947 0.001170
 0.001170 0.045154 0.952506 0.001170
 0.001170 0.088361 0.909299 0.001170
 0.001170 0.995713 0.001947 0.001170
 0.001170 0.045154 0.001947 0.951729
 0.044377 0.131568 0.045154 0.778900
 0.044377 0.174776 0.779677 0.001170
 0.994937 0.001947 0.001947 0.001170
 0.001170 0.001947 0.995713 0.001170
 0.001170 0.001947 0.001947 0.994937
 0.822108 0.001947 0.174776 0.001170

MOTIF 49-CCCCACCC STREME-49
letter-probability matrix: alength= 4 w= 8 nsites= 503 E= 1.9e+000
 0.000537 0.998033 0.000893 0.000537
 0.000537 0.998033 0.000893 0.000537
 0.000537 0.998033 0.000893 0.000537
 0.159341 0.541382 0.241135 0.058142
 0.997677 0.000893 0.000893 0.000537
 0.000537 0.998033 0.000893 0.000537
 0.000537 0.998033 0.000893 0.000537
 0.000537 0.998033 0.000893 0.000537

MOTIF 50-TTTAAAAATGA STREME-50
letter-probability matrix: alength= 4 w= 11 nsites= 103 E= 2.1e+000
 0.006732 0.019322 0.069708 0.904237
 0.036403 0.014728 0.023917 0.924952
 0.055193 0.019322 0.024507 0.900977
 0.899642 0.050740 0.033696 0.015921
 0.693916 0.126023 0.079076 0.100984
 0.733154 0.109966 0.063750 0.093130
 0.740024 0.056352 0.109158 0.094465
 0.947962 0.008208 0.035031 0.008798
 0.026394 0.027177 0.004600 0.941830
 0.080760 0.139288 0.693163 0.086789
 0.944341 0.023917 0.003614 0.028128

MOTIF 51-GCAGCAGCAGCAGC STREME-51
letter-probability matrix: alength= 4 w= 14 nsites= 209 E= 2.5e+000
 0.019857 0.092022 0.816477 0.071644
 0.035883 0.795327 0.017442 0.151348
 0.999476 0.000201 0.000201 0.000121
 0.091380 0.044903 0.836774 0.026942
 0.051149 0.877765 0.044144 0.026942
 0.858708 0.000201 0.103352 0.037738
 0.091380 0.000201 0.908297 0.000121
 0.004591 0.972735 0.004672 0.018002
 0.631787 0.145899 0.117522 0.104791
 0.033648 0.069490 0.896742 0.000121
 0.000121 0.928793 0.010997 0.060089
 0.810716 0.000201 0.171081 0.018002
 0.142408 0.044060 0.697186 0.116346
 0.000121 0.907257 0.079090 0.013532

MOTIF 52-AGARAGAGAGAGAGA STREME-52
letter-probability matrix: alength= 4 w= 15 nsites= 53 E= 3.4e+000
 0.963151 0.035594 0.000784 0.000471
 0.000471 0.018189 0.946059 0.035281
 0.910937 0.087808 0.000784 0.000471
 0.592233 0.052998 0.336892 0.017876
 0.702079 0.018189 0.174832 0.104900
 0.035281 0.070403 0.893845 0.000471
 0.963151 0.000784 0.000784 0.035281
 0.000471 0.000784 0.893845 0.104900
 0.876127 0.105213 0.000784 0.017876
 0.000471 0.000784 0.998273 0.000471
 0.823913 0.087808 0.070403 0.017876
 0.017876 0.087808 0.824226 0.070090
 0.841317 0.018189 0.140022 0.000471
 0.139709 0.052998 0.806821 0.000471
 0.850020 0.061701 0.018189 0.070090

MOTIF 53-GTGACTCA STREME-53
letter-probability matrix: alength= 4 w= 8 nsites= 345 E= 7.6e+000
 0.222803 0.000850 0.775836 0.000511
 0.000511 0.000850 0.000850 0.997789
 0.005729 0.000850 0.952642 0.040779
 0.997789 0.000850 0.000850 0.000511
 0.000511 0.998128 0.000850 0.000511
 0.000511 0.000850 0.200104 0.798535
 0.085402 0.877226 0.000850 0.036521
 0.981816 0.000850 0.016823 0.000511

MOTIF 54-CTTTGWTCT STREME-54
letter-probability matrix: alength= 4 w= 9 nsites= 283 E= 1.2e+001
 0.010930 0.878304 0.080090 0.030676
 0.151874 0.102212 0.033822 0.712092
 0.000249 0.000415 0.020020 0.979316
 0.012577 0.000415 0.009621 0.977388
 0.000249 0.000415 0.999087 0.000249
 0.326678 0.025076 0.024887 0.623359
 0.053513 0.033619 0.000415 0.912453
 0.073422 0.918558 0.007771 0.000249
 0.000249 0.172369 0.125950 0.701431

********************************************************************************
Stopped because 3 consecutive motifs exceeded the p-value threshold (0.05).
********************************************************************************
COMMAND:	streme --verbosity 1 --oc meme_out_incomplete_DL/HepG2_KLF12-human_ENCFF099TJA/streme_out -dna --seed 0 --p meme_out_incomplete_DL/HepG2_KLF12-human_ENCFF099TJA/seqs-centered --minw 6 --maxw 15 --time 6184 --order 2 --thresh 0.05 --align center --totallength 4000000 --parse-genomic-coord
********************************************************************************
CPU:		9f05ee173ae9
********************************************************************************
FINALTIME:	1697.36 seconds
********************************************************************************
