********************************************************************************
STREME - Sensitive, Thorough, Rapid, Enriched Motif Elicitation
********************************************************************************
MEME version 5.5.3 (Release date: Sat Jun 10 16:19:38 2023 -0700)

For further information on how to interpret these results please access http://localhost:8080/meme_5.5.3.
To get a copy of the MEME Suite software please access https://meme-suite.org.

********************************************************************************


********************************************************************************
REFERENCE
********************************************************************************
If you use this program in your research, please cite:

Timothy L. Bailey,
"STREME: accurate and versatile sequence motif discovery",
Bioinformatics, Mar. 24, 2021.
********************************************************************************


ALPHABET= ACGT

strands: + -

Background letter frequencies
A 0.177 C 0.323 G 0.323 T 0.177 

MOTIF 1-CCGCCGCCGCCGCC STREME-1
letter-probability matrix: alength= 4 w= 14 nsites= 1494 E= 6.7e-015
 0.025328 0.777072 0.062687 0.134913
 0.085041 0.593761 0.088203 0.232996
 0.037252 0.000039 0.962689 0.000021
 0.034738 0.916207 0.000039 0.049017
 0.246849 0.679277 0.000039 0.073836
 0.165292 0.000039 0.814793 0.019876
 0.000021 0.920460 0.000039 0.079480
 0.000021 0.769117 0.050190 0.180672
 0.090864 0.011307 0.730369 0.167460
 0.007890 0.984596 0.000039 0.007476
 0.064381 0.701650 0.022966 0.211003
 0.128983 0.004180 0.736846 0.129991
 0.006991 0.860873 0.011786 0.120350
 0.000021 0.862850 0.042383 0.094745

MOTIF 2-GCCCCGCCCC STREME-2
letter-probability matrix: alength= 4 w= 10 nsites= 1377 E= 1.3e-008
 0.000072 0.042413 0.716495 0.241020
 0.025107 0.927094 0.000132 0.047668
 0.000072 0.999723 0.000132 0.000072
 0.043756 0.956040 0.000132 0.000072
 0.000072 0.999723 0.000132 0.000072
 0.098783 0.000132 0.747498 0.153587
 0.067738 0.932057 0.000132 0.000072
 0.000072 0.999723 0.000132 0.000072
 0.000072 0.999723 0.000132 0.000072
 0.031243 0.918087 0.000132 0.050537

MOTIF 3-CTCRGCYTCCY STREME-3
letter-probability matrix: alength= 4 w= 11 nsites= 4859 E= 5.0e-007
 0.000012 0.964638 0.000023 0.035326
 0.032490 0.078530 0.070993 0.817986
 0.000012 0.776661 0.026384 0.196942
 0.413139 0.085065 0.405224 0.096572
 0.159392 0.075585 0.647329 0.117694
 0.031059 0.677785 0.000023 0.291133
 0.000012 0.526601 0.138121 0.335266
 0.106034 0.000023 0.016392 0.877551
 0.000012 0.923603 0.010460 0.065925
 0.078933 0.694523 0.168449 0.058095
 0.072891 0.439719 0.046106 0.441284

MOTIF 4-CCTGTAATCCCAGCA STREME-4
letter-probability matrix: alength= 4 w= 15 nsites= 291 E= 2.0e-006
 0.004029 0.960319 0.008042 0.027609
 0.004029 0.940669 0.008042 0.047259
 0.007959 0.015901 0.004113 0.972027
 0.035469 0.000183 0.960318 0.004029
 0.007959 0.011972 0.004113 0.975957
 0.960238 0.015902 0.023760 0.000100
 0.889418 0.008042 0.094581 0.007959
 0.000100 0.015901 0.000183 0.983816
 0.004029 0.976037 0.000183 0.019750
 0.004029 0.956390 0.000183 0.039397
 0.004029 0.972108 0.004113 0.019750
 0.975957 0.000183 0.015901 0.007959
 0.066913 0.011972 0.917086 0.004029
 0.015818 0.960322 0.008042 0.015818
 0.661317 0.015901 0.004113 0.318669

MOTIF 5-CCAGCCTGGSCAACA STREME-5
letter-probability matrix: alength= 4 w= 15 nsites= 259 E= 7.8e-006
 0.008646 0.939820 0.008736 0.042797
 0.017183 0.935552 0.004468 0.042797
 0.990956 0.000199 0.004468 0.004377
 0.042797 0.008737 0.888589 0.059877
 0.000109 0.969702 0.000199 0.029990
 0.000109 0.931285 0.008736 0.059870
 0.000109 0.004468 0.000199 0.995224
 0.029990 0.000199 0.969702 0.000109
 0.081218 0.000199 0.905668 0.012915
 0.051334 0.354769 0.555370 0.038527
 0.034258 0.858707 0.000199 0.106836
 0.773188 0.000199 0.222235 0.004377
 0.965343 0.000199 0.034349 0.000109
 0.017183 0.944091 0.008736 0.029989
 0.952537 0.000199 0.030080 0.017183

MOTIF 6-GGAGRATCRCTTGAR STREME-6
letter-probability matrix: alength= 4 w= 15 nsites= 261 E= 1.5e-005
 0.062452 0.037603 0.858274 0.041670
 0.049984 0.000194 0.933091 0.016731
 0.735902 0.108271 0.000194 0.155633
 0.087396 0.012663 0.887366 0.012575
 0.440774 0.008507 0.542301 0.008419
 0.966254 0.004350 0.029289 0.000106
 0.000106 0.000194 0.000194 0.999506
 0.008419 0.702713 0.079175 0.209693
 0.482308 0.008507 0.496610 0.012575
 0.012575 0.941404 0.008507 0.037514
 0.016731 0.143258 0.054236 0.785774
 0.004262 0.033445 0.033446 0.928847
 0.049983 0.037601 0.908153 0.004262
 0.966255 0.000194 0.016820 0.016732
 0.486494 0.012663 0.500737 0.000106

MOTIF 7-AAAAATTAGCYRGGC STREME-7
letter-probability matrix: alength= 4 w= 15 nsites= 177 E= 8.0e-004
 0.892052 0.069659 0.031823 0.006466
 0.974028 0.006600 0.019211 0.000161
 0.936194 0.012906 0.031823 0.019078
 0.974028 0.000294 0.006600 0.019078
 0.917277 0.038129 0.031823 0.012772
 0.019078 0.025517 0.012906 0.942500
 0.000161 0.019211 0.019211 0.961417
 0.948805 0.012906 0.006600 0.031689
 0.037995 0.044434 0.904799 0.012772
 0.012772 0.955245 0.000294 0.031689
 0.000161 0.614654 0.000294 0.384891
 0.330728 0.012906 0.643595 0.012772
 0.050607 0.000294 0.936327 0.012772
 0.063217 0.019211 0.854354 0.063218
 0.031689 0.637318 0.034439 0.296553

MOTIF 8-AGTGCAGTGGYGYGA STREME-8
letter-probability matrix: alength= 4 w= 15 nsites= 155 E= 1.2e-003
 0.977905 0.000331 0.021584 0.000180
 0.035602 0.028668 0.935550 0.000180
 0.007265 0.000331 0.014499 0.977906
 0.063939 0.000331 0.893044 0.042687
 0.021433 0.963887 0.000331 0.014349
 0.928315 0.000331 0.071174 0.000180
 0.127700 0.007415 0.864704 0.000180
 0.007265 0.035752 0.000331 0.956653
 0.021433 0.021583 0.949719 0.007265
 0.007265 0.000331 0.963887 0.028518
 0.000180 0.545864 0.014499 0.439457
 0.283574 0.021584 0.673409 0.021434
 0.014349 0.574205 0.035752 0.375694
 0.241061 0.028668 0.730091 0.000180
 0.956651 0.000331 0.042838 0.000180

MOTIF 9-GCGCATGCGCACA STREME-9
letter-probability matrix: alength= 4 w= 13 nsites= 217 E= 1.2e-003
 0.037475 0.007797 0.949258 0.005470
 0.041904 0.918158 0.018465 0.021472
 0.010804 0.005583 0.951472 0.032141
 0.000136 0.967474 0.021586 0.010804
 0.750779 0.127174 0.103695 0.018352
 0.016138 0.123913 0.132714 0.727235
 0.016138 0.021585 0.956806 0.005470
 0.005470 0.970595 0.013131 0.010804
 0.029021 0.034468 0.925707 0.010804
 0.000136 0.933255 0.034468 0.032141
 0.821762 0.066316 0.090449 0.021473
 0.077031 0.716779 0.184717 0.021473
 0.589300 0.100541 0.151622 0.158537

MOTIF 10-YGTCTCWAMWAAAA STREME-10
letter-probability matrix: alength= 4 w= 14 nsites= 233 E= 1.3e-003
 0.009241 0.442848 0.000213 0.547698
 0.205432 0.013900 0.744052 0.036616
 0.013803 0.018463 0.000213 0.967521
 0.027491 0.899180 0.009338 0.063991
 0.004679 0.000213 0.000213 0.994896
 0.018366 0.894617 0.027588 0.059428
 0.479219 0.027588 0.009338 0.483856
 0.981208 0.004775 0.013901 0.000116
 0.520281 0.447453 0.009338 0.022929
 0.588725 0.064089 0.018463 0.328723
 0.903646 0.054963 0.009338 0.032053
 0.908208 0.045839 0.036712 0.009241
 0.940146 0.032150 0.004775 0.022928
 0.899084 0.032150 0.045837 0.022929

MOTIF 11-GGCRCGGTGGCTCAC STREME-11
letter-probability matrix: alength= 4 w= 15 nsites= 141 E= 5.1e-003
 0.028926 0.000335 0.970556 0.000183
 0.072041 0.000335 0.905883 0.021740
 0.014555 0.704654 0.029080 0.251711
 0.345134 0.007521 0.611233 0.036112
 0.028926 0.790904 0.000335 0.179834
 0.251711 0.043451 0.704655 0.000183
 0.000183 0.000335 0.999299 0.000183
 0.000183 0.000335 0.000335 0.999146
 0.028926 0.000335 0.970556 0.000183
 0.000183 0.000335 0.977741 0.021740
 0.000183 0.941812 0.000335 0.057670
 0.036112 0.000335 0.029079 0.934474
 0.014555 0.977741 0.000335 0.007369
 0.999146 0.000335 0.000335 0.000183
 0.014555 0.733415 0.000335 0.251695

MOTIF 12-CACGTGRCC STREME-12
letter-probability matrix: alength= 4 w= 9 nsites= 642 E= 8.2e-003
 0.138231 0.851139 0.010519 0.000111
 0.999482 0.000203 0.000203 0.000111
 0.000111 0.999575 0.000203 0.000111
 0.000111 0.000203 0.999575 0.000111
 0.000111 0.000203 0.000203 0.999482
 0.014024 0.000203 0.979917 0.005856
 0.468895 0.013001 0.451400 0.066703
 0.085658 0.666659 0.105089 0.142594
 0.055890 0.705358 0.070081 0.168671

MOTIF 13-AAGATGGCGGC STREME-13
letter-probability matrix: alength= 4 w= 11 nsites= 308 E= 9.8e-003
 0.999498 0.000197 0.000197 0.000108
 0.813889 0.143554 0.042449 0.000108
 0.101453 0.272011 0.626429 0.000108
 0.999498 0.000197 0.000197 0.000108
 0.000108 0.000197 0.000197 0.999498
 0.004332 0.067785 0.927776 0.000108
 0.071917 0.012869 0.883784 0.031429
 0.000108 0.943517 0.000197 0.056178
 0.000108 0.071522 0.877965 0.050406
 0.209059 0.120417 0.556358 0.114166
 0.179015 0.646483 0.048964 0.125537

MOTIF 14-GCGGCTGCAG STREME-14
letter-probability matrix: alength= 4 w= 10 nsites= 636 E= 1.4e-002
 0.000239 0.028185 0.929794 0.041781
 0.075148 0.751447 0.075670 0.097736
 0.061514 0.000438 0.937809 0.000239
 0.046600 0.035672 0.884780 0.032949
 0.000239 0.922446 0.077076 0.000239
 0.000239 0.116084 0.000438 0.883239
 0.000239 0.000438 0.999084 0.000239
 0.000239 0.989701 0.000438 0.009622
 0.947629 0.000438 0.051695 0.000239
 0.053706 0.067838 0.878216 0.000239

MOTIF 15-YGVTGACGTCABCR STREME-15
letter-probability matrix: alength= 4 w= 14 nsites= 78 E= 2.0e-002
 0.036836 0.477750 0.226762 0.258652
 0.080594 0.186031 0.601730 0.131645
 0.262918 0.273547 0.448577 0.014958
 0.000372 0.073610 0.000681 0.925338
 0.007665 0.007973 0.983990 0.000372
 0.969096 0.000681 0.029852 0.000372
 0.022250 0.896475 0.000681 0.080594
 0.080594 0.000681 0.896475 0.022250
 0.000372 0.029852 0.000681 0.969096
 0.000372 0.983990 0.007973 0.007665
 0.925338 0.000681 0.073610 0.000372
 0.014958 0.448577 0.273547 0.262918
 0.131645 0.601730 0.186031 0.080594
 0.258652 0.226762 0.477750 0.036836

MOTIF 16-CSGGGTC STREME-16
letter-probability matrix: alength= 4 w= 7 nsites= 2027 E= 2.1e-002
 0.000443 0.927071 0.000811 0.071675
 0.000443 0.584786 0.414328 0.000443
 0.000443 0.000811 0.998303 0.000443
 0.000443 0.000811 0.998303 0.000443
 0.000443 0.000811 0.998303 0.000443
 0.000443 0.000811 0.000811 0.997935
 0.095579 0.903167 0.000811 0.000443

MOTIF 17-CCCAGCCCCG STREME-17
letter-probability matrix: alength= 4 w= 10 nsites= 3299 E= 2.4e-002
 0.007275 0.961175 0.012954 0.018596
 0.026898 0.889326 0.034663 0.049113
 0.030115 0.761351 0.116929 0.091606
 0.968695 0.001683 0.023045 0.006577
 0.088545 0.071958 0.741383 0.098114
 0.042994 0.875499 0.016243 0.065265
 0.024828 0.873235 0.036107 0.065830
 0.029231 0.893114 0.005661 0.071995
 0.061177 0.758796 0.041732 0.138295
 0.198719 0.025010 0.692665 0.083606

MOTIF 18-ACTACAWYTCCCA STREME-18
letter-probability matrix: alength= 4 w= 13 nsites= 99 E= 7.2e-002
 0.931509 0.067683 0.000522 0.000285
 0.011478 0.987714 0.000522 0.000285
 0.000285 0.123646 0.000522 0.875546
 0.909126 0.000522 0.090067 0.000285
 0.000285 0.998907 0.000522 0.000285
 0.830773 0.011715 0.101261 0.056251
 0.472579 0.101263 0.146038 0.280120
 0.022671 0.358724 0.204161 0.414444
 0.000285 0.022908 0.067681 0.909126
 0.011478 0.875782 0.000522 0.112218
 0.000285 0.987714 0.000522 0.011478
 0.045058 0.954135 0.000522 0.000285
 0.752420 0.000522 0.202000 0.045058

MOTIF 19-ARCAGCAGCARC STREME-19
letter-probability matrix: alength= 4 w= 12 nsites= 512 E= 8.5e-002
 0.999734 0.000105 0.000105 0.000057
 0.280035 0.102951 0.537090 0.079924
 0.000057 0.962040 0.000105 0.037798
 0.844034 0.000105 0.000105 0.155757
 0.297589 0.037000 0.665353 0.000057
 0.000057 0.965213 0.000105 0.034625
 0.933375 0.006832 0.000105 0.059688
 0.198949 0.167968 0.568699 0.064383
 0.074286 0.687041 0.151539 0.087133
 0.552945 0.216285 0.053545 0.177225
 0.363012 0.110886 0.457946 0.068156
 0.009028 0.958584 0.000105 0.032283

MOTIF 20-ACTTCCGGY STREME-20
letter-probability matrix: alength= 4 w= 9 nsites= 317 E= 2.3e-001
 0.998842 0.000455 0.000455 0.000248
 0.000248 0.944247 0.055256 0.000248
 0.000248 0.000455 0.011600 0.987697
 0.003596 0.000455 0.000455 0.995494
 0.004366 0.977748 0.017526 0.000361
 0.000248 0.981431 0.018072 0.000248
 0.000248 0.005548 0.993956 0.000248
 0.011587 0.080568 0.875902 0.031943
 0.051525 0.520650 0.143389 0.284436

MOTIF 21-GCCRCCAGGGGGCGC STREME-21
letter-probability matrix: alength= 4 w= 15 nsites= 109 E= 2.7e-001
 0.105726 0.000492 0.759811 0.133970
 0.000269 0.851329 0.063767 0.084635
 0.000269 0.998971 0.000492 0.000269
 0.443196 0.000492 0.556043 0.000269
 0.042452 0.956788 0.000492 0.000269
 0.000269 0.745870 0.095405 0.158457
 0.998747 0.000492 0.000492 0.000269
 0.000269 0.000492 0.998971 0.000269
 0.232277 0.011038 0.756417 0.000269
 0.105729 0.000492 0.672045 0.221734
 0.021361 0.000492 0.967333 0.010814
 0.000269 0.074313 0.872421 0.052997
 0.031907 0.935695 0.000492 0.031906
 0.000269 0.000492 0.998971 0.000269
 0.000269 0.788052 0.116497 0.095182

MOTIF 22-GAGCGAGACTC STREME-22
letter-probability matrix: alength= 4 w= 11 nsites= 83 E= 3.3e-001
 0.000483 0.032730 0.966303 0.000483
 0.997746 0.000885 0.000885 0.000483
 0.000483 0.000885 0.998148 0.000483
 0.000483 0.709925 0.061478 0.228114
 0.285195 0.000885 0.713436 0.000483
 0.997746 0.000885 0.000885 0.000483
 0.179164 0.000885 0.819467 0.000483
 0.997746 0.000885 0.000885 0.000483
 0.000483 0.998148 0.000885 0.000483
 0.000483 0.057817 0.032730 0.908969
 0.000483 0.979172 0.000885 0.019459

MOTIF 23-TCAGCACCAYGGACA STREME-23
letter-probability matrix: alength= 4 w= 15 nsites= 155 E= 4.6e-001
 0.000177 0.079455 0.076576 0.843792
 0.014040 0.950799 0.000323 0.034837
 0.999177 0.000323 0.000323 0.000177
 0.000177 0.000323 0.985460 0.014040
 0.007109 0.839885 0.125102 0.027904
 0.992245 0.007255 0.000323 0.000177
 0.007109 0.992391 0.000323 0.000177
 0.014040 0.971596 0.000323 0.014040
 0.527713 0.062715 0.229153 0.180419
 0.041769 0.409505 0.115861 0.432865
 0.000177 0.000323 0.999323 0.000177
 0.014040 0.000323 0.985460 0.000177
 0.906183 0.086385 0.000323 0.007109
 0.000177 0.888408 0.097375 0.014040
 0.978381 0.021119 0.000323 0.000177

MOTIF 24-ACCACCACCACCACC STREME-24
letter-probability matrix: alength= 4 w= 15 nsites= 172 E= 4.7e-001
 0.615576 0.280318 0.005429 0.098677
 0.000132 0.994307 0.005429 0.000132
 0.072744 0.900949 0.000242 0.026065
 0.846820 0.041735 0.095753 0.015692
 0.083117 0.800250 0.005429 0.111204
 0.119424 0.807590 0.072854 0.000132
 0.779395 0.046921 0.062481 0.111203
 0.036438 0.686146 0.230604 0.046811
 0.000132 0.900949 0.088414 0.010505
 0.502352 0.215044 0.095753 0.186850
 0.098677 0.774318 0.017954 0.109050
 0.015692 0.864642 0.052108 0.067558
 0.727529 0.043887 0.026175 0.202409
 0.031252 0.613533 0.192147 0.163069
 0.026065 0.755723 0.161027 0.057185

MOTIF 25-GGGAAGGGA STREME-25
letter-probability matrix: alength= 4 w= 9 nsites= 1280 E= 4.9e-001
 0.013164 0.000320 0.985185 0.001330
 0.088474 0.026911 0.884017 0.000597
 0.001973 0.021788 0.940121 0.036118
 0.818713 0.054290 0.065583 0.061414
 0.887859 0.052609 0.056220 0.003313
 0.042621 0.048309 0.897903 0.011166
 0.009789 0.065134 0.851915 0.073162
 0.042671 0.001244 0.822994 0.133092
 0.902182 0.005278 0.085602 0.006939

MOTIF 26-GGGTTTCACCA STREME-26
letter-probability matrix: alength= 4 w= 11 nsites= 63 E= 6.7e-001
 0.000502 0.000919 0.998077 0.000502
 0.000502 0.040331 0.958665 0.000502
 0.000502 0.000919 0.998077 0.000502
 0.000502 0.000919 0.000919 0.997659
 0.000502 0.000919 0.000919 0.997659
 0.020207 0.000919 0.040331 0.938542
 0.000502 0.919247 0.000919 0.079331
 0.997659 0.000919 0.000919 0.000502
 0.000502 0.978371 0.000919 0.020207
 0.039914 0.938960 0.000919 0.020207
 0.997659 0.000919 0.000919 0.000502

MOTIF 27-AGGGCAGGGCCVGG STREME-27
letter-probability matrix: alength= 4 w= 14 nsites= 294 E= 6.9e-001
 0.626821 0.103072 0.260751 0.009356
 0.000079 0.006329 0.965680 0.027911
 0.024819 0.155530 0.741664 0.077987
 0.012449 0.112488 0.840967 0.034096
 0.000079 0.999698 0.000144 0.000079
 0.833206 0.141830 0.024885 0.000079
 0.003171 0.000144 0.996606 0.000079
 0.000079 0.141212 0.692686 0.166023
 0.036663 0.075124 0.817006 0.071207
 0.012449 0.674218 0.243179 0.070155
 0.041565 0.800716 0.151456 0.006264
 0.226345 0.400164 0.209022 0.164469
 0.039756 0.000144 0.954362 0.005738
 0.060190 0.023671 0.914777 0.001362

MOTIF 28-ACTCACCTG STREME-28
letter-probability matrix: alength= 4 w= 9 nsites= 632 E= 1.1e+000
 0.783419 0.157319 0.059065 0.000198
 0.016168 0.954959 0.016553 0.012320
 0.000198 0.029418 0.000362 0.970022
 0.007960 0.892218 0.013329 0.086493
 0.999078 0.000362 0.000362 0.000198
 0.000198 0.991481 0.000362 0.007960
 0.019891 0.959444 0.000362 0.020304
 0.017300 0.140227 0.206238 0.636236
 0.027188 0.251824 0.691731 0.029257

MOTIF 29-GTCCCCAC STREME-29
letter-probability matrix: alength= 4 w= 8 nsites= 1206 E= 1.2e+000
 0.017872 0.094082 0.887675 0.000371
 0.000371 0.000680 0.000680 0.998269
 0.000371 0.998578 0.000680 0.000371
 0.022650 0.944038 0.032940 0.000371
 0.026747 0.933087 0.000680 0.039487
 0.000371 0.913805 0.085452 0.000371
 0.781403 0.000680 0.217547 0.000371
 0.140769 0.696611 0.108729 0.053891

MOTIF 30-GTTGCAGTGAGCYGA STREME-30
letter-probability matrix: alength= 4 w= 15 nsites= 72 E= 1.3e+000
 0.073348 0.219690 0.682306 0.024656
 0.073348 0.304915 0.000568 0.621169
 0.000310 0.000568 0.037087 0.962035
 0.061175 0.000568 0.937947 0.000310
 0.012483 0.937947 0.000568 0.049002
 0.986381 0.000568 0.012741 0.000310
 0.049002 0.085779 0.864909 0.000310
 0.000310 0.061433 0.061433 0.876824
 0.036829 0.000568 0.962293 0.000310
 0.949862 0.024914 0.024914 0.000310
 0.036829 0.049260 0.889255 0.024656
 0.036829 0.937947 0.024914 0.000310
 0.036829 0.633606 0.000568 0.328997
 0.182909 0.012741 0.804040 0.000310
 0.633342 0.061433 0.000568 0.304657

MOTIF 31-ACCTCGTGATCCGC STREME-31
letter-probability matrix: alength= 4 w= 14 nsites= 60 E= 1.3e+000
 0.974659 0.023707 0.001057 0.000577
 0.000577 0.997789 0.001057 0.000577
 0.000577 0.952488 0.001057 0.045878
 0.000577 0.023707 0.001057 0.974659
 0.000577 0.839235 0.023707 0.136481
 0.113831 0.001057 0.861885 0.023227
 0.045878 0.046358 0.046358 0.861407
 0.023227 0.023707 0.929838 0.023227
 0.929358 0.001057 0.046358 0.023227
 0.023227 0.023707 0.023707 0.929358
 0.000577 0.975139 0.001057 0.023227
 0.023227 0.771273 0.023707 0.181792
 0.181787 0.023707 0.748626 0.045880
 0.023227 0.975139 0.001057 0.000577

MOTIF 32-CCATGGMGAMG STREME-32
letter-probability matrix: alength= 4 w= 11 nsites= 83 E= 1.3e+000
 0.000289 0.898416 0.068491 0.032804
 0.034267 0.840825 0.124619 0.000289
 0.998655 0.000528 0.000528 0.000289
 0.011615 0.000528 0.000528 0.987328
 0.134283 0.045835 0.819594 0.000289
 0.004989 0.000528 0.994194 0.000289
 0.330160 0.524784 0.099461 0.045595
 0.054787 0.028844 0.893427 0.022941
 0.920100 0.067757 0.000528 0.011615
 0.379994 0.585208 0.034510 0.000289
 0.000289 0.115743 0.883680 0.000289

MOTIF 33-SCCAAGKTCA STREME-33
letter-probability matrix: alength= 4 w= 10 nsites= 187 E= 1.3e+000
 0.132582 0.435738 0.257704 0.173976
 0.000249 0.825948 0.000455 0.173348
 0.000249 0.823780 0.000455 0.175515
 0.998841 0.000455 0.000455 0.000249
 0.998841 0.000455 0.000455 0.000249
 0.000249 0.000455 0.999047 0.000249
 0.000249 0.000455 0.653653 0.345643
 0.000249 0.000455 0.000455 0.998841
 0.000249 0.999047 0.000455 0.000249
 0.755520 0.000455 0.243776 0.000249

MOTIF 34-ATGGCGGCGGCCGG STREME-34
letter-probability matrix: alength= 4 w= 14 nsites= 58 E= 1.4e+000
 0.826501 0.019914 0.000888 0.152698
 0.000485 0.096017 0.000888 0.902610
 0.000485 0.019914 0.922039 0.057562
 0.000485 0.000888 0.960091 0.038537
 0.000485 0.998143 0.000888 0.000485
 0.000485 0.122939 0.876092 0.000485
 0.019511 0.038939 0.941065 0.000485
 0.228797 0.731779 0.019914 0.019511
 0.000485 0.153096 0.845934 0.000485
 0.095614 0.038939 0.864962 0.000485
 0.019511 0.807883 0.172122 0.000485
 0.000485 0.922039 0.076991 0.000485
 0.057562 0.134070 0.807883 0.000485
 0.095614 0.218070 0.647779 0.038537

MOTIF 35-CCAGCAGAGGGCGC STREME-35
letter-probability matrix: alength= 4 w= 14 nsites= 64 E= 1.5e+000
 0.020183 0.879991 0.040281 0.059545
 0.000501 0.939035 0.020600 0.039864
 0.753293 0.000918 0.186242 0.059547
 0.020183 0.000918 0.958716 0.020183
 0.020183 0.919354 0.020600 0.039864
 0.977981 0.000918 0.020600 0.000501
 0.000501 0.000918 0.998079 0.000501
 0.725421 0.000918 0.273159 0.000501
 0.000501 0.000918 0.820925 0.177656
 0.020183 0.000918 0.978398 0.000501
 0.048032 0.000918 0.950548 0.000501
 0.048033 0.930866 0.000918 0.020183
 0.020183 0.000918 0.978398 0.000501
 0.020183 0.939035 0.040281 0.000501

MOTIF 36-CTCGGCTC STREME-36
letter-probability matrix: alength= 4 w= 8 nsites= 240 E= 1.5e+000
 0.016055 0.938491 0.029400 0.016055
 0.016055 0.029400 0.029400 0.925145
 0.016055 0.938491 0.029400 0.016055
 0.016055 0.029400 0.938491 0.016055
 0.016055 0.029400 0.938491 0.016055
 0.016055 0.938491 0.029400 0.016055
 0.016055 0.029400 0.029400 0.925145
 0.016055 0.938491 0.029400 0.016055

MOTIF 37-CCCCAGCTC STREME-37
letter-probability matrix: alength= 4 w= 9 nsites= 396 E= 1.6e+000
 0.005111 0.993686 0.000778 0.000425
 0.000425 0.998372 0.000778 0.000425
 0.000425 0.815845 0.183305 0.000425
 0.043876 0.927117 0.025168 0.003839
 0.998019 0.000778 0.000778 0.000425
 0.065333 0.161453 0.643594 0.129619
 0.025312 0.902708 0.052816 0.019163
 0.000425 0.000778 0.000778 0.998019
 0.050700 0.948097 0.000778 0.000425

MOTIF 38-AAATAAAHAAAW STREME-38
letter-probability matrix: alength= 4 w= 12 nsites= 1394 E= 1.9e+000
 0.811523 0.014722 0.016353 0.157402
 0.797766 0.032774 0.054555 0.114904
 0.843804 0.043951 0.084626 0.027618
 0.039439 0.183044 0.079752 0.697765
 0.765620 0.095700 0.091960 0.046719
 0.805342 0.095562 0.023695 0.075401
 0.741058 0.116741 0.059112 0.083090
 0.269620 0.227442 0.117268 0.385671
 0.620798 0.156790 0.121036 0.101375
 0.619127 0.139545 0.072660 0.168669
 0.636154 0.081149 0.077718 0.204978
 0.352055 0.154097 0.099822 0.394026

MOTIF 39-ACACACACACACACA STREME-39
letter-probability matrix: alength= 4 w= 15 nsites= 153 E= 2.0e+000
 0.905415 0.000419 0.058022 0.036145
 0.009208 0.886352 0.045314 0.059126
 0.715557 0.009398 0.176047 0.098998
 0.018187 0.900354 0.000419 0.081040
 0.851541 0.009398 0.138833 0.000229
 0.000229 0.949739 0.022866 0.027166
 0.838072 0.000419 0.143322 0.018187
 0.036145 0.800683 0.115621 0.047551
 0.772793 0.081230 0.109832 0.036145
 0.054103 0.680063 0.220710 0.045124
 0.735080 0.081232 0.129585 0.054103
 0.000229 0.886352 0.000419 0.113000
 0.797364 0.041358 0.098196 0.063083
 0.029593 0.942823 0.000419 0.027166
 0.942099 0.000419 0.045314 0.012168

MOTIF 40-AGGGAGGRAGGGAG STREME-40
letter-probability matrix: alength= 4 w= 14 nsites= 157 E= 2.0e+000
 0.970326 0.016337 0.000250 0.013086
 0.018448 0.016337 0.948992 0.016223
 0.236072 0.037785 0.726006 0.000137
 0.123567 0.031511 0.837198 0.007724
 0.999363 0.000250 0.000250 0.000137
 0.080569 0.018562 0.804213 0.096655
 0.064483 0.000250 0.935130 0.000137
 0.547480 0.037785 0.382425 0.032309
 0.941291 0.010974 0.026149 0.021585
 0.059120 0.021699 0.855611 0.063571
 0.023811 0.222325 0.743003 0.010861
 0.198081 0.077546 0.681340 0.043034
 0.704402 0.048509 0.089225 0.157864
 0.098881 0.125805 0.590639 0.184675

MOTIF 41-TCCCGGGA STREME-41
letter-probability matrix: alength= 4 w= 8 nsites= 910 E= 3.9e+000
 0.084956 0.107365 0.070773 0.736907
 0.011698 0.889405 0.073367 0.025530
 0.004270 0.936429 0.002975 0.056326
 0.000690 0.993329 0.005291 0.000690
 0.000690 0.005291 0.993329 0.000690
 0.056326 0.002975 0.936429 0.004270
 0.025530 0.073367 0.889405 0.011698
 0.736907 0.070773 0.107365 0.084956

MOTIF 42-VGGCGGGCGSGSGSG STREME-42
letter-probability matrix: alength= 4 w= 15 nsites= 125 E= 7.1e+000
 0.249019 0.299314 0.451432 0.000235
 0.000235 0.067972 0.931559 0.000235
 0.000235 0.028073 0.971458 0.000235
 0.000235 0.999101 0.000430 0.000235
 0.000235 0.000430 0.999101 0.000235
 0.066508 0.000430 0.932827 0.000235
 0.000235 0.000430 0.999101 0.000235
 0.120017 0.879318 0.000430 0.000235
 0.000235 0.000430 0.999101 0.000235
 0.027879 0.562781 0.353822 0.055519
 0.000235 0.054148 0.945383 0.000235
 0.027877 0.588003 0.383885 0.000235
 0.073950 0.000430 0.925386 0.000235
 0.073947 0.350780 0.547396 0.027877
 0.040915 0.147075 0.811775 0.000235

MOTIF 43-CACTTCCTGCCTC STREME-43
letter-probability matrix: alength= 4 w= 13 nsites= 179 E= 1.0e+001
 0.026240 0.820659 0.087751 0.065351
 0.834665 0.013341 0.070900 0.081094
 0.019721 0.926406 0.000304 0.053569
 0.032758 0.107304 0.018751 0.841186
 0.019721 0.019860 0.130675 0.829744
 0.032758 0.898882 0.009528 0.058832
 0.026240 0.940698 0.000304 0.032758
 0.066606 0.051344 0.000304 0.881746
 0.071869 0.064382 0.834805 0.028945
 0.081093 0.815249 0.074713 0.028945
 0.058832 0.789176 0.035601 0.116390
 0.055019 0.080123 0.070900 0.793958
 0.058832 0.792871 0.082947 0.065351

********************************************************************************
Stopped because 3 consecutive motifs exceeded the p-value threshold (0.05).
********************************************************************************
COMMAND:	streme --verbosity 1 --oc meme_out_incomplete_DL/HepG2_IRF5-human_ENCFF649YZW/streme_out -dna --seed 0 --p meme_out_incomplete_DL/HepG2_IRF5-human_ENCFF649YZW/seqs-centered --minw 6 --maxw 15 --time 6186 --order 2 --thresh 0.05 --align center --totallength 4000000 --parse-genomic-coord
********************************************************************************
CPU:		9f05ee173ae9
********************************************************************************
FINALTIME:	1301.68 seconds
********************************************************************************
