********************************************************************************
STREME - Sensitive, Thorough, Rapid, Enriched Motif Elicitation
********************************************************************************
MEME version 5.5.3 (Release date: Sat Jun 10 16:19:38 2023 -0700)

For further information on how to interpret these results please access http://localhost:8080/meme_5.5.3.
To get a copy of the MEME Suite software please access https://meme-suite.org.

********************************************************************************


********************************************************************************
REFERENCE
********************************************************************************
If you use this program in your research, please cite:

Timothy L. Bailey,
"STREME: accurate and versatile sequence motif discovery",
Bioinformatics, Mar. 24, 2021.
********************************************************************************


ALPHABET= ACGT

strands: + -

Background letter frequencies
A 0.171 C 0.329 G 0.329 T 0.171 

MOTIF 1-CCCCGCCCCD STREME-1
letter-probability matrix: alength= 4 w= 10 nsites= 3091 E= 1.4e-009
 0.002080 0.937333 0.000097 0.060491
 0.000050 0.999803 0.000097 0.000050
 0.058986 0.934843 0.000097 0.006075
 0.144321 0.774136 0.061666 0.019877
 0.244306 0.000097 0.685965 0.069633
 0.020125 0.965728 0.014096 0.000050
 0.000050 0.996415 0.003484 0.000050
 0.003946 0.979420 0.009761 0.006873
 0.000050 0.997865 0.000328 0.001757
 0.342279 0.138402 0.277268 0.242050

MOTIF 2-CTCGGHCTCC STREME-2
letter-probability matrix: alength= 4 w= 10 nsites= 2775 E= 1.9e-009
 0.031547 0.914079 0.014949 0.039425
 0.000026 0.000049 0.001088 0.998837
 0.076726 0.721307 0.000049 0.201918
 0.177647 0.148288 0.674039 0.000026
 0.233446 0.010986 0.512557 0.243010
 0.243801 0.453056 0.047434 0.255710
 0.062632 0.534269 0.220111 0.182988
 0.000026 0.000049 0.014168 0.985757
 0.044573 0.891245 0.000049 0.064132
 0.025238 0.719351 0.208395 0.047015

MOTIF 3-CGGCGGCGGCGGCGG STREME-3
letter-probability matrix: alength= 4 w= 15 nsites= 592 E= 1.9e-008
 0.164548 0.631065 0.000090 0.204298
 0.057171 0.061888 0.880895 0.000047
 0.089694 0.000090 0.898825 0.011391
 0.078354 0.849662 0.020888 0.051096
 0.081028 0.000090 0.918835 0.000047
 0.098363 0.015216 0.886375 0.000047
 0.010850 0.978300 0.000090 0.010761
 0.151212 0.062483 0.773022 0.013282
 0.043533 0.005762 0.941205 0.009500
 0.036195 0.946652 0.017106 0.000047
 0.091150 0.084017 0.773737 0.051095
 0.155870 0.000090 0.803505 0.040536
 0.041643 0.924299 0.011322 0.022735
 0.194066 0.052982 0.709418 0.043534
 0.158545 0.134335 0.707073 0.000047

MOTIF 4-GGAAGGAGAAG STREME-4
letter-probability matrix: alength= 4 w= 11 nsites= 171 E= 1.7e-004
 0.162692 0.064056 0.707392 0.065860
 0.000262 0.006227 0.961473 0.032038
 0.988142 0.000502 0.000502 0.010854
 0.906808 0.039461 0.000502 0.053229
 0.004658 0.032278 0.962802 0.000262
 0.204633 0.001940 0.793165 0.000262
 0.932871 0.026084 0.040783 0.000262
 0.025844 0.000502 0.962800 0.010854
 0.836961 0.033791 0.077826 0.051422
 0.868975 0.106431 0.003148 0.021446
 0.131324 0.053466 0.793764 0.021446

MOTIF 5-GTGGGGAC STREME-5
letter-probability matrix: alength= 4 w= 8 nsites= 3864 E= 4.4e-003
 0.222161 0.164951 0.518918 0.093969
 0.000086 0.290804 0.000164 0.708946
 0.007398 0.000164 0.990952 0.001486
 0.007629 0.000164 0.959765 0.032442
 0.051421 0.038818 0.822816 0.086944
 0.014118 0.073321 0.891330 0.021231
 0.817515 0.000164 0.000164 0.182157
 0.012498 0.840685 0.000164 0.146653

MOTIF 6-AAGATGGYG STREME-6
letter-probability matrix: alength= 4 w= 9 nsites= 497 E= 4.8e-003
 0.755336 0.000266 0.207193 0.037206
 0.957595 0.000266 0.000266 0.041874
 0.048288 0.110405 0.841169 0.000139
 0.999330 0.000266 0.000266 0.000139
 0.000139 0.000266 0.000266 0.999330
 0.022572 0.035296 0.941993 0.000139
 0.192030 0.072670 0.725060 0.010239
 0.168016 0.504104 0.000266 0.327614
 0.000139 0.000266 0.945980 0.053615

MOTIF 7-GCGCABGCGCA STREME-7
letter-probability matrix: alength= 4 w= 11 nsites= 201 E= 7.5e-003
 0.077272 0.000409 0.922107 0.000213
 0.000213 0.999165 0.000409 0.000213
 0.000213 0.000409 0.999165 0.000213
 0.000213 0.999165 0.000409 0.000213
 0.998970 0.000409 0.000409 0.000213
 0.012243 0.232184 0.336438 0.419136
 0.000213 0.009029 0.949908 0.040851
 0.008833 0.792224 0.014874 0.184069
 0.000213 0.000409 0.999165 0.000213
 0.064977 0.889845 0.000409 0.044769
 0.745666 0.023947 0.230173 0.000213

MOTIF 8-CCTGTAATCCCAGC STREME-8
letter-probability matrix: alength= 4 w= 14 nsites= 153 E= 7.8e-003
 0.000181 0.925910 0.007686 0.066223
 0.000181 0.999289 0.000348 0.000181
 0.007519 0.000348 0.000348 0.991785
 0.044208 0.000348 0.955263 0.000181
 0.000181 0.022361 0.000348 0.977110
 0.940422 0.029698 0.022361 0.007519
 0.778859 0.000348 0.213275 0.007519
 0.000181 0.037036 0.007685 0.955098
 0.000181 0.955259 0.007685 0.036874
 0.051547 0.933248 0.000348 0.014857
 0.000181 0.991952 0.000348 0.007519
 0.962432 0.000348 0.007685 0.029534
 0.095572 0.007685 0.896562 0.000181
 0.007519 0.969939 0.015023 0.007519

MOTIF 9-CCGAGACC STREME-9
letter-probability matrix: alength= 4 w= 8 nsites= 2020 E= 1.1e-002
 0.070226 0.928921 0.000561 0.000293
 0.000293 0.998854 0.000561 0.000293
 0.026190 0.048631 0.909140 0.016038
 0.882208 0.023717 0.093782 0.000293
 0.043960 0.117945 0.827154 0.010941
 0.717543 0.059923 0.175570 0.046964
 0.141336 0.834802 0.000561 0.023300
 0.061105 0.938041 0.000561 0.000293

MOTIF 10-GCCCGGCCCTGSC STREME-10
letter-probability matrix: alength= 4 w= 13 nsites= 2989 E= 1.4e-002
 0.065191 0.055914 0.847142 0.031753
 0.006690 0.959061 0.023054 0.011195
 0.026732 0.790734 0.111054 0.071480
 0.024443 0.906315 0.044526 0.024715
 0.138220 0.037659 0.791746 0.032375
 0.050735 0.014179 0.898354 0.036732
 0.024576 0.846185 0.088016 0.041223
 0.061992 0.720358 0.134288 0.083362
 0.038439 0.805727 0.061077 0.094757
 0.119994 0.078529 0.210205 0.591272
 0.039014 0.153426 0.706228 0.101331
 0.070422 0.307723 0.531217 0.090639
 0.073342 0.718786 0.144172 0.063700

MOTIF 11-CAGCCTGGGCRACAK STREME-11
letter-probability matrix: alength= 4 w= 15 nsites= 158 E= 1.6e-002
 0.007145 0.957488 0.000331 0.035036
 0.985221 0.000331 0.014276 0.000172
 0.014118 0.021249 0.887751 0.076881
 0.000172 0.943542 0.000331 0.055955
 0.007145 0.957487 0.007303 0.028064
 0.007145 0.000331 0.007303 0.985221
 0.042011 0.007303 0.950514 0.000172
 0.069909 0.000331 0.929588 0.000172
 0.069903 0.265397 0.650582 0.014118
 0.028065 0.745393 0.028223 0.198318
 0.549962 0.007303 0.421644 0.021091
 0.992194 0.000331 0.000331 0.007145
 0.007145 0.943542 0.007303 0.042009
 0.975354 0.007303 0.010197 0.007145
 0.090818 0.063091 0.469277 0.376814

MOTIF 12-GGAGGTGG STREME-12
letter-probability matrix: alength= 4 w= 8 nsites= 4273 E= 1.8e-002
 0.000191 0.107795 0.891823 0.000191
 0.074087 0.104899 0.815332 0.005681
 0.878595 0.060526 0.000366 0.060514
 0.235911 0.182054 0.523277 0.058758
 0.018268 0.038275 0.922824 0.020634
 0.000191 0.051797 0.000366 0.947647
 0.125449 0.000366 0.873994 0.000191
 0.107721 0.000366 0.891723 0.000191

MOTIF 13-AGTGCAGTGGYGCGA STREME-13
letter-probability matrix: alength= 4 w= 15 nsites= 65 E= 3.2e-002
 0.960855 0.000876 0.019344 0.018925
 0.092800 0.000876 0.887400 0.018925
 0.000457 0.019344 0.000876 0.979324
 0.037394 0.000876 0.961274 0.000457
 0.000457 0.979743 0.000876 0.018925
 0.979324 0.000876 0.019344 0.000457
 0.166675 0.000876 0.831992 0.000457
 0.000457 0.019344 0.000876 0.979324
 0.055862 0.037813 0.905868 0.000457
 0.148211 0.000876 0.850457 0.000457
 0.000457 0.647304 0.019344 0.332895
 0.166680 0.000876 0.795051 0.037394
 0.000457 0.684238 0.019344 0.295961
 0.277495 0.074750 0.647298 0.000457
 0.997792 0.000876 0.000876 0.000457

MOTIF 14-AGCAGGAA STREME-14
letter-probability matrix: alength= 4 w= 8 nsites= 1274 E= 6.0e-002
 0.998678 0.000524 0.000524 0.000273
 0.185105 0.000524 0.814097 0.000273
 0.215269 0.703763 0.080694 0.000273
 0.898738 0.000524 0.100464 0.000273
 0.159441 0.000524 0.839761 0.000273
 0.000273 0.304051 0.695403 0.000273
 0.800303 0.000524 0.000524 0.198649
 0.998678 0.000524 0.000524 0.000273

MOTIF 15-AAAATTAGCYGGGCG STREME-15
letter-probability matrix: alength= 4 w= 15 nsites= 81 E= 6.3e-002
 0.983573 0.000696 0.000696 0.015036
 0.954228 0.044714 0.000696 0.000363
 0.998246 0.000696 0.000696 0.000363
 0.968901 0.000696 0.030041 0.000363
 0.015036 0.030041 0.015368 0.939555
 0.000363 0.000696 0.000696 0.998246
 0.968901 0.000696 0.030041 0.000363
 0.000363 0.000696 0.998579 0.000363
 0.029708 0.910541 0.000696 0.059055
 0.029708 0.528975 0.000696 0.440621
 0.220467 0.000696 0.763802 0.015036
 0.029709 0.000696 0.939887 0.029708
 0.029708 0.015368 0.954561 0.000363
 0.000363 0.705101 0.000696 0.293841
 0.205795 0.015368 0.763801 0.015036

MOTIF 16-CTCCCTCCCTCCCT STREME-16
letter-probability matrix: alength= 4 w= 14 nsites= 126 E= 1.2e-001
 0.000214 0.955799 0.043772 0.000214
 0.008887 0.000411 0.104478 0.886224
 0.000214 0.939192 0.009083 0.051510
 0.034903 0.860404 0.104479 0.000214
 0.043575 0.730321 0.139169 0.086936
 0.000214 0.000411 0.000411 0.998963
 0.000214 0.826380 0.138502 0.034903
 0.008887 0.921106 0.043775 0.026232
 0.034903 0.744446 0.050971 0.169680
 0.000214 0.000411 0.100495 0.898879
 0.060920 0.830790 0.017755 0.090535
 0.043579 0.806469 0.000411 0.149541
 0.000214 0.978217 0.021354 0.000214
 0.060923 0.076601 0.082063 0.780413

MOTIF 17-TGACGTCA STREME-17
letter-probability matrix: alength= 4 w= 8 nsites= 418 E= 1.8e-001
 0.000255 0.137857 0.000489 0.861399
 0.094980 0.000489 0.859973 0.044559
 0.998768 0.000489 0.000489 0.000255
 0.158530 0.736150 0.079726 0.025594
 0.025594 0.079726 0.736150 0.158530
 0.000255 0.000489 0.000489 0.998768
 0.044559 0.859973 0.000489 0.094980
 0.861399 0.000489 0.137857 0.000255

MOTIF 18-GGCTCACTGCAAC STREME-18
letter-probability matrix: alength= 4 w= 13 nsites= 70 E= 2.6e-001
 0.165622 0.015732 0.743173 0.075473
 0.006605 0.000712 0.932231 0.060452
 0.000371 0.833322 0.105853 0.060454
 0.000371 0.000712 0.000712 0.998205
 0.000371 0.983525 0.000712 0.015391
 0.968165 0.000712 0.030752 0.000371
 0.015391 0.968506 0.000712 0.015391
 0.000371 0.045775 0.015732 0.938122
 0.030411 0.000712 0.968506 0.000371
 0.015391 0.908425 0.015732 0.060452
 0.983185 0.000712 0.015732 0.000371
 0.998205 0.000712 0.000712 0.000371
 0.000371 0.818274 0.180983 0.000371

MOTIF 19-CGGTGGCTCACG STREME-19
letter-probability matrix: alength= 4 w= 12 nsites= 68 E= 2.6e-001
 0.024442 0.773555 0.015034 0.186970
 0.201330 0.000680 0.783281 0.014708
 0.000355 0.000680 0.998610 0.000355
 0.000355 0.000680 0.000680 0.998284
 0.000355 0.000680 0.998610 0.000355
 0.014708 0.015034 0.969903 0.000355
 0.000355 0.992653 0.000680 0.006312
 0.000355 0.015034 0.015034 0.969578
 0.000355 0.998610 0.000680 0.000355
 0.949267 0.029388 0.006637 0.014708
 0.000355 0.754569 0.072460 0.172617
 0.158256 0.000680 0.840709 0.000355

MOTIF 20-GTCTCAAAAAAAAA STREME-20
letter-probability matrix: alength= 4 w= 14 nsites= 66 E= 2.6e-001
 0.137955 0.000815 0.809234 0.051997
 0.000425 0.000815 0.035197 0.963563
 0.000425 0.929570 0.000815 0.069190
 0.000425 0.000815 0.000815 0.997945
 0.000425 0.877998 0.000815 0.120762
 0.963564 0.000815 0.018006 0.017616
 0.997945 0.000815 0.000815 0.000425
 0.997945 0.000815 0.000815 0.000425
 0.997945 0.000815 0.000815 0.000425
 0.911992 0.035196 0.018006 0.034806
 0.929182 0.018006 0.000815 0.051998
 0.929183 0.035196 0.018006 0.017616
 0.963564 0.035196 0.000815 0.000425
 0.980754 0.018006 0.000815 0.000425

MOTIF 21-CACCCSCACCCRCAC STREME-21
letter-probability matrix: alength= 4 w= 15 nsites= 286 E= 3.0e-001
 0.017630 0.938558 0.014201 0.029611
 0.999581 0.000166 0.000166 0.000087
 0.000087 0.954047 0.045779 0.000087
 0.196234 0.608034 0.157050 0.038682
 0.031665 0.838557 0.022674 0.107105
 0.171633 0.427040 0.238389 0.162938
 0.000087 0.961066 0.031743 0.007104
 0.929409 0.003675 0.049286 0.017629
 0.045698 0.787681 0.089344 0.077277
 0.194303 0.600421 0.112507 0.092769
 0.017630 0.863416 0.007183 0.111771
 0.328278 0.101917 0.431421 0.138384
 0.007104 0.938559 0.050742 0.003595
 0.673516 0.061268 0.093507 0.171709
 0.014121 0.821312 0.139920 0.024647

MOTIF 22-CACTCACCT STREME-22
letter-probability matrix: alength= 4 w= 9 nsites= 497 E= 3.4e-001
 0.028902 0.917781 0.012908 0.040409
 0.805564 0.066837 0.127372 0.000227
 0.003078 0.960461 0.006396 0.030066
 0.000227 0.022381 0.047884 0.929508
 0.002121 0.938933 0.039099 0.019846
 0.997356 0.000435 0.001982 0.000227
 0.000612 0.966182 0.030484 0.002722
 0.038922 0.937518 0.007551 0.016008
 0.130963 0.094083 0.171010 0.603944

MOTIF 23-CTGCAGCY STREME-23
letter-probability matrix: alength= 4 w= 8 nsites= 2738 E= 3.8e-001
 0.000188 0.999265 0.000360 0.000188
 0.000188 0.174941 0.000360 0.824511
 0.000188 0.000360 0.999265 0.000188
 0.000188 0.999265 0.000360 0.000188
 0.999093 0.000360 0.000360 0.000188
 0.000188 0.000360 0.999265 0.000188
 0.213750 0.720484 0.000360 0.065407
 0.046600 0.455142 0.041703 0.456554

MOTIF 24-ACAAATACAA STREME-24
letter-probability matrix: alength= 4 w= 10 nsites= 2180 E= 3.8e-001
 0.667643 0.092018 0.057168 0.183171
 0.039809 0.611320 0.100117 0.248754
 0.814430 0.049163 0.032362 0.104045
 0.901870 0.009383 0.049779 0.038968
 0.597457 0.263598 0.121167 0.017779
 0.003711 0.163354 0.102281 0.730655
 0.789835 0.073793 0.088100 0.048273
 0.215393 0.550914 0.083970 0.149723
 0.577035 0.136391 0.143189 0.143385
 0.518753 0.141892 0.132934 0.206420

MOTIF 25-GAATCGCTTGAACCC STREME-25
letter-probability matrix: alength= 4 w= 15 nsites= 102 E= 5.1e-001
 0.068345 0.023226 0.908149 0.000281
 0.771756 0.000538 0.227426 0.000281
 0.975956 0.000538 0.023226 0.000281
 0.011624 0.045913 0.000538 0.941924
 0.022969 0.556451 0.148023 0.272557
 0.159101 0.034570 0.794705 0.011624
 0.000281 0.942179 0.000538 0.057003
 0.000281 0.045914 0.148023 0.805783
 0.000281 0.011882 0.091290 0.896548
 0.000281 0.011882 0.987557 0.000281
 0.941924 0.011882 0.045913 0.000281
 0.783099 0.000538 0.216083 0.000281
 0.011624 0.964869 0.000538 0.022968
 0.034312 0.953525 0.011882 0.000281
 0.045656 0.703945 0.023226 0.227172

MOTIF 26-AGCAGCAGCRCCA STREME-26
letter-probability matrix: alength= 4 w= 13 nsites= 147 E= 6.4e-001
 0.928009 0.033693 0.038111 0.000187
 0.000187 0.007908 0.984169 0.007737
 0.018420 0.950835 0.015458 0.015287
 0.991547 0.007908 0.000358 0.000187
 0.015287 0.023010 0.931315 0.030389
 0.022838 0.931315 0.023010 0.022837
 0.955080 0.030559 0.007908 0.006453
 0.045487 0.030559 0.878465 0.045489
 0.015287 0.863365 0.075859 0.045489
 0.364521 0.090967 0.501985 0.042528
 0.119707 0.585048 0.264858 0.030387
 0.030389 0.875333 0.056342 0.037937
 0.896355 0.045660 0.027596 0.030389

MOTIF 27-CTCTACTAAAAATAC STREME-27
letter-probability matrix: alength= 4 w= 15 nsites= 86 E= 6.4e-001
 0.000320 0.856203 0.117241 0.026236
 0.026236 0.000614 0.013572 0.959578
 0.000320 0.920998 0.039488 0.039194
 0.000320 0.000614 0.000614 0.998451
 0.985493 0.013572 0.000614 0.000320
 0.013278 0.908040 0.013572 0.065109
 0.052151 0.065403 0.000614 0.881831
 0.946620 0.026530 0.013572 0.013278
 0.946619 0.039489 0.000614 0.013278
 0.959577 0.026531 0.000614 0.013278
 0.894789 0.065403 0.013572 0.026236
 0.881830 0.052446 0.000614 0.065109
 0.065109 0.052445 0.000614 0.881831
 0.907747 0.013572 0.013572 0.065109
 0.091025 0.739581 0.078364 0.091031

MOTIF 28-GGGAACAAA STREME-28
letter-probability matrix: alength= 4 w= 9 nsites= 28 E= 1.0e+000
 0.015582 0.029873 0.938964 0.015582
 0.015582 0.029873 0.938964 0.015582
 0.015582 0.029873 0.938964 0.015582
 0.924673 0.029873 0.029873 0.015582
 0.924673 0.029873 0.029873 0.015582
 0.015582 0.938964 0.029873 0.015582
 0.924673 0.029873 0.029873 0.015582
 0.924673 0.029873 0.029873 0.015582
 0.924673 0.029873 0.029873 0.015582

MOTIF 29-CGGGGTTTCC STREME-29
letter-probability matrix: alength= 4 w= 10 nsites= 80 E= 1.2e+000
 0.000577 0.997740 0.001106 0.000577
 0.000577 0.001106 0.997740 0.000577
 0.017059 0.044551 0.928130 0.010260
 0.000577 0.189081 0.809765 0.000577
 0.000577 0.001106 0.997740 0.000577
 0.000577 0.001106 0.001106 0.997211
 0.093920 0.001106 0.001106 0.903868
 0.010260 0.001106 0.208919 0.779715
 0.010260 0.985886 0.003278 0.000577
 0.278673 0.622998 0.047770 0.050559

MOTIF 30-AAAAAAAAAAAAAAT STREME-30
letter-probability matrix: alength= 4 w= 15 nsites= 49 E= 1.2e+000
 0.901081 0.001503 0.033212 0.064204
 0.996210 0.001503 0.001503 0.000784
 0.996210 0.001503 0.001503 0.000784
 0.996210 0.001503 0.001503 0.000784
 0.964501 0.033212 0.001503 0.000784
 0.964501 0.001503 0.033212 0.000784
 0.996210 0.001503 0.001503 0.000784
 0.996210 0.001503 0.001503 0.000784
 0.996210 0.001503 0.001503 0.000784
 0.996210 0.001503 0.001503 0.000784
 0.932792 0.001503 0.064920 0.000784
 0.964501 0.001503 0.033212 0.000784
 0.964501 0.001503 0.033212 0.000784
 0.792785 0.128342 0.078089 0.000784
 0.014605 0.160056 0.113607 0.711733

MOTIF 31-AGGAAGCCCGGG STREME-31
letter-probability matrix: alength= 4 w= 12 nsites= 132 E= 2.9e+000
 0.914409 0.058836 0.026515 0.000241
 0.009969 0.073504 0.857915 0.058612
 0.000241 0.086363 0.913156 0.000241
 0.940466 0.010190 0.010190 0.039155
 0.884677 0.073822 0.041261 0.000241
 0.043192 0.074476 0.843176 0.039156
 0.039155 0.875704 0.000461 0.084680
 0.033463 0.807791 0.086368 0.072378
 0.006152 0.901553 0.062869 0.029426
 0.023737 0.049104 0.914276 0.012883
 0.023735 0.112774 0.807997 0.055495
 0.029426 0.023955 0.864511 0.082108

MOTIF 32-AGYWRCT STREME-32
letter-probability matrix: alength= 4 w= 7 nsites= 1262 E= 3.2e+000
 0.997554 0.000970 0.000970 0.000506
 0.006928 0.000970 0.983820 0.008281
 0.140232 0.473231 0.073045 0.313492
 0.499030 0.000970 0.000970 0.499030
 0.313492 0.073045 0.473231 0.140232
 0.008281 0.983820 0.000970 0.006928
 0.000506 0.000970 0.000970 0.997554

MOTIF 33-GCCCCGCS STREME-33
letter-probability matrix: alength= 4 w= 8 nsites= 1049 E= 3.4e+000
 0.000659 0.001263 0.997419 0.000659
 0.000659 0.997419 0.001263 0.000659
 0.000659 0.997419 0.001263 0.000659
 0.000659 0.997419 0.001263 0.000659
 0.000659 0.997419 0.001263 0.000659
 0.000659 0.001263 0.997419 0.000659
 0.134206 0.857201 0.001263 0.007330
 0.000659 0.623758 0.374924 0.000659

********************************************************************************
Stopped because 3 consecutive motifs exceeded the p-value threshold (0.05).
********************************************************************************
COMMAND:	streme --verbosity 1 --oc meme_out_incomplete_DL/K562_AGO1-human_ENCFF927SOS/streme_out -dna --seed 0 --p meme_out_incomplete_DL/K562_AGO1-human_ENCFF927SOS/seqs-centered --minw 6 --maxw 15 --time 6186 --order 2 --thresh 0.05 --align center --totallength 4000000 --parse-genomic-coord
********************************************************************************
CPU:		9f05ee173ae9
********************************************************************************
FINALTIME:	1116.18 seconds
********************************************************************************
