********************************************************************************
STREME - Sensitive, Thorough, Rapid, Enriched Motif Elicitation
********************************************************************************
MEME version 5.5.3 (Release date: Sat Jun 10 16:19:38 2023 -0700)

For further information on how to interpret these results please access http://localhost:8080/meme_5.5.3.
To get a copy of the MEME Suite software please access https://meme-suite.org.

********************************************************************************


********************************************************************************
REFERENCE
********************************************************************************
If you use this program in your research, please cite:

Timothy L. Bailey,
"STREME: accurate and versatile sequence motif discovery",
Bioinformatics, Mar. 24, 2021.
********************************************************************************


ALPHABET= ACGT

strands: + -

Background letter frequencies
A 0.232 C 0.268 G 0.268 T 0.232 

MOTIF 1-AAGYAAAYA STREME-1
letter-probability matrix: alength= 4 w= 9 nsites= 5158 E= 1.4e-052
 0.636712 0.122774 0.221293 0.019221
 0.657295 0.000023 0.111678 0.231004
 0.245401 0.000023 0.754556 0.000020
 0.000020 0.361205 0.000023 0.638753
 0.920343 0.079615 0.000023 0.000020
 0.999935 0.000023 0.000023 0.000020
 0.999935 0.000023 0.000023 0.000020
 0.000020 0.587471 0.000023 0.412487
 0.999935 0.000023 0.000023 0.000020

MOTIF 2-CAAAGKYCA STREME-2
letter-probability matrix: alength= 4 w= 9 nsites= 3712 E= 1.7e-031
 0.000028 0.933670 0.012299 0.054004
 0.906758 0.091540 0.001674 0.000028
 0.838586 0.003620 0.120277 0.037516
 0.957996 0.006577 0.035399 0.000028
 0.000028 0.000032 0.999913 0.000028
 0.032758 0.000032 0.339872 0.627338
 0.046053 0.381215 0.071441 0.501292
 0.001399 0.957776 0.002301 0.038524
 0.935361 0.024632 0.000032 0.039975

MOTIF 3-CCTCRGCCTCCCAAR STREME-3
letter-probability matrix: alength= 4 w= 15 nsites= 647 E= 7.5e-014
 0.001758 0.925953 0.011976 0.060313
 0.000057 0.958986 0.006871 0.034085
 0.027280 0.022184 0.001767 0.948769
 0.006863 0.810257 0.000066 0.182815
 0.494534 0.032393 0.409112 0.063961
 0.068114 0.001767 0.914749 0.015370
 0.001758 0.976000 0.000066 0.022175
 0.008564 0.911347 0.000066 0.080024
 0.003460 0.000066 0.000066 0.996409
 0.005161 0.942967 0.001767 0.050104
 0.008564 0.930610 0.022184 0.038642
 0.027280 0.768269 0.034800 0.169651
 0.640452 0.043509 0.297266 0.018773
 0.819505 0.017080 0.158254 0.005161
 0.493424 0.010274 0.486036 0.010266

MOTIF 4-RTGACTCA STREME-4
letter-probability matrix: alength= 4 w= 8 nsites= 1297 E= 3.4e-012
 0.515835 0.000122 0.483937 0.000106
 0.000106 0.000122 0.000122 0.999650
 0.000106 0.000122 0.999666 0.000106
 0.999650 0.000122 0.000122 0.000106
 0.000106 0.792198 0.207590 0.000106
 0.000106 0.000122 0.070455 0.929317
 0.070683 0.929089 0.000122 0.000106
 0.999650 0.000122 0.000122 0.000106

MOTIF 5-CYTTGAWCTY STREME-5
letter-probability matrix: alength= 4 w= 10 nsites= 1246 E= 8.5e-012
 0.041766 0.906870 0.051306 0.000058
 0.024453 0.424842 0.004792 0.545913
 0.000058 0.000067 0.000067 0.999807
 0.000058 0.031706 0.000067 0.968169
 0.000058 0.000067 0.999816 0.000058
 0.899796 0.000067 0.079170 0.020967
 0.518176 0.139393 0.000067 0.342364
 0.006185 0.883957 0.109800 0.000058
 0.037675 0.087914 0.027633 0.846778
 0.126800 0.446225 0.060534 0.366441

MOTIF 6-MGGAAGTGR STREME-6
letter-probability matrix: alength= 4 w= 9 nsites= 2005 E= 1.4e-011
 0.517244 0.393277 0.068584 0.020896
 0.000084 0.000097 0.999736 0.000084
 0.000084 0.000097 0.999736 0.000084
 0.999723 0.000097 0.000097 0.000084
 0.999723 0.000097 0.000097 0.000084
 0.147881 0.000097 0.851939 0.000084
 0.098680 0.013683 0.000097 0.887541
 0.090942 0.090628 0.730916 0.087514
 0.527648 0.000097 0.472172 0.000084

MOTIF 7-CCCCGCCCCCN STREME-7
letter-probability matrix: alength= 4 w= 11 nsites= 1813 E= 2.4e-011
 0.000046 0.999854 0.000053 0.000046
 0.000046 0.999854 0.000053 0.000046
 0.042460 0.957440 0.000053 0.000046
 0.000046 0.999854 0.000053 0.000046
 0.210115 0.000053 0.686556 0.103276
 0.057039 0.942861 0.000053 0.000046
 0.008661 0.991239 0.000053 0.000046
 0.000046 0.922961 0.000053 0.076940
 0.071234 0.928666 0.000053 0.000046
 0.096280 0.526208 0.194794 0.182717
 0.204876 0.290171 0.237326 0.267627

MOTIF 8-CCAGCCTGGGCRACA STREME-8
letter-probability matrix: alength= 4 w= 15 nsites= 489 E= 7.3e-011
 0.021900 0.919009 0.017546 0.041545
 0.004439 0.936470 0.008815 0.050276
 0.986662 0.006632 0.006632 0.000073
 0.034997 0.000084 0.908095 0.056824
 0.002256 0.938653 0.010998 0.048093
 0.004439 0.984490 0.004450 0.006621
 0.002256 0.021912 0.004450 0.971383
 0.041545 0.002267 0.953932 0.002256
 0.085199 0.006632 0.899364 0.008804
 0.043728 0.238001 0.696371 0.021900
 0.048093 0.663630 0.004450 0.283827
 0.609051 0.015363 0.366781 0.008804
 0.988845 0.002267 0.004450 0.004439
 0.013169 0.912461 0.021912 0.052458
 0.962652 0.006632 0.028460 0.002256

MOTIF 9-CCTGTAATCCCAGCW STREME-9
letter-probability matrix: alength= 4 w= 15 nsites= 589 E= 1.5e-010
 0.011203 0.912534 0.011213 0.065050
 0.001919 0.938529 0.009356 0.050196
 0.003776 0.031637 0.000072 0.964515
 0.089189 0.001929 0.901393 0.007489
 0.001919 0.009356 0.011213 0.977513
 0.935892 0.013069 0.050205 0.000833
 0.754696 0.007499 0.234029 0.003776
 0.001919 0.026067 0.000072 0.971942
 0.005633 0.932959 0.005642 0.055766
 0.014917 0.916248 0.011213 0.057623
 0.001919 0.903250 0.007499 0.087332
 0.986797 0.001929 0.009356 0.001919
 0.059480 0.009356 0.919961 0.011203
 0.005633 0.945956 0.014926 0.033485
 0.582013 0.009356 0.020497 0.388135

MOTIF 10-GGYGCRGTGGCTCA STREME-10
letter-probability matrix: alength= 4 w= 14 nsites= 598 E= 2.0e-009
 0.313897 0.007386 0.678656 0.000061
 0.072143 0.011043 0.911266 0.005548
 0.034808 0.507102 0.031160 0.426930
 0.260862 0.000071 0.726205 0.012863
 0.000061 0.764426 0.000071 0.235442
 0.447276 0.003728 0.528818 0.020178
 0.034808 0.000071 0.965060 0.000061
 0.000061 0.000071 0.003728 0.996140
 0.029322 0.000071 0.970546 0.000061
 0.094089 0.000071 0.903950 0.001890
 0.000061 0.809612 0.000071 0.190256
 0.109789 0.000071 0.296519 0.593621
 0.000061 0.981519 0.000071 0.018349
 0.896972 0.011043 0.091923 0.000061

MOTIF 11-CAAGGTCA STREME-11
letter-probability matrix: alength= 4 w= 8 nsites= 2199 E= 6.2e-009
 0.035786 0.827511 0.096387 0.040317
 0.872682 0.016519 0.097155 0.013644
 0.927593 0.002531 0.068731 0.001145
 0.026669 0.031542 0.925213 0.016575
 0.002154 0.000120 0.986911 0.010816
 0.091672 0.056139 0.034124 0.818066
 0.001738 0.956905 0.004933 0.036424
 0.918353 0.010726 0.046578 0.024343

MOTIF 12-GCGCVTGCGCR STREME-12
letter-probability matrix: alength= 4 w= 11 nsites= 306 E= 2.5e-007
 0.001730 0.000201 0.997896 0.000174
 0.000174 0.999451 0.000201 0.000174
 0.000174 0.000201 0.999451 0.000174
 0.000174 0.988640 0.000201 0.010985
 0.262523 0.432367 0.304936 0.000174
 0.000174 0.000201 0.000201 0.999425
 0.012717 0.003008 0.978908 0.005368
 0.000174 0.999451 0.000201 0.000174
 0.000174 0.000201 0.999451 0.000174
 0.000174 0.939456 0.000259 0.060111
 0.649010 0.000201 0.350615 0.000174

MOTIF 13-AATAATTAACC STREME-13
letter-probability matrix: alength= 4 w= 11 nsites= 1065 E= 5.3e-007
 0.929295 0.002895 0.033532 0.034279
 0.946875 0.024788 0.020174 0.008163
 0.188031 0.037847 0.005409 0.768713
 0.508543 0.194922 0.192892 0.103643
 0.899683 0.002452 0.034363 0.063503
 0.024788 0.009392 0.024560 0.941261
 0.006040 0.000903 0.000460 0.992596
 0.965236 0.002068 0.008868 0.023828
 0.703275 0.035267 0.199544 0.061914
 0.052964 0.907314 0.010038 0.029684
 0.102029 0.658894 0.014016 0.225061

MOTIF 14-CTCAAGYGATCCTCC STREME-14
letter-probability matrix: alength= 4 w= 15 nsites= 432 E= 6.0e-007
 0.005338 0.742153 0.000101 0.252407
 0.013213 0.026352 0.000101 0.960333
 0.000088 0.952471 0.000101 0.047339
 0.976084 0.000101 0.015852 0.007963
 0.766077 0.026352 0.199607 0.007963
 0.070965 0.013227 0.902595 0.013213
 0.013213 0.409080 0.018477 0.559230
 0.207469 0.017632 0.759061 0.015838
 0.999709 0.000101 0.000101 0.000088
 0.002713 0.036852 0.000101 0.960333
 0.000088 0.723778 0.002726 0.273408
 0.021089 0.836968 0.015852 0.126092
 0.136592 0.005352 0.202232 0.655824
 0.002713 0.947221 0.000101 0.049964
 0.010588 0.923284 0.021102 0.045026

MOTIF 15-CWYRGCTCACTGCAR STREME-15
letter-probability matrix: alength= 4 w= 15 nsites= 294 E= 9.7e-007
 0.003940 0.961478 0.000147 0.034435
 0.366804 0.000147 0.011583 0.621466
 0.011563 0.587913 0.011583 0.388941
 0.378239 0.038266 0.560495 0.022999
 0.068742 0.000147 0.930983 0.000128
 0.003940 0.972914 0.000147 0.022999
 0.003940 0.000147 0.000147 0.995766
 0.000128 0.961478 0.003959 0.034435
 0.965271 0.000147 0.030642 0.003940
 0.003940 0.972914 0.000147 0.022999
 0.000128 0.030642 0.019207 0.950023
 0.045870 0.007771 0.946231 0.000128
 0.000128 0.934061 0.000147 0.065664
 0.980518 0.007771 0.007771 0.003940
 0.632902 0.003959 0.351576 0.011563

MOTIF 16-ARACCCYGTCTC STREME-16
letter-probability matrix: alength= 4 w= 12 nsites= 422 E= 1.7e-006
 0.969859 0.015021 0.000115 0.015005
 0.371845 0.000115 0.616016 0.012024
 0.996689 0.000115 0.000115 0.003081
 0.006485 0.943128 0.000115 0.050272
 0.006062 0.685018 0.007315 0.301605
 0.015005 0.885059 0.000115 0.099820
 0.028167 0.360228 0.012040 0.599565
 0.198191 0.000115 0.801594 0.000100
 0.004318 0.000115 0.000115 0.995451
 0.006062 0.969874 0.000115 0.023949
 0.003081 0.006077 0.000115 0.990727
 0.025760 0.953720 0.005515 0.015005

MOTIF 17-CAAGATGGCGGC STREME-17
letter-probability matrix: alength= 4 w= 12 nsites= 341 E= 2.4e-006
 0.114288 0.647133 0.160814 0.077765
 0.938249 0.000176 0.024898 0.036676
 0.981233 0.018438 0.000176 0.000153
 0.132550 0.125068 0.719402 0.022980
 0.999494 0.000176 0.000176 0.000153
 0.000153 0.000176 0.000176 0.999494
 0.000153 0.000176 0.999518 0.000153
 0.000153 0.000176 0.990387 0.009284
 0.000153 0.999518 0.000176 0.000153
 0.022204 0.047725 0.902526 0.027545
 0.137540 0.158496 0.639896 0.064069
 0.113512 0.824914 0.000176 0.061398

MOTIF 18-GYAAWTAT STREME-18
letter-probability matrix: alength= 4 w= 8 nsites= 1553 E= 4.0e-006
 0.000144 0.000166 0.999545 0.000144
 0.000144 0.424941 0.000166 0.574748
 0.874003 0.125686 0.000166 0.000144
 0.995420 0.000166 0.004269 0.000144
 0.473862 0.000166 0.000166 0.525805
 0.000144 0.000166 0.000166 0.999523
 0.999523 0.000166 0.000166 0.000144
 0.194354 0.194414 0.113272 0.497961

MOTIF 19-CCACYAGRKGGC STREME-19
letter-probability matrix: alength= 4 w= 12 nsites= 616 E= 1.3e-005
 0.078325 0.897181 0.016746 0.007748
 0.000075 0.993023 0.006827 0.000075
 0.890990 0.012252 0.078825 0.017932
 0.000075 0.775318 0.222284 0.002322
 0.074098 0.429143 0.039782 0.456977
 0.999751 0.000087 0.000087 0.000075
 0.000075 0.000087 0.999763 0.000075
 0.509520 0.005794 0.484610 0.000075
 0.000075 0.007759 0.564483 0.427683
 0.000075 0.000087 0.999763 0.000075
 0.025721 0.009073 0.939659 0.025547
 0.070521 0.820952 0.000087 0.108440

MOTIF 20-CCCYKCCC STREME-20
letter-probability matrix: alength= 4 w= 8 nsites= 4970 E= 1.4e-005
 0.000120 0.860110 0.000138 0.139633
 0.000120 0.691323 0.000138 0.308420
 0.000120 0.957031 0.000138 0.042711
 0.000120 0.494634 0.000138 0.505108
 0.141662 0.000138 0.297677 0.560523
 0.000120 0.999623 0.000138 0.000120
 0.000120 0.999623 0.000138 0.000120
 0.000120 0.999623 0.000138 0.000120

MOTIF 21-RTTRYRYAAY STREME-21
letter-probability matrix: alength= 4 w= 10 nsites= 958 E= 1.7e-005
 0.511384 0.083521 0.404996 0.000099
 0.000099 0.000114 0.000114 0.999674
 0.000099 0.003824 0.003946 0.992131
 0.343324 0.003281 0.653297 0.000099
 0.064179 0.578415 0.042172 0.315234
 0.315234 0.042172 0.578415 0.064179
 0.000099 0.653297 0.003281 0.343324
 0.992131 0.003946 0.003824 0.000099
 0.999674 0.000114 0.000114 0.000099
 0.000099 0.404996 0.083521 0.511384

MOTIF 22-CCACGTGRY STREME-22
letter-probability matrix: alength= 4 w= 9 nsites= 1267 E= 9.8e-005
 0.089539 0.621426 0.223479 0.065556
 0.024157 0.815635 0.026999 0.133209
 0.999638 0.000126 0.000126 0.000109
 0.000109 0.999655 0.000126 0.000109
 0.000109 0.000126 0.999655 0.000109
 0.000109 0.000126 0.000126 0.999638
 0.036037 0.034975 0.836405 0.092583
 0.247538 0.203896 0.483112 0.065455
 0.202076 0.284300 0.022701 0.490923

MOTIF 23-GCCGCCGCCGCCGCC STREME-23
letter-probability matrix: alength= 4 w= 15 nsites= 461 E= 1.0e-004
 0.020142 0.071917 0.905350 0.002591
 0.000084 0.971190 0.011091 0.017635
 0.096613 0.755705 0.000097 0.147585
 0.065272 0.000097 0.930999 0.003632
 0.002591 0.910941 0.012633 0.073835
 0.053777 0.700144 0.121505 0.124575
 0.042707 0.009021 0.912046 0.036226
 0.028704 0.843671 0.005111 0.122513
 0.005099 0.855299 0.022662 0.116941
 0.050229 0.020155 0.929532 0.000084
 0.005099 0.936013 0.008659 0.050229
 0.000084 0.761547 0.065285 0.173084
 0.091385 0.003858 0.861131 0.043626
 0.022649 0.881280 0.027250 0.068820
 0.006501 0.703435 0.188650 0.101414

MOTIF 24-AAAAAAAAAAAAAA STREME-24
letter-probability matrix: alength= 4 w= 14 nsites= 348 E= 1.4e-004
 0.980503 0.000174 0.000174 0.019149
 0.999501 0.000174 0.000174 0.000151
 0.953750 0.000174 0.045925 0.000151
 0.954731 0.035933 0.000174 0.009162
 0.769432 0.181982 0.034919 0.013667
 0.999501 0.000174 0.000174 0.000151
 0.961880 0.037795 0.000174 0.000151
 0.985696 0.013979 0.000174 0.000151
 0.999501 0.000174 0.000174 0.000151
 0.721193 0.278482 0.000174 0.000151
 0.990490 0.009185 0.000174 0.000151
 0.907333 0.000174 0.092342 0.000151
 0.944394 0.000174 0.055281 0.000151
 0.999501 0.000174 0.000174 0.000151

MOTIF 25-VCMGGAAGY STREME-25
letter-probability matrix: alength= 4 w= 9 nsites= 1311 E= 3.9e-004
 0.269789 0.451649 0.278372 0.000190
 0.000190 0.999400 0.000219 0.000190
 0.419914 0.579676 0.000219 0.000190
 0.000190 0.000219 0.999400 0.000190
 0.000190 0.000219 0.999400 0.000190
 0.999371 0.000219 0.000219 0.000190
 0.999371 0.000219 0.000219 0.000190
 0.199257 0.000219 0.800333 0.000190
 0.000190 0.626654 0.000219 0.372936

MOTIF 26-TCAGCACCAYGGACA STREME-26
letter-probability matrix: alength= 4 w= 15 nsites= 193 E= 5.2e-004
 0.000183 0.038432 0.076653 0.884732
 0.022024 0.950282 0.005671 0.022024
 0.999395 0.000211 0.000211 0.000183
 0.011103 0.000211 0.988503 0.000183
 0.038404 0.830158 0.093034 0.038404
 0.983015 0.011131 0.000211 0.005643
 0.011103 0.988503 0.000211 0.000183
 0.005643 0.966662 0.000211 0.027484
 0.535280 0.071193 0.202237 0.191289
 0.027484 0.442485 0.125795 0.404236
 0.000183 0.000211 0.999423 0.000183
 0.027484 0.016591 0.955742 0.000183
 0.906572 0.082114 0.000211 0.011103
 0.000183 0.906600 0.093034 0.000183
 0.988475 0.000211 0.011131 0.000183

MOTIF 27-GCTGGGA STREME-27
letter-probability matrix: alength= 4 w= 7 nsites= 1079 E= 8.3e-004
 0.021118 0.024336 0.933427 0.021118
 0.021118 0.933427 0.024336 0.021118
 0.021118 0.024336 0.024336 0.930209
 0.021118 0.024336 0.933427 0.021118
 0.021118 0.024336 0.933427 0.021118
 0.021118 0.024336 0.933427 0.021118
 0.930209 0.024336 0.024336 0.021118

MOTIF 28-CACTCACC STREME-28
letter-probability matrix: alength= 4 w= 8 nsites= 275 E= 1.2e-003
 0.021118 0.933427 0.024336 0.021118
 0.930209 0.024336 0.024336 0.021118
 0.021118 0.933427 0.024336 0.021118
 0.021118 0.024336 0.024336 0.930209
 0.021118 0.933427 0.024336 0.021118
 0.930209 0.024336 0.024336 0.021118
 0.021118 0.933427 0.024336 0.021118
 0.021118 0.933427 0.024336 0.021118

MOTIF 29-ATTGCAACAY STREME-29
letter-probability matrix: alength= 4 w= 10 nsites= 285 E= 2.3e-003
 0.568663 0.168833 0.262120 0.000384
 0.000384 0.000443 0.000443 0.998731
 0.000384 0.023358 0.000443 0.975815
 0.100582 0.000443 0.898591 0.000384
 0.000384 0.998789 0.000443 0.000384
 0.987274 0.000443 0.011899 0.000384
 0.676160 0.000443 0.000443 0.322955
 0.000384 0.987333 0.000443 0.011841
 0.913492 0.054367 0.014107 0.018035
 0.000384 0.550673 0.000443 0.448500

MOTIF 30-ACACACACACAC STREME-30
letter-probability matrix: alength= 4 w= 12 nsites= 294 E= 6.5e-003
 0.993748 0.000226 0.005829 0.000197
 0.000197 0.999381 0.000226 0.000197
 0.857334 0.000226 0.142243 0.000197
 0.000197 0.923217 0.044624 0.031962
 0.984743 0.002572 0.012489 0.000197
 0.013247 0.915258 0.000226 0.071269
 0.893124 0.015233 0.091447 0.000197
 0.019419 0.772213 0.062422 0.145947
 0.902016 0.000226 0.097561 0.000197
 0.088037 0.797273 0.034815 0.079875
 0.578084 0.194542 0.141898 0.085477
 0.021519 0.967476 0.000226 0.010779

MOTIF 31-RTTGTGAAAT STREME-31
letter-probability matrix: alength= 4 w= 10 nsites= 463 E= 7.6e-003
 0.535070 0.000262 0.464439 0.000228
 0.000228 0.000262 0.000262 0.999248
 0.018419 0.000262 0.190476 0.790842
 0.188036 0.000262 0.667796 0.143906
 0.139237 0.000262 0.127503 0.732998
 0.000228 0.000262 0.999282 0.000228
 0.999248 0.000262 0.000262 0.000228
 0.974069 0.025441 0.000262 0.000228
 0.999248 0.000262 0.000262 0.000228
 0.000228 0.307611 0.000262 0.691899

MOTIF 32-ARAGATAA STREME-32
letter-probability matrix: alength= 4 w= 8 nsites= 2287 E= 3.9e-002
 0.605504 0.048637 0.151546 0.194313
 0.346375 0.072979 0.473549 0.107098
 0.988605 0.000162 0.000162 0.011070
 0.000141 0.000162 0.999556 0.000141
 0.999534 0.000162 0.000162 0.000141
 0.000141 0.000162 0.000162 0.999534
 0.863283 0.070856 0.054933 0.010927
 0.958446 0.000162 0.041251 0.000141

MOTIF 33-RATCRATRM STREME-33
letter-probability matrix: alength= 4 w= 9 nsites= 553 E= 5.0e-002
 0.628077 0.000220 0.359480 0.012223
 0.999368 0.000220 0.000220 0.000191
 0.000191 0.000220 0.000220 0.999368
 0.000191 0.999397 0.000220 0.000191
 0.636897 0.000220 0.338213 0.024669
 0.999368 0.000220 0.000220 0.000191
 0.000191 0.056630 0.000220 0.942958
 0.549961 0.103286 0.346562 0.000191
 0.469723 0.298417 0.099197 0.132663

MOTIF 34-AGAGAGAGAGAGAGA STREME-34
letter-probability matrix: alength= 4 w= 15 nsites= 253 E= 5.3e-002
 0.939160 0.045406 0.000194 0.015239
 0.000168 0.000194 0.999469 0.000168
 0.971814 0.017777 0.000194 0.010216
 0.187272 0.057538 0.739950 0.015239
 0.783429 0.055454 0.135831 0.025286
 0.150876 0.005218 0.843738 0.000168
 0.898972 0.000194 0.100666 0.000168
 0.233339 0.000194 0.734073 0.032395
 0.888924 0.085595 0.015265 0.010216
 0.131320 0.065501 0.803011 0.000168
 0.849590 0.022373 0.097727 0.030310
 0.249213 0.132764 0.607807 0.010216
 0.798927 0.095642 0.075121 0.030310
 0.252700 0.020288 0.726843 0.000168
 0.876792 0.000194 0.080572 0.042442

MOTIF 35-GTGCAGTGGCRTGAT STREME-35
letter-probability matrix: alength= 4 w= 15 nsites= 136 E= 1.2e-001
 0.135032 0.000306 0.856469 0.008193
 0.000266 0.016161 0.008234 0.975340
 0.047830 0.000306 0.943670 0.008193
 0.000266 0.951598 0.000306 0.047830
 0.967412 0.000306 0.032016 0.000266
 0.238089 0.016161 0.713775 0.031975
 0.000266 0.039943 0.000306 0.959485
 0.024048 0.016161 0.951598 0.008193
 0.031975 0.000306 0.943671 0.024048
 0.000266 0.729630 0.024088 0.246016
 0.483839 0.032016 0.475952 0.008193
 0.039903 0.317404 0.000306 0.642387
 0.055758 0.111290 0.816831 0.016121
 0.991194 0.008234 0.000306 0.000266
 0.031975 0.008234 0.016161 0.943630

MOTIF 36-GRTGACGTCAYC STREME-36
letter-probability matrix: alength= 4 w= 12 nsites= 319 E= 2.2e-001
 0.185913 0.202674 0.531379 0.080034
 0.325415 0.196670 0.458024 0.019891
 0.022085 0.000169 0.006751 0.970995
 0.002341 0.008945 0.883638 0.105076
 0.986351 0.000169 0.000169 0.013310
 0.041456 0.758436 0.000169 0.199938
 0.199938 0.000169 0.758436 0.041456
 0.013310 0.000169 0.000169 0.986351
 0.105076 0.883638 0.008945 0.002341
 0.970995 0.006751 0.000169 0.022085
 0.019891 0.458024 0.196670 0.325415
 0.080034 0.531379 0.202674 0.185913

MOTIF 37-CCCGACTCC STREME-37
letter-probability matrix: alength= 4 w= 9 nsites= 385 E= 3.5e-001
 0.000608 0.998084 0.000700 0.000608
 0.038314 0.960378 0.000700 0.000608
 0.000608 0.998084 0.000700 0.000608
 0.000608 0.000700 0.998084 0.000608
 0.731362 0.267330 0.000700 0.000608
 0.095454 0.903237 0.000700 0.000608
 0.111077 0.085590 0.077835 0.725497
 0.012416 0.841138 0.145838 0.000608
 0.000608 0.949101 0.049683 0.000608

MOTIF 38-TTAYRTAA STREME-38
letter-probability matrix: alength= 4 w= 8 nsites= 162 E= 3.7e-001
 0.001439 0.001658 0.001658 0.995245
 0.001439 0.001658 0.001658 0.995245
 0.995245 0.001658 0.001658 0.001439
 0.001439 0.587065 0.001658 0.409838
 0.409838 0.001658 0.587065 0.001439
 0.001439 0.001658 0.001658 0.995245
 0.995245 0.001658 0.001658 0.001439
 0.995245 0.001658 0.001658 0.001439

MOTIF 39-TAAATATTTA STREME-39
letter-probability matrix: alength= 4 w= 10 nsites= 211 E= 3.7e-001
 0.000411 0.289646 0.000474 0.709470
 0.823117 0.000474 0.000474 0.175936
 0.887850 0.057583 0.000474 0.054094
 0.998642 0.000474 0.000474 0.000411
 0.000411 0.224322 0.000474 0.774794
 0.774794 0.000474 0.224322 0.000411
 0.000411 0.000474 0.000474 0.998642
 0.054094 0.000474 0.057583 0.887850
 0.175936 0.000474 0.000474 0.823117
 0.709470 0.000474 0.289646 0.000411

MOTIF 40-CTGCAGCC STREME-40
letter-probability matrix: alength= 4 w= 8 nsites= 569 E= 3.7e-001
 0.021118 0.933427 0.024336 0.021118
 0.021118 0.024336 0.024336 0.930209
 0.021118 0.024336 0.933427 0.021118
 0.021118 0.933427 0.024336 0.021118
 0.930209 0.024336 0.024336 0.021118
 0.021118 0.024336 0.933427 0.021118
 0.021118 0.933427 0.024336 0.021118
 0.021118 0.933427 0.024336 0.021118

MOTIF 41-TGTAAACA STREME-41
letter-probability matrix: alength= 4 w= 8 nsites= 1019 E= 3.9e-001
 0.013220 0.029207 0.134125 0.823448
 0.054634 0.000562 0.944586 0.000218
 0.000218 0.118487 0.000251 0.881044
 0.907809 0.088740 0.000251 0.003199
 0.737410 0.246574 0.006445 0.009570
 0.948384 0.012993 0.000514 0.038109
 0.000218 0.993135 0.006429 0.000218
 0.935072 0.001869 0.033644 0.029415

MOTIF 42-ACTACAAYTCCCAG STREME-42
letter-probability matrix: alength= 4 w= 14 nsites= 146 E= 5.5e-001
 0.976098 0.007981 0.007981 0.007941
 0.000258 0.983821 0.007981 0.007941
 0.007941 0.023348 0.007981 0.960730
 0.937679 0.015664 0.038716 0.007941
 0.000258 0.991504 0.007981 0.000258
 0.922311 0.023348 0.046399 0.007941
 0.714849 0.061767 0.092502 0.130882
 0.092463 0.522794 0.092502 0.292241
 0.007941 0.046399 0.007981 0.937679
 0.015625 0.960769 0.007981 0.015625
 0.007941 0.991504 0.000297 0.000258
 0.007941 0.976137 0.000297 0.015625
 0.876208 0.015664 0.107870 0.000258
 0.069412 0.038716 0.807094 0.084779

MOTIF 43-GGATTCGAACCCR STREME-43
letter-probability matrix: alength= 4 w= 13 nsites= 98 E= 5.5e-001
 0.000386 0.000445 0.987265 0.011904
 0.127082 0.000445 0.872087 0.000386
 0.860511 0.000445 0.138658 0.000386
 0.161635 0.265354 0.034998 0.538013
 0.000386 0.023480 0.000445 0.975689
 0.000386 0.664768 0.011963 0.322884
 0.023422 0.000445 0.975747 0.000386
 0.998724 0.000445 0.000445 0.000386
 0.998724 0.000445 0.000445 0.000386
 0.000386 0.987265 0.000445 0.011904
 0.000386 0.987265 0.000445 0.011904
 0.046457 0.656958 0.077361 0.219224
 0.422835 0.046516 0.461156 0.069493

MOTIF 44-GTTACAGATTAAC STREME-44
letter-probability matrix: alength= 4 w= 13 nsites= 68 E= 5.5e-001
 0.051803 0.000660 0.946966 0.000572
 0.000572 0.000660 0.000660 0.998109
 0.000572 0.034813 0.000660 0.963955
 0.878571 0.017736 0.086043 0.017649
 0.000572 0.810352 0.034813 0.154263
 0.700717 0.017736 0.000660 0.280887
 0.000572 0.103119 0.742046 0.154263
 0.998109 0.000660 0.000660 0.000572
 0.000572 0.000660 0.068966 0.929802
 0.000572 0.024823 0.051890 0.922714
 0.895648 0.103120 0.000660 0.000572
 0.673651 0.017736 0.290964 0.017649
 0.188416 0.759122 0.000660 0.051803

MOTIF 45-ACAGATGAGGAA STREME-45
letter-probability matrix: alength= 4 w= 12 nsites= 77 E= 5.5e-001
 0.939081 0.000460 0.012380 0.048079
 0.012319 0.850755 0.000460 0.136465
 0.814935 0.036220 0.083900 0.064945
 0.052323 0.012380 0.922978 0.012319
 0.962920 0.036220 0.000460 0.000400
 0.005346 0.041167 0.107739 0.845747
 0.000400 0.024300 0.891462 0.083839
 0.922569 0.000460 0.076571 0.000400
 0.127682 0.060060 0.752259 0.059999
 0.023709 0.058034 0.882098 0.036159
 0.939080 0.000460 0.012380 0.048079
 0.910294 0.012380 0.036219 0.041106

MOTIF 46-AGDGCAAAGG STREME-46
letter-probability matrix: alength= 4 w= 10 nsites= 366 E= 6.4e-001
 0.999136 0.000301 0.000301 0.000261
 0.018610 0.005625 0.975504 0.000261
 0.270785 0.005625 0.471211 0.252380
 0.195718 0.000301 0.803719 0.000261
 0.000261 0.973679 0.000301 0.025758
 0.980662 0.000301 0.008100 0.010937
 0.983860 0.000301 0.000301 0.015538
 0.818968 0.104213 0.061037 0.015782
 0.000261 0.005381 0.974780 0.019578
 0.088846 0.018889 0.694423 0.197841

MOTIF 47-CTTTCATC STREME-47
letter-probability matrix: alength= 4 w= 8 nsites= 213 E= 6.9e-001
 0.021118 0.933427 0.024336 0.021118
 0.021118 0.024336 0.024336 0.930209
 0.021118 0.024336 0.024336 0.930209
 0.021118 0.024336 0.024336 0.930209
 0.021118 0.933427 0.024336 0.021118
 0.930209 0.024336 0.024336 0.021118
 0.021118 0.024336 0.024336 0.930209
 0.021118 0.933427 0.024336 0.021118

MOTIF 48-CAGCCAATCAG STREME-48
letter-probability matrix: alength= 4 w= 11 nsites= 89 E= 7.9e-001
 0.000577 0.963739 0.000665 0.035018
 0.877549 0.000665 0.121209 0.000577
 0.128266 0.009973 0.775081 0.086680
 0.000577 0.998181 0.000665 0.000577
 0.000577 0.860417 0.017885 0.121121
 0.980873 0.000665 0.017885 0.000577
 0.998093 0.000665 0.000665 0.000577
 0.000577 0.000665 0.000665 0.998093
 0.000577 0.998181 0.000665 0.000577
 0.877899 0.051977 0.069547 0.000577
 0.000577 0.065686 0.922696 0.011041

MOTIF 49-GCAAACA STREME-49
letter-probability matrix: alength= 4 w= 7 nsites= 331 E= 8.2e-001
 0.021118 0.024336 0.933427 0.021118
 0.021118 0.933427 0.024336 0.021118
 0.930209 0.024336 0.024336 0.021118
 0.930209 0.024336 0.024336 0.021118
 0.930209 0.024336 0.024336 0.021118
 0.021118 0.933427 0.024336 0.021118
 0.930209 0.024336 0.024336 0.021118

MOTIF 50-CAGGAAG STREME-50
letter-probability matrix: alength= 4 w= 7 nsites= 889 E= 1.1e+000
 0.021118 0.933427 0.024336 0.021118
 0.930209 0.024336 0.024336 0.021118
 0.021118 0.024336 0.933427 0.021118
 0.021118 0.024336 0.933427 0.021118
 0.930209 0.024336 0.024336 0.021118
 0.930209 0.024336 0.024336 0.021118
 0.021118 0.024336 0.933427 0.021118

MOTIF 51-CCCAGCCCC STREME-51
letter-probability matrix: alength= 4 w= 9 nsites= 2012 E= 1.1e+000
 0.000272 0.996992 0.000314 0.002422
 0.000272 0.999142 0.000314 0.000272
 0.000272 0.783752 0.215111 0.000865
 0.966860 0.000314 0.032554 0.000272
 0.046224 0.000314 0.909458 0.044004
 0.075007 0.764550 0.075983 0.084461
 0.000272 0.830195 0.099387 0.070146
 0.053901 0.870986 0.000314 0.074799
 0.000272 0.827738 0.082857 0.089133

MOTIF 52-GTATTTTTAGTA STREME-52
letter-probability matrix: alength= 4 w= 12 nsites= 95 E= 1.1e+000
 0.049116 0.000470 0.925651 0.024762
 0.000408 0.000470 0.000470 0.998651
 0.998651 0.000470 0.000470 0.000408
 0.000408 0.024824 0.024824 0.949943
 0.000408 0.012647 0.012647 0.974298
 0.000408 0.000470 0.012647 0.986474
 0.000408 0.000470 0.000470 0.998651
 0.012585 0.000470 0.000470 0.986474
 0.925589 0.000470 0.024824 0.049116
 0.036939 0.012647 0.950005 0.000408
 0.000408 0.000470 0.000470 0.998651
 0.998651 0.000470 0.000470 0.000408

MOTIF 53-AAAAGAAAAASAAA STREME-53
letter-probability matrix: alength= 4 w= 14 nsites= 201 E= 1.2e+000
 0.866111 0.000188 0.109217 0.024484
 0.790304 0.000188 0.209345 0.000163
 0.907043 0.000188 0.053693 0.039076
 0.888413 0.000188 0.111236 0.000163
 0.065434 0.153572 0.593976 0.187018
 0.687884 0.048002 0.263951 0.000163
 0.897315 0.102335 0.000188 0.000163
 0.919616 0.031391 0.048829 0.000163
 0.999461 0.000188 0.000188 0.000163
 0.871802 0.101508 0.026527 0.000163
 0.000163 0.315279 0.512021 0.172536
 0.892450 0.043965 0.009916 0.053668
 0.989733 0.000188 0.000188 0.009891
 0.792572 0.066017 0.087742 0.053668

MOTIF 54-CATTCATTCATTCA STREME-54
letter-probability matrix: alength= 4 w= 14 nsites= 109 E= 1.2e+000
 0.000338 0.787122 0.111339 0.101201
 0.867761 0.020562 0.050821 0.060856
 0.000338 0.020562 0.040735 0.938365
 0.000338 0.050821 0.030649 0.918192
 0.000338 0.998934 0.000390 0.000338
 0.988796 0.010476 0.000390 0.000338
 0.000338 0.070994 0.060907 0.867761
 0.000338 0.101253 0.000390 0.898020
 0.000338 0.857726 0.000390 0.141546
 0.867761 0.000390 0.121425 0.010424
 0.020511 0.121425 0.151684 0.706380
 0.060856 0.161771 0.030649 0.746725
 0.040683 0.605568 0.101253 0.252496
 0.766898 0.131512 0.050821 0.050770

MOTIF 55-ACAAAG STREME-55
letter-probability matrix: alength= 4 w= 6 nsites= 2461 E= 1.3e+000
 0.930209 0.024336 0.024336 0.021118
 0.021118 0.933427 0.024336 0.021118
 0.930209 0.024336 0.024336 0.021118
 0.930209 0.024336 0.024336 0.021118
 0.930209 0.024336 0.024336 0.021118
 0.021118 0.024336 0.933427 0.021118

MOTIF 56-CTGRGTCAACA STREME-56
letter-probability matrix: alength= 4 w= 11 nsites= 95 E= 1.4e+000
 0.000400 0.672632 0.000460 0.326509
 0.000400 0.000460 0.000460 0.998680
 0.132635 0.000460 0.740857 0.126048
 0.392778 0.000460 0.606362 0.000400
 0.000400 0.000460 0.998741 0.000400
 0.000400 0.000460 0.000460 0.998680
 0.000400 0.953440 0.000460 0.045700
 0.837164 0.161976 0.000460 0.000400
 0.949583 0.000460 0.000460 0.049497
 0.000400 0.966817 0.000460 0.032323
 0.811365 0.000460 0.053090 0.135085

MOTIF 57-GGGAAACTGAGGCC STREME-57
letter-probability matrix: alength= 4 w= 14 nsites= 73 E= 1.4e+000
 0.122749 0.013493 0.811357 0.052401
 0.078384 0.026484 0.894697 0.000435
 0.026418 0.000502 0.946662 0.026418
 0.928213 0.039476 0.031876 0.000435
 0.959587 0.026484 0.013493 0.000435
 0.842665 0.065459 0.052467 0.039409
 0.039409 0.842731 0.091441 0.026418
 0.026418 0.026484 0.039476 0.907622
 0.052401 0.039476 0.881705 0.026418
 0.857864 0.057859 0.026484 0.057792
 0.078384 0.013493 0.894697 0.013427
 0.026418 0.013493 0.933671 0.026418
 0.065392 0.855723 0.052467 0.026418
 0.052401 0.738800 0.039476 0.169323

MOTIF 58-AGAAAACAAA STREME-58
letter-probability matrix: alength= 4 w= 10 nsites= 243 E= 1.4e+000
 0.939196 0.002473 0.027364 0.030967
 0.000403 0.113000 0.871127 0.015470
 0.949258 0.018984 0.031355 0.000403
 0.932122 0.006126 0.059716 0.002035
 0.958164 0.001765 0.020114 0.019957
 0.943003 0.034175 0.016583 0.006239
 0.000403 0.913555 0.005795 0.080247
 0.896979 0.017801 0.012485 0.072735
 0.866715 0.011437 0.109426 0.012422
 0.870722 0.023129 0.077466 0.028683

MOTIF 59-CTCGGCCWC STREME-59
letter-probability matrix: alength= 4 w= 9 nsites= 1274 E= 1.9e+000
 0.000186 0.999414 0.000214 0.000186
 0.000186 0.000214 0.000214 0.999386
 0.074831 0.821681 0.103302 0.000186
 0.000186 0.000214 0.999414 0.000186
 0.159599 0.000214 0.691545 0.148643
 0.000186 0.816948 0.000214 0.182652
 0.000186 0.650891 0.249473 0.099450
 0.333558 0.000214 0.000214 0.666013
 0.031491 0.746993 0.000214 0.221302

MOTIF 60-CTTCCTCTCC STREME-60
letter-probability matrix: alength= 4 w= 10 nsites= 440 E= 2.2e+000
 0.010550 0.906101 0.013273 0.070076
 0.041262 0.091098 0.092281 0.775359
 0.001999 0.005635 0.016518 0.975848
 0.019897 0.945915 0.010011 0.024177
 0.054911 0.822634 0.117966 0.004489
 0.002756 0.008759 0.010593 0.977892
 0.040725 0.886694 0.025736 0.046846
 0.042704 0.049711 0.016322 0.891263
 0.024453 0.929199 0.016421 0.029927
 0.042664 0.878540 0.035143 0.043652

MOTIF 61-TCTCGCGAGA STREME-61
letter-probability matrix: alength= 4 w= 10 nsites= 49 E= 2.2e+000
 0.000804 0.000926 0.053860 0.944410
 0.268499 0.717783 0.012915 0.000804
 0.024783 0.000926 0.000926 0.973365
 0.000804 0.997466 0.000926 0.000804
 0.000804 0.000926 0.997466 0.000804
 0.000804 0.997466 0.000926 0.000804
 0.000804 0.000926 0.997466 0.000804
 0.973365 0.000926 0.000926 0.024783
 0.000804 0.012915 0.717783 0.268499
 0.944410 0.053860 0.000926 0.000804

MOTIF 62-CAAATA STREME-62
letter-probability matrix: alength= 4 w= 6 nsites= 1169 E= 2.3e+000
 0.021118 0.933427 0.024336 0.021118
 0.930209 0.024336 0.024336 0.021118
 0.930209 0.024336 0.024336 0.021118
 0.930209 0.024336 0.024336 0.021118
 0.021118 0.024336 0.024336 0.930209
 0.930209 0.024336 0.024336 0.021118

MOTIF 63-CAGCGCCCCCTG STREME-63
letter-probability matrix: alength= 4 w= 12 nsites= 258 E= 2.5e+000
 0.000156 0.866863 0.132826 0.000156
 0.875569 0.026953 0.084712 0.012766
 0.000156 0.094691 0.874613 0.030540
 0.000156 0.997581 0.000179 0.002084
 0.000156 0.000179 0.999509 0.000156
 0.064886 0.755345 0.095290 0.084479
 0.018137 0.917280 0.000179 0.064404
 0.066661 0.790391 0.142792 0.000156
 0.049555 0.855826 0.052028 0.042592
 0.000156 0.934470 0.032267 0.033107
 0.142763 0.074359 0.001901 0.780976
 0.081059 0.126725 0.742455 0.049761

MOTIF 64-AAAGGAATGTG STREME-64
letter-probability matrix: alength= 4 w= 11 nsites= 83 E= 2.5e+000
 0.921838 0.000864 0.072243 0.005056
 0.908092 0.000864 0.000864 0.090181
 0.802687 0.010142 0.000864 0.186307
 0.000749 0.023222 0.975280 0.000749
 0.000749 0.016123 0.947937 0.035191
 0.975166 0.000864 0.000864 0.023107
 0.997524 0.000864 0.000864 0.000749
 0.000749 0.005170 0.000864 0.993217
 0.005056 0.000864 0.993331 0.000749
 0.000749 0.023221 0.000864 0.975166
 0.070994 0.072243 0.856014 0.000749

MOTIF 65-AACAACAACAAA STREME-65
letter-probability matrix: alength= 4 w= 12 nsites= 65 E= 2.5e+000
 0.988996 0.009495 0.000808 0.000701
 0.968067 0.009495 0.000808 0.021630
 0.000701 0.893141 0.042668 0.063490
 0.955823 0.021737 0.021738 0.000701
 0.857914 0.000808 0.105456 0.035822
 0.000701 0.893141 0.021738 0.084420
 0.913963 0.021738 0.063597 0.000701
 0.934893 0.021738 0.021738 0.021631
 0.000701 0.962668 0.035929 0.000701
 0.976752 0.000808 0.021738 0.000701
 0.976752 0.000808 0.000808 0.021631
 0.883638 0.093923 0.000808 0.021631

MOTIF 66-CAGCAGCAGCMGC STREME-66
letter-probability matrix: alength= 4 w= 13 nsites= 255 E= 2.6e+000
 0.063070 0.778759 0.143085 0.015086
 0.734608 0.146246 0.053571 0.065576
 0.026306 0.120228 0.829349 0.024118
 0.010141 0.973077 0.003884 0.012898
 0.835155 0.061664 0.071266 0.031915
 0.003865 0.001697 0.994313 0.000125
 0.003865 0.986833 0.000144 0.009158
 0.846854 0.061287 0.073505 0.018354
 0.045006 0.102444 0.835913 0.016637
 0.030046 0.867954 0.035826 0.066175
 0.294323 0.490154 0.112891 0.102632
 0.063111 0.063022 0.873742 0.000125
 0.015086 0.968132 0.016657 0.000125

MOTIF 67-CTCGAACTCCTGRC STREME-67
letter-probability matrix: alength= 4 w= 14 nsites= 234 E= 2.7e+000
 0.000154 0.933204 0.000178 0.066464
 0.000154 0.000178 0.013978 0.985690
 0.000154 0.668311 0.027778 0.303757
 0.259665 0.082197 0.621183 0.036955
 0.994890 0.000178 0.000178 0.004754
 0.907490 0.009378 0.046178 0.036955
 0.000154 0.919404 0.000178 0.080264
 0.000154 0.059978 0.000178 0.939690
 0.000154 0.921313 0.004778 0.073755
 0.027754 0.884513 0.018578 0.069155
 0.000154 0.091397 0.023178 0.885271
 0.092155 0.000178 0.907513 0.000154
 0.611178 0.018578 0.365490 0.004754
 0.087555 0.620402 0.250489 0.041555

MOTIF 68-TTRCGYAA STREME-68
letter-probability matrix: alength= 4 w= 8 nsites= 349 E= 3.0e+000
 0.001045 0.001204 0.001204 0.996546
 0.001045 0.001204 0.001204 0.996546
 0.430113 0.001204 0.567637 0.001045
 0.001045 0.692871 0.001204 0.304880
 0.304880 0.001204 0.692871 0.001045
 0.001045 0.567637 0.001204 0.430113
 0.996546 0.001204 0.001204 0.001045
 0.996546 0.001204 0.001204 0.001045

MOTIF 69-GGGTCACAG STREME-69
letter-probability matrix: alength= 4 w= 9 nsites= 501 E= 5.5e+000
 0.102167 0.001944 0.880796 0.015092
 0.041391 0.007985 0.950181 0.000444
 0.001240 0.000511 0.986326 0.011923
 0.000444 0.000511 0.000511 0.998533
 0.001640 0.960347 0.037304 0.000709
 0.860098 0.080972 0.058486 0.000444
 0.095934 0.765981 0.103045 0.035040
 0.880247 0.016539 0.013750 0.089464
 0.004948 0.073396 0.815535 0.106121

MOTIF 70-CCTCCACCTCCT STREME-70
letter-probability matrix: alength= 4 w= 12 nsites= 101 E= 7.8e+000
 0.038505 0.888822 0.024621 0.048051
 0.023374 0.905152 0.048100 0.023374
 0.042467 0.013453 0.076738 0.867342
 0.042467 0.914025 0.008749 0.034759
 0.004282 0.886059 0.048100 0.061559
 0.860139 0.000369 0.036370 0.103122
 0.019413 0.948401 0.022321 0.009866
 0.048051 0.854840 0.096789 0.000320
 0.035431 0.013453 0.087640 0.863476
 0.084614 0.888850 0.001964 0.024573
 0.000320 0.944332 0.045906 0.009442
 0.030797 0.162655 0.012774 0.793773

MOTIF 71-GCCACCATGCC STREME-71
letter-probability matrix: alength= 4 w= 11 nsites= 90 E= 1.2e+001
 0.139348 0.000669 0.859403 0.000580
 0.000580 0.963551 0.000669 0.035200
 0.000580 0.998171 0.000669 0.000580
 0.998083 0.000669 0.000669 0.000580
 0.000580 0.928931 0.000669 0.069820
 0.000580 0.998171 0.000669 0.000580
 0.928843 0.000669 0.000669 0.069820
 0.000580 0.279597 0.000669 0.719154
 0.035200 0.000669 0.963551 0.000580
 0.000580 0.873670 0.000669 0.125081
 0.000580 0.942908 0.000669 0.055843

********************************************************************************
Stopped because 3 consecutive motifs exceeded the p-value threshold (0.05).
********************************************************************************
COMMAND:	streme --verbosity 1 --oc meme_out_incomplete_DL/HepG2_DLX6-human_ENCFF460TXX/streme_out -dna --seed 0 --p meme_out_incomplete_DL/HepG2_DLX6-human_ENCFF460TXX/seqs-centered --minw 6 --maxw 15 --time 6180 --order 2 --thresh 0.05 --align center --totallength 4000000 --parse-genomic-coord
********************************************************************************
CPU:		9f05ee173ae9
********************************************************************************
FINALTIME:	3015.13 seconds
********************************************************************************
