********************************************************************************
STREME - Sensitive, Thorough, Rapid, Enriched Motif Elicitation
********************************************************************************
MEME version 5.5.3 (Release date: Sat Jun 10 16:19:38 2023 -0700)

For further information on how to interpret these results please access http://localhost:8080/meme_5.5.3.
To get a copy of the MEME Suite software please access https://meme-suite.org.

********************************************************************************


********************************************************************************
REFERENCE
********************************************************************************
If you use this program in your research, please cite:

Timothy L. Bailey,
"STREME: accurate and versatile sequence motif discovery",
Bioinformatics, Mar. 24, 2021.
********************************************************************************


ALPHABET= ACGT

strands: + -

Background letter frequencies
A 0.215 C 0.285 G 0.285 T 0.215 

MOTIF 1-DGTTAATNATTAACH STREME-1
letter-probability matrix: alength= 4 w= 15 nsites= 2230 E= 3.3e-060
 0.362456 0.034150 0.377787 0.225607
 0.117269 0.018888 0.777200 0.086642
 0.030392 0.064423 0.059065 0.846120
 0.109205 0.072282 0.038653 0.779859
 0.964917 0.000771 0.029042 0.005269
 0.879393 0.074933 0.004274 0.041400
 0.211889 0.031044 0.004274 0.752793
 0.187969 0.312031 0.312031 0.187969
 0.752793 0.004274 0.031044 0.211889
 0.041400 0.004274 0.074933 0.879393
 0.005269 0.029042 0.000771 0.964917
 0.779859 0.038653 0.072282 0.109205
 0.846120 0.059065 0.064423 0.030392
 0.086642 0.777200 0.018888 0.117269
 0.225607 0.377787 0.034150 0.362456

MOTIF 2-AGYAAAYA STREME-2
letter-probability matrix: alength= 4 w= 8 nsites= 2994 E= 4.6e-026
 0.661662 0.005401 0.098665 0.234272
 0.229813 0.000056 0.761439 0.008693
 0.000042 0.606889 0.000056 0.393013
 0.999847 0.000056 0.000056 0.000042
 0.999847 0.000056 0.000056 0.000042
 0.996964 0.000056 0.000056 0.002925
 0.000042 0.654430 0.003767 0.341762
 0.979295 0.000056 0.015163 0.005486

MOTIF 3-CCCCGCCCC STREME-3
letter-probability matrix: alength= 4 w= 9 nsites= 3225 E= 3.1e-016
 0.000047 0.970751 0.000062 0.029141
 0.000047 0.999845 0.000062 0.000047
 0.029125 0.952871 0.000062 0.017942
 0.037596 0.918682 0.000062 0.043659
 0.152484 0.000062 0.723766 0.123688
 0.021614 0.978278 0.000062 0.000047
 0.000047 0.999845 0.000062 0.000047
 0.000047 0.936605 0.000062 0.063287
 0.041331 0.958560 0.000062 0.000047

MOTIF 4-CMAAGGTCAN STREME-4
letter-probability matrix: alength= 4 w= 10 nsites= 2675 E= 1.2e-014
 0.083246 0.651345 0.062849 0.202560
 0.441365 0.484658 0.039107 0.034870
 0.866803 0.000036 0.089265 0.043895
 0.958141 0.001808 0.029423 0.010628
 0.000027 0.033983 0.965962 0.000027
 0.050872 0.000036 0.746495 0.202596
 0.041748 0.191078 0.000036 0.767137
 0.000027 0.950454 0.000036 0.049482
 0.910785 0.000036 0.077493 0.011686
 0.213641 0.352163 0.204499 0.229696

MOTIF 5-CCTGTAATCCCAGC STREME-5
letter-probability matrix: alength= 4 w= 14 nsites= 353 E= 3.6e-011
 0.003315 0.951431 0.000132 0.045122
 0.006531 0.951430 0.003348 0.038691
 0.000100 0.009779 0.000132 0.989989
 0.052891 0.000132 0.943662 0.003315
 0.003315 0.012995 0.009779 0.973910
 0.941751 0.016211 0.041938 0.000100
 0.731244 0.006563 0.262093 0.000100
 0.000100 0.003348 0.000132 0.996420
 0.009746 0.961080 0.003348 0.025826
 0.009747 0.928921 0.006563 0.054769
 0.003315 0.932127 0.000132 0.064425
 0.980343 0.003348 0.012994 0.003315
 0.074069 0.006563 0.912837 0.006531
 0.019395 0.945001 0.019426 0.016179

MOTIF 6-CTTTGAACT STREME-6
letter-probability matrix: alength= 4 w= 9 nsites= 930 E= 4.2e-010
 0.003240 0.963998 0.032610 0.000152
 0.003595 0.080106 0.001663 0.914636
 0.000290 0.000201 0.000201 0.999308
 0.003891 0.002264 0.006005 0.987840
 0.000152 0.001422 0.998275 0.000152
 0.841593 0.034217 0.044483 0.079707
 0.629702 0.060139 0.000201 0.309958
 0.068529 0.776155 0.153160 0.002156
 0.000152 0.048569 0.018771 0.932508

MOTIF 7-CCAGCCTGGGCAACA STREME-7
letter-probability matrix: alength= 4 w= 15 nsites= 296 E= 6.0e-010
 0.015877 0.920819 0.031672 0.031632
 0.008000 0.964145 0.000162 0.027693
 0.999554 0.000162 0.000162 0.000122
 0.041145 0.008039 0.875851 0.074965
 0.004061 0.934939 0.013613 0.047387
 0.000122 0.987777 0.004101 0.008000
 0.011938 0.027734 0.004101 0.956227
 0.023755 0.013613 0.950694 0.011939
 0.112043 0.000162 0.883734 0.004061
 0.055265 0.257893 0.655209 0.031633
 0.039511 0.685064 0.000162 0.275263
 0.653501 0.000162 0.326521 0.019817
 0.979860 0.000162 0.019856 0.000122
 0.000122 0.948390 0.015917 0.035571
 0.944410 0.008039 0.039551 0.008000

MOTIF 8-RTGASTCAY STREME-8
letter-probability matrix: alength= 4 w= 9 nsites= 749 E= 2.3e-007
 0.316029 0.136478 0.529986 0.017507
 0.000131 0.011470 0.000173 0.988225
 0.000131 0.000173 0.999565 0.000131
 0.840070 0.010407 0.149393 0.000131
 0.000131 0.499869 0.499869 0.000131
 0.000131 0.149393 0.010407 0.840070
 0.000131 0.999565 0.000173 0.000131
 0.988225 0.000173 0.011470 0.000131
 0.017507 0.529986 0.136478 0.316029

MOTIF 9-RCCTCRGCCTCC STREME-9
letter-probability matrix: alength= 4 w= 12 nsites= 404 E= 1.2e-006
 0.359354 0.000136 0.640408 0.000103
 0.032091 0.967671 0.000136 0.000103
 0.000103 0.999659 0.000136 0.000103
 0.000103 0.000136 0.000136 0.999626
 0.000103 0.790823 0.000136 0.208938
 0.581767 0.000136 0.417994 0.000103
 0.139569 0.000136 0.860193 0.000103
 0.000103 0.836465 0.000136 0.163297
 0.000103 0.787416 0.044474 0.168007
 0.000103 0.000136 0.000136 0.999626
 0.013960 0.900076 0.000136 0.085828
 0.000103 0.999659 0.000136 0.000103

MOTIF 10-CACGTGGBC STREME-10
letter-probability matrix: alength= 4 w= 9 nsites= 581 E= 6.4e-006
 0.000195 0.958520 0.000257 0.041028
 0.999291 0.000257 0.000257 0.000195
 0.000195 0.999353 0.000257 0.000195
 0.000195 0.000257 0.999353 0.000195
 0.000195 0.000257 0.000257 0.999291
 0.161334 0.000257 0.838214 0.000195
 0.000195 0.298394 0.701217 0.000195
 0.094967 0.279810 0.323326 0.301897
 0.098660 0.845357 0.000257 0.055725

MOTIF 11-AGACCCTGTCTC STREME-11
letter-probability matrix: alength= 4 w= 12 nsites= 305 E= 1.2e-005
 0.928901 0.048842 0.012335 0.009922
 0.302475 0.004223 0.676951 0.016351
 0.972453 0.020448 0.006973 0.000126
 0.008238 0.953061 0.000167 0.038534
 0.024464 0.693634 0.028560 0.253342
 0.004182 0.832606 0.030243 0.132969
 0.028520 0.297683 0.012335 0.661462
 0.234402 0.006973 0.758498 0.000126
 0.000126 0.000167 0.020448 0.979259
 0.004182 0.951217 0.007590 0.037011
 0.020407 0.000167 0.004223 0.975203
 0.036632 0.949223 0.000167 0.013978

MOTIF 12-RAGATGGCGGCGGC STREME-12
letter-probability matrix: alength= 4 w= 14 nsites= 650 E= 1.6e-005
 0.648417 0.022991 0.325011 0.003581
 0.630828 0.265327 0.044879 0.058966
 0.081154 0.251151 0.660589 0.007107
 0.874364 0.000072 0.121983 0.003581
 0.000055 0.190829 0.000072 0.809044
 0.000055 0.000072 0.999818 0.000055
 0.003581 0.001835 0.994529 0.000055
 0.000055 0.957806 0.000072 0.042067
 0.028994 0.044879 0.864367 0.061760
 0.126991 0.047374 0.793847 0.031789
 0.073069 0.841448 0.029012 0.056470
 0.122435 0.247176 0.540721 0.089669
 0.147265 0.189448 0.570824 0.092463
 0.075296 0.700242 0.176075 0.048387

MOTIF 13-RTTGYRCAAY STREME-13
letter-probability matrix: alength= 4 w= 10 nsites= 723 E= 1.8e-005
 0.496609 0.083842 0.419468 0.000081
 0.000081 0.000107 0.000107 0.999706
 0.000081 0.000357 0.000107 0.999455
 0.235222 0.000107 0.610438 0.154233
 0.128762 0.524520 0.040036 0.306682
 0.306682 0.040036 0.524520 0.128762
 0.154233 0.610438 0.000107 0.235222
 0.999455 0.000107 0.000357 0.000081
 0.999706 0.000107 0.000107 0.000081
 0.000081 0.419468 0.083842 0.496609

MOTIF 14-ATCACTTGAGSYCA STREME-14
letter-probability matrix: alength= 4 w= 14 nsites= 257 E= 7.1e-005
 0.974509 0.000205 0.025132 0.000155
 0.000155 0.010176 0.000205 0.989465
 0.010125 0.869849 0.005190 0.114836
 0.648363 0.037172 0.299355 0.015111
 0.015111 0.889801 0.005190 0.089898
 0.005140 0.209662 0.010176 0.775022
 0.010125 0.010176 0.025132 0.954568
 0.010125 0.000205 0.989515 0.000155
 0.949582 0.000205 0.025132 0.025081
 0.164681 0.005190 0.815018 0.015111
 0.020096 0.538669 0.396211 0.045024
 0.040038 0.583540 0.000205 0.376217
 0.010125 0.909749 0.010176 0.069950
 0.884766 0.015161 0.084963 0.015111

MOTIF 15-CACTTCCGGBN STREME-15
letter-probability matrix: alength= 4 w= 11 nsites= 761 E= 1.4e-004
 0.024149 0.754693 0.074857 0.146300
 0.851081 0.000078 0.148781 0.000059
 0.000059 0.979966 0.000078 0.019897
 0.000059 0.000078 0.000078 0.999784
 0.001964 0.000078 0.000078 0.997880
 0.000059 0.999803 0.000078 0.000059
 0.000059 0.999803 0.000078 0.000059
 0.041479 0.007697 0.825390 0.125434
 0.009949 0.127684 0.813348 0.049018
 0.061035 0.308590 0.278759 0.351616
 0.161845 0.236527 0.281687 0.319940

MOTIF 16-GCAGTGAGCYRWGA STREME-16
letter-probability matrix: alength= 4 w= 14 nsites= 162 E= 1.9e-004
 0.063069 0.007270 0.929444 0.000217
 0.007200 0.915477 0.014254 0.063069
 0.908423 0.021238 0.070123 0.000217
 0.042118 0.000287 0.957379 0.000217
 0.000217 0.014254 0.007270 0.978258
 0.028151 0.007270 0.950395 0.014184
 0.992226 0.000287 0.007270 0.000217
 0.021167 0.000287 0.978329 0.000217
 0.000217 0.933529 0.038103 0.028151
 0.000217 0.542345 0.007270 0.450168
 0.363440 0.000287 0.622089 0.014184
 0.508912 0.028221 0.000287 0.462580
 0.024066 0.014254 0.954480 0.007200
 0.985242 0.000287 0.000287 0.014184

MOTIF 17-AGTGCAGTGGYGCRA STREME-17
letter-probability matrix: alength= 4 w= 15 nsites= 175 E= 2.7e-004
 0.968158 0.012710 0.012710 0.006421
 0.130971 0.006483 0.849898 0.012648
 0.000193 0.000256 0.002840 0.996710
 0.081149 0.012710 0.893492 0.012648
 0.006421 0.980676 0.000256 0.012648
 0.974385 0.000256 0.025165 0.000193
 0.130968 0.000256 0.868583 0.000193
 0.006421 0.000256 0.000256 0.993068
 0.012648 0.006483 0.955766 0.025103
 0.074922 0.006483 0.918401 0.000193
 0.025102 0.550920 0.006483 0.417494
 0.218160 0.012710 0.737800 0.031330
 0.000193 0.812537 0.012710 0.174559
 0.598149 0.050075 0.345355 0.006421
 0.980613 0.006483 0.012711 0.000193

MOTIF 18-GCGCABGCGCA STREME-18
letter-probability matrix: alength= 4 w= 11 nsites= 320 E= 5.8e-004
 0.097090 0.000196 0.852775 0.049938
 0.000148 0.999507 0.000196 0.000148
 0.000148 0.000196 0.999507 0.000148
 0.007358 0.992297 0.000196 0.000148
 0.999459 0.000196 0.000196 0.000148
 0.000148 0.242627 0.400332 0.356893
 0.038995 0.021904 0.922627 0.016474
 0.006913 0.942949 0.000196 0.049942
 0.001069 0.014539 0.965145 0.019247
 0.003970 0.934376 0.011715 0.049939
 0.804973 0.000196 0.183409 0.011421

MOTIF 19-AAAAAAAAAAAAA STREME-19
letter-probability matrix: alength= 4 w= 13 nsites= 233 E= 1.6e-003
 0.999186 0.000295 0.000295 0.000223
 0.999186 0.000295 0.000295 0.000223
 0.951388 0.007483 0.040906 0.000223
 0.974314 0.000295 0.025167 0.000223
 0.872731 0.115329 0.011716 0.000223
 0.624258 0.003064 0.081735 0.290944
 0.984810 0.000295 0.000295 0.014600
 0.703240 0.260302 0.000295 0.036163
 0.999186 0.000295 0.000295 0.000223
 0.886547 0.112935 0.000295 0.000223
 0.994596 0.004885 0.000295 0.000223
 0.984810 0.000295 0.000295 0.014599
 0.999186 0.000295 0.000295 0.000223

MOTIF 20-CCCAGCCC STREME-20
letter-probability matrix: alength= 4 w= 8 nsites= 2154 E= 1.8e-003
 0.013785 0.985280 0.000532 0.000402
 0.000402 0.946758 0.052437 0.000402
 0.047955 0.867587 0.077062 0.007396
 0.836691 0.038268 0.124639 0.000402
 0.031416 0.042979 0.901859 0.023746
 0.022504 0.940459 0.000532 0.036504
 0.078362 0.754112 0.024305 0.143221
 0.000402 0.960164 0.039032 0.000402

MOTIF 21-CTCGGCCTC STREME-21
letter-probability matrix: alength= 4 w= 9 nsites= 1444 E= 5.4e-003
 0.052583 0.882898 0.039940 0.024579
 0.000479 0.028104 0.012521 0.958895
 0.020240 0.880172 0.064489 0.035099
 0.044465 0.044346 0.880120 0.031069
 0.086387 0.035908 0.804685 0.073020
 0.090034 0.851358 0.007947 0.050661
 0.036268 0.767971 0.076753 0.119008
 0.055334 0.030352 0.022418 0.891896
 0.030007 0.895910 0.027832 0.046250

MOTIF 22-GCCCCGCCC STREME-22
letter-probability matrix: alength= 4 w= 9 nsites= 738 E= 1.0e-002
 0.002919 0.011349 0.946466 0.039265
 0.026870 0.849432 0.018416 0.105282
 0.132166 0.675054 0.003266 0.189514
 0.018199 0.971513 0.008736 0.001552
 0.000231 0.923818 0.075720 0.000231
 0.052824 0.000306 0.946639 0.000231
 0.003129 0.966557 0.013290 0.017024
 0.004011 0.967059 0.027515 0.001416
 0.013759 0.910376 0.028873 0.046993

MOTIF 23-CAAAGTCC STREME-23
letter-probability matrix: alength= 4 w= 8 nsites= 1480 E= 1.4e-002
 0.002521 0.965063 0.007200 0.025216
 0.928654 0.031405 0.021812 0.018129
 0.848213 0.014132 0.108402 0.029254
 0.929495 0.018134 0.048551 0.003820
 0.000344 0.004975 0.921166 0.073515
 0.018115 0.062518 0.013343 0.906024
 0.003952 0.884726 0.081171 0.030150
 0.014759 0.897903 0.000751 0.086587

MOTIF 24-CATTTCC STREME-24
letter-probability matrix: alength= 4 w= 7 nsites= 564 E= 4.5e-002
 0.019564 0.934982 0.025891 0.019564
 0.928655 0.025891 0.025891 0.019564
 0.019564 0.025891 0.025891 0.928655
 0.019564 0.025891 0.025891 0.928655
 0.019564 0.025891 0.025891 0.928655
 0.019564 0.934982 0.025891 0.019564
 0.019564 0.934982 0.025891 0.019564

MOTIF 25-AGGAAG STREME-25
letter-probability matrix: alength= 4 w= 6 nsites= 2410 E= 4.9e-002
 0.928655 0.025891 0.025891 0.019564
 0.019564 0.025891 0.934982 0.019564
 0.019564 0.025891 0.934982 0.019564
 0.928655 0.025891 0.025891 0.019564
 0.928655 0.025891 0.025891 0.019564
 0.019564 0.025891 0.934982 0.019564

MOTIF 26-CCGGAAGC STREME-26
letter-probability matrix: alength= 4 w= 8 nsites= 196 E= 9.2e-002
 0.019564 0.934982 0.025891 0.019564
 0.019564 0.934982 0.025891 0.019564
 0.019564 0.025891 0.934982 0.019564
 0.019564 0.025891 0.934982 0.019564
 0.928655 0.025891 0.025891 0.019564
 0.928655 0.025891 0.025891 0.019564
 0.019564 0.025891 0.934982 0.019564
 0.019564 0.934982 0.025891 0.019564

MOTIF 27-GTSACGTSAC STREME-27
letter-probability matrix: alength= 4 w= 10 nsites= 389 E= 1.3e-001
 0.129442 0.113276 0.757175 0.000107
 0.000107 0.147772 0.115832 0.736289
 0.042865 0.530471 0.376872 0.049792
 0.999609 0.000142 0.000142 0.000107
 0.000107 0.999644 0.000142 0.000107
 0.000107 0.000142 0.999644 0.000107
 0.000107 0.000142 0.000142 0.999609
 0.049792 0.376872 0.530471 0.042865
 0.736289 0.115832 0.147772 0.000107
 0.000107 0.757175 0.113276 0.129442

MOTIF 28-GCTGCAGC STREME-28
letter-probability matrix: alength= 4 w= 8 nsites= 1578 E= 3.0e-001
 0.000591 0.086869 0.850034 0.062506
 0.001021 0.994590 0.000782 0.003607
 0.219389 0.064437 0.000782 0.715392
 0.002852 0.000782 0.995775 0.000591
 0.000591 0.995775 0.000782 0.002852
 0.715392 0.000782 0.064437 0.219389
 0.003607 0.000782 0.994590 0.001021
 0.062506 0.850034 0.086869 0.000591

MOTIF 29-TGACGTCA STREME-29
letter-probability matrix: alength= 4 w= 8 nsites= 695 E= 3.1e-001
 0.024383 0.000479 0.000479 0.974660
 0.000362 0.000479 0.839947 0.159212
 0.853975 0.000479 0.125421 0.020126
 0.000362 0.806797 0.116257 0.076584
 0.076584 0.116257 0.806797 0.000362
 0.020126 0.125421 0.000479 0.853975
 0.159212 0.839947 0.000479 0.000362
 0.974660 0.000479 0.000479 0.024383

MOTIF 30-AAGATGGCG STREME-30
letter-probability matrix: alength= 4 w= 9 nsites= 72 E= 4.0e-001
 0.761654 0.001179 0.001179 0.235988
 0.868521 0.129409 0.001179 0.000891
 0.000891 0.001179 0.997039 0.000891
 0.996751 0.001179 0.001179 0.000891
 0.000891 0.001179 0.001179 0.996751
 0.000891 0.099171 0.899047 0.000891
 0.287375 0.001179 0.653805 0.057641
 0.000891 0.997039 0.001179 0.000891
 0.000891 0.001179 0.997039 0.000891

MOTIF 31-ACTACAWYTCCCA STREME-31
letter-probability matrix: alength= 4 w= 13 nsites= 209 E= 4.9e-001
 0.979193 0.015384 0.005266 0.000157
 0.000157 0.999478 0.000208 0.000157
 0.000157 0.063013 0.000208 0.936622
 0.916386 0.000208 0.052897 0.030510
 0.000157 0.984302 0.010325 0.005216
 0.862838 0.015384 0.086211 0.035568
 0.536467 0.078191 0.106451 0.278891
 0.065921 0.417190 0.104818 0.412072
 0.045685 0.071031 0.020442 0.862842
 0.015333 0.933715 0.000208 0.050744
 0.000157 0.999478 0.000208 0.000157
 0.000157 0.994419 0.005266 0.000157
 0.792003 0.000208 0.202573 0.005216

MOTIF 32-CAAGGTC STREME-32
letter-probability matrix: alength= 4 w= 7 nsites= 137 E= 4.9e-001
 0.019564 0.934982 0.025891 0.019564
 0.928655 0.025891 0.025891 0.019564
 0.928655 0.025891 0.025891 0.019564
 0.019564 0.025891 0.934982 0.019564
 0.019564 0.025891 0.934982 0.019564
 0.019564 0.025891 0.025891 0.928655
 0.019564 0.934982 0.025891 0.019564

MOTIF 33-GGGAAGGGAAA STREME-33
letter-probability matrix: alength= 4 w= 11 nsites= 648 E= 5.2e-001
 0.007372 0.000131 0.992398 0.000099
 0.111193 0.069624 0.819083 0.000099
 0.088768 0.000131 0.911002 0.000099
 0.965862 0.000131 0.000131 0.033876
 0.966486 0.033284 0.000131 0.000099
 0.125080 0.009756 0.753915 0.111249
 0.084002 0.118279 0.742430 0.055290
 0.071251 0.000131 0.857038 0.071579
 0.725683 0.101154 0.105912 0.067251
 0.792687 0.000131 0.149407 0.057775
 0.616855 0.099593 0.239282 0.044270

MOTIF 34-RTTGCAWCA STREME-34
letter-probability matrix: alength= 4 w= 9 nsites= 165 E= 5.7e-001
 0.635083 0.000553 0.363946 0.000418
 0.000418 0.000553 0.000553 0.998476
 0.055214 0.000553 0.000553 0.943680
 0.000418 0.000553 0.998611 0.000418
 0.000418 0.998611 0.000553 0.000418
 0.913589 0.000553 0.054408 0.031450
 0.495661 0.000553 0.000553 0.503233
 0.000418 0.998611 0.000553 0.000418
 0.958681 0.000553 0.000553 0.040213

MOTIF 35-AGATAAGGN STREME-35
letter-probability matrix: alength= 4 w= 9 nsites= 1009 E= 6.7e-001
 0.968207 0.024056 0.000238 0.007499
 0.007674 0.000238 0.991909 0.000180
 0.999345 0.000238 0.000238 0.000180
 0.000180 0.000238 0.000238 0.999345
 0.928637 0.007323 0.063861 0.000180
 0.999345 0.000238 0.000238 0.000180
 0.102623 0.095124 0.731985 0.070268
 0.230595 0.172115 0.597110 0.000180
 0.253287 0.176804 0.266416 0.303493

MOTIF 36-RGCCAATCRGVGSSS STREME-36
letter-probability matrix: alength= 4 w= 15 nsites= 335 E= 7.4e-001
 0.572165 0.069280 0.345884 0.012670
 0.141543 0.034705 0.770220 0.053532
 0.000098 0.996532 0.003272 0.000098
 0.000098 0.999676 0.000129 0.000098
 0.996501 0.000129 0.000129 0.003241
 0.996501 0.003272 0.000129 0.000098
 0.000098 0.028418 0.003272 0.968212
 0.025243 0.653920 0.320739 0.000098
 0.537589 0.103856 0.358458 0.000098
 0.000098 0.242157 0.757647 0.000098
 0.257842 0.427609 0.248444 0.066105
 0.257843 0.097569 0.550194 0.094394
 0.169832 0.333311 0.345885 0.150972
 0.044103 0.440181 0.415036 0.100681
 0.072392 0.521906 0.317595 0.088108

MOTIF 37-WRAGTCAACA STREME-37
letter-probability matrix: alength= 4 w= 10 nsites= 351 E= 8.9e-001
 0.519540 0.052225 0.018705 0.409530
 0.654681 0.000216 0.344940 0.000163
 0.626814 0.023447 0.055018 0.294721
 0.000163 0.000216 0.999457 0.000163
 0.000163 0.000216 0.000216 0.999404
 0.000163 0.999457 0.000216 0.000163
 0.971353 0.000216 0.000216 0.028215
 0.900097 0.000216 0.000216 0.099471
 0.000163 0.709479 0.000216 0.290141
 0.999404 0.000216 0.000216 0.000163

MOTIF 38-GGAGTTCGAGA STREME-38
letter-probability matrix: alength= 4 w= 11 nsites= 96 E= 1.0e+000
 0.010876 0.004811 0.983985 0.000328
 0.021426 0.000433 0.977814 0.000328
 0.962780 0.032081 0.000433 0.004705
 0.010876 0.000433 0.988363 0.000328
 0.074181 0.004811 0.006135 0.914872
 0.000328 0.010982 0.002465 0.986225
 0.021426 0.712441 0.023031 0.243102
 0.224605 0.000433 0.753536 0.021426
 0.990050 0.000433 0.004811 0.004705
 0.021426 0.004811 0.973436 0.000328
 0.956609 0.000433 0.010982 0.031975

MOTIF 39-CGCCCCCTGCTG STREME-39
letter-probability matrix: alength= 4 w= 12 nsites= 245 E= 1.0e+000
 0.000229 0.827906 0.000303 0.171561
 0.000229 0.000303 0.999238 0.000229
 0.040216 0.959252 0.000303 0.000229
 0.000229 0.977084 0.022457 0.000229
 0.233955 0.689455 0.020912 0.055678
 0.000229 0.734555 0.029843 0.235373
 0.000229 0.999238 0.000303 0.000229
 0.029769 0.000303 0.000303 0.969625
 0.000229 0.000303 0.999238 0.000229
 0.000229 0.699280 0.300261 0.000229
 0.042304 0.256981 0.022311 0.678405
 0.000229 0.023881 0.975660 0.000229

MOTIF 40-ACAAAG STREME-40
letter-probability matrix: alength= 4 w= 6 nsites= 1603 E= 1.1e+000
 0.928655 0.025891 0.025891 0.019564
 0.019564 0.934982 0.025891 0.019564
 0.928655 0.025891 0.025891 0.019564
 0.928655 0.025891 0.025891 0.019564
 0.928655 0.025891 0.025891 0.019564
 0.019564 0.025891 0.934982 0.019564

MOTIF 41-CCTCCTCCC STREME-41
letter-probability matrix: alength= 4 w= 9 nsites= 3058 E= 1.2e+000
 0.018640 0.820384 0.024275 0.136701
 0.013755 0.685135 0.002982 0.298128
 0.033254 0.000169 0.172469 0.794108
 0.049269 0.905998 0.000169 0.044564
 0.026460 0.872142 0.066996 0.034401
 0.000128 0.000169 0.000169 0.999534
 0.060189 0.795083 0.007501 0.137227
 0.000128 0.944462 0.040088 0.015323
 0.028365 0.959231 0.012276 0.000128

MOTIF 42-CCAGGGTCA STREME-42
letter-probability matrix: alength= 4 w= 9 nsites= 314 E= 1.2e+000
 0.000517 0.675964 0.195955 0.127565
 0.058420 0.912749 0.024681 0.004149
 0.842118 0.022474 0.134891 0.000517
 0.033811 0.011698 0.904558 0.049933
 0.000517 0.017331 0.981636 0.000517
 0.022901 0.000684 0.975898 0.000517
 0.000517 0.000684 0.000684 0.998115
 0.006957 0.969088 0.000684 0.023271
 0.977960 0.000684 0.020839 0.000517

MOTIF 43-CGGCGGCTGCA STREME-43
letter-probability matrix: alength= 4 w= 11 nsites= 326 E= 1.5e+000
 0.020437 0.951106 0.004188 0.024270
 0.066870 0.035878 0.885015 0.012237
 0.037733 0.001365 0.940240 0.020662
 0.041014 0.914667 0.022211 0.022109
 0.022472 0.032900 0.901650 0.042977
 0.051184 0.010591 0.920837 0.017388
 0.010489 0.945035 0.041113 0.003363
 0.067646 0.033498 0.065201 0.833654
 0.020662 0.035790 0.933059 0.010489
 0.002275 0.989361 0.008048 0.000316
 0.818830 0.013603 0.105671 0.061896

MOTIF 44-CTGTGTACACA STREME-44
letter-probability matrix: alength= 4 w= 11 nsites= 79 E= 1.7e+000
 0.150994 0.778939 0.000687 0.069380
 0.026275 0.107938 0.000687 0.865100
 0.136248 0.067569 0.795664 0.000519
 0.000519 0.000687 0.057782 0.941012
 0.040893 0.017405 0.941183 0.000519
 0.000519 0.000687 0.000687 0.998107
 0.912424 0.086370 0.000687 0.000519
 0.000519 0.998275 0.000687 0.000519
 0.919895 0.000687 0.050844 0.028574
 0.000519 0.891024 0.000687 0.107770
 0.922195 0.026443 0.050843 0.000519

MOTIF 45-ACACACACACACACA STREME-45
letter-probability matrix: alength= 4 w= 15 nsites= 142 E= 2.0e+000
 0.998552 0.000526 0.000526 0.000397
 0.000397 0.901041 0.000526 0.098036
 0.975822 0.000526 0.023255 0.000397
 0.000397 0.953484 0.000526 0.045593
 0.998552 0.000526 0.000526 0.000397
 0.000397 0.949122 0.000526 0.049955
 0.938133 0.000526 0.060945 0.000397
 0.000397 0.942133 0.000526 0.056944
 0.998552 0.000526 0.000526 0.000397
 0.000397 0.916158 0.000526 0.082919
 0.998552 0.000526 0.000526 0.000397
 0.000397 0.998680 0.000526 0.000397
 0.998552 0.000526 0.000526 0.000397
 0.000397 0.985886 0.000526 0.013191
 0.985751 0.000526 0.013326 0.000397

MOTIF 46-CTCTGCCC STREME-46
letter-probability matrix: alength= 4 w= 8 nsites= 461 E= 2.1e+000
 0.019564 0.934982 0.025891 0.019564
 0.019564 0.025891 0.025891 0.928655
 0.019564 0.934982 0.025891 0.019564
 0.019564 0.025891 0.025891 0.928655
 0.019564 0.025891 0.934982 0.019564
 0.019564 0.934982 0.025891 0.019564
 0.019564 0.934982 0.025891 0.019564
 0.019564 0.934982 0.025891 0.019564

MOTIF 47-GCCACCAYGCCCRGC STREME-47
letter-probability matrix: alength= 4 w= 15 nsites= 137 E= 2.4e+000
 0.247309 0.015282 0.737177 0.000232
 0.000232 0.909382 0.000308 0.090078
 0.015207 0.886921 0.045230 0.052642
 0.991665 0.000308 0.000308 0.007720
 0.000232 0.946818 0.030256 0.022694
 0.000232 0.856971 0.015282 0.127515
 0.737099 0.000308 0.262361 0.000232
 0.015207 0.535015 0.000308 0.449470
 0.179930 0.045232 0.774606 0.000232
 0.000232 0.999227 0.000308 0.000232
 0.000232 0.886920 0.000308 0.112540
 0.018314 0.644217 0.030256 0.307213
 0.352133 0.000308 0.647327 0.000232
 0.022694 0.030256 0.946818 0.000232
 0.000232 0.984253 0.000308 0.015207

MOTIF 48-CACATTCC STREME-48
letter-probability matrix: alength= 4 w= 8 nsites= 363 E= 2.4e+000
 0.000647 0.700588 0.000856 0.297909
 0.997641 0.000856 0.000856 0.000647
 0.000647 0.997850 0.000856 0.000647
 0.777067 0.000856 0.221430 0.000647
 0.000647 0.000856 0.000856 0.997641
 0.000647 0.000856 0.000856 0.997641
 0.000647 0.997850 0.000856 0.000647
 0.000647 0.997608 0.001098 0.000647

MOTIF 49-AGRYAAATATT STREME-49
letter-probability matrix: alength= 4 w= 11 nsites= 236 E= 2.5e+000
 0.652817 0.000172 0.259537 0.087473
 0.000130 0.069773 0.929966 0.000130
 0.513138 0.000172 0.309039 0.177651
 0.000130 0.547617 0.147311 0.304942
 0.974243 0.000172 0.006921 0.018664
 0.932978 0.000172 0.066719 0.000130
 0.952444 0.047253 0.000172 0.000130
 0.000130 0.311823 0.000172 0.687874
 0.999525 0.000172 0.000172 0.000130
 0.169691 0.000172 0.103735 0.726402
 0.000130 0.133358 0.206499 0.660012

MOTIF 50-CTCTCTCTCTCYCTC STREME-50
letter-probability matrix: alength= 4 w= 15 nsites= 107 E= 4.7e+000
 0.000333 0.752471 0.054010 0.193186
 0.000333 0.000440 0.000440 0.998787
 0.000333 0.966754 0.000440 0.032474
 0.000333 0.116275 0.086151 0.797241
 0.043188 0.956039 0.000440 0.000333
 0.000333 0.129005 0.000440 0.870222
 0.043187 0.881041 0.000440 0.075332
 0.043187 0.225431 0.043295 0.688087
 0.000333 0.923899 0.075436 0.000333
 0.000333 0.021868 0.000440 0.977359
 0.032474 0.934612 0.000440 0.032474
 0.075329 0.319834 0.075436 0.529401
 0.021760 0.845998 0.003336 0.128906
 0.038467 0.000440 0.000440 0.960652
 0.000333 0.977465 0.000440 0.021762

MOTIF 51-CACATCCTGCACAGC STREME-51
letter-probability matrix: alength= 4 w= 15 nsites= 61 E= 1.6e+001
 0.000499 0.998340 0.000661 0.000499
 0.998178 0.000661 0.000661 0.000499
 0.000499 0.998340 0.000661 0.000499
 0.628149 0.225895 0.145456 0.000499
 0.000499 0.065014 0.065013 0.869473
 0.000499 0.789195 0.032837 0.177469
 0.000499 0.933987 0.000661 0.064853
 0.000499 0.000661 0.000661 0.998178
 0.064853 0.032837 0.740930 0.161381
 0.000499 0.998340 0.000661 0.000499
 0.885562 0.000661 0.000661 0.113116
 0.000499 0.917900 0.000661 0.080940
 0.708593 0.032837 0.097189 0.161381
 0.000499 0.000661 0.982252 0.016588
 0.016588 0.933988 0.048925 0.000499

MOTIF 52-TMTCGCGAGA STREME-52
letter-probability matrix: alength= 4 w= 10 nsites= 58 E= 1.6e+001
 0.000611 0.079532 0.020488 0.899369
 0.621393 0.357508 0.020488 0.000611
 0.000611 0.079532 0.000809 0.919049
 0.020290 0.978290 0.000809 0.000611
 0.000611 0.000809 0.997969 0.000611
 0.039970 0.938931 0.000809 0.020290
 0.020290 0.000809 0.970123 0.008778
 0.947775 0.040168 0.000809 0.011248
 0.000611 0.000809 0.978290 0.020290
 0.958413 0.040168 0.000809 0.000611

********************************************************************************
Stopped because 3 consecutive motifs exceeded the p-value threshold (0.05).
********************************************************************************
COMMAND:	streme --verbosity 1 --oc meme_out_incomplete_DL/HepG2_HNF1A-human_ENCFF240DSS/streme_out -dna --seed 0 --p meme_out_incomplete_DL/HepG2_HNF1A-human_ENCFF240DSS/seqs-centered --minw 6 --maxw 15 --time 6183 --order 2 --thresh 0.05 --align center --totallength 4000000 --parse-genomic-coord
********************************************************************************
CPU:		9f05ee173ae9
********************************************************************************
FINALTIME:	1788.84 seconds
********************************************************************************
