********************************************************************************
STREME - Sensitive, Thorough, Rapid, Enriched Motif Elicitation
********************************************************************************
MEME version 5.5.3 (Release date: Sat Jun 10 16:19:38 2023 -0700)

For further information on how to interpret these results please access http://localhost:8080/meme_5.5.3.
To get a copy of the MEME Suite software please access https://meme-suite.org.

********************************************************************************


********************************************************************************
REFERENCE
********************************************************************************
If you use this program in your research, please cite:

Timothy L. Bailey,
"STREME: accurate and versatile sequence motif discovery",
Bioinformatics, Mar. 24, 2021.
********************************************************************************


ALPHABET= ACGT

strands: + -

Background letter frequencies
A 0.282 C 0.218 G 0.218 T 0.282 

MOTIF 1-KATTGCRYMAY STREME-1
letter-probability matrix: alength= 4 w= 11 nsites= 13441 E= 2.5e-302
 0.062765 0.074028 0.528528 0.334679
 0.744084 0.048326 0.207587 0.000004
 0.000004 0.000003 0.000003 0.999990
 0.000004 0.004034 0.000003 0.995960
 0.093738 0.000003 0.768674 0.137586
 0.000004 0.997356 0.000003 0.002637
 0.572940 0.000003 0.403210 0.023847
 0.079995 0.578202 0.000003 0.341800
 0.523312 0.476681 0.000003 0.000004
 0.999990 0.000003 0.000003 0.000004
 0.000004 0.440414 0.040875 0.518707

MOTIF 2-CCAGCCTGGGYRAC STREME-2
letter-probability matrix: alength= 4 w= 14 nsites= 3411 E= 1.6e-084
 0.012006 0.948482 0.015837 0.023674
 0.005523 0.945834 0.002279 0.046363
 0.984895 0.000658 0.012327 0.002120
 0.026268 0.008113 0.940000 0.025619
 0.006496 0.945565 0.008572 0.039367
 0.007468 0.948617 0.009086 0.034829
 0.005523 0.017189 0.004224 0.973064
 0.043067 0.011355 0.940893 0.004685
 0.067242 0.004872 0.920418 0.007468
 0.047146 0.127203 0.812673 0.012978
 0.026536 0.606962 0.012003 0.354498
 0.436530 0.011948 0.541975 0.009547
 0.979602 0.001631 0.012975 0.005792
 0.015895 0.903239 0.023996 0.056870

MOTIF 3-CCTCAGCCTCCCRAG STREME-3
letter-probability matrix: alength= 4 w= 15 nsites= 3506 E= 1.0e-083
 0.011984 0.898522 0.043170 0.046324
 0.002848 0.950557 0.006572 0.040023
 0.003163 0.003475 0.001585 0.991776
 0.000013 0.943127 0.000010 0.056851
 0.697418 0.137585 0.104603 0.060394
 0.061348 0.002215 0.933273 0.003163
 0.005368 0.965940 0.003790 0.024901
 0.003321 0.963578 0.002215 0.030887
 0.006944 0.003291 0.002215 0.987550
 0.002848 0.964821 0.002215 0.030116
 0.003793 0.951764 0.002845 0.041598
 0.019991 0.658989 0.021748 0.299273
 0.393932 0.019848 0.571716 0.014505
 0.784141 0.006311 0.205440 0.004108
 0.181823 0.007387 0.807312 0.003478

MOTIF 4-GCTGGGAYTACAGGC STREME-4
letter-probability matrix: alength= 4 w= 15 nsites= 2979 E= 3.7e-080
 0.029589 0.016647 0.941581 0.012183
 0.006300 0.949312 0.007405 0.036983
 0.006300 0.010732 0.001121 0.981847
 0.063230 0.003339 0.928610 0.004821
 0.051832 0.001860 0.938160 0.008148
 0.046748 0.003708 0.943983 0.005560
 0.980585 0.001860 0.013843 0.003712
 0.006300 0.360662 0.005187 0.627851
 0.005560 0.053645 0.011102 0.929693
 0.974084 0.003708 0.019974 0.002233
 0.006083 0.913670 0.013320 0.066927
 0.969648 0.004817 0.018126 0.007409
 0.037722 0.004817 0.951900 0.005560
 0.051031 0.009993 0.927871 0.011105
 0.025153 0.712751 0.015168 0.246928

MOTIF 5-GGAGAATCGCTTGAA STREME-5
letter-probability matrix: alength= 4 w= 15 nsites= 3070 E= 2.5e-076
 0.059363 0.026227 0.892399 0.022012
 0.057907 0.003652 0.934057 0.004384
 0.927142 0.025134 0.009478 0.038245
 0.027686 0.004745 0.961364 0.006204
 0.722399 0.002924 0.271385 0.003292
 0.975932 0.009842 0.010934 0.003292
 0.000743 0.034206 0.002560 0.962491
 0.015094 0.570563 0.158395 0.255948
 0.299313 0.027683 0.645682 0.027322
 0.007661 0.926624 0.005624 0.060091
 0.030235 0.067157 0.115795 0.786813
 0.005112 0.009114 0.016643 0.969131
 0.040368 0.015091 0.943799 0.000743
 0.989767 0.000376 0.007293 0.002564
 0.702524 0.005109 0.287255 0.005112

MOTIF 6-CYGTCTCAAAAAAAA STREME-6
letter-probability matrix: alength= 4 w= 15 nsites= 3298 E= 4.1e-072
 0.009482 0.904882 0.011507 0.074129
 0.014356 0.525658 0.009479 0.450508
 0.285078 0.008126 0.700019 0.006777
 0.010636 0.023910 0.000349 0.965105
 0.003395 0.957356 0.004745 0.034504
 0.001704 0.004745 0.003054 0.990497
 0.035989 0.929787 0.005083 0.029141
 0.707896 0.036192 0.014889 0.241024
 0.962400 0.002716 0.028893 0.005991
 0.755133 0.212305 0.017670 0.014892
 0.780908 0.027400 0.015227 0.176465
 0.926110 0.032472 0.022806 0.018611
 0.897847 0.046336 0.025709 0.030108
 0.910556 0.033148 0.022806 0.033490
 0.908675 0.032662 0.026047 0.032616

MOTIF 7-TYGGCTCACTGCAA STREME-7
letter-probability matrix: alength= 4 w= 14 nsites= 2797 E= 6.8e-068
 0.136810 0.016606 0.007096 0.839488
 0.007228 0.636650 0.006023 0.350099
 0.281096 0.010831 0.673101 0.034972
 0.030633 0.006423 0.957318 0.005626
 0.003622 0.955881 0.008026 0.032470
 0.002420 0.006824 0.000013 0.990743
 0.005626 0.962361 0.003218 0.028796
 0.968374 0.007225 0.019812 0.004590
 0.006026 0.951866 0.004898 0.037210
 0.005626 0.052901 0.008994 0.932480
 0.047332 0.000013 0.948232 0.004424
 0.018213 0.937920 0.002583 0.041285
 0.975918 0.009228 0.011231 0.003622
 0.820346 0.004821 0.170009 0.004824

MOTIF 8-GCCACCAYGCCYRGC STREME-8
letter-probability matrix: alength= 4 w= 15 nsites= 2155 E= 1.4e-052
 0.222414 0.004758 0.769118 0.003709
 0.004236 0.949890 0.005812 0.040062
 0.006344 0.960427 0.002124 0.031106
 0.982033 0.002651 0.012134 0.003183
 0.008451 0.949363 0.002651 0.039535
 0.009505 0.848306 0.012134 0.130055
 0.735039 0.001597 0.253333 0.010032
 0.018988 0.619493 0.010554 0.350965
 0.263348 0.013188 0.706584 0.016881
 0.007397 0.949363 0.005812 0.037428
 0.008451 0.944621 0.005812 0.041116
 0.012666 0.637468 0.011607 0.338259
 0.377245 0.007392 0.600000 0.015363
 0.026891 0.014242 0.954632 0.004236
 0.010558 0.956212 0.011080 0.022149

MOTIF 9-AGAGCRAGACT STREME-9
letter-probability matrix: alength= 4 w= 11 nsites= 2276 E= 1.2e-040
 0.997337 0.000263 0.002376 0.000024
 0.052595 0.054929 0.888671 0.003805
 0.988954 0.000019 0.005500 0.005528
 0.026324 0.001197 0.962948 0.009530
 0.008049 0.667288 0.019386 0.305277
 0.331126 0.016895 0.644298 0.007682
 0.996992 0.000608 0.002376 0.000024
 0.122028 0.003555 0.874393 0.000024
 0.999939 0.000019 0.000019 0.000024
 0.000024 0.955940 0.000019 0.044017
 0.002932 0.162747 0.008000 0.826321

MOTIF 10-VTTGCGCAAB STREME-10
letter-probability matrix: alength= 4 w= 10 nsites= 1738 E= 2.4e-018
 0.418452 0.287895 0.293600 0.000053
 0.000053 0.000041 0.000041 0.999866
 0.000053 0.000041 0.000041 0.999866
 0.158271 0.000041 0.814878 0.026811
 0.220253 0.549982 0.229712 0.000053
 0.000053 0.229712 0.549982 0.220253
 0.026811 0.814878 0.000041 0.158271
 0.999866 0.000041 0.000041 0.000053
 0.999866 0.000041 0.000041 0.000053
 0.000053 0.293600 0.287895 0.418452

MOTIF 11-CTYGAACTCCTGR STREME-11
letter-probability matrix: alength= 4 w= 13 nsites= 916 E= 3.3e-018
 0.001298 0.971048 0.005548 0.022106
 0.000051 0.014281 0.001287 0.984381
 0.003794 0.643768 0.020693 0.331745
 0.220354 0.074368 0.698989 0.006289
 0.998623 0.000039 0.000039 0.001298
 0.816971 0.104350 0.017746 0.060933
 0.000051 0.968045 0.002535 0.029370
 0.002546 0.013033 0.001287 0.983134
 0.002546 0.959418 0.008773 0.029264
 0.010550 0.931969 0.013763 0.043718
 0.002546 0.037986 0.010020 0.949448
 0.035742 0.007525 0.950444 0.006289
 0.595169 0.001287 0.394520 0.009024

MOTIF 12-AAAAAAAAAAAAAAA STREME-12
letter-probability matrix: alength= 4 w= 15 nsites= 1503 E= 2.1e-016
 0.999894 0.000032 0.000032 0.000041
 0.999894 0.000032 0.000032 0.000041
 0.894974 0.079056 0.025928 0.000041
 0.714426 0.138150 0.061746 0.085678
 0.925222 0.060287 0.003090 0.011401
 0.836547 0.066289 0.067096 0.030068
 0.999894 0.000032 0.000032 0.000041
 0.517632 0.225955 0.168760 0.087653
 0.999894 0.000032 0.000032 0.000041
 0.935798 0.061246 0.002915 0.000041
 0.915673 0.030662 0.053623 0.000041
 0.594148 0.157754 0.123977 0.124121
 0.786199 0.051296 0.162463 0.000041
 0.970902 0.000032 0.029024 0.000041
 0.999894 0.000032 0.000032 0.000041

MOTIF 13-ATACAAAAATTA STREME-13
letter-probability matrix: alength= 4 w= 12 nsites= 623 E= 1.4e-012
 0.999797 0.000062 0.000062 0.000080
 0.000080 0.000062 0.000062 0.999797
 0.999797 0.000062 0.000062 0.000080
 0.000080 0.999779 0.000062 0.000080
 0.993115 0.000062 0.006744 0.000080
 0.999797 0.000062 0.000062 0.000080
 0.982188 0.007888 0.007888 0.002036
 0.990059 0.002018 0.003975 0.003948
 0.960918 0.005521 0.017672 0.015890
 0.166436 0.012885 0.027455 0.793224
 0.000080 0.000062 0.000062 0.999797
 0.819228 0.000062 0.000062 0.180648

MOTIF 14-TGTGAATRTACTWAA STREME-14
letter-probability matrix: alength= 4 w= 15 nsites= 370 E= 6.9e-010
 0.016532 0.054822 0.000086 0.928559
 0.117794 0.021981 0.849167 0.011059
 0.002848 0.013770 0.013770 0.969611
 0.150636 0.013770 0.830009 0.005585
 0.958664 0.019244 0.019244 0.002848
 0.906665 0.057559 0.035665 0.000111
 0.016532 0.026988 0.011033 0.945446
 0.407430 0.002823 0.578688 0.011059
 0.041163 0.057559 0.016507 0.884770
 0.884770 0.024717 0.057559 0.032953
 0.069667 0.796032 0.030191 0.104110
 0.022006 0.032928 0.006695 0.938371
 0.346085 0.021981 0.052086 0.579849
 0.939507 0.005560 0.030191 0.024743
 0.923086 0.021981 0.041138 0.013795

MOTIF 15-CTTGCACAAG STREME-15
letter-probability matrix: alength= 4 w= 10 nsites= 278 E= 2.7e-008
 0.123908 0.620917 0.254752 0.000423
 0.000423 0.000327 0.000327 0.998922
 0.000423 0.000327 0.000327 0.998922
 0.000423 0.000327 0.998826 0.000423
 0.000423 0.998826 0.000327 0.000423
 0.998922 0.000327 0.000327 0.000423
 0.000423 0.759504 0.000327 0.239745
 0.998922 0.000327 0.000327 0.000423
 0.998922 0.000327 0.000327 0.000423
 0.000423 0.150952 0.628556 0.220069

MOTIF 16-CCAGGCTGGAGTGCA STREME-16
letter-probability matrix: alength= 4 w= 15 nsites= 323 E= 6.5e-008
 0.030631 0.857314 0.027212 0.084842
 0.027243 0.908137 0.010271 0.054349
 0.918333 0.033988 0.006883 0.040796
 0.057737 0.003495 0.925078 0.013691
 0.054349 0.027212 0.897972 0.020467
 0.010302 0.948795 0.010271 0.030631
 0.034020 0.006883 0.020436 0.938662
 0.061125 0.013659 0.904749 0.020467
 0.071289 0.017048 0.891196 0.020467
 0.972543 0.000107 0.027212 0.000138
 0.030631 0.003495 0.958960 0.006914
 0.017079 0.020436 0.010271 0.952214
 0.027243 0.000107 0.965736 0.006914
 0.020467 0.955571 0.006883 0.017079
 0.958991 0.000107 0.030600 0.010302

MOTIF 17-ACTGAAYTGTACACT STREME-17
letter-probability matrix: alength= 4 w= 15 nsites= 398 E= 1.5e-007
 0.935204 0.008502 0.028134 0.028160
 0.028160 0.824636 0.019720 0.127484
 0.059010 0.044962 0.014111 0.881917
 0.081447 0.025330 0.884696 0.008528
 0.932399 0.014111 0.011307 0.042183
 0.966054 0.005697 0.025330 0.002919
 0.025355 0.434799 0.016916 0.522930
 0.000114 0.044962 0.009666 0.945258
 0.151562 0.008502 0.806167 0.033769
 0.050597 0.098249 0.000088 0.851066
 0.907158 0.016916 0.053375 0.022551
 0.016942 0.800558 0.000088 0.182412
 0.915572 0.028134 0.047766 0.008528
 0.016942 0.853845 0.005697 0.123516
 0.019746 0.030939 0.008502 0.940813

MOTIF 18-AGACAGAAAGTAR STREME-18
letter-probability matrix: alength= 4 w= 13 nsites= 359 E= 1.5e-006
 0.983114 0.000104 0.016648 0.000135
 0.214722 0.039097 0.718205 0.027976
 0.970442 0.002850 0.006722 0.019987
 0.229505 0.588775 0.119282 0.062437
 0.966570 0.000104 0.003413 0.029913
 0.000135 0.037873 0.905612 0.056381
 0.769074 0.000104 0.173348 0.057474
 0.930737 0.000104 0.026011 0.043148
 0.998284 0.000104 0.001477 0.000135
 0.063614 0.029320 0.906932 0.000135
 0.243775 0.077322 0.040617 0.638286
 0.855121 0.011818 0.108393 0.024669
 0.557967 0.036807 0.391857 0.013369

MOTIF 19-ATTGTGAAAT STREME-19
letter-probability matrix: alength= 4 w= 10 nsites= 915 E= 3.0e-006
 0.711497 0.090386 0.197998 0.000119
 0.000119 0.000092 0.000092 0.999696
 0.000119 0.005016 0.000092 0.994772
 0.000119 0.000092 0.999669 0.000119
 0.000119 0.000092 0.142437 0.857351
 0.000119 0.000092 0.999669 0.000119
 0.736797 0.000092 0.000092 0.263018
 0.890975 0.108814 0.000092 0.000119
 0.999696 0.000092 0.000092 0.000119
 0.000119 0.232471 0.125652 0.641758

MOTIF 20-ATGATGAAA STREME-20
letter-probability matrix: alength= 4 w= 9 nsites= 1821 E= 1.5e-005
 0.780385 0.000075 0.219444 0.000097
 0.086996 0.004087 0.000075 0.908842
 0.000097 0.000075 0.999732 0.000097
 0.835280 0.000075 0.000075 0.164570
 0.162974 0.003098 0.207016 0.626911
 0.000097 0.000075 0.999732 0.000097
 0.641822 0.231179 0.000075 0.126924
 0.906684 0.093145 0.000075 0.000097
 0.999754 0.000075 0.000075 0.000097

MOTIF 21-ATCACCACYATCYAT STREME-21
letter-probability matrix: alength= 4 w= 15 nsites= 325 E= 2.7e-005
 0.901934 0.000103 0.078285 0.019678
 0.016421 0.039194 0.006618 0.937768
 0.006648 0.888874 0.000103 0.104376
 0.967086 0.000103 0.032679 0.000133
 0.009905 0.905162 0.019648 0.065285
 0.003390 0.924708 0.003360 0.068542
 0.901934 0.022906 0.055482 0.019678
 0.003390 0.866071 0.019648 0.110891
 0.189073 0.392367 0.006618 0.411942
 0.885646 0.032679 0.078285 0.003390
 0.016421 0.042451 0.013133 0.927995
 0.014515 0.935034 0.006618 0.043833
 0.140209 0.457519 0.000103 0.402169
 0.927995 0.026163 0.022906 0.022936
 0.265350 0.061997 0.055482 0.617171

MOTIF 22-CCCCACCCCCC STREME-22
letter-probability matrix: alength= 4 w= 11 nsites= 1112 E= 6.2e-005
 0.000071 0.999802 0.000055 0.000071
 0.009100 0.855472 0.000055 0.135373
 0.000071 0.999802 0.000055 0.000071
 0.000071 0.996721 0.003136 0.000071
 0.521798 0.003872 0.252933 0.221397
 0.061991 0.795017 0.035132 0.107861
 0.003994 0.950724 0.036562 0.008721
 0.045832 0.742938 0.021968 0.189262
 0.035253 0.873101 0.033312 0.058334
 0.056189 0.843267 0.037966 0.062579
 0.223245 0.542348 0.130890 0.103516

MOTIF 23-AGTGCAGTGGCRCRA STREME-23
letter-probability matrix: alength= 4 w= 15 nsites= 257 E= 1.2e-004
 0.974221 0.005210 0.020364 0.000205
 0.081024 0.030466 0.888304 0.000205
 0.000205 0.000159 0.010261 0.989374
 0.040615 0.000159 0.943867 0.015359
 0.030512 0.969123 0.000159 0.000205
 0.994425 0.000159 0.000159 0.005257
 0.192150 0.025415 0.777179 0.005257
 0.010308 0.005210 0.027511 0.956971
 0.040615 0.000159 0.901362 0.057864
 0.052813 0.020364 0.926618 0.000205
 0.005257 0.893356 0.015312 0.086075
 0.520475 0.030466 0.355836 0.093222
 0.030512 0.663957 0.000159 0.305371
 0.401343 0.067920 0.490122 0.040615
 0.923709 0.015312 0.030466 0.030512

MOTIF 24-GAAACTCTGTACC STREME-24
letter-probability matrix: alength= 4 w= 13 nsites= 207 E= 2.7e-004
 0.020461 0.033872 0.938013 0.007653
 0.947743 0.012926 0.012926 0.026406
 0.939604 0.015120 0.030122 0.015154
 0.934297 0.015120 0.035428 0.015154
 0.007653 0.910204 0.021983 0.060160
 0.018905 0.120133 0.003869 0.857094
 0.027962 0.846446 0.026371 0.099221
 0.052659 0.045124 0.003869 0.898349
 0.170480 0.007619 0.791746 0.030156
 0.030156 0.080434 0.018870 0.870540
 0.840536 0.069183 0.067626 0.022655
 0.045158 0.849558 0.015120 0.090164
 0.011404 0.894564 0.018870 0.075162

MOTIF 25-AAAATGGTTAAAAT STREME-25
letter-probability matrix: alength= 4 w= 14 nsites= 253 E= 5.3e-004
 0.885622 0.041560 0.031211 0.041607
 0.945570 0.023009 0.020861 0.010560
 0.954559 0.014020 0.015687 0.015734
 0.963241 0.005337 0.020861 0.010560
 0.028231 0.005337 0.020861 0.945570
 0.038424 0.005337 0.930155 0.026084
 0.075797 0.026036 0.892782 0.005385
 0.015734 0.072607 0.010512 0.901146
 0.002358 0.031211 0.010512 0.955920
 0.950745 0.036385 0.002310 0.010560
 0.849401 0.062258 0.062257 0.026084
 0.650618 0.046734 0.261040 0.041607
 0.884627 0.010512 0.067432 0.037429
 0.041607 0.032206 0.010512 0.915675

MOTIF 26-AACATAAAATTTACC STREME-26
letter-probability matrix: alength= 4 w= 15 nsites= 255 E= 2.3e-003
 0.794269 0.079864 0.060749 0.065118
 0.670510 0.238258 0.034772 0.056460
 0.013165 0.872160 0.000136 0.114539
 0.932812 0.023580 0.034772 0.008835
 0.004506 0.034772 0.000136 0.960586
 0.908632 0.000136 0.086726 0.004506
 0.822043 0.143009 0.004466 0.030483
 0.951927 0.030443 0.017454 0.000176
 0.930279 0.004466 0.052090 0.013165
 0.008835 0.043431 0.013125 0.934609
 0.000176 0.004466 0.079864 0.915494
 0.060789 0.298870 0.030443 0.609898
 0.960586 0.004466 0.034772 0.000176
 0.004506 0.859171 0.008795 0.127528
 0.021824 0.869627 0.013125 0.095424

MOTIF 27-CTTCCTCYT STREME-27
letter-probability matrix: alength= 4 w= 9 nsites= 1187 E= 3.2e-003
 0.000206 0.999427 0.000160 0.000206
 0.014987 0.000160 0.003000 0.981853
 0.000206 0.000160 0.000160 0.999474
 0.000206 0.999427 0.000160 0.000206
 0.000206 0.894189 0.055534 0.050071
 0.026122 0.010328 0.005343 0.958207
 0.010717 0.742531 0.000160 0.246593
 0.169941 0.476930 0.006453 0.346676
 0.053033 0.264529 0.000160 0.682278

MOTIF 28-GTARTCCCAGCTA STREME-28
letter-probability matrix: alength= 4 w= 13 nsites= 168 E= 8.5e-003
 0.049161 0.036876 0.883144 0.030819
 0.000249 0.000192 0.000192 0.999366
 0.889315 0.000192 0.104130 0.006363
 0.418537 0.000192 0.581022 0.000249
 0.000249 0.012420 0.000192 0.987138
 0.000249 0.895372 0.000192 0.104187
 0.012477 0.870916 0.000192 0.116415
 0.006363 0.889258 0.006306 0.098073
 0.981024 0.006306 0.006306 0.006363
 0.018591 0.000192 0.980968 0.000249
 0.008900 0.923405 0.024648 0.043047
 0.000249 0.018534 0.000192 0.981024
 0.974910 0.000192 0.024648 0.000249

MOTIF 29-CTCGTGATCCRCCCG STREME-29
letter-probability matrix: alength= 4 w= 15 nsites= 167 E= 8.5e-003
 0.012508 0.980920 0.006322 0.000249
 0.190265 0.000193 0.000193 0.809349
 0.000249 0.557981 0.233116 0.208654
 0.196395 0.000193 0.803163 0.000249
 0.000249 0.006322 0.024711 0.968717
 0.000249 0.000193 0.999308 0.000249
 0.999365 0.000193 0.000193 0.000249
 0.006379 0.000193 0.000193 0.993235
 0.000249 0.956402 0.000193 0.043156
 0.000249 0.698961 0.006322 0.294467
 0.398670 0.000193 0.570240 0.030897
 0.006379 0.950272 0.000193 0.043156
 0.000249 0.968661 0.000193 0.030897
 0.000249 0.754127 0.000193 0.245431
 0.227042 0.012452 0.735738 0.024768

MOTIF 30-WATTTTTAAA STREME-30
letter-probability matrix: alength= 4 w= 10 nsites= 1229 E= 1.2e-002
 0.338640 0.000180 0.028631 0.632549
 0.560362 0.179539 0.000180 0.259919
 0.000232 0.000180 0.000180 0.999409
 0.000232 0.000180 0.000180 0.999409
 0.000232 0.000180 0.000180 0.999409
 0.000232 0.038462 0.000180 0.961127
 0.202123 0.000180 0.056761 0.740937
 0.999409 0.000180 0.000180 0.000232
 0.978045 0.000180 0.021543 0.000232
 0.948760 0.017400 0.000180 0.033660

MOTIF 31-RVTGASTCABY STREME-31
letter-probability matrix: alength= 4 w= 11 nsites= 761 E= 1.3e-002
 0.266864 0.173157 0.450844 0.109135
 0.470511 0.258788 0.240334 0.030367
 0.000105 0.002666 0.000081 0.997148
 0.006596 0.000081 0.977520 0.015803
 0.999732 0.000081 0.000081 0.000105
 0.025794 0.474206 0.474206 0.025794
 0.000105 0.000081 0.000081 0.999732
 0.015803 0.977520 0.000081 0.006596
 0.997148 0.000081 0.002666 0.000105
 0.030367 0.240334 0.258788 0.470511
 0.109135 0.450844 0.173157 0.266864

MOTIF 32-ACTTTGGGAGGCC STREME-32
letter-probability matrix: alength= 4 w= 13 nsites= 133 E= 1.7e-002
 0.984702 0.000436 0.000436 0.014425
 0.000564 0.998436 0.000436 0.000564
 0.028286 0.000436 0.000436 0.970841
 0.000564 0.000436 0.000436 0.998564
 0.000564 0.000436 0.014297 0.984702
 0.014425 0.000436 0.984575 0.000564
 0.028286 0.000436 0.970714 0.000564
 0.000564 0.000436 0.998436 0.000564
 0.970841 0.000436 0.014297 0.014425
 0.000564 0.000436 0.998436 0.000564
 0.028286 0.000436 0.956853 0.014425
 0.000564 0.998436 0.000436 0.000564
 0.014425 0.665769 0.028158 0.291647

MOTIF 33-ATGTGGCAAT STREME-33
letter-probability matrix: alength= 4 w= 10 nsites= 101 E= 6.4e-002
 0.998157 0.000560 0.000560 0.000723
 0.000723 0.137082 0.000560 0.861635
 0.000723 0.000560 0.997994 0.000723
 0.000723 0.036120 0.000560 0.962597
 0.255489 0.000560 0.743228 0.000723
 0.000723 0.000560 0.997994 0.000723
 0.000723 0.997994 0.000560 0.000723
 0.944813 0.000560 0.053904 0.000723
 0.998157 0.000560 0.000560 0.000723
 0.000723 0.000560 0.000560 0.998157

MOTIF 34-CCCTGGCAACCACC STREME-34
letter-probability matrix: alength= 4 w= 14 nsites= 89 E= 6.8e-002
 0.000488 0.878727 0.024361 0.096424
 0.000488 0.902711 0.000377 0.096424
 0.000488 0.885743 0.012369 0.101400
 0.024472 0.012369 0.000377 0.962781
 0.060448 0.012369 0.878727 0.048456
 0.084432 0.000377 0.902711 0.012480
 0.012480 0.897735 0.000377 0.089408
 0.974773 0.024361 0.000377 0.000488
 0.945815 0.012368 0.005354 0.036464
 0.000488 0.974663 0.000377 0.024472
 0.000488 0.969687 0.012369 0.017456
 0.902821 0.012369 0.048345 0.036464
 0.000488 0.914703 0.036353 0.048456
 0.072440 0.626895 0.012369 0.288296

MOTIF 35-CGTGGTGGCRSGC STREME-35
letter-probability matrix: alength= 4 w= 13 nsites= 149 E= 1.5e-001
 0.000316 0.728392 0.101293 0.169999
 0.246543 0.008018 0.737350 0.008089
 0.023635 0.070201 0.000245 0.905919
 0.023635 0.000245 0.975804 0.000316
 0.008089 0.000245 0.991350 0.000316
 0.000316 0.015791 0.000245 0.983649
 0.039181 0.008018 0.944712 0.008089
 0.031408 0.015791 0.944712 0.008089
 0.000316 0.832666 0.000245 0.166774
 0.381907 0.000245 0.609760 0.008088
 0.000316 0.329933 0.576160 0.093592
 0.078044 0.000245 0.898076 0.023635
 0.008089 0.705075 0.000245 0.286591

MOTIF 36-GGAGGCTGAGGCA STREME-36
letter-probability matrix: alength= 4 w= 13 nsites= 204 E= 1.5e-001
 0.176739 0.076619 0.682672 0.063969
 0.135149 0.000182 0.858639 0.006030
 0.844696 0.000182 0.076043 0.079079
 0.126718 0.000182 0.872864 0.000236
 0.215149 0.000182 0.772845 0.011824
 0.000236 0.999346 0.000182 0.000236
 0.000236 0.034947 0.000182 0.964635
 0.017618 0.000182 0.976170 0.006030
 0.883518 0.005976 0.110270 0.000236
 0.023412 0.000182 0.976170 0.000236
 0.094056 0.011770 0.888144 0.006030
 0.000236 0.866083 0.005976 0.127705
 0.867123 0.023359 0.109283 0.000236

MOTIF 37-GGAGGTGGARG STREME-37
letter-probability matrix: alength= 4 w= 11 nsites= 699 E= 1.6e-001
 0.000095 0.067107 0.925867 0.006931
 0.044583 0.000181 0.860940 0.094296
 0.739429 0.092175 0.080288 0.088108
 0.079927 0.085800 0.790787 0.043486
 0.076529 0.030077 0.792660 0.100734
 0.047595 0.183954 0.062134 0.706317
 0.140737 0.054195 0.741551 0.063517
 0.000095 0.002419 0.993098 0.004387
 0.791237 0.028400 0.047240 0.133123
 0.488516 0.092226 0.384172 0.035086
 0.000095 0.000525 0.999284 0.000095

MOTIF 38-AAAGTTCTGGAR STREME-38
letter-probability matrix: alength= 4 w= 12 nsites= 135 E= 2.6e-001
 0.989140 0.010150 0.000310 0.000400
 0.778577 0.010152 0.201031 0.010241
 0.669905 0.000310 0.043761 0.286024
 0.000400 0.079043 0.920156 0.000400
 0.000400 0.000310 0.010152 0.989138
 0.010242 0.010152 0.000310 0.979296
 0.000400 0.989049 0.010150 0.000400
 0.000400 0.000310 0.000310 0.998980
 0.174380 0.000310 0.824910 0.000400
 0.000400 0.010152 0.955439 0.034008
 0.989138 0.000310 0.010152 0.000400
 0.555786 0.041570 0.402244 0.000400

MOTIF 39-AACAACAACAACAA STREME-39
letter-probability matrix: alength= 4 w= 14 nsites= 92 E= 2.7e-001
 0.946722 0.026375 0.026375 0.000528
 0.920756 0.013392 0.065324 0.000528
 0.000528 0.998535 0.000409 0.000528
 0.959705 0.000409 0.039358 0.000528
 0.998655 0.000409 0.000409 0.000528
 0.052461 0.920636 0.000409 0.026494
 0.972688 0.000409 0.000409 0.026494
 0.998655 0.000409 0.000409 0.000528
 0.000528 0.998535 0.000409 0.000528
 0.946722 0.039358 0.013392 0.000528
 0.998655 0.000409 0.000409 0.000528
 0.317363 0.681700 0.000409 0.000528
 0.985671 0.013392 0.000409 0.000528
 0.937765 0.022349 0.026375 0.013511

MOTIF 40-CAAGATGG STREME-40
letter-probability matrix: alength= 4 w= 8 nsites= 236 E= 3.3e-001
 0.025627 0.928918 0.019827 0.025627
 0.934718 0.019827 0.019827 0.025627
 0.934718 0.019827 0.019827 0.025627
 0.025627 0.019827 0.928918 0.025627
 0.934718 0.019827 0.019827 0.025627
 0.025627 0.019827 0.019827 0.934718
 0.025627 0.019827 0.928918 0.025627
 0.025627 0.019827 0.928918 0.025627

MOTIF 41-CCATTTTACAGAKRA STREME-41
letter-probability matrix: alength= 4 w= 15 nsites= 182 E= 3.7e-001
 0.054415 0.884962 0.012227 0.048396
 0.012283 0.890981 0.000189 0.096547
 0.951225 0.000189 0.030284 0.018301
 0.024320 0.012227 0.018246 0.945206
 0.006264 0.024265 0.012227 0.957244
 0.006264 0.018246 0.000189 0.975301
 0.036358 0.108529 0.030284 0.824829
 0.872980 0.012227 0.036303 0.078490
 0.150716 0.680321 0.060378 0.108584
 0.939188 0.030284 0.000189 0.030339
 0.078490 0.054359 0.848849 0.018301
 0.830848 0.000189 0.072416 0.096547
 0.078490 0.144642 0.271038 0.505829
 0.433603 0.048340 0.451604 0.066452
 0.830848 0.000189 0.120567 0.048396

MOTIF 42-CCCCAGCCCCT STREME-42
letter-probability matrix: alength= 4 w= 11 nsites= 283 E= 4.0e-001
 0.077035 0.839739 0.026213 0.057013
 0.012542 0.947439 0.030293 0.009725
 0.029416 0.864301 0.080148 0.026135
 0.051422 0.768946 0.135818 0.043813
 0.832884 0.040567 0.080316 0.046234
 0.014532 0.000229 0.963100 0.022138
 0.022137 0.903948 0.018721 0.055194
 0.067057 0.860914 0.066340 0.005689
 0.023144 0.896543 0.051870 0.028443
 0.007574 0.856991 0.102159 0.033276
 0.024287 0.003250 0.124728 0.847735

MOTIF 43-GTTTTGCAAGA STREME-43
letter-probability matrix: alength= 4 w= 11 nsites= 118 E= 4.1e-001
 0.180658 0.000360 0.818517 0.000465
 0.011890 0.007800 0.011784 0.968526
 0.011892 0.011788 0.170494 0.805826
 0.000465 0.021675 0.000360 0.977500
 0.057615 0.000360 0.011788 0.930237
 0.032355 0.017964 0.941419 0.008262
 0.013787 0.953780 0.003910 0.028522
 0.987385 0.000360 0.000360 0.011895
 0.994073 0.000360 0.000360 0.005208
 0.000465 0.043509 0.955561 0.000465
 0.904686 0.047676 0.031535 0.016103

MOTIF 44-TAAATAAATAAAT STREME-44
letter-probability matrix: alength= 4 w= 13 nsites= 93 E= 4.1e-001
 0.080794 0.000434 0.000434 0.918337
 0.943364 0.028037 0.000434 0.028164
 0.973575 0.000434 0.025429 0.000561
 0.901960 0.000434 0.097044 0.000561
 0.000561 0.000434 0.000434 0.998570
 0.970967 0.000434 0.028037 0.000561
 0.957166 0.000434 0.000434 0.041966
 0.983132 0.000434 0.015872 0.000561
 0.000561 0.000434 0.000434 0.998570
 0.858920 0.000434 0.140084 0.000561
 0.937640 0.033761 0.028037 0.000561
 0.954512 0.000434 0.000434 0.044619
 0.169090 0.083242 0.028037 0.719630

MOTIF 45-AATAATAATA STREME-45
letter-probability matrix: alength= 4 w= 10 nsites= 138 E= 4.1e-001
 0.997911 0.000634 0.000634 0.000820
 0.965856 0.032689 0.000634 0.000820
 0.000820 0.000634 0.000634 0.997911
 0.997911 0.000634 0.000634 0.000820
 0.822623 0.000634 0.175923 0.000820
 0.000820 0.000634 0.000634 0.997911
 0.997911 0.000634 0.000634 0.000820
 0.730613 0.000634 0.267933 0.000820
 0.000820 0.000634 0.000634 0.997911
 0.997911 0.000634 0.000634 0.000820

MOTIF 46-CCTCCTTCCCC STREME-46
letter-probability matrix: alength= 4 w= 11 nsites= 171 E= 5.1e-001
 0.000448 0.743040 0.034975 0.221536
 0.027068 0.961112 0.011371 0.000448
 0.000448 0.000347 0.077510 0.921694
 0.079173 0.898237 0.000347 0.022243
 0.044539 0.914121 0.040891 0.000448
 0.038765 0.038746 0.011371 0.911118
 0.022496 0.056815 0.000347 0.920341
 0.000448 0.909682 0.000347 0.089522
 0.000448 0.998756 0.000347 0.000448
 0.000448 0.998756 0.000347 0.000448
 0.105766 0.645928 0.000347 0.247959

MOTIF 47-AAATGTTCTAAAAT STREME-47
letter-probability matrix: alength= 4 w= 14 nsites= 57 E= 5.5e-001
 0.947000 0.000537 0.051768 0.000695
 0.964077 0.000537 0.034691 0.000695
 0.861617 0.017614 0.120074 0.000695
 0.034848 0.017614 0.000537 0.947000
 0.000695 0.000537 0.998073 0.000695
 0.000695 0.068844 0.017614 0.912847
 0.051925 0.017614 0.000537 0.929923
 0.000695 0.973910 0.007624 0.017771
 0.000695 0.000537 0.000537 0.998230
 0.810386 0.017614 0.120074 0.051925
 0.964077 0.034691 0.000537 0.000695
 0.776233 0.051768 0.102998 0.069002
 0.878693 0.017614 0.068844 0.034848
 0.000695 0.068844 0.000537 0.929923

MOTIF 48-ATGACGTCAT STREME-48
letter-probability matrix: alength= 4 w= 10 nsites= 667 E= 5.9e-001
 0.607941 0.090154 0.301709 0.000196
 0.000196 0.043857 0.000152 0.955795
 0.000196 0.000152 0.930986 0.068666
 0.881060 0.011981 0.000152 0.106808
 0.060566 0.633842 0.100294 0.205299
 0.205299 0.100294 0.633842 0.060566
 0.106808 0.000152 0.011981 0.881060
 0.068666 0.930986 0.000152 0.000196
 0.955795 0.000152 0.043857 0.000196
 0.000196 0.301709 0.090154 0.607941

MOTIF 49-GTTATGTAACT STREME-49
letter-probability matrix: alength= 4 w= 11 nsites= 85 E= 7.5e-001
 0.130530 0.027576 0.841238 0.000656
 0.003763 0.032773 0.016641 0.946823
 0.049055 0.009226 0.000508 0.941212
 0.973481 0.025355 0.000508 0.000656
 0.161984 0.000508 0.016641 0.820867
 0.003763 0.032773 0.911307 0.052157
 0.016785 0.000508 0.003614 0.979093
 0.916165 0.065039 0.016638 0.002158
 0.957867 0.007202 0.032773 0.002158
 0.131011 0.826174 0.039464 0.003350
 0.000656 0.000508 0.000508 0.998328

MOTIF 50-CTTCCC STREME-50
letter-probability matrix: alength= 4 w= 6 nsites= 2362 E= 9.3e-001
 0.025627 0.928918 0.019827 0.025627
 0.025627 0.019827 0.019827 0.934718
 0.025627 0.019827 0.019827 0.934718
 0.025627 0.928918 0.019827 0.025627
 0.025627 0.928918 0.019827 0.025627
 0.025627 0.928918 0.019827 0.025627

MOTIF 51-CAGATAAGG STREME-51
letter-probability matrix: alength= 4 w= 9 nsites= 907 E= 1.0e+000
 0.196758 0.446765 0.216390 0.140086
 0.994268 0.000164 0.005358 0.000211
 0.000211 0.000164 0.981315 0.018310
 0.999462 0.000164 0.000164 0.000211
 0.000211 0.000164 0.000164 0.999462
 0.999462 0.000164 0.000164 0.000211
 0.994269 0.005356 0.000164 0.000211
 0.000211 0.101638 0.897939 0.000211
 0.253840 0.194988 0.535241 0.015931

MOTIF 52-ATTDCAAMAC STREME-52
letter-probability matrix: alength= 4 w= 10 nsites= 429 E= 1.1e+000
 0.544264 0.223823 0.231604 0.000310
 0.000310 0.000240 0.003397 0.996054
 0.000310 0.000240 0.000240 0.999211
 0.249548 0.000240 0.263665 0.486547
 0.000310 0.999141 0.000240 0.000310
 0.848308 0.000240 0.151143 0.000310
 0.999211 0.000240 0.000240 0.000310
 0.508156 0.460275 0.031260 0.000310
 0.999211 0.000240 0.000240 0.000310
 0.000310 0.999141 0.000240 0.000310

MOTIF 53-ATTGCGCAAA STREME-53
letter-probability matrix: alength= 4 w= 10 nsites= 130 E= 1.1e+000
 0.682566 0.000514 0.316255 0.000665
 0.000665 0.000514 0.000514 0.998307
 0.000665 0.000514 0.000514 0.998307
 0.067878 0.000514 0.914618 0.016990
 0.000665 0.998157 0.000514 0.000665
 0.000665 0.000514 0.998157 0.000665
 0.081913 0.772859 0.000514 0.144714
 0.981975 0.000514 0.016846 0.000665
 0.949303 0.000514 0.000514 0.049668
 0.998307 0.000514 0.000514 0.000665

MOTIF 54-TCTGAGAAATGYA STREME-54
letter-probability matrix: alength= 4 w= 13 nsites= 83 E= 1.1e+000
 0.000514 0.013033 0.013033 0.973420
 0.000514 0.985939 0.000398 0.013149
 0.152136 0.013033 0.000398 0.834434
 0.000514 0.000398 0.998574 0.000514
 0.745988 0.000398 0.253101 0.000514
 0.000514 0.000398 0.998574 0.000514
 0.998691 0.000398 0.000398 0.000514
 0.998691 0.000398 0.000398 0.000514
 0.973420 0.000398 0.013033 0.013149
 0.000514 0.000398 0.025668 0.973420
 0.000514 0.000398 0.985939 0.013149
 0.088960 0.543709 0.025668 0.341663
 0.657542 0.088844 0.253101 0.000514

MOTIF 55-GGCAGATCACTTG STREME-55
letter-probability matrix: alength= 4 w= 13 nsites= 81 E= 1.1e+000
 0.096257 0.000430 0.902756 0.000556
 0.000556 0.000430 0.998457 0.000556
 0.014228 0.943771 0.000430 0.041571
 0.766166 0.041445 0.164490 0.027899
 0.027899 0.014102 0.957442 0.000556
 0.930225 0.000430 0.068788 0.000556
 0.027899 0.014102 0.000430 0.957568
 0.014228 0.930099 0.000430 0.055243
 0.930225 0.014102 0.041445 0.014228
 0.000556 0.943771 0.000430 0.055243
 0.000556 0.232848 0.000430 0.766166
 0.000556 0.055117 0.055117 0.889210
 0.055243 0.096132 0.848070 0.000556

MOTIF 56-ACTAAAAATACAAA STREME-56
letter-probability matrix: alength= 4 w= 14 nsites= 84 E= 1.1e+000
 0.960785 0.000398 0.038303 0.000514
 0.000514 0.985939 0.013033 0.000514
 0.000514 0.013033 0.000398 0.986055
 0.948150 0.000398 0.050938 0.000514
 0.973420 0.025668 0.000398 0.000514
 0.948150 0.013033 0.013033 0.025784
 0.960785 0.000398 0.025668 0.013149
 0.922880 0.000398 0.076209 0.000514
 0.025784 0.101479 0.013033 0.859704
 0.910245 0.000398 0.076209 0.013149
 0.038419 0.846952 0.025668 0.088960
 0.935515 0.013033 0.038303 0.013149
 0.948150 0.013033 0.038303 0.000514
 0.973420 0.025668 0.000398 0.000514

MOTIF 57-TGCTAAGTGAAAKAA STREME-57
letter-probability matrix: alength= 4 w= 15 nsites= 84 E= 1.1e+000
 0.021355 0.031724 0.000329 0.946592
 0.188790 0.004672 0.806112 0.000426
 0.021355 0.799990 0.000329 0.178326
 0.084143 0.031724 0.000329 0.883804
 0.852410 0.031724 0.052653 0.063214
 0.904733 0.000329 0.000329 0.094608
 0.094608 0.073582 0.810454 0.021355
 0.042285 0.000329 0.031724 0.925663
 0.042285 0.021259 0.915101 0.021355
 0.925663 0.073582 0.000329 0.000426
 0.988451 0.010794 0.000329 0.000426
 0.936127 0.000329 0.042188 0.021355
 0.010890 0.052653 0.496513 0.439944
 0.904733 0.052653 0.000329 0.042285
 0.904733 0.000329 0.010794 0.084143

MOTIF 58-GAGAGAGAGAGARAG STREME-58
letter-probability matrix: alength= 4 w= 15 nsites= 65 E= 1.1e+000
 0.000681 0.000527 0.998112 0.000681
 0.998266 0.000527 0.000527 0.000681
 0.000681 0.000527 0.998112 0.000681
 0.948071 0.000527 0.050722 0.000681
 0.000681 0.000527 0.998112 0.000681
 0.948071 0.000527 0.050722 0.000681
 0.117803 0.000527 0.880990 0.000681
 0.897876 0.000527 0.100917 0.000681
 0.000681 0.000527 0.998112 0.000681
 0.964803 0.000527 0.033990 0.000681
 0.000681 0.000527 0.998112 0.000681
 0.948071 0.050722 0.000527 0.000681
 0.418974 0.037460 0.542885 0.000681
 0.857469 0.017258 0.124592 0.000681
 0.000681 0.000527 0.857315 0.141478

MOTIF 59-AATGGGGAGTKACTG STREME-59
letter-probability matrix: alength= 4 w= 15 nsites= 181 E= 1.2e+000
 0.883777 0.023307 0.092681 0.000235
 0.935808 0.029088 0.023307 0.011798
 0.031540 0.046432 0.005963 0.916065
 0.162109 0.005963 0.797005 0.034922
 0.199195 0.000182 0.794606 0.006016
 0.106696 0.000182 0.892887 0.000235
 0.162109 0.023307 0.814349 0.000235
 0.964714 0.000182 0.029088 0.006016
 0.126438 0.023307 0.850020 0.000235
 0.029141 0.023307 0.000182 0.947370
 0.075391 0.040650 0.490601 0.393357
 0.820183 0.000182 0.173618 0.006016
 0.029141 0.675600 0.081119 0.214140
 0.000235 0.023307 0.000182 0.976276
 0.110078 0.000182 0.866380 0.023360

MOTIF 60-GATTACAGGCRTG STREME-60
letter-probability matrix: alength= 4 w= 13 nsites= 110 E= 1.4e+000
 0.100604 0.010335 0.888653 0.000408
 0.938844 0.000315 0.020355 0.040486
 0.000408 0.188985 0.000315 0.810292
 0.030467 0.000315 0.000315 0.968903
 0.998962 0.000315 0.000315 0.000408
 0.068841 0.800180 0.010335 0.120644
 0.978922 0.000315 0.000315 0.020447
 0.034624 0.000315 0.944613 0.020447
 0.144838 0.000315 0.780143 0.074703
 0.000408 0.754240 0.000315 0.245037
 0.519722 0.000315 0.469535 0.010427
 0.030467 0.050412 0.000315 0.918806
 0.030467 0.040394 0.928732 0.000408

MOTIF 61-CAGGAAG STREME-61
letter-probability matrix: alength= 4 w= 7 nsites= 1044 E= 1.4e+000
 0.025627 0.928918 0.019827 0.025627
 0.934718 0.019827 0.019827 0.025627
 0.025627 0.019827 0.928918 0.025627
 0.025627 0.019827 0.928918 0.025627
 0.934718 0.019827 0.019827 0.025627
 0.934718 0.019827 0.019827 0.025627
 0.025627 0.019827 0.928918 0.025627

MOTIF 62-ACACACACACACAC STREME-62
letter-probability matrix: alength= 4 w= 14 nsites= 261 E= 2.0e+000
 0.964344 0.000185 0.009981 0.025491
 0.022536 0.870043 0.000185 0.107236
 0.980583 0.000185 0.015129 0.004104
 0.004285 0.841661 0.035373 0.118681
 0.987663 0.000185 0.011914 0.000239
 0.009015 0.955373 0.000185 0.035427
 0.935002 0.000185 0.058711 0.006103
 0.000239 0.790242 0.000185 0.209335
 0.987663 0.000185 0.011914 0.000239
 0.000239 0.958285 0.029508 0.011968
 0.971887 0.000185 0.010096 0.017833
 0.041701 0.813077 0.000185 0.145037
 0.926083 0.038305 0.035373 0.000239
 0.000239 0.893262 0.000185 0.106315

MOTIF 63-ATCTAGGTTTGTGTA STREME-63
letter-probability matrix: alength= 4 w= 15 nsites= 53 E= 2.2e+000
 0.955379 0.000668 0.043091 0.000863
 0.000863 0.085513 0.000668 0.912956
 0.000863 0.976395 0.000668 0.022074
 0.000863 0.043091 0.000668 0.955379
 0.912956 0.000668 0.043091 0.043286
 0.064497 0.021879 0.912761 0.000863
 0.085709 0.000668 0.912761 0.000863
 0.000863 0.000668 0.000668 0.997802
 0.022074 0.064302 0.021879 0.891744
 0.022074 0.000668 0.000668 0.976590
 0.085709 0.021879 0.870338 0.022074
 0.000863 0.064302 0.000668 0.934167
 0.064497 0.000668 0.933972 0.000863
 0.022074 0.000668 0.021879 0.955379
 0.997802 0.000668 0.000668 0.000863

MOTIF 64-TGTTCTCACCACAAA STREME-64
letter-probability matrix: alength= 4 w= 15 nsites= 41 E= 2.2e+000
 0.001306 0.065228 0.033119 0.900347
 0.097632 0.001011 0.900051 0.001306
 0.001306 0.001011 0.001011 0.996672
 0.001306 0.001011 0.001011 0.996672
 0.001306 0.932160 0.033119 0.033415
 0.001306 0.001011 0.001011 0.996672
 0.065523 0.835834 0.001011 0.097632
 0.996672 0.001011 0.001011 0.001306
 0.001306 0.900051 0.001011 0.097632
 0.001306 0.964268 0.001011 0.033415
 0.932455 0.033119 0.033119 0.001306
 0.033415 0.964268 0.001011 0.001306
 0.996672 0.001011 0.001011 0.001306
 0.964564 0.033119 0.001011 0.001306
 0.932455 0.033119 0.001011 0.033415

MOTIF 65-CTCAGGTGATCC STREME-65
letter-probability matrix: alength= 4 w= 12 nsites= 74 E= 2.5e+000
 0.037429 0.942906 0.000577 0.019088
 0.000746 0.018919 0.000577 0.979758
 0.019088 0.942909 0.018919 0.019085
 0.888051 0.000577 0.092284 0.019088
 0.156782 0.000577 0.841895 0.000746
 0.129133 0.000577 0.832861 0.037429
 0.000746 0.000577 0.018919 0.979758
 0.000746 0.018919 0.979589 0.000746
 0.961417 0.000577 0.037260 0.000746
 0.000746 0.104717 0.000577 0.893960
 0.031520 0.967156 0.000577 0.000746
 0.000746 0.939379 0.000577 0.059297

MOTIF 66-TATCTCAATAAARCT STREME-66
letter-probability matrix: alength= 4 w= 15 nsites= 59 E= 2.5e+000
 0.039900 0.078825 0.000615 0.880659
 0.978421 0.000615 0.000615 0.020348
 0.020348 0.039720 0.020168 0.919764
 0.020348 0.860926 0.059273 0.059453
 0.059453 0.000615 0.000615 0.939316
 0.039900 0.919584 0.000615 0.039900
 0.997974 0.000615 0.000615 0.000795
 0.900211 0.020168 0.039720 0.039900
 0.000795 0.020168 0.000615 0.978421
 0.939316 0.020168 0.039720 0.000795
 0.958869 0.000615 0.020168 0.020348
 0.958869 0.000615 0.039720 0.000795
 0.391846 0.020168 0.548086 0.039900
 0.000795 0.900031 0.059273 0.039900
 0.000795 0.000615 0.000615 0.997974

MOTIF 67-ACAAAAATTA STREME-67
letter-probability matrix: alength= 4 w= 10 nsites= 113 E= 3.4e+000
 0.934718 0.019827 0.019827 0.025627
 0.025627 0.928918 0.019827 0.025627
 0.934718 0.019827 0.019827 0.025627
 0.934718 0.019827 0.019827 0.025627
 0.934718 0.019827 0.019827 0.025627
 0.934718 0.019827 0.019827 0.025627
 0.934718 0.019827 0.019827 0.025627
 0.025627 0.019827 0.019827 0.934718
 0.025627 0.019827 0.019827 0.934718
 0.934718 0.019827 0.019827 0.025627

MOTIF 68-ATTGTGGTAAAATAY STREME-68
letter-probability matrix: alength= 4 w= 15 nsites= 70 E= 4.4e+000
 0.883500 0.014829 0.072334 0.029337
 0.043714 0.043581 0.014829 0.897877
 0.006550 0.000452 0.043581 0.949416
 0.014961 0.014829 0.955249 0.014961
 0.029337 0.000452 0.000452 0.969758
 0.072466 0.014829 0.883368 0.029337
 0.115595 0.000452 0.854615 0.029337
 0.000585 0.029205 0.000452 0.969758
 0.897877 0.014829 0.014829 0.072466
 0.941005 0.000452 0.043581 0.014961
 0.969758 0.000452 0.029205 0.000585
 0.955381 0.014829 0.014829 0.014961
 0.043714 0.057957 0.029205 0.869124
 0.883500 0.043581 0.043581 0.029337
 0.043714 0.589878 0.057957 0.308451

MOTIF 69-AAATAAAATAAAATA STREME-69
letter-probability matrix: alength= 4 w= 15 nsites= 51 E= 8.8e+000
 0.953912 0.000690 0.000690 0.044708
 0.932004 0.066415 0.000690 0.000891
 0.932004 0.022598 0.044507 0.000891
 0.000891 0.000690 0.066415 0.932004
 0.822461 0.000690 0.175958 0.000891
 0.997730 0.000690 0.000690 0.000891
 0.975821 0.022598 0.000690 0.000891
 0.986777 0.000690 0.011642 0.000891
 0.000891 0.000690 0.000690 0.997730
 0.997730 0.000690 0.000690 0.000891
 0.910095 0.000690 0.066415 0.022800
 0.932004 0.000690 0.066415 0.000891
 0.997730 0.000690 0.000690 0.000891
 0.000891 0.000690 0.000690 0.997730
 0.778644 0.044507 0.044507 0.132343

MOTIF 70-AACATCATAGAGTGT STREME-70
letter-probability matrix: alength= 4 w= 15 nsites= 46 E= 8.8e+000
 0.996965 0.000922 0.000922 0.001191
 0.909103 0.059497 0.000922 0.030479
 0.001191 0.938120 0.000922 0.059766
 0.938390 0.000922 0.030209 0.030479
 0.001191 0.059497 0.000922 0.938390
 0.001191 0.967408 0.030209 0.001191
 0.996965 0.000922 0.000922 0.001191
 0.001191 0.088784 0.000922 0.909103
 0.938390 0.000922 0.059497 0.001191
 0.001191 0.000922 0.996695 0.001191
 0.879815 0.059497 0.030209 0.030479
 0.030479 0.000922 0.967408 0.001191
 0.001191 0.030209 0.030209 0.938390
 0.059766 0.000922 0.938120 0.001191
 0.001191 0.176647 0.000922 0.821240

********************************************************************************
Stopped because 3 consecutive motifs exceeded the p-value threshold (0.05).
********************************************************************************
COMMAND:	streme --verbosity 1 --oc meme/meme_out_incomplete_DL/K562_CEBPB-human_ENCFF761UZG/streme_out -dna --seed 0 --p meme/meme_out_incomplete_DL/K562_CEBPB-human_ENCFF761UZG/seqs-centered --minw 6 --maxw 15 --time 6150 --order 2 --thresh 0.05 --align center --totallength 4000000 --parse-genomic-coord
********************************************************************************
CPU:		9f05ee173ae9
********************************************************************************
FINALTIME:	4626.69 seconds
********************************************************************************
