********************************************************************************
STREME - Sensitive, Thorough, Rapid, Enriched Motif Elicitation
********************************************************************************
MEME version 5.5.3 (Release date: Sat Jun 10 16:19:38 2023 -0700)

For further information on how to interpret these results please access http://localhost:8080/meme_5.5.3.
To get a copy of the MEME Suite software please access https://meme-suite.org.

********************************************************************************


********************************************************************************
REFERENCE
********************************************************************************
If you use this program in your research, please cite:

Timothy L. Bailey,
"STREME: accurate and versatile sequence motif discovery",
Bioinformatics, Mar. 24, 2021.
********************************************************************************


ALPHABET= ACGT

strands: + -

Background letter frequencies
A 0.209 C 0.291 G 0.291 T 0.209 

MOTIF 1-CAASGTCAC STREME-1
letter-probability matrix: alength= 4 w= 9 nsites= 527 E= 4.4e-003
 0.000128 0.671006 0.000179 0.328686
 0.803555 0.000179 0.126640 0.069625
 0.963052 0.030613 0.000179 0.006157
 0.086524 0.298738 0.523295 0.091442
 0.075806 0.000179 0.923886 0.000128
 0.085183 0.082214 0.000179 0.832424
 0.006553 0.844695 0.085807 0.062945
 0.933039 0.000179 0.016045 0.050737
 0.151855 0.560049 0.022089 0.266006

MOTIF 2-CCAGCCTGGSCAAC STREME-2
letter-probability matrix: alength= 4 w= 14 nsites= 70 E= 1.3e-002
 0.000589 0.939363 0.000821 0.059227
 0.000589 0.978455 0.000821 0.020135
 0.978223 0.000821 0.020367 0.000589
 0.020135 0.059459 0.900271 0.020135
 0.000589 0.939363 0.020367 0.039681
 0.000589 0.958909 0.000821 0.039681
 0.000589 0.000821 0.000821 0.997769
 0.000589 0.000821 0.939363 0.059227
 0.059233 0.000821 0.939357 0.000589
 0.039681 0.313728 0.606910 0.039681
 0.059227 0.841616 0.020367 0.078790
 0.743597 0.000821 0.196355 0.059227
 0.978223 0.000821 0.020367 0.000589
 0.000589 0.861171 0.000821 0.137420

MOTIF 3-GYAAAYA STREME-3
letter-probability matrix: alength= 4 w= 7 nsites= 367 E= 2.2e-002
 0.000539 0.000751 0.998172 0.000539
 0.000539 0.382218 0.000751 0.616493
 0.997960 0.000751 0.000751 0.000539
 0.997960 0.000751 0.000751 0.000539
 0.997960 0.000751 0.000751 0.000539
 0.000539 0.627074 0.000751 0.371636
 0.789858 0.000751 0.208852 0.000539

MOTIF 4-CCCCRCCCC STREME-4
letter-probability matrix: alength= 4 w= 9 nsites= 546 E= 3.5e-002
 0.007387 0.781188 0.044375 0.167050
 0.000156 0.999470 0.000218 0.000156
 0.034029 0.808530 0.033036 0.124404
 0.000156 0.999470 0.000218 0.000156
 0.392917 0.000218 0.606709 0.000156
 0.198549 0.616352 0.000218 0.184881
 0.000156 0.999470 0.000218 0.000156
 0.000156 0.799909 0.000218 0.199718
 0.071032 0.881254 0.000218 0.047496

MOTIF 5-CCTCRGCCTCCY STREME-5
letter-probability matrix: alength= 4 w= 12 nsites= 192 E= 4.6e-002
 0.000200 0.796528 0.053471 0.149800
 0.000200 0.950022 0.049578 0.000200
 0.000200 0.000279 0.000279 0.999241
 0.000200 0.885000 0.000279 0.114520
 0.337498 0.065884 0.430793 0.165826
 0.000200 0.000279 0.932832 0.066688
 0.020147 0.783966 0.000279 0.195607
 0.000200 0.706440 0.078930 0.214430
 0.000200 0.000279 0.000279 0.999241
 0.006849 0.992672 0.000279 0.000200
 0.000200 0.860829 0.138770 0.000200
 0.000200 0.514204 0.188909 0.296686

MOTIF 6-CCTGTAATCCCAG STREME-6
letter-probability matrix: alength= 4 w= 13 nsites= 81 E= 1.5e-001
 0.014256 0.915544 0.014421 0.055779
 0.014256 0.929384 0.000581 0.055779
 0.000417 0.055939 0.000581 0.943063
 0.041937 0.069778 0.846350 0.041935
 0.014256 0.042099 0.028260 0.915384
 0.956902 0.014421 0.014421 0.014256
 0.763133 0.000581 0.222029 0.014256
 0.000417 0.000581 0.014421 0.984581
 0.028096 0.901709 0.014421 0.055775
 0.000417 0.957067 0.000581 0.041935
 0.000417 0.943227 0.000581 0.055775
 0.943063 0.000581 0.014421 0.041935
 0.028098 0.042099 0.929386 0.000417

MOTIF 7-GGGAAGAG STREME-7
letter-probability matrix: alength= 4 w= 8 nsites= 651 E= 1.6e-001
 0.169882 0.150784 0.679025 0.000309
 0.000309 0.008875 0.990507 0.000309
 0.012487 0.025629 0.864020 0.097864
 0.872699 0.087835 0.000431 0.039035
 0.934865 0.002989 0.047314 0.014832
 0.022269 0.000431 0.965119 0.012181
 0.717559 0.009252 0.031842 0.241347
 0.178337 0.014862 0.794947 0.011855

MOTIF 8-CCCAGCCC STREME-8
letter-probability matrix: alength= 4 w= 8 nsites= 616 E= 1.9e-001
 0.000433 0.998530 0.000604 0.000433
 0.036781 0.819298 0.143488 0.000433
 0.000433 0.917107 0.026342 0.056117
 0.672395 0.029708 0.028748 0.269148
 0.000433 0.000604 0.998530 0.000433
 0.023611 0.931389 0.000604 0.044396
 0.061254 0.851018 0.000604 0.087124
 0.000433 0.998530 0.000604 0.000433

MOTIF 9-GAGTTCAA STREME-9
letter-probability matrix: alength= 4 w= 8 nsites= 125 E= 2.1e-001
 0.020166 0.032652 0.906252 0.040930
 0.836218 0.084995 0.078273 0.000514
 0.014161 0.083754 0.881716 0.020369
 0.212858 0.000716 0.000716 0.785710
 0.012561 0.000716 0.000716 0.986006
 0.034506 0.924928 0.017934 0.022632
 0.917343 0.000716 0.080646 0.001294
 0.965197 0.000716 0.000716 0.033370

MOTIF 10-ATGGCGGC STREME-10
letter-probability matrix: alength= 4 w= 8 nsites= 72 E= 4.1e-001
 0.994671 0.001961 0.001961 0.001407
 0.001407 0.001961 0.001961 0.994671
 0.001407 0.232622 0.764564 0.001407
 0.001407 0.001961 0.995225 0.001407
 0.001407 0.995225 0.001961 0.001407
 0.001407 0.001961 0.995225 0.001407
 0.122475 0.001961 0.874157 0.001407
 0.001407 0.995225 0.001961 0.001407

MOTIF 11-CGCTGCCGCC STREME-11
letter-probability matrix: alength= 4 w= 10 nsites= 145 E= 4.7e-001
 0.032340 0.880913 0.012939 0.073807
 0.033362 0.000519 0.965747 0.000373
 0.025099 0.935710 0.008953 0.030238
 0.024833 0.116853 0.073422 0.784893
 0.012734 0.007266 0.972947 0.007053
 0.007882 0.883859 0.037620 0.070640
 0.039254 0.914277 0.016826 0.029643
 0.062216 0.001668 0.935744 0.000373
 0.005502 0.926076 0.049986 0.018436
 0.005379 0.970767 0.019568 0.004287

MOTIF 12-AAAAYAAAAA STREME-12
letter-probability matrix: alength= 4 w= 10 nsites= 145 E= 6.6e-001
 0.977001 0.000457 0.000457 0.022085
 0.998759 0.000457 0.000457 0.000328
 0.791705 0.000457 0.000457 0.207381
 0.998759 0.000457 0.000457 0.000328
 0.086235 0.433792 0.000457 0.479516
 0.998759 0.000457 0.000457 0.000328
 0.714404 0.284811 0.000457 0.000328
 0.795179 0.064318 0.084772 0.055731
 0.887093 0.112123 0.000457 0.000328
 0.794585 0.204630 0.000457 0.000328

MOTIF 13-GGCGYGGTGGCTCA STREME-13
letter-probability matrix: alength= 4 w= 14 nsites= 54 E= 1.9e+000
 0.092880 0.000775 0.905788 0.000556
 0.000556 0.000775 0.998112 0.000556
 0.037486 0.684197 0.000775 0.277542
 0.277569 0.000775 0.721099 0.000556
 0.037486 0.554893 0.000775 0.406846
 0.296050 0.000775 0.702618 0.000556
 0.000556 0.000775 0.998112 0.000556
 0.000556 0.000775 0.019240 0.979428
 0.019021 0.000775 0.961182 0.019021
 0.000556 0.000775 0.998112 0.000556
 0.019021 0.905788 0.019240 0.055950
 0.037486 0.037705 0.148506 0.776304
 0.019021 0.979647 0.000775 0.000556
 0.831708 0.037705 0.111566 0.019021

MOTIF 14-ASCACGTGST STREME-14
letter-probability matrix: alength= 4 w= 10 nsites= 123 E= 6.0e+000
 0.771741 0.098785 0.104352 0.025122
 0.108205 0.476371 0.358602 0.056822
 0.073395 0.785029 0.077489 0.064088
 0.828029 0.056951 0.023115 0.091904
 0.006436 0.992823 0.000431 0.000310
 0.000310 0.000431 0.992823 0.006436
 0.091904 0.023115 0.056951 0.828029
 0.064088 0.077489 0.785029 0.073395
 0.056822 0.358602 0.476371 0.108205
 0.025122 0.104352 0.098785 0.771741

MOTIF 15-RATCRCTTGA STREME-15
letter-probability matrix: alength= 4 w= 10 nsites= 44 E= 1.2e+001
 0.347689 0.041666 0.610030 0.000615
 0.997671 0.000857 0.000857 0.000615
 0.000615 0.000857 0.000857 0.997671
 0.049897 0.785359 0.000857 0.163887
 0.580893 0.000857 0.417635 0.000615
 0.029486 0.928233 0.000857 0.041424
 0.000615 0.000857 0.021261 0.977267
 0.021019 0.062076 0.000857 0.916047
 0.041424 0.000857 0.957104 0.000615
 0.997671 0.000857 0.000857 0.000615

********************************************************************************
Stopped because 3 consecutive motifs exceeded the p-value threshold (0.05).
********************************************************************************
COMMAND:	streme --verbosity 1 --oc meme_out_incomplete_DL/HepG2_FUBP1-human_ENCFF742ZEJ/streme_out -dna --seed 0 --p meme_out_incomplete_DL/HepG2_FUBP1-human_ENCFF742ZEJ/seqs-centered --minw 6 --maxw 15 --time 6193 --order 2 --thresh 0.05 --align center --totallength 4000000 --parse-genomic-coord
********************************************************************************
CPU:		9f05ee173ae9
********************************************************************************
FINALTIME:	76.68 seconds
********************************************************************************
