********************************************************************************
STREME - Sensitive, Thorough, Rapid, Enriched Motif Elicitation
********************************************************************************
MEME version 5.5.3 (Release date: Sat Jun 10 16:19:38 2023 -0700)

For further information on how to interpret these results please access http://localhost:8080/meme_5.5.3.
To get a copy of the MEME Suite software please access https://meme-suite.org.

********************************************************************************


********************************************************************************
REFERENCE
********************************************************************************
If you use this program in your research, please cite:

Timothy L. Bailey,
"STREME: accurate and versatile sequence motif discovery",
Bioinformatics, Mar. 24, 2021.
********************************************************************************


ALPHABET= ACGT

strands: + -

Background letter frequencies
A 0.215 C 0.284 G 0.284 T 0.215 

MOTIF 1-AAGATGGCGGC STREME-1
letter-probability matrix: alength= 4 w= 11 nsites= 143 E= 1.1e-003
 0.999045 0.000346 0.000346 0.000262
 0.897766 0.042545 0.042548 0.017141
 0.073525 0.130475 0.736657 0.059343
 0.999045 0.000346 0.000346 0.000262
 0.000262 0.000346 0.000346 0.999045
 0.000262 0.067865 0.931610 0.000262
 0.000262 0.000346 0.999129 0.000262
 0.000262 0.999129 0.000346 0.000262
 0.014426 0.000346 0.920145 0.065083
 0.214775 0.071375 0.662943 0.050906
 0.147282 0.781085 0.025666 0.045967

MOTIF 2-CCCMGCCCC STREME-2
letter-probability matrix: alength= 4 w= 9 nsites= 2102 E= 3.6e-003
 0.000111 0.939640 0.000146 0.060103
 0.000111 0.976112 0.000146 0.023631
 0.000111 0.913221 0.034822 0.051846
 0.432162 0.492443 0.041175 0.034220
 0.244904 0.009648 0.745337 0.000111
 0.031053 0.898686 0.044581 0.025681
 0.034271 0.856588 0.048601 0.060539
 0.014254 0.985489 0.000146 0.000111
 0.044833 0.885953 0.011339 0.057874

MOTIF 3-CAGCCTGGSCAACA STREME-3
letter-probability matrix: alength= 4 w= 14 nsites= 197 E= 4.2e-003
 0.038079 0.939868 0.000222 0.021831
 0.966893 0.011054 0.011054 0.011000
 0.043496 0.043549 0.869458 0.043497
 0.000168 0.988610 0.011054 0.000168
 0.005584 0.966947 0.000222 0.027247
 0.005584 0.013301 0.005638 0.975477
 0.000168 0.005638 0.972363 0.021831
 0.135597 0.000222 0.853181 0.011000
 0.038079 0.314459 0.609384 0.038078
 0.011000 0.777303 0.016469 0.195228
 0.666620 0.045799 0.287413 0.000168
 0.961477 0.021886 0.011054 0.005584
 0.000168 0.912787 0.043549 0.043496
 0.923567 0.016469 0.054380 0.005584

MOTIF 4-CTGTAATCCCAGC STREME-4
letter-probability matrix: alength= 4 w= 13 nsites= 180 E= 2.9e-002
 0.000195 0.967994 0.000257 0.031554
 0.000195 0.000257 0.000257 0.999290
 0.037827 0.012801 0.949178 0.000195
 0.000195 0.050435 0.025346 0.924025
 0.986747 0.012801 0.000257 0.000195
 0.836146 0.006529 0.150858 0.006467
 0.006467 0.019072 0.000257 0.974204
 0.000195 0.980537 0.000257 0.019010
 0.000195 0.955447 0.006529 0.037829
 0.012738 0.873897 0.000257 0.113108
 0.967932 0.000257 0.025344 0.006467
 0.119374 0.000257 0.880174 0.000195
 0.044102 0.911540 0.006529 0.037829

MOTIF 5-GAGGCBGMGGCRGSM STREME-5
letter-probability matrix: alength= 4 w= 15 nsites= 481 E= 3.4e-002
 0.009589 0.000078 0.984555 0.005777
 0.678031 0.231461 0.042009 0.048499
 0.078204 0.007702 0.914034 0.000059
 0.026743 0.000078 0.973119 0.000059
 0.024837 0.931188 0.003890 0.040085
 0.092342 0.219267 0.345508 0.342883
 0.098056 0.000078 0.889580 0.012286
 0.576221 0.316906 0.091564 0.015308
 0.007683 0.000078 0.992179 0.000059
 0.021025 0.030574 0.942624 0.005777
 0.019910 0.704686 0.063766 0.211638
 0.336050 0.015326 0.533401 0.115223
 0.043896 0.028667 0.927377 0.000059
 0.025628 0.342346 0.628155 0.003871
 0.437872 0.220063 0.212396 0.129669

MOTIF 6-CRYGGTGGCTCAYGC STREME-6
letter-probability matrix: alength= 4 w= 15 nsites= 117 E= 6.3e-002
 0.027516 0.808423 0.000373 0.163689
 0.390671 0.009450 0.581441 0.018438
 0.036593 0.572389 0.000373 0.390645
 0.209096 0.027606 0.763015 0.000282
 0.054752 0.000373 0.944593 0.000282
 0.000282 0.000373 0.000373 0.998973
 0.018438 0.000373 0.980907 0.000282
 0.000282 0.000373 0.999063 0.000282
 0.009360 0.881048 0.018528 0.091064
 0.081983 0.000373 0.163777 0.753867
 0.000282 0.944596 0.000373 0.054749
 0.980817 0.000373 0.000373 0.018438
 0.018438 0.599622 0.045764 0.336176
 0.136452 0.000373 0.862893 0.000282
 0.000282 0.953673 0.000373 0.045672

MOTIF 7-AGTGCAGTGGCG STREME-7
letter-probability matrix: alength= 4 w= 12 nsites= 81 E= 6.3e-002
 0.998511 0.000540 0.000540 0.000409
 0.039878 0.000540 0.959173 0.000409
 0.000409 0.000540 0.000540 0.998511
 0.000409 0.000540 0.998642 0.000409
 0.026720 0.946019 0.000540 0.026720
 0.979896 0.013696 0.006000 0.000409
 0.118821 0.000540 0.880230 0.000409
 0.000409 0.013696 0.000540 0.985355
 0.000409 0.006000 0.980027 0.013565
 0.000409 0.000540 0.946018 0.053033
 0.000409 0.669581 0.000540 0.329470
 0.276790 0.000540 0.630155 0.092515

MOTIF 8-AGGGAAGGGGA STREME-8
letter-probability matrix: alength= 4 w= 11 nsites= 1453 E= 6.5e-002
 0.778463 0.082583 0.069012 0.069942
 0.059525 0.028164 0.856927 0.055384
 0.069388 0.049510 0.852394 0.028708
 0.055402 0.040618 0.854245 0.049735
 0.844949 0.064432 0.054867 0.035752
 0.833990 0.033636 0.031237 0.101137
 0.093308 0.060639 0.786110 0.059944
 0.079858 0.052358 0.791889 0.075895
 0.152809 0.108042 0.578839 0.160311
 0.214651 0.060016 0.676207 0.049126
 0.728762 0.103716 0.093883 0.073639

MOTIF 9-CCMAGGCC STREME-9
letter-probability matrix: alength= 4 w= 8 nsites= 1619 E= 9.6e-002
 0.000448 0.998512 0.000592 0.000448
 0.000448 0.998512 0.000592 0.000448
 0.260252 0.456204 0.226792 0.056752
 0.998368 0.000592 0.000592 0.000448
 0.000448 0.117030 0.882074 0.000448
 0.000448 0.000592 0.998512 0.000448
 0.000448 0.705440 0.150880 0.143232
 0.000448 0.741365 0.091578 0.166608

MOTIF 10-CACTTCCGGH STREME-10
letter-probability matrix: alength= 4 w= 10 nsites= 138 E= 1.1e-001
 0.058017 0.741712 0.100691 0.099581
 0.981846 0.000468 0.017332 0.000354
 0.000354 0.998823 0.000468 0.000354
 0.072863 0.000468 0.029430 0.897239
 0.005085 0.000468 0.000468 0.993979
 0.034553 0.957025 0.008067 0.000354
 0.000354 0.998823 0.000468 0.000354
 0.000354 0.045816 0.953475 0.000354
 0.011754 0.112495 0.846436 0.029315
 0.209479 0.399919 0.145495 0.245108

MOTIF 11-CAAAGTCCA STREME-11
letter-probability matrix: alength= 4 w= 9 nsites= 589 E= 1.4e-001
 0.000214 0.879103 0.000282 0.120401
 0.949450 0.000282 0.030338 0.019929
 0.945529 0.000282 0.053975 0.000214
 0.856329 0.101565 0.011943 0.030164
 0.000214 0.025393 0.934285 0.040108
 0.044483 0.027748 0.029961 0.897808
 0.111331 0.747522 0.000282 0.140864
 0.006329 0.812355 0.089076 0.092240
 0.877415 0.026348 0.029160 0.067077

MOTIF 12-AGGAAG STREME-12
letter-probability matrix: alength= 4 w= 6 nsites= 1177 E= 1.5e-001
 0.928682 0.025864 0.025864 0.019591
 0.019591 0.025864 0.934955 0.019591
 0.019591 0.025864 0.934955 0.019591
 0.928682 0.025864 0.025864 0.019591
 0.928682 0.025864 0.025864 0.019591
 0.019591 0.025864 0.934955 0.019591

MOTIF 13-CAGCACCATGG STREME-13
letter-probability matrix: alength= 4 w= 11 nsites= 148 E= 1.9e-001
 0.000281 0.950070 0.000371 0.049278
 0.998976 0.000371 0.000371 0.000281
 0.071132 0.112442 0.760514 0.055912
 0.000281 0.983558 0.015879 0.000281
 0.861902 0.000371 0.115591 0.022136
 0.101999 0.843059 0.000371 0.054571
 0.027429 0.928215 0.035027 0.009329
 0.808324 0.030541 0.014312 0.146823
 0.154974 0.145539 0.000371 0.699116
 0.000281 0.058419 0.941018 0.000281
 0.004036 0.000371 0.883736 0.111857

MOTIF 14-GAATCGCTTGAACCC STREME-14
letter-probability matrix: alength= 4 w= 15 nsites= 94 E= 1.9e-001
 0.030248 0.045294 0.909102 0.015356
 0.849388 0.000611 0.134645 0.015356
 0.923851 0.030397 0.030397 0.015356
 0.015356 0.015504 0.000611 0.968529
 0.089819 0.670814 0.089967 0.149400
 0.179187 0.015504 0.789954 0.015356
 0.015356 0.953785 0.000611 0.030248
 0.015356 0.000611 0.045289 0.938744
 0.015356 0.015504 0.045289 0.923851
 0.030248 0.060182 0.894214 0.015356
 0.998314 0.000611 0.000611 0.000463
 0.745133 0.015504 0.238900 0.000463
 0.045141 0.879322 0.045289 0.030248
 0.015356 0.923998 0.015504 0.045143
 0.060034 0.685702 0.000611 0.253653

MOTIF 15-CGCATGCGCA STREME-15
letter-probability matrix: alength= 4 w= 10 nsites= 134 E= 2.0e-001
 0.069485 0.900129 0.002823 0.027562
 0.007206 0.005585 0.985524 0.001685
 0.013992 0.982997 0.002589 0.000422
 0.818478 0.091649 0.054785 0.035087
 0.077503 0.030115 0.119526 0.772856
 0.013991 0.009393 0.970563 0.006053
 0.041134 0.929483 0.006188 0.023194
 0.013991 0.014126 0.928129 0.043754
 0.000422 0.917164 0.014126 0.068288
 0.870161 0.027711 0.092759 0.009369

MOTIF 16-ATCWCRGCTCACTGC STREME-16
letter-probability matrix: alength= 4 w= 15 nsites= 65 E= 2.5e-001
 0.981181 0.000694 0.000694 0.017431
 0.017431 0.051411 0.000694 0.930464
 0.000526 0.964444 0.000694 0.034337
 0.372461 0.000694 0.000694 0.626151
 0.000526 0.812293 0.034505 0.152676
 0.490857 0.000694 0.491018 0.017431
 0.085054 0.017599 0.879916 0.017431
 0.000526 0.981349 0.017599 0.000526
 0.000526 0.085222 0.000694 0.913559
 0.034337 0.863004 0.000694 0.101965
 0.913559 0.068316 0.017599 0.000526
 0.000526 0.947538 0.000694 0.051242
 0.068148 0.000694 0.000694 0.930464
 0.068150 0.017599 0.913725 0.000526
 0.017431 0.863010 0.017599 0.101959

MOTIF 17-GACRGGGTYTCACY STREME-17
letter-probability matrix: alength= 4 w= 14 nsites= 109 E= 3.5e-001
 0.000324 0.000428 0.998923 0.000324
 0.998819 0.000428 0.000428 0.000324
 0.010759 0.717158 0.000428 0.271654
 0.393526 0.000428 0.605722 0.000324
 0.094237 0.000428 0.894575 0.010759
 0.268286 0.000428 0.730962 0.000324
 0.042064 0.000428 0.957183 0.000324
 0.000324 0.042167 0.000428 0.957080
 0.000324 0.351886 0.000428 0.647361
 0.000324 0.010863 0.000428 0.988384
 0.000324 0.730960 0.031736 0.236979
 0.699553 0.000428 0.299695 0.000324
 0.000324 0.967619 0.000428 0.031628
 0.000324 0.543116 0.021298 0.435262

MOTIF 18-AGCAGCAGCAGCAGC STREME-18
letter-probability matrix: alength= 4 w= 15 nsites= 103 E= 3.5e-001
 0.931475 0.011670 0.000460 0.056395
 0.146070 0.022881 0.808282 0.022767
 0.000348 0.909169 0.078925 0.011558
 0.791359 0.134971 0.073321 0.000348
 0.202115 0.022879 0.707401 0.067605
 0.078814 0.853121 0.000460 0.067605
 0.958833 0.011669 0.029149 0.000348
 0.000348 0.022879 0.909169 0.067604
 0.078813 0.875541 0.045297 0.000348
 0.920263 0.022879 0.056509 0.000348
 0.123655 0.090134 0.785862 0.000348
 0.022768 0.965215 0.011669 0.000348
 0.987522 0.011669 0.000460 0.000348
 0.090024 0.067715 0.752237 0.090024
 0.123658 0.853115 0.022879 0.000348

MOTIF 19-CTCGAACTCCTGACC STREME-19
letter-probability matrix: alength= 4 w= 15 nsites= 103 E= 5.1e-001
 0.021802 0.977424 0.000441 0.000334
 0.000334 0.021909 0.000441 0.977317
 0.000334 0.730520 0.000441 0.268705
 0.225786 0.021910 0.751970 0.000334
 0.934380 0.043377 0.021909 0.000334
 0.902170 0.021909 0.011175 0.064747
 0.011068 0.934487 0.000441 0.054005
 0.000334 0.000441 0.054112 0.945114
 0.000334 0.934487 0.021909 0.043271
 0.011068 0.977424 0.000441 0.011068
 0.000334 0.043377 0.011175 0.945114
 0.021802 0.011175 0.966689 0.000334
 0.730405 0.011175 0.258087 0.000334
 0.043272 0.655369 0.236620 0.064739
 0.000334 0.966689 0.000441 0.032536

MOTIF 20-ATTTTTAGTAGA STREME-20
letter-probability matrix: alength= 4 w= 12 nsites= 79 E= 5.1e-001
 0.920351 0.016214 0.000639 0.062795
 0.000484 0.000639 0.031791 0.967085
 0.000484 0.016214 0.000639 0.982662
 0.031634 0.000639 0.016214 0.951512
 0.000484 0.000639 0.000639 0.998237
 0.000484 0.000639 0.000639 0.998237
 0.764523 0.031791 0.047370 0.156316
 0.000484 0.016214 0.982817 0.000484
 0.000484 0.016214 0.000639 0.982662
 0.967085 0.000639 0.031791 0.000484
 0.000484 0.031791 0.951665 0.016059
 0.982662 0.000639 0.016214 0.000484

MOTIF 21-CAAAGG STREME-21
letter-probability matrix: alength= 4 w= 6 nsites= 939 E= 5.6e-001
 0.019591 0.934955 0.025864 0.019591
 0.928682 0.025864 0.025864 0.019591
 0.928682 0.025864 0.025864 0.019591
 0.928682 0.025864 0.025864 0.019591
 0.019591 0.025864 0.934955 0.019591
 0.019591 0.025864 0.934955 0.019591

MOTIF 22-CCAAGGTCAC STREME-22
letter-probability matrix: alength= 4 w= 10 nsites= 421 E= 5.8e-001
 0.065597 0.635783 0.002437 0.296182
 0.156697 0.730141 0.045746 0.067416
 0.993232 0.000126 0.006546 0.000096
 0.876212 0.059093 0.000126 0.064568
 0.021666 0.009369 0.964866 0.004099
 0.150722 0.000126 0.686168 0.162984
 0.090729 0.032019 0.018201 0.859051
 0.004693 0.865106 0.069784 0.060418
 0.955269 0.000126 0.044509 0.000096
 0.090355 0.553936 0.112790 0.242919

MOTIF 23-AGGAGGAA STREME-23
letter-probability matrix: alength= 4 w= 8 nsites= 717 E= 6.3e-001
 0.959095 0.040061 0.000481 0.000364
 0.137982 0.034280 0.757923 0.069815
 0.097689 0.028028 0.853958 0.020325
 0.936274 0.028085 0.000481 0.035160
 0.137543 0.006918 0.791692 0.063848
 0.000364 0.034353 0.953573 0.011710
 0.994318 0.000481 0.000481 0.004721
 0.976404 0.021665 0.000481 0.001451

MOTIF 24-AAAACAAAACAAA STREME-24
letter-probability matrix: alength= 4 w= 13 nsites= 140 E= 9.3e-001
 0.773930 0.093254 0.066443 0.066372
 0.982540 0.000339 0.000339 0.016782
 0.842059 0.016865 0.000339 0.140738
 0.818677 0.152509 0.025128 0.003686
 0.245272 0.510888 0.109348 0.134492
 0.982537 0.016867 0.000339 0.000257
 0.932964 0.058177 0.008602 0.000257
 0.859287 0.024426 0.016864 0.099424
 0.873097 0.045082 0.073302 0.008519
 0.184099 0.770560 0.000339 0.045002
 0.970845 0.016867 0.000339 0.011948
 0.879952 0.036819 0.049922 0.033308
 0.926104 0.028558 0.028556 0.016782

MOTIF 25-CCACGTCCTC STREME-25
letter-probability matrix: alength= 4 w= 10 nsites= 353 E= 9.9e-001
 0.045749 0.810997 0.069192 0.074062
 0.025226 0.793263 0.095389 0.086121
 0.772916 0.036933 0.088054 0.102097
 0.030240 0.938798 0.022375 0.008586
 0.019240 0.021747 0.918609 0.040405
 0.068990 0.021223 0.027264 0.882523
 0.052576 0.745727 0.135739 0.065957
 0.082755 0.782816 0.058597 0.075833
 0.064358 0.081272 0.045795 0.808575
 0.069442 0.809238 0.083668 0.037652

MOTIF 26-AAATGCAGAC STREME-26
letter-probability matrix: alength= 4 w= 10 nsites= 420 E= 1.0e+000
 0.808953 0.013392 0.126281 0.051375
 0.882361 0.002400 0.004242 0.110996
 0.900178 0.098398 0.001327 0.000097
 0.033559 0.096082 0.014325 0.856034
 0.080188 0.063155 0.824872 0.031785
 0.114071 0.607681 0.092475 0.185774
 0.818996 0.132212 0.011276 0.037516
 0.146103 0.014469 0.607772 0.231655
 0.858327 0.014663 0.023601 0.103410
 0.085753 0.742321 0.010797 0.161128

MOTIF 27-AAAAATTAGCYGGG STREME-27
letter-probability matrix: alength= 4 w= 14 nsites= 85 E= 1.0e+000
 0.880354 0.053052 0.053058 0.013536
 0.985387 0.000539 0.000539 0.013536
 0.972259 0.026794 0.000539 0.000408
 0.959132 0.013666 0.000539 0.026663
 0.972259 0.000539 0.013666 0.013536
 0.026663 0.066181 0.013666 0.893489
 0.000408 0.000539 0.000539 0.998514
 0.985387 0.000539 0.013666 0.000408
 0.013536 0.013666 0.972390 0.000408
 0.000408 0.946135 0.026794 0.026663
 0.013536 0.643993 0.000539 0.341932
 0.289293 0.013666 0.644117 0.052923
 0.026663 0.013666 0.946135 0.013536
 0.013536 0.000539 0.972390 0.013536

MOTIF 28-AGTCACYG STREME-28
letter-probability matrix: alength= 4 w= 8 nsites= 943 E= 1.2e+000
 0.916543 0.000408 0.082740 0.000309
 0.000309 0.246275 0.686412 0.067003
 0.000309 0.000408 0.000408 0.998875
 0.239811 0.759472 0.000408 0.000309
 0.878042 0.000408 0.121241 0.000309
 0.020690 0.949889 0.000408 0.029013
 0.103856 0.367794 0.023319 0.505031
 0.113238 0.000408 0.886045 0.000309

MOTIF 29-AGTAAACA STREME-29
letter-probability matrix: alength= 4 w= 8 nsites= 800 E= 1.5e+000
 0.842726 0.020447 0.083241 0.053586
 0.080070 0.002964 0.867974 0.048993
 0.000229 0.194407 0.000303 0.805061
 0.893577 0.096778 0.001058 0.008587
 0.921945 0.033455 0.038977 0.005624
 0.973448 0.016078 0.006477 0.003997
 0.000229 0.891480 0.006117 0.102174
 0.981358 0.004304 0.007682 0.006656

MOTIF 30-CACACACACACACA STREME-30
letter-probability matrix: alength= 4 w= 14 nsites= 172 E= 1.6e+000
 0.047139 0.824991 0.020388 0.107482
 0.989184 0.006980 0.003627 0.000208
 0.096852 0.804652 0.017036 0.081459
 0.882805 0.000275 0.110007 0.006913
 0.060548 0.835051 0.006980 0.097422
 0.748937 0.006980 0.116489 0.127594
 0.000208 0.818287 0.087433 0.094072
 0.864791 0.000275 0.091715 0.043218
 0.103557 0.729681 0.033798 0.132965
 0.862569 0.027093 0.056493 0.053845
 0.006913 0.910338 0.006980 0.075770
 0.845757 0.020389 0.124159 0.009695
 0.040435 0.775277 0.006980 0.177308
 0.820877 0.094136 0.067321 0.017666

MOTIF 31-CTGCAGCC STREME-31
letter-probability matrix: alength= 4 w= 8 nsites= 782 E= 1.6e+001
 0.021247 0.954759 0.014286 0.009708
 0.000469 0.100861 0.009191 0.889478
 0.028874 0.010682 0.949121 0.011323
 0.027137 0.960670 0.000619 0.011574
 0.965579 0.008871 0.025081 0.000469
 0.001554 0.013978 0.968369 0.016100
 0.070902 0.805282 0.022515 0.101301
 0.014920 0.782202 0.072401 0.130476

MOTIF 32-GAAACTGAGKC STREME-32
letter-probability matrix: alength= 4 w= 11 nsites= 106 E= 2.0e+001
 0.021760 0.035029 0.836404 0.106807
 0.922961 0.000445 0.000445 0.076150
 0.810045 0.041505 0.148113 0.000337
 0.960424 0.000445 0.038794 0.000337
 0.000337 0.998882 0.000445 0.000337
 0.018512 0.102422 0.134910 0.744156
 0.032828 0.022106 0.886084 0.058982
 0.994280 0.004939 0.000445 0.000337
 0.108891 0.000445 0.836176 0.054489
 0.032828 0.000445 0.640918 0.325810
 0.000337 0.822478 0.000445 0.176741

MOTIF 33-AGARAGAGAGAGAGA STREME-33
letter-probability matrix: alength= 4 w= 15 nsites= 117 E= 2.9e+001
 0.999018 0.000356 0.000356 0.000270
 0.008951 0.000356 0.964383 0.026310
 0.938257 0.000356 0.000356 0.061031
 0.555857 0.104518 0.295955 0.043670
 0.907361 0.000356 0.039932 0.052351
 0.034990 0.061118 0.894942 0.008950
 0.677817 0.017716 0.147918 0.156548
 0.199914 0.113198 0.686618 0.000270
 0.799339 0.000356 0.130594 0.069711
 0.061031 0.182676 0.738664 0.017630
 0.877496 0.095837 0.026397 0.000270
 0.234636 0.182642 0.521692 0.061031
 0.903536 0.000356 0.061117 0.034990
 0.165192 0.121878 0.660579 0.052352
 0.994162 0.005212 0.000356 0.000270

********************************************************************************
Stopped because 3 consecutive motifs exceeded the p-value threshold (0.05).
********************************************************************************
COMMAND:	streme --verbosity 1 --oc meme_out_incomplete_DL/HepG2_AFF4-human_ENCFF423ZMT/streme_out -dna --seed 0 --p meme_out_incomplete_DL/HepG2_AFF4-human_ENCFF423ZMT/seqs-centered --minw 6 --maxw 15 --time 6190 --order 2 --thresh 0.05 --align center --totallength 4000000 --parse-genomic-coord
********************************************************************************
CPU:		9f05ee173ae9
********************************************************************************
FINALTIME:	478.20 seconds
********************************************************************************
