********************************************************************************
STREME - Sensitive, Thorough, Rapid, Enriched Motif Elicitation
********************************************************************************
MEME version 5.5.3 (Release date: Sat Jun 10 16:19:38 2023 -0700)

For further information on how to interpret these results please access http://localhost:8080/meme_5.5.3.
To get a copy of the MEME Suite software please access https://meme-suite.org.

********************************************************************************


********************************************************************************
REFERENCE
********************************************************************************
If you use this program in your research, please cite:

Timothy L. Bailey,
"STREME: accurate and versatile sequence motif discovery",
Bioinformatics, Mar. 24, 2021.
********************************************************************************


ALPHABET= ACGT

strands: + -

Background letter frequencies
A 0.201 C 0.299 G 0.299 T 0.201 

MOTIF 1-TCAGCACCAYGGACA STREME-1
letter-probability matrix: alength= 4 w= 15 nsites= 231 E= 2.7e-005
 0.005105 0.079595 0.054788 0.860511
 0.010067 0.954846 0.015098 0.019989
 0.994467 0.000214 0.005175 0.000144
 0.024951 0.005175 0.964769 0.005105
 0.034873 0.786161 0.119285 0.059680
 0.979583 0.010136 0.000214 0.010067
 0.000144 0.989575 0.005175 0.005105
 0.005105 0.984614 0.005175 0.005105
 0.660000 0.091577 0.129208 0.119216
 0.099371 0.327661 0.079595 0.493374
 0.000144 0.000214 0.999498 0.000144
 0.010067 0.005175 0.979653 0.005105
 0.949815 0.034943 0.010136 0.005105
 0.000144 0.810968 0.149053 0.039835
 0.984544 0.000214 0.005175 0.010067

MOTIF 2-CCGCCGCYGCCGC STREME-2
letter-probability matrix: alength= 4 w= 13 nsites= 177 E= 1.8e-002
 0.013720 0.861278 0.097760 0.027243
 0.067639 0.877781 0.007053 0.047527
 0.020481 0.020576 0.911415 0.047527
 0.034004 0.895086 0.036905 0.034004
 0.006958 0.935655 0.050429 0.006958
 0.047527 0.016621 0.861278 0.074574
 0.000196 0.914796 0.017195 0.067812
 0.127517 0.333367 0.108476 0.430639
 0.027243 0.067907 0.823515 0.081335
 0.000196 0.955091 0.003946 0.040766
 0.027243 0.871995 0.046473 0.054289
 0.125687 0.034099 0.718309 0.121905
 0.003003 0.949178 0.047622 0.000196

MOTIF 3-CTCCCCKCCCCCNCC STREME-3
letter-probability matrix: alength= 4 w= 15 nsites= 176 E= 5.4e-002
 0.011079 0.890244 0.054837 0.043840
 0.060221 0.011156 0.191341 0.737282
 0.000159 0.868403 0.011156 0.120283
 0.027460 0.928465 0.027536 0.016539
 0.005619 0.961226 0.022076 0.011079
 0.011079 0.955766 0.000235 0.032920
 0.218566 0.005695 0.273244 0.502495
 0.021999 0.808341 0.098518 0.071141
 0.016539 0.917545 0.016616 0.049300
 0.011079 0.906624 0.065757 0.016539
 0.049300 0.699138 0.093058 0.158504
 0.032920 0.688217 0.174961 0.103902
 0.262247 0.311465 0.262324 0.163964
 0.071141 0.666377 0.235023 0.027460
 0.021999 0.759200 0.142200 0.076601

MOTIF 4-ATGGCG STREME-4
letter-probability matrix: alength= 4 w= 6 nsites= 231 E= 9.9e-002
 0.927400 0.027145 0.027145 0.018309
 0.018309 0.027145 0.027145 0.927400
 0.018309 0.027145 0.936236 0.018309
 0.018309 0.027145 0.936236 0.018309
 0.018309 0.936236 0.027145 0.018309
 0.018309 0.027145 0.936236 0.018309

MOTIF 5-AAATRAA STREME-5
letter-probability matrix: alength= 4 w= 7 nsites= 357 E= 1.4e-001
 0.997191 0.001050 0.001050 0.000708
 0.997191 0.001050 0.001050 0.000708
 0.997191 0.001050 0.001050 0.000708
 0.000708 0.081952 0.001050 0.916289
 0.367359 0.049501 0.582432 0.000708
 0.666326 0.284079 0.001050 0.048546
 0.997191 0.001050 0.001050 0.000708

MOTIF 6-CACGTGRYC STREME-6
letter-probability matrix: alength= 4 w= 9 nsites= 98 E= 2.8e-001
 0.000332 0.893744 0.000493 0.105431
 0.909205 0.000493 0.000493 0.089810
 0.000332 0.998843 0.000493 0.000332
 0.000332 0.000493 0.998843 0.000332
 0.000332 0.000493 0.000493 0.998683
 0.000332 0.187287 0.812049 0.000332
 0.545002 0.064400 0.390265 0.000332
 0.000332 0.475059 0.000493 0.524117
 0.060914 0.562333 0.195968 0.180785

MOTIF 7-CGCCACCTCCTCC STREME-7
letter-probability matrix: alength= 4 w= 13 nsites= 441 E= 3.0e-001
 0.000892 0.874039 0.093463 0.031606
 0.000892 0.062749 0.904753 0.031606
 0.000892 0.904753 0.032036 0.062319
 0.031606 0.861292 0.062749 0.044353
 0.873609 0.062749 0.032036 0.031606
 0.000892 0.996892 0.001323 0.000892
 0.000892 0.966179 0.032036 0.000892
 0.062319 0.062749 0.136923 0.738009
 0.031606 0.935466 0.032036 0.000892
 0.062319 0.874039 0.062749 0.000892
 0.031606 0.093463 0.124176 0.750756
 0.062319 0.843326 0.062749 0.031606
 0.031606 0.812613 0.154889 0.000892

MOTIF 8-CCTCAGCCTCC STREME-8
letter-probability matrix: alength= 4 w= 11 nsites= 56 E= 4.4e-001
 0.003373 0.982899 0.006971 0.006757
 0.008667 0.907841 0.076734 0.006757
 0.015658 0.033248 0.015871 0.935223
 0.030874 0.952813 0.015871 0.000442
 0.706216 0.091950 0.155744 0.046089
 0.046089 0.000655 0.861518 0.091737
 0.015658 0.961714 0.015871 0.006757
 0.021973 0.839988 0.076734 0.061305
 0.015658 0.003587 0.003587 0.977169
 0.046089 0.922382 0.015871 0.015658
 0.006757 0.801331 0.168029 0.023883

MOTIF 9-GTAAACAT STREME-9
letter-probability matrix: alength= 4 w= 8 nsites= 149 E= 5.4e-001
 0.080509 0.104080 0.733639 0.081771
 0.000279 0.034031 0.000413 0.965277
 0.892085 0.090795 0.000413 0.016707
 0.784148 0.034386 0.167621 0.013845
 0.716663 0.029952 0.006239 0.247146
 0.000279 0.677354 0.104116 0.218251
 0.881681 0.000413 0.117627 0.000279
 0.030425 0.129021 0.000413 0.840141

MOTIF 10-ACTTAC STREME-10
letter-probability matrix: alength= 4 w= 6 nsites= 178 E= 6.4e-001
 0.927400 0.027145 0.027145 0.018309
 0.018309 0.936236 0.027145 0.018309
 0.018309 0.027145 0.027145 0.927400
 0.018309 0.027145 0.027145 0.927400
 0.927400 0.027145 0.027145 0.018309
 0.018309 0.936236 0.027145 0.018309

MOTIF 11-CACTTCC STREME-11
letter-probability matrix: alength= 4 w= 7 nsites= 142 E= 6.6e-001
 0.018309 0.936236 0.027145 0.018309
 0.927400 0.027145 0.027145 0.018309
 0.018309 0.936236 0.027145 0.018309
 0.018309 0.027145 0.027145 0.927400
 0.018309 0.027145 0.027145 0.927400
 0.018309 0.936236 0.027145 0.018309
 0.018309 0.936236 0.027145 0.018309

MOTIF 12-AGAAGGGRAAR STREME-12
letter-probability matrix: alength= 4 w= 11 nsites= 113 E= 2.3e+000
 0.905985 0.051733 0.007788 0.034494
 0.000494 0.034733 0.964280 0.000494
 0.981041 0.000732 0.000732 0.017494
 0.998041 0.000732 0.000732 0.000494
 0.146759 0.000732 0.852015 0.000494
 0.303607 0.000732 0.678167 0.017494
 0.146759 0.058788 0.776959 0.017494
 0.633984 0.041788 0.323734 0.000494
 0.964041 0.000732 0.000732 0.034494
 0.879041 0.000732 0.102733 0.017494
 0.446983 0.024788 0.527735 0.000494

MOTIF 13-CCACCAGGKGGCRS STREME-13
letter-probability matrix: alength= 4 w= 14 nsites= 73 E= 2.6e+000
 0.014671 0.870250 0.114665 0.000414
 0.014671 0.984301 0.000614 0.000414
 0.827281 0.043383 0.128921 0.000414
 0.000414 0.798969 0.200203 0.000414
 0.157234 0.670662 0.029127 0.142978
 0.898563 0.000614 0.043383 0.057440
 0.014671 0.000614 0.984301 0.000414
 0.085952 0.000614 0.913019 0.000414
 0.014671 0.043383 0.570867 0.371079
 0.000414 0.000614 0.970045 0.028927
 0.057440 0.000614 0.941532 0.000414
 0.014671 0.884507 0.000614 0.100209
 0.413848 0.000614 0.585124 0.000414
 0.100209 0.528098 0.371279 0.000414

MOTIF 14-GGAGCTGTCCA STREME-14
letter-probability matrix: alength= 4 w= 11 nsites= 51 E= 4.4e+000
 0.043425 0.001096 0.954740 0.000739
 0.000739 0.001096 0.997426 0.000739
 0.849244 0.102847 0.001096 0.046814
 0.000739 0.001096 0.997426 0.000739
 0.000739 0.997426 0.001096 0.000739
 0.000739 0.001096 0.001096 0.997069
 0.000739 0.001096 0.997426 0.000739
 0.000739 0.077409 0.001096 0.920756
 0.000739 0.946550 0.051971 0.000739
 0.000739 0.997426 0.001096 0.000739
 0.725443 0.128284 0.145533 0.000739

********************************************************************************
Stopped because 3 consecutive motifs exceeded the p-value threshold (0.05).
********************************************************************************
COMMAND:	streme --verbosity 1 --oc meme_out_incomplete_DL/HepG2_LRRFIP1-human_ENCFF765MRZ/streme_out -dna --seed 0 --p meme_out_incomplete_DL/HepG2_LRRFIP1-human_ENCFF765MRZ/seqs-centered --minw 6 --maxw 15 --time 6193 --order 2 --thresh 0.05 --align center --totallength 4000000 --parse-genomic-coord
********************************************************************************
CPU:		9f05ee173ae9
********************************************************************************
FINALTIME:	59.70 seconds
********************************************************************************
