********************************************************************************
STREME - Sensitive, Thorough, Rapid, Enriched Motif Elicitation
********************************************************************************
MEME version 5.5.3 (Release date: Sat Jun 10 16:19:38 2023 -0700)

For further information on how to interpret these results please access http://localhost:8080/meme_5.5.3.
To get a copy of the MEME Suite software please access https://meme-suite.org.

********************************************************************************


********************************************************************************
REFERENCE
********************************************************************************
If you use this program in your research, please cite:

Timothy L. Bailey,
"STREME: accurate and versatile sequence motif discovery",
Bioinformatics, Mar. 24, 2021.
********************************************************************************


ALPHABET= ACGT

strands: + -

Background letter frequencies
A 0.2 C 0.3 G 0.3 T 0.2 

MOTIF 1-CCGCCGCCGCCGC STREME-1
letter-probability matrix: alength= 4 w= 13 nsites= 2718 E= 9.9e-013
 0.062045 0.718969 0.113729 0.105256
 0.000015 0.754793 0.025116 0.220076
 0.109716 0.000022 0.890248 0.000015
 0.042123 0.844545 0.000022 0.113311
 0.228869 0.555486 0.053800 0.161845
 0.078141 0.040141 0.881703 0.000015
 0.020135 0.908738 0.000022 0.071106
 0.038603 0.828417 0.045948 0.087033
 0.271454 0.000022 0.607766 0.120759
 0.000015 0.811908 0.000022 0.188055
 0.000015 0.780448 0.076522 0.143015
 0.231906 0.032478 0.515440 0.220176
 0.012645 0.768444 0.001827 0.217084

MOTIF 2-CCCAGCCCCRCCC STREME-2
letter-probability matrix: alength= 4 w= 13 nsites= 2630 E= 6.6e-010
 0.000014 0.939210 0.000021 0.060755
 0.034937 0.946394 0.000021 0.018647
 0.034218 0.877301 0.067850 0.020631
 0.651770 0.147331 0.200885 0.000014
 0.180955 0.181814 0.575592 0.061639
 0.005048 0.994918 0.000021 0.000014
 0.060066 0.812271 0.000021 0.127643
 0.000014 0.948699 0.000021 0.051266
 0.063203 0.714477 0.177698 0.044622
 0.345915 0.000021 0.466819 0.187246
 0.195168 0.529369 0.184458 0.091005
 0.061540 0.560087 0.270053 0.108320
 0.107109 0.634726 0.074514 0.183650

MOTIF 3-AAAAAAAAAAAAAGA STREME-3
letter-probability matrix: alength= 4 w= 15 nsites= 450 E= 2.8e-004
 0.966749 0.000125 0.020312 0.012814
 0.955462 0.027274 0.014298 0.002967
 0.890692 0.042073 0.058501 0.008734
 0.843939 0.080879 0.034728 0.040453
 0.870813 0.026078 0.043379 0.059731
 0.828513 0.050658 0.021507 0.099322
 0.856679 0.068026 0.035088 0.040207
 0.859758 0.060337 0.036569 0.043336
 0.836282 0.092001 0.025498 0.046219
 0.855483 0.037613 0.014546 0.092358
 0.937914 0.027275 0.017427 0.017384
 0.969090 0.003009 0.019168 0.008734
 0.871956 0.023993 0.019382 0.084669
 0.137692 0.204636 0.515134 0.142538
 0.898312 0.021869 0.011659 0.068160

MOTIF 4-AGGTRAG STREME-4
letter-probability matrix: alength= 4 w= 7 nsites= 1724 E= 4.3e-004
 0.999381 0.000232 0.000232 0.000154
 0.000154 0.277204 0.722488 0.000154
 0.000154 0.000232 0.999459 0.000154
 0.000154 0.000232 0.000232 0.999381
 0.365085 0.000232 0.613596 0.021087
 0.999381 0.000232 0.000232 0.000154
 0.000154 0.300853 0.611730 0.087263

MOTIF 5-CTGTAATCCCAGCW STREME-5
letter-probability matrix: alength= 4 w= 14 nsites= 154 E= 6.2e-004
 0.000218 0.984106 0.000328 0.015349
 0.022913 0.023024 0.000328 0.953735
 0.030479 0.007893 0.931149 0.030478
 0.000218 0.045720 0.007893 0.946170
 0.938604 0.007893 0.053285 0.000218
 0.802368 0.000328 0.166825 0.030479
 0.007783 0.053286 0.007893 0.931038
 0.015348 0.923584 0.000328 0.060740
 0.015348 0.908454 0.015458 0.060740
 0.015348 0.923581 0.000328 0.060743
 0.961297 0.000328 0.038157 0.000218
 0.083443 0.000328 0.916012 0.000218
 0.015349 0.968975 0.000328 0.015348
 0.560258 0.038159 0.030589 0.370994

MOTIF 6-AASATGGCGGM STREME-6
letter-probability matrix: alength= 4 w= 11 nsites= 262 E= 7.1e-004
 0.999471 0.000199 0.000199 0.000132
 0.934471 0.000199 0.000199 0.065132
 0.000132 0.339728 0.632530 0.027610
 0.999471 0.000199 0.000199 0.000132
 0.000132 0.000199 0.000199 0.999471
 0.000132 0.000199 0.999538 0.000132
 0.059667 0.000199 0.861263 0.078871
 0.023032 0.936891 0.000199 0.039878
 0.000132 0.057967 0.858901 0.083000
 0.147111 0.118899 0.657467 0.076523
 0.329981 0.545173 0.066650 0.058197

MOTIF 7-ACTCACCV STREME-7
letter-probability matrix: alength= 4 w= 8 nsites= 469 E= 9.0e-004
 0.999058 0.000353 0.000353 0.000235
 0.000235 0.995873 0.003657 0.000235
 0.000235 0.000353 0.000406 0.999006
 0.003705 0.954382 0.026234 0.015680
 0.999058 0.000353 0.000353 0.000235
 0.004842 0.956185 0.000353 0.038620
 0.000235 0.958654 0.040877 0.000235
 0.401266 0.321522 0.276978 0.000235

MOTIF 8-CCCCGCCCCC STREME-8
letter-probability matrix: alength= 4 w= 10 nsites= 820 E= 4.5e-003
 0.006133 0.987906 0.000209 0.005751
 0.034744 0.931629 0.033488 0.000139
 0.019280 0.980241 0.000209 0.000270
 0.000139 0.988374 0.011348 0.000139
 0.029412 0.000209 0.781458 0.188921
 0.200392 0.785192 0.000209 0.014207
 0.108602 0.819551 0.045001 0.026846
 0.022687 0.940714 0.013171 0.023428
 0.058809 0.902360 0.027891 0.010941
 0.014997 0.849630 0.052186 0.083187

MOTIF 9-GCGCABGCGCA STREME-9
letter-probability matrix: alength= 4 w= 11 nsites= 212 E= 9.9e-003
 0.269600 0.000306 0.722824 0.007270
 0.000203 0.999287 0.000306 0.000203
 0.000203 0.000306 0.999287 0.000203
 0.000203 0.999287 0.000306 0.000203
 0.999184 0.000306 0.000306 0.000203
 0.047380 0.247659 0.346847 0.358114
 0.000203 0.000306 0.999287 0.000203
 0.021404 0.971019 0.000306 0.007270
 0.007270 0.000306 0.935676 0.056747
 0.000203 0.916747 0.047510 0.035540
 0.740478 0.000306 0.259012 0.000203

MOTIF 10-ATAAATA STREME-10
letter-probability matrix: alength= 4 w= 7 nsites= 3235 E= 1.5e-002
 0.655751 0.000287 0.325607 0.018355
 0.075464 0.188253 0.170694 0.565589
 0.999236 0.000287 0.000287 0.000190
 0.892355 0.085759 0.000287 0.021599
 0.931514 0.068009 0.000287 0.000190
 0.000190 0.230156 0.000287 0.769367
 0.916883 0.000287 0.082640 0.000190

MOTIF 11-TGACGTCAYHAS STREME-11
letter-probability matrix: alength= 4 w= 12 nsites= 364 E= 1.5e-002
 0.000083 0.198522 0.000125 0.801270
 0.060762 0.000125 0.812380 0.126733
 0.922140 0.000125 0.000125 0.077609
 0.026088 0.812382 0.038888 0.122642
 0.162603 0.000125 0.837188 0.000083
 0.037647 0.075962 0.000125 0.886267
 0.053293 0.946498 0.000125 0.000083
 0.896626 0.000125 0.038889 0.064359
 0.063652 0.561845 0.000125 0.374377
 0.276009 0.399935 0.090900 0.233156
 0.530506 0.097878 0.203594 0.168022
 0.161407 0.374638 0.338423 0.125531

MOTIF 12-AGYWRCT STREME-12
letter-probability matrix: alength= 4 w= 7 nsites= 2675 E= 1.9e-002
 0.662419 0.082783 0.039043 0.215755
 0.000307 0.000462 0.998924 0.000307
 0.155079 0.480779 0.011069 0.353074
 0.499538 0.000462 0.000462 0.499538
 0.353074 0.011069 0.480779 0.155079
 0.000307 0.998924 0.000462 0.000307
 0.215755 0.039043 0.082783 0.662419

MOTIF 13-AAGAGGAAGKG STREME-13
letter-probability matrix: alength= 4 w= 11 nsites= 532 E= 2.5e-002
 0.999553 0.000168 0.000168 0.000111
 0.619830 0.118890 0.112248 0.149032
 0.025453 0.055711 0.908352 0.010485
 0.718309 0.146473 0.088148 0.047069
 0.000111 0.013395 0.954548 0.031945
 0.000111 0.000528 0.983755 0.015605
 0.871087 0.000168 0.000168 0.128577
 0.947875 0.000168 0.000168 0.051789
 0.000111 0.006668 0.989236 0.003985
 0.163987 0.158507 0.358545 0.318961
 0.201881 0.068615 0.623636 0.105869

MOTIF 14-CACACACACAC STREME-14
letter-probability matrix: alength= 4 w= 11 nsites= 141 E= 2.7e-002
 0.000446 0.916530 0.082579 0.000446
 0.998212 0.000671 0.000671 0.000446
 0.022051 0.943857 0.033646 0.000446
 0.684786 0.109066 0.205702 0.000446
 0.000446 0.813732 0.169894 0.015928
 0.958435 0.034392 0.006727 0.000446
 0.000446 0.998438 0.000671 0.000446
 0.815556 0.000671 0.150352 0.033420
 0.015928 0.939371 0.028772 0.015928
 0.888505 0.000671 0.000671 0.110153
 0.000446 0.998438 0.000671 0.000446

MOTIF 15-CCTCGGCCTCC STREME-15
letter-probability matrix: alength= 4 w= 11 nsites= 1371 E= 4.7e-002
 0.030797 0.865191 0.055691 0.048321
 0.023666 0.905405 0.042243 0.028686
 0.033509 0.025056 0.052990 0.888445
 0.029017 0.862049 0.062465 0.046469
 0.107288 0.034103 0.819995 0.038613
 0.037123 0.033801 0.828489 0.100587
 0.037516 0.812197 0.066677 0.083610
 0.033512 0.806552 0.058983 0.100953
 0.056452 0.053034 0.062686 0.827828
 0.032116 0.841102 0.077594 0.049188
 0.052866 0.805203 0.076178 0.065753

MOTIF 16-CTGCARCYCC STREME-16
letter-probability matrix: alength= 4 w= 10 nsites= 700 E= 6.1e-002
 0.034294 0.885289 0.051675 0.028742
 0.000079 0.036576 0.000119 0.963226
 0.206014 0.000119 0.779071 0.014796
 0.000079 0.995472 0.000119 0.004329
 0.999683 0.000119 0.000119 0.000079
 0.316655 0.023969 0.532870 0.126506
 0.078723 0.880736 0.000119 0.040422
 0.178404 0.514418 0.011629 0.295548
 0.186646 0.674026 0.067725 0.071602
 0.169839 0.740968 0.041786 0.047407

MOTIF 17-CCCGGGACCCB STREME-17
letter-probability matrix: alength= 4 w= 11 nsites= 1696 E= 7.0e-002
 0.116525 0.836825 0.046599 0.000052
 0.000052 0.754951 0.038232 0.206765
 0.019037 0.879005 0.007136 0.094822
 0.181058 0.000078 0.808414 0.010450
 0.114058 0.089992 0.765747 0.030203
 0.072512 0.047437 0.824930 0.055122
 0.995501 0.000078 0.000078 0.004343
 0.020457 0.805864 0.000078 0.173601
 0.056721 0.843126 0.042319 0.057834
 0.100082 0.777877 0.063667 0.058374
 0.137774 0.223657 0.273859 0.364709

MOTIF 18-YCACTTCCGG STREME-18
letter-probability matrix: alength= 4 w= 10 nsites= 424 E= 7.2e-002
 0.075882 0.445861 0.081298 0.396960
 0.188656 0.721450 0.043760 0.046135
 0.999441 0.000210 0.000210 0.000139
 0.000139 0.999512 0.000210 0.000139
 0.000139 0.000210 0.000210 0.999441
 0.000139 0.000210 0.000210 0.999441
 0.048525 0.951126 0.000210 0.000139
 0.000139 0.999512 0.000210 0.000139
 0.000139 0.051597 0.948125 0.000139
 0.024938 0.000210 0.900701 0.074151

MOTIF 19-CCAGCCTGGGCRAC STREME-19
letter-probability matrix: alength= 4 w= 14 nsites= 104 E= 8.3e-002
 0.020460 0.928388 0.000437 0.050715
 0.000290 0.968728 0.000437 0.030544
 0.988751 0.000437 0.010522 0.000290
 0.030544 0.000437 0.847696 0.121323
 0.000290 0.988898 0.000437 0.010375
 0.010375 0.958644 0.020606 0.010375
 0.000290 0.020607 0.000437 0.978666
 0.010375 0.010522 0.968729 0.010375
 0.111235 0.000437 0.888037 0.000290
 0.070884 0.262671 0.666155 0.000290
 0.000290 0.756909 0.000437 0.242364
 0.544933 0.060948 0.393828 0.000290
 0.998835 0.000437 0.000437 0.000290
 0.000290 0.988898 0.010522 0.000290

MOTIF 20-GCCTCAGTTTCCCCA STREME-20
letter-probability matrix: alength= 4 w= 15 nsites= 107 E= 8.3e-002
 0.099226 0.018384 0.864137 0.018253
 0.072235 0.864137 0.000390 0.063239
 0.000259 0.945110 0.000390 0.054241
 0.000259 0.000390 0.000390 0.998961
 0.018253 0.882131 0.027382 0.072234
 0.944980 0.018384 0.018384 0.018253
 0.000259 0.000390 0.999092 0.000259
 0.000259 0.000390 0.000390 0.998961
 0.018253 0.000390 0.027381 0.953976
 0.000259 0.009387 0.000390 0.989964
 0.054241 0.819151 0.018384 0.108225
 0.009256 0.846145 0.009387 0.135212
 0.009256 0.684197 0.027381 0.279167
 0.036246 0.774169 0.063368 0.126216
 0.486116 0.198324 0.144344 0.171217

MOTIF 21-ATCGCGCCACTGCAC STREME-21
letter-probability matrix: alength= 4 w= 15 nsites= 87 E= 8.3e-002
 0.968019 0.000655 0.030890 0.000435
 0.015552 0.046009 0.000655 0.937783
 0.015552 0.786828 0.046006 0.151614
 0.166731 0.000655 0.801944 0.030670
 0.045789 0.801947 0.030889 0.121375
 0.091143 0.061123 0.756596 0.091138
 0.015552 0.983358 0.000655 0.000435
 0.015552 0.968241 0.000655 0.015552
 0.983137 0.000655 0.000655 0.015552
 0.000435 0.892654 0.000655 0.106256
 0.000435 0.000655 0.000655 0.998254
 0.015552 0.000655 0.983358 0.000435
 0.000435 0.968241 0.000655 0.030669
 0.968020 0.015772 0.000655 0.015552
 0.015552 0.922890 0.015772 0.045786

MOTIF 22-AGRGAGRARGRRARR STREME-22
letter-probability matrix: alength= 4 w= 15 nsites= 692 E= 1.6e-001
 0.889999 0.000040 0.109934 0.000027
 0.062424 0.000972 0.918883 0.017721
 0.398147 0.183073 0.371801 0.046978
 0.295161 0.000040 0.702909 0.001889
 0.923139 0.000040 0.050717 0.026103
 0.004683 0.002834 0.958929 0.033553
 0.510891 0.089034 0.383285 0.016790
 0.657418 0.139191 0.203364 0.000027
 0.567936 0.001903 0.376119 0.054042
 0.185844 0.005628 0.808501 0.000027
 0.425653 0.145709 0.395628 0.033009
 0.425227 0.027048 0.491821 0.055905
 0.631116 0.067709 0.243953 0.057223
 0.363224 0.068025 0.568723 0.000027
 0.478737 0.048855 0.382977 0.089432

MOTIF 23-GAGACGGRGTYTCR STREME-23
letter-probability matrix: alength= 4 w= 14 nsites= 117 E= 2.5e-001
 0.009691 0.000408 0.989630 0.000271
 0.998912 0.000408 0.000408 0.000271
 0.000271 0.000408 0.961370 0.037950
 0.914133 0.009828 0.038089 0.037950
 0.037950 0.867172 0.000408 0.094470
 0.311146 0.000408 0.641075 0.047371
 0.075632 0.000408 0.923689 0.000271
 0.414756 0.000408 0.584564 0.000271
 0.000271 0.000408 0.999049 0.000271
 0.037951 0.009828 0.009828 0.942393
 0.000271 0.509105 0.019248 0.471376
 0.000271 0.000408 0.000408 0.998912
 0.000271 0.801229 0.000408 0.198092
 0.414859 0.038087 0.480844 0.066210

MOTIF 24-ACTACAWTTCCCAG STREME-24
letter-probability matrix: alength= 4 w= 14 nsites= 140 E= 2.7e-001
 0.992829 0.006707 0.000279 0.000185
 0.019469 0.870788 0.058132 0.051610
 0.019469 0.025991 0.000279 0.954261
 0.870694 0.032419 0.045276 0.051610
 0.002853 0.900261 0.013135 0.083752
 0.844979 0.025991 0.070989 0.058040
 0.308747 0.199559 0.045277 0.446417
 0.045184 0.070989 0.122415 0.761412
 0.051611 0.128842 0.038847 0.780699
 0.006613 0.928640 0.013135 0.051611
 0.032326 0.915785 0.000279 0.051611
 0.077324 0.877215 0.013135 0.032326
 0.832117 0.006707 0.122422 0.038755
 0.173752 0.083845 0.600795 0.141607

MOTIF 25-TGAATGAATGAABRA STREME-25
letter-probability matrix: alength= 4 w= 15 nsites= 61 E= 3.3e-001
 0.074407 0.019270 0.019270 0.887054
 0.055939 0.056207 0.813446 0.074407
 0.960929 0.000801 0.000801 0.037469
 0.997867 0.000801 0.000801 0.000532
 0.000532 0.093146 0.037738 0.868584
 0.000532 0.000801 0.868854 0.129814
 0.868585 0.111614 0.019270 0.000532
 0.923990 0.000801 0.037740 0.037469
 0.019000 0.148553 0.019270 0.813177
 0.074407 0.093146 0.831915 0.000532
 0.905523 0.000801 0.093145 0.000532
 0.850116 0.000801 0.148552 0.000532
 0.111346 0.333243 0.203960 0.351452
 0.443787 0.130084 0.425597 0.000532
 0.480731 0.167022 0.185494 0.166753

MOTIF 26-GAAGGAGA STREME-26
letter-probability matrix: alength= 4 w= 8 nsites= 486 E= 4.7e-001
 0.000842 0.001268 0.997048 0.000842
 0.895702 0.001268 0.001268 0.101762
 0.996621 0.001268 0.001268 0.000842
 0.000842 0.001268 0.997048 0.000842
 0.000842 0.001268 0.732210 0.265680
 0.798056 0.199834 0.001268 0.000842
 0.000842 0.001268 0.997048 0.000842
 0.996621 0.001268 0.001268 0.000842

MOTIF 27-CCCATTTTGCAGA STREME-27
letter-probability matrix: alength= 4 w= 13 nsites= 53 E= 6.7e-001
 0.038836 0.883214 0.019972 0.057978
 0.019693 0.825786 0.019972 0.134548
 0.000551 0.959783 0.019972 0.019693
 0.970702 0.019972 0.008774 0.000551
 0.019693 0.077402 0.032954 0.869950
 0.000551 0.077400 0.000830 0.921219
 0.038836 0.077400 0.019972 0.863792
 0.019693 0.039116 0.039115 0.902076
 0.153698 0.058257 0.768351 0.019693
 0.065923 0.894412 0.019972 0.019693
 0.902077 0.039115 0.039115 0.019693
 0.115406 0.000830 0.844929 0.038836
 0.902076 0.019972 0.039115 0.038837

MOTIF 28-CCGCAGCCCCGGG STREME-28
letter-probability matrix: alength= 4 w= 13 nsites= 738 E= 1.3e+000
 0.058602 0.856442 0.046080 0.038876
 0.027218 0.905058 0.060588 0.007137
 0.039923 0.011192 0.928779 0.020106
 0.042862 0.876372 0.047267 0.033499
 0.887485 0.036420 0.068019 0.008076
 0.008470 0.035695 0.933578 0.022257
 0.046227 0.832051 0.077770 0.043951
 0.013489 0.840754 0.082580 0.063177
 0.020651 0.864894 0.036735 0.077719
 0.080559 0.686385 0.125251 0.107806
 0.088456 0.175318 0.667845 0.068380
 0.090631 0.207132 0.638497 0.063740
 0.103886 0.228592 0.613108 0.054414

MOTIF 29-AGGAGGCGGGACAG STREME-29
letter-probability matrix: alength= 4 w= 14 nsites= 74 E= 1.4e+000
 0.948553 0.050256 0.000716 0.000475
 0.000475 0.000716 0.965308 0.033501
 0.016988 0.099792 0.882746 0.000475
 0.760058 0.139670 0.099796 0.000475
 0.033501 0.050253 0.899259 0.016988
 0.066525 0.066766 0.767157 0.099551
 0.050013 0.899258 0.017228 0.033501
 0.016988 0.000716 0.981821 0.000475
 0.033500 0.033740 0.915772 0.016988
 0.000475 0.033742 0.948796 0.016988
 0.882505 0.017228 0.066766 0.033501
 0.066525 0.866234 0.066765 0.000475
 0.727036 0.123161 0.116303 0.033500
 0.016988 0.099791 0.882747 0.000475

MOTIF 30-AGAAAC STREME-30
letter-probability matrix: alength= 4 w= 6 nsites= 996 E= 1.4e+000
 0.927227 0.027318 0.027318 0.018136
 0.018136 0.027318 0.936409 0.018136
 0.927227 0.027318 0.027318 0.018136
 0.927227 0.027318 0.027318 0.018136
 0.927227 0.027318 0.027318 0.018136
 0.018136 0.936409 0.027318 0.018136

MOTIF 31-AGAATCGCTTGAAC STREME-31
letter-probability matrix: alength= 4 w= 14 nsites= 80 E= 1.5e+000
 0.983389 0.015536 0.000646 0.000429
 0.074884 0.000646 0.894261 0.030210
 0.864256 0.015536 0.119779 0.000429
 0.998280 0.000646 0.000646 0.000429
 0.000429 0.015536 0.000646 0.983389
 0.030210 0.730441 0.104891 0.134457
 0.089780 0.015536 0.879365 0.015319
 0.015319 0.879370 0.060210 0.045101
 0.015319 0.000646 0.075110 0.908925
 0.030210 0.075104 0.030427 0.864259
 0.030211 0.015536 0.953824 0.000429
 0.998280 0.000646 0.000646 0.000429
 0.804691 0.000646 0.149563 0.045101
 0.015319 0.879364 0.045319 0.059998

MOTIF 32-YCAGGAGWTCGAGA STREME-32
letter-probability matrix: alength= 4 w= 14 nsites= 96 E= 1.5e+000
 0.011486 0.391277 0.011649 0.585587
 0.000321 0.753236 0.056311 0.190132
 0.871257 0.000484 0.100973 0.027285
 0.134305 0.011649 0.809064 0.044982
 0.178966 0.000484 0.820229 0.000321
 0.998711 0.000484 0.000484 0.000321
 0.022652 0.067476 0.898385 0.011486
 0.346451 0.045145 0.067477 0.540927
 0.011486 0.000484 0.000484 0.987545
 0.067312 0.786735 0.067475 0.078478
 0.223627 0.123306 0.630416 0.022652
 0.976380 0.000484 0.000484 0.022652
 0.011486 0.000484 0.943048 0.044982
 0.987545 0.000484 0.011649 0.000321

MOTIF 33-GGAGCCGA STREME-33
letter-probability matrix: alength= 4 w= 8 nsites= 487 E= 1.6e+000
 0.000742 0.013999 0.837401 0.147858
 0.081740 0.035356 0.747671 0.135232
 0.997022 0.001118 0.001118 0.000742
 0.024422 0.030371 0.908596 0.036611
 0.155520 0.814153 0.001118 0.029209
 0.000742 0.997398 0.001118 0.000742
 0.000742 0.001118 0.997398 0.000742
 0.997022 0.001118 0.001118 0.000742

MOTIF 34-ACGTGCR STREME-34
letter-probability matrix: alength= 4 w= 7 nsites= 694 E= 1.7e+000
 0.996720 0.001231 0.001231 0.000817
 0.000817 0.997134 0.001231 0.000817
 0.000817 0.001231 0.997134 0.000817
 0.000817 0.001231 0.001231 0.996720
 0.000817 0.001231 0.997134 0.000817
 0.000817 0.758704 0.179803 0.060675
 0.485113 0.001231 0.512838 0.000817

MOTIF 35-CATTTC STREME-35
letter-probability matrix: alength= 4 w= 6 nsites= 1074 E= 1.8e+000
 0.018136 0.936409 0.027318 0.018136
 0.927227 0.027318 0.027318 0.018136
 0.018136 0.027318 0.027318 0.927227
 0.018136 0.027318 0.027318 0.927227
 0.018136 0.027318 0.027318 0.927227
 0.018136 0.936409 0.027318 0.018136

MOTIF 36-CCCAGTCCC STREME-36
letter-probability matrix: alength= 4 w= 9 nsites= 617 E= 1.8e+000
 0.000287 0.895018 0.000433 0.104262
 0.000287 0.998993 0.000433 0.000287
 0.190145 0.680502 0.025004 0.104348
 0.998847 0.000433 0.000433 0.000287
 0.159332 0.000433 0.839948 0.000287
 0.122098 0.000433 0.000433 0.877037
 0.111044 0.791741 0.096928 0.000287
 0.047267 0.865157 0.087288 0.000287
 0.000287 0.998993 0.000433 0.000287

MOTIF 37-ACCCCAAAT STREME-37
letter-probability matrix: alength= 4 w= 9 nsites= 274 E= 1.9e+000
 0.811847 0.031544 0.092744 0.063865
 0.009152 0.957086 0.024634 0.009128
 0.003350 0.987464 0.002968 0.006217
 0.002020 0.961402 0.023409 0.013170
 0.017052 0.889904 0.026255 0.066789
 0.941574 0.017294 0.039960 0.001172
 0.927112 0.029227 0.041641 0.002020
 0.799884 0.027689 0.083233 0.089195
 0.095909 0.108036 0.054135 0.741919

MOTIF 38-CCAGGTACCGV STREME-38
letter-probability matrix: alength= 4 w= 11 nsites= 149 E= 2.0e+000
 0.094990 0.777248 0.086452 0.041310
 0.039424 0.920724 0.000424 0.039428
 0.842292 0.000424 0.098287 0.058997
 0.000282 0.004485 0.975380 0.019853
 0.000282 0.000424 0.999012 0.000282
 0.000282 0.000424 0.000424 0.998870
 0.998870 0.000424 0.000424 0.000282
 0.000282 0.999012 0.000424 0.000282
 0.063064 0.723399 0.128332 0.085205
 0.049213 0.128337 0.657065 0.165384
 0.186213 0.365312 0.332028 0.116447

MOTIF 39-AGCCAATSAGAG STREME-39
letter-probability matrix: alength= 4 w= 12 nsites= 140 E= 2.0e+000
 0.824264 0.000377 0.143125 0.032235
 0.303097 0.009073 0.670188 0.017642
 0.008946 0.952034 0.000377 0.038643
 0.000250 0.990427 0.009073 0.000250
 0.998996 0.000377 0.000377 0.000250
 0.971234 0.000377 0.000377 0.028012
 0.000250 0.009073 0.000377 0.990300
 0.000250 0.497074 0.502425 0.000250
 0.658161 0.069952 0.271637 0.000250
 0.113299 0.069943 0.694764 0.121994
 0.567595 0.254249 0.177906 0.000250
 0.290797 0.009073 0.682489 0.017642

MOTIF 40-TTTAAA STREME-40
letter-probability matrix: alength= 4 w= 6 nsites= 679 E= 2.0e+000
 0.018136 0.027318 0.027318 0.927227
 0.018136 0.027318 0.027318 0.927227
 0.018136 0.027318 0.027318 0.927227
 0.927227 0.027318 0.027318 0.018136
 0.927227 0.027318 0.027318 0.018136
 0.927227 0.027318 0.027318 0.018136

MOTIF 41-GCGTGAGCCACCGCG STREME-41
letter-probability matrix: alength= 4 w= 15 nsites= 89 E= 2.7e+000
 0.000344 0.012485 0.974860 0.012311
 0.036244 0.915028 0.012485 0.036244
 0.167876 0.000519 0.783394 0.048211
 0.000344 0.041383 0.000519 0.957754
 0.000344 0.048383 0.950928 0.000344
 0.926821 0.000519 0.000519 0.072141
 0.072142 0.000519 0.926995 0.000344
 0.012311 0.915026 0.072319 0.000344
 0.000344 0.986826 0.000519 0.012311
 0.938785 0.000519 0.060352 0.000344
 0.000344 0.950926 0.024452 0.024277
 0.024277 0.735533 0.012485 0.227706
 0.143939 0.000519 0.855198 0.000344
 0.012311 0.855197 0.012485 0.120007
 0.108040 0.036417 0.831266 0.024277

MOTIF 42-CTTCCCCAAC STREME-42
letter-probability matrix: alength= 4 w= 10 nsites= 1518 E= 5.1e+000
 0.034669 0.842110 0.053972 0.069249
 0.084269 0.008816 0.053410 0.853504
 0.081321 0.066300 0.074741 0.777638
 0.043000 0.853785 0.055784 0.047431
 0.059156 0.829365 0.036172 0.075307
 0.023714 0.837641 0.051558 0.087087
 0.073070 0.845899 0.032737 0.048294
 0.880807 0.027626 0.046086 0.045482
 0.688481 0.080010 0.052350 0.179159
 0.113169 0.674346 0.156868 0.055617

MOTIF 43-AAAACAAAAC STREME-43
letter-probability matrix: alength= 4 w= 10 nsites= 122 E= 7.1e+000
 0.998163 0.000689 0.000689 0.000458
 0.795662 0.065030 0.000689 0.138619
 0.794052 0.000689 0.146304 0.058955
 0.769969 0.102670 0.126903 0.000458
 0.000458 0.998395 0.000689 0.000458
 0.906604 0.065561 0.027378 0.000458
 0.998163 0.000689 0.000689 0.000458
 0.789131 0.209722 0.000689 0.000458
 0.998163 0.000689 0.000689 0.000458
 0.000458 0.998395 0.000689 0.000458

********************************************************************************
Stopped because 3 consecutive motifs exceeded the p-value threshold (0.05).
********************************************************************************
COMMAND:	streme --verbosity 1 --oc meme_out_incomplete_DL/HepG2_KDM5A-human_ENCFF620WRP/streme_out -dna --seed 0 --p meme_out_incomplete_DL/HepG2_KDM5A-human_ENCFF620WRP/seqs-centered --minw 6 --maxw 15 --time 6186 --order 2 --thresh 0.05 --align center --totallength 4000000 --parse-genomic-coord
********************************************************************************
CPU:		9f05ee173ae9
********************************************************************************
FINALTIME:	1380.03 seconds
********************************************************************************
