********************************************************************************
STREME - Sensitive, Thorough, Rapid, Enriched Motif Elicitation
********************************************************************************
MEME version 5.5.3 (Release date: Sat Jun 10 16:19:38 2023 -0700)

For further information on how to interpret these results please access http://localhost:8080/meme_5.5.3.
To get a copy of the MEME Suite software please access https://meme-suite.org.

********************************************************************************


********************************************************************************
REFERENCE
********************************************************************************
If you use this program in your research, please cite:

Timothy L. Bailey,
"STREME: accurate and versatile sequence motif discovery",
Bioinformatics, Mar. 24, 2021.
********************************************************************************


ALPHABET= ACGT

strands: + -

Background letter frequencies
A 0.302 C 0.198 G 0.198 T 0.302 

MOTIF 1-TDASTCAGCAWWWTT STREME-1
letter-probability matrix: alength= 4 w= 15 nsites= 14208 E= 4.1e-245
 0.209868 0.207160 0.073219 0.509752
 0.270959 0.125021 0.384823 0.219196
 0.611060 0.071874 0.101841 0.215224
 0.124663 0.277699 0.555061 0.042577
 0.000004 0.000002 0.000002 0.999992
 0.040196 0.959798 0.000002 0.000004
 0.997805 0.000002 0.002189 0.000004
 0.000004 0.000002 0.868911 0.131083
 0.000004 0.999991 0.000002 0.000004
 0.921393 0.000002 0.036159 0.042445
 0.392360 0.139795 0.138674 0.329172
 0.399258 0.033621 0.038771 0.528350
 0.327940 0.053784 0.011456 0.606819
 0.263760 0.156003 0.041693 0.538544
 0.194294 0.217632 0.127924 0.460150

MOTIF 2-GTGGCTCAYGCCTGT STREME-2
letter-probability matrix: alength= 4 w= 15 nsites= 347 E= 3.4e-010
 0.043216 0.006721 0.934419 0.015644
 0.000144 0.023287 0.013348 0.963221
 0.026650 0.000095 0.966485 0.006771
 0.039903 0.010034 0.949919 0.000144
 0.000144 0.956545 0.006721 0.036589
 0.039903 0.013348 0.026600 0.920149
 0.000144 0.933353 0.016661 0.049842
 0.963221 0.010034 0.019974 0.006771
 0.026650 0.545707 0.016661 0.410982
 0.238695 0.010034 0.734560 0.016710
 0.013397 0.943292 0.000095 0.043216
 0.006771 0.959858 0.000095 0.033276
 0.010084 0.023287 0.000095 0.966534
 0.119420 0.000095 0.873715 0.006771
 0.006771 0.016661 0.013348 0.963221

MOTIF 3-CTGACNTKGCA STREME-3
letter-probability matrix: alength= 4 w= 11 nsites= 1205 E= 5.2e-009
 0.142771 0.857111 0.000047 0.000071
 0.000071 0.072034 0.021385 0.906510
 0.001713 0.000047 0.815175 0.183066
 0.994910 0.004971 0.000047 0.000071
 0.020531 0.614210 0.222995 0.142265
 0.261862 0.247685 0.258394 0.232058
 0.094242 0.044939 0.043300 0.817520
 0.000071 0.041763 0.321116 0.637050
 0.000071 0.000047 0.998923 0.000959
 0.000071 0.994205 0.000047 0.005677
 0.918073 0.003330 0.000047 0.078550

MOTIF 4-ATCCCAGCACTTTGG STREME-4
letter-probability matrix: alength= 4 w= 15 nsites= 230 E= 2.5e-007
 0.984584 0.000142 0.015057 0.000216
 0.005188 0.020029 0.000142 0.974641
 0.005188 0.959653 0.015057 0.020103
 0.010159 0.969596 0.000142 0.020103
 0.005188 0.909937 0.005114 0.079761
 0.994528 0.000142 0.000142 0.005188
 0.104619 0.020029 0.875136 0.000216
 0.035017 0.954681 0.000142 0.010159
 0.979613 0.010085 0.005114 0.005188
 0.020103 0.934795 0.015057 0.030046
 0.000216 0.034943 0.010085 0.954755
 0.000216 0.029972 0.000142 0.969670
 0.000216 0.005114 0.015057 0.979613
 0.030046 0.020029 0.944738 0.005188
 0.079761 0.010085 0.895022 0.015131

MOTIF 5-GCTGARTWGRCAAA STREME-5
letter-probability matrix: alength= 4 w= 14 nsites= 665 E= 1.3e-006
 0.001810 0.024327 0.973787 0.000075
 0.113514 0.872488 0.006986 0.007012
 0.063944 0.031264 0.000050 0.904743
 0.107592 0.000050 0.816996 0.075363
 0.930460 0.041669 0.000050 0.027822
 0.461819 0.190510 0.242828 0.104843
 0.084753 0.126641 0.105832 0.682774
 0.516258 0.013923 0.117290 0.352529
 0.196032 0.000050 0.750765 0.053153
 0.527087 0.000050 0.472787 0.000075
 0.000075 0.989395 0.000050 0.010480
 0.968611 0.000050 0.022593 0.008746
 0.630750 0.029530 0.115222 0.224498
 0.715388 0.003518 0.005972 0.275122

MOTIF 6-ACCAATCAGCACTCT STREME-6
letter-probability matrix: alength= 4 w= 15 nsites= 235 E= 1.6e-005
 0.994836 0.000134 0.004826 0.000204
 0.004896 0.980691 0.014209 0.000204
 0.000204 0.985382 0.000134 0.014279
 0.990144 0.000134 0.009518 0.000204
 0.994836 0.004826 0.000134 0.000204
 0.000204 0.004826 0.000134 0.994836
 0.000204 0.999457 0.000134 0.000204
 0.980761 0.000134 0.018901 0.000204
 0.004896 0.000134 0.994766 0.000204
 0.004896 0.961924 0.000134 0.033046
 0.849394 0.000134 0.112734 0.037737
 0.000204 0.971307 0.000134 0.028354
 0.000204 0.032976 0.000134 0.966686
 0.000204 0.999457 0.000134 0.000204
 0.004896 0.018901 0.004826 0.971377

MOTIF 7-CCAGCCTGGGCAACA STREME-7
letter-probability matrix: alength= 4 w= 15 nsites= 330 E= 2.9e-005
 0.007855 0.899611 0.027018 0.065516
 0.019387 0.922675 0.007798 0.050140
 0.968861 0.007798 0.007798 0.015543
 0.027075 0.011642 0.945739 0.015543
 0.015543 0.957271 0.003954 0.023231
 0.007855 0.949583 0.003954 0.038607
 0.007855 0.023174 0.000110 0.968861
 0.030919 0.000110 0.953427 0.015543
 0.053984 0.000110 0.926519 0.019387
 0.053984 0.115431 0.818886 0.011699
 0.034763 0.799666 0.015486 0.150084
 0.661339 0.015486 0.315320 0.007855
 0.976549 0.003954 0.011642 0.007855
 0.015543 0.938051 0.011642 0.034763
 0.968861 0.003954 0.027018 0.000167

MOTIF 8-TCAGCAAAAA STREME-8
letter-probability matrix: alength= 4 w= 10 nsites= 931 E= 3.7e-005
 0.000156 0.000102 0.000102 0.999640
 0.086768 0.897140 0.000102 0.015990
 0.971459 0.002276 0.026110 0.000156
 0.004183 0.000102 0.776740 0.218974
 0.000156 0.999586 0.000102 0.000156
 0.930185 0.000102 0.043019 0.026693
 0.930950 0.000102 0.000102 0.068845
 0.901831 0.000273 0.050013 0.047882
 0.918251 0.027209 0.026528 0.028012
 0.806675 0.067488 0.000102 0.125734

MOTIF 9-AGACRGRGTCTYRCT STREME-9
letter-probability matrix: alength= 4 w= 15 nsites= 307 E= 5.3e-005
 0.985487 0.003640 0.000101 0.010771
 0.024928 0.021336 0.950044 0.003693
 0.971331 0.000101 0.021336 0.007232
 0.007232 0.691691 0.007179 0.293898
 0.525407 0.014258 0.460182 0.000154
 0.067397 0.000101 0.932348 0.000154
 0.640727 0.003640 0.330705 0.024928
 0.067397 0.007179 0.925270 0.000154
 0.000154 0.014258 0.007179 0.978409
 0.003693 0.773090 0.010719 0.212499
 0.000154 0.000101 0.007179 0.992565
 0.000154 0.644214 0.010719 0.344914
 0.436930 0.042570 0.499112 0.021388
 0.014310 0.960661 0.003640 0.021388
 0.010771 0.106274 0.003640 0.879315

MOTIF 10-AAAAAAAAAAAAAAA STREME-10
letter-probability matrix: alength= 4 w= 15 nsites= 665 E= 5.6e-005
 0.992502 0.000053 0.000053 0.007391
 0.994357 0.003183 0.002379 0.000081
 0.980771 0.004172 0.014976 0.000081
 0.745761 0.194796 0.000053 0.059389
 0.769913 0.101655 0.114978 0.013453
 0.888347 0.101573 0.010000 0.000081
 0.973176 0.019438 0.006033 0.001353
 0.829825 0.161825 0.000053 0.008297
 0.975010 0.024856 0.000053 0.000081
 0.880378 0.044412 0.000053 0.075157
 0.799330 0.200157 0.000053 0.000459
 0.838341 0.131619 0.019084 0.010956
 0.881198 0.015899 0.102822 0.000081
 0.965348 0.000053 0.034517 0.000081
 0.945639 0.007221 0.036905 0.010234

MOTIF 11-WWRTGMTGATG STREME-11
letter-probability matrix: alength= 4 w= 11 nsites= 527 E= 7.4e-005
 0.641563 0.000111 0.000111 0.358214
 0.466457 0.000111 0.211067 0.322365
 0.430882 0.177254 0.232506 0.159358
 0.000169 0.099567 0.000111 0.900153
 0.000169 0.000111 0.999551 0.000169
 0.407081 0.592638 0.000111 0.000169
 0.000169 0.122484 0.000111 0.877236
 0.000169 0.000111 0.999551 0.000169
 0.999609 0.000111 0.000111 0.000169
 0.000169 0.017258 0.000111 0.982461
 0.000169 0.000111 0.999551 0.000169

MOTIF 12-ACACACACACACACA STREME-12
letter-probability matrix: alength= 4 w= 15 nsites= 343 E= 2.1e-004
 0.939186 0.003986 0.056669 0.000160
 0.049144 0.770647 0.002776 0.177433
 0.959208 0.000105 0.040527 0.000160
 0.003835 0.679877 0.000105 0.316183
 0.992280 0.000105 0.007455 0.000160
 0.031224 0.871444 0.000105 0.097227
 0.916553 0.022861 0.040527 0.020058
 0.039442 0.722652 0.017577 0.220329
 0.874690 0.047876 0.073599 0.003835
 0.000160 0.757478 0.002830 0.239532
 0.988606 0.003780 0.007455 0.000160
 0.069979 0.683072 0.000105 0.246843
 0.784210 0.017023 0.139744 0.059024
 0.048550 0.734663 0.011129 0.205658
 0.914312 0.000105 0.057181 0.028402

MOTIF 13-TGACTCAGCAR STREME-13
letter-probability matrix: alength= 4 w= 11 nsites= 1154 E= 2.2e-004
 0.008811 0.026579 0.002391 0.962219
 0.030682 0.003091 0.914763 0.051464
 0.975154 0.005819 0.018328 0.000699
 0.008508 0.958039 0.015118 0.018334
 0.161731 0.034954 0.017320 0.785995
 0.054385 0.863832 0.001824 0.079958
 0.918105 0.011342 0.042563 0.027990
 0.060109 0.027066 0.838506 0.074319
 0.002996 0.957046 0.015910 0.024048
 0.751288 0.075234 0.076350 0.097128
 0.431799 0.209781 0.217988 0.140431

MOTIF 14-AGCTAAAGGWTTGTA STREME-14
letter-probability matrix: alength= 4 w= 15 nsites= 199 E= 2.6e-004
 0.986192 0.000188 0.000188 0.013431
 0.006859 0.000188 0.986094 0.006859
 0.000286 0.986094 0.000188 0.013431
 0.006859 0.000188 0.000188 0.992765
 0.887602 0.105351 0.006761 0.000286
 0.854738 0.000188 0.138215 0.006859
 0.973047 0.006761 0.006761 0.013431
 0.013431 0.000188 0.986094 0.000286
 0.013431 0.006761 0.979522 0.000286
 0.388076 0.000188 0.000188 0.611548
 0.006859 0.000188 0.000188 0.992765
 0.000286 0.000188 0.006761 0.992765
 0.033150 0.000188 0.966376 0.000286
 0.000286 0.013334 0.000188 0.986192
 0.986192 0.006761 0.000188 0.006859

MOTIF 15-GCTKACAMAGCAWTT STREME-15
letter-probability matrix: alength= 4 w= 15 nsites= 382 E= 3.1e-004
 0.000132 0.000087 0.999650 0.000132
 0.122304 0.786790 0.000087 0.090820
 0.179739 0.042408 0.000087 0.777767
 0.193599 0.000087 0.405901 0.400414
 0.930168 0.000087 0.018224 0.051521
 0.104166 0.605928 0.000087 0.289819
 0.626620 0.172394 0.043662 0.157324
 0.479010 0.255268 0.064823 0.200900
 0.688333 0.000087 0.015201 0.296379
 0.003154 0.018224 0.978490 0.000132
 0.000132 0.972444 0.027293 0.000132
 0.978535 0.000087 0.000087 0.021292
 0.217269 0.196577 0.187508 0.398645
 0.280751 0.000087 0.000087 0.719076
 0.211737 0.009155 0.000087 0.779021

MOTIF 16-SVTGASTCABS STREME-16
letter-probability matrix: alength= 4 w= 11 nsites= 202 E= 1.3e-003
 0.000390 0.356888 0.642332 0.000390
 0.337663 0.380491 0.263520 0.018326
 0.000390 0.024537 0.000257 0.974816
 0.000390 0.000257 0.883145 0.116209
 0.976677 0.022676 0.000257 0.000390
 0.000390 0.499610 0.499610 0.000390
 0.000390 0.000257 0.022676 0.976677
 0.116209 0.883145 0.000257 0.000390
 0.974816 0.000257 0.024537 0.000390
 0.018326 0.263520 0.380491 0.337663
 0.000390 0.642332 0.356888 0.000390

MOTIF 17-CCCCACCCCC STREME-17
letter-probability matrix: alength= 4 w= 10 nsites= 1790 E= 2.3e-003
 0.057023 0.840879 0.023458 0.078640
 0.043354 0.845454 0.042468 0.068724
 0.024793 0.902585 0.017265 0.055357
 0.036599 0.892375 0.020420 0.050606
 0.779173 0.007973 0.092474 0.120380
 0.070194 0.814140 0.022745 0.092921
 0.060754 0.827397 0.055536 0.056313
 0.055619 0.791003 0.066385 0.086993
 0.132820 0.770324 0.024166 0.072691
 0.082574 0.803124 0.041123 0.073180

MOTIF 18-AGGCYGAGGCRG STREME-18
letter-probability matrix: alength= 4 w= 12 nsites= 183 E= 2.6e-003
 0.966789 0.006697 0.026231 0.000283
 0.000283 0.000186 0.992736 0.006794
 0.000283 0.013208 0.986225 0.000283
 0.000283 0.973203 0.000186 0.026328
 0.000283 0.524916 0.000186 0.474614
 0.274432 0.000186 0.718587 0.006794
 0.999344 0.000186 0.000186 0.000283
 0.032839 0.013208 0.953670 0.000283
 0.000283 0.000186 0.999247 0.000283
 0.000283 0.701285 0.000186 0.298246
 0.506050 0.013208 0.473947 0.006794
 0.050276 0.019720 0.929722 0.000283

MOTIF 19-CTCCTGGSCTCAA STREME-19
letter-probability matrix: alength= 4 w= 13 nsites= 133 E= 2.6e-003
 0.000410 0.914120 0.009691 0.075779
 0.000410 0.000270 0.000270 0.999051
 0.000410 0.942384 0.000270 0.056937
 0.000410 0.932962 0.000270 0.066358
 0.000410 0.019112 0.000270 0.980208
 0.038095 0.000270 0.961226 0.000410
 0.179412 0.000270 0.819909 0.000410
 0.009831 0.348852 0.631486 0.009831
 0.009831 0.819909 0.009691 0.160569
 0.000410 0.028533 0.000270 0.970787
 0.000410 0.998910 0.000270 0.000410
 0.980208 0.009691 0.009691 0.000410
 0.989630 0.009691 0.000270 0.000410

MOTIF 20-CTCAAAACTGTCAAG STREME-20
letter-probability matrix: alength= 4 w= 15 nsites= 135 E= 4.1e-003
 0.033104 0.818938 0.000234 0.147723
 0.016730 0.082105 0.000234 0.900931
 0.057666 0.778003 0.032983 0.131349
 0.917305 0.041170 0.032983 0.008543
 0.990988 0.000234 0.008421 0.000356
 0.958240 0.008421 0.000234 0.033104
 0.974614 0.000234 0.008421 0.016730
 0.000356 0.835312 0.008421 0.155910
 0.024917 0.024795 0.000234 0.950053
 0.000356 0.000234 0.999053 0.000356
 0.000356 0.123040 0.008421 0.868182
 0.024917 0.925370 0.000234 0.049478
 0.982801 0.008421 0.008421 0.000356
 0.933679 0.000234 0.000234 0.065853
 0.008543 0.024795 0.941744 0.024917

MOTIF 21-AAAWTGCTWAS STREME-21
letter-probability matrix: alength= 4 w= 11 nsites= 495 E= 6.0e-003
 0.834442 0.000127 0.000127 0.165304
 0.999553 0.000127 0.000127 0.000193
 0.706953 0.000127 0.000127 0.292794
 0.434012 0.160236 0.100117 0.305635
 0.000193 0.033845 0.000127 0.965835
 0.000193 0.000127 0.999487 0.000193
 0.000193 0.999487 0.000127 0.000193
 0.000193 0.137403 0.024127 0.838277
 0.383076 0.000127 0.000127 0.616670
 0.999553 0.000127 0.000127 0.000193
 0.000193 0.477429 0.418374 0.104004

MOTIF 22-CCTAGG STREME-22
letter-probability matrix: alength= 4 w= 6 nsites= 4202 E= 6.9e-003
 0.031206 0.793574 0.000403 0.174817
 0.000612 0.998373 0.000403 0.000612
 0.214059 0.000403 0.076694 0.708845
 0.708845 0.076694 0.000403 0.214059
 0.000612 0.000403 0.998373 0.000612
 0.174817 0.000403 0.793574 0.031206

MOTIF 23-TGCTGASSTCAGCA STREME-23
letter-probability matrix: alength= 4 w= 14 nsites= 202 E= 9.4e-003
 0.164056 0.062663 0.048796 0.724485
 0.000247 0.163275 0.836230 0.000247
 0.230577 0.717877 0.025731 0.025816
 0.009949 0.110959 0.000163 0.878929
 0.005929 0.000163 0.923120 0.070788
 0.919881 0.003004 0.000163 0.076953
 0.028657 0.373022 0.546241 0.052080
 0.052080 0.546241 0.373022 0.028657
 0.076953 0.000163 0.003004 0.919881
 0.070788 0.923120 0.000163 0.005929
 0.878929 0.000163 0.110959 0.009949
 0.025816 0.025731 0.717877 0.230577
 0.000247 0.836230 0.163275 0.000247
 0.724485 0.048796 0.062663 0.164056

MOTIF 24-AATGSACCAATCAG STREME-24
letter-probability matrix: alength= 4 w= 14 nsites= 159 E= 1.7e-002
 0.999305 0.000197 0.000197 0.000300
 0.992408 0.000197 0.007095 0.000300
 0.000300 0.241605 0.000197 0.757898
 0.048582 0.007095 0.944024 0.000300
 0.020992 0.371544 0.586472 0.020992
 0.951024 0.007095 0.041582 0.000300
 0.007197 0.992305 0.000197 0.000300
 0.000300 0.971613 0.000197 0.027890
 0.978613 0.000197 0.007095 0.014095
 0.896955 0.000197 0.102547 0.000300
 0.000300 0.000197 0.007095 0.992408
 0.014095 0.950921 0.000197 0.034787
 0.985510 0.007095 0.007095 0.000300
 0.000300 0.000197 0.999202 0.000300

MOTIF 25-AGTGCAGTGGCRC STREME-25
letter-probability matrix: alength= 4 w= 13 nsites= 150 E= 1.8e-002
 0.934540 0.000231 0.064877 0.000352
 0.000352 0.000231 0.999065 0.000352
 0.000352 0.008312 0.024473 0.966863
 0.048836 0.000231 0.950581 0.000352
 0.024594 0.934420 0.000231 0.040755
 0.966863 0.016393 0.016393 0.000352
 0.187764 0.000231 0.803573 0.008432
 0.000352 0.008312 0.000231 0.991105
 0.008432 0.000231 0.982904 0.008432
 0.040755 0.000231 0.958662 0.000352
 0.003705 0.720969 0.016393 0.258933
 0.333216 0.016393 0.577314 0.073078
 0.008432 0.659677 0.008312 0.323579

MOTIF 26-ATTCATTCATTCA STREME-26
letter-probability matrix: alength= 4 w= 13 nsites= 97 E= 3.3e-002
 0.942619 0.000387 0.013912 0.043082
 0.000588 0.168294 0.013912 0.817206
 0.027637 0.054485 0.095058 0.822819
 0.027637 0.877858 0.068010 0.026495
 0.944540 0.013911 0.040961 0.000588
 0.000588 0.000387 0.040961 0.958064
 0.000588 0.015517 0.000387 0.983507
 0.000588 0.873401 0.000387 0.125623
 0.863392 0.013912 0.122107 0.000588
 0.000588 0.068010 0.000387 0.931015
 0.000588 0.013912 0.065457 0.920043
 0.000588 0.946891 0.000387 0.052134
 0.944539 0.000387 0.054485 0.000588

MOTIF 27-CTAGGTATATAYCC STREME-27
letter-probability matrix: alength= 4 w= 14 nsites= 115 E= 3.3e-002
 0.000435 0.869032 0.000286 0.130247
 0.020406 0.070185 0.020257 0.889152
 0.779311 0.010271 0.130099 0.080319
 0.000435 0.000286 0.978874 0.020406
 0.070334 0.000286 0.889004 0.040377
 0.040377 0.020257 0.000286 0.939080
 0.899138 0.000286 0.040228 0.060348
 0.060348 0.010271 0.010271 0.919109
 0.779311 0.050214 0.070185 0.100290
 0.010420 0.080171 0.020257 0.889152
 0.959051 0.000286 0.040228 0.000435
 0.010420 0.629378 0.030243 0.329959
 0.040377 0.849061 0.050214 0.060348
 0.050362 0.948917 0.000286 0.000435

MOTIF 28-AGARAGAGAGARAG STREME-28
letter-probability matrix: alength= 4 w= 14 nsites= 490 E= 4.1e-002
 0.876848 0.033296 0.078746 0.011110
 0.000085 0.000056 0.999774 0.000085
 0.710666 0.069302 0.194528 0.025504
 0.445966 0.003967 0.549983 0.000085
 0.750212 0.002011 0.133807 0.113970
 0.003663 0.133494 0.862758 0.000085
 0.779564 0.005922 0.185100 0.029414
 0.247874 0.032152 0.719889 0.000085
 0.820203 0.000056 0.179656 0.000085
 0.211827 0.072069 0.716019 0.000085
 0.799068 0.023519 0.170651 0.006762
 0.349693 0.011788 0.638435 0.000085
 0.931650 0.000056 0.053711 0.014583
 0.259881 0.098631 0.629836 0.011652

MOTIF 29-CTTCCTTCC STREME-29
letter-probability matrix: alength= 4 w= 9 nsites= 1122 E= 6.6e-002
 0.022731 0.925904 0.014199 0.037166
 0.000228 0.129823 0.000150 0.869799
 0.011307 0.066987 0.000150 0.921556
 0.000228 0.904485 0.000150 0.095137
 0.000228 0.994162 0.005382 0.000228
 0.024941 0.218576 0.008461 0.748023
 0.021982 0.057776 0.073059 0.847183
 0.000228 0.922175 0.000150 0.077448
 0.000228 0.763191 0.061091 0.175490

MOTIF 30-TATTTTTAAA STREME-30
letter-probability matrix: alength= 4 w= 10 nsites= 1253 E= 1.3e-001
 0.055540 0.028046 0.068629 0.847785
 0.917880 0.025759 0.027600 0.028762
 0.041141 0.003589 0.009141 0.946129
 0.018953 0.010166 0.008764 0.962117
 0.052087 0.023543 0.052822 0.871548
 0.009595 0.056948 0.007001 0.926456
 0.070895 0.003262 0.031983 0.893860
 0.923565 0.019120 0.004474 0.052840
 0.943859 0.002976 0.015208 0.037958
 0.834462 0.080239 0.072270 0.013030

MOTIF 31-AACAACAACAAMAA STREME-31
letter-probability matrix: alength= 4 w= 14 nsites= 66 E= 1.3e-001
 0.981203 0.000489 0.000489 0.017820
 0.991192 0.000489 0.000489 0.007830
 0.000743 0.998025 0.000489 0.000743
 0.998279 0.000489 0.000489 0.000743
 0.912896 0.000489 0.000489 0.086127
 0.000743 0.998025 0.000489 0.000743
 0.981203 0.000489 0.017566 0.000743
 0.998279 0.000489 0.000489 0.000743
 0.000743 0.998025 0.000489 0.000743
 0.964126 0.017566 0.017566 0.000743
 0.912896 0.017566 0.068796 0.000743
 0.520132 0.461560 0.000489 0.017820
 0.878742 0.051719 0.068796 0.000743
 0.861666 0.120026 0.017566 0.000743

MOTIF 32-TAATCATGAGAAAA STREME-32
letter-probability matrix: alength= 4 w= 14 nsites= 64 E= 1.3e-001
 0.001062 0.000699 0.025104 0.973135
 0.948730 0.025104 0.025104 0.001062
 0.948730 0.025104 0.025104 0.001062
 0.025467 0.025104 0.000699 0.948730
 0.025468 0.875150 0.073915 0.025467
 0.973135 0.000699 0.000699 0.025468
 0.001062 0.000699 0.025104 0.973135
 0.074279 0.049510 0.875150 0.001062
 0.997541 0.000699 0.000699 0.001062
 0.001062 0.000699 0.997177 0.001062
 0.924324 0.000699 0.073915 0.001062
 0.963006 0.010828 0.025104 0.001062
 0.973135 0.000699 0.025104 0.001062
 0.938601 0.025104 0.010828 0.025468

MOTIF 33-YTGAGAAACTGYCA STREME-33
letter-probability matrix: alength= 4 w= 14 nsites= 149 E= 1.4e-001
 0.069358 0.575420 0.007889 0.347334
 0.000334 0.030897 0.000220 0.968550
 0.192067 0.015558 0.773519 0.018855
 0.968550 0.000220 0.023228 0.008003
 0.064871 0.000220 0.934575 0.000334
 0.784486 0.000220 0.214961 0.000334
 0.999227 0.000220 0.000220 0.000334
 0.983889 0.000220 0.015558 0.000334
 0.038680 0.830388 0.000220 0.130712
 0.008003 0.046236 0.015558 0.930203
 0.084696 0.061574 0.845726 0.008003
 0.000334 0.371531 0.000220 0.627916
 0.000334 0.937758 0.000220 0.061688
 0.950028 0.049419 0.000220 0.000334

MOTIF 34-AAAATGCMAAG STREME-34
letter-probability matrix: alength= 4 w= 11 nsites= 488 E= 1.9e-001
 0.760476 0.000131 0.114864 0.124529
 0.999540 0.000131 0.000131 0.000199
 0.999540 0.000131 0.000131 0.000199
 0.999540 0.000131 0.000131 0.000199
 0.000199 0.114991 0.000131 0.884680
 0.000199 0.000131 0.999472 0.000199
 0.000199 0.914962 0.000131 0.084709
 0.624903 0.374767 0.000131 0.000199
 0.606774 0.042096 0.099290 0.251840
 0.696872 0.160750 0.046540 0.095838
 0.000199 0.321466 0.653266 0.025070

MOTIF 35-AAATATTTRC STREME-35
letter-probability matrix: alength= 4 w= 10 nsites= 858 E= 2.6e-001
 0.911590 0.064739 0.023434 0.000237
 0.865099 0.134509 0.000156 0.000237
 0.877935 0.000156 0.121673 0.000237
 0.000237 0.084074 0.000156 0.915534
 0.970650 0.000156 0.028958 0.000237
 0.000237 0.000156 0.000156 0.999452
 0.000237 0.000156 0.000156 0.999452
 0.165719 0.000156 0.000156 0.833970
 0.564368 0.035327 0.400069 0.000237
 0.000237 0.863828 0.000156 0.135780

MOTIF 36-AAATAAATAAATAA STREME-36
letter-probability matrix: alength= 4 w= 14 nsites= 78 E= 2.7e-001
 0.968744 0.015304 0.015304 0.000647
 0.924109 0.030183 0.000426 0.045282
 0.994044 0.000426 0.004883 0.000647
 0.000647 0.015304 0.000426 0.983623
 0.992326 0.000426 0.006601 0.000647
 0.968744 0.015304 0.000426 0.015526
 0.938988 0.000426 0.015304 0.045282
 0.000647 0.059939 0.000426 0.938988
 0.938988 0.030183 0.030183 0.000647
 0.953866 0.015304 0.000426 0.030404
 0.938988 0.015304 0.045061 0.000647
 0.000647 0.009926 0.000426 0.989001
 0.938988 0.000426 0.030183 0.030404
 0.998501 0.000426 0.000426 0.000647

MOTIF 37-GAGGTAGAA STREME-37
letter-probability matrix: alength= 4 w= 9 nsites= 441 E= 3.1e-001
 0.060436 0.000406 0.894198 0.044960
 0.901313 0.003137 0.055385 0.040165
 0.093654 0.014584 0.876969 0.014793
 0.005529 0.003391 0.986132 0.004948
 0.149038 0.000406 0.000406 0.850150
 0.888064 0.045673 0.023991 0.042272
 0.000617 0.003684 0.987135 0.008564
 0.894993 0.028300 0.061913 0.014794
 0.762643 0.060155 0.060916 0.116287

MOTIF 38-GCCCGGCC STREME-38
letter-probability matrix: alength= 4 w= 8 nsites= 644 E= 4.4e-001
 0.110429 0.000314 0.837326 0.051931
 0.000477 0.998732 0.000314 0.000477
 0.000477 0.997244 0.001802 0.000477
 0.000477 0.734803 0.047569 0.217151
 0.121762 0.018382 0.859379 0.000477
 0.000477 0.031421 0.967625 0.000477
 0.037770 0.947019 0.000314 0.014898
 0.051313 0.946149 0.002061 0.000477

MOTIF 39-GGAAAATAA STREME-39
letter-probability matrix: alength= 4 w= 9 nsites= 3537 E= 4.8e-001
 0.153908 0.001433 0.844407 0.000252
 0.064876 0.033247 0.722528 0.179349
 0.777132 0.055538 0.118268 0.049062
 0.989345 0.000166 0.005954 0.004534
 0.777316 0.029025 0.187671 0.005989
 0.927919 0.019033 0.031990 0.021058
 0.000252 0.158730 0.013605 0.827412
 0.964245 0.000166 0.027070 0.008519
 0.870499 0.091221 0.025279 0.013001

MOTIF 40-GACAGAAAAGTTCTC STREME-40
letter-probability matrix: alength= 4 w= 15 nsites= 77 E= 5.3e-001
 0.027418 0.018036 0.927127 0.027418
 0.936509 0.018036 0.018036 0.027418
 0.027418 0.927127 0.018036 0.027418
 0.936509 0.018036 0.018036 0.027418
 0.027418 0.018036 0.927127 0.027418
 0.936509 0.018036 0.018036 0.027418
 0.936509 0.018036 0.018036 0.027418
 0.936509 0.018036 0.018036 0.027418
 0.936509 0.018036 0.018036 0.027418
 0.027418 0.018036 0.927127 0.027418
 0.027418 0.018036 0.018036 0.936509
 0.027418 0.018036 0.018036 0.936509
 0.027418 0.927127 0.018036 0.027418
 0.027418 0.018036 0.018036 0.936509
 0.027418 0.927127 0.018036 0.027418

MOTIF 41-AGGAAG STREME-41
letter-probability matrix: alength= 4 w= 6 nsites= 2275 E= 6.5e-001
 0.936509 0.018036 0.018036 0.027418
 0.027418 0.018036 0.927127 0.027418
 0.027418 0.018036 0.927127 0.027418
 0.936509 0.018036 0.018036 0.027418
 0.936509 0.018036 0.018036 0.027418
 0.027418 0.018036 0.927127 0.027418

MOTIF 42-ACATTTTC STREME-42
letter-probability matrix: alength= 4 w= 8 nsites= 557 E= 6.8e-001
 0.995593 0.001252 0.001252 0.001903
 0.001903 0.994942 0.001252 0.001903
 0.871172 0.001252 0.125673 0.001903
 0.001903 0.001252 0.001252 0.995593
 0.001903 0.001252 0.001252 0.995593
 0.001903 0.001252 0.001252 0.995593
 0.001903 0.001252 0.001252 0.995593
 0.001903 0.994942 0.001252 0.001903

MOTIF 43-CATTTCTC STREME-43
letter-probability matrix: alength= 4 w= 8 nsites= 428 E= 6.9e-001
 0.027418 0.927127 0.018036 0.027418
 0.936509 0.018036 0.018036 0.027418
 0.027418 0.018036 0.018036 0.936509
 0.027418 0.018036 0.018036 0.936509
 0.027418 0.018036 0.018036 0.936509
 0.027418 0.927127 0.018036 0.027418
 0.027418 0.018036 0.018036 0.936509
 0.027418 0.927127 0.018036 0.027418

MOTIF 44-GCRTTTTTAC STREME-44
letter-probability matrix: alength= 4 w= 10 nsites= 90 E= 7.3e-001
 0.001045 0.000687 0.997223 0.001045
 0.001045 0.997223 0.000687 0.001045
 0.415758 0.000687 0.582510 0.001045
 0.041337 0.000687 0.000687 0.957289
 0.025056 0.000687 0.000687 0.973569
 0.001045 0.010653 0.024699 0.963604
 0.001045 0.000687 0.024699 0.973569
 0.001045 0.000687 0.000687 0.997581
 0.997581 0.000687 0.000687 0.001045
 0.001045 0.997223 0.000687 0.001045

MOTIF 45-ACTGTTTTCCAMAG STREME-45
letter-probability matrix: alength= 4 w= 14 nsites= 82 E= 7.3e-001
 0.833421 0.033409 0.088565 0.044605
 0.030022 0.936089 0.011347 0.022542
 0.049183 0.000316 0.000316 0.950186
 0.000480 0.033409 0.927959 0.038151
 0.055636 0.033409 0.044440 0.866515
 0.022542 0.044440 0.011347 0.921670
 0.011511 0.066503 0.022378 0.899608
 0.033573 0.022378 0.033409 0.910639
 0.011511 0.899444 0.055472 0.033573
 0.033573 0.888413 0.011347 0.066667
 0.888577 0.044440 0.000316 0.066667
 0.327863 0.494843 0.121658 0.055636
 0.987857 0.011347 0.000316 0.000480
 0.110792 0.022378 0.806617 0.060214

MOTIF 46-TACAAAATACCTGAC STREME-46
letter-probability matrix: alength= 4 w= 15 nsites= 80 E= 7.3e-001
 0.042779 0.014458 0.000402 0.942360
 0.872080 0.000402 0.126906 0.000612
 0.000612 0.942151 0.000402 0.056835
 0.956416 0.042570 0.000402 0.000612
 0.970472 0.000402 0.028514 0.000612
 0.886136 0.014458 0.000402 0.099003
 0.956416 0.014458 0.014458 0.014668
 0.000612 0.112850 0.000402 0.886136
 0.956416 0.014458 0.014458 0.014668
 0.000612 0.829703 0.014458 0.155227
 0.070891 0.759423 0.000402 0.169283
 0.028724 0.028514 0.000402 0.942360
 0.099003 0.000402 0.857815 0.042779
 0.942360 0.000402 0.056626 0.000612
 0.028724 0.787535 0.014458 0.169283

MOTIF 47-AATCAGCRCTCTGTA STREME-47
letter-probability matrix: alength= 4 w= 15 nsites= 84 E= 7.6e-001
 0.897481 0.101477 0.000413 0.000628
 0.969670 0.029289 0.000413 0.000628
 0.043941 0.000413 0.000413 0.955232
 0.029504 0.895552 0.031002 0.043941
 0.998545 0.000413 0.000413 0.000628
 0.015066 0.029289 0.955017 0.000628
 0.015066 0.680700 0.000413 0.303821
 0.594289 0.000413 0.361356 0.043941
 0.000628 0.911704 0.029289 0.058379
 0.000628 0.029289 0.014851 0.955232
 0.000628 0.940579 0.058164 0.000628
 0.000628 0.000413 0.000413 0.998545
 0.000628 0.000413 0.998330 0.000628
 0.000628 0.000413 0.014851 0.984108
 0.680915 0.014851 0.303606 0.000628

MOTIF 48-CCTTCCCC STREME-48
letter-probability matrix: alength= 4 w= 8 nsites= 1773 E= 8.3e-001
 0.035406 0.851324 0.001258 0.112011
 0.002143 0.927443 0.022851 0.047563
 0.002823 0.032207 0.008922 0.956048
 0.019094 0.001954 0.000380 0.978572
 0.015412 0.848678 0.064999 0.070912
 0.017109 0.878144 0.030270 0.074476
 0.067280 0.802334 0.004713 0.125672
 0.093922 0.771700 0.056276 0.078102

MOTIF 49-GCCACC STREME-49
letter-probability matrix: alength= 4 w= 6 nsites= 1148 E= 8.8e-001
 0.027418 0.018036 0.927127 0.027418
 0.027418 0.927127 0.018036 0.027418
 0.027418 0.927127 0.018036 0.027418
 0.936509 0.018036 0.018036 0.027418
 0.027418 0.927127 0.018036 0.027418
 0.027418 0.927127 0.018036 0.027418

MOTIF 50-GAAACAACCCAAAT STREME-50
letter-probability matrix: alength= 4 w= 14 nsites= 77 E= 1.1e+000
 0.064682 0.013192 0.895919 0.026208
 0.947409 0.013192 0.013192 0.026208
 0.973058 0.013192 0.013192 0.000558
 0.908935 0.013192 0.026017 0.051857
 0.005881 0.903421 0.013192 0.077506
 0.883285 0.038841 0.000367 0.077506
 0.960234 0.013192 0.013192 0.013383
 0.064682 0.780496 0.000367 0.154455
 0.057179 0.890597 0.000367 0.051857
 0.051857 0.831795 0.000367 0.115981
 0.947409 0.026017 0.013192 0.013383
 0.883285 0.026017 0.077316 0.013383
 0.857636 0.026017 0.077315 0.039032
 0.039032 0.064491 0.026017 0.870460

MOTIF 51-ACTATGTGCCAGG STREME-51
letter-probability matrix: alength= 4 w= 13 nsites= 130 E= 1.2e+000
 0.923784 0.012921 0.036056 0.027239
 0.045139 0.862522 0.009206 0.083133
 0.084654 0.209820 0.000256 0.705270
 0.784096 0.036056 0.130994 0.048854
 0.152742 0.009206 0.057670 0.780381
 0.066754 0.003971 0.928886 0.000389
 0.071989 0.000256 0.000256 0.927498
 0.106268 0.003971 0.889372 0.000389
 0.018289 0.864715 0.036056 0.080939
 0.000389 0.914701 0.000256 0.084654
 0.999098 0.000256 0.000256 0.000389
 0.111504 0.009206 0.869951 0.009339
 0.136832 0.052435 0.779779 0.030954

MOTIF 52-CAGCCAAGAGGAG STREME-52
letter-probability matrix: alength= 4 w= 13 nsites= 125 E= 1.3e+000
 0.039740 0.862070 0.051170 0.047020
 0.940859 0.007489 0.041034 0.010619
 0.047020 0.043890 0.872372 0.036718
 0.051279 0.853553 0.051170 0.043998
 0.068861 0.843251 0.014769 0.073119
 0.901602 0.065731 0.022049 0.010619
 0.892537 0.000208 0.057213 0.050041
 0.068861 0.036610 0.835971 0.058559
 0.890063 0.014769 0.043890 0.051279
 0.127780 0.007489 0.813452 0.051279
 0.094018 0.051170 0.839934 0.014877
 0.884019 0.014769 0.046911 0.054300
 0.064602 0.071774 0.826906 0.036718

MOTIF 53-AGAAAC STREME-53
letter-probability matrix: alength= 4 w= 6 nsites= 3078 E= 1.5e+000
 0.936509 0.018036 0.018036 0.027418
 0.027418 0.018036 0.927127 0.027418
 0.936509 0.018036 0.018036 0.027418
 0.936509 0.018036 0.018036 0.027418
 0.936509 0.018036 0.018036 0.027418
 0.027418 0.927127 0.018036 0.027418

MOTIF 54-CATTTTAC STREME-54
letter-probability matrix: alength= 4 w= 8 nsites= 487 E= 1.7e+000
 0.027418 0.927127 0.018036 0.027418
 0.936509 0.018036 0.018036 0.027418
 0.027418 0.018036 0.018036 0.936509
 0.027418 0.018036 0.018036 0.936509
 0.027418 0.018036 0.018036 0.936509
 0.027418 0.018036 0.018036 0.936509
 0.936509 0.018036 0.018036 0.027418
 0.027418 0.927127 0.018036 0.027418

MOTIF 55-AGATGG STREME-55
letter-probability matrix: alength= 4 w= 6 nsites= 2213 E= 1.7e+000
 0.936509 0.018036 0.018036 0.027418
 0.027418 0.018036 0.927127 0.027418
 0.936509 0.018036 0.018036 0.027418
 0.027418 0.018036 0.018036 0.936509
 0.027418 0.018036 0.927127 0.027418
 0.027418 0.018036 0.927127 0.027418

MOTIF 56-AAGAAAAGAAA STREME-56
letter-probability matrix: alength= 4 w= 11 nsites= 328 E= 1.8e+000
 0.915893 0.000373 0.038465 0.045269
 0.899744 0.013387 0.070512 0.016357
 0.000566 0.000373 0.975329 0.023733
 0.867528 0.028037 0.046903 0.057531
 0.943677 0.003923 0.051209 0.001191
 0.905786 0.002455 0.068812 0.022946
 0.858238 0.013388 0.030126 0.098248
 0.000566 0.000373 0.998495 0.000566
 0.949138 0.019788 0.022741 0.008334
 0.954718 0.019129 0.020746 0.005406
 0.933059 0.004367 0.032332 0.030242

MOTIF 57-AAGGAAATACA STREME-57
letter-probability matrix: alength= 4 w= 11 nsites= 896 E= 1.8e+000
 0.749957 0.000082 0.145100 0.104861
 0.805236 0.041292 0.106681 0.046791
 0.000124 0.107024 0.874017 0.018835
 0.000124 0.001268 0.918651 0.079956
 0.865363 0.001988 0.045863 0.086786
 0.786214 0.080224 0.070081 0.063481
 0.816905 0.048742 0.076384 0.057970
 0.019081 0.057820 0.010272 0.912827
 0.941613 0.038614 0.016286 0.003487
 0.212739 0.603729 0.178579 0.004953
 0.606222 0.039733 0.210379 0.143666

MOTIF 58-GTGAGTCA STREME-58
letter-probability matrix: alength= 4 w= 8 nsites= 194 E= 2.1e+000
 0.027418 0.018036 0.927127 0.027418
 0.027418 0.018036 0.018036 0.936509
 0.027418 0.018036 0.927127 0.027418
 0.936509 0.018036 0.018036 0.027418
 0.027418 0.018036 0.927127 0.027418
 0.027418 0.018036 0.018036 0.936509
 0.027418 0.927127 0.018036 0.027418
 0.936509 0.018036 0.018036 0.027418

MOTIF 59-ATTCCCACCAGC STREME-59
letter-probability matrix: alength= 4 w= 12 nsites= 60 E= 2.1e+000
 0.846512 0.038437 0.076332 0.038719
 0.019772 0.038437 0.038437 0.903354
 0.019772 0.000542 0.000542 0.979144
 0.000824 0.997809 0.000542 0.000824
 0.038719 0.940967 0.000542 0.019772
 0.008688 0.952050 0.000542 0.038719
 0.979144 0.000542 0.000542 0.019772
 0.032619 0.936825 0.000542 0.030013
 0.038719 0.940967 0.000542 0.019772
 0.941249 0.000542 0.038437 0.019772
 0.095561 0.000542 0.884125 0.019772
 0.038719 0.903072 0.000542 0.057666

MOTIF 60-CTACTAAAAATACA STREME-60
letter-probability matrix: alength= 4 w= 14 nsites= 45 E= 2.1e+000
 0.027418 0.927127 0.018036 0.027418
 0.027418 0.018036 0.018036 0.936509
 0.936509 0.018036 0.018036 0.027418
 0.027418 0.927127 0.018036 0.027418
 0.027418 0.018036 0.018036 0.936509
 0.936509 0.018036 0.018036 0.027418
 0.936509 0.018036 0.018036 0.027418
 0.936509 0.018036 0.018036 0.027418
 0.936509 0.018036 0.018036 0.027418
 0.936509 0.018036 0.018036 0.027418
 0.027418 0.018036 0.018036 0.936509
 0.936509 0.018036 0.018036 0.027418
 0.027418 0.927127 0.018036 0.027418
 0.936509 0.018036 0.018036 0.027418

MOTIF 61-ACATGGATGAAYCTY STREME-61
letter-probability matrix: alength= 4 w= 15 nsites= 61 E= 2.1e+000
 0.887324 0.018998 0.055936 0.037742
 0.019273 0.960926 0.000529 0.019273
 0.831916 0.000529 0.055936 0.111619
 0.000804 0.000529 0.000529 0.998139
 0.056211 0.000529 0.942457 0.000804
 0.093150 0.000529 0.887049 0.019273
 0.961201 0.018998 0.018998 0.000804
 0.000804 0.000529 0.074405 0.924262
 0.130088 0.000529 0.850111 0.019273
 0.924262 0.037467 0.000529 0.037742
 0.998139 0.000529 0.000529 0.000804
 0.056211 0.536135 0.074405 0.333249
 0.019273 0.887049 0.074405 0.019273
 0.019273 0.037467 0.000529 0.942731
 0.056211 0.332974 0.037467 0.573348

MOTIF 62-GCTGAGSCAGCA STREME-62
letter-probability matrix: alength= 4 w= 12 nsites= 326 E= 2.2e+000
 0.000173 0.042428 0.957226 0.000173
 0.121948 0.830133 0.000114 0.047806
 0.151262 0.078828 0.053364 0.716546
 0.000173 0.000114 0.999541 0.000173
 0.971516 0.028198 0.000114 0.000173
 0.036837 0.000114 0.815580 0.147469
 0.126731 0.329402 0.499266 0.044601
 0.176232 0.662188 0.004083 0.157497
 0.705417 0.029547 0.000114 0.264922
 0.000173 0.000114 0.999541 0.000173
 0.000173 0.905125 0.094530 0.000173
 0.877222 0.000114 0.122492 0.000173

MOTIF 63-AGTCCCAGCTAC STREME-63
letter-probability matrix: alength= 4 w= 12 nsites= 71 E= 2.4e+000
 0.905604 0.019036 0.074555 0.000805
 0.324228 0.000530 0.674437 0.000805
 0.019312 0.000530 0.000530 0.979629
 0.000805 0.990179 0.000530 0.008486
 0.000805 0.997860 0.000530 0.000805
 0.000805 0.923835 0.000530 0.074830
 0.998135 0.000530 0.000530 0.000805
 0.019312 0.019036 0.960847 0.000805
 0.000805 0.979353 0.000530 0.019312
 0.000805 0.000530 0.000530 0.998135
 0.998135 0.000530 0.000530 0.000805
 0.000805 0.997860 0.000530 0.000805

MOTIF 64-AATAATAATAATAA STREME-64
letter-probability matrix: alength= 4 w= 14 nsites= 183 E= 2.6e+000
 0.818024 0.000171 0.116781 0.065024
 0.772949 0.089871 0.074638 0.062542
 0.013812 0.000171 0.000171 0.985845
 0.935543 0.000171 0.040106 0.024180
 0.835455 0.006151 0.110293 0.048100
 0.018200 0.093505 0.000171 0.888124
 0.895255 0.014613 0.000171 0.089960
 0.883295 0.080393 0.036051 0.000260
 0.167836 0.024091 0.000171 0.807902
 0.937116 0.030071 0.012131 0.020682
 0.709875 0.122253 0.131731 0.036140
 0.000260 0.074413 0.000171 0.925156
 0.963517 0.000171 0.036051 0.000260
 0.773174 0.077911 0.056473 0.092442

MOTIF 65-CCAAAGTCC STREME-65
letter-probability matrix: alength= 4 w= 9 nsites= 82 E= 3.1e+000
 0.027418 0.927127 0.018036 0.027418
 0.027418 0.927127 0.018036 0.027418
 0.936509 0.018036 0.018036 0.027418
 0.936509 0.018036 0.018036 0.027418
 0.936509 0.018036 0.018036 0.027418
 0.027418 0.018036 0.927127 0.027418
 0.027418 0.018036 0.018036 0.936509
 0.027418 0.927127 0.018036 0.027418
 0.027418 0.927127 0.018036 0.027418

MOTIF 66-CAAGTCCCCACY STREME-66
letter-probability matrix: alength= 4 w= 12 nsites= 38 E= 8.5e+000
 0.001141 0.996968 0.000750 0.001141
 0.944926 0.026967 0.026967 0.001141
 0.997358 0.000750 0.000750 0.001141
 0.001141 0.026966 0.970752 0.001141
 0.001141 0.026967 0.079399 0.892493
 0.001141 0.996968 0.000750 0.001141
 0.001141 0.996968 0.000750 0.001141
 0.001141 0.996968 0.000750 0.001141
 0.001141 0.944536 0.000750 0.053573
 0.997358 0.000750 0.000750 0.001141
 0.053573 0.918319 0.000750 0.027357
 0.001141 0.472643 0.000750 0.525466

MOTIF 67-CTYRGCTCACTGCAR STREME-67
letter-probability matrix: alength= 4 w= 15 nsites= 52 E= 9.8e+000
 0.041582 0.814512 0.000582 0.143323
 0.306109 0.000582 0.000582 0.692726
 0.000885 0.631378 0.000582 0.367154
 0.407850 0.020931 0.509289 0.061930
 0.041582 0.000582 0.956950 0.000885
 0.082278 0.916254 0.000582 0.000885
 0.000885 0.000582 0.000582 0.997950
 0.000885 0.977298 0.000582 0.021234
 0.977601 0.000582 0.020931 0.000885
 0.021234 0.875557 0.000582 0.102627
 0.000885 0.081975 0.020931 0.896208
 0.000885 0.000582 0.997647 0.000885
 0.082278 0.855209 0.061627 0.000885
 0.997950 0.000582 0.000582 0.000885
 0.631681 0.000582 0.366851 0.000885

MOTIF 68-TGGATAAACAR STREME-68
letter-probability matrix: alength= 4 w= 11 nsites= 50 E= 5.5e+001
 0.056794 0.000629 0.088545 0.854032
 0.000956 0.022608 0.975479 0.000956
 0.000956 0.000629 0.997458 0.000956
 0.859520 0.000629 0.106788 0.033063
 0.000956 0.000629 0.000629 0.997785
 0.981671 0.012510 0.000629 0.005190
 0.953828 0.000629 0.022607 0.022935
 0.966684 0.022608 0.000629 0.010078
 0.000956 0.887563 0.000629 0.110851
 0.985905 0.000629 0.000629 0.012837
 0.300775 0.088545 0.587745 0.022935

********************************************************************************
Stopped because 3 consecutive motifs exceeded the p-value threshold (0.05).
********************************************************************************
COMMAND:	streme --verbosity 1 --oc meme_out_incomplete_DL/HepG2_MAFF-human_ENCFF643LNZ/streme_out -dna --seed 0 --p meme_out_incomplete_DL/HepG2_MAFF-human_ENCFF643LNZ/seqs-centered --minw 6 --maxw 15 --time 6161 --order 2 --thresh 0.05 --align center --totallength 4000000 --parse-genomic-coord
********************************************************************************
CPU:		9f05ee173ae9
********************************************************************************
FINALTIME:	3331.74 seconds
********************************************************************************
