********************************************************************************
STREME - Sensitive, Thorough, Rapid, Enriched Motif Elicitation
********************************************************************************
MEME version 5.5.3 (Release date: Sat Jun 10 16:19:38 2023 -0700)

For further information on how to interpret these results please access http://localhost:8080/meme_5.5.3.
To get a copy of the MEME Suite software please access https://meme-suite.org.

********************************************************************************


********************************************************************************
REFERENCE
********************************************************************************
If you use this program in your research, please cite:

Timothy L. Bailey,
"STREME: accurate and versatile sequence motif discovery",
Bioinformatics, Mar. 24, 2021.
********************************************************************************


ALPHABET= ACGT

strands: + -

Background letter frequencies
A 0.223 C 0.277 G 0.277 T 0.223 

MOTIF 1-TTCTAGAANNTTCYH STREME-1
letter-probability matrix: alength= 4 w= 15 nsites= 1791 E= 1.6e-042
 0.062204 0.085112 0.041325 0.811360
 0.023028 0.010596 0.033241 0.933135
 0.000020 0.995582 0.004378 0.000020
 0.001886 0.321670 0.009974 0.666470
 0.669063 0.009974 0.315346 0.005617
 0.000020 0.000647 0.999313 0.000020
 0.885253 0.071173 0.005621 0.037952
 0.856754 0.025157 0.047285 0.070804
 0.177139 0.353747 0.225800 0.243313
 0.237822 0.266068 0.231761 0.264350
 0.056244 0.044950 0.017436 0.881370
 0.018675 0.010596 0.009974 0.960754
 0.000642 0.981280 0.007487 0.010591
 0.037952 0.432358 0.029251 0.500439
 0.381104 0.215335 0.189112 0.214450

MOTIF 2-GCCCCGCCCC STREME-2
letter-probability matrix: alength= 4 w= 10 nsites= 345 E= 1.7e-006
 0.044915 0.046242 0.822946 0.085898
 0.032827 0.966709 0.000257 0.000207
 0.000207 0.956947 0.000257 0.042588
 0.000207 0.999328 0.000257 0.000207
 0.000207 0.999328 0.000257 0.000207
 0.047395 0.000257 0.892059 0.060289
 0.059424 0.928675 0.000257 0.011643
 0.000207 0.973731 0.025854 0.000207
 0.000207 0.901380 0.014042 0.084371
 0.041099 0.864205 0.057835 0.036862

MOTIF 3-RSCACGTGSY STREME-3
letter-probability matrix: alength= 4 w= 10 nsites= 533 E= 2.0e-003
 0.291329 0.191507 0.415477 0.101687
 0.125184 0.450883 0.245134 0.178799
 0.028320 0.956295 0.015276 0.000110
 0.999617 0.000136 0.000136 0.000110
 0.000110 0.999643 0.000136 0.000110
 0.000110 0.000136 0.999643 0.000110
 0.000110 0.000136 0.000136 0.999617
 0.000110 0.015276 0.956295 0.028320
 0.178799 0.245134 0.450883 0.125184
 0.101687 0.415477 0.191507 0.291329

MOTIF 4-TTCYRGAA STREME-4
letter-probability matrix: alength= 4 w= 8 nsites= 342 E= 5.9e-003
 0.020291 0.025164 0.025164 0.929382
 0.020291 0.025164 0.025164 0.929382
 0.020291 0.934255 0.025164 0.020291
 0.020291 0.479709 0.025164 0.474836
 0.474836 0.025164 0.479709 0.020291
 0.020291 0.025164 0.934255 0.020291
 0.929382 0.025164 0.025164 0.020291
 0.929382 0.025164 0.025164 0.020291

MOTIF 5-GTAAATA STREME-5
letter-probability matrix: alength= 4 w= 7 nsites= 1389 E= 8.8e-003
 0.280403 0.000246 0.719152 0.000198
 0.000198 0.135290 0.000246 0.864265
 0.881679 0.117876 0.000246 0.000198
 0.999309 0.000246 0.000246 0.000198
 0.930612 0.018974 0.019010 0.031405
 0.000198 0.303353 0.000246 0.696203
 0.939302 0.000246 0.060253 0.000198

MOTIF 6-AGAATGTTCTGGG STREME-6
letter-probability matrix: alength= 4 w= 13 nsites= 85 E= 1.6e-002
 0.871580 0.024885 0.061482 0.042053
 0.000393 0.012686 0.986528 0.000393
 0.908177 0.054346 0.024885 0.012592
 0.888842 0.024885 0.073681 0.012592
 0.061388 0.085880 0.073681 0.779052
 0.049189 0.134675 0.742550 0.073586
 0.012592 0.054346 0.061482 0.871580
 0.024791 0.037084 0.049283 0.888842
 0.024791 0.962130 0.012686 0.000393
 0.012592 0.085880 0.037084 0.864445
 0.012592 0.073681 0.803544 0.110183
 0.049189 0.049283 0.766947 0.134581
 0.024791 0.085880 0.791345 0.097984

MOTIF 7-GGCGGGA STREME-7
letter-probability matrix: alength= 4 w= 7 nsites= 344 E= 1.8e-002
 0.020291 0.025164 0.934255 0.020291
 0.020291 0.025164 0.934255 0.020291
 0.020291 0.934255 0.025164 0.020291
 0.020291 0.025164 0.934255 0.020291
 0.020291 0.025164 0.934255 0.020291
 0.020291 0.025164 0.934255 0.020291
 0.929382 0.025164 0.025164 0.020291

MOTIF 8-GAASHTTCCAG STREME-8
letter-probability matrix: alength= 4 w= 11 nsites= 299 E= 4.1e-002
 0.000141 0.000174 0.999545 0.000141
 0.999511 0.000174 0.000174 0.000141
 0.878816 0.000174 0.000174 0.120836
 0.107829 0.479359 0.257730 0.155082
 0.369724 0.197699 0.121675 0.310903
 0.000141 0.000174 0.000174 0.999511
 0.000141 0.000174 0.000174 0.999511
 0.000141 0.999545 0.000174 0.000141
 0.000141 0.619698 0.129321 0.250840
 0.951893 0.047792 0.000174 0.000141
 0.069741 0.070406 0.632665 0.227188

MOTIF 9-CAAGGTCA STREME-9
letter-probability matrix: alength= 4 w= 8 nsites= 718 E= 1.4e-001
 0.100388 0.856497 0.042854 0.000261
 0.890571 0.000324 0.079797 0.029309
 0.872543 0.000324 0.082297 0.044836
 0.042837 0.000324 0.956579 0.000261
 0.072558 0.000324 0.926858 0.000261
 0.076289 0.150637 0.000324 0.772750
 0.000261 0.968393 0.000324 0.031022
 0.999092 0.000324 0.000324 0.000261

MOTIF 10-GCGGCBGCVGSG STREME-10
letter-probability matrix: alength= 4 w= 12 nsites= 346 E= 1.6e-001
 0.022605 0.000154 0.977117 0.000124
 0.000124 0.805723 0.105909 0.088244
 0.161545 0.090424 0.747906 0.000124
 0.015548 0.000154 0.964894 0.019404
 0.000124 0.928631 0.046385 0.024860
 0.024860 0.274579 0.236147 0.464414
 0.005580 0.000154 0.937072 0.057194
 0.000124 0.999598 0.000154 0.000124
 0.421512 0.233050 0.333189 0.012249
 0.009920 0.136786 0.833890 0.019404
 0.000124 0.408355 0.558949 0.032572
 0.123825 0.043041 0.709475 0.123660

MOTIF 11-RTTGYRCAAY STREME-11
letter-probability matrix: alength= 4 w= 10 nsites= 100 E= 2.1e-001
 0.554889 0.000722 0.443807 0.000582
 0.000582 0.000722 0.000722 0.997974
 0.004334 0.000722 0.000722 0.994222
 0.176085 0.000722 0.822611 0.000582
 0.026165 0.500954 0.054959 0.417922
 0.417922 0.054959 0.500954 0.026165
 0.000582 0.822611 0.000722 0.176085
 0.994222 0.000722 0.000722 0.004334
 0.997974 0.000722 0.000722 0.000582
 0.000582 0.443807 0.000722 0.554889

MOTIF 12-AGCCTGGGCAACA STREME-12
letter-probability matrix: alength= 4 w= 13 nsites= 96 E= 2.1e-001
 0.977823 0.000796 0.000796 0.020585
 0.080412 0.000796 0.898207 0.020585
 0.000642 0.938092 0.020739 0.040527
 0.020585 0.938092 0.020739 0.020585
 0.000642 0.040681 0.000796 0.957880
 0.060470 0.020739 0.898207 0.020585
 0.120297 0.000796 0.858322 0.020585
 0.040527 0.200221 0.738667 0.020585
 0.020585 0.898207 0.020739 0.060470
 0.818283 0.000796 0.160336 0.020585
 0.977823 0.000796 0.020739 0.000642
 0.000642 0.958034 0.020739 0.020585
 0.977823 0.000796 0.020739 0.000642

MOTIF 13-GAGGCTGCAGAR STREME-13
letter-probability matrix: alength= 4 w= 12 nsites= 82 E= 2.5e-001
 0.000484 0.000601 0.901938 0.096976
 0.961988 0.015642 0.021885 0.000484
 0.075692 0.000601 0.923223 0.000484
 0.045609 0.006843 0.932022 0.015526
 0.000484 0.787849 0.075808 0.135858
 0.000484 0.000601 0.015642 0.983273
 0.045609 0.000601 0.938264 0.015526
 0.000484 0.882940 0.116091 0.000484
 0.953190 0.000601 0.030684 0.015526
 0.000484 0.006843 0.992188 0.000484
 0.712525 0.045725 0.030684 0.211066
 0.339042 0.000601 0.659873 0.000484

MOTIF 14-AAAAAAAAAAAA STREME-14
letter-probability matrix: alength= 4 w= 12 nsites= 126 E= 3.7e-001
 0.918065 0.000513 0.000513 0.080909
 0.998559 0.000513 0.000513 0.000414
 0.998559 0.000513 0.000513 0.000414
 0.850728 0.148345 0.000513 0.000414
 0.702897 0.000513 0.000513 0.296076
 0.998559 0.000513 0.000513 0.000414
 0.690042 0.283321 0.000513 0.026124
 0.921430 0.077643 0.000513 0.000414
 0.998559 0.000513 0.000513 0.000414
 0.934285 0.000513 0.000513 0.064688
 0.963980 0.000513 0.000513 0.034994
 0.998559 0.000513 0.000513 0.000414

MOTIF 15-AAACAAA STREME-15
letter-probability matrix: alength= 4 w= 7 nsites= 266 E= 4.5e-001
 0.929382 0.025164 0.025164 0.020291
 0.929382 0.025164 0.025164 0.020291
 0.929382 0.025164 0.025164 0.020291
 0.020291 0.934255 0.025164 0.020291
 0.929382 0.025164 0.025164 0.020291
 0.929382 0.025164 0.025164 0.020291
 0.929382 0.025164 0.025164 0.020291

MOTIF 16-CCCSACCCC STREME-16
letter-probability matrix: alength= 4 w= 9 nsites= 796 E= 4.8e-001
 0.010663 0.910344 0.033068 0.045926
 0.037765 0.919933 0.018680 0.023622
 0.000210 0.970721 0.000261 0.028808
 0.000210 0.541309 0.417396 0.041084
 0.927249 0.000261 0.000261 0.072229
 0.046106 0.752291 0.157009 0.044594
 0.000210 0.809490 0.118366 0.071933
 0.016817 0.909276 0.000261 0.073646
 0.000210 0.957412 0.006344 0.036033

MOTIF 17-CGTGAGCCACCGYGC STREME-17
letter-probability matrix: alength= 4 w= 15 nsites= 101 E= 5.1e-001
 0.021137 0.780493 0.010816 0.187554
 0.197955 0.021217 0.738889 0.041939
 0.021137 0.021217 0.021217 0.936428
 0.041939 0.031618 0.884503 0.041939
 0.957230 0.042019 0.000415 0.000335
 0.010736 0.000415 0.946910 0.041939
 0.000335 0.988514 0.000415 0.010736
 0.010736 0.936509 0.010816 0.041939
 0.946829 0.042019 0.010816 0.000335
 0.000335 0.884503 0.010816 0.104345
 0.021137 0.624478 0.062822 0.291564
 0.208356 0.000415 0.759691 0.031538
 0.010736 0.562071 0.031618 0.395574
 0.197955 0.000415 0.749290 0.052340
 0.000335 0.967712 0.000415 0.031538

MOTIF 18-CCAAGGC STREME-18
letter-probability matrix: alength= 4 w= 7 nsites= 716 E= 5.6e-001
 0.000875 0.997165 0.001085 0.000875
 0.000875 0.951565 0.046685 0.000875
 0.784367 0.001085 0.213673 0.000875
 0.996955 0.001085 0.001085 0.000875
 0.000875 0.020013 0.978237 0.000875
 0.000875 0.001085 0.678048 0.319992
 0.000875 0.997165 0.001085 0.000875

MOTIF 19-TGASTCA STREME-19
letter-probability matrix: alength= 4 w= 7 nsites= 198 E= 5.7e-001
 0.020291 0.025164 0.025164 0.929382
 0.020291 0.025164 0.934255 0.020291
 0.929382 0.025164 0.025164 0.020291
 0.020291 0.479709 0.479709 0.020291
 0.020291 0.025164 0.025164 0.929382
 0.020291 0.934255 0.025164 0.020291
 0.929382 0.025164 0.025164 0.020291

MOTIF 20-ATGATGAAAT STREME-20
letter-probability matrix: alength= 4 w= 10 nsites= 75 E= 6.3e-001
 0.836357 0.053730 0.109377 0.000535
 0.050400 0.033907 0.050528 0.865166
 0.050400 0.000664 0.948401 0.000535
 0.964894 0.000664 0.000664 0.033778
 0.000535 0.007562 0.000664 0.991239
 0.000535 0.003866 0.995064 0.000535
 0.831923 0.083771 0.050528 0.033778
 0.931651 0.050528 0.000664 0.017157
 0.964894 0.000664 0.033907 0.000535
 0.100264 0.028556 0.000664 0.870517

MOTIF 21-GCGCCTGCGCA STREME-21
letter-probability matrix: alength= 4 w= 11 nsites= 77 E= 6.3e-001
 0.000818 0.001015 0.946531 0.051636
 0.000818 0.997349 0.001015 0.000818
 0.000818 0.001015 0.997349 0.000818
 0.000818 0.881609 0.106209 0.011364
 0.165377 0.663109 0.145288 0.026227
 0.000818 0.001015 0.026423 0.971744
 0.011364 0.001015 0.986803 0.000818
 0.000818 0.997349 0.001015 0.000818
 0.000818 0.001015 0.997349 0.000818
 0.000818 0.971940 0.001015 0.026227
 0.819433 0.001015 0.178734 0.000818

MOTIF 22-CCACCAGRKGGCR STREME-22
letter-probability matrix: alength= 4 w= 13 nsites= 97 E= 6.3e-001
 0.000375 0.998784 0.000465 0.000375
 0.000375 0.975480 0.000465 0.023679
 0.928782 0.000465 0.012117 0.058635
 0.000375 0.699584 0.299666 0.000375
 0.151851 0.649225 0.047073 0.151851
 0.987042 0.012117 0.000465 0.000375
 0.000375 0.000465 0.998784 0.000375
 0.617930 0.000465 0.381229 0.000375
 0.035331 0.000465 0.625921 0.338283
 0.012027 0.012117 0.975480 0.000375
 0.000375 0.012117 0.928872 0.058635
 0.116895 0.882265 0.000465 0.000375
 0.361587 0.000465 0.637573 0.000375

MOTIF 23-AGCACCATGGACAG STREME-23
letter-probability matrix: alength= 4 w= 14 nsites= 94 E= 6.3e-001
 0.974899 0.012359 0.012359 0.000383
 0.000383 0.000475 0.998760 0.000383
 0.071689 0.808610 0.083665 0.036036
 0.963015 0.000475 0.024243 0.012267
 0.012267 0.963107 0.000475 0.024151
 0.000383 0.963107 0.024243 0.012267
 0.558947 0.107434 0.166855 0.166764
 0.000383 0.285699 0.131202 0.582716
 0.000383 0.000475 0.998760 0.000383
 0.012267 0.012359 0.974991 0.000383
 0.927362 0.059896 0.012359 0.000383
 0.000383 0.891801 0.083665 0.024151
 0.998668 0.000475 0.000475 0.000383
 0.024151 0.012359 0.963107 0.000383

MOTIF 24-CTCCCACCTCCCC STREME-24
letter-probability matrix: alength= 4 w= 13 nsites= 433 E= 7.9e-001
 0.040183 0.900234 0.025117 0.034466
 0.062052 0.056649 0.077001 0.804298
 0.045134 0.831504 0.073275 0.050086
 0.043307 0.833332 0.092020 0.031341
 0.046962 0.859090 0.037614 0.056334
 0.803072 0.032662 0.107931 0.056334
 0.031341 0.837517 0.073510 0.057631
 0.042010 0.844531 0.052703 0.060755
 0.088943 0.040207 0.093918 0.776932
 0.079499 0.740069 0.099636 0.080796
 0.083920 0.733361 0.138881 0.043838
 0.084451 0.694739 0.125088 0.095722
 0.077672 0.770615 0.108406 0.043307

MOTIF 25-GAGGTCAG STREME-25
letter-probability matrix: alength= 4 w= 8 nsites= 208 E= 8.5e-001
 0.020291 0.025164 0.934255 0.020291
 0.929382 0.025164 0.025164 0.020291
 0.020291 0.025164 0.934255 0.020291
 0.020291 0.025164 0.934255 0.020291
 0.020291 0.025164 0.025164 0.929382
 0.020291 0.934255 0.025164 0.020291
 0.929382 0.025164 0.025164 0.020291
 0.020291 0.025164 0.934255 0.020291

MOTIF 26-AGACRGGGTYTCAC STREME-26
letter-probability matrix: alength= 4 w= 14 nsites= 71 E= 1.0e+000
 0.925884 0.015077 0.058572 0.000467
 0.000467 0.058572 0.940495 0.000467
 0.969379 0.015077 0.015077 0.000467
 0.000467 0.868004 0.000579 0.130950
 0.592427 0.015077 0.377531 0.014965
 0.101954 0.000579 0.897000 0.000467
 0.304928 0.000579 0.694026 0.000467
 0.014965 0.000579 0.969491 0.014965
 0.043961 0.102066 0.000579 0.853394
 0.029463 0.595003 0.000579 0.374955
 0.043961 0.015077 0.044073 0.896888
 0.014965 0.847489 0.015077 0.122469
 0.702395 0.044073 0.253065 0.000467
 0.014965 0.847489 0.058572 0.078975

MOTIF 27-CCTGTAATCCCAGCA STREME-27
letter-probability matrix: alength= 4 w= 15 nsites= 111 E= 1.0e+000
 0.000306 0.941943 0.009891 0.047860
 0.000306 0.913411 0.000380 0.085903
 0.019328 0.000380 0.009891 0.970402
 0.076392 0.009891 0.903900 0.009817
 0.000306 0.000380 0.000380 0.998934
 0.960891 0.009891 0.028912 0.000306
 0.856273 0.028912 0.114509 0.000306
 0.009817 0.019401 0.000380 0.970402
 0.000306 0.979986 0.009891 0.009817
 0.000306 0.960965 0.000380 0.038349
 0.000306 0.894390 0.009891 0.095414
 0.951380 0.000380 0.038423 0.009817
 0.123946 0.009891 0.856347 0.009817
 0.038349 0.951454 0.000380 0.009817
 0.713612 0.019401 0.009891 0.257096

MOTIF 28-YCAAAGTCCA STREME-28
letter-probability matrix: alength= 4 w= 10 nsites= 193 E= 1.0e+000
 0.013689 0.601863 0.047027 0.337420
 0.004610 0.957457 0.003662 0.034272
 0.915228 0.066546 0.009920 0.008307
 0.837858 0.071189 0.054153 0.036801
 0.868510 0.009119 0.117762 0.004610
 0.008307 0.000321 0.991113 0.000259
 0.008307 0.016237 0.056482 0.918974
 0.032450 0.891800 0.022720 0.053029
 0.000259 0.969266 0.006072 0.024403
 0.833003 0.012720 0.068999 0.085278

MOTIF 29-GATCACTTGA STREME-29
letter-probability matrix: alength= 4 w= 10 nsites= 81 E= 1.1e+000
 0.109233 0.016953 0.873289 0.000525
 0.932967 0.000651 0.065857 0.000525
 0.000525 0.033254 0.000651 0.965570
 0.016827 0.900490 0.016953 0.065731
 0.765293 0.052696 0.154131 0.027880
 0.000525 0.949394 0.033254 0.016827
 0.016827 0.235639 0.000651 0.746883
 0.000525 0.007417 0.000651 0.991407
 0.016827 0.000651 0.965696 0.016827
 0.998173 0.000651 0.000651 0.000525

MOTIF 30-CCTCGGCCTCCCAA STREME-30
letter-probability matrix: alength= 4 w= 14 nsites= 110 E= 1.8e+000
 0.000322 0.978987 0.000399 0.020293
 0.020293 0.939045 0.020370 0.020293
 0.030278 0.010384 0.050327 0.909011
 0.000322 0.739333 0.030356 0.229990
 0.229990 0.070298 0.669434 0.030278
 0.030278 0.000399 0.949030 0.020293
 0.000322 0.929059 0.050327 0.020293
 0.030278 0.919073 0.030356 0.020293
 0.010307 0.000399 0.020370 0.968924
 0.010307 0.959016 0.020370 0.010307
 0.010307 0.929059 0.030356 0.030278
 0.000322 0.969001 0.010384 0.020293
 0.869068 0.030356 0.080284 0.020293
 0.819140 0.030356 0.140197 0.010307

MOTIF 31-CAGGAGTTCGAGAC STREME-31
letter-probability matrix: alength= 4 w= 14 nsites= 44 E= 4.0e+000
 0.000867 0.970269 0.001075 0.027789
 0.943139 0.027997 0.001075 0.027789
 0.000867 0.027997 0.970269 0.000867
 0.000867 0.001075 0.997191 0.000867
 0.943139 0.027997 0.027997 0.000867
 0.054711 0.027997 0.862581 0.054711
 0.000867 0.001075 0.027997 0.970061
 0.000867 0.054919 0.001075 0.943139
 0.081633 0.674126 0.001075 0.243165
 0.297010 0.027997 0.674126 0.000867
 0.996983 0.001075 0.001075 0.000867
 0.027789 0.027997 0.943347 0.000867
 0.916217 0.001075 0.081841 0.000867
 0.054711 0.862581 0.027997 0.054711

MOTIF 32-CAAGATGGCG STREME-32
letter-probability matrix: alength= 4 w= 10 nsites= 55 E= 2.2e+001
 0.009578 0.781619 0.122453 0.086351
 0.918833 0.000855 0.036792 0.043520
 0.911939 0.022270 0.000855 0.064935
 0.000690 0.043686 0.933520 0.022105
 0.976185 0.000855 0.022270 0.000690
 0.000690 0.000855 0.000855 0.997600
 0.022105 0.022270 0.954935 0.000690
 0.022105 0.004981 0.972225 0.000690
 0.000690 0.963337 0.022270 0.013703
 0.107766 0.064669 0.741214 0.086351

********************************************************************************
Stopped because 3 consecutive motifs exceeded the p-value threshold (0.05).
********************************************************************************
COMMAND:	streme --verbosity 1 --oc meme_out_incomplete_DL/HepG2_HSF2-human_ENCFF932DAC/streme_out -dna --seed 0 --p meme_out_incomplete_DL/HepG2_HSF2-human_ENCFF932DAC/seqs-centered --minw 6 --maxw 15 --time 6191 --order 2 --thresh 0.05 --align center --totallength 4000000 --parse-genomic-coord
********************************************************************************
CPU:		9f05ee173ae9
********************************************************************************
FINALTIME:	390.65 seconds
********************************************************************************
