********************************************************************************
STREME - Sensitive, Thorough, Rapid, Enriched Motif Elicitation
********************************************************************************
MEME version 5.5.3 (Release date: Sat Jun 10 16:19:38 2023 -0700)

For further information on how to interpret these results please access http://localhost:8080/meme_5.5.3.
To get a copy of the MEME Suite software please access https://meme-suite.org.

********************************************************************************


********************************************************************************
REFERENCE
********************************************************************************
If you use this program in your research, please cite:

Timothy L. Bailey,
"STREME: accurate and versatile sequence motif discovery",
Bioinformatics, Mar. 24, 2021.
********************************************************************************


ALPHABET= ACGT

strands: + -

Background letter frequencies
A 0.229 C 0.271 G 0.271 T 0.229 

MOTIF 1-MTGATGCAAY STREME-1
letter-probability matrix: alength= 4 w= 10 nsites= 226 E= 1.1e-003
 0.435983 0.333545 0.197423 0.033049
 0.000181 0.000215 0.000215 0.999390
 0.000181 0.000215 0.814139 0.185465
 0.858648 0.000215 0.000215 0.140923
 0.000181 0.123003 0.000215 0.876601
 0.000181 0.000215 0.999424 0.000181
 0.227322 0.659396 0.000215 0.113068
 0.999390 0.000215 0.000215 0.000181
 0.999390 0.000215 0.000215 0.000181
 0.037490 0.311058 0.194671 0.456781

MOTIF 2-GTAAAYAT STREME-2
letter-probability matrix: alength= 4 w= 8 nsites= 166 E= 3.6e-002
 0.095805 0.000484 0.903303 0.000408
 0.000408 0.084221 0.000484 0.914887
 0.816742 0.182365 0.000484 0.000408
 0.998623 0.000484 0.000484 0.000408
 0.998623 0.000484 0.000484 0.000408
 0.000408 0.380944 0.000484 0.618164
 0.998623 0.000484 0.000484 0.000408
 0.194621 0.080409 0.201132 0.523838

MOTIF 3-CCGCCTCCT STREME-3
letter-probability matrix: alength= 4 w= 9 nsites= 101 E= 2.1e-001
 0.005623 0.840938 0.068236 0.085203
 0.000559 0.986942 0.011941 0.000559
 0.074771 0.070407 0.854263 0.000559
 0.028956 0.944636 0.008921 0.017488
 0.000559 0.910748 0.001450 0.087243
 0.026621 0.001437 0.020833 0.951109
 0.009702 0.844527 0.043639 0.102132
 0.000559 0.950890 0.029061 0.019490
 0.015383 0.148528 0.010482 0.825607

MOTIF 4-GCCCCGCCCCBC STREME-4
letter-probability matrix: alength= 4 w= 12 nsites= 118 E= 2.1e-001
 0.009558 0.000363 0.762096 0.227983
 0.000305 0.952764 0.000363 0.046568
 0.065069 0.810147 0.000363 0.124422
 0.120587 0.878745 0.000363 0.000305
 0.000305 0.999027 0.000363 0.000305
 0.168630 0.000363 0.765934 0.065073
 0.000305 0.999027 0.000363 0.000305
 0.028063 0.971269 0.000363 0.000305
 0.000305 0.999027 0.000363 0.000305
 0.059658 0.696070 0.129099 0.115173
 0.133674 0.333451 0.249377 0.283498
 0.065073 0.551860 0.175369 0.207698

MOTIF 5-RTTGCACAAC STREME-5
letter-probability matrix: alength= 4 w= 10 nsites= 121 E= 2.7e-001
 0.516195 0.043484 0.439963 0.000358
 0.000358 0.000425 0.000425 0.998791
 0.011209 0.000425 0.000425 0.987940
 0.142422 0.000425 0.646129 0.211024
 0.000358 0.988007 0.000425 0.011209
 0.581962 0.152330 0.037479 0.228229
 0.054613 0.922906 0.022123 0.000358
 0.998791 0.000425 0.000425 0.000358
 0.998791 0.000425 0.000425 0.000358
 0.000358 0.647630 0.125636 0.226376

MOTIF 6-TCAGCACCAYGGACA STREME-6
letter-probability matrix: alength= 4 w= 15 nsites= 62 E= 3.4e-001
 0.000621 0.076004 0.057187 0.866187
 0.019438 0.979204 0.000737 0.000621
 0.997904 0.000737 0.000737 0.000621
 0.000621 0.000737 0.998020 0.000621
 0.000621 0.847487 0.132454 0.019438
 0.941454 0.000737 0.000737 0.057071
 0.019438 0.960387 0.000737 0.019438
 0.057071 0.903937 0.038371 0.000621
 0.565121 0.076004 0.226537 0.132338
 0.132338 0.452337 0.132454 0.282871
 0.019438 0.000737 0.960387 0.019438
 0.019438 0.038371 0.941570 0.000621
 0.903821 0.094821 0.000737 0.000621
 0.000621 0.847487 0.132454 0.019438
 0.979087 0.000737 0.019554 0.000621

MOTIF 7-AAAAAAAAAAAAAAA STREME-7
letter-probability matrix: alength= 4 w= 15 nsites= 37 E= 3.4e-001
 0.963855 0.001275 0.033797 0.001074
 0.931332 0.001275 0.001275 0.066118
 0.963855 0.033797 0.001275 0.001074
 0.833765 0.098842 0.033797 0.033596
 0.931332 0.066319 0.001275 0.001074
 0.866287 0.001275 0.033797 0.098641
 0.866287 0.131364 0.001275 0.001074
 0.931332 0.066319 0.001275 0.001074
 0.801243 0.131364 0.033797 0.033596
 0.963855 0.001275 0.033797 0.001074
 0.931332 0.033797 0.001275 0.033596
 0.866287 0.033797 0.033797 0.066118
 0.833765 0.098842 0.001275 0.066118
 0.879181 0.020904 0.033797 0.066118
 0.996377 0.001275 0.001275 0.001074

MOTIF 8-CTGGGATTACA STREME-8
letter-probability matrix: alength= 4 w= 11 nsites= 42 E= 3.4e-001
 0.000748 0.839046 0.091499 0.068707
 0.000748 0.000888 0.000888 0.997477
 0.181971 0.091499 0.725782 0.000748
 0.000748 0.000888 0.997617 0.000748
 0.023401 0.000888 0.929658 0.046054
 0.906865 0.000888 0.091499 0.000748
 0.000748 0.046194 0.000888 0.952171
 0.023401 0.091499 0.000888 0.884212
 0.612377 0.136805 0.204764 0.046054
 0.000748 0.612517 0.250070 0.136665
 0.725642 0.000888 0.023541 0.249930

MOTIF 9-CTCAGCCTCCCK STREME-9
letter-probability matrix: alength= 4 w= 12 nsites= 44 E= 6.9e-001
 0.054733 0.943324 0.001055 0.000889
 0.000889 0.081821 0.081821 0.835469
 0.027811 0.943324 0.027977 0.000889
 0.781626 0.054899 0.162587 0.000889
 0.000889 0.054899 0.889480 0.054733
 0.000889 0.997168 0.001055 0.000889
 0.108577 0.754870 0.054899 0.081655
 0.027811 0.001055 0.001055 0.970079
 0.027811 0.943324 0.027977 0.000889
 0.027811 0.808714 0.135665 0.027811
 0.000889 0.916402 0.027977 0.054733
 0.189342 0.001055 0.324119 0.485484

MOTIF 10-AGTTCAAAGG STREME-10
letter-probability matrix: alength= 4 w= 10 nsites= 198 E= 1.1e+000
 0.849575 0.012974 0.085591 0.051860
 0.039605 0.076045 0.808878 0.075472
 0.201331 0.063043 0.075057 0.660569
 0.061660 0.139528 0.115369 0.683443
 0.000210 0.924068 0.032060 0.043661
 0.999291 0.000249 0.000249 0.000210
 0.910792 0.056937 0.000249 0.032021
 0.828205 0.000249 0.079626 0.091920
 0.057174 0.049095 0.833623 0.060109
 0.096767 0.147847 0.625627 0.129759

MOTIF 11-GGCGGYGRCBG STREME-11
letter-probability matrix: alength= 4 w= 11 nsites= 75 E= 1.9e+000
 0.000523 0.064047 0.934906 0.000523
 0.000523 0.016478 0.950762 0.032236
 0.000523 0.871480 0.000621 0.127375
 0.000523 0.000621 0.998332 0.000523
 0.000523 0.000621 0.982475 0.016380
 0.000523 0.312636 0.181620 0.505221
 0.000523 0.000621 0.998332 0.000523
 0.584510 0.000621 0.414345 0.000523
 0.127368 0.728779 0.127473 0.016380
 0.032236 0.224075 0.403603 0.340086
 0.095662 0.079904 0.823911 0.000523

********************************************************************************
Stopped because 3 consecutive motifs exceeded the p-value threshold (0.05).
********************************************************************************
COMMAND:	streme --verbosity 1 --oc meme_out_incomplete_DL/HepG2_DDIT3-human_ENCFF845NWV/streme_out -dna --seed 0 --p meme_out_incomplete_DL/HepG2_DDIT3-human_ENCFF845NWV/seqs-centered --minw 6 --maxw 15 --time 6195 --order 2 --thresh 0.05 --align center --totallength 4000000 --parse-genomic-coord
********************************************************************************
CPU:		9f05ee173ae9
********************************************************************************
FINALTIME:	26.71 seconds
********************************************************************************
