********************************************************************************
STREME - Sensitive, Thorough, Rapid, Enriched Motif Elicitation
********************************************************************************
MEME version 5.5.3 (Release date: Sat Jun 10 16:19:38 2023 -0700)

For further information on how to interpret these results please access http://localhost:8080/meme_5.5.3.
To get a copy of the MEME Suite software please access https://meme-suite.org.

********************************************************************************


********************************************************************************
REFERENCE
********************************************************************************
If you use this program in your research, please cite:

Timothy L. Bailey,
"STREME: accurate and versatile sequence motif discovery",
Bioinformatics, Mar. 24, 2021.
********************************************************************************


ALPHABET= ACGT

strands: + -

Background letter frequencies
A 0.187 C 0.313 G 0.313 T 0.187 

MOTIF 1-GCCCCGCCCCYNC STREME-1
letter-probability matrix: alength= 4 w= 13 nsites= 3676 E= 9.6e-024
 0.165853 0.034749 0.625467 0.173931
 0.000011 0.916665 0.000019 0.083304
 0.014823 0.966034 0.000019 0.019123
 0.055732 0.944238 0.000019 0.000011
 0.000011 0.999958 0.000019 0.000011
 0.144240 0.000019 0.717397 0.138344
 0.007459 0.910018 0.000019 0.082504
 0.000011 0.999958 0.000019 0.000011
 0.000011 0.819826 0.020298 0.159864
 0.105005 0.873363 0.000019 0.021614
 0.082381 0.524647 0.126965 0.266008
 0.269697 0.216777 0.196511 0.317015
 0.085945 0.512442 0.242208 0.159405

MOTIF 2-CGCCMYCT STREME-2
letter-probability matrix: alength= 4 w= 8 nsites= 5119 E= 7.4e-023
 0.000036 0.797135 0.000060 0.202770
 0.021755 0.000060 0.978149 0.000036
 0.012711 0.944010 0.000060 0.043220
 0.014437 0.985467 0.000060 0.000036
 0.634747 0.365157 0.000060 0.000036
 0.000036 0.429827 0.000060 0.570078
 0.006829 0.930591 0.037895 0.024685
 0.000036 0.000060 0.004788 0.995117

MOTIF 3-RTAAAYAAA STREME-3
letter-probability matrix: alength= 4 w= 9 nsites= 2941 E= 7.4e-012
 0.335363 0.074056 0.530450 0.060131
 0.199623 0.167970 0.005601 0.626805
 0.934047 0.033848 0.003705 0.028399
 0.909776 0.025187 0.006218 0.058819
 0.983975 0.006136 0.000040 0.009849
 0.005294 0.582595 0.008894 0.403217
 0.962875 0.000040 0.026119 0.010966
 0.565369 0.196069 0.028706 0.209857
 0.617355 0.080867 0.077912 0.223866

MOTIF 4-YRASGTCAYR STREME-4
letter-probability matrix: alength= 4 w= 10 nsites= 2483 E= 2.1e-010
 0.173051 0.459708 0.028107 0.339134
 0.512464 0.004043 0.385123 0.098370
 0.892773 0.015779 0.000026 0.091423
 0.018328 0.363997 0.616497 0.001177
 0.255206 0.000026 0.691614 0.053154
 0.000016 0.007975 0.000026 0.991984
 0.086698 0.867791 0.000026 0.045485
 0.871708 0.000026 0.117940 0.010325
 0.193322 0.465778 0.096985 0.243915
 0.246399 0.170882 0.392648 0.190071

MOTIF 5-CCTCRGCCTCCCRAR STREME-5
letter-probability matrix: alength= 4 w= 15 nsites= 512 E= 5.7e-010
 0.008167 0.963295 0.004148 0.024391
 0.002083 0.965322 0.004148 0.028447
 0.000055 0.031887 0.000933 0.967125
 0.002083 0.912515 0.000092 0.085311
 0.616586 0.044711 0.334593 0.004111
 0.034531 0.004148 0.957211 0.004111
 0.002083 0.955183 0.008204 0.034531
 0.004111 0.953154 0.000092 0.042644
 0.002083 0.006176 0.002120 0.989622
 0.010195 0.923388 0.020372 0.046046
 0.002083 0.959239 0.004148 0.034531
 0.044671 0.782756 0.020373 0.152200
 0.608964 0.046391 0.318226 0.026419
 0.909685 0.018344 0.071917 0.000055
 0.489091 0.012260 0.481529 0.017120

MOTIF 6-GCCGCCGCCGC STREME-6
letter-probability matrix: alength= 4 w= 11 nsites= 2048 E= 7.7e-010
 0.042979 0.000060 0.956925 0.000036
 0.000036 0.795651 0.000060 0.204253
 0.063506 0.742987 0.063740 0.129767
 0.044317 0.000060 0.955588 0.000036
 0.007861 0.898549 0.000060 0.093530
 0.079466 0.718462 0.021000 0.181072
 0.145629 0.000060 0.854275 0.000036
 0.024381 0.786341 0.000060 0.189217
 0.025707 0.957609 0.000060 0.016623
 0.070116 0.000060 0.900174 0.029650
 0.000036 0.887056 0.000060 0.112848

MOTIF 7-CCTGTAATCCCAGCW STREME-7
letter-probability matrix: alength= 4 w= 15 nsites= 580 E= 1.0e-009
 0.026447 0.905536 0.007627 0.060389
 0.003822 0.952677 0.015169 0.028333
 0.000051 0.013283 0.009512 0.977153
 0.058503 0.012180 0.929266 0.000051
 0.003822 0.030254 0.009513 0.956412
 0.916811 0.020827 0.058541 0.003822
 0.748131 0.001971 0.246077 0.003822
 0.005707 0.011398 0.000085 0.982810
 0.003822 0.931932 0.013284 0.050962
 0.009478 0.929266 0.001971 0.059285
 0.000051 0.947018 0.005742 0.047190
 0.977153 0.000085 0.013283 0.009478
 0.066046 0.013283 0.916849 0.003822
 0.017021 0.940580 0.017054 0.025345
 0.520960 0.017055 0.024597 0.437388

MOTIF 8-YGCGCATGCGCR STREME-8
letter-probability matrix: alength= 4 w= 12 nsites= 734 E= 1.2e-008
 0.018350 0.305878 0.134354 0.541418
 0.079379 0.001115 0.919450 0.000055
 0.060981 0.924885 0.012034 0.002100
 0.028979 0.000092 0.970874 0.000055
 0.000055 0.999797 0.000092 0.000055
 0.686778 0.150571 0.140044 0.022607
 0.022607 0.140044 0.150571 0.686778
 0.000055 0.000092 0.999797 0.000055
 0.000055 0.970874 0.000092 0.028979
 0.002100 0.012034 0.924885 0.060981
 0.000055 0.919450 0.001115 0.079379
 0.541418 0.134354 0.305878 0.018350

MOTIF 9-CCAGCCTGGGCAACA STREME-9
letter-probability matrix: alength= 4 w= 15 nsites= 423 E= 2.3e-008
 0.013087 0.957883 0.014537 0.014493
 0.007279 0.946856 0.004918 0.040947
 0.985289 0.004918 0.007323 0.002470
 0.031327 0.004918 0.901153 0.062602
 0.007279 0.956476 0.007323 0.028922
 0.016898 0.932428 0.019347 0.031328
 0.014494 0.024156 0.012133 0.949218
 0.043351 0.009728 0.932427 0.014494
 0.067404 0.002513 0.920399 0.009684
 0.016898 0.293611 0.670188 0.019303
 0.024113 0.794806 0.024620 0.156462
 0.721594 0.016942 0.254185 0.007279
 0.955230 0.016942 0.022954 0.004874
 0.014494 0.924213 0.013131 0.048163
 0.938597 0.008321 0.048207 0.004874

MOTIF 10-RGGAGRATCRCTTGA STREME-10
letter-probability matrix: alength= 4 w= 15 nsites= 391 E= 6.5e-008
 0.587398 0.000134 0.400526 0.011943
 0.065325 0.023860 0.887010 0.023805
 0.068293 0.000134 0.931493 0.000080
 0.827637 0.095040 0.006065 0.071258
 0.053463 0.020894 0.916666 0.008977
 0.486560 0.009031 0.504329 0.000080
 0.964064 0.000134 0.035722 0.000080
 0.000080 0.009031 0.000134 0.990755
 0.008977 0.655672 0.095040 0.240311
 0.347091 0.017928 0.608209 0.026771
 0.006011 0.946324 0.003100 0.044565
 0.014909 0.041654 0.041657 0.901781
 0.008977 0.011997 0.014962 0.964064
 0.032703 0.003100 0.961152 0.003046
 0.972961 0.006065 0.011997 0.008977

MOTIF 11-YCACTTCCGGY STREME-11
letter-probability matrix: alength= 4 w= 11 nsites= 1496 E= 5.8e-007
 0.032038 0.460885 0.191441 0.315636
 0.092292 0.738180 0.060331 0.109196
 0.877824 0.000068 0.122068 0.000040
 0.000040 0.948571 0.007558 0.043831
 0.002160 0.000068 0.001854 0.995918
 0.007530 0.000068 0.000068 0.992334
 0.000040 0.999852 0.000068 0.000040
 0.000040 0.996567 0.003352 0.000040
 0.000040 0.015535 0.832709 0.151716
 0.023088 0.149456 0.759241 0.068216
 0.032929 0.309443 0.205274 0.452354

MOTIF 12-CCTCCTCCC STREME-12
letter-probability matrix: alength= 4 w= 9 nsites= 3793 E= 7.4e-007
 0.000104 0.810122 0.000174 0.189599
 0.028782 0.698027 0.038356 0.234835
 0.149997 0.000174 0.252718 0.597110
 0.000104 0.999618 0.000174 0.000104
 0.025339 0.693717 0.005488 0.275456
 0.018095 0.000174 0.000174 0.981556
 0.000104 0.896914 0.000174 0.102807
 0.000104 0.988782 0.011010 0.000104
 0.000104 0.999618 0.000174 0.000104

MOTIF 13-CCCARCCCC STREME-13
letter-probability matrix: alength= 4 w= 9 nsites= 7229 E= 9.3e-007
 0.000047 0.956194 0.000078 0.043681
 0.000047 0.968573 0.000078 0.031302
 0.000047 0.999828 0.000078 0.000047
 0.502501 0.188056 0.146355 0.163088
 0.348024 0.000078 0.520224 0.131673
 0.000047 0.992018 0.000078 0.007857
 0.011635 0.887921 0.072839 0.027605
 0.011612 0.813301 0.000078 0.175009
 0.027748 0.674832 0.061983 0.235437

MOTIF 14-AAACCCYGTCTCTA STREME-14
letter-probability matrix: alength= 4 w= 14 nsites= 274 E= 9.5e-007
 0.994633 0.000217 0.000217 0.004933
 0.663140 0.009825 0.326906 0.000129
 0.975417 0.024236 0.000217 0.000129
 0.000129 0.893838 0.019433 0.086600
 0.004933 0.720878 0.014629 0.259561
 0.009737 0.802558 0.000217 0.187488
 0.028953 0.394153 0.009825 0.567070
 0.120227 0.005021 0.860211 0.014541
 0.019345 0.005021 0.000217 0.975417
 0.028952 0.884232 0.038648 0.048168
 0.014541 0.000217 0.000217 0.985025
 0.000129 0.956289 0.019433 0.024149
 0.259563 0.019432 0.000217 0.720787
 0.951398 0.009825 0.029040 0.009737

MOTIF 15-ACTACAAYTCCCA STREME-15
letter-probability matrix: alength= 4 w= 13 nsites= 363 E= 2.2e-006
 0.981372 0.003183 0.015363 0.000082
 0.000082 0.999698 0.000138 0.000082
 0.000082 0.071193 0.000138 0.928587
 0.992288 0.000138 0.007492 0.000082
 0.012263 0.987518 0.000138 0.000082
 0.823017 0.024499 0.124995 0.027489
 0.536656 0.070183 0.124996 0.268165
 0.088396 0.395354 0.128040 0.388210
 0.016572 0.061042 0.000138 0.922249
 0.006172 0.966201 0.000138 0.027489
 0.000082 0.999698 0.000138 0.000082
 0.000082 0.999698 0.000138 0.000082
 0.737729 0.000138 0.255961 0.006172

MOTIF 16-GTGASTCAC STREME-16
letter-probability matrix: alength= 4 w= 9 nsites= 1514 E= 7.4e-006
 0.248992 0.146426 0.599210 0.005372
 0.000063 0.000105 0.000105 0.999727
 0.031193 0.012954 0.909038 0.046815
 0.865021 0.016964 0.117952 0.000063
 0.000656 0.499344 0.499344 0.000656
 0.000063 0.117952 0.016964 0.865021
 0.046815 0.909038 0.012954 0.031193
 0.999727 0.000105 0.000105 0.000063
 0.005372 0.599210 0.146426 0.248992

MOTIF 17-CTCGGCBTC STREME-17
letter-probability matrix: alength= 4 w= 9 nsites= 3799 E= 1.9e-005
 0.037686 0.839864 0.122387 0.000063
 0.000063 0.000106 0.000106 0.999724
 0.074706 0.854832 0.000106 0.070355
 0.202549 0.000106 0.797281 0.000063
 0.038127 0.000106 0.760133 0.201634
 0.027850 0.602522 0.107002 0.262626
 0.004673 0.322435 0.236761 0.436130
 0.139055 0.000106 0.000106 0.860732
 0.040500 0.854954 0.000106 0.104440

MOTIF 18-GCTCACTGCAACCT STREME-18
letter-probability matrix: alength= 4 w= 14 nsites= 281 E= 4.5e-005
 0.030588 0.012516 0.948565 0.008331
 0.020661 0.942051 0.016626 0.020661
 0.000111 0.000186 0.000186 0.999518
 0.000111 0.970821 0.000186 0.028882
 0.987188 0.004296 0.000186 0.008331
 0.004221 0.946161 0.016626 0.032992
 0.004221 0.042994 0.000186 0.952599
 0.020661 0.000186 0.974932 0.004221
 0.004221 0.958492 0.000186 0.037102
 0.896761 0.012516 0.012516 0.078206
 0.671257 0.004296 0.320227 0.004221
 0.016551 0.768622 0.148953 0.065874
 0.008331 0.970821 0.000186 0.020662
 0.045325 0.000186 0.020738 0.933752

MOTIF 19-CCCYCTAGTGGC STREME-19
letter-probability matrix: alength= 4 w= 12 nsites= 239 E= 3.6e-004
 0.045603 0.921481 0.000293 0.032624
 0.000175 0.979888 0.000293 0.019644
 0.247709 0.745333 0.006783 0.000175
 0.017555 0.358447 0.000293 0.623705
 0.000175 0.999357 0.000293 0.000175
 0.000175 0.000293 0.000293 0.999239
 0.629935 0.000293 0.304877 0.064895
 0.000175 0.000293 0.999357 0.000175
 0.000175 0.032743 0.000293 0.966789
 0.000175 0.000293 0.999357 0.000175
 0.026133 0.000293 0.953930 0.019644
 0.105868 0.709996 0.033993 0.150143

MOTIF 20-AATTAGCYRGGCRTG STREME-20
letter-probability matrix: alength= 4 w= 15 nsites= 227 E= 5.2e-004
 0.964734 0.011519 0.009575 0.014172
 0.980723 0.000212 0.018940 0.000126
 0.000126 0.042349 0.000212 0.957313
 0.009490 0.051713 0.000212 0.938585
 0.985405 0.000212 0.004894 0.009490
 0.032900 0.000212 0.966763 0.000126
 0.032900 0.952717 0.009575 0.004808
 0.018854 0.643667 0.009575 0.327904
 0.372007 0.004894 0.613610 0.009490
 0.056310 0.000212 0.938671 0.004808
 0.075038 0.014257 0.901215 0.009490
 0.000126 0.782216 0.004894 0.212764
 0.351321 0.032985 0.601522 0.014172
 0.000126 0.032985 0.028303 0.938585
 0.065674 0.014257 0.882487 0.037582

MOTIF 21-ATTGCRCCACTGCAC STREME-21
letter-probability matrix: alength= 4 w= 15 nsites= 181 E= 1.0e-003
 0.978846 0.000271 0.020722 0.000161
 0.018127 0.072135 0.006259 0.903478
 0.012139 0.311687 0.012248 0.663927
 0.155867 0.036204 0.759858 0.048070
 0.000161 0.699965 0.000271 0.299603
 0.574094 0.018237 0.407508 0.000161
 0.024116 0.867653 0.006259 0.101972
 0.042082 0.909577 0.006259 0.042082
 0.984835 0.000271 0.014733 0.000161
 0.006150 0.873645 0.000271 0.119935
 0.030105 0.072135 0.000271 0.897490
 0.042082 0.000271 0.951497 0.006150
 0.042083 0.897598 0.012248 0.048071
 0.969354 0.006259 0.012248 0.012139
 0.006150 0.825731 0.000271 0.167848

MOTIF 22-AAAGCAAA STREME-22
letter-probability matrix: alength= 4 w= 8 nsites= 2398 E= 1.3e-003
 0.947308 0.000277 0.047141 0.005273
 0.885215 0.008918 0.022870 0.082997
 0.829042 0.042439 0.010437 0.118082
 0.000165 0.033711 0.870041 0.096083
 0.103639 0.577262 0.238693 0.080405
 0.949639 0.035193 0.012304 0.002864
 0.970413 0.000277 0.009408 0.019902
 0.768860 0.000277 0.181865 0.048998

MOTIF 23-CAGCACCAYGGACA STREME-23
letter-probability matrix: alength= 4 w= 14 nsites= 188 E= 2.2e-003
 0.020094 0.934637 0.010205 0.035064
 0.984445 0.015195 0.000226 0.000134
 0.025084 0.000226 0.974556 0.000134
 0.040054 0.834837 0.090045 0.035064
 0.979455 0.005215 0.000226 0.015104
 0.005124 0.949606 0.040145 0.005124
 0.000134 0.989526 0.000226 0.010114
 0.563195 0.045139 0.154925 0.236742
 0.099936 0.376581 0.139099 0.384384
 0.005124 0.020185 0.944616 0.030074
 0.020094 0.045135 0.919667 0.015104
 0.877584 0.092117 0.005215 0.025084
 0.000134 0.832764 0.147008 0.020094
 0.969475 0.015195 0.015195 0.000134

MOTIF 24-GGAGGAGGAGGAGGA STREME-24
letter-probability matrix: alength= 4 w= 15 nsites= 113 E= 4.2e-003
 0.040642 0.126598 0.782032 0.050729
 0.070911 0.166105 0.742530 0.020454
 0.802034 0.136689 0.061005 0.000272
 0.111278 0.111459 0.776990 0.000272
 0.020454 0.000456 0.978818 0.000272
 0.918085 0.071096 0.010547 0.000272
 0.010363 0.010547 0.948545 0.030545
 0.040636 0.000456 0.958636 0.000272
 0.906797 0.072293 0.010547 0.010363
 0.000272 0.000456 0.978818 0.020454
 0.060820 0.040821 0.898087 0.000272
 0.923989 0.040821 0.010547 0.024642
 0.020454 0.000456 0.978818 0.000272
 0.010364 0.030730 0.958634 0.000272
 0.968539 0.010548 0.020641 0.000272

MOTIF 25-GGTCACGTGACC STREME-25
letter-probability matrix: alength= 4 w= 12 nsites= 352 E= 1.1e-002
 0.181790 0.176767 0.479774 0.161669
 0.208456 0.157935 0.633185 0.000424
 0.000093 0.258273 0.058515 0.683119
 0.000093 0.999659 0.000156 0.000093
 0.999596 0.000156 0.000156 0.000093
 0.000093 0.933572 0.000156 0.066179
 0.066179 0.000156 0.933572 0.000093
 0.000093 0.000156 0.000156 0.999596
 0.000093 0.000156 0.999659 0.000093
 0.683119 0.058515 0.258273 0.000093
 0.000424 0.633185 0.157935 0.208456
 0.161669 0.479774 0.176767 0.181790

MOTIF 26-GGCTCCGCCCA STREME-26
letter-probability matrix: alength= 4 w= 11 nsites= 291 E= 1.3e-002
 0.013689 0.004134 0.965311 0.016866
 0.007479 0.007489 0.969860 0.015172
 0.001224 0.984064 0.010658 0.004054
 0.057268 0.043221 0.001756 0.897756
 0.003329 0.926044 0.045724 0.024903
 0.065303 0.900950 0.010658 0.023088
 0.170286 0.000556 0.828883 0.000275
 0.000801 0.959173 0.033555 0.006471
 0.001224 0.981415 0.002732 0.014629
 0.015172 0.938602 0.031054 0.015172
 0.731915 0.174734 0.010658 0.082693

MOTIF 27-CAAAGTCCA STREME-27
letter-probability matrix: alength= 4 w= 9 nsites= 848 E= 2.6e-002
 0.000137 0.997037 0.000229 0.002597
 0.968188 0.000229 0.009730 0.021852
 0.876801 0.000229 0.114115 0.008854
 0.960848 0.003090 0.035926 0.000137
 0.000137 0.000229 0.975565 0.024069
 0.000137 0.066487 0.000229 0.933147
 0.038427 0.808126 0.042861 0.110586
 0.047357 0.928010 0.009709 0.014924
 0.834835 0.045441 0.000229 0.119495

MOTIF 28-GCGGCTGCAG STREME-28
letter-probability matrix: alength= 4 w= 10 nsites= 1115 E= 4.2e-002
 0.000166 0.033005 0.855942 0.110888
 0.108607 0.735071 0.066177 0.090145
 0.087655 0.106138 0.739120 0.067087
 0.000166 0.000278 0.962574 0.036982
 0.000166 0.960814 0.008478 0.030542
 0.016885 0.078289 0.000278 0.904547
 0.002605 0.000278 0.975945 0.021172
 0.000166 0.986108 0.000278 0.013449
 0.941214 0.000278 0.039114 0.019393
 0.006317 0.070989 0.912520 0.010174

MOTIF 29-ACACACRCACACACR STREME-29
letter-probability matrix: alength= 4 w= 15 nsites= 308 E= 5.4e-002
 0.999546 0.000175 0.000175 0.000104
 0.000104 0.988009 0.000175 0.011712
 0.821556 0.000175 0.158818 0.019451
 0.000104 0.868059 0.065953 0.065883
 0.773519 0.004044 0.148815 0.073621
 0.007843 0.850173 0.050476 0.091508
 0.627545 0.007914 0.341221 0.023320
 0.000104 0.805347 0.108516 0.086033
 0.806080 0.019522 0.131732 0.042667
 0.077490 0.799545 0.055951 0.067013
 0.595527 0.058215 0.210727 0.135531
 0.027190 0.928034 0.015652 0.029124
 0.916355 0.027260 0.021456 0.034928
 0.007843 0.864190 0.031130 0.096837
 0.373704 0.076163 0.381312 0.168821

MOTIF 30-AGTGCAGTGG STREME-30
letter-probability matrix: alength= 4 w= 10 nsites= 108 E= 8.1e-002
 0.926064 0.028482 0.028482 0.016973
 0.016973 0.028482 0.937573 0.016973
 0.016973 0.028482 0.028482 0.926064
 0.016973 0.028482 0.937573 0.016973
 0.016973 0.937573 0.028482 0.016973
 0.926064 0.028482 0.028482 0.016973
 0.016973 0.028482 0.937573 0.016973
 0.016973 0.028482 0.028482 0.926064
 0.016973 0.028482 0.937573 0.016973
 0.016973 0.028482 0.937573 0.016973

MOTIF 31-CCACGTGG STREME-31
letter-probability matrix: alength= 4 w= 8 nsites= 1174 E= 8.3e-002
 0.122462 0.614111 0.263084 0.000342
 0.032301 0.891767 0.075589 0.000342
 0.998508 0.000575 0.000575 0.000342
 0.000342 0.998740 0.000575 0.000342
 0.000342 0.000575 0.998740 0.000342
 0.000342 0.000575 0.000575 0.998508
 0.000342 0.075589 0.891767 0.032301
 0.000342 0.263084 0.614111 0.122462

MOTIF 32-CSGGGWCCCSG STREME-32
letter-probability matrix: alength= 4 w= 11 nsites= 1438 E= 9.5e-002
 0.002432 0.853650 0.014508 0.129410
 0.000059 0.400444 0.505415 0.094081
 0.197855 0.032289 0.766487 0.003369
 0.075954 0.170024 0.738677 0.015345
 0.074570 0.000100 0.896875 0.028455
 0.499900 0.000100 0.000100 0.499900
 0.028455 0.896875 0.000100 0.074570
 0.015345 0.738677 0.170024 0.075954
 0.003369 0.766487 0.032289 0.197855
 0.094081 0.505415 0.400444 0.000059
 0.129410 0.014508 0.853650 0.002432

MOTIF 33-CRGCCAATCRG STREME-33
letter-probability matrix: alength= 4 w= 11 nsites= 548 E= 1.2e-001
 0.024243 0.615280 0.193042 0.167434
 0.574879 0.027125 0.397911 0.000085
 0.172131 0.000143 0.792819 0.034906
 0.000085 0.999686 0.000143 0.000085
 0.000085 0.999686 0.000143 0.000085
 0.999628 0.000143 0.000143 0.000085
 0.999628 0.000143 0.000143 0.000085
 0.000085 0.000143 0.000143 0.999628
 0.000085 0.694748 0.305081 0.000085
 0.599484 0.038535 0.361896 0.000085
 0.059249 0.125005 0.791727 0.024019

MOTIF 34-CTCGAACTCCTGACC STREME-34
letter-probability matrix: alength= 4 w= 15 nsites= 203 E= 1.4e-001
 0.012655 0.961920 0.006526 0.018899
 0.012656 0.006526 0.000282 0.980536
 0.006412 0.693397 0.050233 0.249958
 0.181253 0.043988 0.768348 0.006412
 0.968049 0.006526 0.019013 0.006412
 0.893124 0.019013 0.019013 0.068850
 0.006412 0.924458 0.025257 0.043874
 0.012655 0.025258 0.031500 0.930586
 0.012655 0.955676 0.006526 0.025143
 0.043875 0.930700 0.012770 0.012655
 0.000168 0.031502 0.025257 0.943073
 0.062605 0.031500 0.899483 0.006412
 0.830681 0.012769 0.156381 0.000168
 0.012655 0.855776 0.100182 0.031386
 0.012655 0.936945 0.006526 0.043874

MOTIF 35-CCCGCCC STREME-35
letter-probability matrix: alength= 4 w= 7 nsites= 2116 E= 3.8e-001
 0.016973 0.937573 0.028482 0.016973
 0.016973 0.937573 0.028482 0.016973
 0.016973 0.937573 0.028482 0.016973
 0.016973 0.028482 0.937573 0.016973
 0.016973 0.937573 0.028482 0.016973
 0.016973 0.937573 0.028482 0.016973
 0.016973 0.937573 0.028482 0.016973

MOTIF 36-AGGAAATG STREME-36
letter-probability matrix: alength= 4 w= 8 nsites= 189 E= 4.1e-001
 0.926064 0.028482 0.028482 0.016973
 0.016973 0.028482 0.937573 0.016973
 0.016973 0.028482 0.937573 0.016973
 0.926064 0.028482 0.028482 0.016973
 0.926064 0.028482 0.028482 0.016973
 0.926064 0.028482 0.028482 0.016973
 0.016973 0.028482 0.028482 0.926064
 0.016973 0.028482 0.937573 0.016973

MOTIF 37-GCAGCCCCAGCT STREME-37
letter-probability matrix: alength= 4 w= 12 nsites= 1030 E= 4.3e-001
 0.003120 0.018970 0.909870 0.068040
 0.026352 0.805768 0.025355 0.142524
 0.957796 0.000102 0.042042 0.000061
 0.073519 0.006742 0.887787 0.031952
 0.053448 0.877351 0.005640 0.063561
 0.110756 0.794930 0.027194 0.067119
 0.134462 0.730358 0.042282 0.092898
 0.040920 0.858805 0.060139 0.040136
 0.807528 0.013213 0.068483 0.110775
 0.065823 0.064879 0.845482 0.023816
 0.032803 0.796531 0.134846 0.035820
 0.133188 0.103069 0.071289 0.692455

MOTIF 38-CTCACTATGTCCC STREME-38
letter-probability matrix: alength= 4 w= 13 nsites= 70 E= 5.4e-001
 0.000371 0.915948 0.055748 0.027933
 0.014152 0.000623 0.014404 0.970821
 0.014152 0.971073 0.000623 0.014152
 0.937539 0.047686 0.014404 0.000371
 0.014152 0.984854 0.000623 0.000371
 0.000371 0.193564 0.069529 0.736536
 0.750318 0.110875 0.124655 0.014152
 0.027934 0.000623 0.028185 0.943258
 0.014152 0.089029 0.855105 0.041714
 0.014152 0.083310 0.069528 0.833010
 0.027933 0.888386 0.028185 0.055496
 0.083061 0.805696 0.069529 0.041714
 0.027933 0.915948 0.041967 0.014152

MOTIF 39-GACTGCTGYGCTAGC STREME-39
letter-probability matrix: alength= 4 w= 15 nsites= 39 E= 5.4e-001
 0.001030 0.001729 0.996211 0.001030
 0.995513 0.001729 0.001729 0.001030
 0.001030 0.996211 0.001729 0.001030
 0.001030 0.001729 0.001729 0.995513
 0.001030 0.001729 0.996211 0.001030
 0.001030 0.996211 0.001729 0.001030
 0.001030 0.001729 0.001729 0.995513
 0.001030 0.001729 0.957968 0.039273
 0.001030 0.498933 0.001729 0.498309
 0.077518 0.001729 0.881481 0.039273
 0.001030 0.957968 0.001729 0.039273
 0.001030 0.001729 0.001729 0.995513
 0.995513 0.001729 0.001729 0.001030
 0.001030 0.001729 0.996211 0.001030
 0.001030 0.996211 0.001729 0.001030

MOTIF 40-CTCTCTCTCTCTCYC STREME-40
letter-probability matrix: alength= 4 w= 15 nsites= 158 E= 6.6e-001
 0.000206 0.735852 0.099838 0.164103
 0.000206 0.007999 0.023306 0.968488
 0.000206 0.892096 0.023306 0.084392
 0.000206 0.000346 0.115145 0.884303
 0.030819 0.807909 0.046266 0.115006
 0.015513 0.058057 0.058200 0.868231
 0.061432 0.876789 0.000346 0.061432
 0.000206 0.072402 0.115146 0.812246
 0.000206 0.976282 0.000346 0.023166
 0.030819 0.177138 0.000346 0.791697
 0.000206 0.853829 0.061572 0.084393
 0.061432 0.000346 0.099840 0.838382
 0.023166 0.861481 0.000346 0.115007
 0.000206 0.466859 0.076879 0.456057
 0.000206 0.983935 0.000346 0.015513

MOTIF 41-GGCCTGGGAACC STREME-41
letter-probability matrix: alength= 4 w= 12 nsites= 274 E= 8.1e-001
 0.109889 0.000234 0.684740 0.205137
 0.100429 0.000234 0.891877 0.007460
 0.068663 0.867917 0.000234 0.063185
 0.000139 0.886068 0.019262 0.094531
 0.000139 0.052222 0.000234 0.947404
 0.035474 0.034072 0.877582 0.052872
 0.000139 0.000234 0.927726 0.071900
 0.076066 0.015754 0.812770 0.095410
 0.999393 0.000234 0.000234 0.000139
 0.897947 0.000234 0.000234 0.101585
 0.015660 0.680628 0.197101 0.106611
 0.142211 0.574477 0.182787 0.100525

MOTIF 42-CTTCMTCYTC STREME-42
letter-probability matrix: alength= 4 w= 10 nsites= 819 E= 1.1e+000
 0.026874 0.972868 0.000161 0.000096
 0.038262 0.000161 0.030707 0.930869
 0.013345 0.000161 0.000161 0.986333
 0.011779 0.987963 0.000161 0.000096
 0.267552 0.503601 0.166395 0.062452
 0.019650 0.000161 0.172610 0.807579
 0.080691 0.586504 0.188108 0.144697
 0.066405 0.552046 0.017775 0.363774
 0.000096 0.000161 0.000161 0.999581
 0.082495 0.628023 0.000161 0.289321

MOTIF 43-CATGGCAACMG STREME-43
letter-probability matrix: alength= 4 w= 11 nsites= 113 E= 1.1e+000
 0.019090 0.908279 0.000506 0.072125
 0.998686 0.000506 0.000506 0.000302
 0.000302 0.000506 0.000506 0.998686
 0.105717 0.027545 0.719840 0.146898
 0.011498 0.000506 0.987695 0.000302
 0.000302 0.974342 0.000506 0.024851
 0.751020 0.000506 0.248173 0.000302
 0.998686 0.000506 0.000506 0.000302
 0.000302 0.998891 0.000506 0.000302
 0.462574 0.316782 0.220342 0.000302
 0.191691 0.127654 0.603882 0.076773

MOTIF 44-GCAAACA STREME-44
letter-probability matrix: alength= 4 w= 7 nsites= 637 E= 1.1e+000
 0.016973 0.028482 0.937573 0.016973
 0.016973 0.937573 0.028482 0.016973
 0.926064 0.028482 0.028482 0.016973
 0.926064 0.028482 0.028482 0.016973
 0.926064 0.028482 0.028482 0.016973
 0.016973 0.937573 0.028482 0.016973
 0.926064 0.028482 0.028482 0.016973

MOTIF 45-YCAAGGYCA STREME-45
letter-probability matrix: alength= 4 w= 9 nsites= 447 E= 1.2e+000
 0.000218 0.622836 0.000366 0.376580
 0.209611 0.789805 0.000366 0.000218
 0.999051 0.000366 0.000366 0.000218
 0.999051 0.000366 0.000366 0.000218
 0.114487 0.000366 0.884930 0.000218
 0.000218 0.000366 0.826429 0.172987
 0.085479 0.573671 0.000366 0.340485
 0.000218 0.999198 0.000366 0.000218
 0.999051 0.000366 0.000366 0.000218

MOTIF 46-TAMKTA STREME-46
letter-probability matrix: alength= 4 w= 6 nsites= 966 E= 1.2e+000
 0.016973 0.028482 0.028482 0.926064
 0.926064 0.028482 0.028482 0.016973
 0.471518 0.483027 0.028482 0.016973
 0.016973 0.028482 0.483027 0.471518
 0.016973 0.028482 0.028482 0.926064
 0.926064 0.028482 0.028482 0.016973

MOTIF 47-ATTGCRTCAT STREME-47
letter-probability matrix: alength= 4 w= 10 nsites= 135 E= 1.3e+000
 0.733532 0.000535 0.265614 0.000319
 0.000319 0.000535 0.000535 0.998611
 0.000319 0.000535 0.000535 0.998611
 0.106833 0.000535 0.846564 0.046068
 0.000319 0.904149 0.000535 0.094997
 0.539035 0.000535 0.296416 0.164014
 0.000319 0.000535 0.000535 0.998611
 0.000319 0.998828 0.000535 0.000319
 0.998611 0.000535 0.000535 0.000319
 0.000319 0.243952 0.173053 0.582676

MOTIF 48-AGCCCCGAGGC STREME-48
letter-probability matrix: alength= 4 w= 11 nsites= 274 E= 1.4e+000
 0.813096 0.052400 0.084717 0.049787
 0.000245 0.089144 0.896332 0.014279
 0.260396 0.738946 0.000412 0.000245
 0.000245 0.940090 0.000412 0.059253
 0.014279 0.938668 0.000412 0.046641
 0.000245 0.999098 0.000412 0.000245
 0.000245 0.000412 0.999098 0.000245
 0.813473 0.185870 0.000412 0.000245
 0.000245 0.055068 0.944442 0.000245
 0.000245 0.260981 0.738528 0.000245
 0.000245 0.825100 0.174409 0.000245

MOTIF 49-CCCAGC STREME-49
letter-probability matrix: alength= 4 w= 6 nsites= 5284 E= 1.5e+000
 0.016973 0.937573 0.028482 0.016973
 0.016973 0.937573 0.028482 0.016973
 0.016973 0.937573 0.028482 0.016973
 0.926064 0.028482 0.028482 0.016973
 0.016973 0.028482 0.937573 0.016973
 0.016973 0.937573 0.028482 0.016973

MOTIF 50-AGATAA STREME-50
letter-probability matrix: alength= 4 w= 6 nsites= 606 E= 1.7e+000
 0.926064 0.028482 0.028482 0.016973
 0.016973 0.028482 0.937573 0.016973
 0.926064 0.028482 0.028482 0.016973
 0.016973 0.028482 0.028482 0.926064
 0.926064 0.028482 0.028482 0.016973
 0.926064 0.028482 0.028482 0.016973

MOTIF 51-CACTCACCT STREME-51
letter-probability matrix: alength= 4 w= 9 nsites= 552 E= 1.8e+000
 0.015675 0.949049 0.031904 0.003373
 0.804175 0.059944 0.135579 0.000303
 0.001123 0.996782 0.000508 0.001587
 0.000303 0.081452 0.016952 0.901293
 0.025464 0.752840 0.186249 0.035448
 0.978771 0.000508 0.020418 0.000303
 0.002015 0.995244 0.001417 0.001324
 0.034614 0.941180 0.007510 0.016696
 0.067113 0.039930 0.106590 0.786367

MOTIF 52-GCAGAGCTGGG STREME-52
letter-probability matrix: alength= 4 w= 11 nsites= 367 E= 2.0e+000
 0.076974 0.031260 0.882588 0.009178
 0.025905 0.914547 0.020880 0.038669
 0.852756 0.033753 0.101748 0.011744
 0.017926 0.011952 0.947451 0.022671
 0.932639 0.046119 0.000517 0.020725
 0.005970 0.015338 0.970937 0.007755
 0.044199 0.902173 0.008814 0.044814
 0.017604 0.093869 0.021185 0.867342
 0.040834 0.041006 0.902538 0.015622
 0.022426 0.032596 0.905759 0.039219
 0.009277 0.002116 0.954497 0.034110

MOTIF 53-AAAAAAAAAAAAAAA STREME-53
letter-probability matrix: alength= 4 w= 15 nsites= 115 E= 2.0e+000
 0.904643 0.039655 0.004650 0.051052
 0.899017 0.028739 0.042792 0.029451
 0.899985 0.042792 0.056844 0.000378
 0.942142 0.028739 0.028740 0.000378
 0.899986 0.042792 0.014687 0.042535
 0.970247 0.000635 0.014687 0.014431
 0.885933 0.099001 0.014687 0.000378
 0.871881 0.056844 0.042792 0.028483
 0.914038 0.056844 0.028739 0.000378
 0.885934 0.056844 0.014687 0.042535
 0.885934 0.056844 0.028739 0.028483
 0.857828 0.028740 0.113053 0.000378
 0.771091 0.070897 0.126612 0.031400
 0.907234 0.028713 0.035570 0.028483
 0.912180 0.020844 0.014687 0.052289

MOTIF 54-CTAGACCAAGGAG STREME-54
letter-probability matrix: alength= 4 w= 13 nsites= 55 E= 2.2e+000
 0.000610 0.997756 0.001024 0.000610
 0.000610 0.001024 0.001024 0.997343
 0.997343 0.001024 0.001024 0.000610
 0.000610 0.023670 0.975110 0.000610
 0.952049 0.046317 0.001024 0.000610
 0.023256 0.975110 0.001024 0.000610
 0.000610 0.975110 0.001024 0.023256
 0.997343 0.001024 0.001024 0.000610
 0.816158 0.023670 0.136916 0.023256
 0.000610 0.091615 0.907165 0.000610
 0.000610 0.023670 0.975110 0.000610
 0.997343 0.001024 0.001024 0.000610
 0.000610 0.023670 0.975110 0.000610

MOTIF 55-GCCAGGAAGCTCGAA STREME-55
letter-probability matrix: alength= 4 w= 15 nsites= 43 E= 2.2e+000
 0.025318 0.099732 0.874286 0.000664
 0.074630 0.923592 0.001114 0.000664
 0.000664 0.923594 0.050424 0.025318
 0.814285 0.011346 0.173704 0.000664
 0.000664 0.001114 0.997558 0.000664
 0.000664 0.001114 0.997558 0.000664
 0.972453 0.001114 0.025769 0.000664
 0.972453 0.001114 0.025769 0.000664
 0.025318 0.001114 0.972903 0.000664
 0.000664 0.923595 0.050423 0.025318
 0.049973 0.025769 0.025769 0.898490
 0.025318 0.800320 0.025769 0.148593
 0.099282 0.109965 0.790089 0.000664
 0.923143 0.001114 0.075078 0.000664
 0.873833 0.001114 0.124389 0.000664

MOTIF 56-CTACCGCTAGACCAM STREME-56
letter-probability matrix: alength= 4 w= 15 nsites= 35 E= 2.2e+000
 0.031947 0.872482 0.001406 0.094165
 0.063056 0.001406 0.001406 0.934132
 0.996350 0.001406 0.001406 0.000838
 0.000838 0.965809 0.001406 0.031947
 0.000838 0.748041 0.032515 0.218606
 0.280824 0.032515 0.623605 0.063056
 0.000838 0.996918 0.001406 0.000838
 0.000838 0.032515 0.032515 0.934132
 0.871914 0.001406 0.125842 0.000838
 0.000838 0.001406 0.965809 0.031947
 0.996350 0.001406 0.001406 0.000838
 0.000838 0.996918 0.001406 0.000838
 0.000838 0.996918 0.001406 0.000838
 0.996350 0.001406 0.001406 0.000838
 0.280830 0.468051 0.032515 0.218604

MOTIF 57-GCCTTCTGTTATGCC STREME-57
letter-probability matrix: alength= 4 w= 15 nsites= 35 E= 2.2e+000
 0.000957 0.001606 0.996480 0.000957
 0.036486 0.925423 0.037135 0.000957
 0.000957 0.996480 0.001606 0.000957
 0.000957 0.250314 0.037135 0.711595
 0.000957 0.001606 0.001606 0.995831
 0.000957 0.960952 0.001606 0.036486
 0.000957 0.001606 0.001606 0.995831
 0.000957 0.037135 0.960952 0.000957
 0.000957 0.001606 0.001606 0.995831
 0.000957 0.214781 0.001606 0.782657
 0.960303 0.001606 0.037135 0.000957
 0.000957 0.108193 0.001606 0.889244
 0.000957 0.001606 0.960952 0.036486
 0.000957 0.960952 0.037135 0.000957
 0.000957 0.996480 0.001606 0.000957

MOTIF 58-TTRYRYAA STREME-58
letter-probability matrix: alength= 4 w= 8 nsites= 372 E= 2.3e+000
 0.009276 0.042878 0.000474 0.947371
 0.029137 0.000474 0.000474 0.969914
 0.585289 0.000474 0.365924 0.048312
 0.000283 0.525337 0.000474 0.473906
 0.473906 0.000474 0.525337 0.000283
 0.048312 0.365924 0.000474 0.585289
 0.969914 0.000474 0.000474 0.029137
 0.947371 0.000474 0.042878 0.009276

MOTIF 59-ASGTGAC STREME-59
letter-probability matrix: alength= 4 w= 7 nsites= 3160 E= 2.4e+000
 0.829346 0.169892 0.000477 0.000284
 0.164447 0.286869 0.460955 0.087729
 0.000284 0.000477 0.998954 0.000284
 0.000284 0.000477 0.000477 0.998761
 0.315554 0.000477 0.683684 0.000284
 0.998761 0.000477 0.000477 0.000284
 0.000284 0.998954 0.000477 0.000284

MOTIF 60-AGCGAGACTCYGT STREME-60
letter-probability matrix: alength= 4 w= 13 nsites= 94 E= 2.5e+000
 0.940073 0.047372 0.012240 0.000315
 0.000315 0.000529 0.998840 0.000315
 0.012026 0.748040 0.035661 0.204272
 0.244258 0.017100 0.726616 0.012026
 0.963494 0.000529 0.012240 0.023737
 0.105713 0.000529 0.893442 0.000315
 0.893228 0.000529 0.082506 0.023737
 0.000315 0.987129 0.000529 0.012026
 0.035448 0.012240 0.023950 0.928362
 0.035448 0.940287 0.000529 0.023737
 0.000315 0.649490 0.023950 0.326244
 0.087151 0.023950 0.888583 0.000315
 0.000315 0.047372 0.059083 0.893230

MOTIF 61-CCAGCAGGGGGAGC STREME-61
letter-probability matrix: alength= 4 w= 14 nsites= 82 E= 2.5e+000
 0.024492 0.933371 0.029728 0.012409
 0.000325 0.998803 0.000546 0.000325
 0.768987 0.000546 0.024713 0.205754
 0.012409 0.169720 0.817546 0.000325
 0.000325 0.863554 0.123712 0.012409
 0.998582 0.000546 0.000546 0.000325
 0.000325 0.000546 0.998803 0.000325
 0.321875 0.000546 0.665170 0.012409
 0.024492 0.000546 0.829631 0.145330
 0.000325 0.012629 0.986720 0.000325
 0.000325 0.000546 0.998803 0.000325
 0.829410 0.000546 0.000546 0.169497
 0.000325 0.000546 0.998803 0.000325
 0.012409 0.986720 0.000546 0.000325

MOTIF 62-CTCAGCAATGGCR STREME-62
letter-probability matrix: alength= 4 w= 13 nsites= 63 E= 2.5e+000
 0.000448 0.865350 0.100504 0.033698
 0.000448 0.000751 0.000751 0.998049
 0.000448 0.998353 0.000751 0.000448
 0.931549 0.000751 0.017377 0.050323
 0.000448 0.000751 0.998353 0.000448
 0.000448 0.848724 0.000751 0.150077
 0.798543 0.183632 0.017377 0.000448
 0.998049 0.000751 0.000751 0.000448
 0.000448 0.017377 0.017377 0.964799
 0.000448 0.017377 0.981728 0.000448
 0.000448 0.000751 0.998353 0.000448
 0.050323 0.732340 0.000751 0.216585
 0.399524 0.000751 0.482898 0.116826

MOTIF 63-ARCAGCAGCAGC STREME-63
letter-probability matrix: alength= 4 w= 12 nsites= 164 E= 2.7e+000
 0.999247 0.000290 0.000290 0.000173
 0.386744 0.079860 0.505691 0.027705
 0.095513 0.756443 0.000290 0.147754
 0.999247 0.000290 0.000290 0.000173
 0.257296 0.000290 0.742241 0.000173
 0.000173 0.938952 0.000290 0.060585
 0.999247 0.000290 0.000290 0.000173
 0.152348 0.063199 0.677716 0.106737
 0.017816 0.936806 0.000290 0.045088
 0.999247 0.000290 0.000290 0.000173
 0.102220 0.168663 0.668605 0.060513
 0.000173 0.951782 0.000290 0.047755

MOTIF 64-GTCAACA STREME-64
letter-probability matrix: alength= 4 w= 7 nsites= 397 E= 2.8e+000
 0.016973 0.028482 0.937573 0.016973
 0.016973 0.028482 0.028482 0.926064
 0.016973 0.937573 0.028482 0.016973
 0.926064 0.028482 0.028482 0.016973
 0.926064 0.028482 0.028482 0.016973
 0.016973 0.937573 0.028482 0.016973
 0.926064 0.028482 0.028482 0.016973

MOTIF 65-CTTTGTTCYY STREME-65
letter-probability matrix: alength= 4 w= 10 nsites= 715 E= 2.9e+000
 0.000111 0.825805 0.073961 0.100123
 0.074461 0.000186 0.033320 0.892033
 0.000111 0.000186 0.000186 0.999517
 0.004565 0.046076 0.072195 0.877164
 0.106201 0.000186 0.893502 0.000111
 0.270330 0.064665 0.000186 0.664819
 0.000111 0.043937 0.000186 0.955766
 0.000111 0.968782 0.000186 0.030920
 0.034974 0.459694 0.136414 0.368918
 0.033126 0.479450 0.069490 0.417933

MOTIF 66-HTCTCGCGAGAD STREME-66
letter-probability matrix: alength= 4 w= 12 nsites= 93 E= 3.2e+000
 0.263987 0.312885 0.134460 0.288668
 0.000345 0.166469 0.000579 0.832607
 0.137424 0.861653 0.000579 0.000345
 0.003001 0.000579 0.006980 0.989440
 0.000345 0.998732 0.000579 0.000345
 0.000345 0.000579 0.998732 0.000345
 0.000345 0.998732 0.000579 0.000345
 0.000345 0.000579 0.998732 0.000345
 0.989440 0.006980 0.000579 0.003001
 0.000345 0.000579 0.861653 0.137424
 0.832607 0.000579 0.166469 0.000345
 0.288668 0.134460 0.312885 0.263987

MOTIF 67-GGAAAC STREME-67
letter-probability matrix: alength= 4 w= 6 nsites= 2163 E= 3.4e+000
 0.016973 0.028482 0.937573 0.016973
 0.016973 0.028482 0.937573 0.016973
 0.926064 0.028482 0.028482 0.016973
 0.926064 0.028482 0.028482 0.016973
 0.926064 0.028482 0.028482 0.016973
 0.016973 0.937573 0.028482 0.016973

MOTIF 68-CCACCACCACCA STREME-68
letter-probability matrix: alength= 4 w= 12 nsites= 65 E= 8.7e+000
 0.012335 0.952314 0.000804 0.034548
 0.036047 0.909318 0.036372 0.018263
 0.957356 0.009148 0.033017 0.000479
 0.000479 0.977791 0.003467 0.018263
 0.009371 0.953779 0.018587 0.018263
 0.852203 0.075376 0.071943 0.000479
 0.018263 0.941086 0.031280 0.009371
 0.018263 0.973074 0.000804 0.007860
 0.941132 0.057585 0.000804 0.000479
 0.009371 0.944884 0.009696 0.036049
 0.018264 0.944885 0.000804 0.036048
 0.748908 0.160882 0.089731 0.000479

MOTIF 69-ATGAATGAATGR STREME-69
letter-probability matrix: alength= 4 w= 12 nsites= 143 E= 1.8e+001
 0.810424 0.046538 0.081244 0.061794
 0.007906 0.008046 0.034337 0.949711
 0.000207 0.065129 0.788187 0.146476
 0.852829 0.008046 0.038840 0.100285
 0.883622 0.000348 0.077331 0.038699
 0.000207 0.038840 0.023443 0.937510
 0.123381 0.115823 0.760589 0.000207
 0.931120 0.000348 0.022135 0.046398
 0.829734 0.000348 0.000348 0.169570
 0.107984 0.054237 0.000348 0.837431
 0.172766 0.162013 0.557237 0.107984
 0.450626 0.108125 0.291578 0.149671

MOTIF 70-CGGGCGGATCAC STREME-70
letter-probability matrix: alength= 4 w= 12 nsites= 40 E= 3.5e+001
 0.000725 0.728113 0.001217 0.269945
 0.000725 0.001217 0.997333 0.000725
 0.000725 0.001217 0.916567 0.081491
 0.000725 0.001217 0.970412 0.027646
 0.000725 0.701192 0.001217 0.296866
 0.296872 0.001217 0.647343 0.054568
 0.000725 0.001217 0.997333 0.000725
 0.996841 0.001217 0.001217 0.000725
 0.000725 0.001217 0.001217 0.996841
 0.000725 0.997333 0.001217 0.000725
 0.996841 0.001217 0.001217 0.000725
 0.027646 0.781964 0.001217 0.189174

********************************************************************************
Stopped because 3 consecutive motifs exceeded the p-value threshold (0.05).
********************************************************************************
COMMAND:	streme --verbosity 1 --oc meme_out_incomplete_DL/HepG2_KDM2A-human_ENCFF649VKX/streme_out -dna --seed 0 --p meme_out_incomplete_DL/HepG2_KDM2A-human_ENCFF649VKX/seqs-centered --minw 6 --maxw 15 --time 6168 --order 2 --thresh 0.05 --align center --totallength 4000000 --parse-genomic-coord
********************************************************************************
CPU:		9f05ee173ae9
********************************************************************************
FINALTIME:	3908.56 seconds
********************************************************************************
