********************************************************************************
STREME - Sensitive, Thorough, Rapid, Enriched Motif Elicitation
********************************************************************************
MEME version 5.5.3 (Release date: Sat Jun 10 16:19:38 2023 -0700)

For further information on how to interpret these results please access http://localhost:8080/meme_5.5.3.
To get a copy of the MEME Suite software please access https://meme-suite.org.

********************************************************************************


********************************************************************************
REFERENCE
********************************************************************************
If you use this program in your research, please cite:

Timothy L. Bailey,
"STREME: accurate and versatile sequence motif discovery",
Bioinformatics, Mar. 24, 2021.
********************************************************************************


ALPHABET= ACGT

strands: + -

Background letter frequencies
A 0.241 C 0.259 G 0.259 T 0.241 

MOTIF 1-WWTRTTTRCTYW STREME-1
letter-probability matrix: alength= 4 w= 12 nsites= 7265 E= 6.2e-085
 0.481957 0.130656 0.118485 0.268902
 0.448370 0.130708 0.171047 0.249874
 0.000007 0.017213 0.000008 0.982772
 0.522082 0.000008 0.477903 0.000007
 0.001123 0.000008 0.001245 0.997624
 0.001244 0.000008 0.007916 0.990832
 0.006751 0.000008 0.099528 0.893713
 0.636931 0.000008 0.363054 0.000007
 0.032008 0.682307 0.001781 0.283904
 0.274742 0.166892 0.002069 0.556297
 0.106344 0.250954 0.167957 0.474746
 0.504982 0.007283 0.026083 0.461651

MOTIF 2-CMAAGGTCA STREME-2
letter-probability matrix: alength= 4 w= 9 nsites= 6445 E= 8.1e-053
 0.050651 0.635448 0.025950 0.287951
 0.408667 0.533430 0.037441 0.020462
 0.939327 0.000019 0.060636 0.000018
 0.955273 0.000019 0.044690 0.000018
 0.000018 0.000019 0.999946 0.000018
 0.017056 0.000019 0.798762 0.184163
 0.028612 0.213220 0.000019 0.758148
 0.000018 0.927014 0.018711 0.054257
 0.913881 0.003887 0.035832 0.046400

MOTIF 3-TTCCTRGAAAGC STREME-3
letter-probability matrix: alength= 4 w= 12 nsites= 2385 E= 6.7e-030
 0.036409 0.023523 0.013347 0.926721
 0.050846 0.039295 0.014867 0.894991
 0.031299 0.941522 0.011647 0.015531
 0.011449 0.907090 0.003765 0.077696
 0.011630 0.010531 0.000605 0.977234
 0.560460 0.075846 0.338290 0.025404
 0.014399 0.001772 0.982741 0.001088
 0.986408 0.003181 0.001772 0.008638
 0.746552 0.054510 0.144922 0.054016
 0.702895 0.038350 0.164180 0.094575
 0.118768 0.137791 0.564946 0.178495
 0.216031 0.530294 0.091122 0.162553

MOTIF 4-RTTRYRYAAY STREME-4
letter-probability matrix: alength= 4 w= 10 nsites= 2844 E= 9.5e-020
 0.423951 0.107838 0.468176 0.000034
 0.000034 0.000037 0.000037 0.999891
 0.000034 0.000037 0.165299 0.834630
 0.462415 0.000037 0.465852 0.071695
 0.043870 0.618278 0.014164 0.323688
 0.323688 0.014164 0.618278 0.043870
 0.071695 0.465852 0.000037 0.462415
 0.834630 0.165299 0.000037 0.000034
 0.999891 0.000037 0.000037 0.000034
 0.000034 0.468176 0.107838 0.423951

MOTIF 5-RTGASTCAY STREME-5
letter-probability matrix: alength= 4 w= 9 nsites= 1523 E= 7.4e-016
 0.417387 0.140976 0.441554 0.000083
 0.000083 0.000089 0.000089 0.999738
 0.000083 0.000089 0.999744 0.000083
 0.884698 0.000089 0.115129 0.000083
 0.029315 0.470685 0.470685 0.029315
 0.000083 0.115129 0.000089 0.884698
 0.000083 0.999744 0.000089 0.000083
 0.999738 0.000089 0.000089 0.000083
 0.000083 0.441554 0.140976 0.417387

MOTIF 6-CTTTGAHCT STREME-6
letter-probability matrix: alength= 4 w= 9 nsites= 3288 E= 1.9e-014
 0.007558 0.976551 0.015852 0.000040
 0.041961 0.240740 0.006174 0.711125
 0.114883 0.022303 0.010634 0.852180
 0.000040 0.019112 0.000043 0.980806
 0.000040 0.032083 0.967837 0.000040
 0.861489 0.055664 0.000043 0.082804
 0.329753 0.310588 0.012622 0.347037
 0.000040 0.849176 0.150745 0.000040
 0.015929 0.218765 0.002935 0.762371

MOTIF 7-CCCCGCCCCC STREME-7
letter-probability matrix: alength= 4 w= 10 nsites= 2488 E= 2.7e-013
 0.000046 0.964718 0.000049 0.035187
 0.000046 0.999859 0.000049 0.000046
 0.014659 0.985246 0.000049 0.000046
 0.066523 0.891511 0.000049 0.041916
 0.213858 0.000049 0.608395 0.177697
 0.008814 0.991090 0.000049 0.000046
 0.000046 0.999859 0.000049 0.000046
 0.000046 0.929458 0.000049 0.070447
 0.021359 0.886580 0.021226 0.070835
 0.090046 0.586970 0.217689 0.105295

MOTIF 8-CTGTAATCCCAGCWC STREME-8
letter-probability matrix: alength= 4 w= 15 nsites= 442 E= 3.9e-011
 0.002546 0.940680 0.014856 0.041917
 0.000086 0.000092 0.009935 0.989888
 0.100983 0.002553 0.891457 0.005007
 0.000086 0.027160 0.005013 0.967741
 0.940672 0.017317 0.039465 0.002546
 0.738835 0.007474 0.243762 0.009928
 0.005007 0.027161 0.002553 0.965280
 0.002546 0.938220 0.009935 0.049299
 0.005007 0.945604 0.002553 0.046836
 0.002546 0.869310 0.007474 0.120669
 0.967741 0.007474 0.022238 0.002546
 0.041918 0.005013 0.948062 0.005007
 0.014850 0.962827 0.000092 0.022232
 0.623160 0.012395 0.034544 0.329901
 0.305294 0.640395 0.012395 0.041915

MOTIF 9-AVRCAAACA STREME-9
letter-probability matrix: alength= 4 w= 9 nsites= 1912 E= 1.6e-009
 0.826660 0.000069 0.173207 0.000064
 0.454571 0.228211 0.249618 0.067600
 0.638766 0.010625 0.341428 0.009181
 0.000064 0.703716 0.000069 0.296151
 0.999798 0.000069 0.000069 0.000064
 0.999798 0.000069 0.000069 0.000064
 0.999798 0.000069 0.000069 0.000064
 0.000064 0.780908 0.147436 0.071592
 0.845747 0.103803 0.050386 0.000064

MOTIF 10-GCACTCCAGCCTGGG STREME-10
letter-probability matrix: alength= 4 w= 15 nsites= 370 E= 2.6e-009
 0.029121 0.003010 0.956160 0.011709
 0.008807 0.901017 0.023324 0.066852
 0.966557 0.014619 0.012919 0.005905
 0.008807 0.799384 0.008814 0.182995
 0.007108 0.011716 0.005912 0.975263
 0.014611 0.924238 0.023324 0.037827
 0.008807 0.930041 0.000109 0.061044
 0.989773 0.000109 0.007116 0.003003
 0.029122 0.014618 0.947453 0.008807
 0.020415 0.932943 0.003010 0.043632
 0.005905 0.960760 0.008814 0.024521
 0.024520 0.020422 0.005912 0.949146
 0.032024 0.003010 0.944551 0.020414
 0.052337 0.005912 0.921336 0.020415
 0.061044 0.023324 0.883610 0.032022

MOTIF 11-AATCAATA STREME-11
letter-probability matrix: alength= 4 w= 8 nsites= 485 E= 2.3e-008
 0.743035 0.019577 0.234091 0.003296
 0.999022 0.000334 0.000334 0.000311
 0.000311 0.000334 0.000334 0.999022
 0.000311 0.999045 0.000334 0.000311
 0.892758 0.000334 0.094471 0.012438
 0.695442 0.035363 0.000334 0.268861
 0.000311 0.000334 0.000334 0.999022
 0.999022 0.000334 0.000334 0.000311

MOTIF 12-ATGWTGAAAYCN STREME-12
letter-probability matrix: alength= 4 w= 12 nsites= 518 E= 2.7e-007
 0.720346 0.046514 0.214510 0.018630
 0.000081 0.071973 0.000087 0.927859
 0.000081 0.000087 0.999752 0.000081
 0.511394 0.000087 0.165554 0.322965
 0.000081 0.007043 0.002406 0.990470
 0.000081 0.000087 0.979278 0.020555
 0.788072 0.204803 0.000087 0.007038
 0.896121 0.101392 0.000087 0.002400
 0.989509 0.000087 0.000087 0.010318
 0.007038 0.285148 0.158315 0.549500
 0.225448 0.511145 0.106107 0.157300
 0.183094 0.318481 0.211781 0.286644

MOTIF 13-CCASYAGGKGGCR STREME-13
letter-probability matrix: alength= 4 w= 13 nsites= 781 E= 4.1e-007
 0.065381 0.851108 0.057565 0.025946
 0.000055 0.999831 0.000059 0.000055
 0.736635 0.023720 0.187031 0.052613
 0.006364 0.637362 0.356218 0.000055
 0.069606 0.585804 0.051297 0.293292
 0.999524 0.000059 0.000362 0.000055
 0.000055 0.000059 0.999831 0.000055
 0.231232 0.000059 0.768655 0.000055
 0.020686 0.034390 0.520345 0.424579
 0.000055 0.000059 0.999831 0.000055
 0.000055 0.025950 0.935898 0.038097
 0.058831 0.901052 0.000059 0.040058
 0.466332 0.007945 0.500201 0.025522

MOTIF 14-CCTGGGCTCAAGYGA STREME-14
letter-probability matrix: alength= 4 w= 15 nsites= 289 E= 2.7e-006
 0.000135 0.972409 0.000145 0.027310
 0.000135 0.960763 0.000145 0.038957
 0.000135 0.178728 0.000145 0.820992
 0.128249 0.000145 0.871470 0.000135
 0.244768 0.000145 0.754952 0.000135
 0.133741 0.209838 0.656285 0.000135
 0.004017 0.813236 0.007909 0.174837
 0.011782 0.019556 0.000145 0.968517
 0.004017 0.945233 0.019556 0.031193
 0.984046 0.011792 0.004027 0.000135
 0.848126 0.000145 0.139947 0.011782
 0.066133 0.000145 0.925822 0.007900
 0.015664 0.462143 0.021166 0.501027
 0.283548 0.031203 0.685114 0.000135
 0.964634 0.000145 0.035086 0.000135

MOTIF 15-YCCYTCCC STREME-15
letter-probability matrix: alength= 4 w= 8 nsites= 3859 E= 7.2e-006
 0.000163 0.648685 0.000175 0.350977
 0.149538 0.810371 0.039927 0.000163
 0.000163 0.999498 0.000175 0.000163
 0.028074 0.601554 0.010024 0.360349
 0.086546 0.000175 0.269005 0.644274
 0.000163 0.999498 0.000175 0.000163
 0.000163 0.999498 0.000175 0.000163
 0.000163 0.999498 0.000175 0.000163

MOTIF 16-CCTCRGCCTCCCAA STREME-16
letter-probability matrix: alength= 4 w= 14 nsites= 314 E= 2.0e-005
 0.000122 0.943690 0.014114 0.042073
 0.007113 0.914274 0.010618 0.067994
 0.000122 0.007122 0.000131 0.992625
 0.000122 0.800327 0.000131 0.199421
 0.599515 0.007122 0.393241 0.000122
 0.024593 0.007122 0.964667 0.003618
 0.010609 0.940194 0.000131 0.049066
 0.000122 0.945735 0.000131 0.054012
 0.010610 0.000131 0.000131 0.989129
 0.000122 0.950681 0.000131 0.049066
 0.000122 0.943691 0.014115 0.042073
 0.000122 0.740887 0.003627 0.255365
 0.669504 0.028098 0.302276 0.000122
 0.945728 0.012068 0.038587 0.003618

MOTIF 17-CAAAAAAAAAAAAAA STREME-17
letter-probability matrix: alength= 4 w= 15 nsites= 404 E= 3.3e-005
 0.236910 0.559616 0.040188 0.163285
 0.975789 0.000119 0.000119 0.023973
 0.999651 0.000119 0.000119 0.000111
 0.864676 0.000119 0.000119 0.135086
 0.994316 0.000119 0.005454 0.000111
 0.795617 0.120351 0.080740 0.003293
 0.970146 0.004779 0.024964 0.000111
 0.979686 0.008619 0.002039 0.009656
 0.983743 0.000119 0.016027 0.000111
 0.918402 0.042092 0.028992 0.010514
 0.868893 0.121332 0.003301 0.006474
 0.912098 0.055527 0.018218 0.014157
 0.952187 0.035119 0.012583 0.000111
 0.971386 0.000119 0.028385 0.000111
 0.919069 0.000119 0.055354 0.025458

MOTIF 18-AGATAA STREME-18
letter-probability matrix: alength= 4 w= 6 nsites= 2116 E= 7.0e-005
 0.931009 0.023536 0.023536 0.021918
 0.021918 0.023536 0.932627 0.021918
 0.931009 0.023536 0.023536 0.021918
 0.021918 0.023536 0.023536 0.931009
 0.931009 0.023536 0.023536 0.021918
 0.931009 0.023536 0.023536 0.021918

MOTIF 19-ACAGAGYGAGACY STREME-19
letter-probability matrix: alength= 4 w= 13 nsites= 276 E= 7.3e-005
 0.983508 0.000150 0.016202 0.000140
 0.000140 0.959441 0.012189 0.028230
 0.986750 0.000150 0.012960 0.000140
 0.048294 0.064360 0.835036 0.052310
 0.979496 0.000150 0.016202 0.004153
 0.036253 0.012189 0.951419 0.000140
 0.033010 0.473833 0.028241 0.464915
 0.287540 0.040283 0.672038 0.000140
 0.987522 0.008176 0.000150 0.004153
 0.028230 0.000150 0.971480 0.000140
 0.983508 0.000150 0.000150 0.016192
 0.012262 0.913549 0.000150 0.074038
 0.026436 0.484421 0.004163 0.484980

MOTIF 20-AGAKGGCG STREME-20
letter-probability matrix: alength= 4 w= 8 nsites= 493 E= 1.1e-004
 0.983717 0.015677 0.000314 0.000292
 0.000292 0.000314 0.997949 0.001445
 0.999080 0.000314 0.000314 0.000292
 0.000292 0.030948 0.457009 0.511751
 0.000292 0.000314 0.999102 0.000292
 0.028647 0.000314 0.970747 0.000292
 0.000292 0.999102 0.000314 0.000292
 0.000292 0.000314 0.999102 0.000292

MOTIF 21-RGCTCACTGCAR STREME-21
letter-probability matrix: alength= 4 w= 12 nsites= 240 E= 2.7e-004
 0.557425 0.005328 0.407886 0.029361
 0.057189 0.000192 0.942440 0.000179
 0.000179 0.878459 0.036166 0.085196
 0.000179 0.000192 0.000192 0.999436
 0.000179 0.955552 0.000192 0.044076
 0.999436 0.000192 0.000192 0.000179
 0.000179 0.958331 0.000192 0.041298
 0.000179 0.025894 0.000192 0.973735
 0.000179 0.000192 0.999450 0.000179
 0.000179 0.968606 0.000192 0.031022
 0.994296 0.000192 0.005332 0.000179
 0.419820 0.000192 0.564388 0.015600

MOTIF 22-CAAAGTCC STREME-22
letter-probability matrix: alength= 4 w= 8 nsites= 1525 E= 4.2e-004
 0.000196 0.975892 0.015924 0.007987
 0.897704 0.054815 0.011193 0.036288
 0.995099 0.000211 0.000211 0.004480
 0.901291 0.009042 0.086829 0.002838
 0.000196 0.000211 0.999397 0.000196
 0.018416 0.000211 0.000211 0.981163
 0.126959 0.785731 0.055022 0.032287
 0.094448 0.809145 0.012612 0.083795

MOTIF 23-GTTAATNATTAAC STREME-23
letter-probability matrix: alength= 4 w= 13 nsites= 497 E= 4.8e-004
 0.065500 0.000072 0.934361 0.000067
 0.024037 0.084517 0.050909 0.840537
 0.123933 0.100582 0.060875 0.714610
 0.889456 0.004866 0.081243 0.024435
 0.751154 0.175604 0.010619 0.062624
 0.290815 0.048971 0.005263 0.654951
 0.220101 0.279899 0.279899 0.220101
 0.654951 0.005263 0.048971 0.290815
 0.062624 0.010619 0.175604 0.751154
 0.024435 0.081243 0.004866 0.889456
 0.714610 0.060875 0.100582 0.123933
 0.840537 0.050909 0.084517 0.024037
 0.000067 0.934361 0.000072 0.065500

MOTIF 24-YCACGTGR STREME-24
letter-probability matrix: alength= 4 w= 8 nsites= 724 E= 8.1e-004
 0.000210 0.442013 0.202638 0.355138
 0.000210 0.985407 0.006611 0.007771
 0.999338 0.000226 0.000226 0.000210
 0.000210 0.999353 0.000226 0.000210
 0.000210 0.000226 0.999353 0.000210
 0.000210 0.000226 0.000226 0.999338
 0.007771 0.006611 0.985407 0.000210
 0.355138 0.202638 0.442013 0.000210

MOTIF 25-CAGAGTCCAS STREME-25
letter-probability matrix: alength= 4 w= 10 nsites= 236 E= 4.8e-003
 0.018421 0.948565 0.014593 0.018421
 0.952751 0.004650 0.038166 0.004433
 0.000268 0.001139 0.990664 0.007929
 0.943859 0.047229 0.003149 0.005763
 0.007929 0.019707 0.960145 0.012219
 0.017427 0.009593 0.022170 0.950811
 0.021761 0.961696 0.016275 0.000268
 0.007921 0.894478 0.020501 0.077100
 0.972338 0.002911 0.013071 0.011679
 0.036418 0.516395 0.376847 0.070339

MOTIF 26-CACTTCCKG STREME-26
letter-probability matrix: alength= 4 w= 9 nsites= 1716 E= 6.2e-003
 0.067778 0.551914 0.152014 0.228294
 0.773757 0.000112 0.226028 0.000104
 0.000104 0.999680 0.000112 0.000104
 0.019366 0.000112 0.000112 0.980410
 0.000104 0.000112 0.000112 0.999673
 0.015376 0.984409 0.000112 0.000104
 0.000104 0.999680 0.000112 0.000104
 0.000104 0.000112 0.615508 0.384277
 0.000104 0.208559 0.741160 0.050177

MOTIF 27-GCGCATGCGC STREME-27
letter-probability matrix: alength= 4 w= 10 nsites= 207 E= 8.1e-003
 0.031587 0.000335 0.963796 0.004282
 0.000312 0.999040 0.000335 0.000312
 0.000312 0.000335 0.999040 0.000312
 0.000517 0.993610 0.000335 0.005538
 0.596899 0.233301 0.169488 0.000312
 0.000312 0.169488 0.233301 0.596899
 0.005538 0.000335 0.993610 0.000517
 0.000312 0.999040 0.000335 0.000312
 0.000312 0.000335 0.999040 0.000312
 0.004282 0.963796 0.000335 0.031587

MOTIF 28-CTAGAAAG STREME-28
letter-probability matrix: alength= 4 w= 8 nsites= 242 E= 2.0e-002
 0.021918 0.932627 0.023536 0.021918
 0.021918 0.023536 0.023536 0.931009
 0.931009 0.023536 0.023536 0.021918
 0.021918 0.023536 0.932627 0.021918
 0.931009 0.023536 0.023536 0.021918
 0.931009 0.023536 0.023536 0.021918
 0.931009 0.023536 0.023536 0.021918
 0.021918 0.023536 0.932627 0.021918

MOTIF 29-CCCAGCCCC STREME-29
letter-probability matrix: alength= 4 w= 9 nsites= 2330 E= 4.6e-002
 0.000200 0.999385 0.000215 0.000200
 0.000200 0.931060 0.068539 0.000200
 0.000200 0.903554 0.082872 0.013374
 0.962209 0.000215 0.000215 0.037362
 0.000200 0.026284 0.973315 0.000200
 0.000200 0.921319 0.048794 0.029686
 0.014739 0.820619 0.034570 0.130072
 0.000200 0.910181 0.000215 0.089404
 0.092556 0.623704 0.122611 0.161128

MOTIF 30-GAGGTCA STREME-30
letter-probability matrix: alength= 4 w= 7 nsites= 4344 E= 5.1e-002
 0.175924 0.000207 0.760414 0.063455
 0.843434 0.004139 0.133191 0.019237
 0.019913 0.065831 0.908876 0.005379
 0.055103 0.000207 0.851250 0.093440
 0.000193 0.000207 0.000207 0.999393
 0.032213 0.951496 0.000207 0.016084
 0.972635 0.000207 0.026965 0.000193

MOTIF 31-ATTCCTGG STREME-31
letter-probability matrix: alength= 4 w= 8 nsites= 2111 E= 7.9e-002
 0.807012 0.041657 0.059744 0.091587
 0.028995 0.000241 0.000241 0.970524
 0.000352 0.026257 0.000241 0.973150
 0.000224 0.999311 0.000241 0.000224
 0.000224 0.802134 0.016271 0.181370
 0.134323 0.017832 0.000241 0.847604
 0.127240 0.044440 0.828096 0.000224
 0.041473 0.000241 0.958062 0.000224

MOTIF 32-GCCGCCGCCGCC STREME-32
letter-probability matrix: alength= 4 w= 12 nsites= 337 E= 1.8e-001
 0.000169 0.000182 0.999479 0.000169
 0.034221 0.839796 0.000182 0.125801
 0.063666 0.935983 0.000182 0.000169
 0.063599 0.000182 0.936049 0.000169
 0.009900 0.934293 0.045908 0.009900
 0.000169 0.954023 0.000182 0.045625
 0.106985 0.000182 0.824660 0.068172
 0.000169 0.802239 0.000182 0.197409
 0.000169 0.999479 0.000182 0.000169
 0.037705 0.000182 0.903788 0.058324
 0.000169 0.970962 0.000182 0.028686
 0.018458 0.729547 0.151474 0.100522

MOTIF 33-CTCCGCCTC STREME-33
letter-probability matrix: alength= 4 w= 9 nsites= 1088 E= 3.8e-001
 0.000192 0.999409 0.000206 0.000192
 0.166366 0.026616 0.015821 0.791197
 0.004467 0.995134 0.000206 0.000192
 0.041959 0.667301 0.152093 0.138647
 0.160639 0.000206 0.770510 0.068645
 0.004322 0.909715 0.000206 0.085757
 0.000192 0.944901 0.043507 0.011400
 0.000192 0.202545 0.026893 0.770369
 0.006088 0.993513 0.000206 0.000192

MOTIF 34-TGTAAACA STREME-34
letter-probability matrix: alength= 4 w= 8 nsites= 1076 E= 3.9e-001
 0.087739 0.012504 0.184480 0.715278
 0.002262 0.003685 0.993806 0.000246
 0.000246 0.028160 0.000264 0.971331
 0.815098 0.183873 0.000264 0.000765
 0.811698 0.151900 0.007347 0.029055
 0.969532 0.004802 0.003286 0.022380
 0.000246 0.941640 0.001075 0.057039
 0.913157 0.011732 0.017687 0.057424

MOTIF 35-CATTCATTCA STREME-35
letter-probability matrix: alength= 4 w= 10 nsites= 89 E= 4.0e-001
 0.000908 0.726691 0.072581 0.199819
 0.971065 0.000975 0.027051 0.000908
 0.000908 0.000975 0.000975 0.997141
 0.000908 0.000975 0.000975 0.997141
 0.000908 0.997208 0.000975 0.000908
 0.986329 0.000975 0.011787 0.000908
 0.000908 0.000975 0.000975 0.997141
 0.000908 0.000975 0.000975 0.997141
 0.000908 0.997208 0.000975 0.000908
 0.944989 0.000975 0.053128 0.000908

MOTIF 36-CAGCAGCAGCMGC STREME-36
letter-probability matrix: alength= 4 w= 13 nsites= 505 E= 4.1e-001
 0.016150 0.811015 0.160537 0.012298
 0.644184 0.162780 0.159454 0.033581
 0.025450 0.014614 0.959850 0.000085
 0.064658 0.884329 0.050929 0.000085
 0.579946 0.146286 0.127802 0.145966
 0.000085 0.032348 0.967482 0.000085
 0.018194 0.981630 0.000091 0.000085
 0.739737 0.122007 0.112329 0.025927
 0.004970 0.030258 0.954628 0.010143
 0.011881 0.916048 0.023345 0.048726
 0.336811 0.429886 0.127154 0.106149
 0.163008 0.021402 0.793344 0.022247
 0.010432 0.866864 0.120177 0.002528

MOTIF 37-CTGATAAG STREME-37
letter-probability matrix: alength= 4 w= 8 nsites= 208 E= 4.2e-001
 0.021918 0.932627 0.023536 0.021918
 0.021918 0.023536 0.023536 0.931009
 0.021918 0.023536 0.932627 0.021918
 0.931009 0.023536 0.023536 0.021918
 0.021918 0.023536 0.023536 0.931009
 0.931009 0.023536 0.023536 0.021918
 0.931009 0.023536 0.023536 0.021918
 0.021918 0.023536 0.932627 0.021918

MOTIF 38-CTGGGAA STREME-38
letter-probability matrix: alength= 4 w= 7 nsites= 1087 E= 5.3e-001
 0.021918 0.932627 0.023536 0.021918
 0.021918 0.023536 0.023536 0.931009
 0.021918 0.023536 0.932627 0.021918
 0.021918 0.023536 0.932627 0.021918
 0.021918 0.023536 0.932627 0.021918
 0.931009 0.023536 0.023536 0.021918
 0.931009 0.023536 0.023536 0.021918

MOTIF 39-GCCACCAYGCCYGG STREME-39
letter-probability matrix: alength= 4 w= 14 nsites= 148 E= 5.8e-001
 0.283367 0.007830 0.708539 0.000263
 0.007811 0.976548 0.007830 0.007811
 0.007811 0.885970 0.000282 0.105936
 0.999172 0.000282 0.000282 0.000263
 0.000263 0.935678 0.007830 0.056229
 0.000263 0.870872 0.000282 0.128582
 0.789113 0.000282 0.210342 0.000263
 0.000263 0.506707 0.041153 0.451878
 0.194081 0.000282 0.805374 0.000263
 0.000263 0.946355 0.000282 0.053099
 0.007811 0.961451 0.000282 0.030455
 0.000263 0.648836 0.010960 0.339941
 0.298469 0.000282 0.700986 0.000263
 0.022907 0.015378 0.961451 0.000263

MOTIF 40-TGCCTAGGAAAACCA STREME-40
letter-probability matrix: alength= 4 w= 15 nsites= 85 E= 8.1e-001
 0.021918 0.023536 0.023536 0.931009
 0.021918 0.023536 0.932627 0.021918
 0.021918 0.932627 0.023536 0.021918
 0.021918 0.932627 0.023536 0.021918
 0.021918 0.023536 0.023536 0.931009
 0.931009 0.023536 0.023536 0.021918
 0.021918 0.023536 0.932627 0.021918
 0.021918 0.023536 0.932627 0.021918
 0.931009 0.023536 0.023536 0.021918
 0.931009 0.023536 0.023536 0.021918
 0.931009 0.023536 0.023536 0.021918
 0.931009 0.023536 0.023536 0.021918
 0.021918 0.932627 0.023536 0.021918
 0.021918 0.932627 0.023536 0.021918
 0.931009 0.023536 0.023536 0.021918

MOTIF 41-AAGGCCGCAGGGWCC STREME-41
letter-probability matrix: alength= 4 w= 15 nsites= 76 E= 8.1e-001
 0.998415 0.000541 0.000541 0.000504
 0.998415 0.000541 0.000541 0.000504
 0.000504 0.000541 0.998452 0.000504
 0.000504 0.000541 0.998452 0.000504
 0.029421 0.969535 0.000541 0.000504
 0.000504 0.839405 0.058376 0.101715
 0.101716 0.000541 0.868322 0.029421
 0.000504 0.998452 0.000541 0.000504
 0.955039 0.000541 0.043916 0.000504
 0.000504 0.000541 0.998452 0.000504
 0.014962 0.014999 0.969535 0.000504
 0.043880 0.000541 0.955076 0.000504
 0.347554 0.072835 0.000541 0.579070
 0.000504 0.983993 0.014999 0.000504
 0.000504 0.998452 0.000541 0.000504

MOTIF 42-CTCCACTATTGTC STREME-42
letter-probability matrix: alength= 4 w= 13 nsites= 95 E= 1.0e+000
 0.011368 0.983284 0.004966 0.000383
 0.000383 0.011396 0.011396 0.976825
 0.000383 0.998824 0.000411 0.000383
 0.022353 0.965868 0.011396 0.000383
 0.965839 0.011396 0.011396 0.011368
 0.000383 0.987838 0.011396 0.000383
 0.000383 0.000411 0.011396 0.987810
 0.899912 0.000411 0.099294 0.000383
 0.011368 0.004966 0.000411 0.983255
 0.000383 0.011396 0.000411 0.987810
 0.209176 0.000411 0.790031 0.000383
 0.000383 0.000411 0.000411 0.998795
 0.000383 0.998824 0.000411 0.000383

MOTIF 43-CTTTGTTC STREME-43
letter-probability matrix: alength= 4 w= 8 nsites= 207 E= 1.3e+000
 0.021918 0.932627 0.023536 0.021918
 0.021918 0.023536 0.023536 0.931009
 0.021918 0.023536 0.023536 0.931009
 0.021918 0.023536 0.023536 0.931009
 0.021918 0.023536 0.932627 0.021918
 0.021918 0.023536 0.023536 0.931009
 0.021918 0.023536 0.023536 0.931009
 0.021918 0.932627 0.023536 0.021918

MOTIF 44-ACACACACACACACA STREME-44
letter-probability matrix: alength= 4 w= 15 nsites= 196 E= 1.5e+000
 0.941859 0.000220 0.022493 0.035428
 0.029557 0.902509 0.000220 0.067714
 0.890755 0.000220 0.038375 0.070650
 0.000205 0.847240 0.047185 0.105370
 0.908366 0.000220 0.061858 0.029557
 0.000205 0.898668 0.035443 0.065685
 0.834078 0.017831 0.142017 0.006075
 0.000205 0.938230 0.000220 0.061345
 0.870204 0.041313 0.023702 0.064781
 0.000205 0.869000 0.024916 0.105880
 0.764530 0.000220 0.205692 0.029558
 0.000205 0.934796 0.023702 0.041298
 0.958263 0.000220 0.000220 0.041298
 0.040452 0.870753 0.047186 0.041608
 0.907552 0.000220 0.092024 0.000205

MOTIF 45-AGGGGGATTTGGCA STREME-45
letter-probability matrix: alength= 4 w= 14 nsites= 105 E= 1.6e+000
 0.943527 0.028075 0.028076 0.000322
 0.018808 0.009589 0.971281 0.000322
 0.037295 0.000346 0.962038 0.000322
 0.028051 0.009589 0.952795 0.009565
 0.028051 0.000346 0.962038 0.009565
 0.018808 0.018832 0.943551 0.018808
 0.998986 0.000346 0.000346 0.000322
 0.018808 0.009589 0.018832 0.952771
 0.018808 0.018832 0.249998 0.712362
 0.037294 0.009589 0.000346 0.952771
 0.009565 0.009589 0.980524 0.000322
 0.037294 0.009589 0.934309 0.018808
 0.000322 0.795663 0.203693 0.000322
 0.952771 0.000346 0.009589 0.037295

MOTIF 46-CTGCGAGAAACA STREME-46
letter-probability matrix: alength= 4 w= 12 nsites= 98 E= 1.6e+000
 0.000490 0.992665 0.000526 0.006320
 0.000490 0.014586 0.000526 0.984398
 0.000490 0.281833 0.717188 0.000490
 0.014550 0.822189 0.008114 0.155147
 0.056734 0.000526 0.942250 0.000490
 0.998458 0.000526 0.000526 0.000490
 0.000490 0.000526 0.998494 0.000490
 0.984398 0.000526 0.000526 0.014550
 0.998458 0.000526 0.000526 0.000490
 0.970337 0.000526 0.028647 0.000490
 0.000490 0.998494 0.000526 0.000490
 0.998458 0.000526 0.000526 0.000490

MOTIF 47-TCCCTAATCTCAA STREME-47
letter-probability matrix: alength= 4 w= 13 nsites= 53 E= 1.6e+000
 0.021918 0.023536 0.023536 0.931009
 0.021918 0.932627 0.023536 0.021918
 0.021918 0.932627 0.023536 0.021918
 0.021918 0.932627 0.023536 0.021918
 0.021918 0.023536 0.023536 0.931009
 0.931009 0.023536 0.023536 0.021918
 0.931009 0.023536 0.023536 0.021918
 0.021918 0.023536 0.023536 0.931009
 0.021918 0.932627 0.023536 0.021918
 0.021918 0.023536 0.023536 0.931009
 0.021918 0.932627 0.023536 0.021918
 0.931009 0.023536 0.023536 0.021918
 0.931009 0.023536 0.023536 0.021918

MOTIF 48-ACATTCC STREME-48
letter-probability matrix: alength= 4 w= 7 nsites= 709 E= 1.8e+000
 0.931009 0.023536 0.023536 0.021918
 0.021918 0.932627 0.023536 0.021918
 0.931009 0.023536 0.023536 0.021918
 0.021918 0.023536 0.023536 0.931009
 0.021918 0.023536 0.023536 0.931009
 0.021918 0.932627 0.023536 0.021918
 0.021918 0.932627 0.023536 0.021918

MOTIF 49-AGGTGGGAGGA STREME-49
letter-probability matrix: alength= 4 w= 11 nsites= 160 E= 2.0e+000
 0.856106 0.014710 0.066708 0.062476
 0.073083 0.000530 0.845166 0.081221
 0.000494 0.000530 0.998482 0.000494
 0.000494 0.070996 0.000530 0.927980
 0.049737 0.000530 0.925459 0.024273
 0.000494 0.000530 0.998482 0.000494
 0.128130 0.000530 0.870846 0.000494
 0.998445 0.000530 0.000530 0.000494
 0.034720 0.006410 0.944217 0.014654
 0.000494 0.049774 0.935059 0.014674
 0.998445 0.000530 0.000530 0.000494

MOTIF 50-CTGTCTCWAAAAAAA STREME-50
letter-probability matrix: alength= 4 w= 15 nsites= 124 E= 2.8e+000
 0.000280 0.899476 0.024384 0.075860
 0.008308 0.120720 0.000300 0.870672
 0.072531 0.008328 0.918861 0.000280
 0.000280 0.032412 0.000300 0.967008
 0.000280 0.894776 0.000300 0.104644
 0.000280 0.000300 0.000300 0.999120
 0.048448 0.950972 0.000300 0.000280
 0.578335 0.027713 0.000300 0.393652
 0.950952 0.000300 0.048468 0.000280
 0.758279 0.192973 0.032412 0.016336
 0.798421 0.032412 0.024384 0.144783
 0.862644 0.104664 0.008328 0.024364
 0.830533 0.064524 0.064524 0.040419
 0.942924 0.000300 0.008328 0.048448
 0.774337 0.032412 0.072552 0.120700

MOTIF 51-AGACCAGCCTGGSCA STREME-51
letter-probability matrix: alength= 4 w= 15 nsites= 77 E= 5.7e+000
 0.955032 0.029462 0.000541 0.014965
 0.029425 0.000541 0.969530 0.000504
 0.955032 0.000541 0.043924 0.000504
 0.029426 0.940608 0.029462 0.000504
 0.000504 0.983991 0.000541 0.014965
 0.998414 0.000541 0.000541 0.000504
 0.000504 0.000541 0.940607 0.058348
 0.000504 0.926148 0.015002 0.058347
 0.000504 0.983991 0.000541 0.014965
 0.000504 0.000541 0.015002 0.983954
 0.043887 0.000541 0.955069 0.000504
 0.014965 0.000541 0.983991 0.000504
 0.058347 0.550129 0.333175 0.058348
 0.014965 0.839380 0.029462 0.116193
 0.983954 0.015002 0.000541 0.000504

MOTIF 52-AAATCRAT STREME-52
letter-probability matrix: alength= 4 w= 8 nsites= 293 E= 3.3e+001
 0.680536 0.133066 0.131859 0.054539
 0.818985 0.000612 0.114418 0.065985
 0.998207 0.000612 0.000612 0.000570
 0.000570 0.000612 0.000612 0.998207
 0.000570 0.998249 0.000612 0.000570
 0.361123 0.000612 0.637696 0.000570
 0.998207 0.000612 0.000612 0.000570
 0.000570 0.000612 0.000612 0.998207

********************************************************************************
Stopped because 3 consecutive motifs exceeded the p-value threshold (0.05).
********************************************************************************
COMMAND:	streme --verbosity 1 --oc meme_out_incomplete_DL/HepG2_BCL6-human_ENCFF932UJW/streme_out -dna --seed 0 --p meme_out_incomplete_DL/HepG2_BCL6-human_ENCFF932UJW/seqs-centered --minw 6 --maxw 15 --time 6165 --order 2 --thresh 0.05 --align center --totallength 4000000 --parse-genomic-coord
********************************************************************************
CPU:		9f05ee173ae9
********************************************************************************
FINALTIME:	2500.82 seconds
********************************************************************************
