********************************************************************************
STREME - Sensitive, Thorough, Rapid, Enriched Motif Elicitation
********************************************************************************
MEME version 5.5.3 (Release date: Sat Jun 10 16:19:38 2023 -0700)

For further information on how to interpret these results please access http://localhost:8080/meme_5.5.3.
To get a copy of the MEME Suite software please access https://meme-suite.org.

********************************************************************************


********************************************************************************
REFERENCE
********************************************************************************
If you use this program in your research, please cite:

Timothy L. Bailey,
"STREME: accurate and versatile sequence motif discovery",
Bioinformatics, Mar. 24, 2021.
********************************************************************************


ALPHABET= ACGT

strands: + -

Background letter frequencies
A 0.213 C 0.287 G 0.287 T 0.213 

MOTIF 1-AAAAMAAAAAMAAA STREME-1
letter-probability matrix: alength= 4 w= 14 nsites= 257 E= 4.3e-005
 0.861657 0.033191 0.000195 0.104956
 0.902182 0.059769 0.000195 0.037854
 0.904125 0.095535 0.000195 0.000145
 0.938187 0.000195 0.000195 0.061422
 0.279866 0.461893 0.144969 0.113273
 0.905191 0.052046 0.000195 0.042568
 0.874687 0.124973 0.000195 0.000145
 0.728950 0.228287 0.042618 0.000145
 0.910706 0.000195 0.009623 0.079476
 0.729631 0.173800 0.068143 0.028427
 0.334616 0.468269 0.075216 0.121899
 0.994751 0.000195 0.004909 0.000145
 0.895764 0.042618 0.061473 0.000145
 0.931216 0.057061 0.000195 0.011528

MOTIF 2-CCCCAHCCC STREME-2
letter-probability matrix: alength= 4 w= 9 nsites= 1195 E= 6.2e-003
 0.000136 0.961158 0.008173 0.030533
 0.000136 0.993548 0.006181 0.000136
 0.010794 0.936327 0.014563 0.038316
 0.000136 0.988293 0.004844 0.006728
 0.736747 0.000183 0.055189 0.207881
 0.239091 0.234039 0.081696 0.445174
 0.000136 0.951650 0.020376 0.027838
 0.055710 0.783674 0.002776 0.157840
 0.000136 0.984946 0.000183 0.014735

MOTIF 3-CAAAGTSAAC STREME-3
letter-probability matrix: alength= 4 w= 10 nsites= 116 E= 2.6e-002
 0.000356 0.760922 0.117557 0.121166
 0.745808 0.097747 0.156089 0.000356
 0.996448 0.000481 0.000481 0.002591
 0.797190 0.149304 0.000481 0.053025
 0.000356 0.000481 0.998807 0.000356
 0.000356 0.000481 0.000481 0.998682
 0.138051 0.312809 0.407869 0.141270
 0.923739 0.000481 0.075424 0.000356
 0.564936 0.074892 0.146724 0.213448
 0.000356 0.998807 0.000481 0.000356

MOTIF 4-CCCACCC STREME-4
letter-probability matrix: alength= 4 w= 7 nsites= 811 E= 3.1e-002
 0.019336 0.935209 0.026118 0.019336
 0.019336 0.935209 0.026118 0.019336
 0.019336 0.935209 0.026118 0.019336
 0.928427 0.026118 0.026118 0.019336
 0.019336 0.935209 0.026118 0.019336
 0.019336 0.935209 0.026118 0.019336
 0.019336 0.935209 0.026118 0.019336

MOTIF 5-GCCTCAGYYTCCY STREME-5
letter-probability matrix: alength= 4 w= 13 nsites= 272 E= 3.6e-002
 0.139333 0.000159 0.770129 0.090379
 0.078503 0.900429 0.007838 0.013230
 0.042353 0.869712 0.019357 0.068578
 0.000118 0.000159 0.000159 0.999564
 0.007797 0.988087 0.003999 0.000118
 0.685667 0.090063 0.224152 0.000118
 0.063144 0.000159 0.877392 0.059305
 0.109219 0.391568 0.003999 0.495214
 0.000118 0.321515 0.073111 0.605256
 0.023155 0.087817 0.000159 0.888869
 0.011637 0.938172 0.034715 0.015476
 0.007797 0.796761 0.000159 0.195283
 0.061638 0.610423 0.003999 0.323940

MOTIF 6-AGCCGGGA STREME-6
letter-probability matrix: alength= 4 w= 8 nsites= 999 E= 3.8e-002
 0.804686 0.097800 0.072264 0.025250
 0.000285 0.074581 0.924849 0.000285
 0.000285 0.782382 0.000385 0.216948
 0.000285 0.828114 0.113927 0.057674
 0.000285 0.000385 0.999045 0.000285
 0.083284 0.015175 0.878487 0.023054
 0.000285 0.000385 0.999045 0.000285
 0.706167 0.218099 0.032784 0.042950

MOTIF 7-AATCCCAGCACYTT STREME-7
letter-probability matrix: alength= 4 w= 14 nsites= 111 E= 1.6e-001
 0.897996 0.023658 0.062550 0.015796
 0.859103 0.031436 0.085886 0.023574
 0.054688 0.046993 0.078108 0.820211
 0.031353 0.905858 0.023658 0.039131
 0.062467 0.812516 0.031436 0.093581
 0.000239 0.882523 0.046993 0.070245
 0.882439 0.031436 0.046993 0.039131
 0.054688 0.062550 0.843630 0.039131
 0.062467 0.890301 0.039215 0.008017
 0.711312 0.054772 0.093665 0.140252
 0.132473 0.758066 0.062550 0.046910
 0.062467 0.575932 0.031436 0.330165
 0.015796 0.046993 0.058000 0.879210
 0.054688 0.140336 0.062550 0.742426

MOTIF 8-WAAGCAAAT STREME-8
letter-probability matrix: alength= 4 w= 9 nsites= 346 E= 1.9e-001
 0.557128 0.003864 0.081003 0.358005
 0.726319 0.000209 0.000209 0.273263
 0.665627 0.001888 0.086598 0.245888
 0.042900 0.019994 0.835423 0.101683
 0.000155 0.933293 0.000209 0.066344
 0.599204 0.000209 0.254934 0.145653
 0.975745 0.000209 0.000209 0.023837
 0.811753 0.078342 0.109750 0.000155
 0.000155 0.101667 0.000209 0.897970

MOTIF 9-GAAAGACAGAGA STREME-9
letter-probability matrix: alength= 4 w= 12 nsites= 194 E= 2.4e-001
 0.016290 0.064362 0.852952 0.066397
 0.873449 0.056812 0.016226 0.053513
 0.928508 0.017794 0.032331 0.021367
 0.856615 0.032231 0.056614 0.054541
 0.010834 0.040787 0.878862 0.069518
 0.928515 0.010891 0.039090 0.021503
 0.165288 0.604970 0.190019 0.039722
 0.752183 0.064240 0.141640 0.041937
 0.068175 0.042110 0.889551 0.000164
 0.865620 0.035753 0.093129 0.005499
 0.080086 0.057806 0.797925 0.064183
 0.938496 0.000221 0.039780 0.021503

MOTIF 10-CAGCCCCG STREME-10
letter-probability matrix: alength= 4 w= 8 nsites= 1305 E= 2.4e-001
 0.000283 0.962959 0.000382 0.036376
 0.752228 0.000382 0.247107 0.000283
 0.024734 0.000382 0.898311 0.076573
 0.000283 0.999051 0.000382 0.000283
 0.000283 0.999051 0.000382 0.000283
 0.000283 0.843504 0.000382 0.155830
 0.000283 0.664103 0.100699 0.234915
 0.163146 0.000382 0.836189 0.000283

MOTIF 11-GCCGCCGCCGC STREME-11
letter-probability matrix: alength= 4 w= 11 nsites= 219 E= 3.0e-001
 0.000187 0.000253 0.999374 0.000187
 0.000187 0.911868 0.000253 0.087692
 0.030651 0.846828 0.076278 0.046243
 0.000187 0.197479 0.802147 0.000187
 0.006280 0.988060 0.000253 0.005407
 0.000187 0.946823 0.052803 0.000187
 0.000187 0.000253 0.975497 0.024063
 0.018465 0.937272 0.000253 0.044010
 0.000187 0.801478 0.073459 0.124876
 0.166267 0.000253 0.802830 0.030651
 0.146413 0.853147 0.000253 0.000187

MOTIF 12-CATTTTACAGW STREME-12
letter-probability matrix: alength= 4 w= 11 nsites= 140 E= 3.0e-001
 0.009053 0.956585 0.006522 0.027840
 0.892831 0.019046 0.087930 0.000192
 0.021578 0.025308 0.000260 0.952854
 0.015316 0.006522 0.025308 0.952854
 0.031503 0.064417 0.037833 0.866248
 0.000192 0.027907 0.013990 0.957910
 0.834059 0.033983 0.131766 0.000192
 0.230093 0.647088 0.019046 0.103773
 0.899674 0.000260 0.031571 0.068495
 0.169272 0.088073 0.565055 0.177601
 0.384057 0.103054 0.047462 0.465427

MOTIF 13-ACTTGG STREME-13
letter-probability matrix: alength= 4 w= 6 nsites= 509 E= 3.9e-001
 0.928427 0.026118 0.026118 0.019336
 0.019336 0.935209 0.026118 0.019336
 0.019336 0.026118 0.026118 0.928427
 0.019336 0.026118 0.026118 0.928427
 0.019336 0.026118 0.935209 0.019336
 0.019336 0.026118 0.935209 0.019336

MOTIF 14-AACCCCGTCTCTACY STREME-14
letter-probability matrix: alength= 4 w= 15 nsites= 45 E= 4.4e-001
 0.858138 0.060654 0.020769 0.060439
 0.957850 0.000827 0.040712 0.000612
 0.000612 0.978007 0.000827 0.020554
 0.020554 0.858352 0.080596 0.040497
 0.020554 0.938122 0.000827 0.040497
 0.000612 0.758640 0.020769 0.219979
 0.080382 0.060654 0.798525 0.060439
 0.080382 0.100539 0.040712 0.778368
 0.020554 0.858352 0.080596 0.040497
 0.020554 0.020769 0.100539 0.858138
 0.020554 0.958065 0.020769 0.000612
 0.020554 0.080596 0.000827 0.898023
 0.678656 0.060654 0.160366 0.100324
 0.060439 0.798525 0.080596 0.060439
 0.080382 0.519331 0.000827 0.399461

MOTIF 15-CTGCACTCCAGCTTG STREME-15
letter-probability matrix: alength= 4 w= 15 nsites= 53 E= 4.4e-001
 0.019336 0.935209 0.026118 0.019336
 0.019336 0.026118 0.026118 0.928427
 0.019336 0.026118 0.935209 0.019336
 0.019336 0.935209 0.026118 0.019336
 0.928427 0.026118 0.026118 0.019336
 0.019336 0.935209 0.026118 0.019336
 0.019336 0.026118 0.026118 0.928427
 0.019336 0.935209 0.026118 0.019336
 0.019336 0.935209 0.026118 0.019336
 0.928427 0.026118 0.026118 0.019336
 0.019336 0.026118 0.935209 0.019336
 0.019336 0.935209 0.026118 0.019336
 0.019336 0.026118 0.026118 0.928427
 0.019336 0.026118 0.026118 0.928427
 0.019336 0.026118 0.935209 0.019336

MOTIF 16-CCGACAYC STREME-16
letter-probability matrix: alength= 4 w= 8 nsites= 321 E= 5.0e-001
 0.042733 0.743443 0.000500 0.213325
 0.000370 0.998760 0.000500 0.000370
 0.000370 0.000500 0.964020 0.035110
 0.998630 0.000500 0.000500 0.000370
 0.000370 0.898773 0.000500 0.100356
 0.716942 0.000500 0.282187 0.000370
 0.000370 0.619605 0.062880 0.317145
 0.000370 0.777967 0.000500 0.221162

MOTIF 17-AGGAAG STREME-17
letter-probability matrix: alength= 4 w= 6 nsites= 1348 E= 5.3e-001
 0.928427 0.026118 0.026118 0.019336
 0.019336 0.026118 0.935209 0.019336
 0.019336 0.026118 0.935209 0.019336
 0.928427 0.026118 0.026118 0.019336
 0.928427 0.026118 0.026118 0.019336
 0.019336 0.026118 0.935209 0.019336

MOTIF 18-CCCTCCTCCCYC STREME-18
letter-probability matrix: alength= 4 w= 12 nsites= 490 E= 6.7e-001
 0.000114 0.877770 0.000154 0.121962
 0.000114 0.999618 0.000154 0.000114
 0.000114 0.902832 0.012019 0.085035
 0.156755 0.000154 0.059835 0.783256
 0.007547 0.992185 0.000154 0.000114
 0.000114 0.999618 0.000154 0.000114
 0.116369 0.000154 0.000154 0.883322
 0.038739 0.754847 0.000154 0.206260
 0.009089 0.804527 0.186270 0.000114
 0.185353 0.562463 0.060939 0.191244
 0.176155 0.477924 0.072370 0.273551
 0.062348 0.737358 0.000154 0.200140

MOTIF 19-AGGGCGAGGGGR STREME-19
letter-probability matrix: alength= 4 w= 12 nsites= 147 E= 6.9e-001
 0.861480 0.064000 0.058008 0.016511
 0.008380 0.060626 0.930744 0.000249
 0.016511 0.016598 0.966641 0.000249
 0.031390 0.107241 0.836728 0.024641
 0.000249 0.995789 0.000337 0.003624
 0.040903 0.000337 0.917858 0.040903
 0.872176 0.034426 0.000337 0.093061
 0.008380 0.032860 0.934119 0.024641
 0.032772 0.040990 0.909727 0.016511
 0.112697 0.054634 0.816159 0.016511
 0.248300 0.192709 0.558742 0.000249
 0.507974 0.167890 0.323887 0.000249

MOTIF 20-RTAAATA STREME-20
letter-probability matrix: alength= 4 w= 7 nsites= 774 E= 7.4e-001
 0.649098 0.021623 0.329006 0.000273
 0.000273 0.071935 0.000369 0.927423
 0.896746 0.071118 0.031864 0.000273
 0.940004 0.035819 0.015685 0.008492
 0.805505 0.000369 0.050216 0.143910
 0.000273 0.000369 0.000369 0.998990
 0.749899 0.041082 0.208746 0.000273

MOTIF 21-CAAACCCA STREME-21
letter-probability matrix: alength= 4 w= 8 nsites= 553 E= 7.6e-001
 0.000354 0.953718 0.024678 0.021250
 0.816219 0.053984 0.037266 0.092531
 0.979119 0.000479 0.000479 0.019923
 0.858905 0.075931 0.040488 0.024676
 0.064768 0.824647 0.035446 0.075138
 0.155171 0.784713 0.021822 0.038294
 0.007845 0.970678 0.012024 0.009453
 0.964958 0.019482 0.015205 0.000354

MOTIF 22-CTGCTGCTGCTGC STREME-22
letter-probability matrix: alength= 4 w= 13 nsites= 50 E= 8.8e-001
 0.000734 0.949720 0.048812 0.000734
 0.072466 0.000991 0.136758 0.789786
 0.024644 0.024902 0.949720 0.000734
 0.000734 0.973631 0.024902 0.000734
 0.048555 0.072723 0.024902 0.853820
 0.072466 0.024902 0.901899 0.000734
 0.000734 0.997541 0.000991 0.000734
 0.024644 0.000991 0.000991 0.973373
 0.112590 0.024902 0.861775 0.000734
 0.000734 0.997541 0.000991 0.000734
 0.000734 0.264008 0.000991 0.734267
 0.000734 0.024902 0.925809 0.048555
 0.000734 0.854077 0.096634 0.048555

MOTIF 23-ACAGGYGTGAGCCAC STREME-23
letter-probability matrix: alength= 4 w= 15 nsites= 51 E= 8.8e-001
 0.997539 0.000898 0.000898 0.000665
 0.044007 0.889416 0.000898 0.065678
 0.975867 0.000898 0.022569 0.000665
 0.065678 0.044241 0.867745 0.022336
 0.130692 0.022569 0.824402 0.022336
 0.000665 0.651033 0.022569 0.325732
 0.260719 0.000898 0.716047 0.022336
 0.022336 0.022569 0.022569 0.932525
 0.044007 0.000898 0.954429 0.000665
 0.932525 0.044241 0.000898 0.022336
 0.087350 0.000898 0.911087 0.000665
 0.000665 0.997772 0.000898 0.000665
 0.000665 0.976101 0.000898 0.022336
 0.975867 0.000898 0.022569 0.000665
 0.000665 0.997772 0.000898 0.000665

MOTIF 24-GTCCCCRC STREME-24
letter-probability matrix: alength= 4 w= 8 nsites= 626 E= 1.2e+000
 0.000298 0.000402 0.999003 0.000298
 0.000298 0.000402 0.000402 0.998898
 0.136322 0.862978 0.000402 0.000298
 0.000298 0.999003 0.000402 0.000298
 0.166512 0.832788 0.000402 0.000298
 0.000298 0.999003 0.000402 0.000298
 0.493864 0.000402 0.505437 0.000298
 0.190308 0.694118 0.000402 0.115172

MOTIF 25-GTAGAAA STREME-25
letter-probability matrix: alength= 4 w= 7 nsites= 120 E= 1.3e+000
 0.019336 0.026118 0.935209 0.019336
 0.019336 0.026118 0.026118 0.928427
 0.928427 0.026118 0.026118 0.019336
 0.019336 0.026118 0.935209 0.019336
 0.928427 0.026118 0.026118 0.019336
 0.928427 0.026118 0.026118 0.019336
 0.928427 0.026118 0.026118 0.019336

MOTIF 26-ACACACACACRCACA STREME-26
letter-probability matrix: alength= 4 w= 15 nsites= 326 E= 1.5e+000
 0.900936 0.000161 0.073921 0.024982
 0.089428 0.856042 0.026050 0.028480
 0.772787 0.050721 0.172483 0.004009
 0.011787 0.852789 0.071463 0.063961
 0.923828 0.000161 0.075891 0.000119
 0.000119 0.816807 0.182954 0.000119
 0.848773 0.013443 0.114329 0.023455
 0.097852 0.801726 0.096413 0.004009
 0.814590 0.089613 0.064564 0.031233
 0.031233 0.675261 0.091377 0.202129
 0.417024 0.058499 0.434444 0.090033
 0.039011 0.769171 0.098358 0.093460
 0.956777 0.000161 0.039053 0.004009
 0.000119 0.927928 0.000161 0.071791
 0.759871 0.061726 0.066278 0.112125

MOTIF 27-AATGAATGAGTGA STREME-27
letter-probability matrix: alength= 4 w= 13 nsites= 78 E= 1.8e+000
 0.811204 0.070906 0.078507 0.039383
 0.798209 0.052518 0.070906 0.078367
 0.026388 0.078507 0.052518 0.842587
 0.039383 0.104497 0.803743 0.052378
 0.868577 0.078507 0.039523 0.013394
 0.920556 0.039523 0.039523 0.000399
 0.013394 0.104497 0.052518 0.829592
 0.013394 0.052518 0.868716 0.065373
 0.876178 0.000539 0.052518 0.070766
 0.208052 0.026528 0.700047 0.065373
 0.065373 0.078507 0.026528 0.829592
 0.104357 0.039523 0.777753 0.078367
 0.855582 0.026528 0.078507 0.039383

MOTIF 28-CCTGGGTCCCG STREME-28
letter-probability matrix: alength= 4 w= 11 nsites= 450 E= 3.1e+000
 0.035163 0.855708 0.079930 0.029199
 0.013757 0.862473 0.064450 0.059319
 0.047550 0.058441 0.060640 0.833369
 0.028306 0.043671 0.889502 0.038521
 0.043212 0.073330 0.819287 0.064171
 0.028481 0.053769 0.889755 0.027995
 0.088308 0.105959 0.065103 0.740630
 0.021987 0.871921 0.054042 0.052050
 0.036831 0.858904 0.039921 0.064344
 0.055632 0.755061 0.061123 0.128184
 0.038627 0.106039 0.720762 0.134572

********************************************************************************
Stopped because 3 consecutive motifs exceeded the p-value threshold (0.05).
********************************************************************************
COMMAND:	streme --verbosity 1 --oc meme_out_incomplete_DL/HepG2_EZH2-human_ENCFF521AKL/streme_out -dna --seed 0 --p meme_out_incomplete_DL/HepG2_EZH2-human_ENCFF521AKL/seqs-centered --minw 6 --maxw 15 --time 6191 --order 2 --thresh 0.05 --align center --totallength 4000000 --parse-genomic-coord
********************************************************************************
CPU:		9f05ee173ae9
********************************************************************************
FINALTIME:	379.65 seconds
********************************************************************************
