********************************************************************************
STREME - Sensitive, Thorough, Rapid, Enriched Motif Elicitation
********************************************************************************
MEME version 5.5.3 (Release date: Sat Jun 10 16:19:38 2023 -0700)

For further information on how to interpret these results please access http://localhost:8080/meme_5.5.3.
To get a copy of the MEME Suite software please access https://meme-suite.org.

********************************************************************************


********************************************************************************
REFERENCE
********************************************************************************
If you use this program in your research, please cite:

Timothy L. Bailey,
"STREME: accurate and versatile sequence motif discovery",
Bioinformatics, Mar. 24, 2021.
********************************************************************************


ALPHABET= ACGT

strands: + -

Background letter frequencies
A 0.208 C 0.291 G 0.291 T 0.208 

MOTIF 1-GGGGGCGKGGCC STREME-1
letter-probability matrix: alength= 4 w= 12 nsites= 1713 E= 2.5e-025
 0.238892 0.075208 0.644146 0.041753
 0.046619 0.000034 0.707712 0.245635
 0.053886 0.000034 0.946055 0.000024
 0.000024 0.000034 0.999917 0.000024
 0.000024 0.000034 0.998768 0.001174
 0.000024 0.833739 0.000034 0.166202
 0.000024 0.000034 0.999917 0.000024
 0.002461 0.000034 0.596017 0.401487
 0.019078 0.000034 0.962220 0.018668
 0.062404 0.048924 0.825463 0.063208
 0.088505 0.778494 0.024681 0.108320
 0.102451 0.462868 0.204566 0.230115

MOTIF 2-WNTRTTTRYWT STREME-2
letter-probability matrix: alength= 4 w= 11 nsites= 1187 E= 7.2e-005
 0.398150 0.138833 0.172136 0.290881
 0.351478 0.204280 0.211001 0.233241
 0.000034 0.000047 0.000047 0.999871
 0.463192 0.000047 0.536727 0.000034
 0.000034 0.000047 0.000047 0.999871
 0.023030 0.000047 0.000047 0.976875
 0.066438 0.000047 0.000047 0.933468
 0.517011 0.000047 0.482908 0.000034
 0.000034 0.610913 0.000047 0.389006
 0.366476 0.018828 0.000047 0.614648
 0.165557 0.173557 0.215988 0.444898

MOTIF 3-CAAAGKYCA STREME-3
letter-probability matrix: alength= 4 w= 9 nsites= 580 E= 9.7e-005
 0.000129 0.870326 0.000180 0.129365
 0.797692 0.076054 0.055518 0.070736
 0.964667 0.000180 0.000180 0.034972
 0.999510 0.000180 0.000180 0.000129
 0.000129 0.000180 0.999561 0.000129
 0.023835 0.000180 0.409551 0.566433
 0.020343 0.305623 0.092542 0.581493
 0.000129 0.955594 0.000180 0.044096
 0.999510 0.000180 0.000180 0.000129

MOTIF 4-GCGCATGCGCASWG STREME-4
letter-probability matrix: alength= 4 w= 14 nsites= 327 E= 1.1e-004
 0.102458 0.000159 0.897268 0.000114
 0.026648 0.973078 0.000159 0.000114
 0.026648 0.000159 0.973079 0.000114
 0.000114 0.999613 0.000159 0.000114
 0.611984 0.244343 0.094281 0.049391
 0.011486 0.102507 0.168525 0.717482
 0.000114 0.000159 0.999613 0.000114
 0.000114 0.999613 0.000159 0.000114
 0.000114 0.000159 0.984451 0.015276
 0.000114 0.965498 0.000159 0.034229
 0.861529 0.026694 0.111664 0.000114
 0.102461 0.380801 0.497671 0.019067
 0.221549 0.176104 0.198846 0.403501
 0.163110 0.187476 0.509046 0.140368

MOTIF 5-ACCGGAAGTG STREME-5
letter-probability matrix: alength= 4 w= 10 nsites= 653 E= 1.3e-004
 0.509448 0.231110 0.225816 0.033626
 0.099462 0.792453 0.092823 0.015262
 0.259757 0.716455 0.013304 0.010485
 0.000077 0.003347 0.996500 0.000077
 0.004356 0.005207 0.987809 0.002627
 0.966080 0.000107 0.000107 0.033706
 0.864596 0.002657 0.000107 0.132639
 0.007511 0.008522 0.983890 0.000077
 0.000077 0.047196 0.031121 0.921607
 0.145026 0.116084 0.564043 0.174847

MOTIF 6-RTTRYRYAAY STREME-6
letter-probability matrix: alength= 4 w= 10 nsites= 896 E= 1.9e-004
 0.410789 0.084200 0.479331 0.025680
 0.000080 0.000112 0.000112 0.999697
 0.000080 0.000112 0.191743 0.808066
 0.389906 0.000112 0.514477 0.095506
 0.061737 0.536291 0.015405 0.386567
 0.386567 0.015405 0.536291 0.061737
 0.095506 0.514477 0.000112 0.389906
 0.808066 0.191743 0.000112 0.000080
 0.999697 0.000112 0.000112 0.000080
 0.025680 0.479331 0.084200 0.410789

MOTIF 7-GRGGYRGGA STREME-7
letter-probability matrix: alength= 4 w= 9 nsites= 2181 E= 3.1e-003
 0.228086 0.000132 0.771688 0.000094
 0.524240 0.000132 0.372220 0.103408
 0.000094 0.000132 0.999680 0.000094
 0.066815 0.000132 0.822681 0.110372
 0.084978 0.601228 0.000132 0.313662
 0.361175 0.000132 0.638599 0.000094
 0.000094 0.105945 0.872497 0.021464
 0.000094 0.000132 0.999680 0.000094
 0.812546 0.000132 0.187228 0.000094

MOTIF 8-GCCTGTAATCCCAGC STREME-8
letter-probability matrix: alength= 4 w= 15 nsites= 121 E= 4.5e-003
 0.201643 0.009123 0.736441 0.052793
 0.017773 0.937820 0.000368 0.044038
 0.009018 0.955330 0.000368 0.035283
 0.000263 0.026633 0.017878 0.955226
 0.096577 0.000368 0.894036 0.009018
 0.000263 0.017878 0.044143 0.937716
 0.937715 0.000368 0.061654 0.000263
 0.736313 0.009123 0.245546 0.009018
 0.000263 0.061653 0.000368 0.937716
 0.000263 0.972837 0.000368 0.026531
 0.009018 0.911553 0.009123 0.070306
 0.009018 0.867781 0.000368 0.122833
 0.990245 0.000368 0.009123 0.000263
 0.052794 0.026633 0.920310 0.000263
 0.026529 0.937819 0.009124 0.026528

MOTIF 9-CACGTSRYBN STREME-9
letter-probability matrix: alength= 4 w= 10 nsites= 793 E= 4.6e-003
 0.055532 0.580563 0.225297 0.138609
 0.999774 0.000083 0.000083 0.000060
 0.000060 0.999797 0.000083 0.000060
 0.000060 0.000083 0.999797 0.000060
 0.000060 0.000083 0.000083 0.999774
 0.039686 0.316281 0.574204 0.069829
 0.598996 0.000083 0.400861 0.000060
 0.000060 0.614711 0.000083 0.385146
 0.034283 0.437253 0.239208 0.289256
 0.310594 0.220653 0.307126 0.161627

MOTIF 10-CAAGATGGCGGCV STREME-10
letter-probability matrix: alength= 4 w= 13 nsites= 265 E= 5.4e-003
 0.043923 0.685350 0.196081 0.074646
 0.881234 0.000154 0.081992 0.036620
 0.879099 0.065872 0.007456 0.047573
 0.103857 0.140414 0.719109 0.036620
 0.981328 0.007456 0.011107 0.000110
 0.008927 0.003805 0.019925 0.967344
 0.011063 0.040316 0.937559 0.011063
 0.018365 0.029362 0.933908 0.018365
 0.047573 0.901050 0.000154 0.051224
 0.087735 0.045485 0.773879 0.092902
 0.103855 0.067388 0.765065 0.063692
 0.065831 0.808254 0.056434 0.069480
 0.304665 0.231709 0.330562 0.133064

MOTIF 11-CCASCAGRKGGC STREME-11
letter-probability matrix: alength= 4 w= 12 nsites= 218 E= 9.1e-003
 0.000221 0.999250 0.000309 0.000221
 0.000221 0.999250 0.000309 0.000221
 0.703731 0.000309 0.295740 0.000221
 0.017948 0.512572 0.469259 0.000221
 0.000221 0.670576 0.120378 0.208826
 0.999162 0.000309 0.000309 0.000221
 0.000221 0.000309 0.999250 0.000221
 0.468096 0.000309 0.487329 0.044266
 0.000221 0.000309 0.642004 0.357467
 0.000221 0.000309 0.999250 0.000221
 0.000221 0.000309 0.999250 0.000221
 0.000221 0.999250 0.000309 0.000221

MOTIF 12-ACTACAWYTCCC STREME-12
letter-probability matrix: alength= 4 w= 12 nsites= 137 E= 9.5e-003
 0.990684 0.000352 0.000352 0.008612
 0.000251 0.999145 0.000352 0.000251
 0.000251 0.028907 0.000352 0.970490
 0.999045 0.000352 0.000352 0.000251
 0.000251 0.990785 0.008713 0.000251
 0.881982 0.000352 0.109054 0.008612
 0.480505 0.075606 0.167589 0.276301
 0.100595 0.326608 0.109051 0.463745
 0.016973 0.025434 0.092328 0.865264
 0.016974 0.923896 0.000352 0.058779
 0.000251 0.990784 0.000352 0.008613
 0.008612 0.965701 0.000352 0.025335

MOTIF 13-TCAGCACCAYGGACA STREME-13
letter-probability matrix: alength= 4 w= 15 nsites= 152 E= 7.4e-002
 0.000215 0.100178 0.050241 0.849367
 0.014482 0.977869 0.000300 0.007349
 0.999185 0.000300 0.000300 0.000215
 0.007349 0.000300 0.992137 0.000215
 0.071555 0.742442 0.164387 0.021616
 0.992051 0.000300 0.000300 0.007349
 0.000215 0.999271 0.000300 0.000215
 0.007349 0.985003 0.000300 0.007349
 0.571071 0.064509 0.185848 0.178572
 0.135773 0.307215 0.085909 0.471103
 0.000215 0.000300 0.999271 0.000215
 0.014483 0.021702 0.956467 0.007349
 0.927843 0.071642 0.000300 0.000215
 0.000215 0.849457 0.128712 0.021616
 0.977784 0.007434 0.014568 0.000215

MOTIF 14-AGCCACCRYGCCYGG STREME-14
letter-probability matrix: alength= 4 w= 15 nsites= 96 E= 7.4e-002
 0.788593 0.147583 0.000442 0.063382
 0.010826 0.000442 0.988416 0.000316
 0.000316 0.998926 0.000442 0.000316
 0.010826 0.925357 0.031971 0.031846
 0.935740 0.063502 0.000442 0.000316
 0.000316 0.988416 0.000442 0.010826
 0.000316 0.778214 0.095030 0.126440
 0.315624 0.084520 0.589029 0.010826
 0.063375 0.578528 0.000442 0.357655
 0.168485 0.000442 0.809738 0.021336
 0.042355 0.925357 0.031971 0.000316
 0.000316 0.998926 0.000442 0.000316
 0.010826 0.620559 0.010952 0.357663
 0.147457 0.010952 0.799236 0.042355
 0.010826 0.074011 0.914847 0.000316

MOTIF 15-CCAGCCTGGGYRACA STREME-15
letter-probability matrix: alength= 4 w= 15 nsites= 122 E= 1.2e-001
 0.000273 0.953691 0.045763 0.000273
 0.000273 0.953691 0.000382 0.045655
 0.989887 0.000382 0.009458 0.000273
 0.018425 0.018534 0.962767 0.000273
 0.000273 0.944614 0.018534 0.036579
 0.027502 0.953691 0.000382 0.018425
 0.036579 0.000382 0.018534 0.944505
 0.018425 0.018534 0.935539 0.027502
 0.072885 0.000382 0.926460 0.000273
 0.054731 0.127475 0.781215 0.036578
 0.018426 0.572379 0.036688 0.372507
 0.417886 0.018534 0.563306 0.000273
 0.980811 0.000382 0.018534 0.000273
 0.000273 0.962767 0.036687 0.000273
 0.917278 0.018534 0.045763 0.018425

MOTIF 16-AGAGAGAGAGAGAA STREME-16
letter-probability matrix: alength= 4 w= 14 nsites= 204 E= 1.2e-001
 0.983473 0.000223 0.016144 0.000160
 0.103196 0.053293 0.800895 0.042616
 0.790217 0.074522 0.042679 0.092582
 0.032002 0.037372 0.744720 0.185905
 0.906972 0.000223 0.037372 0.055432
 0.005467 0.212504 0.765949 0.016081
 0.779603 0.103259 0.037372 0.079765
 0.230565 0.063907 0.620456 0.085072
 0.837981 0.005530 0.103259 0.053230
 0.275223 0.074521 0.623561 0.026695
 0.618191 0.074522 0.254058 0.053230
 0.090379 0.180662 0.601431 0.127528
 0.914482 0.005530 0.005530 0.074458
 0.898349 0.000223 0.101268 0.000160

MOTIF 17-VTGASTCAB STREME-17
letter-probability matrix: alength= 4 w= 9 nsites= 332 E= 1.4e-001
 0.395444 0.209650 0.368921 0.025984
 0.000215 0.000300 0.000300 0.999185
 0.000215 0.000300 0.917031 0.082454
 0.999185 0.000300 0.000300 0.000215
 0.021906 0.478094 0.478094 0.021906
 0.000215 0.000300 0.000300 0.999185
 0.082454 0.917031 0.000300 0.000215
 0.999185 0.000300 0.000300 0.000215
 0.025984 0.368921 0.209650 0.395444

MOTIF 18-GAGACRGRGTCTC STREME-18
letter-probability matrix: alength= 4 w= 13 nsites= 79 E= 1.5e-001
 0.000407 0.000568 0.998618 0.000407
 0.971424 0.000568 0.000568 0.027440
 0.000407 0.000568 0.998618 0.000407
 0.971424 0.000568 0.027601 0.000407
 0.000407 0.809383 0.054635 0.135575
 0.565894 0.000568 0.379065 0.054473
 0.054476 0.014085 0.931033 0.000407
 0.527618 0.000568 0.471407 0.000407
 0.000407 0.000568 0.998618 0.000407
 0.000407 0.014086 0.000568 0.984939
 0.033049 0.709139 0.000568 0.257243
 0.000407 0.000568 0.046727 0.952298
 0.033049 0.662979 0.027601 0.276371

MOTIF 19-CGCCGCCGCCGCC STREME-19
letter-probability matrix: alength= 4 w= 13 nsites= 346 E= 1.7e-001
 0.046405 0.953332 0.000153 0.000109
 0.000109 0.000153 0.999628 0.000109
 0.040098 0.870882 0.012569 0.076451
 0.138734 0.781236 0.019107 0.060923
 0.029894 0.000153 0.969844 0.000109
 0.003745 0.907236 0.000153 0.088867
 0.000109 0.732465 0.072584 0.194842
 0.081597 0.000153 0.830693 0.087557
 0.027765 0.883985 0.019068 0.069182
 0.000109 0.858607 0.000153 0.141131
 0.013439 0.072702 0.767288 0.146571
 0.021921 0.932988 0.030440 0.014650
 0.018287 0.601595 0.233372 0.146746

MOTIF 20-RGCCAATCAGA STREME-20
letter-probability matrix: alength= 4 w= 11 nsites= 256 E= 1.9e-001
 0.611708 0.000227 0.387903 0.000162
 0.064921 0.000227 0.871666 0.063186
 0.000162 0.999448 0.000227 0.000162
 0.000162 0.999448 0.000227 0.000162
 0.999384 0.000227 0.000227 0.000162
 0.999384 0.000227 0.000227 0.000162
 0.000162 0.000227 0.000227 0.999384
 0.140980 0.772758 0.064513 0.021749
 0.636986 0.064991 0.297861 0.000162
 0.048174 0.244632 0.647671 0.059523
 0.498889 0.244425 0.213350 0.043336

MOTIF 21-AGAGGAAG STREME-21
letter-probability matrix: alength= 4 w= 8 nsites= 1637 E= 2.0e-001
 0.879308 0.012223 0.082986 0.025483
 0.054360 0.192980 0.736332 0.016329
 0.833210 0.165933 0.000499 0.000357
 0.000357 0.020381 0.978904 0.000357
 0.048851 0.015904 0.926357 0.008887
 0.871571 0.037149 0.078635 0.012644
 0.950730 0.020661 0.000499 0.028110
 0.031950 0.000499 0.949493 0.018058

MOTIF 22-TCCCGGGA STREME-22
letter-probability matrix: alength= 4 w= 8 nsites= 506 E= 2.2e-001
 0.137626 0.000581 0.032936 0.828857
 0.046754 0.702576 0.047472 0.203198
 0.000415 0.984677 0.000581 0.014326
 0.000415 0.998588 0.000581 0.000415
 0.000415 0.000581 0.998588 0.000415
 0.014326 0.000581 0.984677 0.000415
 0.203198 0.047472 0.702576 0.046754
 0.828857 0.032936 0.000581 0.137626

MOTIF 23-GGTAAACA STREME-23
letter-probability matrix: alength= 4 w= 8 nsites= 79 E= 2.4e-001
 0.018955 0.026500 0.935591 0.018955
 0.018955 0.026500 0.935591 0.018955
 0.018955 0.026500 0.026500 0.928045
 0.928045 0.026500 0.026500 0.018955
 0.928045 0.026500 0.026500 0.018955
 0.928045 0.026500 0.026500 0.018955
 0.018955 0.935591 0.026500 0.018955
 0.928045 0.026500 0.026500 0.018955

MOTIF 24-AAAAAAAAAAAAAAA STREME-24
letter-probability matrix: alength= 4 w= 15 nsites= 115 E= 3.0e-001
 0.902818 0.000461 0.000461 0.096259
 0.980985 0.012738 0.005948 0.000330
 0.965829 0.033380 0.000461 0.000330
 0.987775 0.000461 0.000461 0.011303
 0.826711 0.011434 0.117635 0.044220
 0.839627 0.154096 0.005948 0.000330
 0.845123 0.000461 0.000461 0.153954
 0.932912 0.000461 0.011434 0.055193
 0.878041 0.121168 0.000461 0.000330
 0.862518 0.000461 0.125718 0.011303
 0.889003 0.110205 0.000461 0.000330
 0.790267 0.033380 0.088243 0.088110
 0.702474 0.022407 0.176030 0.099089
 0.823179 0.033381 0.000461 0.142978
 0.981488 0.000461 0.000461 0.017589

MOTIF 25-GTGGGGGAGGGGAR STREME-25
letter-probability matrix: alength= 4 w= 14 nsites= 93 E= 4.1e-001
 0.077418 0.130740 0.681388 0.110454
 0.088430 0.126175 0.033500 0.751895
 0.011343 0.044513 0.910775 0.033368
 0.022356 0.000463 0.954825 0.022356
 0.015914 0.000463 0.983292 0.000331
 0.000331 0.000463 0.987862 0.011343
 0.088430 0.000463 0.910775 0.000331
 0.987730 0.000463 0.011475 0.000331
 0.121469 0.000463 0.866724 0.011343
 0.033368 0.011475 0.954825 0.000331
 0.011343 0.022488 0.943813 0.022356
 0.000331 0.022488 0.976850 0.000331
 0.668372 0.099573 0.198687 0.033368
 0.412356 0.082121 0.423535 0.081987

MOTIF 26-ACCTCTGACCY STREME-26
letter-probability matrix: alength= 4 w= 11 nsites= 90 E= 4.3e-001
 0.998389 0.000593 0.000593 0.000424
 0.119175 0.859840 0.000593 0.020392
 0.000424 0.998558 0.000593 0.000424
 0.100519 0.102838 0.073870 0.722773
 0.000424 0.658563 0.014705 0.326307
 0.000424 0.177104 0.000593 0.821878
 0.042759 0.071150 0.843333 0.042759
 0.998389 0.000593 0.000593 0.000424
 0.208872 0.761887 0.000593 0.028647
 0.000424 0.998558 0.000593 0.000424
 0.042759 0.595930 0.014705 0.346606

MOTIF 27-CTCAAGYGATCC STREME-27
letter-probability matrix: alength= 4 w= 12 nsites= 77 E= 6.0e-001
 0.044241 0.735678 0.000614 0.219467
 0.000439 0.000614 0.000614 0.998333
 0.000439 0.998508 0.000614 0.000439
 0.954529 0.044418 0.000614 0.000439
 0.803633 0.000614 0.195314 0.000439
 0.088044 0.000614 0.910903 0.000439
 0.000439 0.584739 0.000614 0.414208
 0.234077 0.015215 0.750269 0.000439
 0.998333 0.000614 0.000614 0.000439
 0.000439 0.000614 0.000614 0.998333
 0.000439 0.691866 0.000614 0.307081
 0.000439 0.867092 0.000614 0.131855

MOTIF 28-CAAGGTCACAGW STREME-28
letter-probability matrix: alength= 4 w= 12 nsites= 355 E= 7.2e-001
 0.000053 0.794971 0.194372 0.010604
 0.898834 0.008867 0.028940 0.063359
 0.862243 0.008866 0.039752 0.089139
 0.001811 0.043008 0.955128 0.000053
 0.097202 0.000074 0.797161 0.105564
 0.094579 0.076263 0.072903 0.756255
 0.191863 0.671163 0.078459 0.058514
 0.930786 0.028210 0.032457 0.008547
 0.225685 0.507792 0.146461 0.120062
 0.665365 0.096414 0.065570 0.172651
 0.161089 0.213756 0.531471 0.093685
 0.326804 0.100961 0.173075 0.399161

MOTIF 29-GAGGYTGCAGTGAG STREME-29
letter-probability matrix: alength= 4 w= 14 nsites= 101 E= 7.5e-001
 0.257965 0.021921 0.698322 0.021792
 0.977305 0.000451 0.021921 0.000323
 0.000323 0.000451 0.988168 0.011058
 0.043261 0.054128 0.859349 0.043262
 0.000323 0.558685 0.000451 0.440541
 0.021792 0.054128 0.032655 0.891425
 0.032528 0.000451 0.955963 0.011058
 0.064733 0.870084 0.000451 0.064732
 0.912897 0.032655 0.054125 0.000323
 0.011058 0.021921 0.966699 0.000323
 0.043261 0.054125 0.086332 0.816282
 0.053997 0.032655 0.913025 0.000323
 0.923631 0.000451 0.064860 0.011058
 0.064733 0.043390 0.848614 0.043263

MOTIF 30-GCCTCGGCCTCC STREME-30
letter-probability matrix: alength= 4 w= 12 nsites= 924 E= 9.7e-001
 0.107293 0.141908 0.655043 0.095756
 0.096957 0.723360 0.128973 0.050710
 0.017714 0.794649 0.118101 0.069537
 0.004618 0.001577 0.027113 0.966692
 0.000046 0.895020 0.004602 0.100332
 0.119133 0.038615 0.815516 0.026736
 0.083174 0.031298 0.822651 0.062877
 0.053239 0.665703 0.132612 0.148446
 0.036356 0.679550 0.118366 0.165729
 0.046061 0.046553 0.110075 0.797311
 0.000673 0.879266 0.040061 0.079999
 0.031458 0.784801 0.137270 0.046471

MOTIF 31-GGGCGGAGACTG STREME-31
letter-probability matrix: alength= 4 w= 12 nsites= 483 E= 1.1e+000
 0.039842 0.131692 0.814994 0.013472
 0.000078 0.001676 0.998169 0.000078
 0.040472 0.007847 0.925808 0.025873
 0.071810 0.751654 0.000108 0.176427
 0.183520 0.000108 0.750829 0.065543
 0.006804 0.003758 0.989360 0.000078
 0.703906 0.050176 0.117260 0.128658
 0.010892 0.000108 0.967654 0.021345
 0.550413 0.221996 0.139015 0.088576
 0.049721 0.793014 0.078537 0.078728
 0.190897 0.143349 0.174958 0.490796
 0.083950 0.013712 0.813130 0.089208

MOTIF 32-CCACGTGC STREME-32
letter-probability matrix: alength= 4 w= 8 nsites= 319 E= 1.2e+000
 0.058802 0.849050 0.084300 0.007849
 0.031889 0.920984 0.034017 0.013109
 0.998459 0.000568 0.000568 0.000406
 0.000406 0.998620 0.000568 0.000406
 0.000406 0.000568 0.998620 0.000406
 0.000406 0.000568 0.000568 0.998459
 0.018483 0.086557 0.834109 0.060851
 0.063550 0.789071 0.115838 0.031541

MOTIF 33-TTCTCGCGAGAA STREME-33
letter-probability matrix: alength= 4 w= 12 nsites= 30 E= 1.2e+000
 0.214054 0.111485 0.053764 0.620696
 0.001552 0.002170 0.002170 0.994109
 0.182129 0.788354 0.002170 0.027348
 0.027348 0.027966 0.053762 0.890925
 0.001552 0.994727 0.002170 0.001552
 0.001552 0.002170 0.994727 0.001552
 0.001552 0.994727 0.002170 0.001552
 0.001552 0.002170 0.994727 0.001552
 0.890925 0.053762 0.027966 0.027348
 0.027348 0.002170 0.788354 0.182129
 0.994109 0.002170 0.002170 0.001552
 0.620696 0.053764 0.111485 0.214054

MOTIF 34-AATCATTAACT STREME-34
letter-probability matrix: alength= 4 w= 11 nsites= 93 E= 1.3e+000
 0.883261 0.046939 0.038944 0.030856
 0.832580 0.043620 0.035628 0.088171
 0.008234 0.054932 0.048297 0.888537
 0.072184 0.745763 0.141100 0.040952
 0.903165 0.048298 0.040303 0.008234
 0.099483 0.080272 0.075596 0.744649
 0.000240 0.029794 0.035627 0.934339
 0.883861 0.035627 0.048297 0.032215
 0.861037 0.034470 0.032310 0.072184
 0.056197 0.837350 0.066243 0.040210
 0.046846 0.168965 0.024316 0.759872

MOTIF 35-GCGGCTGCAGCK STREME-35
letter-probability matrix: alength= 4 w= 12 nsites= 272 E= 1.3e+000
 0.000173 0.000242 0.964826 0.034758
 0.011701 0.932497 0.006006 0.049795
 0.134598 0.000242 0.680298 0.184861
 0.088049 0.000242 0.911536 0.000173
 0.000173 0.985491 0.014163 0.000173
 0.000173 0.006006 0.037758 0.956062
 0.000173 0.000242 0.993647 0.005937
 0.025623 0.916319 0.046357 0.011701
 0.699999 0.062671 0.130929 0.106401
 0.000173 0.064760 0.932502 0.002565
 0.081972 0.643644 0.191116 0.083267
 0.210031 0.069554 0.455376 0.265040

MOTIF 36-CATTTTAAADAT STREME-36
letter-probability matrix: alength= 4 w= 12 nsites= 59 E= 1.4e+000
 0.040286 0.890512 0.040524 0.028677
 0.918353 0.020679 0.060371 0.000597
 0.000597 0.119909 0.000835 0.878659
 0.000597 0.040524 0.000835 0.958045
 0.000597 0.000835 0.000835 0.997734
 0.040286 0.100060 0.080218 0.779436
 0.989498 0.009070 0.000835 0.000597
 0.652125 0.247220 0.000835 0.099821
 0.898508 0.080216 0.020679 0.000597
 0.453667 0.040524 0.278682 0.227127
 0.878663 0.020679 0.100060 0.000597
 0.000597 0.020679 0.000835 0.977889

MOTIF 37-CACACCCACA STREME-37
letter-probability matrix: alength= 4 w= 10 nsites= 126 E= 6.4e+000
 0.000486 0.985423 0.009000 0.005091
 0.853518 0.031394 0.026575 0.088512
 0.009851 0.979247 0.002087 0.008815
 0.904229 0.001940 0.093366 0.000465
 0.008815 0.985444 0.000650 0.005091
 0.119590 0.802036 0.062462 0.015913
 0.000815 0.976211 0.007061 0.015913
 0.916878 0.046331 0.033747 0.003045
 0.011008 0.904884 0.075294 0.008815
 0.779175 0.100764 0.031548 0.088512

MOTIF 38-GGCCTTGGAT STREME-38
letter-probability matrix: alength= 4 w= 10 nsites= 104 E= 1.1e+001
 0.017401 0.000710 0.979809 0.002080
 0.017401 0.004513 0.960686 0.017401
 0.010772 0.920420 0.068300 0.000508
 0.017401 0.964489 0.000710 0.017401
 0.084989 0.002079 0.017603 0.895329
 0.051191 0.005769 0.005304 0.937736
 0.028857 0.007721 0.955904 0.007518
 0.009639 0.003964 0.952103 0.034295
 0.725267 0.151211 0.096987 0.026535
 0.064764 0.064967 0.136848 0.733421

MOTIF 39-AGCGCCCCCTGGTG STREME-39
letter-probability matrix: alength= 4 w= 14 nsites= 59 E= 1.9e+001
 0.744051 0.000763 0.182105 0.073081
 0.000545 0.000763 0.998146 0.000545
 0.000545 0.998146 0.000763 0.000545
 0.236288 0.000763 0.762404 0.000545
 0.036813 0.943745 0.000763 0.018679
 0.018679 0.980013 0.000763 0.000545
 0.272554 0.562929 0.109570 0.054947
 0.000545 0.689864 0.000763 0.308828
 0.000545 0.998146 0.000763 0.000545
 0.000545 0.000763 0.000763 0.997929
 0.254422 0.000763 0.744270 0.000545
 0.018679 0.309047 0.635461 0.036813
 0.036813 0.236505 0.000763 0.725919
 0.000545 0.000763 0.998146 0.000545

********************************************************************************
Stopped because 3 consecutive motifs exceeded the p-value threshold (0.05).
********************************************************************************
COMMAND:	streme --verbosity 1 --oc meme_out_incomplete_DL/HepG2_KLF9-human_ENCFF995GJI/streme_out -dna --seed 0 --p meme_out_incomplete_DL/HepG2_KLF9-human_ENCFF995GJI/seqs-centered --minw 6 --maxw 15 --time 6189 --order 2 --thresh 0.05 --align center --totallength 4000000 --parse-genomic-coord
********************************************************************************
CPU:		9f05ee173ae9
********************************************************************************
FINALTIME:	666.76 seconds
********************************************************************************
