********************************************************************************
STREME - Sensitive, Thorough, Rapid, Enriched Motif Elicitation
********************************************************************************
MEME version 5.5.3 (Release date: Sat Jun 10 16:19:38 2023 -0700)

For further information on how to interpret these results please access http://localhost:8080/meme_5.5.3.
To get a copy of the MEME Suite software please access https://meme-suite.org.

********************************************************************************


********************************************************************************
REFERENCE
********************************************************************************
If you use this program in your research, please cite:

Timothy L. Bailey,
"STREME: accurate and versatile sequence motif discovery",
Bioinformatics, Mar. 24, 2021.
********************************************************************************


ALPHABET= ACGT

strands: + -

Background letter frequencies
A 0.167 C 0.333 G 0.333 T 0.167 

MOTIF 1-CCCCRCCCCC STREME-1
letter-probability matrix: alength= 4 w= 10 nsites= 2674 E= 1.5e-013
 0.000033 0.995348 0.000066 0.004552
 0.000033 0.996421 0.000066 0.003479
 0.000033 0.999867 0.000066 0.000033
 0.005173 0.980904 0.013551 0.000372
 0.436359 0.000066 0.456022 0.107553
 0.139453 0.817850 0.014513 0.028185
 0.007998 0.981224 0.005898 0.004879
 0.004395 0.967464 0.003981 0.024159
 0.047332 0.873382 0.008498 0.070787
 0.100584 0.612557 0.160420 0.126439

MOTIF 2-GCGCATGCGCAVW STREME-2
letter-probability matrix: alength= 4 w= 13 nsites= 481 E= 1.1e-011
 0.048987 0.000168 0.950761 0.000084
 0.028029 0.961240 0.010647 0.000084
 0.007070 0.000168 0.992678 0.000084
 0.003577 0.996171 0.000168 0.000084
 0.756485 0.192612 0.050819 0.000084
 0.042001 0.168980 0.151888 0.637131
 0.000084 0.000168 0.999664 0.000084
 0.000084 0.971719 0.003661 0.024536
 0.000084 0.007154 0.966776 0.025985
 0.000084 0.921070 0.017633 0.061213
 0.890172 0.017633 0.085564 0.006630
 0.261471 0.363233 0.321069 0.054227
 0.469423 0.079365 0.146462 0.304749

MOTIF 3-CGCCGCCGCCGCCG STREME-3
letter-probability matrix: alength= 4 w= 14 nsites= 899 E= 4.4e-007
 0.000031 0.880021 0.040503 0.079446
 0.028108 0.000061 0.971800 0.000031
 0.000031 0.975161 0.000061 0.024747
 0.002557 0.836566 0.024806 0.136071
 0.078749 0.000061 0.856336 0.064854
 0.018302 0.813953 0.007892 0.159853
 0.037626 0.829051 0.063237 0.070087
 0.054089 0.007666 0.938214 0.000031
 0.017274 0.930774 0.000061 0.051892
 0.042131 0.765329 0.040031 0.152509
 0.164326 0.056649 0.662716 0.116308
 0.030762 0.812652 0.000061 0.156525
 0.000031 0.869145 0.051402 0.079423
 0.102725 0.105714 0.590619 0.200942

MOTIF 4-CCTCCTCCYCCTCC STREME-4
letter-probability matrix: alength= 4 w= 14 nsites= 3460 E= 3.5e-005
 0.004629 0.917427 0.000620 0.077323
 0.000355 0.877641 0.018331 0.103673
 0.087096 0.000017 0.057082 0.855805
 0.000702 0.856980 0.030666 0.111652
 0.049929 0.625341 0.156283 0.168447
 0.191306 0.002934 0.157984 0.647776
 0.046199 0.750889 0.041661 0.161251
 0.090613 0.724885 0.048121 0.136380
 0.136463 0.309148 0.074654 0.479735
 0.041574 0.625394 0.105886 0.227146
 0.018134 0.654388 0.108579 0.218899
 0.077414 0.082388 0.118135 0.722064
 0.024072 0.689490 0.139336 0.147103
 0.058662 0.787093 0.058380 0.095865

MOTIF 5-GCCRCCAGGGGGCGC STREME-5
letter-probability matrix: alength= 4 w= 15 nsites= 192 E= 4.9e-005
 0.000151 0.163250 0.817646 0.018953
 0.000151 0.980595 0.000301 0.018953
 0.012686 0.968060 0.000301 0.018953
 0.351118 0.000301 0.573223 0.075358
 0.037755 0.704835 0.257259 0.000151
 0.000151 0.848982 0.150715 0.000151
 0.992980 0.006568 0.000301 0.000151
 0.000151 0.000301 0.999397 0.000151
 0.319782 0.000301 0.679766 0.000151
 0.000151 0.000301 0.874051 0.125496
 0.012686 0.000301 0.986862 0.000151
 0.018953 0.000301 0.936724 0.044022
 0.031487 0.955526 0.000301 0.012686
 0.052890 0.000301 0.946657 0.000151
 0.025220 0.899121 0.062974 0.012686

MOTIF 6-CCCAGCCCMG STREME-6
letter-probability matrix: alength= 4 w= 10 nsites= 2046 E= 8.8e-004
 0.000082 0.999675 0.000162 0.000082
 0.000082 0.866745 0.133092 0.000082
 0.128576 0.669225 0.085944 0.116255
 0.813535 0.030717 0.155666 0.000082
 0.075611 0.000162 0.924145 0.000082
 0.000082 0.999675 0.000162 0.000082
 0.180126 0.819630 0.000162 0.000082
 0.000082 0.977696 0.000162 0.022060
 0.386493 0.269388 0.164444 0.179676
 0.000082 0.000162 0.940569 0.059187

MOTIF 7-ACTACAAYTCCCAGV STREME-7
letter-probability matrix: alength= 4 w= 15 nsites= 215 E= 1.0e-003
 0.909915 0.035040 0.015153 0.039892
 0.000120 0.994550 0.005210 0.000120
 0.000120 0.049954 0.000239 0.949687
 0.914886 0.025096 0.049954 0.010063
 0.000120 0.994550 0.000239 0.005091
 0.875114 0.030068 0.084755 0.010063
 0.611621 0.059897 0.089727 0.238755
 0.049835 0.422821 0.204072 0.323271
 0.034921 0.069840 0.005210 0.890028
 0.010063 0.939863 0.010182 0.039892
 0.000120 0.999521 0.000239 0.000120
 0.000120 0.994550 0.000239 0.005091
 0.691166 0.000239 0.303504 0.005091
 0.099551 0.049954 0.805631 0.044864
 0.288470 0.432764 0.218987 0.059779

MOTIF 8-GCCTCAGYYTCCCCA STREME-8
letter-probability matrix: alength= 4 w= 15 nsites= 187 E= 5.7e-003
 0.066754 0.006346 0.926753 0.000146
 0.048589 0.938864 0.000291 0.012257
 0.000146 0.975196 0.000291 0.024367
 0.000146 0.000291 0.000291 0.999272
 0.000146 0.920698 0.024512 0.054644
 0.860000 0.000291 0.139563 0.000146
 0.024367 0.006346 0.944919 0.024367
 0.000146 0.393886 0.000291 0.605677
 0.000146 0.369665 0.030567 0.599622
 0.000146 0.000291 0.000291 0.999272
 0.030423 0.890422 0.006346 0.072810
 0.018312 0.914643 0.000291 0.066754
 0.012257 0.787481 0.030567 0.169695
 0.206027 0.472605 0.188005 0.133363
 0.660175 0.133508 0.085065 0.121252

MOTIF 9-GTSACGTSAC STREME-9
letter-probability matrix: alength= 4 w= 10 nsites= 521 E= 1.2e-002
 0.129712 0.177940 0.677342 0.015006
 0.028979 0.118252 0.070450 0.782319
 0.027755 0.440111 0.445058 0.087076
 0.999552 0.000179 0.000179 0.000090
 0.000090 0.966399 0.000179 0.033332
 0.033332 0.000179 0.966399 0.000090
 0.000090 0.000179 0.000179 0.999552
 0.087076 0.445058 0.440111 0.027755
 0.782319 0.070450 0.118252 0.028979
 0.015006 0.677342 0.177940 0.129712

MOTIF 10-CCTGTARTCCCAGCW STREME-10
letter-probability matrix: alength= 4 w= 15 nsites= 130 E= 1.3e-002
 0.000208 0.964731 0.009023 0.026038
 0.000208 0.999171 0.000413 0.000208
 0.000208 0.017633 0.026243 0.955916
 0.077698 0.000413 0.887241 0.034648
 0.034648 0.000413 0.060683 0.904256
 0.818156 0.034853 0.138173 0.008818
 0.568466 0.017633 0.370643 0.043258
 0.043258 0.026243 0.009023 0.921476
 0.008818 0.956121 0.000413 0.034648
 0.000208 0.904461 0.017633 0.077698
 0.000208 0.956121 0.000413 0.043258
 0.887036 0.000413 0.052073 0.060478
 0.077698 0.026243 0.878631 0.017428
 0.000208 0.904461 0.052073 0.043258
 0.447927 0.086513 0.026243 0.439317

MOTIF 11-CCGGGA STREME-11
letter-probability matrix: alength= 4 w= 6 nsites= 2731 E= 1.4e-002
 0.015200 0.939345 0.030255 0.015200
 0.015200 0.939345 0.030255 0.015200
 0.015200 0.030255 0.939345 0.015200
 0.015200 0.030255 0.939345 0.015200
 0.015200 0.030255 0.939345 0.015200
 0.924291 0.030255 0.030255 0.015200

MOTIF 12-CAGCAGCAGCASCA STREME-12
letter-probability matrix: alength= 4 w= 14 nsites= 1181 E= 1.8e-002
 0.044200 0.918409 0.033842 0.003549
 0.897886 0.037799 0.045041 0.019274
 0.071674 0.093399 0.811976 0.022952
 0.069394 0.901438 0.002688 0.026479
 0.678894 0.056496 0.051224 0.213385
 0.115724 0.075576 0.798611 0.010089
 0.010089 0.963906 0.017165 0.008841
 0.725792 0.039213 0.116724 0.118271
 0.075868 0.084902 0.752930 0.086301
 0.021038 0.755702 0.162019 0.061241
 0.543222 0.164392 0.089785 0.202601
 0.153917 0.436822 0.294411 0.114850
 0.007959 0.877658 0.090625 0.023759
 0.645793 0.075935 0.142908 0.135364

MOTIF 13-CAGCCCCGGGCCC STREME-13
letter-probability matrix: alength= 4 w= 13 nsites= 1039 E= 2.1e-002
 0.000780 0.921148 0.072080 0.005992
 0.961367 0.023702 0.014895 0.000036
 0.018521 0.000071 0.930388 0.051019
 0.003014 0.983819 0.000071 0.013096
 0.000036 0.879912 0.034991 0.085061
 0.011076 0.942604 0.006391 0.039929
 0.094407 0.702240 0.125870 0.077482
 0.181098 0.041397 0.724227 0.053277
 0.164336 0.083738 0.628669 0.123257
 0.135855 0.106881 0.647625 0.109639
 0.111862 0.699816 0.080834 0.107489
 0.096824 0.726393 0.088961 0.087823
 0.019531 0.853162 0.090151 0.037156

MOTIF 14-ACCCCAGCCTC STREME-14
letter-probability matrix: alength= 4 w= 11 nsites= 1170 E= 3.6e-002
 0.999886 0.000046 0.000046 0.000023
 0.186222 0.679319 0.003990 0.130469
 0.034094 0.627592 0.047390 0.290924
 0.181246 0.516102 0.144686 0.157965
 0.072179 0.794634 0.078440 0.054747
 0.940199 0.000046 0.059732 0.000023
 0.173386 0.057902 0.564956 0.203756
 0.142108 0.732795 0.001818 0.123278
 0.161246 0.566082 0.094223 0.178450
 0.216868 0.000046 0.002262 0.780825
 0.100273 0.736570 0.134363 0.028794

MOTIF 15-CCCTGCCC STREME-15
letter-probability matrix: alength= 4 w= 8 nsites= 1112 E= 6.9e-002
 0.000817 0.996738 0.001627 0.000817
 0.000817 0.996738 0.001627 0.000817
 0.000817 0.996738 0.001627 0.000817
 0.000817 0.001627 0.001627 0.995929
 0.278357 0.001627 0.719198 0.000817
 0.000817 0.996738 0.001627 0.000817
 0.000817 0.996738 0.001627 0.000817
 0.000817 0.996738 0.001627 0.000817

MOTIF 16-TGGGAA STREME-16
letter-probability matrix: alength= 4 w= 6 nsites= 1574 E= 8.0e-002
 0.015200 0.030255 0.030255 0.924291
 0.015200 0.030255 0.939345 0.015200
 0.015200 0.030255 0.939345 0.015200
 0.015200 0.030255 0.939345 0.015200
 0.924291 0.030255 0.030255 0.015200
 0.924291 0.030255 0.030255 0.015200

MOTIF 17-GAGGCGGGGCC STREME-17
letter-probability matrix: alength= 4 w= 11 nsites= 1740 E= 8.6e-002
 0.188425 0.000070 0.807467 0.004038
 0.999824 0.000070 0.000070 0.000035
 0.007958 0.156084 0.757066 0.078892
 0.121609 0.012977 0.607388 0.258027
 0.000035 0.811307 0.000070 0.188587
 0.000035 0.000070 0.999859 0.000035
 0.010799 0.000070 0.888437 0.100694
 0.038272 0.020793 0.678598 0.262337
 0.118314 0.000070 0.767440 0.114176
 0.210645 0.523961 0.071876 0.193518
 0.102354 0.477761 0.184056 0.235829

MOTIF 18-CAAGATGGCGGCSG STREME-18
letter-probability matrix: alength= 4 w= 14 nsites= 244 E= 1.1e-001
 0.052103 0.672922 0.191685 0.083290
 0.978584 0.000250 0.021041 0.000125
 0.978584 0.005447 0.000250 0.015719
 0.145664 0.109403 0.718819 0.026114
 0.978584 0.005447 0.010645 0.005323
 0.005323 0.000250 0.005447 0.988980
 0.005323 0.000250 0.994302 0.000125
 0.005323 0.000250 0.989104 0.005323
 0.026114 0.931928 0.005447 0.036510
 0.046906 0.041832 0.885148 0.026114
 0.046906 0.059583 0.865240 0.028272
 0.078092 0.836211 0.023198 0.062499
 0.168612 0.314274 0.392241 0.124872
 0.114477 0.208161 0.594072 0.083290

MOTIF 19-CCACGCCCA STREME-19
letter-probability matrix: alength= 4 w= 9 nsites= 1106 E= 1.4e-001
 0.046769 0.952552 0.000452 0.000227
 0.000227 0.936721 0.062825 0.000227
 0.918011 0.081310 0.000452 0.000227
 0.087698 0.766610 0.120327 0.025365
 0.033120 0.000452 0.966201 0.000227
 0.047359 0.881095 0.071319 0.000227
 0.000227 0.955983 0.000452 0.043338
 0.000227 0.954522 0.001659 0.043592
 0.821506 0.177816 0.000452 0.000227

MOTIF 20-CCAGCCTGGSCAACA STREME-20
letter-probability matrix: alength= 4 w= 15 nsites= 107 E= 2.0e-001
 0.009348 0.935229 0.009566 0.045858
 0.000220 0.989994 0.009566 0.000220
 0.989776 0.000438 0.009566 0.000220
 0.064113 0.018693 0.734425 0.182770
 0.000220 0.944357 0.027821 0.027603
 0.009348 0.926102 0.018693 0.045858
 0.000220 0.000438 0.009566 0.989776
 0.036730 0.000438 0.953484 0.009348
 0.082367 0.000438 0.916974 0.000220
 0.018475 0.374665 0.579258 0.027603
 0.045858 0.661405 0.018693 0.274044
 0.748673 0.022481 0.219498 0.009348
 0.916756 0.000438 0.064331 0.018475
 0.009348 0.907847 0.064331 0.018475
 0.944138 0.027821 0.009566 0.018475

MOTIF 21-CAGAGCC STREME-21
letter-probability matrix: alength= 4 w= 7 nsites= 1390 E= 2.1e-001
 0.015200 0.939345 0.030255 0.015200
 0.924291 0.030255 0.030255 0.015200
 0.015200 0.030255 0.939345 0.015200
 0.924291 0.030255 0.030255 0.015200
 0.015200 0.030255 0.939345 0.015200
 0.015200 0.939345 0.030255 0.015200
 0.015200 0.939345 0.030255 0.015200

MOTIF 22-CACTTCCGGKT STREME-22
letter-probability matrix: alength= 4 w= 11 nsites= 174 E= 3.0e-001
 0.052824 0.754710 0.055253 0.137214
 0.871509 0.000341 0.127979 0.000171
 0.000171 0.953765 0.000341 0.045723
 0.085381 0.000341 0.004179 0.910099
 0.017320 0.000341 0.000341 0.981998
 0.000171 0.999317 0.000341 0.000171
 0.000171 0.992216 0.007442 0.000171
 0.000171 0.000341 0.999317 0.000171
 0.006957 0.082015 0.861151 0.049877
 0.000171 0.022652 0.595650 0.381527
 0.138034 0.115819 0.112133 0.634015

MOTIF 23-AGCCAATSR STREME-23
letter-probability matrix: alength= 4 w= 9 nsites= 382 E= 5.0e-001
 0.751563 0.000287 0.248006 0.000144
 0.226899 0.000287 0.772670 0.000144
 0.000144 0.999424 0.000287 0.000144
 0.027994 0.971575 0.000287 0.000144
 0.999282 0.000287 0.000287 0.000144
 0.999282 0.000287 0.000287 0.000144
 0.000144 0.000287 0.000287 0.999282
 0.079695 0.590506 0.329654 0.000144
 0.561897 0.000287 0.437671 0.000144

MOTIF 24-GGGGCGGGACG STREME-24
letter-probability matrix: alength= 4 w= 11 nsites= 322 E= 5.1e-001
 0.000232 0.000462 0.928616 0.070690
 0.000232 0.029441 0.970095 0.000232
 0.009862 0.021048 0.963006 0.006084
 0.119360 0.000462 0.835574 0.044604
 0.026508 0.957962 0.000462 0.015068
 0.024698 0.021048 0.939955 0.014300
 0.005438 0.002072 0.992258 0.000232
 0.000232 0.000462 0.931664 0.067641
 0.952026 0.047279 0.000462 0.000232
 0.000232 0.733867 0.089493 0.176408
 0.017405 0.190970 0.608702 0.182924

MOTIF 25-AAAAAAAAAAAAA STREME-25
letter-probability matrix: alength= 4 w= 13 nsites= 516 E= 5.6e-001
 0.987073 0.000134 0.000134 0.012658
 0.922902 0.019734 0.000134 0.057229
 0.788502 0.067334 0.076896 0.067267
 0.500081 0.175632 0.106296 0.217991
 0.595779 0.110496 0.240458 0.053267
 0.857102 0.058934 0.057296 0.026667
 0.862536 0.036534 0.062896 0.038034
 0.649216 0.020896 0.276620 0.053267
 0.617442 0.197557 0.100934 0.084067
 0.510671 0.218534 0.229630 0.041166
 0.617308 0.183430 0.100033 0.099229
 0.768916 0.005734 0.099283 0.126067
 0.935288 0.042134 0.017510 0.005068

MOTIF 26-CCCAGCTC STREME-26
letter-probability matrix: alength= 4 w= 8 nsites= 1255 E= 7.0e-001
 0.000450 0.998202 0.000897 0.000450
 0.000450 0.824724 0.174375 0.000450
 0.056157 0.894084 0.022640 0.027119
 0.997756 0.000897 0.000897 0.000450
 0.037218 0.107420 0.757049 0.098312
 0.025734 0.939888 0.019281 0.015097
 0.000450 0.000897 0.000897 0.997756
 0.033515 0.965138 0.000897 0.000450

MOTIF 27-CCCGGGTCCC STREME-27
letter-probability matrix: alength= 4 w= 10 nsites= 753 E= 7.0e-001
 0.000153 0.910648 0.000304 0.088895
 0.068302 0.755746 0.065316 0.110636
 0.000153 0.909862 0.089833 0.000153
 0.143359 0.000304 0.856184 0.000153
 0.009501 0.061266 0.929081 0.000153
 0.000153 0.000304 0.928685 0.070858
 0.089221 0.000304 0.000304 0.910170
 0.140538 0.829906 0.000304 0.029252
 0.013625 0.722488 0.263734 0.000153
 0.000153 0.907732 0.042852 0.049263

MOTIF 28-GAMGHTG STREME-28
letter-probability matrix: alength= 4 w= 7 nsites= 1942 E= 7.4e-001
 0.000425 0.000845 0.967323 0.031407
 0.997884 0.000845 0.000845 0.000425
 0.532710 0.466020 0.000845 0.000425
 0.000425 0.000845 0.682741 0.315988
 0.276410 0.316615 0.000845 0.406130
 0.000425 0.000845 0.000845 0.997884
 0.000425 0.000845 0.998305 0.000425

MOTIF 29-CTCCAGCCCCA STREME-29
letter-probability matrix: alength= 4 w= 11 nsites= 252 E= 7.5e-001
 0.000290 0.857852 0.025274 0.116584
 0.000290 0.000577 0.041422 0.957712
 0.012297 0.944997 0.042417 0.000290
 0.012297 0.974829 0.000577 0.012297
 0.932156 0.066978 0.000577 0.000290
 0.000290 0.153625 0.845796 0.000290
 0.000290 0.973176 0.000577 0.025958
 0.021702 0.878877 0.000577 0.098844
 0.068328 0.774134 0.000577 0.156961
 0.041296 0.957838 0.000577 0.000290
 0.941797 0.000577 0.057337 0.000290

MOTIF 30-ACACACACACACACR STREME-30
letter-probability matrix: alength= 4 w= 15 nsites= 271 E= 7.5e-001
 0.891429 0.041637 0.059186 0.007748
 0.034541 0.844939 0.116600 0.003920
 0.827298 0.084391 0.053770 0.034541
 0.000092 0.783697 0.108945 0.107265
 0.735436 0.072908 0.172426 0.019230
 0.042196 0.800596 0.130322 0.026886
 0.659585 0.026977 0.294207 0.019230
 0.038368 0.898525 0.023149 0.039957
 0.645812 0.092046 0.208463 0.053679
 0.053679 0.785286 0.111184 0.049851
 0.743741 0.004011 0.139566 0.112681
 0.015403 0.756579 0.227926 0.000092
 0.806571 0.070669 0.095874 0.026886
 0.000092 0.893663 0.071704 0.034541
 0.295780 0.170187 0.463455 0.070578

MOTIF 31-ACACTHACYW STREME-31
letter-probability matrix: alength= 4 w= 10 nsites= 1939 E= 8.7e-001
 0.635232 0.063051 0.027784 0.273933
 0.270970 0.586387 0.009774 0.132869
 0.955315 0.000042 0.038187 0.006457
 0.228371 0.542092 0.045997 0.183541
 0.111192 0.124927 0.030790 0.733091
 0.221437 0.412354 0.042417 0.323792
 0.999896 0.000042 0.000042 0.000021
 0.098976 0.666777 0.000042 0.234205
 0.178663 0.443244 0.075438 0.302654
 0.342194 0.056770 0.091619 0.509417

MOTIF 32-GAGCCGAGATYGCGC STREME-32
letter-probability matrix: alength= 4 w= 15 nsites= 96 E= 1.0e+000
 0.020906 0.010824 0.957693 0.010577
 0.764536 0.234719 0.000496 0.000249
 0.000249 0.010824 0.988678 0.000249
 0.020906 0.885396 0.000496 0.093203
 0.082875 0.802770 0.010824 0.103531
 0.165500 0.041809 0.782114 0.010577
 0.847161 0.110781 0.041809 0.000249
 0.051890 0.072793 0.875068 0.000249
 0.854164 0.093450 0.000496 0.051890
 0.020906 0.183078 0.072793 0.723223
 0.072546 0.461940 0.062465 0.403049
 0.103531 0.052137 0.761457 0.082875
 0.000249 0.782114 0.041809 0.175828
 0.124187 0.000496 0.833755 0.041562
 0.000249 0.916380 0.031480 0.051890

MOTIF 33-ACGTGGA STREME-33
letter-probability matrix: alength= 4 w= 7 nsites= 1174 E= 1.1e+000
 0.997974 0.000810 0.000810 0.000407
 0.000407 0.998377 0.000810 0.000407
 0.000407 0.000810 0.998377 0.000407
 0.000407 0.000810 0.000810 0.997974
 0.037679 0.016809 0.922332 0.023180
 0.065444 0.193300 0.717582 0.023674
 0.625890 0.140530 0.000810 0.232770

MOTIF 34-CTCGGCCCC STREME-34
letter-probability matrix: alength= 4 w= 9 nsites= 1281 E= 1.1e+000
 0.000205 0.999184 0.000407 0.000205
 0.000205 0.000407 0.000407 0.998981
 0.000205 0.999184 0.000407 0.000205
 0.000205 0.117385 0.882206 0.000205
 0.010498 0.000407 0.957381 0.031714
 0.076352 0.677772 0.062707 0.183170
 0.000205 0.843832 0.000407 0.155556
 0.139208 0.622309 0.024466 0.214017
 0.020061 0.915182 0.026450 0.038307

MOTIF 35-TGASTCA STREME-35
letter-probability matrix: alength= 4 w= 7 nsites= 364 E= 1.2e+000
 0.000645 0.059649 0.001283 0.938423
 0.032213 0.001283 0.862538 0.103966
 0.996790 0.001283 0.001283 0.000645
 0.000645 0.499355 0.499355 0.000645
 0.000645 0.001283 0.001283 0.996790
 0.103966 0.862538 0.001283 0.032213
 0.938423 0.001283 0.059649 0.000645

MOTIF 36-GACCCCA STREME-36
letter-probability matrix: alength= 4 w= 7 nsites= 614 E= 1.5e+000
 0.015200 0.030255 0.939345 0.015200
 0.924291 0.030255 0.030255 0.015200
 0.015200 0.939345 0.030255 0.015200
 0.015200 0.939345 0.030255 0.015200
 0.015200 0.939345 0.030255 0.015200
 0.015200 0.939345 0.030255 0.015200
 0.924291 0.030255 0.030255 0.015200

MOTIF 37-CAGGTA STREME-37
letter-probability matrix: alength= 4 w= 6 nsites= 761 E= 1.5e+000
 0.015200 0.939345 0.030255 0.015200
 0.924291 0.030255 0.030255 0.015200
 0.015200 0.030255 0.939345 0.015200
 0.015200 0.030255 0.939345 0.015200
 0.015200 0.030255 0.030255 0.924291
 0.924291 0.030255 0.030255 0.015200

MOTIF 38-GTCCCCA STREME-38
letter-probability matrix: alength= 4 w= 7 nsites= 779 E= 1.6e+000
 0.015200 0.030255 0.939345 0.015200
 0.015200 0.030255 0.030255 0.924291
 0.015200 0.939345 0.030255 0.015200
 0.015200 0.939345 0.030255 0.015200
 0.015200 0.939345 0.030255 0.015200
 0.015200 0.939345 0.030255 0.015200
 0.924291 0.030255 0.030255 0.015200

MOTIF 39-TCTCGCGAGA STREME-39
letter-probability matrix: alength= 4 w= 10 nsites= 38 E= 1.6e+000
 0.000989 0.001968 0.001968 0.995074
 0.120164 0.876879 0.001968 0.000989
 0.000989 0.001968 0.001968 0.995074
 0.000989 0.996054 0.001968 0.000989
 0.000989 0.001968 0.996054 0.000989
 0.000989 0.996054 0.001968 0.000989
 0.000989 0.001968 0.996054 0.000989
 0.995074 0.001968 0.001968 0.000989
 0.000989 0.001968 0.876879 0.120164
 0.995074 0.001968 0.001968 0.000989

MOTIF 40-AGCTGCGGCCGCCCC STREME-40
letter-probability matrix: alength= 4 w= 15 nsites= 94 E= 1.7e+000
 0.765227 0.096031 0.064191 0.074551
 0.000256 0.021737 0.967138 0.010870
 0.021483 0.924684 0.021737 0.032097
 0.032097 0.111050 0.085418 0.771436
 0.074551 0.079209 0.845984 0.000256
 0.010870 0.941506 0.021737 0.025888
 0.021483 0.042964 0.903457 0.032097
 0.042710 0.057982 0.856598 0.042710
 0.036502 0.867211 0.053577 0.042710
 0.042710 0.839776 0.106645 0.010870
 0.063937 0.026142 0.867211 0.042710
 0.042710 0.877825 0.042964 0.036502
 0.010870 0.841579 0.062387 0.085164
 0.042710 0.829162 0.096031 0.032097
 0.021483 0.792917 0.153504 0.032097

MOTIF 41-CTGCAGCCGC STREME-41
letter-probability matrix: alength= 4 w= 10 nsites= 386 E= 1.7e+000
 0.044539 0.783952 0.034751 0.136758
 0.000196 0.093098 0.000391 0.906315
 0.209354 0.000391 0.790059 0.000196
 0.000196 0.830240 0.000391 0.169173
 0.877987 0.000391 0.121426 0.000196
 0.045141 0.087571 0.865228 0.002060
 0.112961 0.801889 0.000391 0.084759
 0.000196 0.999216 0.000391 0.000196
 0.054526 0.000391 0.944886 0.000196
 0.085250 0.793901 0.000391 0.120458

MOTIF 42-CTCGGTGCCCAC STREME-42
letter-probability matrix: alength= 4 w= 12 nsites= 97 E= 1.8e+000
 0.000183 0.884589 0.069456 0.045772
 0.118970 0.028311 0.051106 0.801612
 0.010935 0.912535 0.000365 0.076165
 0.041328 0.015561 0.942928 0.000183
 0.030576 0.062030 0.869220 0.038174
 0.073719 0.003518 0.000365 0.922398
 0.038174 0.000365 0.961278 0.000183
 0.098959 0.722581 0.045954 0.132505
 0.000183 0.950526 0.023159 0.026131
 0.038174 0.862502 0.091543 0.007781
 0.624434 0.180447 0.134151 0.060969
 0.155300 0.761863 0.003518 0.079318

MOTIF 43-CGGCGGCCGCT STREME-43
letter-probability matrix: alength= 4 w= 11 nsites= 262 E= 1.9e+000
 0.000355 0.940129 0.059160 0.000355
 0.000355 0.000708 0.943954 0.054983
 0.025086 0.000708 0.959114 0.015093
 0.000355 0.927982 0.000708 0.070955
 0.173271 0.028789 0.797585 0.000355
 0.000355 0.031020 0.947526 0.021099
 0.035947 0.923177 0.040521 0.000355
 0.000355 0.898198 0.078564 0.022883
 0.021884 0.000708 0.977053 0.000355
 0.000355 0.998581 0.000708 0.000355
 0.000355 0.175589 0.063607 0.760449

MOTIF 44-CACTTCCGGCS STREME-44
letter-probability matrix: alength= 4 w= 11 nsites= 152 E= 2.0e+000
 0.000361 0.765200 0.052974 0.181464
 0.998201 0.000719 0.000719 0.000361
 0.000361 0.998558 0.000719 0.000361
 0.000361 0.000719 0.000719 0.998201
 0.030313 0.000719 0.000719 0.968249
 0.000361 0.920795 0.078483 0.000361
 0.000361 0.998558 0.000719 0.000361
 0.000361 0.000719 0.998558 0.000361
 0.021552 0.318515 0.659571 0.000361
 0.000361 0.998558 0.000719 0.000361
 0.048563 0.470119 0.355354 0.125964

MOTIF 45-GCCCCTTCCC STREME-45
letter-probability matrix: alength= 4 w= 10 nsites= 609 E= 2.2e+000
 0.000279 0.000556 0.843416 0.155748
 0.000279 0.974261 0.000556 0.024904
 0.000279 0.831121 0.139298 0.029302
 0.030275 0.910138 0.059307 0.000279
 0.000279 0.998885 0.000556 0.000279
 0.033941 0.122581 0.000556 0.842922
 0.000279 0.082292 0.000556 0.916872
 0.059454 0.900173 0.000556 0.039817
 0.000279 0.974553 0.000556 0.024611
 0.000279 0.936856 0.000556 0.062308

MOTIF 46-AGGTGAG STREME-46
letter-probability matrix: alength= 4 w= 7 nsites= 674 E= 2.2e+000
 0.924291 0.030255 0.030255 0.015200
 0.015200 0.030255 0.939345 0.015200
 0.015200 0.030255 0.939345 0.015200
 0.015200 0.030255 0.030255 0.924291
 0.015200 0.030255 0.939345 0.015200
 0.924291 0.030255 0.030255 0.015200
 0.015200 0.030255 0.939345 0.015200

MOTIF 47-TTTAAA STREME-47
letter-probability matrix: alength= 4 w= 6 nsites= 285 E= 2.3e+000
 0.001457 0.002901 0.002901 0.992741
 0.277982 0.002901 0.002901 0.716217
 0.001457 0.002901 0.002901 0.992741
 0.992741 0.002901 0.002901 0.001457
 0.716217 0.002901 0.002901 0.277982
 0.992741 0.002901 0.002901 0.001457

MOTIF 48-CATGGTGACG STREME-48
letter-probability matrix: alength= 4 w= 10 nsites= 89 E= 2.4e+000
 0.055893 0.898137 0.045523 0.000446
 0.942332 0.000887 0.000887 0.055893
 0.000446 0.000887 0.000887 0.997779
 0.018928 0.019370 0.961256 0.000446
 0.037411 0.000887 0.942773 0.018928
 0.000446 0.074818 0.000887 0.923849
 0.018928 0.000887 0.972067 0.008117
 0.923849 0.000887 0.000887 0.074376
 0.064699 0.720669 0.000887 0.213745
 0.105391 0.180214 0.685475 0.028919

MOTIF 49-CCATAGCTGCCTA STREME-49
letter-probability matrix: alength= 4 w= 13 nsites= 43 E= 1.3e+001
 0.000523 0.976243 0.001040 0.022194
 0.022194 0.976243 0.001040 0.000523
 0.889040 0.087725 0.001040 0.022194
 0.065536 0.217752 0.066054 0.650658
 0.824027 0.066054 0.044383 0.065536
 0.065536 0.001040 0.911229 0.022194
 0.000523 0.976243 0.022712 0.000523
 0.043865 0.022712 0.001040 0.932383
 0.022194 0.066054 0.889558 0.022194
 0.022194 0.911229 0.066054 0.000523
 0.000523 0.954572 0.022712 0.022194
 0.173892 0.044383 0.044383 0.737342
 0.802356 0.196081 0.001040 0.000523

MOTIF 50-GAGCGAGACTCCRT STREME-50
letter-probability matrix: alength= 4 w= 14 nsites= 45 E= 2.6e+001
 0.000728 0.001449 0.997096 0.000728
 0.905862 0.031620 0.031620 0.030899
 0.030899 0.001449 0.936754 0.030899
 0.000728 0.906582 0.031620 0.061070
 0.121412 0.031620 0.846240 0.000728
 0.996375 0.001449 0.001449 0.000728
 0.061070 0.031620 0.876411 0.030899
 0.996375 0.001449 0.001449 0.000728
 0.000728 0.966925 0.031620 0.000728
 0.000728 0.001449 0.001449 0.996375
 0.000728 0.936754 0.001449 0.061070
 0.000728 0.846240 0.061791 0.091241
 0.423124 0.061791 0.454016 0.061070
 0.000728 0.031620 0.061791 0.905862

MOTIF 51-AGGAAGSRAR STREME-51
letter-probability matrix: alength= 4 w= 10 nsites= 147 E= 2.6e+001
 0.998781 0.000487 0.000487 0.000245
 0.000245 0.016042 0.983468 0.000245
 0.000245 0.000487 0.999024 0.000245
 0.947800 0.000487 0.000487 0.051226
 0.998781 0.000487 0.000487 0.000245
 0.000245 0.004696 0.893613 0.101446
 0.015061 0.347775 0.636920 0.000245
 0.629805 0.000487 0.322402 0.047307
 0.859283 0.000487 0.079994 0.060236
 0.619817 0.000487 0.328740 0.050955

********************************************************************************
Stopped because 3 consecutive motifs exceeded the p-value threshold (0.05).
********************************************************************************
COMMAND:	streme --verbosity 1 --oc meme_out_incomplete_DL/HepG2_AGO1-human_ENCFF225YFT/streme_out -dna --seed 0 --p meme_out_incomplete_DL/HepG2_AGO1-human_ENCFF225YFT/seqs-centered --minw 6 --maxw 15 --time 6186 --order 2 --thresh 0.05 --align center --totallength 4000000 --parse-genomic-coord
********************************************************************************
CPU:		9f05ee173ae9
********************************************************************************
FINALTIME:	1264.55 seconds
********************************************************************************
