********************************************************************************
STREME - Sensitive, Thorough, Rapid, Enriched Motif Elicitation
********************************************************************************
MEME version 5.5.3 (Release date: Sat Jun 10 16:19:38 2023 -0700)

For further information on how to interpret these results please access http://localhost:8080/meme_5.5.3.
To get a copy of the MEME Suite software please access https://meme-suite.org.

********************************************************************************


********************************************************************************
REFERENCE
********************************************************************************
If you use this program in your research, please cite:

Timothy L. Bailey,
"STREME: accurate and versatile sequence motif discovery",
Bioinformatics, Mar. 24, 2021.
********************************************************************************


ALPHABET= ACGT

strands: + -

Background letter frequencies
A 0.2 C 0.3 G 0.3 T 0.2 

MOTIF 1-RRNTCTCGCGAGANYY STREME-1
letter-probability matrix: alength= 4 w= 16 nsites= 904 E= 8.8e-027
 0.390312 0.192706 0.251381 0.165602
 0.321588 0.179034 0.434090 0.065289
 0.239297 0.271631 0.301097 0.187974
 0.035459 0.193327 0.076493 0.694720
 0.149186 0.803494 0.041070 0.006250
 0.041052 0.154797 0.047906 0.756245
 0.001900 0.998010 0.000054 0.000036
 0.037945 0.002540 0.957615 0.001900
 0.001900 0.957615 0.002540 0.037945
 0.000036 0.000054 0.998010 0.001900
 0.756245 0.047906 0.154797 0.041052
 0.006250 0.041070 0.803494 0.149186
 0.694720 0.076493 0.193327 0.035459
 0.187974 0.301097 0.271631 0.239297
 0.065289 0.434090 0.179034 0.321588
 0.165602 0.251381 0.192706 0.390312

MOTIF 2-RGGGGCGGGGCB STREME-2
letter-probability matrix: alength= 4 w= 12 nsites= 362 E= 1.3e-005
 0.288461 0.169340 0.501374 0.040826
 0.027771 0.000133 0.876501 0.095594
 0.096132 0.000133 0.903645 0.000089
 0.000089 0.000133 0.999689 0.000089
 0.000089 0.000133 0.987386 0.012392
 0.071339 0.761348 0.000133 0.167179
 0.000089 0.000133 0.999689 0.000089
 0.000089 0.000133 0.921132 0.078646
 0.004805 0.000133 0.988824 0.006238
 0.077369 0.015876 0.869756 0.036999
 0.125234 0.726270 0.040652 0.107843
 0.047934 0.403512 0.231252 0.317302

MOTIF 3-GCGCAKGCGCASHG STREME-3
letter-probability matrix: alength= 4 w= 14 nsites= 134 E= 8.9e-003
 0.172448 0.000373 0.818320 0.008859
 0.017469 0.956080 0.008983 0.017469
 0.060518 0.000373 0.930250 0.008859
 0.000249 0.999130 0.000373 0.000249
 0.869856 0.086473 0.043423 0.000249
 0.060518 0.155352 0.284502 0.499627
 0.043298 0.000373 0.938860 0.017469
 0.000249 0.999130 0.000373 0.000249
 0.000249 0.008983 0.921640 0.069128
 0.000249 0.956080 0.008983 0.034689
 0.844026 0.103693 0.052033 0.000249
 0.103568 0.318942 0.534191 0.043298
 0.310208 0.215622 0.129523 0.344648
 0.146618 0.267282 0.568631 0.017469

MOTIF 4-RACTACAWYTCCCAG STREME-4
letter-probability matrix: alength= 4 w= 15 nsites= 185 E= 1.3e-002
 0.451221 0.040214 0.496980 0.011584
 0.982212 0.011666 0.005957 0.000165
 0.000165 0.993713 0.000247 0.005874
 0.011584 0.051633 0.000247 0.936535
 0.902278 0.057343 0.034505 0.005874
 0.000165 0.999423 0.000247 0.000165
 0.868020 0.045924 0.074472 0.011584
 0.485479 0.177244 0.080181 0.257096
 0.085808 0.308564 0.120148 0.485479
 0.040132 0.034505 0.040214 0.885149
 0.000165 0.982294 0.000247 0.017294
 0.000165 0.999423 0.000247 0.000165
 0.017294 0.970875 0.000247 0.011584
 0.782377 0.000247 0.217211 0.000165
 0.062970 0.068762 0.731073 0.137195

MOTIF 5-CGCGAGA STREME-5
letter-probability matrix: alength= 4 w= 7 nsites= 191 E= 2.7e-002
 0.018182 0.936364 0.027273 0.018182
 0.018182 0.027273 0.936364 0.018182
 0.018182 0.936364 0.027273 0.018182
 0.018182 0.027273 0.936364 0.018182
 0.927273 0.027273 0.027273 0.018182
 0.018182 0.027273 0.936364 0.018182
 0.927273 0.027273 0.027273 0.018182

MOTIF 6-CAAGATGGCGGC STREME-6
letter-probability matrix: alength= 4 w= 12 nsites= 88 E= 3.0e-002
 0.122964 0.581886 0.135402 0.159747
 0.998584 0.000531 0.000531 0.000354
 0.961801 0.012792 0.000531 0.024876
 0.061659 0.172185 0.692235 0.073920
 0.998584 0.000531 0.000531 0.000354
 0.000354 0.000531 0.000531 0.998584
 0.000354 0.000531 0.998761 0.000354
 0.000354 0.000531 0.998761 0.000354
 0.005440 0.969152 0.000531 0.024876
 0.086181 0.037314 0.839367 0.037137
 0.147486 0.110880 0.704496 0.037137
 0.098442 0.839367 0.000531 0.061659

MOTIF 7-WTATTTACTTWKB STREME-7
letter-probability matrix: alength= 4 w= 13 nsites= 143 E= 4.8e-002
 0.435301 0.139909 0.091560 0.333230
 0.021644 0.000233 0.000233 0.977891
 0.746887 0.000233 0.252725 0.000155
 0.000155 0.000233 0.000233 0.999379
 0.027016 0.000233 0.000233 0.972519
 0.000155 0.000233 0.247353 0.752259
 0.822098 0.000233 0.177514 0.000155
 0.000155 0.720104 0.027094 0.252647
 0.279508 0.086187 0.016349 0.617955
 0.000155 0.177514 0.129165 0.693166
 0.413813 0.010977 0.000233 0.574978
 0.177437 0.091560 0.338680 0.392324
 0.139832 0.295702 0.247353 0.317113

MOTIF 8-CCGGAAGTGACG STREME-8
letter-probability matrix: alength= 4 w= 12 nsites= 132 E= 4.8e-002
 0.015773 0.882604 0.101399 0.000224
 0.073416 0.863831 0.031433 0.031321
 0.000224 0.015885 0.983666 0.000224
 0.000224 0.000337 0.999214 0.000224
 0.936910 0.031433 0.000337 0.031321
 0.933685 0.031433 0.008111 0.026772
 0.062417 0.008111 0.929248 0.000224
 0.000224 0.068979 0.026884 0.903913
 0.077965 0.140269 0.747220 0.034546
 0.565081 0.171365 0.216685 0.046869
 0.039095 0.720673 0.159042 0.081190
 0.031321 0.170041 0.666255 0.132383

MOTIF 9-GGGGGAGGGGAG STREME-9
letter-probability matrix: alength= 4 w= 12 nsites= 41 E= 1.3e-001
 0.063275 0.014289 0.921536 0.000901
 0.125649 0.032538 0.840913 0.000901
 0.053217 0.001351 0.931593 0.013838
 0.000901 0.001351 0.965661 0.032088
 0.000901 0.001351 0.965661 0.032088
 0.996398 0.001351 0.001351 0.000901
 0.156836 0.001351 0.809726 0.032088
 0.000901 0.001351 0.996848 0.000901
 0.000901 0.001351 0.996848 0.000901
 0.032076 0.001351 0.934486 0.032088
 0.858728 0.001351 0.076647 0.063275
 0.125649 0.001351 0.872100 0.000901

MOTIF 10-GCGGCGGCRGCGGC STREME-10
letter-probability matrix: alength= 4 w= 14 nsites= 154 E= 1.6e-001
 0.026950 0.023243 0.949587 0.000221
 0.124963 0.828662 0.015606 0.030770
 0.076594 0.015606 0.907579 0.000221
 0.023133 0.061430 0.915217 0.000221
 0.015495 0.983953 0.000331 0.000221
 0.015495 0.015606 0.877030 0.091869
 0.061320 0.007968 0.930492 0.000221
 0.042225 0.717297 0.179159 0.061320
 0.446357 0.221815 0.259702 0.072125
 0.130056 0.061430 0.800656 0.007858
 0.053682 0.751663 0.140972 0.053682
 0.038407 0.007968 0.945766 0.007858
 0.053682 0.000331 0.945766 0.000221
 0.076594 0.709007 0.214178 0.000221

MOTIF 11-SAGCCAATCRG STREME-11
letter-probability matrix: alength= 4 w= 11 nsites= 129 E= 2.3e-001
 0.027253 0.474358 0.331371 0.167018
 0.710371 0.000390 0.288979 0.000260
 0.091069 0.000390 0.692334 0.216207
 0.000260 0.981095 0.000390 0.018255
 0.021985 0.977366 0.000390 0.000260
 0.998961 0.000390 0.000390 0.000260
 0.998961 0.000390 0.000390 0.000260
 0.000260 0.000390 0.000390 0.998961
 0.128429 0.662910 0.208401 0.000260
 0.547178 0.108363 0.308207 0.036251
 0.000260 0.301036 0.644457 0.054247

MOTIF 12-ACGTSAY STREME-12
letter-probability matrix: alength= 4 w= 7 nsites= 204 E= 2.4e-001
 0.998312 0.000633 0.000633 0.000422
 0.000422 0.998523 0.000633 0.000422
 0.000422 0.000633 0.998523 0.000422
 0.149208 0.000633 0.000633 0.849526
 0.118840 0.425611 0.455127 0.000422
 0.840221 0.000633 0.158725 0.000422
 0.000422 0.379283 0.000633 0.619662

MOTIF 13-TAAACAAACAH STREME-13
letter-probability matrix: alength= 4 w= 11 nsites= 106 E= 3.1e-001
 0.062953 0.013056 0.050597 0.873394
 0.880739 0.063111 0.038083 0.018066
 0.688079 0.135825 0.075625 0.100472
 0.766547 0.000542 0.050597 0.182313
 0.000361 0.973708 0.000542 0.025389
 0.961013 0.025570 0.000542 0.012875
 0.773307 0.100652 0.000542 0.125499
 0.935986 0.000542 0.000542 0.062930
 0.000361 0.811029 0.038083 0.150527
 0.923472 0.000542 0.038083 0.037903
 0.410052 0.263331 0.092529 0.234087

MOTIF 14-GCCCCGCCCW STREME-14
letter-probability matrix: alength= 4 w= 10 nsites= 126 E= 4.9e-001
 0.000288 0.000432 0.954796 0.044485
 0.000288 0.947579 0.000432 0.051702
 0.245091 0.525969 0.000432 0.228509
 0.109448 0.859248 0.000432 0.030873
 0.000288 0.998993 0.000432 0.000288
 0.092285 0.000432 0.906996 0.000288
 0.027973 0.971308 0.000432 0.000288
 0.000288 0.998993 0.000432 0.000288
 0.000288 0.843719 0.000432 0.155562
 0.346329 0.111583 0.059104 0.482984

MOTIF 15-YTTWTAAAAMCA STREME-15
letter-probability matrix: alength= 4 w= 12 nsites= 45 E= 2.1e+000
 0.000654 0.635264 0.000981 0.363101
 0.000654 0.068940 0.000981 0.929425
 0.000654 0.000981 0.000981 0.997383
 0.521672 0.000981 0.068940 0.408407
 0.000654 0.000981 0.000981 0.997383
 0.680242 0.023634 0.295469 0.000654
 0.770854 0.000981 0.091593 0.136572
 0.770854 0.068940 0.000981 0.159225
 0.906772 0.000981 0.000981 0.091266
 0.453713 0.521999 0.000981 0.023307
 0.000654 0.975058 0.000981 0.023307
 0.997383 0.000981 0.000981 0.000654

MOTIF 16-GCCCTCTGSTGGCCV STREME-16
letter-probability matrix: alength= 4 w= 15 nsites= 59 E= 1.1e+001
 0.000757 0.027352 0.944918 0.026973
 0.000757 0.997350 0.001136 0.000757
 0.000757 0.997350 0.001136 0.000757
 0.131838 0.866270 0.001136 0.000757
 0.000757 0.289514 0.001136 0.708594
 0.000757 0.997350 0.001136 0.000757
 0.026973 0.001136 0.001136 0.970756
 0.236703 0.027352 0.735189 0.000757
 0.079406 0.315730 0.604108 0.000757
 0.026973 0.158433 0.079784 0.734810
 0.026973 0.027352 0.944918 0.000757
 0.000757 0.001136 0.918702 0.079406
 0.000757 0.918702 0.001136 0.079406
 0.184270 0.630324 0.001136 0.184270
 0.262919 0.315730 0.341946 0.079406

MOTIF 17-ATTTGTGGTAGT STREME-17
letter-probability matrix: alength= 4 w= 12 nsites= 59 E= 1.1e+001
 0.831644 0.000800 0.074677 0.092879
 0.019002 0.222430 0.167022 0.591546
 0.000533 0.019269 0.056207 0.923990
 0.000533 0.111615 0.056207 0.831644
 0.000533 0.167022 0.831911 0.000533
 0.000533 0.019269 0.000800 0.979398
 0.074410 0.037738 0.813442 0.074410
 0.240632 0.019269 0.610282 0.129817
 0.000533 0.019269 0.000800 0.979398
 0.646953 0.074677 0.203960 0.074410
 0.092879 0.037738 0.794973 0.074410
 0.111348 0.074677 0.037738 0.776237

********************************************************************************
Stopped because 3 consecutive motifs exceeded the p-value threshold (0.05).
********************************************************************************
COMMAND:	streme --verbosity 1 --oc meme/meme_out_incomplete_DL/HepG2_ZBTB33-human_ENCFF798PND/streme_out -dna --seed 0 --p meme/meme_out_incomplete_DL/HepG2_ZBTB33-human_ENCFF798PND/seqs-centered --minw 6 --maxw 15 --time 6194 --order 2 --thresh 0.05 --align center --totallength 4000000 --parse-genomic-coord
********************************************************************************
CPU:		9f05ee173ae9
********************************************************************************
FINALTIME:	72.44 seconds
********************************************************************************
