********************************************************************************
STREME - Sensitive, Thorough, Rapid, Enriched Motif Elicitation
********************************************************************************
MEME version 5.5.3 (Release date: Sat Jun 10 16:19:38 2023 -0700)

For further information on how to interpret these results please access http://localhost:8080/meme_5.5.3.
To get a copy of the MEME Suite software please access https://meme-suite.org.

********************************************************************************


********************************************************************************
REFERENCE
********************************************************************************
If you use this program in your research, please cite:

Timothy L. Bailey,
"STREME: accurate and versatile sequence motif discovery",
Bioinformatics, Mar. 24, 2021.
********************************************************************************


ALPHABET= ACGT

strands: + -

Background letter frequencies
A 0.229 C 0.272 G 0.272 T 0.229 

MOTIF 1-CCASYAGRKGGCRSY STREME-1
letter-probability matrix: alength= 4 w= 15 nsites= 11402 E= 8.0e-221
 0.087476 0.802270 0.045299 0.064955
 0.001478 0.997672 0.000320 0.000530
 0.782382 0.022291 0.081611 0.113716
 0.036901 0.592811 0.349497 0.020791
 0.137791 0.409977 0.050988 0.401244
 0.913132 0.007840 0.048795 0.030233
 0.001794 0.000425 0.997567 0.000214
 0.422295 0.000320 0.574644 0.002741
 0.034165 0.011692 0.530118 0.424025
 0.008322 0.000636 0.987941 0.003101
 0.018351 0.025450 0.871749 0.084450
 0.128849 0.758873 0.023816 0.088462
 0.451974 0.034239 0.466040 0.047747
 0.096489 0.520400 0.306882 0.076229
 0.131857 0.360471 0.076544 0.431128

MOTIF 2-AAAAAAAAAAAAAAA STREME-2
letter-probability matrix: alength= 4 w= 15 nsites= 481 E= 6.2e-010
 0.987027 0.000113 0.000113 0.012746
 0.999678 0.000113 0.000113 0.000095
 0.927123 0.052414 0.014581 0.005882
 0.806913 0.155262 0.000113 0.037712
 0.900747 0.033939 0.014581 0.050732
 0.782446 0.119285 0.036454 0.061815
 0.937975 0.000113 0.061816 0.000095
 0.757580 0.219903 0.002167 0.020350
 0.918588 0.007519 0.001459 0.072434
 0.955074 0.026155 0.000113 0.018658
 0.938614 0.061178 0.000113 0.000095
 0.764547 0.175218 0.018676 0.041560
 0.753899 0.104109 0.072452 0.069541
 0.999678 0.000113 0.000113 0.000095
 0.982481 0.006359 0.000113 0.011046

MOTIF 3-GCCTGTAATCCCA STREME-3
letter-probability matrix: alength= 4 w= 13 nsites= 316 E= 4.8e-006
 0.172175 0.001933 0.800683 0.025210
 0.018041 0.960194 0.000140 0.021625
 0.014456 0.942271 0.003725 0.039548
 0.003703 0.003725 0.000140 0.992432
 0.050301 0.003725 0.945856 0.000118
 0.000118 0.018063 0.000140 0.981678
 0.985263 0.014478 0.000140 0.000118
 0.866974 0.000140 0.132768 0.000118
 0.003703 0.010894 0.000140 0.985263
 0.003703 0.955414 0.007309 0.033574
 0.007287 0.938686 0.010894 0.043132
 0.007287 0.942271 0.000140 0.050301
 0.985263 0.007309 0.007309 0.000118

MOTIF 4-CCCCAMCCC STREME-4
letter-probability matrix: alength= 4 w= 9 nsites= 1369 E= 1.7e-005
 0.013714 0.952202 0.000113 0.033970
 0.000095 0.978718 0.000113 0.021073
 0.000095 0.999696 0.000113 0.000095
 0.025458 0.923838 0.000113 0.050591
 0.643537 0.039929 0.288185 0.028349
 0.359382 0.484606 0.078067 0.077944
 0.000095 0.978954 0.020856 0.000095
 0.000095 0.975495 0.024314 0.000095
 0.000095 0.999502 0.000308 0.000095

MOTIF 5-CCTCRGCCTCCCAA STREME-5
letter-probability matrix: alength= 4 w= 14 nsites= 245 E= 4.0e-005
 0.000148 0.936816 0.013614 0.049423
 0.000148 0.957354 0.019953 0.022545
 0.000148 0.000175 0.009135 0.990542
 0.018066 0.851704 0.000175 0.130054
 0.469057 0.013614 0.508222 0.009107
 0.031504 0.000175 0.968172 0.000148
 0.000148 0.987533 0.000175 0.012144
 0.009107 0.954734 0.000175 0.035984
 0.000148 0.004655 0.009135 0.986063
 0.004627 0.959213 0.000175 0.035984
 0.000148 0.941295 0.004655 0.053902
 0.004627 0.822968 0.042350 0.130054
 0.724390 0.004655 0.266327 0.004627
 0.914390 0.004655 0.080807 0.000148

MOTIF 6-GCTCACTGCAACCTC STREME-6
letter-probability matrix: alength= 4 w= 15 nsites= 169 E= 2.0e-004
 0.033746 0.000263 0.945656 0.020336
 0.020336 0.918836 0.020377 0.040451
 0.006926 0.013672 0.006968 0.972434
 0.000221 0.952361 0.020377 0.027041
 0.952319 0.020377 0.013672 0.013631
 0.006926 0.965771 0.006968 0.020336
 0.006926 0.013672 0.006968 0.972434
 0.040451 0.013672 0.945656 0.000221
 0.027041 0.905426 0.013672 0.053860
 0.965729 0.006968 0.013672 0.013631
 0.704237 0.006968 0.268459 0.020336
 0.000221 0.892017 0.060607 0.047155
 0.000221 0.938951 0.013672 0.047155
 0.006926 0.006968 0.006968 0.979139
 0.006926 0.824967 0.027082 0.141024

MOTIF 7-MAGTGAC STREME-7
letter-probability matrix: alength= 4 w= 7 nsites= 5201 E= 9.4e-004
 0.431567 0.530025 0.022491 0.015918
 0.809205 0.059154 0.131431 0.000210
 0.111664 0.000250 0.887876 0.000210
 0.000210 0.099062 0.000250 0.900478
 0.052292 0.057708 0.854526 0.035474
 0.999290 0.000250 0.000250 0.000210
 0.000210 0.889073 0.000250 0.110467

MOTIF 8-CAAGGTCAC STREME-8
letter-probability matrix: alength= 4 w= 9 nsites= 1564 E= 1.1e-003
 0.000115 0.956436 0.025079 0.018370
 0.719226 0.000137 0.264763 0.015874
 0.915282 0.069229 0.000137 0.015352
 0.022236 0.158704 0.802938 0.016122
 0.079075 0.000137 0.889482 0.031306
 0.073344 0.047573 0.000137 0.878945
 0.020818 0.876524 0.044433 0.058224
 0.802519 0.000137 0.173755 0.023590
 0.072719 0.766110 0.084658 0.076513

MOTIF 9-AAAGAAAA STREME-9
letter-probability matrix: alength= 4 w= 8 nsites= 3883 E= 2.3e-003
 0.999466 0.000188 0.000188 0.000158
 0.999466 0.000188 0.000188 0.000158
 0.683853 0.000188 0.282878 0.033081
 0.000158 0.084845 0.702069 0.212928
 0.565616 0.261411 0.172816 0.000158
 0.877095 0.122559 0.000188 0.000158
 0.999466 0.000188 0.000188 0.000158
 0.999466 0.000188 0.000188 0.000158

MOTIF 10-CAGCGCCCCC STREME-10
letter-probability matrix: alength= 4 w= 10 nsites= 1515 E= 7.7e-003
 0.000083 0.821954 0.090937 0.087026
 0.974027 0.000098 0.025792 0.000083
 0.026760 0.094584 0.877094 0.001562
 0.000083 0.999736 0.000098 0.000083
 0.000083 0.000098 0.999736 0.000083
 0.075326 0.828314 0.046537 0.049823
 0.000083 0.999736 0.000098 0.000083
 0.150087 0.521244 0.148273 0.180396
 0.005321 0.892679 0.011297 0.090703
 0.011124 0.931328 0.037712 0.019836

MOTIF 11-CTCCGCCTCC STREME-11
letter-probability matrix: alength= 4 w= 10 nsites= 779 E= 1.1e-002
 0.023044 0.953117 0.012505 0.011334
 0.000251 0.000298 0.089825 0.909627
 0.054430 0.867057 0.042566 0.035947
 0.056212 0.807377 0.086172 0.050239
 0.061330 0.016046 0.882132 0.040493
 0.049368 0.848859 0.008719 0.093054
 0.008526 0.906320 0.059437 0.025717
 0.009329 0.059982 0.034119 0.896570
 0.103515 0.872914 0.005596 0.017975
 0.001381 0.900750 0.075357 0.022512

MOTIF 12-AATAAATAW STREME-12
letter-probability matrix: alength= 4 w= 9 nsites= 2888 E= 1.3e-002
 0.681546 0.000069 0.095040 0.223345
 0.744214 0.000069 0.252212 0.003504
 0.000058 0.166318 0.000069 0.833554
 0.687205 0.047793 0.264944 0.000058
 0.931580 0.003551 0.000069 0.064799
 0.952717 0.000069 0.022333 0.024880
 0.000058 0.262182 0.000069 0.737690
 0.672763 0.041080 0.278776 0.007382
 0.492740 0.199903 0.000069 0.307287

MOTIF 13-AGACTCYGTCTC STREME-13
letter-probability matrix: alength= 4 w= 12 nsites= 196 E= 1.3e-002
 0.991758 0.007707 0.000290 0.000244
 0.205507 0.000290 0.786542 0.007661
 0.936768 0.029955 0.033033 0.000244
 0.000244 0.991804 0.000290 0.007661
 0.023921 0.306167 0.000290 0.669621
 0.000244 0.984388 0.000290 0.015077
 0.007661 0.361840 0.000290 0.630209
 0.131895 0.000290 0.867570 0.000244
 0.000244 0.018201 0.000290 0.981265
 0.000244 0.999221 0.000290 0.000244
 0.000244 0.000290 0.000290 0.999175
 0.015077 0.984388 0.000290 0.000244

MOTIF 14-CCCAGCTCC STREME-14
letter-probability matrix: alength= 4 w= 9 nsites= 2216 E= 2.4e-002
 0.040786 0.958625 0.000320 0.000269
 0.000269 0.655005 0.022644 0.322081
 0.000269 0.999142 0.000320 0.000269
 0.850432 0.022171 0.127128 0.000269
 0.000269 0.164203 0.685593 0.149936
 0.018060 0.943872 0.000320 0.037749
 0.062828 0.000320 0.024037 0.912815
 0.268678 0.730733 0.000320 0.000269
 0.000269 0.999142 0.000320 0.000269

MOTIF 15-AGTGCAGTGGYGCMA STREME-15
letter-probability matrix: alength= 4 w= 15 nsites= 121 E= 2.5e-002
 0.935436 0.000356 0.063909 0.000299
 0.036615 0.018514 0.935493 0.009378
 0.000299 0.027593 0.000356 0.971752
 0.091089 0.000356 0.890098 0.018457
 0.009378 0.989967 0.000356 0.000299
 0.971752 0.000356 0.027593 0.000299
 0.145563 0.000356 0.853782 0.000299
 0.000299 0.018514 0.000356 0.980831
 0.027536 0.000356 0.971809 0.000299
 0.072931 0.000356 0.917335 0.009378
 0.009378 0.654044 0.000356 0.336222
 0.154642 0.000356 0.835624 0.009378
 0.000299 0.926414 0.000356 0.072931
 0.545039 0.281805 0.154699 0.018457
 0.980831 0.009435 0.000356 0.009378

MOTIF 16-ACCACGTGGT STREME-16
letter-probability matrix: alength= 4 w= 10 nsites= 307 E= 2.8e-002
 0.565748 0.134602 0.233874 0.065776
 0.116077 0.771377 0.000344 0.112202
 0.087092 0.874834 0.037785 0.000289
 0.999023 0.000344 0.000344 0.000289
 0.000289 0.876282 0.000344 0.123085
 0.123085 0.000344 0.876282 0.000289
 0.000289 0.000344 0.000344 0.999023
 0.000289 0.037785 0.874834 0.087092
 0.112202 0.000344 0.771377 0.116077
 0.065776 0.233874 0.134602 0.565748

MOTIF 17-CCAGCCTGGGCRACA STREME-17
letter-probability matrix: alength= 4 w= 15 nsites= 273 E= 3.4e-002
 0.004049 0.889846 0.047186 0.058919
 0.004049 0.917282 0.000154 0.078516
 0.995644 0.000154 0.004073 0.000129
 0.031484 0.000154 0.913362 0.055000
 0.007968 0.936878 0.007992 0.047161
 0.000129 0.944717 0.007992 0.047161
 0.000129 0.004073 0.000154 0.995644
 0.035403 0.011912 0.936878 0.015807
 0.113790 0.000154 0.885927 0.000129
 0.082436 0.168686 0.736992 0.011887
 0.023645 0.682121 0.004073 0.290161
 0.486129 0.000154 0.490072 0.023645
 0.940773 0.004073 0.055024 0.000129
 0.011887 0.909443 0.031508 0.047161
 0.983886 0.007992 0.004073 0.004049

MOTIF 18-CMAAGTCCA STREME-18
letter-probability matrix: alength= 4 w= 9 nsites= 1064 E= 6.3e-002
 0.000191 0.963830 0.000227 0.035751
 0.509753 0.347868 0.138218 0.004161
 0.995120 0.000227 0.000227 0.004425
 0.954716 0.024747 0.011383 0.009154
 0.000191 0.055823 0.943795 0.000191
 0.085003 0.000227 0.000227 0.914542
 0.047258 0.848795 0.036900 0.067046
 0.064998 0.901103 0.021398 0.012501
 0.608226 0.123828 0.065211 0.202735

MOTIF 19-AGAGGGCGC STREME-19
letter-probability matrix: alength= 4 w= 9 nsites= 881 E= 6.5e-002
 0.917711 0.023041 0.041586 0.017662
 0.000207 0.000246 0.999341 0.000207
 0.756465 0.000246 0.243083 0.000207
 0.000207 0.056737 0.690513 0.252543
 0.000207 0.000246 0.999341 0.000207
 0.035617 0.000246 0.921378 0.042759
 0.155732 0.826831 0.000246 0.017190
 0.000207 0.000246 0.999341 0.000207
 0.026611 0.697048 0.112048 0.164293

MOTIF 20-AGGAAGAA STREME-20
letter-probability matrix: alength= 4 w= 8 nsites= 2714 E= 1.2e-001
 0.885217 0.000328 0.114178 0.000276
 0.000276 0.000328 0.999119 0.000276
 0.000276 0.000328 0.999119 0.000276
 0.956184 0.000328 0.000328 0.043160
 0.966326 0.033070 0.000328 0.000276
 0.000276 0.000328 0.999119 0.000276
 0.662184 0.102814 0.202795 0.032208
 0.735753 0.057474 0.206496 0.000276

MOTIF 21-ACACACACACACAC STREME-21
letter-probability matrix: alength= 4 w= 14 nsites= 229 E= 1.5e-001
 0.981055 0.000279 0.018432 0.000235
 0.000235 0.988155 0.000279 0.011332
 0.872746 0.000279 0.099910 0.027066
 0.000235 0.797927 0.123263 0.078576
 0.931179 0.000279 0.068308 0.000235
 0.036198 0.915834 0.004874 0.043094
 0.926292 0.000279 0.073195 0.000235
 0.000235 0.890757 0.039395 0.069613
 0.874080 0.007395 0.032892 0.085632
 0.000235 0.913057 0.000279 0.086429
 0.829629 0.000279 0.124454 0.045638
 0.018026 0.878502 0.060116 0.043356
 0.967942 0.000279 0.031544 0.000235
 0.035120 0.939387 0.000279 0.025214

MOTIF 22-TTTAAAAA STREME-22
letter-probability matrix: alength= 4 w= 8 nsites= 810 E= 1.9e-001
 0.000875 0.001039 0.001039 0.997046
 0.000875 0.001039 0.001039 0.997046
 0.000875 0.001039 0.001039 0.997046
 0.997046 0.001039 0.001039 0.000875
 0.791987 0.192178 0.001039 0.014795
 0.834545 0.046179 0.001039 0.118237
 0.850676 0.001039 0.001039 0.147245
 0.997046 0.001039 0.001039 0.000875

MOTIF 23-CCACTAGGGG STREME-23
letter-probability matrix: alength= 4 w= 10 nsites= 171 E= 3.1e-001
 0.020259 0.979014 0.000395 0.000332
 0.014124 0.985149 0.000395 0.000332
 0.716805 0.025351 0.123047 0.134798
 0.000332 0.943603 0.027615 0.028450
 0.109589 0.000395 0.014187 0.875829
 0.980081 0.019192 0.000395 0.000332
 0.000332 0.010471 0.988865 0.000332
 0.147788 0.000395 0.851485 0.000332
 0.070406 0.010471 0.903268 0.015855
 0.019331 0.033154 0.923963 0.023552

MOTIF 24-TGGGGACAKAG STREME-24
letter-probability matrix: alength= 4 w= 11 nsites= 651 E= 4.2e-001
 0.160933 0.045854 0.000135 0.793078
 0.000114 0.012196 0.987577 0.000114
 0.108417 0.000135 0.879894 0.011553
 0.000114 0.094492 0.829611 0.075783
 0.046208 0.000135 0.950096 0.003561
 0.908604 0.000135 0.000135 0.091126
 0.037361 0.848430 0.000135 0.114074
 0.727578 0.062343 0.209965 0.000114
 0.171307 0.165707 0.438738 0.224249
 0.719009 0.196097 0.058817 0.026077
 0.000114 0.000135 0.995869 0.003882

MOTIF 25-WGGKGGCAGCA STREME-25
letter-probability matrix: alength= 4 w= 11 nsites= 438 E= 4.9e-001
 0.594616 0.105192 0.000185 0.300007
 0.006377 0.016336 0.972402 0.004885
 0.228176 0.002374 0.766122 0.003328
 0.104308 0.124344 0.511460 0.259888
 0.000156 0.010316 0.989373 0.000156
 0.000156 0.000185 0.999503 0.000156
 0.015016 0.984643 0.000185 0.000156
 0.976272 0.000185 0.023387 0.000156
 0.000156 0.009008 0.988124 0.002712
 0.000156 0.894786 0.023950 0.081108
 0.957245 0.021110 0.011380 0.010265

MOTIF 26-AGSAAACA STREME-26
letter-probability matrix: alength= 4 w= 8 nsites= 1076 E= 5.5e-001
 0.998285 0.000603 0.000603 0.000508
 0.000508 0.000603 0.998381 0.000508
 0.000508 0.412923 0.487563 0.099007
 0.998285 0.000603 0.000603 0.000508
 0.998285 0.000603 0.000603 0.000508
 0.998285 0.000603 0.000603 0.000508
 0.000508 0.836515 0.000603 0.162374
 0.758984 0.000603 0.239905 0.000508

MOTIF 27-CGCCGCCGCCGCC STREME-27
letter-probability matrix: alength= 4 w= 13 nsites= 111 E= 5.8e-001
 0.025959 0.786725 0.066820 0.120496
 0.000330 0.171135 0.828205 0.000330
 0.000330 0.998948 0.000392 0.000330
 0.034528 0.839814 0.112725 0.012934
 0.000330 0.050461 0.948878 0.000330
 0.000330 0.998948 0.000392 0.000330
 0.000330 0.968906 0.010406 0.020358
 0.010344 0.000392 0.988934 0.000330
 0.000330 0.988934 0.010406 0.000330
 0.000330 0.930741 0.018530 0.050399
 0.114638 0.010406 0.874626 0.000330
 0.000330 0.981220 0.008106 0.010344
 0.000330 0.828815 0.134138 0.036717

MOTIF 28-CGGCTGCAG STREME-28
letter-probability matrix: alength= 4 w= 9 nsites= 1431 E= 6.5e-001
 0.090590 0.777392 0.074759 0.057259
 0.071921 0.046965 0.880731 0.000383
 0.008337 0.000455 0.990824 0.000383
 0.000383 0.955144 0.022656 0.021817
 0.000383 0.082888 0.015779 0.900950
 0.015259 0.000455 0.983902 0.000383
 0.000383 0.998778 0.000455 0.000383
 0.905190 0.000455 0.000455 0.093899
 0.118394 0.014381 0.846554 0.020670

MOTIF 29-CTCCCTCCC STREME-29
letter-probability matrix: alength= 4 w= 9 nsites= 1393 E= 8.1e-001
 0.022226 0.872920 0.029245 0.075609
 0.011260 0.000562 0.098904 0.889274
 0.011393 0.818816 0.000562 0.169229
 0.004377 0.958711 0.036439 0.000473
 0.062185 0.877109 0.002318 0.058388
 0.089203 0.000562 0.051587 0.858648
 0.000659 0.987744 0.000562 0.011035
 0.004539 0.980271 0.014716 0.000473
 0.000473 0.970784 0.028270 0.000473

MOTIF 30-GACACCTCATA STREME-30
letter-probability matrix: alength= 4 w= 11 nsites= 55 E= 8.1e-001
 0.046966 0.000905 0.951368 0.000762
 0.997429 0.000905 0.000905 0.000762
 0.093170 0.858960 0.047109 0.000762
 0.997429 0.000905 0.000905 0.000762
 0.023864 0.928266 0.000905 0.046966
 0.023864 0.882062 0.047109 0.046966
 0.000762 0.000905 0.000905 0.997429
 0.000762 0.928266 0.000905 0.070068
 0.974327 0.000905 0.024007 0.000762
 0.000762 0.000905 0.000905 0.997429
 0.974327 0.024007 0.000905 0.000762

MOTIF 31-TCYGGGCATAACAGA STREME-31
letter-probability matrix: alength= 4 w= 15 nsites= 78 E= 8.1e-001
 0.000477 0.072879 0.015029 0.911615
 0.000477 0.969555 0.029492 0.000477
 0.029402 0.636917 0.000566 0.333115
 0.101714 0.000566 0.897242 0.000477
 0.000477 0.000566 0.998480 0.000477
 0.043864 0.000566 0.955092 0.000477
 0.014939 0.984017 0.000566 0.000477
 0.824840 0.000566 0.174117 0.000477
 0.014939 0.000566 0.000566 0.983928
 0.752528 0.000566 0.246429 0.000477
 0.998390 0.000566 0.000566 0.000477
 0.000477 0.955092 0.029492 0.014939
 0.969465 0.000566 0.029492 0.000477
 0.000477 0.000566 0.998480 0.000477
 0.998390 0.000566 0.000566 0.000477

MOTIF 32-GTAAACAAAGC STREME-32
letter-probability matrix: alength= 4 w= 11 nsites= 130 E= 9.1e-001
 0.052357 0.000376 0.795930 0.151338
 0.000317 0.182971 0.048428 0.768285
 0.814700 0.000376 0.000376 0.184547
 0.839754 0.023585 0.000376 0.136284
 0.721087 0.080820 0.125309 0.072783
 0.000317 0.998990 0.000376 0.000317
 0.998930 0.000376 0.000376 0.000317
 0.998930 0.000376 0.000376 0.000317
 0.854777 0.000376 0.144530 0.000317
 0.000317 0.000376 0.998990 0.000317
 0.088910 0.804684 0.000376 0.106029

MOTIF 33-CCCHKCCCB STREME-33
letter-probability matrix: alength= 4 w= 9 nsites= 2951 E= 9.6e-001
 0.000128 0.999593 0.000152 0.000128
 0.000128 0.999593 0.000152 0.000128
 0.000128 0.999593 0.000152 0.000128
 0.307963 0.258207 0.125048 0.308782
 0.142968 0.000152 0.566242 0.290639
 0.000128 0.999593 0.000152 0.000128
 0.000128 0.999593 0.000152 0.000128
 0.000128 0.943491 0.000152 0.056230
 0.127896 0.274836 0.231656 0.365613

MOTIF 34-GGCGCGGTGGCTCA STREME-34
letter-probability matrix: alength= 4 w= 14 nsites= 198 E= 1.0e+000
 0.010887 0.010920 0.972662 0.005532
 0.066660 0.000210 0.932953 0.000177
 0.010887 0.720971 0.005565 0.262577
 0.292529 0.000210 0.701730 0.005532
 0.016242 0.800799 0.005565 0.177394
 0.294708 0.026985 0.648677 0.029630
 0.010887 0.000210 0.988727 0.000177
 0.000177 0.026985 0.000210 0.972628
 0.021597 0.005565 0.972662 0.000177
 0.005532 0.005565 0.988727 0.000177
 0.000177 0.929821 0.000210 0.069793
 0.005532 0.000210 0.010920 0.983339
 0.000177 0.999437 0.000210 0.000177
 0.972628 0.016275 0.005565 0.005532

MOTIF 35-CTAGCGGTAACGCC STREME-35
letter-probability matrix: alength= 4 w= 14 nsites= 92 E= 1.0e+000
 0.000370 0.998821 0.000439 0.000370
 0.011588 0.000439 0.011657 0.976316
 0.897791 0.011657 0.045310 0.045241
 0.022805 0.034093 0.931514 0.011588
 0.034023 0.819337 0.022875 0.123765
 0.123765 0.000439 0.852990 0.022805
 0.000370 0.034093 0.965168 0.000370
 0.000370 0.011657 0.000439 0.987534
 0.740743 0.011657 0.247230 0.000370
 0.897791 0.022875 0.078964 0.000370
 0.011588 0.729594 0.034093 0.224725
 0.146201 0.000439 0.841772 0.011588
 0.000370 0.953950 0.000439 0.045241
 0.011588 0.965168 0.000439 0.022805

MOTIF 36-CCAGGGATGCTGCT STREME-36
letter-probability matrix: alength= 4 w= 14 nsites= 100 E= 1.0e+000
 0.024424 0.861599 0.065526 0.048451
 0.060465 0.890613 0.036512 0.012410
 0.938594 0.024498 0.036512 0.000396
 0.101493 0.024498 0.813544 0.060465
 0.048451 0.012484 0.938668 0.000396
 0.036438 0.012484 0.950682 0.000396
 0.938594 0.012484 0.024498 0.024424
 0.012410 0.012484 0.044658 0.930447
 0.072479 0.012484 0.914640 0.000396
 0.024424 0.914640 0.060540 0.000396
 0.084493 0.036512 0.000471 0.878524
 0.060465 0.000471 0.890613 0.048451
 0.024424 0.878599 0.024498 0.072479
 0.012410 0.096581 0.036512 0.854497

MOTIF 37-AGAGAGAGAGAGAGA STREME-37
letter-probability matrix: alength= 4 w= 15 nsites= 93 E= 1.0e+000
 0.967708 0.024656 0.000474 0.007162
 0.000399 0.000474 0.998729 0.000399
 0.962380 0.000474 0.036748 0.000399
 0.109221 0.024656 0.865724 0.000399
 0.901923 0.000474 0.097205 0.000399
 0.012490 0.048839 0.938272 0.000399
 0.938197 0.012565 0.048839 0.000399
 0.205952 0.000474 0.781085 0.012490
 0.938197 0.036748 0.024656 0.000399
 0.072947 0.109296 0.817359 0.000399
 0.889832 0.000474 0.109296 0.000399
 0.072947 0.000474 0.914090 0.012490
 0.998654 0.000474 0.000474 0.000399
 0.060855 0.000474 0.938272 0.000399
 0.986563 0.012565 0.000474 0.000399

MOTIF 38-AACTGCA STREME-38
letter-probability matrix: alength= 4 w= 7 nsites= 800 E= 1.6e+000
 0.929864 0.024682 0.024682 0.020773
 0.929864 0.024682 0.024682 0.020773
 0.020773 0.933773 0.024682 0.020773
 0.020773 0.024682 0.024682 0.929864
 0.020773 0.024682 0.933773 0.020773
 0.020773 0.933773 0.024682 0.020773
 0.929864 0.024682 0.024682 0.020773

MOTIF 39-ATTATC STREME-39
letter-probability matrix: alength= 4 w= 6 nsites= 767 E= 1.6e+000
 0.929864 0.024682 0.024682 0.020773
 0.020773 0.024682 0.024682 0.929864
 0.020773 0.024682 0.024682 0.929864
 0.929864 0.024682 0.024682 0.020773
 0.020773 0.024682 0.024682 0.929864
 0.020773 0.933773 0.024682 0.020773

MOTIF 40-ATYGCTTGARCC STREME-40
letter-probability matrix: alength= 4 w= 12 nsites= 70 E= 1.6e+000
 0.998317 0.000592 0.000592 0.000498
 0.000498 0.000592 0.000592 0.998317
 0.076091 0.590212 0.000592 0.333105
 0.000498 0.000592 0.998411 0.000498
 0.000498 0.998411 0.000592 0.000498
 0.000498 0.000592 0.000592 0.998317
 0.000498 0.000592 0.091303 0.907606
 0.000498 0.000592 0.998411 0.000498
 0.937843 0.061066 0.000592 0.000498
 0.484289 0.000592 0.469265 0.045854
 0.000498 0.892582 0.000592 0.106328
 0.000498 0.998411 0.000592 0.000498

MOTIF 41-ACGAAGCTTCCAG STREME-41
letter-probability matrix: alength= 4 w= 13 nsites= 48 E= 1.6e+000
 0.951530 0.000899 0.046814 0.000757
 0.069628 0.699143 0.000899 0.230329
 0.138500 0.000899 0.859844 0.000757
 0.997445 0.000899 0.000899 0.000757
 0.951530 0.000899 0.046814 0.000757
 0.000757 0.000899 0.997587 0.000757
 0.000757 0.988059 0.000899 0.010285
 0.000757 0.000899 0.000899 0.997445
 0.000757 0.023856 0.000899 0.974488
 0.000757 0.951673 0.000899 0.046671
 0.000757 0.997587 0.000899 0.000757
 0.997445 0.000899 0.000899 0.000757
 0.000757 0.000899 0.997587 0.000757

MOTIF 42-AGCGTCTGGGAAGAC STREME-42
letter-probability matrix: alength= 4 w= 15 nsites= 76 E= 1.6e+000
 0.984380 0.014607 0.000551 0.000463
 0.000463 0.000551 0.998523 0.000463
 0.000463 0.801739 0.000551 0.197247
 0.197247 0.000551 0.773628 0.028575
 0.000463 0.183278 0.000551 0.815708
 0.000463 0.998523 0.000551 0.000463
 0.000463 0.000551 0.000551 0.998435
 0.000463 0.000551 0.998523 0.000463
 0.000463 0.014607 0.984467 0.000463
 0.014519 0.000551 0.984467 0.000463
 0.998435 0.000551 0.000551 0.000463
 0.984380 0.000551 0.000551 0.014519
 0.000463 0.000551 0.998523 0.000463
 0.759484 0.042718 0.197334 0.000463
 0.000463 0.731460 0.000551 0.267526

MOTIF 43-AAATTAGCTGGGYGT STREME-43
letter-probability matrix: alength= 4 w= 15 nsites= 66 E= 1.6e+000
 0.954246 0.000849 0.044191 0.000714
 0.997588 0.000849 0.000849 0.000714
 0.954246 0.000849 0.044191 0.000714
 0.022386 0.044191 0.000849 0.932574
 0.000714 0.000849 0.044191 0.954246
 0.954246 0.022520 0.022520 0.000714
 0.022386 0.022520 0.911038 0.044057
 0.000714 0.976051 0.000849 0.022386
 0.022386 0.304245 0.022520 0.650849
 0.087399 0.000849 0.911038 0.000714
 0.065728 0.000849 0.911038 0.022386
 0.044057 0.022520 0.932709 0.000714
 0.000714 0.325916 0.044191 0.629178
 0.109070 0.000849 0.824353 0.065728
 0.000714 0.000849 0.022520 0.975917

MOTIF 44-GAAGACAAGAGTGYG STREME-44
letter-probability matrix: alength= 4 w= 15 nsites= 63 E= 1.8e+000
 0.000620 0.019554 0.979206 0.000620
 0.997906 0.000737 0.000737 0.000620
 0.979089 0.000737 0.019554 0.000620
 0.019437 0.000737 0.979206 0.000620
 0.997906 0.000737 0.000737 0.000620
 0.000620 0.998022 0.000737 0.000620
 0.997906 0.000737 0.000737 0.000620
 0.979089 0.000737 0.019554 0.000620
 0.000620 0.000737 0.979206 0.019437
 0.809739 0.019554 0.019554 0.151154
 0.000620 0.000737 0.998022 0.000620
 0.038254 0.038370 0.000737 0.922639
 0.019437 0.000737 0.979206 0.000620
 0.151154 0.527605 0.000737 0.320504
 0.075887 0.000737 0.903939 0.019437

MOTIF 45-CACCACCACC STREME-45
letter-probability matrix: alength= 4 w= 10 nsites= 164 E= 2.0e+000
 0.000552 0.932840 0.000655 0.065953
 0.998138 0.000655 0.000655 0.000552
 0.000552 0.942408 0.000655 0.056385
 0.000552 0.933365 0.043158 0.022926
 0.998138 0.000655 0.000655 0.000552
 0.000552 0.841865 0.000655 0.156928
 0.000552 0.955541 0.012074 0.031833
 0.998138 0.000655 0.000655 0.000552
 0.019859 0.809607 0.000655 0.169879
 0.000552 0.912529 0.086368 0.000552

MOTIF 46-GAAACTGA STREME-46
letter-probability matrix: alength= 4 w= 8 nsites= 463 E= 2.2e+000
 0.020773 0.024682 0.933773 0.020773
 0.929864 0.024682 0.024682 0.020773
 0.929864 0.024682 0.024682 0.020773
 0.929864 0.024682 0.024682 0.020773
 0.020773 0.933773 0.024682 0.020773
 0.020773 0.024682 0.024682 0.929864
 0.020773 0.024682 0.933773 0.020773
 0.929864 0.024682 0.024682 0.020773

MOTIF 47-CACTTCCGG STREME-47
letter-probability matrix: alength= 4 w= 9 nsites= 231 E= 2.3e+000
 0.083182 0.607535 0.155776 0.153507
 0.998549 0.000511 0.000511 0.000430
 0.000430 0.998630 0.000511 0.000430
 0.000430 0.000511 0.023758 0.975302
 0.026373 0.000511 0.000511 0.972606
 0.000430 0.963060 0.000511 0.036000
 0.000430 0.998630 0.000511 0.000430
 0.000430 0.091208 0.907932 0.000430
 0.088584 0.000511 0.856401 0.054504

MOTIF 48-AAATGTC STREME-48
letter-probability matrix: alength= 4 w= 7 nsites= 610 E= 2.4e+000
 0.929864 0.024682 0.024682 0.020773
 0.929864 0.024682 0.024682 0.020773
 0.929864 0.024682 0.024682 0.020773
 0.020773 0.024682 0.024682 0.929864
 0.020773 0.024682 0.933773 0.020773
 0.020773 0.024682 0.024682 0.929864
 0.020773 0.933773 0.024682 0.020773

MOTIF 49-TGTWWACA STREME-49
letter-probability matrix: alength= 4 w= 8 nsites= 185 E= 2.4e+000
 0.001194 0.094171 0.001418 0.903217
 0.001194 0.001418 0.996195 0.001194
 0.001194 0.001418 0.001418 0.995970
 0.609602 0.001418 0.001418 0.387562
 0.387562 0.001418 0.001418 0.609602
 0.995970 0.001418 0.001418 0.001194
 0.001194 0.996195 0.001418 0.001194
 0.903217 0.001418 0.094171 0.001194

MOTIF 50-GAACTCCTGACCTC STREME-50
letter-probability matrix: alength= 4 w= 14 nsites= 79 E= 1.6e+001
 0.227902 0.000512 0.771156 0.000431
 0.985484 0.000512 0.000512 0.013492
 0.907114 0.000512 0.013573 0.078801
 0.000431 0.959442 0.000512 0.039616
 0.000431 0.026635 0.000512 0.972423
 0.000431 0.881071 0.039697 0.078801
 0.000431 0.940959 0.000512 0.058099
 0.013492 0.000512 0.000512 0.985484
 0.013492 0.000512 0.985565 0.000431
 0.724249 0.000512 0.274809 0.000431
 0.039616 0.698206 0.261747 0.000431
 0.026554 0.959442 0.000512 0.013492
 0.000431 0.000512 0.013573 0.985484
 0.000431 0.933318 0.000512 0.065739

MOTIF 51-GGCAATGTCTGGA STREME-51
letter-probability matrix: alength= 4 w= 13 nsites= 50 E= 4.2e+001
 0.022386 0.000849 0.954380 0.022386
 0.022386 0.022520 0.911038 0.044057
 0.000714 0.976051 0.000849 0.022386
 0.975917 0.000849 0.000849 0.022386
 0.997588 0.000849 0.000849 0.000714
 0.022386 0.044191 0.022520 0.910903
 0.000714 0.000849 0.997722 0.000714
 0.000714 0.044191 0.000849 0.954246
 0.000714 0.932709 0.000849 0.065728
 0.022386 0.000849 0.000849 0.975917
 0.044057 0.000849 0.932709 0.022386
 0.044057 0.065862 0.867695 0.022386
 0.997588 0.000849 0.000849 0.000714

MOTIF 52-GTTGTGACAACCAA STREME-52
letter-probability matrix: alength= 4 w= 14 nsites= 65 E= 4.6e+001
 0.134531 0.045263 0.819715 0.000491
 0.030278 0.060157 0.000583 0.908982
 0.000491 0.089943 0.015477 0.894089
 0.104744 0.000583 0.775035 0.119637
 0.000491 0.000583 0.030370 0.968556
 0.104744 0.000583 0.894182 0.000491
 0.923876 0.015477 0.045263 0.015384
 0.000491 0.894182 0.000583 0.104744
 0.864303 0.045263 0.089943 0.000491
 0.908982 0.045263 0.045263 0.000491
 0.015384 0.834608 0.030370 0.119637
 0.030278 0.849502 0.045263 0.074957
 0.894089 0.060157 0.030370 0.015384
 0.923876 0.015477 0.015477 0.045171

********************************************************************************
Stopped because 3 consecutive motifs exceeded the p-value threshold (0.05).
********************************************************************************
COMMAND:	streme --verbosity 1 --oc meme_out_incomplete_DL/HepG2_CTCF-human_ENCFF648HFC/streme_out -dna --seed 0 --p meme_out_incomplete_DL/HepG2_CTCF-human_ENCFF648HFC/seqs-centered --minw 6 --maxw 15 --time 6134 --order 2 --thresh 0.05 --align center --totallength 4000000 --parse-genomic-coord
********************************************************************************
CPU:		9f05ee173ae9
********************************************************************************
FINALTIME:	2949.29 seconds
********************************************************************************
