DB 0 MOTIF	BBYTCYBATTGGYY	MEME-2
-155.0	0
-154.0	0
-153.0	0
-152.0	0
-151.0	2
-150.0	1
-149.0	0
-148.0	1
-147.0	0
-146.0	0
-145.0	1
-144.0	0
-143.0	0
-142.0	0
-141.0	0
-140.0	0
-139.0	0
-138.0	0
-137.0	0
-136.0	0
-135.0	1
-134.0	0
-133.0	0
-132.0	0
-131.0	0
-130.0	0
-129.0	0
-128.0	0
-127.0	0
-126.0	1
-125.0	0
-124.0	0
-123.0	2
-122.0	0
-121.0	1
-120.0	0
-119.0	2
-118.0	0
-117.0	0
-116.0	0
-115.0	1
-114.0	0
-113.0	0
-112.0	0
-111.0	0
-110.0	1
-109.0	0
-108.0	0
-107.0	0
-106.0	1
-105.0	0
-104.0	2
-103.0	0
-102.0	1
-101.0	0
-100.0	0
 -99.0	0
 -98.0	0
 -97.0	0
 -96.0	0
 -95.0	0
 -94.0	0
 -93.0	0
 -92.0	2
 -91.0	0
 -90.0	3
 -89.0	0
 -88.0	0
 -87.0	1
 -86.0	0
 -85.0	0
 -84.0	0
 -83.0	0
 -82.0	0
 -81.0	1
 -80.0	1
 -79.0	1
 -78.0	0
 -77.0	0
 -76.0	1
 -75.0	0
 -74.0	2
 -73.0	1
 -72.0	1
 -71.0	0
 -70.0	0
 -69.0	0
 -68.0	0
 -67.0	0
 -66.0	2
 -65.0	0
 -64.0	1
 -63.0	0
 -62.0	0
 -61.0	2
 -60.0	2
 -59.0	1
 -58.0	0
 -57.0	0
 -56.0	0
 -55.0	0
 -54.0	1
 -53.0	0
 -52.0	0
 -51.0	0
 -50.0	1
 -49.0	0
 -48.0	0
 -47.0	1
 -46.0	1
 -45.0	2
 -44.0	2
 -43.0	0
 -42.0	2
 -41.0	0
 -40.0	0
 -39.0	0
 -38.0	2
 -37.0	1
 -36.0	2
 -35.0	6
 -34.0	2
 -33.0	2
 -32.0	4
 -31.0	0
 -30.0	0
 -29.0	0
 -28.0	1
 -27.0	0
 -26.0	1
 -25.0	0.5
 -24.0	0
 -23.0	1
 -22.0	3
 -21.0	0
 -20.0	2
 -19.0	1
 -18.0	0
 -17.0	0
 -16.0	0
 -15.0	1
 -14.0	1
 -13.0	2
 -12.0	1
 -11.0	2
 -10.0	0
  -9.0	0
  -8.0	3
  -7.0	2
  -6.0	1
  -5.0	1
  -4.0	0
  -3.0	0
  -2.0	0
  -1.0	0
   0.0	4
   1.0	1
   2.0	0
   3.0	1
   4.0	1
   5.0	1
   6.0	1
   7.0	1
   8.0	2
   9.0	2
  10.0	3
  11.0	1
  12.0	2
  13.0	2
  14.0	3
  15.0	0
  16.0	0
  17.0	2
  18.0	3
  19.0	1
  20.0	3
  21.0	1
  22.0	2
  23.0	1
  24.0	2
  25.0	1
  26.0	0
  27.0	0
  28.0	2
  29.0	1
  30.0	2
  31.0	2
  32.0	1
  33.0	0
  34.0	0
  35.0	1
  36.0	2
  37.0	1
  38.0	0
  39.0	1
  40.0	2
  41.0	3
  42.0	0
  43.0	2
  44.0	1
  45.0	1
  46.0	1
  47.0	1
  48.0	1
  49.0	2
  50.0	0
  51.0	0
  52.0	1
  53.0	2
  54.0	1
  55.0	1
  56.0	0
  57.0	1
  58.0	1
  59.0	3
  60.0	1
  61.0	1
  62.0	1
  63.0	1
  64.0	1
  65.0	0
  66.0	0
  67.0	0
  68.0	0
  69.0	0
  70.0	2.5
  71.0	1
  72.0	1
  73.0	0
  74.0	0
  75.0	1
  76.0	2
  77.0	0
  78.0	2
  79.0	2
  80.0	1
  81.0	1
  82.0	1
  83.0	3
  84.0	0
  85.0	1
  86.0	0
  87.0	0
  88.0	1
  89.0	0
  90.0	0
  91.0	1
  92.0	0
  93.0	1
  94.0	2
  95.0	0
  96.0	0
  97.0	0
  98.0	1
  99.0	0
 100.0	1
 101.0	0
 102.0	0
 103.0	1
 104.0	0
 105.0	0
 106.0	1
 107.0	0
 108.0	1
 109.0	0
 110.0	0
 111.0	2
 112.0	1
 113.0	0
 114.0	1
 115.0	0
 116.0	0
 117.0	0
 118.0	0
 119.0	0
 120.0	0
 121.0	0
 122.0	0
 123.0	0
 124.0	0
 125.0	1
 126.0	0
 127.0	0
 128.0	0
 129.0	0
 130.0	0
 131.0	0
 132.0	1
 133.0	0
 134.0	0
 135.0	0
 136.0	0
 137.0	0
 138.0	1
 139.0	1
 140.0	0
 141.0	0
 142.0	0
 143.0	0
 144.0	0
 145.0	0
 146.0	0
 147.0	0
 148.0	0
 149.0	0
 150.0	1
 151.0	0
 152.0	0
 153.0	0
 154.0	1
 155.0	0
DB 1 MOTIF	1-YTYTSATTGGYYRD	STREME-1
-155.0	1
-154.0	0
-153.0	0
-152.0	0
-151.0	0
-150.0	0
-149.0	2
-148.0	1
-147.0	0
-146.0	0
-145.0	0
-144.0	1
-143.0	0
-142.0	0
-141.0	0
-140.0	0
-139.0	1
-138.0	0
-137.0	0
-136.0	0
-135.0	1
-134.0	1
-133.0	1
-132.0	0
-131.0	0
-130.0	1
-129.0	0
-128.0	1
-127.0	0
-126.0	0
-125.0	1
-124.0	0
-123.0	1
-122.0	0
-121.0	1
-120.0	0
-119.0	0
-118.0	0
-117.0	0
-116.0	0
-115.0	1
-114.0	0
-113.0	0
-112.0	0
-111.0	0
-110.0	1
-109.0	0
-108.0	1
-107.0	0
-106.0	0
-105.0	0
-104.0	1
-103.0	1
-102.0	0
-101.0	1
-100.0	0
 -99.0	0
 -98.0	0
 -97.0	0
 -96.0	0
 -95.0	0
 -94.0	0
 -93.0	0
 -92.0	0
 -91.0	1
 -90.0	3
 -89.0	0
 -88.0	2
 -87.0	1
 -86.0	0
 -85.0	0
 -84.0	0
 -83.0	0
 -82.0	0
 -81.0	1
 -80.0	1
 -79.0	2
 -78.0	2
 -77.0	0
 -76.0	2
 -75.0	0
 -74.0	0
 -73.0	0
 -72.0	0
 -71.0	1
 -70.0	2
 -69.0	0
 -68.0	0
 -67.0	0
 -66.0	0
 -65.0	1
 -64.0	0
 -63.0	0
 -62.0	3
 -61.0	0
 -60.0	0
 -59.0	0
 -58.0	1
 -57.0	1
 -56.0	1
 -55.0	0
 -54.0	0
 -53.0	1
 -52.0	1
 -51.0	0
 -50.0	0
 -49.0	1
 -48.0	0
 -47.0	0
 -46.0	1
 -45.0	0
 -44.0	2
 -43.0	1
 -42.0	1
 -41.0	0
 -40.0	1
 -39.0	0
 -38.0	3
 -37.0	2
 -36.0	1
 -35.0	0
 -34.0	3
 -33.0	3
 -32.0	0.5
 -31.0	3
 -30.0	1
 -29.0	1
 -28.0	1
 -27.0	0
 -26.0	0
 -25.0	1
 -24.0	1
 -23.0	1.5
 -22.0	0
 -21.0	0
 -20.0	1
 -19.0	0
 -18.0	2
 -17.0	1
 -16.0	0
 -15.0	1
 -14.0	1
 -13.0	3
 -12.0	2
 -11.0	0
 -10.0	0
  -9.0	0
  -8.0	0
  -7.0	0
  -6.0	1
  -5.0	2
  -4.0	0
  -3.0	0
  -2.0	2
  -1.0	0
   0.0	0
   1.0	1
   2.0	2
   3.0	1
   4.0	0
   5.0	0
   6.0	0
   7.0	0
   8.0	0
   9.0	2
  10.0	0
  11.0	1
  12.0	3
  13.0	0
  14.0	2
  15.0	2
  16.0	1
  17.0	1
  18.0	1
  19.0	1
  20.0	3
  21.0	1
  22.0	3
  23.0	0
  24.0	0
  25.0	1
  26.0	0
  27.0	1
  28.0	1
  29.0	0
  30.0	0
  31.0	0
  32.0	0
  33.0	2
  34.0	0
  35.0	0
  36.0	1
  37.0	1
  38.0	2
  39.0	1
  40.0	1
  41.0	0
  42.0	2
  43.0	1
  44.0	0
  45.0	1
  46.0	1
  47.0	0
  48.0	0
  49.0	0
  50.0	1
  51.0	2
  52.0	0
  53.0	0
  54.0	1
  55.0	1
  56.0	1
  57.0	2
  58.0	1
  59.0	1
  60.0	1
  61.0	1
  62.0	0
  63.0	1
  64.0	0
  65.0	0
  66.0	0
  67.0	0
  68.0	0
  69.0	1
  70.0	2
  71.0	0
  72.0	2
  73.0	0
  74.0	0
  75.0	0
  76.0	1
  77.0	1
  78.0	1
  79.0	1
  80.0	3
  81.0	1
  82.0	0
  83.0	0
  84.0	0
  85.0	2
  86.0	0
  87.0	1
  88.0	0
  89.0	0
  90.0	0
  91.0	0
  92.0	0
  93.0	1
  94.0	0
  95.0	2
  96.0	0
  97.0	0
  98.0	0
  99.0	0
 100.0	1
 101.0	0
 102.0	0
 103.0	0
 104.0	0
 105.0	1
 106.0	1
 107.0	0
 108.0	1
 109.0	2
 110.0	0
 111.0	0
 112.0	1
 113.0	0
 114.0	1
 115.0	0
 116.0	0
 117.0	0
 118.0	0
 119.0	0
 120.0	0
 121.0	0
 122.0	0
 123.0	0
 124.0	0
 125.0	0
 126.0	1
 127.0	0
 128.0	0
 129.0	0
 130.0	1
 131.0	0
 132.0	0
 133.0	0
 134.0	0
 135.0	0
 136.0	0
 137.0	0
 138.0	0
 139.0	1
 140.0	0
 141.0	0
 142.0	0
 143.0	0
 144.0	0
 145.0	0
 146.0	0
 147.0	0
 148.0	1
 149.0	0
 150.0	0
 151.0	0
 152.0	0
 153.0	0
 154.0	0
 155.0	0
DB 1 MOTIF	3-ARCCAATCAK	STREME-3
-157.0	1
-156.0	0
-155.0	0.25
-154.0	0
-153.0	0
-152.0	0
-151.0	1
-150.0	0
-149.0	0
-148.0	1
-147.0	1
-146.0	0
-145.0	1
-144.0	1
-143.0	1
-142.0	0
-141.0	0
-140.0	0
-139.0	0
-138.0	0
-137.0	1
-136.0	0
-135.0	2
-134.0	1
-133.0	1
-132.0	0
-131.0	1
-130.0	0
-129.0	0
-128.0	1
-127.0	0
-126.0	0
-125.0	0
-124.0	0
-123.0	1
-122.0	0
-121.0	0
-120.0	1
-119.0	0.5
-118.0	0
-117.0	1
-116.0	0
-115.0	2
-114.0	1
-113.0	0
-112.0	0
-111.0	0
-110.0	0
-109.0	0
-108.0	1
-107.0	1
-106.0	1
-105.0	1
-104.0	0
-103.0	0
-102.0	0
-101.0	0
-100.0	1
 -99.0	0
 -98.0	0
 -97.0	0
 -96.0	0
 -95.0	0
 -94.0	0
 -93.0	0
 -92.0	1
 -91.0	1
 -90.0	2
 -89.0	0
 -88.0	2
 -87.0	1
 -86.0	1
 -85.0	0.5
 -84.0	0
 -83.0	0.333333
 -82.0	1
 -81.0	0
 -80.0	1
 -79.0	1
 -78.0	1
 -77.0	0
 -76.0	1
 -75.0	0
 -74.0	0
 -73.0	0
 -72.0	1
 -71.0	0
 -70.0	1
 -69.0	1
 -68.0	1
 -67.0	0.333333
 -66.0	0
 -65.0	1
 -64.0	0
 -63.0	2
 -62.0	1
 -61.0	0
 -60.0	0
 -59.0	3
 -58.0	0
 -57.0	1
 -56.0	2.5
 -55.0	0
 -54.0	0
 -53.0	0
 -52.0	0.5
 -51.0	0
 -50.0	2
 -49.0	2
 -48.0	0
 -47.0	0.5
 -46.0	3
 -45.0	0
 -44.0	0
 -43.0	1
 -42.0	2
 -41.0	0
 -40.0	4
 -39.0	2
 -38.0	2
 -37.0	1
 -36.0	1
 -35.0	0
 -34.0	1
 -33.0	4
 -32.0	0
 -31.0	0
 -30.0	2
 -29.0	1
 -28.0	1
 -27.0	0
 -26.0	1
 -25.0	1
 -24.0	1.33333
 -23.0	1
 -22.0	0
 -21.0	0
 -20.0	0
 -19.0	0
 -18.0	2
 -17.0	0
 -16.0	0
 -15.0	1
 -14.0	2
 -13.0	1
 -12.0	1
 -11.0	0
 -10.0	0
  -9.0	0
  -8.0	0
  -7.0	0
  -6.0	1
  -5.0	2
  -4.0	0
  -3.0	0
  -2.0	6
  -1.0	0
   0.0	1
   1.0	1
   2.0	2
   3.0	1.25
   4.0	0
   5.0	0
   6.0	2
   7.0	0
   8.0	1
   9.0	2
  10.0	0
  11.0	1
  12.0	0
  13.0	0
  14.0	0.5
  15.0	1
  16.0	0
  17.0	0
  18.0	0
  19.0	0
  20.0	1
  21.0	0
  22.0	1
  23.0	2
  24.0	2
  25.0	1
  26.0	1
  27.0	0
  28.0	1.33333
  29.0	0
  30.0	0
  31.0	0.333333
  32.0	0
  33.0	1
  34.0	1
  35.0	0
  36.0	0
  37.0	0
  38.0	1
  39.0	1
  40.0	0.5
  41.0	1
  42.0	2
  43.0	1
  44.0	1
  45.0	3.75
  46.0	0
  47.0	2
  48.0	0.5
  49.0	0
  50.0	3
  51.0	1
  52.0	0
  53.0	1
  54.0	0
  55.0	0
  56.0	0
  57.0	0
  58.0	1
  59.0	0
  60.0	1
  61.0	0
  62.0	0
  63.0	2
  64.0	0
  65.0	1
  66.0	0
  67.0	0
  68.0	2
  69.0	2
  70.0	2
  71.0	0
  72.0	1
  73.0	0
  74.0	0
  75.0	0
  76.0	1
  77.0	0
  78.0	0
  79.0	0
  80.0	1
  81.0	1
  82.0	0
  83.0	0
  84.0	0
  85.0	1
  86.0	0
  87.0	1.75
  88.0	0
  89.0	0
  90.0	0
  91.0	0
  92.0	0
  93.0	2
  94.0	0
  95.0	0
  96.0	1
  97.0	0
  98.0	0
  99.0	0
 100.0	2
 101.0	1
 102.0	0
 103.0	0
 104.0	2
 105.0	0
 106.0	0
 107.0	0
 108.0	1
 109.0	1
 110.0	2
 111.0	0
 112.0	1
 113.0	1
 114.0	0
 115.0	0
 116.0	0
 117.0	0
 118.0	0
 119.0	0
 120.0	1
 121.0	0
 122.0	1
 123.0	0.333333
 124.0	0
 125.0	0
 126.0	1
 127.0	0
 128.0	0
 129.0	0
 130.0	1
 131.0	2
 132.0	0
 133.0	0
 134.0	0
 135.0	0
 136.0	0
 137.0	0
 138.0	0
 139.0	2
 140.0	0
 141.0	0
 142.0	0
 143.0	0
 144.0	1
 145.0	0
 146.0	0
 147.0	0
 148.0	0
 149.0	0
 150.0	0
 151.0	0
 152.0	1
 153.0	0
 154.0	2
 155.0	0
 156.0	1
 157.0	0
DB 1 MOTIF	4-ACACAGACYAT	STREME-4
-156.5	0
-155.5	0
-154.5	0
-153.5	1
-152.5	1
-151.5	0
-150.5	0
-149.5	0
-148.5	1
-147.5	1
-146.5	0
-145.5	0
-144.5	0
-143.5	0
-142.5	1
-141.5	0
-140.5	0
-139.5	0
-138.5	1
-137.5	0
-136.5	0
-135.5	1
-134.5	0
-133.5	1
-132.5	1
-131.5	1
-130.5	0
-129.5	0
-128.5	0.25
-127.5	0
-126.5	0
-125.5	0
-124.5	0.25
-123.5	0
-122.5	0
-121.5	0
-120.5	0.25
-119.5	1
-118.5	1
-117.5	0
-116.5	0.25
-115.5	1
-114.5	1
-113.5	0
-112.5	1
-111.5	1
-110.5	2
-109.5	0
-108.5	0
-107.5	1
-106.5	0
-105.5	1
-104.5	0
-103.5	0
-102.5	0
-101.5	0
-100.5	0
 -99.5	0
 -98.5	0
 -97.5	0
 -96.5	1
 -95.5	1
 -94.5	0
 -93.5	0
 -92.5	0
 -91.5	3
 -90.5	0
 -89.5	1
 -88.5	0
 -87.5	0
 -86.5	1
 -85.5	3
 -84.5	1
 -83.5	0
 -82.5	1
 -81.5	2
 -80.5	0
 -79.5	0
 -78.5	0
 -77.5	1
 -76.5	0
 -75.5	0
 -74.5	0
 -73.5	1
 -72.5	0
 -71.5	0
 -70.5	0
 -69.5	0
 -68.5	0
 -67.5	0
 -66.5	0
 -65.5	1
 -64.5	0
 -63.5	0.333333
 -62.5	2
 -61.5	0
 -60.5	0
 -59.5	1
 -58.5	0
 -57.5	0
 -56.5	0
 -55.5	1
 -54.5	0
 -53.5	0
 -52.5	0
 -51.5	0
 -50.5	0
 -49.5	2
 -48.5	0
 -47.5	0
 -46.5	0
 -45.5	0
 -44.5	0
 -43.5	0
 -42.5	0
 -41.5	0
 -40.5	0
 -39.5	1
 -38.5	0
 -37.5	1
 -36.5	0
 -35.5	0
 -34.5	0
 -33.5	0
 -32.5	0
 -31.5	0
 -30.5	0
 -29.5	1
 -28.5	1
 -27.5	0.5
 -26.5	1
 -25.5	1
 -24.5	1
 -23.5	0
 -22.5	1
 -21.5	1
 -20.5	0
 -19.5	1
 -18.5	0
 -17.5	1
 -16.5	2
 -15.5	0
 -14.5	0
 -13.5	0
 -12.5	2
 -11.5	0
 -10.5	0
  -9.5	0
  -8.5	0
  -7.5	1
  -6.5	1
  -5.5	2
  -4.5	1
  -3.5	0
  -2.5	2
  -1.5	1
  -0.5	5
   0.5	0
   1.5	2
   2.5	2
   3.5	0
   4.5	0.5
   5.5	0
   6.5	0
   7.5	0
   8.5	0
   9.5	0
  10.5	0
  11.5	0
  12.5	1
  13.5	1
  14.5	1
  15.5	0
  16.5	0
  17.5	2
  18.5	1
  19.5	1
  20.5	1
  21.5	3
  22.5	0
  23.5	1
  24.5	4
  25.5	0
  26.5	0
  27.5	2
  28.5	1
  29.5	0
  30.5	1
  31.5	1.33333
  32.5	0
  33.5	0
  34.5	0
  35.5	0
  36.5	0
  37.5	0
  38.5	1
  39.5	1
  40.5	0
  41.5	1
  42.5	2
  43.5	0
  44.5	0
  45.5	0
  46.5	1
  47.5	1
  48.5	0
  49.5	0
  50.5	0
  51.5	1
  52.5	1
  53.5	0
  54.5	0
  55.5	1
  56.5	2
  57.5	1
  58.5	0
  59.5	1
  60.5	0
  61.5	0
  62.5	1
  63.5	2
  64.5	1
  65.5	0
  66.5	0
  67.5	1
  68.5	0
  69.5	1
  70.5	1
  71.5	0
  72.5	0
  73.5	0
  74.5	0
  75.5	0
  76.5	0
  77.5	1
  78.5	0
  79.5	0
  80.5	1
  81.5	0
  82.5	0
  83.5	0
  84.5	0
  85.5	1
  86.5	0
  87.5	0
  88.5	2
  89.5	0
  90.5	0
  91.5	0
  92.5	0
  93.5	0
  94.5	0
  95.5	0
  96.5	0
  97.5	0
  98.5	0
  99.5	0
 100.5	0
 101.5	2
 102.5	0
 103.5	0
 104.5	0
 105.5	0
 106.5	1
 107.5	1
 108.5	0
 109.5	2
 110.5	0
 111.5	0
 112.5	0
 113.5	0
 114.5	0
 115.5	0
 116.5	0
 117.5	0
 118.5	0
 119.5	0
 120.5	1
 121.5	0
 122.5	0
 123.5	0
 124.5	0
 125.5	0
 126.5	1.33333
 127.5	0
 128.5	0
 129.5	0
 130.5	0
 131.5	0
 132.5	0
 133.5	0
 134.5	0
 135.5	0
 136.5	0
 137.5	0
 138.5	0
 139.5	0
 140.5	0
 141.5	0
 142.5	0
 143.5	0
 144.5	1
 145.5	0
 146.5	2
 147.5	0
 148.5	0
 149.5	1
 150.5	0
 151.5	1
 152.5	0
 153.5	0
 154.5	1
 155.5	1
 156.5	0
DB 1 MOTIF	8-AAAGTCCAAGCATG	STREME-8
-155.0	0
-154.0	0
-153.0	0
-152.0	0
-151.0	1
-150.0	0
-149.0	0
-148.0	0
-147.0	0
-146.0	0
-145.0	0
-144.0	0
-143.0	0
-142.0	0
-141.0	0
-140.0	1
-139.0	0
-138.0	0
-137.0	0
-136.0	0
-135.0	0
-134.0	0
-133.0	0
-132.0	0
-131.0	0
-130.0	0
-129.0	0
-128.0	0
-127.0	0
-126.0	0
-125.0	0
-124.0	0
-123.0	0
-122.0	0
-121.0	0
-120.0	0
-119.0	0
-118.0	0
-117.0	0
-116.0	0
-115.0	0
-114.0	0
-113.0	0
-112.0	0
-111.0	0
-110.0	1
-109.0	0
-108.0	0
-107.0	0
-106.0	0
-105.0	0
-104.0	0
-103.0	0
-102.0	0
-101.0	0
-100.0	0
 -99.0	0
 -98.0	0
 -97.0	0
 -96.0	0
 -95.0	0
 -94.0	0
 -93.0	0
 -92.0	0
 -91.0	0
 -90.0	0
 -89.0	0
 -88.0	0
 -87.0	0
 -86.0	0
 -85.0	0
 -84.0	1
 -83.0	0
 -82.0	0
 -81.0	0
 -80.0	0
 -79.0	0
 -78.0	0
 -77.0	0
 -76.0	0
 -75.0	1
 -74.0	0
 -73.0	0
 -72.0	1
 -71.0	0
 -70.0	0
 -69.0	0
 -68.0	0
 -67.0	0
 -66.0	0
 -65.0	0
 -64.0	0
 -63.0	0
 -62.0	0
 -61.0	0
 -60.0	0
 -59.0	1
 -58.0	0
 -57.0	0
 -56.0	0
 -55.0	0
 -54.0	0
 -53.0	0
 -52.0	0
 -51.0	0
 -50.0	0
 -49.0	0
 -48.0	0
 -47.0	1
 -46.0	0
 -45.0	0
 -44.0	0
 -43.0	1
 -42.0	0
 -41.0	0
 -40.0	0
 -39.0	1
 -38.0	0
 -37.0	0
 -36.0	1
 -35.0	0
 -34.0	0
 -33.0	0
 -32.0	0
 -31.0	0
 -30.0	0
 -29.0	0
 -28.0	0
 -27.0	0
 -26.0	1
 -25.0	0
 -24.0	0
 -23.0	0
 -22.0	0
 -21.0	0
 -20.0	1
 -19.0	2
 -18.0	0
 -17.0	1
 -16.0	0
 -15.0	0
 -14.0	0
 -13.0	0
 -12.0	0
 -11.0	0
 -10.0	1
  -9.0	0
  -8.0	0
  -7.0	0
  -6.0	1
  -5.0	1
  -4.0	1
  -3.0	1
  -2.0	0
  -1.0	1
   0.0	2
   1.0	1
   2.0	1
   3.0	0
   4.0	0
   5.0	1
   6.0	1
   7.0	0
   8.0	0
   9.0	0
  10.0	0
  11.0	0
  12.0	1
  13.0	1
  14.0	0
  15.0	0
  16.0	1
  17.0	1
  18.0	2
  19.0	0
  20.0	1
  21.0	0
  22.0	0
  23.0	0
  24.0	0
  25.0	0
  26.0	0
  27.0	0
  28.0	0
  29.0	0
  30.0	0
  31.0	0
  32.0	0
  33.0	0
  34.0	0
  35.0	0
  36.0	0
  37.0	0
  38.0	0
  39.0	0
  40.0	2
  41.0	0
  42.0	0
  43.0	1
  44.0	0
  45.0	0
  46.0	0
  47.0	0
  48.0	0
  49.0	1
  50.0	0
  51.0	1
  52.0	0
  53.0	0
  54.0	0
  55.0	1
  56.0	0
  57.0	0
  58.0	0
  59.0	0
  60.0	0
  61.0	0
  62.0	0
  63.0	0
  64.0	0
  65.0	0
  66.0	0
  67.0	0
  68.0	0
  69.0	0
  70.0	0
  71.0	0
  72.0	0
  73.0	0
  74.0	0
  75.0	0
  76.0	0
  77.0	0
  78.0	0
  79.0	0
  80.0	0
  81.0	0
  82.0	0
  83.0	0
  84.0	0
  85.0	0
  86.0	0
  87.0	0
  88.0	0
  89.0	0
  90.0	0
  91.0	0
  92.0	1
  93.0	0
  94.0	0
  95.0	0
  96.0	0
  97.0	0
  98.0	0
  99.0	0
 100.0	0
 101.0	0
 102.0	0
 103.0	0
 104.0	0
 105.0	0
 106.0	0
 107.0	0
 108.0	0
 109.0	0
 110.0	0
 111.0	0
 112.0	0
 113.0	0
 114.0	0
 115.0	0
 116.0	0
 117.0	1
 118.0	0
 119.0	0
 120.0	0
 121.0	0
 122.0	0
 123.0	0
 124.0	0
 125.0	0
 126.0	0
 127.0	0
 128.0	0
 129.0	0
 130.0	0
 131.0	1
 132.0	0
 133.0	0
 134.0	0
 135.0	0
 136.0	0
 137.0	0
 138.0	1
 139.0	0
 140.0	0
 141.0	0
 142.0	0
 143.0	0
 144.0	0
 145.0	0
 146.0	0
 147.0	0
 148.0	0
 149.0	0
 150.0	0
 151.0	0
 152.0	1
 153.0	0
 154.0	0
 155.0	0
DB 2 MOTIF	ATF1_HUMAN.H11MO.0.B
-156.5	0
-155.5	0
-154.5	0
-153.5	1
-152.5	2
-151.5	2
-150.5	1
-149.5	2
-148.5	0
-147.5	0
-146.5	0
-145.5	0
-144.5	0
-143.5	0
-142.5	1
-141.5	1
-140.5	0
-139.5	2
-138.5	3
-137.5	1
-136.5	0
-135.5	3
-134.5	2
-133.5	0
-132.5	0
-131.5	0
-130.5	2
-129.5	1
-128.5	0
-127.5	0
-126.5	0
-125.5	1
-124.5	2
-123.5	1
-122.5	0
-121.5	0
-120.5	0
-119.5	0
-118.5	0
-117.5	0
-116.5	1
-115.5	0
-114.5	0
-113.5	1
-112.5	0
-111.5	1
-110.5	1
-109.5	0
-108.5	0
-107.5	1
-106.5	2
-105.5	2
-104.5	0
-103.5	0
-102.5	1
-101.5	2
-100.5	1
 -99.5	0
 -98.5	1
 -97.5	0
 -96.5	0
 -95.5	1
 -94.5	0
 -93.5	0
 -92.5	1
 -91.5	0
 -90.5	0
 -89.5	0
 -88.5	0
 -87.5	0
 -86.5	1
 -85.5	0
 -84.5	0
 -83.5	0
 -82.5	0
 -81.5	1
 -80.5	0
 -79.5	0
 -78.5	0
 -77.5	0
 -76.5	0
 -75.5	0
 -74.5	1
 -73.5	1
 -72.5	1
 -71.5	0
 -70.5	0
 -69.5	1
 -68.5	2
 -67.5	1
 -66.5	1
 -65.5	0
 -64.5	0
 -63.5	0
 -62.5	1
 -61.5	0
 -60.5	1
 -59.5	1
 -58.5	0
 -57.5	0
 -56.5	1
 -55.5	0
 -54.5	1
 -53.5	0
 -52.5	0
 -51.5	0
 -50.5	1
 -49.5	0
 -48.5	2
 -47.5	0
 -46.5	1
 -45.5	1
 -44.5	0
 -43.5	0
 -42.5	0
 -41.5	0
 -40.5	0
 -39.5	1
 -38.5	1
 -37.5	1
 -36.5	2
 -35.5	0
 -34.5	0
 -33.5	2
 -32.5	2
 -31.5	0
 -30.5	1
 -29.5	1
 -28.5	1
 -27.5	0
 -26.5	0
 -25.5	1
 -24.5	0
 -23.5	1
 -22.5	1
 -21.5	2
 -20.5	1
 -19.5	0
 -18.5	2
 -17.5	3
 -16.5	0
 -15.5	2
 -14.5	1
 -13.5	1
 -12.5	0
 -11.5	1
 -10.5	0
  -9.5	2
  -8.5	2
  -7.5	1
  -6.5	0
  -5.5	0
  -4.5	0
  -3.5	4
  -2.5	1
  -1.5	0
  -0.5	0
   0.5	1
   1.5	2
   2.5	0
   3.5	1
   4.5	1
   5.5	0
   6.5	0
   7.5	1
   8.5	1
   9.5	4
  10.5	1
  11.5	0
  12.5	1
  13.5	2
  14.5	0
  15.5	1
  16.5	1
  17.5	0
  18.5	1
  19.5	0
  20.5	2
  21.5	2
  22.5	0
  23.5	1
  24.5	3
  25.5	2
  26.5	5
  27.5	1
  28.5	0
  29.5	0
  30.5	0
  31.5	1
  32.5	1
  33.5	1
  34.5	0
  35.5	0
  36.5	0
  37.5	2
  38.5	0
  39.5	0
  40.5	0
  41.5	1
  42.5	1
  43.5	2
  44.5	0
  45.5	1
  46.5	0
  47.5	0
  48.5	1
  49.5	0
  50.5	1
  51.5	0
  52.5	0
  53.5	0
  54.5	0
  55.5	1
  56.5	0
  57.5	0
  58.5	0
  59.5	0
  60.5	0
  61.5	0
  62.5	1
  63.5	2
  64.5	1
  65.5	0
  66.5	1
  67.5	0
  68.5	1
  69.5	0
  70.5	2
  71.5	0
  72.5	1
  73.5	0
  74.5	1
  75.5	0
  76.5	0
  77.5	1
  78.5	2
  79.5	1
  80.5	0
  81.5	0
  82.5	1
  83.5	0
  84.5	0
  85.5	0
  86.5	0
  87.5	1
  88.5	0
  89.5	0
  90.5	0
  91.5	0
  92.5	0
  93.5	0
  94.5	0
  95.5	0
  96.5	1
  97.5	1
  98.5	1
  99.5	2
 100.5	1
 101.5	1
 102.5	1
 103.5	0
 104.5	0
 105.5	0
 106.5	1
 107.5	1
 108.5	1
 109.5	0
 110.5	1
 111.5	0
 112.5	0
 113.5	0
 114.5	1
 115.5	0
 116.5	0
 117.5	1
 118.5	1
 119.5	0
 120.5	0
 121.5	1
 122.5	0
 123.5	1
 124.5	0
 125.5	1
 126.5	0
 127.5	0
 128.5	0
 129.5	0
 130.5	0
 131.5	0
 132.5	1
 133.5	0
 134.5	1
 135.5	0
 136.5	1
 137.5	1
 138.5	0
 139.5	1
 140.5	0
 141.5	0
 142.5	0
 143.5	0
 144.5	1
 145.5	0
 146.5	0
 147.5	0
 148.5	1
 149.5	0
 150.5	1
 151.5	0
 152.5	1
 153.5	1
 154.5	0
 155.5	2
 156.5	0
DB 2 MOTIF	CEBPZ_HUMAN.H11MO.0.D
-156.5	0
-155.5	0
-154.5	0
-153.5	0
-152.5	1
-151.5	1
-150.5	0
-149.5	0
-148.5	0
-147.5	0
-146.5	0
-145.5	0
-144.5	1
-143.5	0
-142.5	0
-141.5	0
-140.5	0
-139.5	0
-138.5	0
-137.5	0
-136.5	0
-135.5	0
-134.5	2
-133.5	1
-132.5	0
-131.5	0
-130.5	0
-129.5	0
-128.5	0
-127.5	1
-126.5	0
-125.5	0
-124.5	0
-123.5	0
-122.5	0
-121.5	1
-120.5	1
-119.5	0
-118.5	0
-117.5	2
-116.5	0
-115.5	0
-114.5	0
-113.5	0
-112.5	0
-111.5	0
-110.5	0
-109.5	1
-108.5	0
-107.5	0
-106.5	0
-105.5	0
-104.5	1
-103.5	1
-102.5	0
-101.5	0
-100.5	0
 -99.5	1
 -98.5	0
 -97.5	0
 -96.5	0
 -95.5	0
 -94.5	0
 -93.5	0
 -92.5	0
 -91.5	0
 -90.5	2
 -89.5	0
 -88.5	1
 -87.5	1
 -86.5	2
 -85.5	0.5
 -84.5	1
 -83.5	0
 -82.5	0
 -81.5	0
 -80.5	0
 -79.5	1
 -78.5	1
 -77.5	1
 -76.5	0
 -75.5	1
 -74.5	0
 -73.5	1
 -72.5	0
 -71.5	1
 -70.5	2
 -69.5	1
 -68.5	0
 -67.5	1
 -66.5	0
 -65.5	0
 -64.5	1
 -63.5	0.333333
 -62.5	1
 -61.5	1
 -60.5	0
 -59.5	0
 -58.5	0
 -57.5	0
 -56.5	1.5
 -55.5	0
 -54.5	0
 -53.5	0
 -52.5	0
 -51.5	0.5
 -50.5	0
 -49.5	2
 -48.5	0
 -47.5	1.5
 -46.5	1
 -45.5	1
 -44.5	1
 -43.5	1
 -42.5	0
 -41.5	0
 -40.5	0
 -39.5	2
 -38.5	1
 -37.5	1
 -36.5	0
 -35.5	0
 -34.5	0
 -33.5	2
 -32.5	1.33333
 -31.5	2
 -30.5	1
 -29.5	2
 -28.5	0
 -27.5	1
 -26.5	0
 -25.5	0
 -24.5	0
 -23.5	2.5
 -22.5	0
 -21.5	0
 -20.5	1
 -19.5	0
 -18.5	3
 -17.5	0
 -16.5	0
 -15.5	0
 -14.5	0
 -13.5	1
 -12.5	1
 -11.5	1
 -10.5	1
  -9.5	0
  -8.5	0
  -7.5	0
  -6.5	1
  -5.5	2
  -4.5	0
  -3.5	0
  -2.5	1
  -1.5	4
  -0.5	0
   0.5	1
   1.5	1
   2.5	2
   3.5	1
   4.5	0
   5.5	1
   6.5	1
   7.5	1
   8.5	2
   9.5	1
  10.5	0
  11.5	1
  12.5	1
  13.5	1
  14.5	1
  15.5	1
  16.5	0
  17.5	2
  18.5	0
  19.5	2
  20.5	0
  21.5	0
  22.5	1
  23.5	0
  24.5	1
  25.5	0
  26.5	2
  27.5	0
  28.5	1
  29.5	0
  30.5	0
  31.5	0
  32.5	1
  33.5	1
  34.5	0
  35.5	1
  36.5	0
  37.5	1
  38.5	0
  39.5	1
  40.5	0.5
  41.5	0
  42.5	2
  43.5	0
  44.5	1.5
  45.5	1
  46.5	0
  47.5	0.5
  48.5	0
  49.5	3
  50.5	0
  51.5	1
  52.5	0
  53.5	1
  54.5	0
  55.5	1
  56.5	0
  57.5	2
  58.5	1
  59.5	0
  60.5	1
  61.5	1
  62.5	0
  63.5	0
  64.5	0
  65.5	0
  66.5	0
  67.5	1
  68.5	0
  69.5	2
  70.5	1
  71.5	1.83333
  72.5	0
  73.5	0
  74.5	0
  75.5	0
  76.5	1
  77.5	2
  78.5	0
  79.5	1
  80.5	1
  81.5	0
  82.5	0
  83.5	0
  84.5	2
  85.5	0
  86.5	0.5
  87.5	0
  88.5	0
  89.5	0
  90.5	0
  91.5	0
  92.5	2
  93.5	0
  94.5	1
  95.5	0
  96.5	1
  97.5	0
  98.5	0
  99.5	1
 100.5	1
 101.5	0
 102.5	0
 103.5	1
 104.5	2
 105.5	0
 106.5	0
 107.5	1
 108.5	0
 109.5	2
 110.5	0
 111.5	1
 112.5	1
 113.5	1
 114.5	0
 115.5	0
 116.5	0
 117.5	0
 118.5	0
 119.5	0
 120.5	0
 121.5	0
 122.5	0
 123.5	0
 124.5	0
 125.5	0
 126.5	1
 127.5	0
 128.5	0
 129.5	0
 130.5	1
 131.5	0
 132.5	0
 133.5	1
 134.5	0
 135.5	0
 136.5	0
 137.5	0
 138.5	2
 139.5	0
 140.5	0
 141.5	0
 142.5	0
 143.5	0
 144.5	0
 145.5	0
 146.5	0
 147.5	0
 148.5	0
 149.5	0
 150.5	1
 151.5	0
 152.5	0
 153.5	0
 154.5	0
 155.5	0
 156.5	0
DB 2 MOTIF	CREB1_HUMAN.H11MO.0.A
-156.5	0
-155.5	0
-154.5	0
-153.5	0
-152.5	2
-151.5	1
-150.5	1
-149.5	2
-148.5	0
-147.5	0
-146.5	0
-145.5	0
-144.5	0
-143.5	0
-142.5	0
-141.5	2
-140.5	0
-139.5	1
-138.5	1
-137.5	1
-136.5	0
-135.5	1
-134.5	1
-133.5	0
-132.5	1
-131.5	0
-130.5	1
-129.5	1
-128.5	0
-127.5	0
-126.5	0
-125.5	1
-124.5	1
-123.5	0
-122.5	0
-121.5	1
-120.5	0
-119.5	0
-118.5	0
-117.5	0
-116.5	1
-115.5	0
-114.5	0
-113.5	1
-112.5	0
-111.5	0
-110.5	1
-109.5	0
-108.5	1
-107.5	1
-106.5	2
-105.5	2
-104.5	0
-103.5	0
-102.5	0
-101.5	2
-100.5	1
 -99.5	0
 -98.5	1
 -97.5	0
 -96.5	0
 -95.5	0
 -94.5	0
 -93.5	0
 -92.5	0
 -91.5	0
 -90.5	0
 -89.5	0
 -88.5	0
 -87.5	0
 -86.5	1
 -85.5	1
 -84.5	0
 -83.5	0
 -82.5	0
 -81.5	0
 -80.5	0
 -79.5	0
 -78.5	0
 -77.5	0
 -76.5	0
 -75.5	0
 -74.5	1
 -73.5	1
 -72.5	1
 -71.5	1
 -70.5	0
 -69.5	1
 -68.5	2
 -67.5	1
 -66.5	1
 -65.5	0
 -64.5	0
 -63.5	0
 -62.5	0
 -61.5	0
 -60.5	1
 -59.5	1
 -58.5	1
 -57.5	0
 -56.5	1
 -55.5	0
 -54.5	0
 -53.5	0
 -52.5	0
 -51.5	1
 -50.5	1
 -49.5	0
 -48.5	1
 -47.5	0
 -46.5	0
 -45.5	1
 -44.5	0
 -43.5	0
 -42.5	0
 -41.5	0
 -40.5	0
 -39.5	1
 -38.5	1
 -37.5	2
 -36.5	2
 -35.5	0
 -34.5	0
 -33.5	2
 -32.5	1
 -31.5	0
 -30.5	2
 -29.5	1
 -28.5	1
 -27.5	0
 -26.5	1
 -25.5	1
 -24.5	0
 -23.5	1
 -22.5	1
 -21.5	1
 -20.5	1
 -19.5	0
 -18.5	1
 -17.5	2
 -16.5	0
 -15.5	1
 -14.5	1
 -13.5	1
 -12.5	0
 -11.5	1
 -10.5	0
  -9.5	2
  -8.5	2
  -7.5	1
  -6.5	0
  -5.5	0
  -4.5	1
  -3.5	3
  -2.5	1
  -1.5	0
  -0.5	0
   0.5	1
   1.5	2
   2.5	0
   3.5	1
   4.5	0
   5.5	0
   6.5	1
   7.5	0
   8.5	0
   9.5	3
  10.5	0
  11.5	0
  12.5	1
  13.5	1
  14.5	0
  15.5	1
  16.5	0
  17.5	0
  18.5	1
  19.5	0
  20.5	1
  21.5	2
  22.5	0
  23.5	1
  24.5	2
  25.5	2
  26.5	5
  27.5	1
  28.5	0
  29.5	0
  30.5	0
  31.5	1
  32.5	1
  33.5	0
  34.5	0
  35.5	0
  36.5	0
  37.5	1
  38.5	0
  39.5	0
  40.5	0
  41.5	1
  42.5	1
  43.5	1
  44.5	1
  45.5	1
  46.5	0
  47.5	0
  48.5	1
  49.5	0
  50.5	1
  51.5	0
  52.5	0
  53.5	1
  54.5	0
  55.5	1
  56.5	0
  57.5	0
  58.5	0
  59.5	0
  60.5	0
  61.5	0
  62.5	1
  63.5	1
  64.5	1
  65.5	0
  66.5	1
  67.5	0
  68.5	0
  69.5	0
  70.5	2
  71.5	1
  72.5	0
  73.5	0
  74.5	0
  75.5	0
  76.5	0
  77.5	1
  78.5	1
  79.5	1
  80.5	0
  81.5	0
  82.5	0
  83.5	0
  84.5	0
  85.5	0
  86.5	0
  87.5	0
  88.5	0
  89.5	0
  90.5	0
  91.5	0
  92.5	0
  93.5	0
  94.5	0
  95.5	0
  96.5	0
  97.5	1
  98.5	0
  99.5	3
 100.5	1
 101.5	1
 102.5	0
 103.5	0
 104.5	0
 105.5	0
 106.5	0
 107.5	1
 108.5	0
 109.5	0
 110.5	0
 111.5	0
 112.5	0
 113.5	0
 114.5	0
 115.5	0
 116.5	0
 117.5	0
 118.5	1
 119.5	0
 120.5	1
 121.5	1
 122.5	0
 123.5	1
 124.5	0
 125.5	1
 126.5	0
 127.5	0
 128.5	0
 129.5	0
 130.5	0
 131.5	0
 132.5	1
 133.5	0
 134.5	1
 135.5	0
 136.5	0
 137.5	1
 138.5	0
 139.5	1
 140.5	0
 141.5	0
 142.5	0
 143.5	0
 144.5	1
 145.5	0
 146.5	0
 147.5	0
 148.5	1
 149.5	0
 150.5	0
 151.5	0
 152.5	1
 153.5	0
 154.5	0
 155.5	2
 156.5	0
DB 2 MOTIF	CUX2_HUMAN.H11MO.0.D
-156.5	0
-155.5	1
-154.5	1
-153.5	3
-152.5	1
-151.5	1
-150.5	0
-149.5	2
-148.5	0
-147.5	1
-146.5	0
-145.5	0
-144.5	1
-143.5	2
-142.5	1
-141.5	1
-140.5	0
-139.5	1
-138.5	0
-137.5	1
-136.5	0
-135.5	1.5
-134.5	1
-133.5	0
-132.5	1
-131.5	0
-130.5	1
-129.5	1
-128.5	0
-127.5	1
-126.5	1
-125.5	1
-124.5	1
-123.5	1
-122.5	1
-121.5	0
-120.5	2
-119.5	1
-118.5	2
-117.5	2
-116.5	0
-115.5	0
-114.5	1
-113.5	1
-112.5	1
-111.5	1
-110.5	0
-109.5	1
-108.5	1
-107.5	0
-106.5	1
-105.5	0
-104.5	1
-103.5	0
-102.5	0
-101.5	0
-100.5	1
 -99.5	2
 -98.5	0
 -97.5	0
 -96.5	1
 -95.5	0
 -94.5	1
 -93.5	1
 -92.5	0
 -91.5	0
 -90.5	2
 -89.5	3
 -88.5	0
 -87.5	1
 -86.5	0
 -85.5	2
 -84.5	3
 -83.5	2
 -82.5	0
 -81.5	1
 -80.5	0
 -79.5	1
 -78.5	1
 -77.5	1
 -76.5	1
 -75.5	1
 -74.5	0
 -73.5	0
 -72.5	0
 -71.5	1
 -70.5	0
 -69.5	3
 -68.5	0
 -67.5	0
 -66.5	1
 -65.5	1
 -64.5	1
 -63.5	1
 -62.5	1
 -61.5	1
 -60.5	0
 -59.5	1
 -58.5	1
 -57.5	0
 -56.5	1
 -55.5	0
 -54.5	1
 -53.5	0
 -52.5	2.5
 -51.5	0
 -50.5	4
 -49.5	1
 -48.5	3
 -47.5	0
 -46.5	0
 -45.5	1
 -44.5	0
 -43.5	0
 -42.5	1
 -41.5	1
 -40.5	3
 -39.5	1
 -38.5	2
 -37.5	1
 -36.5	1
 -35.5	1
 -34.5	1
 -33.5	1
 -32.5	3
 -31.5	0
 -30.5	2
 -29.5	1
 -28.5	1
 -27.5	2
 -26.5	0
 -25.5	3
 -24.5	1
 -23.5	1
 -22.5	0.5
 -21.5	1
 -20.5	0
 -19.5	1
 -18.5	1
 -17.5	1
 -16.5	2
 -15.5	0
 -14.5	0
 -13.5	1
 -12.5	0
 -11.5	1
 -10.5	0
  -9.5	4
  -8.5	0
  -7.5	0
  -6.5	2
  -5.5	0
  -4.5	3
  -3.5	0
  -2.5	4
  -1.5	2
  -0.5	3
   0.5	3
   1.5	0
   2.5	0
   3.5	1
   4.5	0
   5.5	1
   6.5	0
   7.5	0
   8.5	2
   9.5	2
  10.5	1
  11.5	1
  12.5	1
  13.5	1
  14.5	3
  15.5	0
  16.5	1
  17.5	0
  18.5	3
  19.5	0
  20.5	1
  21.5	1
  22.5	0
  23.5	0
  24.5	0
  25.5	0
  26.5	0
  27.5	1
  28.5	0
  29.5	1
  30.5	1
  31.5	0
  32.5	3
  33.5	2
  34.5	2
  35.5	1
  36.5	2
  37.5	2
  38.5	1
  39.5	4.5
  40.5	2
  41.5	1
  42.5	0
  43.5	0.5
  44.5	2
  45.5	2
  46.5	0
  47.5	0
  48.5	1
  49.5	0
  50.5	1
  51.5	3
  52.5	3
  53.5	0
  54.5	0
  55.5	1
  56.5	1
  57.5	0
  58.5	1
  59.5	1
  60.5	0
  61.5	0
  62.5	0
  63.5	0
  64.5	0
  65.5	0
  66.5	0
  67.5	0
  68.5	0
  69.5	1
  70.5	1
  71.5	0
  72.5	0.5
  73.5	1
  74.5	0
  75.5	0
  76.5	0
  77.5	1
  78.5	1
  79.5	1
  80.5	1
  81.5	0
  82.5	0
  83.5	0
  84.5	0
  85.5	0
  86.5	0
  87.5	0
  88.5	0
  89.5	1
  90.5	2
  91.5	2
  92.5	0
  93.5	0
  94.5	1
  95.5	0
  96.5	0
  97.5	0
  98.5	0
  99.5	0
 100.5	2
 101.5	0
 102.5	0
 103.5	0
 104.5	0
 105.5	1
 106.5	1
 107.5	0
 108.5	0
 109.5	2
 110.5	0
 111.5	0
 112.5	1
 113.5	1
 114.5	1
 115.5	1
 116.5	0
 117.5	1
 118.5	0
 119.5	0
 120.5	0
 121.5	0
 122.5	0
 123.5	0
 124.5	0
 125.5	1
 126.5	0
 127.5	1
 128.5	1
 129.5	1
 130.5	1
 131.5	0
 132.5	1
 133.5	1
 134.5	0
 135.5	2
 136.5	0
 137.5	0
 138.5	0
 139.5	1
 140.5	2
 141.5	0
 142.5	1
 143.5	1
 144.5	0
 145.5	0
 146.5	0
 147.5	0
 148.5	2
 149.5	3
 150.5	0
 151.5	1
 152.5	2
 153.5	2
 154.5	0
 155.5	2
 156.5	0
DB 2 MOTIF	FOXI1_HUMAN.H11MO.0.B
-156.0	1
-155.0	0
-154.0	0
-153.0	0
-152.0	0
-151.0	0
-150.0	1
-149.0	0
-148.0	0
-147.0	0
-146.0	0
-145.0	0
-144.0	0
-143.0	0
-142.0	0
-141.0	0
-140.0	0
-139.0	0
-138.0	0
-137.0	0
-136.0	0
-135.0	0
-134.0	3
-133.0	0
-132.0	0
-131.0	0
-130.0	0
-129.0	0
-128.0	0
-127.0	1
-126.0	0
-125.0	0
-124.0	1
-123.0	1
-122.0	1
-121.0	0
-120.0	0
-119.0	0
-118.0	2
-117.0	0
-116.0	0
-115.0	0
-114.0	0
-113.0	0
-112.0	0
-111.0	0
-110.0	0
-109.0	0
-108.0	0
-107.0	0
-106.0	0
-105.0	1
-104.0	1
-103.0	0
-102.0	0
-101.0	0
-100.0	0
 -99.0	0
 -98.0	0
 -97.0	0
 -96.0	0
 -95.0	0
 -94.0	0
 -93.0	0
 -92.0	0
 -91.0	2
 -90.0	0
 -89.0	1
 -88.0	0
 -87.0	2
 -86.0	1
 -85.0	0
 -84.0	0
 -83.0	0
 -82.0	0
 -81.0	0
 -80.0	1
 -79.0	1
 -78.0	0
 -77.0	1
 -76.0	0
 -75.0	2
 -74.0	1
 -73.0	0
 -72.0	0
 -71.0	1
 -70.0	1
 -69.0	0
 -68.0	0
 -67.0	1
 -66.0	0
 -65.0	1
 -64.0	1
 -63.0	0
 -62.0	0
 -61.0	1
 -60.0	0
 -59.0	0
 -58.0	0
 -57.0	2
 -56.0	0
 -55.0	1
 -54.0	0
 -53.0	0
 -52.0	0.333333
 -51.0	1
 -50.0	1
 -49.0	0
 -48.0	0.5
 -47.0	0
 -46.0	0
 -45.0	2
 -44.0	1
 -43.0	2
 -42.0	0
 -41.0	0
 -40.0	0
 -39.0	2
 -38.0	1
 -37.0	1
 -36.0	0
 -35.0	1
 -34.0	3
 -33.0	2.5
 -32.0	3
 -31.0	1
 -30.0	1
 -29.0	1
 -28.0	1
 -27.0	1
 -26.0	0
 -25.0	0
 -24.0	0
 -23.0	0
 -22.0	1
 -21.0	0
 -20.0	0
 -19.0	2
 -18.0	0
 -17.0	0
 -16.0	0
 -15.0	1
 -14.0	0
 -13.0	1
 -12.0	1
 -11.0	1.33333
 -10.0	0
  -9.0	0
  -8.0	0
  -7.0	1
  -6.0	2
  -5.0	0
  -4.0	0
  -3.0	1
  -2.0	0
  -1.0	1
   0.0	0
   1.0	1
   2.0	1
   3.0	2
   4.0	1
   5.0	1
   6.0	0
   7.0	1
   8.0	1
   9.0	1
  10.0	2
  11.0	0
  12.0	1
  13.0	1
  14.0	0
  15.0	1
  16.0	1
  17.0	0
  18.0	0
  19.0	1
  20.0	0
  21.0	0
  22.0	1
  23.0	1
  24.0	1
  25.0	1
  26.0	1
  27.0	0.333333
  28.0	0
  29.0	1
  30.0	0
  31.0	0
  32.0	1
  33.0	1
  34.0	1
  35.0	0
  36.0	0
  37.0	1
  38.0	0
  39.0	0
  40.0	0
  41.0	0
  42.0	0
  43.0	2
  44.0	0.5
  45.0	0
  46.0	1
  47.0	0.5
  48.0	0
  49.0	3
  50.0	0
  51.0	0
  52.0	1
  53.0	0
  54.0	0
  55.0	0
  56.0	1
  57.0	0
  58.0	1
  59.0	1
  60.0	0
  61.0	1
  62.0	0
  63.0	0
  64.0	1
  65.0	0
  66.0	0
  67.0	1
  68.0	0
  69.0	1
  70.0	1
  71.0	2.5
  72.0	0
  73.0	0
  74.0	0
  75.0	0
  76.0	0
  77.0	1
  78.0	1
  79.0	1
  80.0	0
  81.0	1
  82.0	1
  83.0	0
  84.0	0
  85.0	0
  86.0	0.5
  87.0	0
  88.0	0
  89.0	0
  90.0	0
  91.0	0
  92.0	1
  93.0	0
  94.0	0
  95.0	0
  96.0	0
  97.0	0
  98.0	0
  99.0	1
 100.0	0
 101.0	1
 102.0	0
 103.0	1
 104.0	0
 105.0	1
 106.0	0
 107.0	1
 108.0	0
 109.0	1
 110.0	1
 111.0	0
 112.0	1
 113.0	2
 114.0	0
 115.0	0
 116.0	0
 117.0	0
 118.0	0
 119.0	0
 120.0	0
 121.0	1
 122.0	0
 123.0	0
 124.0	0
 125.0	0
 126.0	0
 127.0	0
 128.0	0
 129.0	0
 130.0	0
 131.0	1
 132.0	0
 133.0	0
 134.0	1
 135.0	0
 136.0	0
 137.0	0
 138.0	2
 139.0	0
 140.0	0
 141.0	0
 142.0	0
 143.0	0
 144.0	0
 145.0	0
 146.0	0
 147.0	0
 148.0	0
 149.0	0
 150.0	0
 151.0	0
 152.0	0
 153.0	0
 154.0	0
 155.0	2
 156.0	0
DB 2 MOTIF	GSX1_HUMAN.H11MO.0.D
-154.5	3
-153.5	2
-152.5	0
-151.5	0
-150.5	1
-149.5	1
-148.5	0
-147.5	0
-146.5	1
-145.5	0
-144.5	2
-143.5	1
-142.5	0
-141.5	1
-140.5	0
-139.5	0
-138.5	1
-137.5	0
-136.5	0
-135.5	2
-134.5	3.5
-133.5	0
-132.5	0
-131.5	0
-130.5	0
-129.5	1
-128.5	2
-127.5	0
-126.5	0
-125.5	0
-124.5	0
-123.5	1
-122.5	2
-121.5	0
-120.5	0
-119.5	0
-118.5	0
-117.5	0
-116.5	0
-115.5	0
-114.5	0
-113.5	0
-112.5	0
-111.5	1
-110.5	3
-109.5	0
-108.5	0
-107.5	0
-106.5	0
-105.5	0
-104.5	1
-103.5	1
-102.5	1
-101.5	2
-100.5	1
 -99.5	0
 -98.5	2
 -97.5	2
 -96.5	0
 -95.5	0
 -94.5	0
 -93.5	0
 -92.5	1
 -91.5	0
 -90.5	1
 -89.5	0
 -88.5	0
 -87.5	0
 -86.5	2
 -85.5	0
 -84.5	1
 -83.5	1
 -82.5	1
 -81.5	1
 -80.5	0
 -79.5	1
 -78.5	1
 -77.5	1
 -76.5	1.5
 -75.5	2
 -74.5	0
 -73.5	1
 -72.5	1
 -71.5	1
 -70.5	0
 -69.5	0
 -68.5	1
 -67.5	2
 -66.5	1
 -65.5	0
 -64.5	0
 -63.5	1
 -62.5	1
 -61.5	0
 -60.5	3
 -59.5	2
 -58.5	3
 -57.5	0
 -56.5	0
 -55.5	1
 -54.5	1
 -53.5	1
 -52.5	2
 -51.5	0
 -50.5	1
 -49.5	0
 -48.5	0
 -47.5	1
 -46.5	0
 -45.5	1
 -44.5	0
 -43.5	0
 -42.5	1
 -41.5	0
 -40.5	2
 -39.5	1
 -38.5	2
 -37.5	2
 -36.5	3
 -35.5	1
 -34.5	1
 -33.5	1
 -32.5	0
 -31.5	0
 -30.5	1
 -29.5	0
 -28.5	0
 -27.5	1
 -26.5	0
 -25.5	0
 -24.5	0
 -23.5	0
 -22.5	2
 -21.5	1
 -20.5	0.5
 -19.5	0
 -18.5	0
 -17.5	0
 -16.5	0
 -15.5	2
 -14.5	0
 -13.5	2
 -12.5	0
 -11.5	0
 -10.5	0
  -9.5	0
  -8.5	1
  -7.5	1
  -6.5	0
  -5.5	3
  -4.5	0
  -3.5	0
  -2.5	1
  -1.5	0
  -0.5	0
   0.5	1
   1.5	2
   2.5	2
   3.5	0
   4.5	0
   5.5	1
   6.5	1
   7.5	0
   8.5	1
   9.5	1
  10.5	2
  11.5	0
  12.5	4
  13.5	1
  14.5	0
  15.5	2
  16.5	0
  17.5	0
  18.5	1
  19.5	0
  20.5	0
  21.5	2
  22.5	1
  23.5	0
  24.5	1
  25.5	0
  26.5	2
  27.5	1
  28.5	0
  29.5	0
  30.5	1
  31.5	0
  32.5	0
  33.5	2
  34.5	0
  35.5	1
  36.5	2
  37.5	1
  38.5	2
  39.5	1
  40.5	2
  41.5	2
  42.5	1
  43.5	0
  44.5	1
  45.5	1
  46.5	1
  47.5	0
  48.5	2
  49.5	1
  50.5	2
  51.5	2
  52.5	0
  53.5	1
  54.5	1
  55.5	0
  56.5	1
  57.5	1
  58.5	2
  59.5	3
  60.5	1
  61.5	1
  62.5	0
  63.5	1
  64.5	0
  65.5	2
  66.5	1
  67.5	1
  68.5	1
  69.5	2
  70.5	0
  71.5	1
  72.5	1
  73.5	2.5
  74.5	0
  75.5	1
  76.5	2
  77.5	2
  78.5	2
  79.5	1
  80.5	0
  81.5	2
  82.5	0
  83.5	1
  84.5	3
  85.5	1.5
  86.5	0
  87.5	0
  88.5	1
  89.5	1
  90.5	1
  91.5	0
  92.5	2
  93.5	0
  94.5	0
  95.5	1
  96.5	0
  97.5	0
  98.5	2
  99.5	0
 100.5	0
 101.5	0.5
 102.5	1
 103.5	0
 104.5	0
 105.5	0
 106.5	0
 107.5	0
 108.5	0
 109.5	0
 110.5	0
 111.5	1
 112.5	0
 113.5	2
 114.5	1
 115.5	0
 116.5	0
 117.5	1
 118.5	1
 119.5	1
 120.5	1
 121.5	0
 122.5	0
 123.5	0
 124.5	1
 125.5	1
 126.5	0
 127.5	0
 128.5	0
 129.5	0
 130.5	0
 131.5	0
 132.5	1
 133.5	0
 134.5	1
 135.5	0
 136.5	0
 137.5	0
 138.5	0
 139.5	1
 140.5	0
 141.5	2
 142.5	0
 143.5	0
 144.5	0
 145.5	0
 146.5	0
 147.5	1
 148.5	0
 149.5	2
 150.5	1
 151.5	0
 152.5	0
 153.5	0
 154.5	0
DB 2 MOTIF	HME1_HUMAN.H11MO.0.D
-153.5	0
-152.5	1
-151.5	0
-150.5	0
-149.5	0
-148.5	0
-147.5	1
-146.5	0
-145.5	1
-144.5	0
-143.5	0
-142.5	0
-141.5	0
-140.5	0
-139.5	0
-138.5	0
-137.5	0
-136.5	1
-135.5	0
-134.5	0
-133.5	0
-132.5	0
-131.5	0
-130.5	0
-129.5	1
-128.5	0
-127.5	0
-126.5	0
-125.5	0
-124.5	0
-123.5	0
-122.5	0
-121.5	0
-120.5	0
-119.5	0
-118.5	0
-117.5	0
-116.5	0
-115.5	0
-114.5	0
-113.5	0
-112.5	0
-111.5	0
-110.5	0
-109.5	1
-108.5	0
-107.5	0
-106.5	0
-105.5	0
-104.5	0
-103.5	0
-102.5	0
-101.5	1
-100.5	0
 -99.5	2
 -98.5	0
 -97.5	0
 -96.5	0
 -95.5	0
 -94.5	0
 -93.5	0
 -92.5	0
 -91.5	0
 -90.5	0
 -89.5	0
 -88.5	0
 -87.5	0
 -86.5	0
 -85.5	0
 -84.5	1
 -83.5	0
 -82.5	1
 -81.5	0
 -80.5	0
 -79.5	0
 -78.5	1
 -77.5	0
 -76.5	0
 -75.5	0
 -74.5	0
 -73.5	0
 -72.5	1
 -71.5	0
 -70.5	0
 -69.5	0
 -68.5	1
 -67.5	0
 -66.5	1
 -65.5	1
 -64.5	0
 -63.5	0
 -62.5	1
 -61.5	1
 -60.5	1
 -59.5	1
 -58.5	0
 -57.5	0
 -56.5	1
 -55.5	0
 -54.5	1
 -53.5	1
 -52.5	0
 -51.5	0
 -50.5	2
 -49.5	0
 -48.5	0
 -47.5	0
 -46.5	0
 -45.5	0
 -44.5	0
 -43.5	0
 -42.5	0
 -41.5	1
 -40.5	0
 -39.5	0
 -38.5	0
 -37.5	2
 -36.5	0
 -35.5	2
 -34.5	0
 -33.5	1
 -32.5	0
 -31.5	0
 -30.5	0
 -29.5	1
 -28.5	1
 -27.5	1
 -26.5	0
 -25.5	0
 -24.5	0
 -23.5	1
 -22.5	0
 -21.5	0
 -20.5	0
 -19.5	0
 -18.5	0
 -17.5	0
 -16.5	0
 -15.5	1
 -14.5	1
 -13.5	0
 -12.5	0
 -11.5	0
 -10.5	0
  -9.5	0
  -8.5	0
  -7.5	0
  -6.5	0
  -5.5	0
  -4.5	0
  -3.5	2
  -2.5	0
  -1.5	0
  -0.5	0
   0.5	1
   1.5	0
   2.5	0
   3.5	0
   4.5	0
   5.5	3
   6.5	0
   7.5	0
   8.5	1
   9.5	0
  10.5	0
  11.5	2
  12.5	0
  13.5	1
  14.5	0
  15.5	0
  16.5	1
  17.5	0
  18.5	0
  19.5	1
  20.5	0
  21.5	0
  22.5	0
  23.5	2
  24.5	0
  25.5	0
  26.5	0
  27.5	3
  28.5	0
  29.5	0
  30.5	0
  31.5	0
  32.5	0
  33.5	1
  34.5	0
  35.5	0
  36.5	0
  37.5	0
  38.5	0
  39.5	2
  40.5	0
  41.5	0
  42.5	2
  43.5	1
  44.5	0
  45.5	0
  46.5	0
  47.5	2
  48.5	0
  49.5	0
  50.5	1
  51.5	2
  52.5	0
  53.5	0
  54.5	1
  55.5	0
  56.5	0
  57.5	1
  58.5	0
  59.5	0
  60.5	0
  61.5	0
  62.5	1
  63.5	0
  64.5	0
  65.5	0
  66.5	0
  67.5	0
  68.5	1
  69.5	1
  70.5	1
  71.5	1
  72.5	0
  73.5	2
  74.5	0
  75.5	0
  76.5	0
  77.5	1
  78.5	0
  79.5	0
  80.5	0
  81.5	0
  82.5	0
  83.5	0
  84.5	1
  85.5	0
  86.5	0
  87.5	0
  88.5	0
  89.5	0
  90.5	0
  91.5	0
  92.5	0
  93.5	0
  94.5	0
  95.5	0
  96.5	1
  97.5	0
  98.5	2
  99.5	0
 100.5	0
 101.5	0
 102.5	0
 103.5	0
 104.5	0
 105.5	1
 106.5	0
 107.5	0
 108.5	0
 109.5	0
 110.5	1
 111.5	0
 112.5	1
 113.5	0
 114.5	0
 115.5	0
 116.5	0
 117.5	0
 118.5	0
 119.5	0
 120.5	0
 121.5	0
 122.5	0
 123.5	0
 124.5	1
 125.5	0
 126.5	0
 127.5	0
 128.5	0
 129.5	0
 130.5	0
 131.5	1
 132.5	0
 133.5	0
 134.5	0
 135.5	0
 136.5	0
 137.5	0
 138.5	1
 139.5	0
 140.5	0
 141.5	0
 142.5	0
 143.5	0
 144.5	0
 145.5	0
 146.5	0
 147.5	0
 148.5	0
 149.5	0
 150.5	1
 151.5	0
 152.5	0
 153.5	0
DB 2 MOTIF	HMX3_HUMAN.H11MO.0.D
-156.5	0
-155.5	1
-154.5	0
-153.5	0
-152.5	1
-151.5	1
-150.5	1
-149.5	1
-148.5	0
-147.5	0
-146.5	0
-145.5	0
-144.5	0
-143.5	0
-142.5	1
-141.5	0
-140.5	3
-139.5	3
-138.5	0
-137.5	0
-136.5	1
-135.5	0
-134.5	1
-133.5	0
-132.5	2
-131.5	0
-130.5	0
-129.5	0
-128.5	2
-127.5	0
-126.5	0
-125.5	0
-124.5	0
-123.5	1
-122.5	2
-121.5	0
-120.5	1
-119.5	0
-118.5	0
-117.5	0
-116.5	0
-115.5	0
-114.5	1
-113.5	0
-112.5	0
-111.5	0
-110.5	0
-109.5	0
-108.5	1
-107.5	0
-106.5	1
-105.5	3
-104.5	2
-103.5	0
-102.5	1
-101.5	0
-100.5	1
 -99.5	0
 -98.5	0
 -97.5	1
 -96.5	0
 -95.5	0
 -94.5	0
 -93.5	0
 -92.5	1
 -91.5	0
 -90.5	1
 -89.5	1
 -88.5	1
 -87.5	1
 -86.5	0
 -85.5	2
 -84.5	0.5
 -83.5	1
 -82.5	0
 -81.5	1
 -80.5	0
 -79.5	0
 -78.5	0
 -77.5	0
 -76.5	0
 -75.5	0
 -74.5	0
 -73.5	0
 -72.5	0
 -71.5	0
 -70.5	1
 -69.5	0
 -68.5	1
 -67.5	1
 -66.5	2
 -65.5	1
 -64.5	0
 -63.5	1
 -62.5	0
 -61.5	1
 -60.5	0
 -59.5	1
 -58.5	2
 -57.5	0
 -56.5	1
 -55.5	0
 -54.5	0
 -53.5	0
 -52.5	0
 -51.5	0
 -50.5	0
 -49.5	1
 -48.5	1.5
 -47.5	0
 -46.5	0
 -45.5	0
 -44.5	2
 -43.5	1
 -42.5	1
 -41.5	0
 -40.5	0
 -39.5	1
 -38.5	0
 -37.5	0
 -36.5	1
 -35.5	0
 -34.5	4
 -33.5	1
 -32.5	2
 -31.5	1
 -30.5	0
 -29.5	1
 -28.5	0
 -27.5	1
 -26.5	0
 -25.5	1
 -24.5	1
 -23.5	1
 -22.5	0
 -21.5	0
 -20.5	0
 -19.5	0
 -18.5	2
 -17.5	1
 -16.5	0
 -15.5	1
 -14.5	0
 -13.5	1
 -12.5	3
 -11.5	1
 -10.5	1
  -9.5	2
  -8.5	0
  -7.5	3
  -6.5	1
  -5.5	0
  -4.5	1
  -3.5	2
  -2.5	0
  -1.5	1
  -0.5	1
   0.5	0
   1.5	1
   2.5	2
   3.5	2
   4.5	0
   5.5	0
   6.5	1
   7.5	3
   8.5	0
   9.5	1
  10.5	3
  11.5	0
  12.5	1
  13.5	0
  14.5	0
  15.5	0
  16.5	0
  17.5	2
  18.5	0
  19.5	0
  20.5	1
  21.5	2
  22.5	1
  23.5	0
  24.5	0
  25.5	0
  26.5	1
  27.5	2
  28.5	1
  29.5	1.5
  30.5	0
  31.5	3
  32.5	0
  33.5	0
  34.5	0
  35.5	2
  36.5	1
  37.5	1
  38.5	0
  39.5	1
  40.5	0
  41.5	0
  42.5	1
  43.5	2.5
  44.5	1
  45.5	0
  46.5	1
  47.5	1
  48.5	0
  49.5	2
  50.5	0
  51.5	0
  52.5	0
  53.5	1
  54.5	1
  55.5	0
  56.5	0
  57.5	0
  58.5	2
  59.5	0
  60.5	1
  61.5	2
  62.5	0
  63.5	0
  64.5	0
  65.5	0
  66.5	1
  67.5	0
  68.5	0
  69.5	0
  70.5	0
  71.5	0
  72.5	1
  73.5	0
  74.5	0
  75.5	1
  76.5	1
  77.5	3
  78.5	0
  79.5	0
  80.5	1
  81.5	1
  82.5	1
  83.5	0
  84.5	0
  85.5	1
  86.5	0
  87.5	1
  88.5	0
  89.5	0
  90.5	0
  91.5	0
  92.5	0
  93.5	0
  94.5	0
  95.5	0
  96.5	0
  97.5	0
  98.5	0
  99.5	1
 100.5	0
 101.5	0
 102.5	1
 103.5	0
 104.5	1
 105.5	0
 106.5	1
 107.5	1
 108.5	0
 109.5	1
 110.5	0
 111.5	1
 112.5	0
 113.5	0
 114.5	1
 115.5	0
 116.5	0
 117.5	0
 118.5	0
 119.5	1
 120.5	1
 121.5	1
 122.5	1
 123.5	1
 124.5	0
 125.5	1
 126.5	0
 127.5	0
 128.5	0
 129.5	0
 130.5	1
 131.5	0
 132.5	0
 133.5	0
 134.5	0
 135.5	2
 136.5	0
 137.5	2
 138.5	1
 139.5	0
 140.5	0
 141.5	0
 142.5	0
 143.5	0
 144.5	1
 145.5	0
 146.5	0
 147.5	1
 148.5	0
 149.5	1
 150.5	1
 151.5	0
 152.5	0
 153.5	1
 154.5	2
 155.5	0
 156.5	0
DB 2 MOTIF	HXB6_HUMAN.H11MO.0.D
-155.5	0
-154.5	0
-153.5	1
-152.5	0
-151.5	0
-150.5	0
-149.5	0
-148.5	0
-147.5	0
-146.5	0
-145.5	0
-144.5	0
-143.5	0
-142.5	0
-141.5	1
-140.5	0
-139.5	0
-138.5	0
-137.5	0
-136.5	0
-135.5	0
-134.5	0
-133.5	0
-132.5	0
-131.5	0
-130.5	0
-129.5	0
-128.5	0
-127.5	0
-126.5	0
-125.5	0
-124.5	1
-123.5	1
-122.5	0
-121.5	0
-120.5	0
-119.5	0
-118.5	0
-117.5	0
-116.5	0
-115.5	0
-114.5	1
-113.5	0
-112.5	0
-111.5	0
-110.5	0
-109.5	0
-108.5	0
-107.5	0
-106.5	1
-105.5	0
-104.5	0
-103.5	0
-102.5	0
-101.5	0
-100.5	1
 -99.5	0
 -98.5	0
 -97.5	0
 -96.5	1
 -95.5	0
 -94.5	1
 -93.5	0
 -92.5	1
 -91.5	0
 -90.5	0
 -89.5	0
 -88.5	0
 -87.5	2
 -86.5	1
 -85.5	1
 -84.5	0
 -83.5	0
 -82.5	0.333333
 -81.5	0
 -80.5	0
 -79.5	0
 -78.5	0
 -77.5	0
 -76.5	0
 -75.5	0
 -74.5	0
 -73.5	0
 -72.5	0
 -71.5	0
 -70.5	0
 -69.5	0
 -68.5	0
 -67.5	0
 -66.5	0
 -65.5	0
 -64.5	0
 -63.5	1
 -62.5	0
 -61.5	0
 -60.5	0
 -59.5	2
 -58.5	1
 -57.5	0
 -56.5	0
 -55.5	1
 -54.5	0
 -53.5	0
 -52.5	0
 -51.5	0
 -50.5	0
 -49.5	0
 -48.5	0
 -47.5	0
 -46.5	0
 -45.5	0
 -44.5	1
 -43.5	0
 -42.5	0
 -41.5	0
 -40.5	1
 -39.5	0
 -38.5	0
 -37.5	2
 -36.5	0
 -35.5	0
 -34.5	0
 -33.5	0
 -32.5	1
 -31.5	1
 -30.5	0
 -29.5	0
 -28.5	0
 -27.5	0
 -26.5	0
 -25.5	2
 -24.5	1
 -23.5	0.333333
 -22.5	1
 -21.5	0
 -20.5	0
 -19.5	0
 -18.5	0
 -17.5	0
 -16.5	0
 -15.5	0
 -14.5	0
 -13.5	1
 -12.5	0
 -11.5	0
 -10.5	0
  -9.5	0
  -8.5	1
  -7.5	0
  -6.5	1
  -5.5	0
  -4.5	3
  -3.5	0
  -2.5	0
  -1.5	0
  -0.5	0
   0.5	0
   1.5	1
   2.5	1
   3.5	1
   4.5	0
   5.5	0
   6.5	0
   7.5	1
   8.5	0
   9.5	1
  10.5	0
  11.5	0
  12.5	0
  13.5	0
  14.5	1
  15.5	0
  16.5	1
  17.5	0
  18.5	0
  19.5	0
  20.5	1
  21.5	1
  22.5	1
  23.5	0
  24.5	1
  25.5	1
  26.5	0
  27.5	0
  28.5	1
  29.5	1
  30.5	0
  31.5	1.33333
  32.5	0
  33.5	0
  34.5	0
  35.5	1
  36.5	0
  37.5	0
  38.5	1
  39.5	0
  40.5	1
  41.5	2
  42.5	0
  43.5	0
  44.5	1
  45.5	0
  46.5	0
  47.5	1
  48.5	0
  49.5	0
  50.5	0
  51.5	0
  52.5	0
  53.5	0
  54.5	0
  55.5	0
  56.5	0
  57.5	0
  58.5	1
  59.5	0
  60.5	1
  61.5	0
  62.5	0
  63.5	0
  64.5	0
  65.5	1
  66.5	0
  67.5	0
  68.5	0
  69.5	0
  70.5	0
  71.5	0
  72.5	0
  73.5	0
  74.5	1
  75.5	0
  76.5	0
  77.5	0
  78.5	0
  79.5	0
  80.5	0
  81.5	0
  82.5	0
  83.5	0
  84.5	0
  85.5	0
  86.5	0
  87.5	0
  88.5	0
  89.5	0
  90.5	0
  91.5	0
  92.5	0
  93.5	0
  94.5	0
  95.5	1
  96.5	0
  97.5	1
  98.5	0
  99.5	0
 100.5	0
 101.5	0
 102.5	0
 103.5	0
 104.5	1
 105.5	1
 106.5	0
 107.5	0
 108.5	0
 109.5	1
 110.5	0
 111.5	0
 112.5	0
 113.5	0
 114.5	0
 115.5	0
 116.5	0
 117.5	0
 118.5	0
 119.5	0
 120.5	0
 121.5	0
 122.5	0
 123.5	0
 124.5	0
 125.5	0
 126.5	0
 127.5	0
 128.5	0
 129.5	0
 130.5	1
 131.5	0
 132.5	0
 133.5	0
 134.5	0
 135.5	0
 136.5	0
 137.5	0
 138.5	0
 139.5	3
 140.5	0
 141.5	0
 142.5	0
 143.5	0
 144.5	0
 145.5	1
 146.5	0
 147.5	0
 148.5	0
 149.5	0
 150.5	0
 151.5	1
 152.5	1
 153.5	0
 154.5	0
 155.5	0
DB 2 MOTIF	ISX_HUMAN.H11MO.0.D
-154.0	1
-153.0	0
-152.0	0
-151.0	1
-150.0	0
-149.0	0
-148.0	0
-147.0	0
-146.0	0
-145.0	1
-144.0	1
-143.0	0
-142.0	0
-141.0	0
-140.0	0
-139.0	0
-138.0	0
-137.0	1
-136.0	0
-135.0	0
-134.0	1
-133.0	0
-132.0	0
-131.0	1
-130.0	1
-129.0	1
-128.0	0
-127.0	1
-126.0	0
-125.0	0
-124.0	0
-123.0	0
-122.0	0
-121.0	0
-120.0	0
-119.0	0
-118.0	0
-117.0	0
-116.0	0
-115.0	0
-114.0	0
-113.0	0
-112.0	0
-111.0	0
-110.0	2
-109.0	1
-108.0	0
-107.0	0
-106.0	0
-105.0	0
-104.0	0
-103.0	0
-102.0	1
-101.0	0
-100.0	2
 -99.0	1
 -98.0	1
 -97.0	0
 -96.0	0
 -95.0	0
 -94.0	0
 -93.0	0
 -92.0	1
 -91.0	0
 -90.0	0
 -89.0	0
 -88.0	0
 -87.0	0
 -86.0	1
 -85.0	0
 -84.0	1
 -83.0	0
 -82.0	1
 -81.0	0
 -80.0	0.5
 -79.0	1
 -78.0	0
 -77.0	0
 -76.0	2
 -75.0	0
 -74.0	0
 -73.0	0
 -72.0	1
 -71.0	0
 -70.0	0
 -69.0	1
 -68.0	1
 -67.0	1
 -66.0	1
 -65.0	0
 -64.0	0
 -63.0	1
 -62.0	0
 -61.0	0
 -60.0	2
 -59.0	1
 -58.0	0
 -57.0	0
 -56.0	1
 -55.0	0
 -54.0	2
 -53.0	1
 -52.0	1
 -51.0	1
 -50.0	0
 -49.0	0
 -48.0	0
 -47.0	1
 -46.0	1
 -45.0	0
 -44.0	0
 -43.0	0
 -42.0	0
 -41.0	1
 -40.0	0
 -39.0	0
 -38.0	0
 -37.0	2
 -36.0	2
 -35.0	2
 -34.0	1
 -33.0	0
 -32.0	0
 -31.0	0
 -30.0	0
 -29.0	0
 -28.0	2
 -27.0	0
 -26.0	0
 -25.0	0
 -24.0	0
 -23.0	1
 -22.0	1
 -21.0	0
 -20.0	1
 -19.0	1
 -18.0	0
 -17.0	1
 -16.0	0
 -15.0	0
 -14.0	0
 -13.0	0
 -12.0	0
 -11.0	0
 -10.0	0
  -9.0	0
  -8.0	0
  -7.0	0
  -6.0	0
  -5.0	0
  -4.0	0
  -3.0	2
  -2.0	2
  -1.0	0
   0.0	1
   1.0	1
   2.0	1
   3.0	1
   4.0	0
   5.0	2
   6.0	0
   7.0	1
   8.0	0
   9.0	1
  10.0	0
  11.0	1
  12.0	2
  13.0	1
  14.0	0
  15.0	2
  16.0	1
  17.0	0
  18.0	0
  19.0	0
  20.0	0
  21.0	0
  22.0	0
  23.0	1
  24.0	2
  25.0	0
  26.0	0
  27.0	2
  28.0	0
  29.0	0
  30.0	0
  31.0	0
  32.0	0
  33.0	2
  34.0	1.5
  35.0	0
  36.0	1
  37.0	0
  38.0	1
  39.0	1
  40.0	1
  41.0	0
  42.0	2
  43.0	2
  44.0	1
  45.0	0
  46.0	1
  47.0	1
  48.0	2
  49.0	0
  50.0	1
  51.0	2
  52.0	0
  53.0	0
  54.0	3
  55.0	0
  56.0	0
  57.0	0
  58.0	1
  59.0	1
  60.0	0
  61.0	0
  62.0	0
  63.0	1
  64.0	0
  65.0	1
  66.0	0
  67.0	0
  68.0	0
  69.0	1
  70.0	0
  71.0	1
  72.0	0
  73.0	1
  74.0	1
  75.0	0
  76.0	1
  77.0	2
  78.0	2
  79.0	0
  80.0	0
  81.0	1
  82.0	0
  83.0	0
  84.0	1
  85.0	1
  86.0	0
  87.0	0
  88.0	0
  89.0	0
  90.0	0
  91.0	0
  92.0	0
  93.0	1
  94.0	0
  95.0	1
  96.0	1
  97.0	0
  98.0	1
  99.0	1
 100.0	0
 101.0	0
 102.0	1
 103.0	0
 104.0	0
 105.0	1
 106.0	0
 107.0	1
 108.0	0
 109.0	0
 110.0	1
 111.0	0
 112.0	0
 113.0	1
 114.0	0
 115.0	0
 116.0	0
 117.0	0
 118.0	0
 119.0	0
 120.0	0
 121.0	0
 122.0	0
 123.0	2
 124.0	0
 125.0	1
 126.0	0
 127.0	1
 128.0	0
 129.0	0
 130.0	1
 131.0	1
 132.0	0
 133.0	0
 134.0	0
 135.0	0
 136.0	0
 137.0	0
 138.0	0
 139.0	0
 140.0	0
 141.0	0
 142.0	0
 143.0	0
 144.0	0
 145.0	0
 146.0	0
 147.0	0
 148.0	1
 149.0	0
 150.0	1
 151.0	0
 152.0	0
 153.0	0
 154.0	0
DB 2 MOTIF	NANOG_HUMAN.H11MO.1.B
-156.5	1
-155.5	1
-154.5	2
-153.5	1
-152.5	1
-151.5	0
-150.5	0
-149.5	2
-148.5	1
-147.5	1
-146.5	0
-145.5	0
-144.5	0
-143.5	1
-142.5	1
-141.5	0
-140.5	0
-139.5	2
-138.5	2
-137.5	0
-136.5	1
-135.5	0
-134.5	1
-133.5	0
-132.5	1
-131.5	0
-130.5	0
-129.5	0
-128.5	0
-127.5	0
-126.5	1
-125.5	0
-124.5	0
-123.5	1
-122.5	0
-121.5	0
-120.5	0
-119.5	1
-118.5	0
-117.5	0
-116.5	0
-115.5	1
-114.5	2
-113.5	1
-112.5	2
-111.5	0
-110.5	0
-109.5	1
-108.5	0
-107.5	1
-106.5	2
-105.5	2
-104.5	1
-103.5	0
-102.5	0
-101.5	0
-100.5	0
 -99.5	0
 -98.5	0
 -97.5	0
 -96.5	0
 -95.5	0
 -94.5	0
 -93.5	2
 -92.5	0
 -91.5	2
 -90.5	1
 -89.5	1
 -88.5	1
 -87.5	0
 -86.5	3
 -85.5	0
 -84.5	0
 -83.5	0
 -82.5	0
 -81.5	0
 -80.5	2
 -79.5	1
 -78.5	0
 -77.5	0
 -76.5	0
 -75.5	0
 -74.5	0
 -73.5	1
 -72.5	2
 -71.5	0
 -70.5	1
 -69.5	1
 -68.5	4
 -67.5	0
 -66.5	1
 -65.5	1
 -64.5	0
 -63.5	0
 -62.5	3
 -61.5	0
 -60.5	1
 -59.5	0
 -58.5	0
 -57.5	1
 -56.5	0
 -55.5	1
 -54.5	0
 -53.5	1
 -52.5	0.5
 -51.5	0
 -50.5	0
 -49.5	0
 -48.5	1
 -47.5	0.5
 -46.5	0
 -45.5	1
 -44.5	4
 -43.5	3
 -42.5	1
 -41.5	0
 -40.5	0
 -39.5	1
 -38.5	1
 -37.5	3
 -36.5	2
 -35.5	2
 -34.5	1
 -33.5	1
 -32.5	5
 -31.5	1
 -30.5	2
 -29.5	0
 -28.5	1
 -27.5	0
 -26.5	1
 -25.5	0
 -24.5	4
 -23.5	1
 -22.5	0
 -21.5	1
 -20.5	1
 -19.5	3
 -18.5	0
 -17.5	1
 -16.5	2
 -15.5	0
 -14.5	2
 -13.5	5
 -12.5	1
 -11.5	2
 -10.5	0
  -9.5	0
  -8.5	1.5
  -7.5	0
  -6.5	2
  -5.5	2
  -4.5	1
  -3.5	0
  -2.5	3
  -1.5	2
  -0.5	0
   0.5	2
   1.5	3
   2.5	2
   3.5	0
   4.5	1
   5.5	1
   6.5	2
   7.5	0
   8.5	3
   9.5	1
  10.5	0
  11.5	1
  12.5	2
  13.5	2
  14.5	0
  15.5	1
  16.5	2
  17.5	3
  18.5	1
  19.5	2
  20.5	0
  21.5	0
  22.5	1
  23.5	0
  24.5	0
  25.5	0
  26.5	2
  27.5	0
  28.5	1
  29.5	1
  30.5	3
  31.5	3
  32.5	2
  33.5	1
  34.5	0
  35.5	0
  36.5	2
  37.5	1
  38.5	0
  39.5	0
  40.5	0
  41.5	1
  42.5	2
  43.5	1
  44.5	0.5
  45.5	1
  46.5	0
  47.5	0
  48.5	0
  49.5	3
  50.5	3
  51.5	2
  52.5	0
  53.5	0
  54.5	2.5
  55.5	1
  56.5	1
  57.5	1
  58.5	0
  59.5	1
  60.5	2
  61.5	0
  62.5	0
  63.5	1
  64.5	1
  65.5	0
  66.5	1
  67.5	0
  68.5	1
  69.5	0
  70.5	0
  71.5	0
  72.5	1
  73.5	1
  74.5	0
  75.5	0
  76.5	2
  77.5	0
  78.5	0
  79.5	0
  80.5	1
  81.5	0
  82.5	0
  83.5	1
  84.5	1
  85.5	1
  86.5	0
  87.5	1
  88.5	0
  89.5	1
  90.5	0
  91.5	0
  92.5	1
  93.5	0
  94.5	0
  95.5	1
  96.5	1
  97.5	0
  98.5	0
  99.5	1
 100.5	1
 101.5	1
 102.5	1
 103.5	1
 104.5	1
 105.5	0
 106.5	0
 107.5	1
 108.5	0
 109.5	1
 110.5	0
 111.5	2
 112.5	0
 113.5	0
 114.5	0
 115.5	1
 116.5	0
 117.5	0
 118.5	1
 119.5	0
 120.5	0
 121.5	1
 122.5	0
 123.5	1
 124.5	0
 125.5	1
 126.5	0
 127.5	0
 128.5	0
 129.5	1
 130.5	1.5
 131.5	2
 132.5	0
 133.5	0
 134.5	1
 135.5	0
 136.5	0
 137.5	0
 138.5	4
 139.5	0
 140.5	1
 141.5	1
 142.5	2
 143.5	0
 144.5	1
 145.5	0
 146.5	0
 147.5	0
 148.5	0
 149.5	0
 150.5	0
 151.5	1
 152.5	0
 153.5	0
 154.5	2
 155.5	2
 156.5	2
DB 2 MOTIF	NFYA_HUMAN.H11MO.0.A
-155.0	1
-154.0	0
-153.0	1
-152.0	0
-151.0	0
-150.0	1
-149.0	2
-148.0	1
-147.0	0
-146.0	1
-145.0	0
-144.0	2
-143.0	1
-142.0	0
-141.0	0
-140.0	0
-139.0	0
-138.0	0
-137.0	0
-136.0	0
-135.0	1
-134.0	0
-133.0	1
-132.0	0
-131.0	0
-130.0	1
-129.0	0
-128.0	1
-127.0	0
-126.0	0
-125.0	0
-124.0	0
-123.0	1
-122.0	0
-121.0	2
-120.0	0
-119.0	0
-118.0	0
-117.0	1
-116.0	1
-115.0	1
-114.0	0
-113.0	0
-112.0	0
-111.0	0
-110.0	1
-109.0	0
-108.0	0
-107.0	0
-106.0	0
-105.0	0
-104.0	1
-103.0	1
-102.0	0
-101.0	0
-100.0	0
 -99.0	0
 -98.0	0
 -97.0	0
 -96.0	0
 -95.0	0
 -94.0	0
 -93.0	0
 -92.0	1
 -91.0	1
 -90.0	3
 -89.0	0
 -88.0	1
 -87.0	1
 -86.0	0
 -85.0	1
 -84.0	0
 -83.0	0
 -82.0	0
 -81.0	1
 -80.0	1
 -79.0	1
 -78.0	2
 -77.0	0
 -76.0	1
 -75.0	0
 -74.0	0
 -73.0	1
 -72.0	0
 -71.0	1
 -70.0	2
 -69.0	1
 -68.0	0
 -67.0	0
 -66.0	1
 -65.0	1
 -64.0	1
 -63.0	0
 -62.0	1
 -61.0	0
 -60.0	0
 -59.0	1
 -58.0	0
 -57.0	1
 -56.0	1
 -55.0	0
 -54.0	0
 -53.0	0
 -52.0	1
 -51.0	0
 -50.0	0
 -49.0	1
 -48.0	0
 -47.0	0
 -46.0	1
 -45.0	0
 -44.0	1
 -43.0	1
 -42.0	1
 -41.0	0
 -40.0	2
 -39.0	0
 -38.0	1
 -37.0	2
 -36.0	2
 -35.0	0
 -34.0	2
 -33.0	3
 -32.0	0.5
 -31.0	2
 -30.0	1
 -29.0	2
 -28.0	0
 -27.0	0
 -26.0	0
 -25.0	0
 -24.0	1
 -23.0	1.5
 -22.0	0
 -21.0	0
 -20.0	1
 -19.0	0
 -18.0	3
 -17.0	0
 -16.0	0
 -15.0	1
 -14.0	1
 -13.0	2
 -12.0	0
 -11.0	1
 -10.0	0
  -9.0	0
  -8.0	0
  -7.0	1
  -6.0	1
  -5.0	2
  -4.0	0
  -3.0	0
  -2.0	3
  -1.0	0
   0.0	0
   1.0	1
   2.0	3
   3.0	2
   4.0	0
   5.0	0
   6.0	2
   7.0	0
   8.0	1
   9.0	1
  10.0	0
  11.0	1
  12.0	3
  13.0	0
  14.0	2
  15.0	2
  16.0	0
  17.0	1
  18.0	1
  19.0	1
  20.0	2
  21.0	1
  22.0	4
  23.0	0
  24.0	0
  25.0	1
  26.0	1
  27.0	2
  28.0	2
  29.0	0
  30.0	0
  31.0	0
  32.0	0
  33.0	2
  34.0	1
  35.0	0
  36.0	2
  37.0	1
  38.0	2
  39.0	0
  40.0	0
  41.0	0
  42.0	2
  43.0	1
  44.0	1
  45.0	2
  46.0	0
  47.0	0
  48.0	0
  49.0	0
  50.0	2
  51.0	2
  52.0	1
  53.0	0
  54.0	1
  55.0	0
  56.0	0
  57.0	2
  58.0	1
  59.0	0
  60.0	1
  61.0	1
  62.0	0
  63.0	1
  64.0	0
  65.0	0
  66.0	0
  67.0	0
  68.0	0
  69.0	1
  70.0	2
  71.0	0
  72.0	2
  73.0	0
  74.0	1
  75.0	0
  76.0	1
  77.0	1
  78.0	2
  79.0	0
  80.0	2
  81.0	1
  82.0	0
  83.0	0
  84.0	0
  85.0	1
  86.0	0
  87.0	1
  88.0	0
  89.0	0
  90.0	0
  91.0	0
  92.0	0
  93.0	1
  94.0	0
  95.0	2
  96.0	0
  97.0	0
  98.0	0
  99.0	1
 100.0	2
 101.0	0
 102.0	1
 103.0	0
 104.0	1
 105.0	1
 106.0	0
 107.0	0
 108.0	1
 109.0	2
 110.0	2
 111.0	1
 112.0	1
 113.0	1
 114.0	1
 115.0	0
 116.0	0
 117.0	0
 118.0	0
 119.0	0
 120.0	0
 121.0	0
 122.0	0
 123.0	0
 124.0	0
 125.0	0
 126.0	1
 127.0	0
 128.0	0
 129.0	1
 130.0	1
 131.0	0
 132.0	0
 133.0	0
 134.0	0
 135.0	0
 136.0	0
 137.0	1
 138.0	0
 139.0	2
 140.0	0
 141.0	0
 142.0	0
 143.0	0
 144.0	0
 145.0	0
 146.0	0
 147.0	0
 148.0	1
 149.0	0
 150.0	0
 151.0	1
 152.0	1
 153.0	0
 154.0	0
 155.0	1
DB 2 MOTIF	NFYB_HUMAN.H11MO.0.A
-155.5	0
-154.5	0
-153.5	0
-152.5	0
-151.5	0
-150.5	0
-149.5	2
-148.5	0
-147.5	0
-146.5	0
-145.5	0
-144.5	1
-143.5	1
-142.5	0
-141.5	0
-140.5	0
-139.5	0
-138.5	0
-137.5	0
-136.5	0
-135.5	0
-134.5	2
-133.5	1
-132.5	0
-131.5	0
-130.5	0
-129.5	1
-128.5	0
-127.5	1
-126.5	0
-125.5	0
-124.5	0
-123.5	1
-122.5	0
-121.5	0
-120.5	0
-119.5	0
-118.5	0
-117.5	1
-116.5	0
-115.5	0
-114.5	1
-113.5	0
-112.5	0
-111.5	1
-110.5	0
-109.5	0
-108.5	0
-107.5	1
-106.5	0
-105.5	0
-104.5	0
-103.5	0
-102.5	1
-101.5	0
-100.5	0
 -99.5	0
 -98.5	0
 -97.5	0
 -96.5	0
 -95.5	0
 -94.5	0
 -93.5	0
 -92.5	0
 -91.5	0
 -90.5	4
 -89.5	0
 -88.5	2
 -87.5	0
 -86.5	1
 -85.5	1
 -84.5	1
 -83.5	0
 -82.5	0
 -81.5	0
 -80.5	1
 -79.5	1
 -78.5	2
 -77.5	1
 -76.5	0
 -75.5	2
 -74.5	0
 -73.5	1
 -72.5	0
 -71.5	0
 -70.5	2
 -69.5	1
 -68.5	0
 -67.5	1
 -66.5	0
 -65.5	1
 -64.5	2
 -63.5	0
 -62.5	0
 -61.5	1
 -60.5	0
 -59.5	1
 -58.5	0
 -57.5	1
 -56.5	0
 -55.5	1
 -54.5	0
 -53.5	0
 -52.5	0
 -51.5	1
 -50.5	0
 -49.5	2
 -48.5	0
 -47.5	1
 -46.5	0
 -45.5	2
 -44.5	1
 -43.5	1
 -42.5	1
 -41.5	0
 -40.5	0
 -39.5	2
 -38.5	0
 -37.5	2
 -36.5	1
 -35.5	0.5
 -34.5	0
 -33.5	5
 -32.5	0.5
 -31.5	2
 -30.5	1
 -29.5	1
 -28.5	1
 -27.5	1
 -26.5	0
 -25.5	1
 -24.5	0
 -23.5	1.5
 -22.5	1
 -21.5	0
 -20.5	1
 -19.5	0
 -18.5	4
 -17.5	0
 -16.5	0
 -15.5	0
 -14.5	0
 -13.5	1
 -12.5	1
 -11.5	0
 -10.5	0
  -9.5	0
  -8.5	0
  -7.5	0
  -6.5	1
  -5.5	2
  -4.5	1
  -3.5	0
  -2.5	1
  -1.5	4
  -0.5	0
   0.5	1
   1.5	2
   2.5	2
   3.5	1
   4.5	0
   5.5	1
   6.5	0
   7.5	0
   8.5	2
   9.5	1
  10.5	0
  11.5	2
  12.5	2
  13.5	2
  14.5	1
  15.5	1
  16.5	0
  17.5	1.5
  18.5	0
  19.5	3
  20.5	0
  21.5	1
  22.5	2
  23.5	0
  24.5	1
  25.5	0
  26.5	2
  27.5	1
  28.5	2
  29.5	0
  30.5	0
  31.5	0
  32.5	1
  33.5	2
  34.5	0
  35.5	0
  36.5	0
  37.5	2
  38.5	0
  39.5	0
  40.5	0
  41.5	0
  42.5	2
  43.5	1
  44.5	0
  45.5	2
  46.5	0
  47.5	0
  48.5	0
  49.5	2
  50.5	0
  51.5	1
  52.5	0
  53.5	1
  54.5	0
  55.5	0
  56.5	1
  57.5	2
  58.5	1
  59.5	0
  60.5	1
  61.5	1
  62.5	1
  63.5	0
  64.5	1
  65.5	0
  66.5	0
  67.5	0
  68.5	0
  69.5	2
  70.5	1
  71.5	2
  72.5	0
  73.5	0
  74.5	1
  75.5	0
  76.5	1
  77.5	1
  78.5	1
  79.5	1
  80.5	1
  81.5	0
  82.5	0
  83.5	0
  84.5	1
  85.5	0
  86.5	1
  87.5	0
  88.5	0
  89.5	0
  90.5	0
  91.5	0
  92.5	1
  93.5	0
  94.5	1
  95.5	1
  96.5	0
  97.5	0
  98.5	0
  99.5	1
 100.5	1
 101.5	1
 102.5	0
 103.5	0
 104.5	2
 105.5	0
 106.5	0
 107.5	1
 108.5	0
 109.5	4
 110.5	0
 111.5	1
 112.5	2
 113.5	2
 114.5	0
 115.5	0
 116.5	0
 117.5	0
 118.5	0
 119.5	0
 120.5	0
 121.5	0
 122.5	0
 123.5	0
 124.5	0
 125.5	0
 126.5	2
 127.5	0
 128.5	0
 129.5	0
 130.5	1
 131.5	0
 132.5	0
 133.5	0
 134.5	0
 135.5	0
 136.5	0
 137.5	0
 138.5	3
 139.5	0
 140.5	1
 141.5	0
 142.5	0
 143.5	0
 144.5	0
 145.5	0
 146.5	0
 147.5	0
 148.5	1
 149.5	0
 150.5	1
 151.5	1
 152.5	0
 153.5	0
 154.5	0
 155.5	0
DB 2 MOTIF	NFYC_HUMAN.H11MO.0.A
-155.0	1.33333
-154.0	0
-153.0	0
-152.0	0
-151.0	0
-150.0	1
-149.0	1
-148.0	0
-147.0	0
-146.0	1
-145.0	0
-144.0	3
-143.0	1
-142.0	0
-141.0	0
-140.0	0
-139.0	0
-138.0	0
-137.0	0
-136.0	0
-135.0	2
-134.0	0
-133.0	1
-132.0	0
-131.0	0
-130.0	1
-129.0	0
-128.0	1
-127.0	0
-126.0	0
-125.0	1
-124.0	0
-123.0	2
-122.0	0
-121.0	2
-120.0	1
-119.0	0
-118.0	0
-117.0	1
-116.0	0
-115.0	2
-114.0	1
-113.0	0
-112.0	0
-111.0	0
-110.0	0
-109.0	0
-108.0	0
-107.0	1
-106.0	1
-105.0	0
-104.0	1
-103.0	2
-102.0	0
-101.0	1
-100.0	0
 -99.0	0
 -98.0	0
 -97.0	0
 -96.0	0
 -95.0	0
 -94.0	0
 -93.0	0
 -92.0	2
 -91.0	1
 -90.0	5
 -89.0	0
 -88.0	3
 -87.0	1
 -86.0	0
 -85.0	1
 -84.0	0
 -83.0	0
 -82.0	0
 -81.0	1
 -80.0	1
 -79.0	3
 -78.0	2
 -77.0	0
 -76.0	3
 -75.0	0
 -74.0	0
 -73.0	1
 -72.0	1
 -71.0	0
 -70.0	3
 -69.0	1
 -68.0	0
 -67.0	0
 -66.0	1
 -65.0	1.5
 -64.0	1
 -63.0	0
 -62.0	1
 -61.0	0
 -60.0	1
 -59.0	3
 -58.0	0
 -57.0	1
 -56.0	2
 -55.0	0
 -54.0	0
 -53.0	0
 -52.0	1
 -51.0	0
 -50.0	0
 -49.0	2
 -48.0	0
 -47.0	0
 -46.0	3
 -45.0	0
 -44.0	0
 -43.0	1
 -42.0	1
 -41.0	0
 -40.0	2
 -39.0	1
 -38.0	1
 -37.0	2
 -36.0	1
 -35.0	0
 -34.0	2
 -33.0	4
 -32.0	0.5
 -31.0	1
 -30.0	3
 -29.0	1
 -28.0	1
 -27.0	0
 -26.0	1
 -25.0	1
 -24.0	1
 -23.0	0.5
 -22.0	0
 -21.0	1
 -20.0	1
 -19.0	0
 -18.0	3
 -17.0	0
 -16.0	0
 -15.0	1
 -14.0	1
 -13.0	4
 -12.0	0
 -11.0	1
 -10.0	0
  -9.0	0
  -8.0	0
  -7.0	0
  -6.0	1
  -5.0	2
  -4.0	0
  -3.0	0
  -2.0	4
  -1.0	0
   0.0	1
   1.0	1
   2.0	2
   3.0	2.33333
   4.0	0
   5.0	0
   6.0	2
   7.0	0
   8.0	1
   9.0	1
  10.0	0
  11.0	1
  12.0	2
  13.0	0
  14.0	3
  15.0	2
  16.0	0
  17.0	1
  18.0	1
  19.0	0
  20.0	3
  21.0	1
  22.0	2
  23.0	0
  24.0	0
  25.0	1
  26.0	1
  27.0	2
  28.0	2
  29.0	0
  30.0	0
  31.0	0
  32.0	0
  33.0	2
  34.0	1
  35.0	1
  36.0	0
  37.0	1
  38.0	1
  39.0	0
  40.0	0
  41.0	0
  42.0	2
  43.0	1
  44.0	2
  45.0	2.33333
  46.0	1
  47.0	0
  48.0	0
  49.0	0.5
  50.0	2
  51.0	2
  52.0	2
  53.0	1
  54.0	1
  55.0	0
  56.0	1
  57.0	3
  58.0	0
  59.0	0
  60.0	1
  61.0	1
  62.0	0
  63.0	1
  64.0	0
  65.0	0
  66.0	0
  67.0	0
  68.0	0
  69.0	3
  70.0	2
  71.0	0
  72.0	2
  73.0	0
  74.0	1
  75.0	0
  76.0	1
  77.0	1
  78.0	2
  79.0	0
  80.0	2
  81.0	0
  82.0	1
  83.0	1
  84.0	0
  85.0	2
  86.0	0
  87.0	1
  88.0	0
  89.0	0
  90.0	0
  91.0	0
  92.0	0
  93.0	2
  94.0	0
  95.0	1
  96.0	0
  97.0	0
  98.0	0
  99.0	1
 100.0	2
 101.0	0
 102.0	1
 103.0	0
 104.0	1
 105.0	1
 106.0	1
 107.0	0
 108.0	1
 109.0	3
 110.0	3
 111.0	0
 112.0	2
 113.0	1
 114.0	2
 115.0	0
 116.0	0
 117.0	0
 118.0	0
 119.0	0
 120.0	0
 121.0	0
 122.0	0
 123.0	0
 124.0	0
 125.0	0
 126.0	5
 127.0	0
 128.0	1
 129.0	1
 130.0	1
 131.0	0
 132.0	0
 133.0	0
 134.0	0
 135.0	0
 136.0	0
 137.0	0
 138.0	1
 139.0	2
 140.0	0
 141.0	0
 142.0	0
 143.0	0
 144.0	1
 145.0	0
 146.0	0
 147.0	0
 148.0	1
 149.0	0
 150.0	0
 151.0	1
 152.0	1
 153.0	0
 154.0	1
 155.0	1
DB 2 MOTIF	NR2E1_HUMAN.H11MO.0.D
-153.5	1
-152.5	1
-151.5	0
-150.5	0
-149.5	0
-148.5	0
-147.5	0
-146.5	0
-145.5	0
-144.5	0
-143.5	0
-142.5	0
-141.5	0
-140.5	0
-139.5	0
-138.5	1
-137.5	1
-136.5	0
-135.5	0
-134.5	0
-133.5	0
-132.5	0
-131.5	0
-130.5	0
-129.5	0
-128.5	0
-127.5	0
-126.5	0
-125.5	0
-124.5	0
-123.5	0
-122.5	0
-121.5	1
-120.5	0
-119.5	0
-118.5	0
-117.5	0
-116.5	0
-115.5	1
-114.5	0
-113.5	0
-112.5	0
-111.5	0
-110.5	0
-109.5	0
-108.5	0
-107.5	0
-106.5	0
-105.5	0
-104.5	0
-103.5	0
-102.5	0
-101.5	0
-100.5	1
 -99.5	0
 -98.5	0
 -97.5	0
 -96.5	0
 -95.5	0
 -94.5	1
 -93.5	0
 -92.5	0
 -91.5	0
 -90.5	0
 -89.5	0
 -88.5	0
 -87.5	0
 -86.5	0
 -85.5	0
 -84.5	0
 -83.5	0
 -82.5	0
 -81.5	0
 -80.5	0
 -79.5	0
 -78.5	1
 -77.5	1
 -76.5	0
 -75.5	1
 -74.5	0
 -73.5	0
 -72.5	0
 -71.5	0
 -70.5	2
 -69.5	0
 -68.5	0
 -67.5	0
 -66.5	0.5
 -65.5	0
 -64.5	1
 -63.5	1
 -62.5	0
 -61.5	0
 -60.5	0
 -59.5	1
 -58.5	0
 -57.5	0
 -56.5	0
 -55.5	0
 -54.5	1
 -53.5	0
 -52.5	0
 -51.5	0
 -50.5	0
 -49.5	0
 -48.5	0
 -47.5	0
 -46.5	0
 -45.5	0
 -44.5	0
 -43.5	0
 -42.5	1
 -41.5	1
 -40.5	1
 -39.5	0
 -38.5	0
 -37.5	0
 -36.5	0
 -35.5	0
 -34.5	0
 -33.5	0
 -32.5	0
 -31.5	1
 -30.5	1
 -29.5	0
 -28.5	1
 -27.5	0
 -26.5	0
 -25.5	1
 -24.5	2
 -23.5	0
 -22.5	2
 -21.5	0
 -20.5	1
 -19.5	0
 -18.5	0
 -17.5	1
 -16.5	0
 -15.5	1
 -14.5	1
 -13.5	0
 -12.5	1
 -11.5	1
 -10.5	0
  -9.5	1
  -8.5	1
  -7.5	0
  -6.5	1
  -5.5	1
  -4.5	1
  -3.5	1
  -2.5	0
  -1.5	0
  -0.5	1
   0.5	0
   1.5	1
   2.5	2
   3.5	0
   4.5	0
   5.5	0
   6.5	0
   7.5	0
   8.5	0
   9.5	0
  10.5	1
  11.5	1
  12.5	0
  13.5	1
  14.5	0
  15.5	0
  16.5	0
  17.5	1
  18.5	1
  19.5	0
  20.5	0
  21.5	1
  22.5	0
  23.5	1
  24.5	0
  25.5	2
  26.5	0
  27.5	0
  28.5	0
  29.5	0
  30.5	1
  31.5	0
  32.5	0
  33.5	1
  34.5	0
  35.5	0
  36.5	1
  37.5	0
  38.5	0
  39.5	0
  40.5	0
  41.5	0
  42.5	0
  43.5	0
  44.5	1
  45.5	2
  46.5	0
  47.5	0.5
  48.5	0
  49.5	0
  50.5	1
  51.5	0
  52.5	0
  53.5	0
  54.5	0
  55.5	0
  56.5	0
  57.5	0
  58.5	0
  59.5	0
  60.5	0
  61.5	0
  62.5	0
  63.5	0
  64.5	0
  65.5	0
  66.5	0
  67.5	0
  68.5	1
  69.5	0
  70.5	1
  71.5	0
  72.5	0
  73.5	0
  74.5	0
  75.5	0
  76.5	0
  77.5	0
  78.5	2
  79.5	0
  80.5	0
  81.5	0
  82.5	0
  83.5	1
  84.5	0
  85.5	1
  86.5	0
  87.5	0
  88.5	0
  89.5	0
  90.5	1
  91.5	0
  92.5	1
  93.5	0
  94.5	0
  95.5	0
  96.5	0
  97.5	0
  98.5	0
  99.5	0
 100.5	0
 101.5	0
 102.5	0
 103.5	0
 104.5	1
 105.5	0
 106.5	0
 107.5	0
 108.5	0
 109.5	0
 110.5	0
 111.5	0
 112.5	0
 113.5	0
 114.5	0
 115.5	1
 116.5	0
 117.5	0
 118.5	0
 119.5	0
 120.5	0
 121.5	0
 122.5	0
 123.5	1
 124.5	0
 125.5	0
 126.5	0
 127.5	0
 128.5	0
 129.5	0
 130.5	0
 131.5	0
 132.5	0
 133.5	0
 134.5	1
 135.5	0
 136.5	0
 137.5	0
 138.5	0
 139.5	0
 140.5	0
 141.5	0
 142.5	1
 143.5	0
 144.5	0
 145.5	0
 146.5	1
 147.5	0
 148.5	0
 149.5	0
 150.5	1
 151.5	0
 152.5	0
 153.5	0
DB 2 MOTIF	P53_HUMAN.H11MO.0.A
-152.0	0
-151.0	1
-150.0	1
-149.0	0
-148.0	0
-147.0	0
-146.0	0
-145.0	0
-144.0	0
-143.0	0
-142.0	1
-141.0	0
-140.0	0
-139.0	0
-138.0	0
-137.0	0
-136.0	0
-135.0	1
-134.0	0
-133.0	0
-132.0	0
-131.0	0
-130.0	0
-129.0	0
-128.0	0
-127.0	0
-126.0	0
-125.0	0
-124.0	0
-123.0	0
-122.0	0
-121.0	0
-120.0	0
-119.0	0
-118.0	0
-117.0	0
-116.0	1
-115.0	0
-114.0	0
-113.0	0
-112.0	0
-111.0	0
-110.0	0
-109.0	0
-108.0	0
-107.0	0
-106.0	0
-105.0	0
-104.0	0
-103.0	0
-102.0	0
-101.0	0
-100.0	0
 -99.0	0
 -98.0	1
 -97.0	0
 -96.0	0
 -95.0	0
 -94.0	0
 -93.0	0
 -92.0	0
 -91.0	0
 -90.0	0
 -89.0	0
 -88.0	0
 -87.0	0
 -86.0	0
 -85.0	0
 -84.0	1
 -83.0	0
 -82.0	0
 -81.0	0
 -80.0	0
 -79.0	0
 -78.0	0
 -77.0	0
 -76.0	0
 -75.0	0
 -74.0	0
 -73.0	0
 -72.0	0
 -71.0	0
 -70.0	0
 -69.0	0
 -68.0	0
 -67.0	0
 -66.0	1
 -65.0	1
 -64.0	0
 -63.0	0
 -62.0	1
 -61.0	0
 -60.0	0
 -59.0	0
 -58.0	0
 -57.0	0
 -56.0	0
 -55.0	1
 -54.0	0
 -53.0	0
 -52.0	0
 -51.0	0
 -50.0	0
 -49.0	0
 -48.0	0
 -47.0	0
 -46.0	0
 -45.0	0
 -44.0	0
 -43.0	0
 -42.0	0
 -41.0	0
 -40.0	0
 -39.0	0
 -38.0	0
 -37.0	1
 -36.0	0
 -35.0	0
 -34.0	0
 -33.0	1
 -32.0	0
 -31.0	0
 -30.0	0
 -29.0	0
 -28.0	0
 -27.0	0
 -26.0	1
 -25.0	0
 -24.0	0
 -23.0	0
 -22.0	0
 -21.0	0
 -20.0	2
 -19.0	2
 -18.0	0
 -17.0	1
 -16.0	0
 -15.0	0
 -14.0	0
 -13.0	0
 -12.0	1
 -11.0	1
 -10.0	1
  -9.0	0
  -8.0	0
  -7.0	0
  -6.0	1
  -5.0	0
  -4.0	1
  -3.0	1
  -2.0	0
  -1.0	1
   0.0	1
   1.0	1
   2.0	1
   3.0	0
   4.0	0
   5.0	1
   6.0	2
   7.0	0
   8.0	0
   9.0	0
  10.0	1
  11.0	0
  12.0	0
  13.0	0
  14.0	0
  15.0	0
  16.0	1
  17.0	0
  18.0	1
  19.0	0
  20.0	1
  21.0	0
  22.0	0
  23.0	0
  24.0	0
  25.0	0
  26.0	0
  27.0	0
  28.0	0
  29.0	0
  30.0	1
  31.0	0
  32.0	0
  33.0	0
  34.0	0
  35.0	0
  36.0	0
  37.0	0
  38.0	0
  39.0	0
  40.0	0
  41.0	0
  42.0	0
  43.0	0
  44.0	0
  45.0	0
  46.0	0
  47.0	1
  48.0	0
  49.0	0
  50.0	0
  51.0	0
  52.0	0
  53.0	0
  54.0	0
  55.0	0
  56.0	1
  57.0	1
  58.0	2
  59.0	0
  60.0	0
  61.0	0
  62.0	0
  63.0	1
  64.0	0
  65.0	0
  66.0	0
  67.0	0
  68.0	0
  69.0	0
  70.0	0
  71.0	0
  72.0	1
  73.0	0
  74.0	0
  75.0	0
  76.0	0
  77.0	0
  78.0	0
  79.0	0
  80.0	1
  81.0	0
  82.0	0
  83.0	0
  84.0	0
  85.0	0
  86.0	0
  87.0	0
  88.0	0
  89.0	0
  90.0	0
  91.0	0
  92.0	0
  93.0	0
  94.0	0
  95.0	0
  96.0	0
  97.0	1
  98.0	0
  99.0	0
 100.0	0
 101.0	0
 102.0	0
 103.0	0
 104.0	0
 105.0	1
 106.0	0
 107.0	0
 108.0	0
 109.0	0
 110.0	0
 111.0	0
 112.0	0
 113.0	0
 114.0	0
 115.0	0
 116.0	0
 117.0	0
 118.0	0
 119.0	0
 120.0	0
 121.0	0
 122.0	0
 123.0	0
 124.0	0
 125.0	0
 126.0	0
 127.0	0
 128.0	0
 129.0	1
 130.0	0
 131.0	0
 132.0	0
 133.0	0
 134.0	0
 135.0	1
 136.0	2
 137.0	0
 138.0	0
 139.0	1
 140.0	0
 141.0	0
 142.0	0
 143.0	0
 144.0	0
 145.0	2
 146.0	0
 147.0	1
 148.0	0
 149.0	0
 150.0	0
 151.0	0
 152.0	0
DB 2 MOTIF	P63_HUMAN.H11MO.0.A
-152.5	0
-151.5	1
-150.5	0
-149.5	1
-148.5	1
-147.5	0
-146.5	0
-145.5	0
-144.5	0
-143.5	0
-142.5	1
-141.5	1
-140.5	0
-139.5	1
-138.5	1
-137.5	0
-136.5	0
-135.5	0
-134.5	0
-133.5	0
-132.5	0
-131.5	0
-130.5	0
-129.5	0
-128.5	0
-127.5	0
-126.5	0
-125.5	1
-124.5	0
-123.5	0
-122.5	0
-121.5	0
-120.5	0
-119.5	0
-118.5	0
-117.5	0
-116.5	0
-115.5	1
-114.5	0
-113.5	0
-112.5	0
-111.5	0
-110.5	0
-109.5	0
-108.5	0
-107.5	0
-106.5	0
-105.5	0
-104.5	0
-103.5	2
-102.5	0
-101.5	0
-100.5	0
 -99.5	0
 -98.5	0
 -97.5	0
 -96.5	0
 -95.5	1
 -94.5	1
 -93.5	0
 -92.5	0
 -91.5	0
 -90.5	0
 -89.5	0
 -88.5	0
 -87.5	0
 -86.5	1
 -85.5	0
 -84.5	1
 -83.5	0
 -82.5	1
 -81.5	1
 -80.5	0
 -79.5	1
 -78.5	0
 -77.5	0
 -76.5	0
 -75.5	0
 -74.5	0
 -73.5	0
 -72.5	0
 -71.5	0
 -70.5	0
 -69.5	0
 -68.5	0
 -67.5	0
 -66.5	1
 -65.5	0
 -64.5	2
 -63.5	0
 -62.5	0
 -61.5	0
 -60.5	0
 -59.5	1
 -58.5	0
 -57.5	0
 -56.5	0
 -55.5	1
 -54.5	0
 -53.5	0
 -52.5	0
 -51.5	0
 -50.5	0
 -49.5	0
 -48.5	0
 -47.5	0
 -46.5	0
 -45.5	0
 -44.5	0
 -43.5	0
 -42.5	1
 -41.5	0
 -40.5	0
 -39.5	0
 -38.5	0
 -37.5	0
 -36.5	1
 -35.5	0
 -34.5	0
 -33.5	0
 -32.5	1
 -31.5	0
 -30.5	0
 -29.5	0
 -28.5	0
 -27.5	0
 -26.5	0
 -25.5	0
 -24.5	0
 -23.5	0
 -22.5	1
 -21.5	0
 -20.5	1
 -19.5	1
 -18.5	0
 -17.5	0
 -16.5	1
 -15.5	0
 -14.5	0
 -13.5	0
 -12.5	1
 -11.5	0
 -10.5	2
  -9.5	0
  -8.5	1
  -7.5	0
  -6.5	1
  -5.5	0
  -4.5	0
  -3.5	2
  -2.5	0
  -1.5	0
  -0.5	3
   0.5	1
   1.5	0
   2.5	1
   3.5	0
   4.5	0
   5.5	0
   6.5	1
   7.5	0
   8.5	0
   9.5	2
  10.5	1
  11.5	0
  12.5	0
  13.5	0
  14.5	0
  15.5	2
  16.5	0
  17.5	1
  18.5	0
  19.5	0
  20.5	0
  21.5	0
  22.5	0
  23.5	0
  24.5	0
  25.5	0
  26.5	0
  27.5	0
  28.5	0
  29.5	0
  30.5	0
  31.5	0
  32.5	0
  33.5	0
  34.5	0
  35.5	0
  36.5	0
  37.5	0
  38.5	0
  39.5	0
  40.5	0
  41.5	0
  42.5	0
  43.5	0
  44.5	0
  45.5	0
  46.5	1
  47.5	0
  48.5	0
  49.5	0
  50.5	1
  51.5	0
  52.5	0
  53.5	1
  54.5	0
  55.5	0
  56.5	0
  57.5	2
  58.5	0
  59.5	0
  60.5	0
  61.5	0
  62.5	1
  63.5	0
  64.5	0
  65.5	0
  66.5	1
  67.5	0
  68.5	0
  69.5	0
  70.5	0
  71.5	0
  72.5	1
  73.5	0
  74.5	1
  75.5	1
  76.5	0
  77.5	0
  78.5	0
  79.5	0
  80.5	0
  81.5	0
  82.5	0
  83.5	0
  84.5	0
  85.5	0
  86.5	0
  87.5	0
  88.5	0
  89.5	0
  90.5	0
  91.5	0
  92.5	0
  93.5	0
  94.5	0
  95.5	0
  96.5	0
  97.5	1
  98.5	0
  99.5	0
 100.5	0
 101.5	0
 102.5	0
 103.5	0
 104.5	0
 105.5	0
 106.5	0
 107.5	0
 108.5	0
 109.5	0
 110.5	0
 111.5	0
 112.5	0
 113.5	0
 114.5	0
 115.5	0
 116.5	0
 117.5	0
 118.5	0
 119.5	0
 120.5	0
 121.5	0
 122.5	0
 123.5	0
 124.5	0
 125.5	0
 126.5	0
 127.5	0
 128.5	0
 129.5	0
 130.5	0
 131.5	0
 132.5	0
 133.5	0
 134.5	0
 135.5	0
 136.5	2
 137.5	0
 138.5	0
 139.5	1
 140.5	0
 141.5	0
 142.5	0
 143.5	0
 144.5	1
 145.5	0
 146.5	0
 147.5	0
 148.5	0
 149.5	0
 150.5	0
 151.5	0
 152.5	0
DB 2 MOTIF	P73_HUMAN.H11MO.0.A
-152.5	0
-151.5	0
-150.5	2
-149.5	0
-148.5	0
-147.5	0
-146.5	0
-145.5	0
-144.5	0
-143.5	0
-142.5	2
-141.5	1
-140.5	2
-139.5	0
-138.5	0
-137.5	1
-136.5	0
-135.5	0
-134.5	0
-133.5	0
-132.5	0
-131.5	0
-130.5	0
-129.5	0
-128.5	1
-127.5	0
-126.5	0
-125.5	0
-124.5	1
-123.5	0
-122.5	0
-121.5	0
-120.5	0
-119.5	0
-118.5	1
-117.5	0
-116.5	1
-115.5	0
-114.5	0
-113.5	0
-112.5	0
-111.5	0
-110.5	0
-109.5	0
-108.5	1
-107.5	0
-106.5	0
-105.5	0
-104.5	0
-103.5	0
-102.5	0
-101.5	0
-100.5	0
 -99.5	1
 -98.5	0
 -97.5	1
 -96.5	0
 -95.5	0
 -94.5	2
 -93.5	0
 -92.5	0
 -91.5	1
 -90.5	0
 -89.5	0
 -88.5	0
 -87.5	1
 -86.5	0
 -85.5	0
 -84.5	0
 -83.5	1
 -82.5	1
 -81.5	0
 -80.5	1
 -79.5	0
 -78.5	0
 -77.5	0
 -76.5	0
 -75.5	0
 -74.5	0
 -73.5	0
 -72.5	1
 -71.5	1
 -70.5	1
 -69.5	0
 -68.5	0
 -67.5	0
 -66.5	0
 -65.5	2
 -64.5	1
 -63.5	1
 -62.5	0
 -61.5	0
 -60.5	0
 -59.5	1
 -58.5	1
 -57.5	0
 -56.5	1
 -55.5	0
 -54.5	0
 -53.5	0
 -52.5	0
 -51.5	0
 -50.5	1
 -49.5	0
 -48.5	2
 -47.5	0
 -46.5	0
 -45.5	0
 -44.5	0
 -43.5	0
 -42.5	0
 -41.5	1
 -40.5	0
 -39.5	0
 -38.5	0
 -37.5	1
 -36.5	1
 -35.5	0
 -34.5	0
 -33.5	2
 -32.5	0
 -31.5	2
 -30.5	0
 -29.5	1
 -28.5	0
 -27.5	0
 -26.5	1
 -25.5	0
 -24.5	0
 -23.5	2
 -22.5	0
 -21.5	0
 -20.5	2
 -19.5	2
 -18.5	0
 -17.5	1
 -16.5	0
 -15.5	0
 -14.5	0
 -13.5	0
 -12.5	1
 -11.5	2
 -10.5	1
  -9.5	1
  -8.5	0
  -7.5	2
  -6.5	1
  -5.5	0
  -4.5	1
  -3.5	0
  -2.5	1
  -1.5	1
  -0.5	1
   0.5	2
   1.5	3
   2.5	0
   3.5	0
   4.5	1
   5.5	0
   6.5	2
   7.5	0
   8.5	1
   9.5	1
  10.5	2
  11.5	0
  12.5	1
  13.5	0
  14.5	1
  15.5	1
  16.5	1
  17.5	0
  18.5	1
  19.5	0
  20.5	1
  21.5	0
  22.5	0
  23.5	0
  24.5	0
  25.5	0
  26.5	0
  27.5	1
  28.5	0
  29.5	0
  30.5	0
  31.5	0
  32.5	1
  33.5	0
  34.5	0
  35.5	0
  36.5	0
  37.5	0
  38.5	1
  39.5	1
  40.5	1
  41.5	1
  42.5	1
  43.5	0
  44.5	0
  45.5	1
  46.5	1
  47.5	1
  48.5	0
  49.5	0
  50.5	1
  51.5	1
  52.5	0
  53.5	0
  54.5	0
  55.5	1
  56.5	1
  57.5	1
  58.5	2
  59.5	0
  60.5	0
  61.5	0
  62.5	0
  63.5	1
  64.5	0
  65.5	0
  66.5	1
  67.5	0
  68.5	0
  69.5	0
  70.5	0
  71.5	2
  72.5	0
  73.5	0
  74.5	0
  75.5	0
  76.5	0
  77.5	0
  78.5	1
  79.5	0
  80.5	1
  81.5	0
  82.5	0
  83.5	0
  84.5	0
  85.5	0
  86.5	1
  87.5	0
  88.5	0
  89.5	0
  90.5	0
  91.5	0
  92.5	0
  93.5	0
  94.5	0
  95.5	0
  96.5	1
  97.5	0
  98.5	0
  99.5	0
 100.5	0
 101.5	0
 102.5	0
 103.5	0
 104.5	0
 105.5	0
 106.5	0
 107.5	0
 108.5	1
 109.5	0
 110.5	0
 111.5	0
 112.5	0
 113.5	1
 114.5	1
 115.5	0
 116.5	0
 117.5	1
 118.5	0
 119.5	0
 120.5	1
 121.5	0
 122.5	0
 123.5	0
 124.5	1
 125.5	0
 126.5	0
 127.5	0
 128.5	1
 129.5	0
 130.5	0
 131.5	1
 132.5	1
 133.5	0
 134.5	1
 135.5	1
 136.5	2
 137.5	1
 138.5	2
 139.5	2
 140.5	0
 141.5	0
 142.5	1
 143.5	0
 144.5	0
 145.5	1
 146.5	0
 147.5	1
 148.5	0
 149.5	0
 150.5	2
 151.5	0
 152.5	0
DB 2 MOTIF	PBX1_HUMAN.H11MO.1.C
-154.5	1
-153.5	1
-152.5	4
-151.5	0
-150.5	0
-149.5	0
-148.5	0
-147.5	0
-146.5	0
-145.5	0
-144.5	0
-143.5	1
-142.5	0
-141.5	0
-140.5	1
-139.5	0
-138.5	2
-137.5	0
-136.5	0
-135.5	0
-134.5	0
-133.5	1
-132.5	0
-131.5	0
-130.5	1
-129.5	0
-128.5	2
-127.5	0
-126.5	2
-125.5	1
-124.5	0
-123.5	1
-122.5	2
-121.5	0
-120.5	0
-119.5	0
-118.5	0
-117.5	1
-116.5	0
-115.5	1
-114.5	1
-113.5	0
-112.5	0
-111.5	2
-110.5	0
-109.5	0
-108.5	1
-107.5	0
-106.5	1
-105.5	2
-104.5	0
-103.5	0
-102.5	1
-101.5	1
-100.5	0
 -99.5	0
 -98.5	0
 -97.5	0
 -96.5	0
 -95.5	1
 -94.5	0
 -93.5	2
 -92.5	0
 -91.5	0
 -90.5	0
 -89.5	1
 -88.5	0
 -87.5	0
 -86.5	2
 -85.5	0
 -84.5	0
 -83.5	0.5
 -82.5	0
 -81.5	1
 -80.5	1
 -79.5	0
 -78.5	0
 -77.5	2
 -76.5	0
 -75.5	0
 -74.5	0
 -73.5	0
 -72.5	1
 -71.5	0
 -70.5	0
 -69.5	0
 -68.5	1
 -67.5	0
 -66.5	3
 -65.5	0
 -64.5	1
 -63.5	1
 -62.5	3
 -61.5	1
 -60.5	1
 -59.5	0
 -58.5	0
 -57.5	0
 -56.5	1
 -55.5	1
 -54.5	1
 -53.5	1
 -52.5	0
 -51.5	0
 -50.5	2
 -49.5	3
 -48.5	1
 -47.5	0
 -46.5	1
 -45.5	2
 -44.5	1
 -43.5	2
 -42.5	0
 -41.5	1
 -40.5	0
 -39.5	1
 -38.5	1
 -37.5	2
 -36.5	0
 -35.5	2
 -34.5	1
 -33.5	2
 -32.5	3
 -31.5	0
 -30.5	0
 -29.5	1
 -28.5	0
 -27.5	1
 -26.5	2
 -25.5	0
 -24.5	2
 -23.5	3
 -22.5	2
 -21.5	0
 -20.5	1
 -19.5	1
 -18.5	1
 -17.5	0
 -16.5	0
 -15.5	2
 -14.5	0
 -13.5	1
 -12.5	3
 -11.5	0
 -10.5	1
  -9.5	0
  -8.5	0
  -7.5	0
  -6.5	3
  -5.5	2
  -4.5	1
  -3.5	0
  -2.5	2
  -1.5	3
  -0.5	0
   0.5	1
   1.5	2
   2.5	1
   3.5	2
   4.5	1
   5.5	0
   6.5	2
   7.5	2
   8.5	1
   9.5	2
  10.5	0
  11.5	0
  12.5	1
  13.5	0
  14.5	0
  15.5	2
  16.5	0
  17.5	1
  18.5	0
  19.5	1
  20.5	0
  21.5	1
  22.5	1
  23.5	1
  24.5	1
  25.5	1
  26.5	0
  27.5	0
  28.5	1
  29.5	2
  30.5	1.5
  31.5	3
  32.5	3
  33.5	0
  34.5	0
  35.5	0
  36.5	0
  37.5	1
  38.5	0
  39.5	2
  40.5	2
  41.5	2
  42.5	1
  43.5	1
  44.5	0
  45.5	0
  46.5	1
  47.5	3
  48.5	1
  49.5	0
  50.5	2
  51.5	1
  52.5	1
  53.5	0
  54.5	1
  55.5	1
  56.5	1
  57.5	0
  58.5	1
  59.5	0
  60.5	2
  61.5	0
  62.5	2
  63.5	1
  64.5	0
  65.5	1
  66.5	1
  67.5	0
  68.5	0
  69.5	0
  70.5	1
  71.5	0
  72.5	0
  73.5	2
  74.5	0
  75.5	0
  76.5	4
  77.5	0
  78.5	0
  79.5	0
  80.5	1
  81.5	0
  82.5	1
  83.5	1
  84.5	2
  85.5	0
  86.5	0
  87.5	0
  88.5	2
  89.5	2
  90.5	0
  91.5	0
  92.5	1
  93.5	0
  94.5	0
  95.5	0
  96.5	1
  97.5	0
  98.5	0
  99.5	0
 100.5	1
 101.5	0
 102.5	1
 103.5	0
 104.5	1
 105.5	1
 106.5	0
 107.5	0
 108.5	1
 109.5	0
 110.5	0
 111.5	0
 112.5	1
 113.5	0
 114.5	2
 115.5	2
 116.5	1
 117.5	2
 118.5	0
 119.5	0
 120.5	0
 121.5	0
 122.5	1
 123.5	0
 124.5	1
 125.5	0
 126.5	0
 127.5	1
 128.5	0
 129.5	0
 130.5	0
 131.5	0
 132.5	0
 133.5	0
 134.5	1
 135.5	0
 136.5	0
 137.5	1
 138.5	2
 139.5	1
 140.5	0
 141.5	1
 142.5	1
 143.5	0
 144.5	0
 145.5	0
 146.5	0
 147.5	0
 148.5	0
 149.5	1
 150.5	1
 151.5	1
 152.5	1
 153.5	1
 154.5	1
DB 2 MOTIF	PBX2_HUMAN.H11MO.0.C
-154.5	1
-153.5	3
-152.5	0
-151.5	0
-150.5	0
-149.5	0
-148.5	0
-147.5	0
-146.5	1
-145.5	0
-144.5	0
-143.5	1
-142.5	2
-141.5	0
-140.5	0
-139.5	2
-138.5	0
-137.5	0
-136.5	2
-135.5	0
-134.5	1
-133.5	1
-132.5	1
-131.5	0
-130.5	0
-129.5	0
-128.5	0
-127.5	1
-126.5	0
-125.5	1
-124.5	0
-123.5	0.333333
-122.5	2
-121.5	1
-120.5	0
-119.5	2.33333
-118.5	1
-117.5	0
-116.5	0
-115.5	1.33333
-114.5	0
-113.5	0
-112.5	1
-111.5	0
-110.5	0
-109.5	0
-108.5	0
-107.5	1
-106.5	0
-105.5	0
-104.5	0
-103.5	0
-102.5	1
-101.5	1
-100.5	1
 -99.5	0
 -98.5	0
 -97.5	0
 -96.5	1
 -95.5	1
 -94.5	0
 -93.5	0
 -92.5	0
 -91.5	1
 -90.5	0
 -89.5	0
 -88.5	1
 -87.5	4
 -86.5	0
 -85.5	2
 -84.5	2
 -83.5	0
 -82.5	0
 -81.5	0
 -80.5	2
 -79.5	0
 -78.5	0
 -77.5	0
 -76.5	0
 -75.5	1
 -74.5	0
 -73.5	1
 -72.5	0
 -71.5	0
 -70.5	0
 -69.5	0
 -68.5	2
 -67.5	2
 -66.5	1
 -65.5	1
 -64.5	0
 -63.5	1
 -62.5	0
 -61.5	2
 -60.5	0
 -59.5	0
 -58.5	1
 -57.5	1
 -56.5	0
 -55.5	0
 -54.5	2
 -53.5	0
 -52.5	0
 -51.5	0
 -50.5	2
 -49.5	3
 -48.5	1
 -47.5	0
 -46.5	0
 -45.5	0
 -44.5	0
 -43.5	1
 -42.5	3
 -41.5	0
 -40.5	3
 -39.5	0
 -38.5	2
 -37.5	0
 -36.5	3
 -35.5	2
 -34.5	4
 -33.5	1
 -32.5	0
 -31.5	2
 -30.5	0
 -29.5	0
 -28.5	1
 -27.5	1
 -26.5	0
 -25.5	1
 -24.5	0
 -23.5	1
 -22.5	2
 -21.5	1
 -20.5	1.5
 -19.5	1
 -18.5	1
 -17.5	2
 -16.5	1
 -15.5	5
 -14.5	0
 -13.5	1
 -12.5	0
 -11.5	0
 -10.5	0
  -9.5	1
  -8.5	4
  -7.5	1
  -6.5	0
  -5.5	1
  -4.5	1
  -3.5	3
  -2.5	0
  -1.5	0
  -0.5	0
   0.5	0
   1.5	1
   2.5	0
   3.5	1
   4.5	1
   5.5	0
   6.5	1
   7.5	3
   8.5	1
   9.5	0
  10.5	0
  11.5	0
  12.5	0
  13.5	0
  14.5	2
  15.5	1
  16.5	1
  17.5	0
  18.5	3
  19.5	1
  20.5	1
  21.5	0
  22.5	0
  23.5	0
  24.5	1
  25.5	4
  26.5	2
  27.5	1
  28.5	0
  29.5	1
  30.5	0
  31.5	2
  32.5	1
  33.5	2
  34.5	1
  35.5	0
  36.5	2
  37.5	0
  38.5	2
  39.5	2
  40.5	0
  41.5	0
  42.5	1
  43.5	1
  44.5	1
  45.5	0
  46.5	1
  47.5	1
  48.5	4
  49.5	0
  50.5	0
  51.5	0
  52.5	0
  53.5	2
  54.5	0
  55.5	0
  56.5	0
  57.5	1
  58.5	1
  59.5	2
  60.5	1
  61.5	2
  62.5	0
  63.5	1
  64.5	2
  65.5	0
  66.5	0
  67.5	0
  68.5	0
  69.5	0
  70.5	0
  71.5	1
  72.5	1
  73.5	0
  74.5	0.5
  75.5	0
  76.5	0
  77.5	2
  78.5	0
  79.5	0
  80.5	0
  81.5	0
  82.5	0
  83.5	0
  84.5	0
  85.5	2
  86.5	1
  87.5	0
  88.5	2
  89.5	1
  90.5	0
  91.5	0
  92.5	0
  93.5	1
  94.5	1
  95.5	1
  96.5	0
  97.5	2
  98.5	1
  99.5	0
 100.5	0
 101.5	2
 102.5	1
 103.5	1
 104.5	0
 105.5	0
 106.5	1
 107.5	0
 108.5	1
 109.5	0
 110.5	0
 111.5	1
 112.5	2
 113.5	2
 114.5	0
 115.5	0
 116.5	1
 117.5	0
 118.5	1
 119.5	0
 120.5	2
 121.5	0
 122.5	0
 123.5	0
 124.5	0
 125.5	2
 126.5	1
 127.5	0
 128.5	0
 129.5	0
 130.5	1
 131.5	1
 132.5	0
 133.5	0
 134.5	0
 135.5	1
 136.5	0
 137.5	5
 138.5	0
 139.5	0
 140.5	2
 141.5	0
 142.5	2
 143.5	0
 144.5	0
 145.5	0
 146.5	0
 147.5	0
 148.5	0
 149.5	0
 150.5	0
 151.5	2
 152.5	0
 153.5	1
 154.5	4
DB 2 MOTIF	PBX3_HUMAN.H11MO.1.A
-157.5	2
-156.5	0
-155.5	0
-154.5	0
-153.5	0
-152.5	1
-151.5	0
-150.5	2
-149.5	0
-148.5	1
-147.5	1
-146.5	0
-145.5	0
-144.5	1
-143.5	0
-142.5	0
-141.5	0
-140.5	0
-139.5	0
-138.5	0
-137.5	2.25
-136.5	0
-135.5	1
-134.5	0
-133.5	1
-132.5	1
-131.5	1
-130.5	0
-129.5	1
-128.5	1
-127.5	0
-126.5	0
-125.5	1
-124.5	0
-123.5	1
-122.5	1
-121.5	0
-120.5	1
-119.5	2
-118.5	0
-117.5	0
-116.5	1
-115.5	2
-114.5	3
-113.5	1
-112.5	0
-111.5	0
-110.5	0
-109.5	0
-108.5	0.5
-107.5	0
-106.5	1
-105.5	1
-104.5	0
-103.5	1
-102.5	0
-101.5	0
-100.5	2
 -99.5	0
 -98.5	0
 -97.5	1
 -96.5	0
 -95.5	2
 -94.5	0
 -93.5	0
 -92.5	1
 -91.5	1
 -90.5	0
 -89.5	1
 -88.5	1
 -87.5	1
 -86.5	0
 -85.5	2
 -84.5	0
 -83.5	1
 -82.5	0.25
 -81.5	0
 -80.5	0
 -79.5	1
 -78.5	2
 -77.5	0
 -76.5	1
 -75.5	0
 -74.5	0
 -73.5	0
 -72.5	0
 -71.5	0
 -70.5	1
 -69.5	2
 -68.5	2
 -67.5	0
 -66.5	1
 -65.5	1
 -64.5	1
 -63.5	1
 -62.5	1
 -61.5	0
 -60.5	0
 -59.5	1
 -58.5	2
 -57.5	0
 -56.5	2
 -55.5	0
 -54.5	0
 -53.5	1
 -52.5	1.5
 -51.5	1
 -50.5	1
 -49.5	1
 -48.5	3.5
 -47.5	0
 -46.5	3.5
 -45.5	0
 -44.5	0
 -43.5	0
 -42.5	1
 -41.5	0
 -40.5	2
 -39.5	3
 -38.5	3
 -37.5	0
 -36.5	2
 -35.5	0
 -34.5	1
 -33.5	1
 -32.5	4
 -31.5	0
 -30.5	0
 -29.5	0
 -28.5	2
 -27.5	0
 -26.5	0.5
 -25.5	3
 -24.5	1
 -23.5	2.25
 -22.5	1.5
 -21.5	0
 -20.5	1
 -19.5	3
 -18.5	0
 -17.5	4
 -16.5	0
 -15.5	0
 -14.5	3
 -13.5	3
 -12.5	2
 -11.5	0
 -10.5	0
  -9.5	0
  -8.5	0
  -7.5	0
  -6.5	0.5
  -5.5	3
  -4.5	1
  -3.5	0
  -2.5	4
  -1.5	2
  -0.5	1
   0.5	0
   1.5	3
   2.5	0
   3.5	1
   4.5	1
   5.5	0.5
   6.5	2
   7.5	1
   8.5	1
   9.5	0
  10.5	1
  11.5	2
  12.5	0
  13.5	0
  14.5	2
  15.5	0.5
  16.5	1
  17.5	1
  18.5	0.5
  19.5	0
  20.5	2
  21.5	0
  22.5	1
  23.5	3
  24.5	0
  25.5	1
  26.5	1
  27.5	0
  28.5	0
  29.5	0
  30.5	0
  31.5	1.25
  32.5	0.5
  33.5	1
  34.5	2
  35.5	0
  36.5	1
  37.5	0
  38.5	1
  39.5	1.5
  40.5	0
  41.5	2
  42.5	0
  43.5	0
  44.5	1
  45.5	1.5
  46.5	3
  47.5	0
  48.5	0.5
  49.5	0
  50.5	3
  51.5	1
  52.5	1
  53.5	1
  54.5	1
  55.5	0
  56.5	1
  57.5	1
  58.5	0
  59.5	1
  60.5	1
  61.5	1
  62.5	2
  63.5	1
  64.5	0
  65.5	0
  66.5	0
  67.5	1
  68.5	2
  69.5	1
  70.5	1
  71.5	0
  72.5	1.5
  73.5	0
  74.5	0
  75.5	2
  76.5	0
  77.5	0
  78.5	1
  79.5	2
  80.5	2
  81.5	0
  82.5	0
  83.5	1
  84.5	1
  85.5	3
  86.5	0
  87.5	0.5
  88.5	0
  89.5	0
  90.5	0
  91.5	0.5
  92.5	0
  93.5	2
  94.5	0
  95.5	1
  96.5	0
  97.5	0
  98.5	0
  99.5	1
 100.5	2
 101.5	0
 102.5	1
 103.5	1
 104.5	1
 105.5	1
 106.5	0
 107.5	0
 108.5	2
 109.5	0
 110.5	4
 111.5	1
 112.5	0
 113.5	0
 114.5	0
 115.5	1
 116.5	0
 117.5	0
 118.5	0
 119.5	1
 120.5	0
 121.5	1
 122.5	0
 123.5	0
 124.5	1
 125.5	0
 126.5	0
 127.5	0
 128.5	0
 129.5	1
 130.5	1
 131.5	0
 132.5	0
 133.5	0
 134.5	0
 135.5	0
 136.5	0
 137.5	0
 138.5	0
 139.5	2
 140.5	0
 141.5	0
 142.5	0
 143.5	1
 144.5	0
 145.5	0
 146.5	0
 147.5	0
 148.5	0
 149.5	0
 150.5	0
 151.5	0
 152.5	2
 153.5	1
 154.5	0
 155.5	0
 156.5	0.5
 157.5	1
DB 2 MOTIF	RAX2_HUMAN.H11MO.0.D
-156.0	1
-155.0	0
-154.0	1
-153.0	2
-152.0	0
-151.0	1
-150.0	0
-149.0	0
-148.0	1
-147.0	1
-146.0	0
-145.0	0
-144.0	0
-143.0	0
-142.0	0
-141.0	1
-140.0	0
-139.0	0
-138.0	0
-137.0	0
-136.0	1
-135.0	2
-134.0	0
-133.0	0
-132.0	2
-131.0	1
-130.0	0
-129.0	1
-128.0	1
-127.0	0
-126.0	0
-125.0	1
-124.0	1
-123.0	0
-122.0	0
-121.0	0
-120.0	0
-119.0	0
-118.0	0
-117.0	0
-116.0	0
-115.0	0
-114.0	0
-113.0	1
-112.0	0
-111.0	1
-110.0	0
-109.0	0
-108.0	3
-107.0	2
-106.0	0
-105.0	0
-104.0	0
-103.0	1
-102.0	0
-101.0	0
-100.0	1
 -99.0	0
 -98.0	0
 -97.0	0
 -96.0	0
 -95.0	0
 -94.0	2
 -93.0	1
 -92.0	2
 -91.0	0
 -90.0	0
 -89.0	0
 -88.0	0
 -87.0	0
 -86.0	0
 -85.0	0
 -84.0	1
 -83.0	1
 -82.0	0.333333
 -81.0	1
 -80.0	0
 -79.0	1
 -78.0	2
 -77.0	1
 -76.0	0
 -75.0	0
 -74.0	1
 -73.0	0
 -72.0	0
 -71.0	0
 -70.0	2
 -69.0	2
 -68.0	0
 -67.0	0
 -66.0	0
 -65.0	0
 -64.0	1
 -63.0	1
 -62.0	1
 -61.0	0
 -60.0	2
 -59.0	0
 -58.0	2
 -57.0	0
 -56.0	1
 -55.0	1
 -54.0	1
 -53.0	0
 -52.0	2
 -51.0	0
 -50.0	1
 -49.0	1
 -48.0	0
 -47.0	2
 -46.0	0
 -45.0	0
 -44.0	1
 -43.0	1
 -42.0	0
 -41.0	0
 -40.0	0
 -39.0	0
 -38.0	0
 -37.0	1
 -36.0	0
 -35.0	3
 -34.0	2
 -33.0	1
 -32.0	0
 -31.0	1
 -30.0	3
 -29.0	0
 -28.0	0
 -27.0	0
 -26.0	1
 -25.0	2
 -24.0	1
 -23.0	0.333333
 -22.0	2
 -21.0	0
 -20.0	0
 -19.0	1
 -18.0	0
 -17.0	1
 -16.0	0
 -15.0	0
 -14.0	1
 -13.0	0
 -12.0	2
 -11.0	1
 -10.0	1
  -9.0	2
  -8.0	0
  -7.0	0
  -6.0	0
  -5.0	3
  -4.0	0
  -3.0	2
  -2.0	1
  -1.0	2
   0.0	2
   1.0	0
   2.0	0
   3.0	0
   4.0	2
   5.0	1
   6.0	0
   7.0	2
   8.0	1
   9.0	2
  10.0	2
  11.0	1
  12.0	0
  13.0	2
  14.0	1
  15.0	2
  16.0	0
  17.0	0
  18.0	0
  19.0	0
  20.0	0
  21.0	1
  22.0	1
  23.0	0
  24.0	0
  25.0	0
  26.0	0
  27.0	1
  28.0	2
  29.0	1
  30.0	0
  31.0	2
  32.0	1.33333
  33.0	2
  34.0	1
  35.0	0
  36.0	1
  37.0	0
  38.0	3
  39.0	0
  40.0	1
  41.0	2
  42.0	0
  43.0	0
  44.0	2
  45.0	1
  46.0	3
  47.0	0
  48.0	0
  49.0	0
  50.0	0
  51.0	1
  52.0	2
  53.0	1
  54.0	1
  55.0	0
  56.0	2
  57.0	2
  58.0	0
  59.0	0
  60.0	1
  61.0	0
  62.0	0
  63.0	0
  64.0	0
  65.0	1
  66.0	0
  67.0	1
  68.0	1
  69.0	0
  70.0	0
  71.0	2
  72.0	1
  73.0	2
  74.0	0
  75.0	1
  76.0	2
  77.0	0
  78.0	0
  79.0	3
  80.0	1
  81.0	0
  82.0	2
  83.0	2
  84.0	0
  85.0	0
  86.0	0
  87.0	0
  88.0	0
  89.0	0
  90.0	0
  91.0	3
  92.0	0
  93.0	1
  94.0	0
  95.0	0
  96.0	1
  97.0	2
  98.0	1
  99.0	0
 100.0	1
 101.0	1
 102.0	0
 103.0	0
 104.0	1
 105.0	1
 106.0	0
 107.0	0
 108.0	0
 109.0	0
 110.0	0
 111.0	2
 112.0	1
 113.0	0
 114.0	0
 115.0	0
 116.0	0
 117.0	0
 118.0	0
 119.0	1
 120.0	0
 121.0	1
 122.0	1
 123.0	0
 124.0	0
 125.0	1
 126.0	1
 127.0	0
 128.0	1
 129.0	0
 130.0	1
 131.0	1
 132.0	1
 133.0	1
 134.0	0
 135.0	1
 136.0	0
 137.0	0
 138.0	0
 139.0	0
 140.0	1
 141.0	0
 142.0	0
 143.0	0
 144.0	0
 145.0	0
 146.0	1
 147.0	0
 148.0	1
 149.0	0
 150.0	1
 151.0	0
 152.0	2
 153.0	0
 154.0	1
 155.0	0
 156.0	0
DB 2 MOTIF	SOX9_HUMAN.H11MO.1.B
-157.5	2
-156.5	1
-155.5	2
-154.5	0
-153.5	1
-152.5	0
-151.5	0
-150.5	2
-149.5	0
-148.5	1
-147.5	1
-146.5	0
-145.5	2
-144.5	0
-143.5	0
-142.5	1
-141.5	1
-140.5	0
-139.5	2
-138.5	1
-137.5	0.25
-136.5	1
-135.5	2
-134.5	0
-133.5	0
-132.5	1
-131.5	0
-130.5	1
-129.5	0.2
-128.5	2
-127.5	1
-126.5	0
-125.5	0.2
-124.5	1
-123.5	0
-122.5	0.5
-121.5	1.2
-120.5	1
-119.5	1
-118.5	0.5
-117.5	0.2
-116.5	1.5
-115.5	0
-114.5	0
-113.5	0.2
-112.5	0
-111.5	2
-110.5	1
-109.5	0
-108.5	2
-107.5	2
-106.5	0.5
-105.5	0
-104.5	1
-103.5	0
-102.5	0
-101.5	0
-100.5	0
 -99.5	5
 -98.5	2
 -97.5	1
 -96.5	0
 -95.5	0
 -94.5	0
 -93.5	0
 -92.5	0
 -91.5	2
 -90.5	0
 -89.5	4
 -88.5	1
 -87.5	2
 -86.5	0
 -85.5	1
 -84.5	1
 -83.5	1
 -82.5	1.25
 -81.5	1
 -80.5	1
 -79.5	0
 -78.5	2
 -77.5	1
 -76.5	1
 -75.5	2
 -74.5	0
 -73.5	0
 -72.5	0
 -71.5	2
 -70.5	1
 -69.5	4
 -68.5	2
 -67.5	0
 -66.5	1
 -65.5	1
 -64.5	1
 -63.5	2
 -62.5	0
 -61.5	1
 -60.5	1
 -59.5	0
 -58.5	2
 -57.5	1
 -56.5	2
 -55.5	0
 -54.5	0
 -53.5	0
 -52.5	1.5
 -51.5	1
 -50.5	0
 -49.5	0
 -48.5	0
 -47.5	0
 -46.5	2.5
 -45.5	0
 -44.5	0
 -43.5	0.333333
 -42.5	1
 -41.5	0
 -40.5	2
 -39.5	1.33333
 -38.5	3
 -37.5	1
 -36.5	3
 -35.5	2.33333
 -34.5	1
 -33.5	2
 -32.5	4
 -31.5	0
 -30.5	3
 -29.5	1
 -28.5	1
 -27.5	0
 -26.5	1.5
 -25.5	3
 -24.5	1
 -23.5	2.25
 -22.5	0.5
 -21.5	0
 -20.5	0
 -19.5	0
 -18.5	0
 -17.5	5
 -16.5	0
 -15.5	1
 -14.5	0
 -13.5	0
 -12.5	0
 -11.5	3
 -10.5	2
  -9.5	1
  -8.5	0
  -7.5	0
  -6.5	0
  -5.5	1
  -4.5	4
  -3.5	0
  -2.5	3
  -1.5	1
  -0.5	0
   0.5	1
   1.5	0
   2.5	1.5
   3.5	0
   4.5	0
   5.5	1
   6.5	2
   7.5	1
   8.5	2
   9.5	2
  10.5	1
  11.5	3
  12.5	2
  13.5	0
  14.5	1.5
  15.5	0
  16.5	3
  17.5	0
  18.5	3.5
  19.5	0
  20.5	1.5
  21.5	2
  22.5	0
  23.5	0
  24.5	1
  25.5	1
  26.5	1
  27.5	0
  28.5	1
  29.5	0
  30.5	0
  31.5	0.25
  32.5	2
  33.5	2
  34.5	1
  35.5	0
  36.5	0
  37.5	1
  38.5	2
  39.5	2
  40.5	0
  41.5	2
  42.5	0
  43.5	0
  44.5	1
  45.5	2.5
  46.5	1
  47.5	0
  48.5	0.5
  49.5	1
  50.5	2
  51.5	0
  52.5	4
  53.5	0
  54.5	2
  55.5	1
  56.5	1
  57.5	1
  58.5	0
  59.5	1
  60.5	1
  61.5	0
  62.5	0
  63.5	1
  64.5	0
  65.5	2
  66.5	0
  67.5	1
  68.5	1
  69.5	1
  70.5	1
  71.5	0
  72.5	1.5
  73.5	0
  74.5	0
  75.5	1
  76.5	2
  77.5	1
  78.5	2
  79.5	2
  80.5	3
  81.5	1
  82.5	1
  83.5	0
  84.5	1
  85.5	2
  86.5	1
  87.5	0.5
  88.5	0
  89.5	0
  90.5	1
  91.5	0
  92.5	0
  93.5	0
  94.5	0.5
  95.5	4
  96.5	0
  97.5	0
  98.5	0
  99.5	1
 100.5	0
 101.5	0.5
 102.5	0
 103.5	0
 104.5	1.5
 105.5	0
 106.5	0
 107.5	0
 108.5	0
 109.5	1
 110.5	2
 111.5	0
 112.5	1
 113.5	0
 114.5	1
 115.5	0
 116.5	0
 117.5	0
 118.5	0
 119.5	1
 120.5	0
 121.5	0
 122.5	0
 123.5	0
 124.5	1
 125.5	1
 126.5	0
 127.5	0
 128.5	0
 129.5	1
 130.5	0
 131.5	0
 132.5	2.5
 133.5	1
 134.5	0
 135.5	0
 136.5	0
 137.5	0
 138.5	1
 139.5	0
 140.5	0
 141.5	1
 142.5	1
 143.5	1
 144.5	1
 145.5	1
 146.5	1
 147.5	0
 148.5	1
 149.5	0
 150.5	2
 151.5	0
 152.5	1
 153.5	1
 154.5	0
 155.5	1
 156.5	0
 157.5	1
