********************************************************************************
STREME - Sensitive, Thorough, Rapid, Enriched Motif Elicitation
********************************************************************************
MEME version 5.5.3 (Release date: Sat Jun 10 16:19:38 2023 -0700)

For further information on how to interpret these results please access http://localhost:8080/meme_5.5.3.
To get a copy of the MEME Suite software please access https://meme-suite.org.

********************************************************************************


********************************************************************************
REFERENCE
********************************************************************************
If you use this program in your research, please cite:

Timothy L. Bailey,
"STREME: accurate and versatile sequence motif discovery",
Bioinformatics, Mar. 24, 2021.
********************************************************************************


ALPHABET= ACGT

strands: + -

Background letter frequencies
A 0.24 C 0.26 G 0.26 T 0.24 

MOTIF 1-CCASYAGRKGGCRSY STREME-1
letter-probability matrix: alength= 4 w= 15 nsites= 19941 E= 1.7e-695
 0.085286 0.815786 0.038400 0.060528
 0.001327 0.998172 0.000278 0.000223
 0.778270 0.022880 0.085582 0.113268
 0.041986 0.589688 0.347898 0.020429
 0.134738 0.416037 0.048385 0.400840
 0.927164 0.000002 0.041533 0.031300
 0.001769 0.000168 0.997620 0.000444
 0.440104 0.001318 0.555595 0.002983
 0.034169 0.011067 0.550186 0.404579
 0.006137 0.000389 0.991761 0.001713
 0.020466 0.019605 0.871980 0.087949
 0.124501 0.772158 0.017230 0.086112
 0.465630 0.036114 0.442360 0.055896
 0.097834 0.500484 0.319221 0.082461
 0.135737 0.349966 0.082544 0.431753

MOTIF 2-AGCGCCCYCT STREME-2
letter-probability matrix: alength= 4 w= 10 nsites= 1185 E= 1.6e-014
 0.739152 0.000067 0.197528 0.063253
 0.000062 0.011201 0.982464 0.006273
 0.000062 0.999809 0.000067 0.000062
 0.000062 0.000067 0.847408 0.152463
 0.020861 0.979010 0.000067 0.000062
 0.000062 0.999809 0.000067 0.000062
 0.252861 0.696676 0.013564 0.036899
 0.000062 0.623398 0.000067 0.376473
 0.000062 0.999809 0.000067 0.000062
 0.042077 0.000067 0.146798 0.811058

MOTIF 3-AGGKGGCAGCAKWGV STREME-3
letter-probability matrix: alength= 4 w= 15 nsites= 1108 E= 2.8e-011
 0.691878 0.053601 0.092802 0.161718
 0.024535 0.000039 0.967019 0.008407
 0.193064 0.013641 0.786981 0.006314
 0.163334 0.033520 0.527841 0.275305
 0.031859 0.002132 0.951325 0.014684
 0.017823 0.004224 0.950279 0.027674
 0.005702 0.993176 0.001085 0.000036
 0.944433 0.007363 0.047122 0.001083
 0.013638 0.015990 0.957781 0.012592
 0.040229 0.738577 0.014943 0.206250
 0.887421 0.063072 0.048424 0.001083
 0.143199 0.166751 0.447555 0.242496
 0.456406 0.129422 0.079402 0.334770
 0.086265 0.075016 0.760568 0.078151
 0.344516 0.230989 0.271445 0.153049

MOTIF 4-CCACTAGGGGCRS STREME-4
letter-probability matrix: alength= 4 w= 13 nsites= 868 E= 2.9e-009
 0.000049 0.998438 0.001464 0.000049
 0.005693 0.991383 0.002875 0.000049
 0.680723 0.011927 0.118322 0.189028
 0.000049 0.847803 0.152099 0.000049
 0.105996 0.243938 0.008519 0.641546
 0.776734 0.000053 0.177187 0.046026
 0.000049 0.000053 0.998438 0.001460
 0.213371 0.000053 0.778886 0.007690
 0.052877 0.000053 0.937143 0.009927
 0.063655 0.000053 0.902831 0.033461
 0.116812 0.643619 0.213534 0.026035
 0.530246 0.000053 0.277892 0.191810
 0.020839 0.387166 0.522696 0.069299

MOTIF 5-AAAANAAAAAAAAAA STREME-5
letter-probability matrix: alength= 4 w= 15 nsites= 738 E= 4.0e-008
 0.886869 0.053859 0.020024 0.039248
 0.983695 0.001799 0.007503 0.007003
 0.989062 0.000065 0.009077 0.001796
 0.957970 0.006140 0.011679 0.024211
 0.273357 0.298728 0.237638 0.190277
 0.953693 0.017421 0.023619 0.005267
 0.971079 0.024363 0.004498 0.000060
 0.963975 0.012935 0.011088 0.012002
 0.766038 0.128653 0.028309 0.076999
 0.699779 0.177863 0.049456 0.072902
 0.883832 0.071353 0.022988 0.021827
 0.834348 0.049370 0.078803 0.037479
 0.770368 0.103647 0.028363 0.097621
 0.955531 0.003536 0.025998 0.014935
 0.867384 0.057760 0.025117 0.049738

MOTIF 6-AAATAMAA STREME-6
letter-probability matrix: alength= 4 w= 8 nsites= 3485 E= 8.7e-006
 0.978652 0.000153 0.000153 0.021042
 0.961326 0.000153 0.011292 0.027228
 0.999551 0.000153 0.000153 0.000142
 0.000142 0.098333 0.138359 0.763166
 0.895407 0.000153 0.092392 0.012048
 0.574314 0.367006 0.000153 0.058526
 0.836490 0.102381 0.054812 0.006316
 0.701067 0.038191 0.028902 0.231841

MOTIF 7-CACACGGKGGC STREME-7
letter-probability matrix: alength= 4 w= 11 nsites= 271 E= 8.3e-004
 0.000164 0.981693 0.017979 0.000164
 0.906600 0.000177 0.057386 0.035836
 0.019087 0.956918 0.000177 0.023818
 0.940309 0.014369 0.045157 0.000164
 0.078650 0.777671 0.000177 0.143502
 0.000164 0.023831 0.975841 0.000164
 0.198932 0.000177 0.786534 0.014356
 0.023818 0.078187 0.414427 0.483568
 0.008103 0.000177 0.991556 0.000164
 0.036487 0.009639 0.696010 0.257864
 0.089461 0.839092 0.023621 0.047827

MOTIF 8-RAAGGAAA STREME-8
letter-probability matrix: alength= 4 w= 8 nsites= 3702 E= 1.8e-003
 0.424577 0.077082 0.455568 0.042772
 0.999276 0.000248 0.000248 0.000229
 0.999276 0.000248 0.000248 0.000229
 0.000229 0.000248 0.999294 0.000229
 0.000229 0.183960 0.815581 0.000229
 0.848285 0.000248 0.151238 0.000229
 0.999276 0.000248 0.000248 0.000229
 0.778294 0.000248 0.221230 0.000229

MOTIF 9-CCCCACCCCCR STREME-9
letter-probability matrix: alength= 4 w= 11 nsites= 303 E= 2.7e-003
 0.000182 0.918421 0.000197 0.081200
 0.000182 0.971994 0.027641 0.000182
 0.000182 0.921509 0.078126 0.000182
 0.049069 0.670814 0.243555 0.036562
 0.788304 0.000197 0.211317 0.000182
 0.086718 0.831399 0.000197 0.081687
 0.000182 0.936261 0.037100 0.026456
 0.000182 0.971217 0.028418 0.000182
 0.033463 0.942256 0.023087 0.001195
 0.000182 0.868681 0.130954 0.000182
 0.656887 0.000197 0.342734 0.000182

MOTIF 10-CATTTTAAA STREME-10
letter-probability matrix: alength= 4 w= 9 nsites= 1059 E= 7.2e-003
 0.000197 0.890583 0.012937 0.096283
 0.724841 0.000213 0.213548 0.061399
 0.000197 0.000213 0.000213 0.999378
 0.032218 0.004278 0.006375 0.957128
 0.120340 0.000213 0.005321 0.874127
 0.032674 0.055533 0.057350 0.854442
 0.916733 0.030012 0.021988 0.031267
 0.735013 0.193583 0.023900 0.047504
 0.729797 0.158854 0.055411 0.055937

MOTIF 11-GCTGGGATTACAGGC STREME-11
letter-probability matrix: alength= 4 w= 15 nsites= 111 E= 2.4e-002
 0.059664 0.020144 0.900075 0.020117
 0.000343 0.890188 0.000370 0.109099
 0.020117 0.010257 0.010257 0.959369
 0.069551 0.000370 0.919849 0.010230
 0.059664 0.000370 0.919849 0.020117
 0.049777 0.020144 0.929736 0.000343
 0.979143 0.010257 0.010257 0.000343
 0.010230 0.069578 0.000370 0.919822
 0.010230 0.010257 0.020144 0.959369
 0.979143 0.000370 0.010257 0.010230
 0.020117 0.909962 0.010257 0.059664
 0.969256 0.010257 0.010257 0.010230
 0.020117 0.010257 0.949509 0.020117
 0.079438 0.010257 0.880301 0.030004
 0.030004 0.781433 0.020144 0.168420

MOTIF 12-CCCTAGWGGCCA STREME-12
letter-probability matrix: alength= 4 w= 12 nsites= 120 E= 5.8e-002
 0.077212 0.851133 0.000414 0.071241
 0.000383 0.883780 0.000414 0.115423
 0.000383 0.877318 0.000414 0.121885
 0.061582 0.000414 0.000414 0.937591
 0.906171 0.011459 0.081987 0.000383
 0.000383 0.145643 0.853590 0.000383
 0.429983 0.000414 0.022505 0.547099
 0.000383 0.000414 0.998820 0.000383
 0.000383 0.011459 0.987775 0.000383
 0.153144 0.653699 0.033550 0.159606
 0.000383 0.998820 0.000414 0.000383
 0.958163 0.000414 0.000414 0.041009

MOTIF 13-AATATTAAC STREME-13
letter-probability matrix: alength= 4 w= 9 nsites= 380 E= 6.5e-002
 0.925048 0.013346 0.021098 0.040509
 0.972436 0.000415 0.013090 0.014059
 0.000385 0.105423 0.000415 0.893777
 0.814580 0.084704 0.100331 0.000385
 0.014752 0.000415 0.019048 0.965785
 0.023018 0.082549 0.014194 0.880239
 0.797897 0.000415 0.019720 0.181968
 0.910806 0.011501 0.000415 0.077278
 0.222635 0.723408 0.014887 0.039070

MOTIF 14-GAGACRGAGTCTC STREME-14
letter-probability matrix: alength= 4 w= 13 nsites= 93 E= 9.7e-002
 0.000512 0.000552 0.983680 0.015256
 0.998384 0.000552 0.000552 0.000512
 0.000512 0.000552 0.983680 0.015256
 0.954151 0.000552 0.044785 0.000512
 0.000512 0.865725 0.000552 0.133211
 0.600285 0.015296 0.383907 0.000512
 0.000512 0.030041 0.954192 0.015256
 0.777218 0.000552 0.206974 0.015256
 0.000512 0.000552 0.998425 0.000512
 0.000512 0.030041 0.015296 0.954151
 0.000512 0.909958 0.000552 0.088978
 0.000512 0.000552 0.000552 0.998384
 0.015256 0.811495 0.030041 0.143209

MOTIF 15-AGCAGCATCCCTGGC STREME-15
letter-probability matrix: alength= 4 w= 15 nsites= 153 E= 1.8e-001
 0.939731 0.000272 0.051088 0.008910
 0.087365 0.043828 0.861295 0.007511
 0.043808 0.897592 0.014791 0.043808
 0.890313 0.022050 0.022050 0.065587
 0.043808 0.029309 0.926630 0.000252
 0.000252 0.912111 0.007531 0.080106
 0.948389 0.000272 0.036569 0.014771
 0.066985 0.025063 0.036569 0.871383
 0.014771 0.904852 0.007531 0.072846
 0.014771 0.737885 0.029309 0.218035
 0.043808 0.817739 0.022050 0.116403
 0.007511 0.000272 0.000272 0.991945
 0.065587 0.000272 0.933890 0.000252
 0.036549 0.065607 0.832258 0.065587
 0.022030 0.832258 0.000272 0.145440

MOTIF 16-TACCGCTAGACCAA STREME-16
letter-probability matrix: alength= 4 w= 14 nsites= 104 E= 1.9e-001
 0.010762 0.135603 0.010790 0.842845
 0.988459 0.000389 0.000389 0.010762
 0.000361 0.988488 0.000389 0.010762
 0.010762 0.905279 0.010790 0.073168
 0.093970 0.031593 0.863675 0.010762
 0.000361 0.978087 0.021191 0.000361
 0.000361 0.021191 0.010790 0.967657
 0.967657 0.000389 0.021191 0.010762
 0.000361 0.031593 0.957285 0.010762
 0.957256 0.010790 0.031593 0.000361
 0.021163 0.957285 0.010790 0.010762
 0.000361 0.957285 0.041994 0.000361
 0.957256 0.010790 0.021191 0.010762
 0.811642 0.010790 0.135603 0.041965

MOTIF 17-GTGAGCCACYGCRCC STREME-17
letter-probability matrix: alength= 4 w= 15 nsites= 113 E= 1.9e-001
 0.212162 0.010464 0.696333 0.081040
 0.000350 0.030637 0.020550 0.948463
 0.000350 0.010464 0.968663 0.020523
 0.988808 0.010464 0.000378 0.000350
 0.040695 0.000378 0.958577 0.000350
 0.000350 0.978750 0.000378 0.020523
 0.000350 0.998922 0.000378 0.000350
 0.978722 0.000378 0.020550 0.000350
 0.020523 0.898059 0.010464 0.070954
 0.030609 0.555125 0.010464 0.403802
 0.181904 0.010464 0.807282 0.000350
 0.020523 0.736679 0.000378 0.242421
 0.333198 0.000378 0.615642 0.050782
 0.000350 0.938405 0.030637 0.030609
 0.000350 0.948491 0.010464 0.040695

MOTIF 18-GAACTGCA STREME-18
letter-probability matrix: alength= 4 w= 8 nsites= 1324 E= 2.7e-001
 0.000220 0.000238 0.933843 0.065699
 0.837119 0.000238 0.000238 0.162406
 0.999305 0.000238 0.000238 0.000220
 0.000220 0.955573 0.000238 0.043969
 0.000220 0.019746 0.010879 0.969155
 0.069891 0.000238 0.839883 0.089988
 0.059672 0.937781 0.000238 0.002310
 0.940476 0.000238 0.059066 0.000220

MOTIF 19-GTTGTGACAACCAAA STREME-19
letter-probability matrix: alength= 4 w= 15 nsites= 133 E= 2.9e-001
 0.106716 0.024868 0.843572 0.024845
 0.000284 0.139486 0.000307 0.859923
 0.016658 0.024868 0.057616 0.900858
 0.090342 0.000307 0.810823 0.098529
 0.000284 0.024868 0.000307 0.974542
 0.090342 0.008494 0.900881 0.000284
 0.941794 0.000307 0.057616 0.000284
 0.024845 0.843572 0.008494 0.123090
 0.827175 0.073990 0.090364 0.008471
 0.982729 0.008494 0.000307 0.008471
 0.000284 0.802636 0.016681 0.180399
 0.082154 0.802636 0.000307 0.114903
 0.925420 0.033055 0.033055 0.008471
 0.859923 0.057616 0.073990 0.008471
 0.917232 0.049429 0.024868 0.008471

MOTIF 20-GGCTGCAGTGAS STREME-20
letter-probability matrix: alength= 4 w= 12 nsites= 202 E= 3.2e-001
 0.169953 0.012244 0.696840 0.120962
 0.000209 0.010310 0.989273 0.000209
 0.132423 0.616643 0.000225 0.250710
 0.000209 0.000225 0.006235 0.993332
 0.122897 0.000225 0.876669 0.000209
 0.002703 0.988360 0.000225 0.008712
 0.977237 0.000225 0.022329 0.000209
 0.000209 0.000225 0.975319 0.024247
 0.050781 0.030274 0.000225 0.918721
 0.036267 0.119398 0.844126 0.000209
 0.981312 0.018254 0.000225 0.000209
 0.023501 0.427013 0.454144 0.095342

MOTIF 21-AATGTCTSSAGACATT STREME-21
letter-probability matrix: alength= 4 w= 16 nsites= 114 E= 3.2e-001
 0.918769 0.044919 0.036002 0.000309
 0.856350 0.013709 0.071671 0.058270
 0.018144 0.062753 0.004792 0.914311
 0.102856 0.009251 0.874208 0.013685
 0.009226 0.036002 0.009251 0.945520
 0.018144 0.887584 0.013709 0.080563
 0.004768 0.009251 0.009251 0.976730
 0.080563 0.450647 0.432812 0.035978
 0.035978 0.432812 0.450647 0.080563
 0.976730 0.009251 0.009251 0.004768
 0.080563 0.013709 0.887584 0.018144
 0.945520 0.009251 0.036002 0.009226
 0.013685 0.874208 0.009251 0.102856
 0.914311 0.004792 0.062753 0.018144
 0.058270 0.071671 0.013709 0.856350
 0.000309 0.036002 0.044919 0.918769

MOTIF 22-AACAGCGCCRCC STREME-22
letter-probability matrix: alength= 4 w= 12 nsites= 796 E= 3.7e-001
 0.647658 0.158792 0.136931 0.056618
 0.765120 0.061277 0.160325 0.013278
 0.000092 0.950214 0.046966 0.002729
 0.829406 0.081974 0.083254 0.005366
 0.061843 0.018332 0.909184 0.010641
 0.000092 0.967425 0.000099 0.032385
 0.120922 0.025979 0.807282 0.045817
 0.151123 0.671241 0.056433 0.121203
 0.011981 0.943198 0.014625 0.030196
 0.239984 0.195242 0.444547 0.120227
 0.031739 0.922143 0.027566 0.018552
 0.023827 0.773649 0.120851 0.081673

MOTIF 23-ACAGARGGCTCRCAC STREME-23
letter-probability matrix: alength= 4 w= 15 nsites= 92 E= 3.9e-001
 0.998743 0.000430 0.000430 0.000398
 0.000398 0.975824 0.000430 0.023349
 0.975792 0.000430 0.023380 0.000398
 0.000398 0.000430 0.998774 0.000398
 0.998743 0.000430 0.000430 0.000398
 0.551209 0.011905 0.425013 0.011873
 0.011873 0.000430 0.987299 0.000398
 0.011873 0.011905 0.975824 0.000398
 0.011873 0.975824 0.000430 0.011873
 0.000398 0.000430 0.000430 0.998743
 0.011873 0.941398 0.000430 0.046299
 0.585635 0.000430 0.413538 0.000398
 0.000398 0.941398 0.011905 0.046299
 0.952842 0.011905 0.034855 0.000398
 0.011873 0.941398 0.000430 0.046299

MOTIF 24-CTTCCCAGACGCTGG STREME-24
letter-probability matrix: alength= 4 w= 15 nsites= 87 E= 3.9e-001
 0.000428 0.986360 0.012785 0.000428
 0.012751 0.012785 0.025109 0.949355
 0.000428 0.012785 0.000461 0.986326
 0.000428 0.974036 0.000461 0.025075
 0.000428 0.998683 0.000461 0.000428
 0.012751 0.949388 0.037433 0.000428
 0.974002 0.025109 0.000461 0.000428
 0.000428 0.000461 0.998683 0.000428
 0.702880 0.000461 0.296231 0.000428
 0.000428 0.776856 0.012785 0.209931
 0.234578 0.012785 0.752209 0.000428
 0.012751 0.986360 0.000461 0.000428
 0.000428 0.074404 0.012785 0.912383
 0.000428 0.000461 0.998683 0.000428
 0.025075 0.025109 0.949388 0.000428

MOTIF 25-AATGACA STREME-25
letter-probability matrix: alength= 4 w= 7 nsites= 2935 E= 4.2e-001
 0.847953 0.010808 0.125441 0.015798
 0.998305 0.000425 0.000425 0.000845
 0.000394 0.041985 0.000425 0.957196
 0.099226 0.000425 0.736501 0.163849
 0.909957 0.000425 0.000425 0.089193
 0.000394 0.994254 0.000425 0.004928
 0.810638 0.006028 0.051894 0.131440

MOTIF 26-CCTCGGCCTCC STREME-26
letter-probability matrix: alength= 4 w= 11 nsites= 247 E= 7.3e-001
 0.016468 0.914586 0.023821 0.045124
 0.024562 0.855301 0.119856 0.000281
 0.000281 0.000303 0.045872 0.953544
 0.000281 0.915455 0.000303 0.083961
 0.140987 0.000303 0.858429 0.000281
 0.027921 0.063607 0.863347 0.045124
 0.026121 0.955959 0.000303 0.017617
 0.004656 0.827396 0.151661 0.016286
 0.032655 0.000303 0.004319 0.962723
 0.001840 0.963642 0.000303 0.034215
 0.065031 0.760840 0.118281 0.055848

MOTIF 27-AACATCCTACAATGC STREME-27
letter-probability matrix: alength= 4 w= 15 nsites= 81 E= 7.7e-001
 0.960710 0.013108 0.000473 0.025709
 0.985980 0.013108 0.000473 0.000438
 0.013074 0.884934 0.013108 0.088884
 0.973345 0.013108 0.000473 0.013074
 0.013074 0.088919 0.000473 0.897534
 0.000438 0.872299 0.051014 0.076249
 0.013074 0.922839 0.025743 0.038344
 0.000438 0.025743 0.013108 0.960710
 0.720642 0.025743 0.227906 0.025709
 0.038344 0.872299 0.025743 0.063614
 0.884899 0.038379 0.038379 0.038344
 0.758548 0.013108 0.215271 0.013074
 0.000438 0.063649 0.000473 0.935440
 0.088884 0.013108 0.884934 0.013074
 0.038344 0.897569 0.013108 0.050979

MOTIF 28-AATGAATGAA STREME-28
letter-probability matrix: alength= 4 w= 10 nsites= 212 E= 8.9e-001
 0.848404 0.000418 0.069495 0.081683
 0.965374 0.000418 0.000418 0.033789
 0.000388 0.011592 0.000418 0.987602
 0.000388 0.112279 0.829718 0.057615
 0.840078 0.000418 0.037633 0.121870
 0.998776 0.000418 0.000418 0.000388
 0.000388 0.200246 0.000418 0.798948
 0.311260 0.000418 0.687934 0.000388
 0.825188 0.000418 0.000418 0.173976
 0.957521 0.023806 0.000418 0.018254

MOTIF 29-CTTCCTC STREME-29
letter-probability matrix: alength= 4 w= 7 nsites= 2134 E= 9.5e-001
 0.000750 0.997689 0.000810 0.000750
 0.000750 0.000810 0.194874 0.803566
 0.000750 0.000810 0.000810 0.997630
 0.009230 0.989210 0.000810 0.000750
 0.308443 0.677601 0.013205 0.000750
 0.000750 0.000810 0.000810 0.997630
 0.000750 0.997689 0.000810 0.000750

MOTIF 30-AWATWT STREME-30
letter-probability matrix: alength= 4 w= 6 nsites= 1669 E= 1.0e+000
 0.930955 0.023591 0.023591 0.021864
 0.476409 0.023591 0.023591 0.476409
 0.930955 0.023591 0.023591 0.021864
 0.021864 0.023591 0.023591 0.930955
 0.476409 0.023591 0.023591 0.476409
 0.021864 0.023591 0.023591 0.930955

MOTIF 31-CTCCCTC STREME-31
letter-probability matrix: alength= 4 w= 7 nsites= 1579 E= 1.1e+000
 0.021864 0.932682 0.023591 0.021864
 0.021864 0.023591 0.023591 0.930955
 0.021864 0.932682 0.023591 0.021864
 0.021864 0.932682 0.023591 0.021864
 0.021864 0.932682 0.023591 0.021864
 0.021864 0.023591 0.023591 0.930955
 0.021864 0.932682 0.023591 0.021864

MOTIF 32-AGGGCTGGGG STREME-32
letter-probability matrix: alength= 4 w= 10 nsites= 755 E= 1.4e+000
 0.723233 0.086410 0.190010 0.000348
 0.030730 0.030852 0.888004 0.050414
 0.000348 0.000375 0.998930 0.000348
 0.000348 0.000375 0.998930 0.000348
 0.048492 0.663496 0.042784 0.245228
 0.000348 0.000375 0.000375 0.998902
 0.014487 0.080801 0.904364 0.000348
 0.000348 0.048000 0.951304 0.000348
 0.000348 0.029283 0.947238 0.023131
 0.213222 0.022718 0.725542 0.038518

MOTIF 33-CCCTGTCYGGGCATA STREME-33
letter-probability matrix: alength= 4 w= 15 nsites= 82 E= 1.5e+000
 0.000422 0.998699 0.000456 0.000422
 0.000422 0.986526 0.000456 0.012596
 0.000422 0.974352 0.012629 0.012596
 0.024770 0.000456 0.012629 0.962145
 0.073465 0.000456 0.925657 0.000422
 0.000422 0.024803 0.012629 0.962145
 0.000422 0.950005 0.024803 0.024770
 0.012596 0.645662 0.000456 0.341286
 0.207375 0.000456 0.779573 0.012596
 0.012596 0.000456 0.962178 0.024770
 0.012596 0.012629 0.974352 0.000422
 0.012596 0.974352 0.000456 0.012596
 0.840408 0.000456 0.158714 0.000422
 0.000422 0.000456 0.000456 0.998666
 0.718671 0.000456 0.280451 0.000422

MOTIF 34-AGAAGTGACCAGAA STREME-34
letter-probability matrix: alength= 4 w= 14 nsites= 76 E= 1.5e+000
 0.998460 0.000526 0.000526 0.000488
 0.000488 0.000526 0.998498 0.000488
 0.956292 0.000526 0.042694 0.000488
 0.998460 0.000526 0.000526 0.000488
 0.014544 0.042694 0.942275 0.000488
 0.000488 0.014582 0.000526 0.984404
 0.028600 0.000526 0.970386 0.000488
 0.998460 0.000526 0.000526 0.000488
 0.014544 0.956330 0.000526 0.028600
 0.014544 0.942275 0.000526 0.042656
 0.970348 0.000526 0.028638 0.000488
 0.014544 0.000526 0.970386 0.014544
 0.956292 0.028638 0.000526 0.014544
 0.998460 0.000526 0.000526 0.000488

MOTIF 35-ATCAAGTATATACCC STREME-35
letter-probability matrix: alength= 4 w= 15 nsites= 41 E= 1.5e+000
 0.997050 0.001008 0.001008 0.000934
 0.000934 0.027930 0.027930 0.943206
 0.027856 0.862513 0.027930 0.081700
 0.916284 0.027930 0.054852 0.000934
 0.997050 0.001008 0.001008 0.000934
 0.000934 0.001008 0.997124 0.000934
 0.027856 0.135618 0.027930 0.808596
 0.916284 0.001008 0.081774 0.000934
 0.054778 0.108696 0.001008 0.835518
 0.943206 0.001008 0.027930 0.027856
 0.000934 0.162540 0.027930 0.808596
 0.997050 0.001008 0.001008 0.000934
 0.054778 0.889436 0.054852 0.000934
 0.027856 0.916358 0.001008 0.054778
 0.000934 0.916358 0.001008 0.081700

MOTIF 36-CAGTGGTTCTCAAA STREME-36
letter-probability matrix: alength= 4 w= 14 nsites= 38 E= 1.5e+000
 0.039576 0.957664 0.001432 0.001327
 0.995809 0.001432 0.001432 0.001327
 0.039576 0.001432 0.957664 0.001327
 0.001327 0.001432 0.001432 0.995809
 0.077826 0.077931 0.842916 0.001327
 0.001327 0.077931 0.881166 0.039576
 0.001327 0.001432 0.001432 0.995809
 0.001327 0.001432 0.039681 0.957559
 0.001327 0.919415 0.001432 0.077826
 0.001327 0.001432 0.001432 0.995809
 0.001327 0.919415 0.039681 0.039576
 0.995809 0.001432 0.001432 0.001327
 0.919310 0.077931 0.001432 0.001327
 0.613316 0.230928 0.077931 0.077826

MOTIF 37-TAGGAGCTGA STREME-37
letter-probability matrix: alength= 4 w= 10 nsites= 41 E= 1.5e+000
 0.021864 0.023591 0.023591 0.930955
 0.930955 0.023591 0.023591 0.021864
 0.021864 0.023591 0.932682 0.021864
 0.021864 0.023591 0.932682 0.021864
 0.930955 0.023591 0.023591 0.021864
 0.021864 0.023591 0.932682 0.021864
 0.021864 0.932682 0.023591 0.021864
 0.021864 0.023591 0.023591 0.930955
 0.021864 0.023591 0.932682 0.021864
 0.930955 0.023591 0.023591 0.021864

MOTIF 38-CGGCCCCGCCCC STREME-38
letter-probability matrix: alength= 4 w= 12 nsites= 94 E= 1.6e+000
 0.029670 0.931937 0.037928 0.000465
 0.037891 0.132118 0.829526 0.000465
 0.006032 0.000502 0.952765 0.040701
 0.013877 0.951082 0.021163 0.013877
 0.013877 0.918096 0.013914 0.054112
 0.000465 0.966177 0.032892 0.000465
 0.029193 0.867015 0.036267 0.067525
 0.006032 0.000502 0.985751 0.007715
 0.027289 0.949238 0.023008 0.000465
 0.003049 0.967911 0.023008 0.006032
 0.006032 0.928752 0.051339 0.013877
 0.121173 0.730328 0.094386 0.054113

MOTIF 39-CATTTCC STREME-39
letter-probability matrix: alength= 4 w= 7 nsites= 718 E= 1.6e+000
 0.021864 0.932682 0.023591 0.021864
 0.930955 0.023591 0.023591 0.021864
 0.021864 0.023591 0.023591 0.930955
 0.021864 0.023591 0.023591 0.930955
 0.021864 0.023591 0.023591 0.930955
 0.021864 0.932682 0.023591 0.021864
 0.021864 0.932682 0.023591 0.021864

MOTIF 40-CAAGGTCA STREME-40
letter-probability matrix: alength= 4 w= 8 nsites= 281 E= 1.7e+000
 0.001023 0.996851 0.001104 0.001023
 0.948910 0.001104 0.048964 0.001023
 0.936318 0.061555 0.001104 0.001023
 0.001023 0.013321 0.984633 0.001023
 0.001023 0.001104 0.996851 0.001023
 0.001023 0.001104 0.001104 0.996770
 0.001023 0.789680 0.001104 0.208194
 0.934413 0.001104 0.063460 0.001023

MOTIF 41-AAATGTT STREME-41
letter-probability matrix: alength= 4 w= 7 nsites= 644 E= 1.8e+000
 0.930955 0.023591 0.023591 0.021864
 0.930955 0.023591 0.023591 0.021864
 0.930955 0.023591 0.023591 0.021864
 0.021864 0.023591 0.023591 0.930955
 0.021864 0.023591 0.932682 0.021864
 0.021864 0.023591 0.023591 0.930955
 0.021864 0.023591 0.023591 0.930955

MOTIF 42-CCAAGTC STREME-42
letter-probability matrix: alength= 4 w= 7 nsites= 1025 E= 1.8e+000
 0.001095 0.694325 0.001181 0.303399
 0.001095 0.900602 0.097209 0.001095
 0.787904 0.001181 0.209821 0.001095
 0.977341 0.020383 0.001181 0.001095
 0.001095 0.001181 0.996630 0.001095
 0.001095 0.001181 0.001181 0.996543
 0.001095 0.996630 0.001181 0.001095

MOTIF 43-GAAAACAA STREME-43
letter-probability matrix: alength= 4 w= 8 nsites= 1977 E= 1.9e+000
 0.000454 0.001959 0.964987 0.032599
 0.854779 0.004921 0.058815 0.081485
 0.893412 0.005103 0.067024 0.034461
 0.890932 0.012819 0.093728 0.002521
 0.902854 0.047555 0.033285 0.016306
 0.000454 0.877070 0.000490 0.121985
 0.946773 0.000490 0.028664 0.024073
 0.920031 0.000490 0.000490 0.078988

MOTIF 44-CGGGAAG STREME-44
letter-probability matrix: alength= 4 w= 7 nsites= 574 E= 1.9e+000
 0.021864 0.932682 0.023591 0.021864
 0.021864 0.023591 0.932682 0.021864
 0.021864 0.023591 0.932682 0.021864
 0.021864 0.023591 0.932682 0.021864
 0.930955 0.023591 0.023591 0.021864
 0.930955 0.023591 0.023591 0.021864
 0.021864 0.023591 0.932682 0.021864

MOTIF 45-ACACACACAC STREME-45
letter-probability matrix: alength= 4 w= 10 nsites= 181 E= 1.9e+000
 0.930955 0.023591 0.023591 0.021864
 0.021864 0.932682 0.023591 0.021864
 0.930955 0.023591 0.023591 0.021864
 0.021864 0.932682 0.023591 0.021864
 0.930955 0.023591 0.023591 0.021864
 0.021864 0.932682 0.023591 0.021864
 0.930955 0.023591 0.023591 0.021864
 0.021864 0.932682 0.023591 0.021864
 0.930955 0.023591 0.023591 0.021864
 0.021864 0.932682 0.023591 0.021864

MOTIF 46-AAGTCAM STREME-46
letter-probability matrix: alength= 4 w= 7 nsites= 1442 E= 2.1e+000
 0.974202 0.000650 0.000650 0.024499
 0.987560 0.011188 0.000650 0.000602
 0.000602 0.000650 0.998146 0.000602
 0.000602 0.000650 0.000650 0.998099
 0.193278 0.710475 0.081303 0.014945
 0.991768 0.000650 0.006981 0.000602
 0.338332 0.509589 0.000650 0.151429

MOTIF 47-ACTGCACTCCAGCCT STREME-47
letter-probability matrix: alength= 4 w= 15 nsites= 97 E= 5.4e+000
 0.797428 0.055316 0.101127 0.046129
 0.000318 0.944048 0.009505 0.046129
 0.009480 0.073641 0.000343 0.916536
 0.000318 0.000343 0.980697 0.018642
 0.046129 0.861588 0.027830 0.064453
 0.934861 0.046154 0.000343 0.018642
 0.000318 0.944048 0.009505 0.046129
 0.000318 0.091965 0.018667 0.889050
 0.036967 0.843264 0.036992 0.082778
 0.009480 0.824940 0.027830 0.137751
 0.907374 0.036992 0.018667 0.036967
 0.018642 0.027830 0.953210 0.000318
 0.000318 0.907399 0.064478 0.027804
 0.055291 0.879913 0.027830 0.036967
 0.192724 0.036992 0.027830 0.742455

MOTIF 48-CTTGAGCCCAGGAG STREME-48
letter-probability matrix: alength= 4 w= 14 nsites= 55 E= 7.1e+000
 0.000804 0.997524 0.000868 0.000804
 0.000804 0.000868 0.000868 0.997460
 0.000804 0.000868 0.000868 0.997460
 0.000804 0.000868 0.997524 0.000804
 0.997460 0.000868 0.000868 0.000804
 0.255763 0.000868 0.742565 0.000804
 0.000804 0.997524 0.000868 0.000804
 0.000804 0.881633 0.000868 0.116694
 0.070338 0.626675 0.000868 0.302119
 0.672968 0.000868 0.325360 0.000804
 0.000804 0.000868 0.974346 0.023982
 0.070338 0.000868 0.881633 0.047160
 0.997460 0.000868 0.000868 0.000804
 0.047160 0.000868 0.927990 0.023982

MOTIF 49-TCCCGGGA STREME-49
letter-probability matrix: alength= 4 w= 8 nsites= 206 E= 9.4e+000
 0.236480 0.001727 0.001727 0.760067
 0.071712 0.924962 0.001727 0.001600
 0.003270 0.866280 0.014451 0.116000
 0.001600 0.995073 0.001727 0.001600
 0.001600 0.001727 0.995073 0.001600
 0.116000 0.014451 0.866280 0.003270
 0.001600 0.001727 0.924962 0.071712
 0.760067 0.001727 0.001727 0.236480

********************************************************************************
Stopped because 3 consecutive motifs exceeded the p-value threshold (0.05).
********************************************************************************
COMMAND:	streme --verbosity 1 --oc meme_out_incomplete_DL/HepG2_CTCF-human_ENCFF695QSJ/streme_out -dna --seed 0 --p meme_out_incomplete_DL/HepG2_CTCF-human_ENCFF695QSJ/seqs-centered --minw 6 --maxw 15 --time 6163 --order 2 --thresh 0.05 --align center --totallength 4000000 --parse-genomic-coord
********************************************************************************
CPU:		9f05ee173ae9
********************************************************************************
FINALTIME:	2358.61 seconds
********************************************************************************
