********************************************************************************
STREME - Sensitive, Thorough, Rapid, Enriched Motif Elicitation
********************************************************************************
MEME version 5.5.3 (Release date: Sat Jun 10 16:19:38 2023 -0700)

For further information on how to interpret these results please access http://localhost:8080/meme_5.5.3.
To get a copy of the MEME Suite software please access https://meme-suite.org.

********************************************************************************


********************************************************************************
REFERENCE
********************************************************************************
If you use this program in your research, please cite:

Timothy L. Bailey,
"STREME: accurate and versatile sequence motif discovery",
Bioinformatics, Mar. 24, 2021.
********************************************************************************


ALPHABET= ACGT

strands: + -

Background letter frequencies
A 0.183 C 0.317 G 0.317 T 0.183 

MOTIF 1-GCCTGTAATCCCAGC STREME-1
letter-probability matrix: alength= 4 w= 15 nsites= 607 E= 4.4e-017
 0.248427 0.011206 0.729197 0.011170
 0.003756 0.949771 0.007499 0.038974
 0.005610 0.947917 0.005645 0.040827
 0.003756 0.011206 0.003792 0.981246
 0.089020 0.001938 0.901578 0.007463
 0.003756 0.033449 0.001938 0.960857
 0.944175 0.018620 0.031595 0.005610
 0.740879 0.005645 0.242305 0.011170
 0.003756 0.016170 0.009353 0.970721
 0.005610 0.933686 0.005049 0.055656
 0.018585 0.942357 0.005645 0.033413
 0.003756 0.931235 0.005645 0.059363
 0.983099 0.005645 0.009353 0.001903
 0.046388 0.007499 0.934942 0.011170
 0.005610 0.933089 0.020474 0.040827

MOTIF 2-GAGGCYGAGGC STREME-2
letter-probability matrix: alength= 4 w= 11 nsites= 2619 E= 1.2e-016
 0.024139 0.000046 0.958223 0.017592
 0.978201 0.005197 0.000046 0.016556
 0.179059 0.061737 0.741535 0.017669
 0.159381 0.000046 0.822176 0.018397
 0.143406 0.815817 0.000046 0.040731
 0.000026 0.424348 0.080071 0.495555
 0.072513 0.000046 0.924995 0.002447
 0.881137 0.100772 0.000046 0.018045
 0.054660 0.026753 0.918560 0.000026
 0.057121 0.007898 0.886964 0.048018
 0.034692 0.745740 0.015495 0.204074

MOTIF 3-CCAGCCTGGSCAACA STREME-3
letter-probability matrix: alength= 4 w= 15 nsites= 516 E= 3.5e-016
 0.010404 0.945207 0.024427 0.019962
 0.006693 0.971033 0.002313 0.019962
 0.984259 0.000101 0.015581 0.000058
 0.039865 0.011159 0.860459 0.088518
 0.011116 0.942284 0.011159 0.035442
 0.004481 0.993148 0.002313 0.000058
 0.004481 0.011159 0.002313 0.982048
 0.028808 0.002313 0.957764 0.011116
 0.089435 0.006736 0.903771 0.000058
 0.017750 0.430046 0.530030 0.022173
 0.019962 0.809709 0.000101 0.170228
 0.744240 0.000101 0.253389 0.002270
 0.993105 0.006736 0.000101 0.000058
 0.000058 0.935649 0.013370 0.050922
 0.948875 0.004524 0.037696 0.008904

MOTIF 4-AAAAATTAGCYRGGC STREME-4
letter-probability matrix: alength= 4 w= 15 nsites= 359 E= 4.8e-010
 0.881808 0.078869 0.006442 0.032880
 0.983884 0.009591 0.006442 0.000083
 0.964990 0.015889 0.009591 0.009530
 0.980735 0.012740 0.000144 0.006381
 0.949245 0.015889 0.015889 0.018977
 0.015828 0.034783 0.003293 0.946096
 0.003232 0.022187 0.012740 0.961841
 0.977586 0.000144 0.022187 0.000083
 0.022126 0.028485 0.943007 0.006381
 0.009530 0.965050 0.003293 0.022126
 0.006381 0.656447 0.006442 0.330730
 0.360378 0.006442 0.601606 0.031573
 0.059915 0.000144 0.908368 0.031573
 0.056766 0.012740 0.920964 0.009530
 0.031573 0.677183 0.003293 0.287951

MOTIF 5-ATCTCGGCTCACTGC STREME-5
letter-probability matrix: alength= 4 w= 15 nsites= 303 E= 7.3e-010
 0.962546 0.003871 0.029783 0.003800
 0.007501 0.033485 0.003871 0.955143
 0.003800 0.944109 0.022380 0.029712
 0.122255 0.026081 0.007573 0.844091
 0.003800 0.681287 0.014976 0.299938
 0.248113 0.018678 0.699795 0.033413
 0.033413 0.003871 0.955214 0.007501
 0.011203 0.951513 0.000169 0.037115
 0.003800 0.011274 0.003871 0.981055
 0.022308 0.951513 0.000169 0.026010
 0.951441 0.003871 0.044590 0.000098
 0.014905 0.970021 0.003871 0.011203
 0.011203 0.037187 0.011274 0.940336
 0.092641 0.000169 0.907092 0.000098
 0.018606 0.933004 0.007573 0.040817

MOTIF 6-AGAATCGCTTGAACC STREME-6
letter-probability matrix: alength= 4 w= 15 nsites= 320 E= 3.6e-009
 0.992189 0.000169 0.003857 0.003786
 0.022226 0.014921 0.955380 0.007474
 0.833602 0.000169 0.158756 0.007474
 0.970061 0.000169 0.025985 0.003786
 0.003786 0.037049 0.000169 0.958997
 0.014850 0.538627 0.221453 0.225070
 0.199253 0.025985 0.748848 0.025914
 0.018538 0.918499 0.018609 0.044354
 0.040666 0.018609 0.144003 0.796721
 0.000097 0.014921 0.018609 0.966373
 0.014850 0.003857 0.981196 0.000097
 0.973749 0.007545 0.011233 0.007474
 0.807786 0.014921 0.173508 0.003786
 0.018538 0.944315 0.000169 0.036978
 0.011162 0.918499 0.003857 0.066483

MOTIF 7-GCCGCCGCCGCCGCC STREME-7
letter-probability matrix: alength= 4 w= 15 nsites= 621 E= 2.1e-008
 0.032861 0.077534 0.881500 0.008105
 0.009163 0.891806 0.031690 0.067342
 0.002783 0.978857 0.018313 0.000048
 0.025569 0.003729 0.970653 0.000048
 0.014632 0.940730 0.000083 0.044555
 0.035440 0.832492 0.064881 0.067187
 0.040153 0.035476 0.924323 0.000048
 0.041976 0.867813 0.006309 0.083903
 0.012809 0.862045 0.047558 0.077588
 0.059809 0.001906 0.932768 0.005517
 0.010986 0.930413 0.017692 0.040909
 0.085885 0.831667 0.031073 0.051375
 0.068131 0.025216 0.896733 0.009919
 0.022680 0.885959 0.009219 0.082142
 0.046508 0.638218 0.135434 0.179839

MOTIF 8-CCCAKCCCYAC STREME-8
letter-probability matrix: alength= 4 w= 11 nsites= 3328 E= 4.1e-008
 0.019607 0.980129 0.000046 0.000218
 0.002475 0.946282 0.045254 0.005989
 0.024417 0.883693 0.032196 0.059695
 0.726622 0.089033 0.184319 0.000026
 0.160196 0.070053 0.375074 0.394677
 0.039231 0.943447 0.000046 0.017276
 0.059968 0.661787 0.036560 0.241686
 0.001024 0.977295 0.000046 0.021636
 0.004800 0.635839 0.026807 0.332555
 0.743878 0.000046 0.256050 0.000026
 0.078783 0.746460 0.067953 0.106803

MOTIF 9-AGTGCAGTGGCG STREME-9
letter-probability matrix: alength= 4 w= 12 nsites= 285 E= 4.6e-007
 0.999490 0.000198 0.000198 0.000114
 0.053810 0.000198 0.945878 0.000114
 0.000114 0.000198 0.000198 0.999490
 0.056340 0.000198 0.943348 0.000114
 0.000114 0.956323 0.000198 0.043365
 0.977865 0.000198 0.021823 0.000114
 0.181768 0.000198 0.817920 0.000114
 0.000114 0.000198 0.000198 0.999490
 0.034715 0.000198 0.960648 0.004439
 0.047690 0.000198 0.934697 0.017415
 0.000114 0.729624 0.000198 0.270064
 0.311802 0.000198 0.687886 0.000114

MOTIF 10-CCCCACCCC STREME-10
letter-probability matrix: alength= 4 w= 9 nsites= 3576 E= 1.3e-006
 0.000079 0.999705 0.000137 0.000079
 0.000079 0.999705 0.000137 0.000079
 0.000079 0.948874 0.016045 0.035002
 0.012654 0.932475 0.003319 0.051552
 0.674357 0.000137 0.325427 0.000079
 0.179522 0.527582 0.198794 0.094102
 0.000079 0.952852 0.028736 0.018333
 0.000079 0.938860 0.000137 0.060925
 0.000079 0.957852 0.014416 0.027652

MOTIF 11-AACTCCTGACCTCA STREME-11
letter-probability matrix: alength= 4 w= 14 nsites= 333 E= 9.6e-006
 0.996276 0.003484 0.000152 0.000088
 0.833021 0.000152 0.023474 0.143352
 0.030074 0.909715 0.006816 0.053396
 0.000088 0.030138 0.013479 0.956295
 0.006751 0.966354 0.003484 0.023410
 0.006751 0.939700 0.003484 0.050064
 0.010083 0.050128 0.000152 0.939636
 0.026742 0.000152 0.966354 0.006751
 0.719742 0.006816 0.273354 0.000088
 0.036737 0.743128 0.203388 0.016747
 0.000088 0.959691 0.003484 0.036737
 0.006751 0.010148 0.000152 0.982949
 0.006751 0.936369 0.003484 0.053396
 0.739732 0.010148 0.233374 0.016747

MOTIF 12-GGGCGGATCAC STREME-12
letter-probability matrix: alength= 4 w= 11 nsites= 226 E= 1.0e-005
 0.144487 0.011307 0.840486 0.003719
 0.013293 0.003022 0.976952 0.006733
 0.002896 0.000300 0.976952 0.019852
 0.000173 0.752488 0.000911 0.246428
 0.112964 0.006860 0.865953 0.014224
 0.019852 0.006860 0.973115 0.000173
 0.968268 0.000300 0.011580 0.019852
 0.000173 0.000300 0.000300 0.999227
 0.000173 0.983512 0.003022 0.013293
 0.978284 0.000300 0.021242 0.000173
 0.002896 0.986526 0.006860 0.003719

MOTIF 13-GTGAGCCACCGYGCC STREME-13
letter-probability matrix: alength= 4 w= 15 nsites= 305 E= 2.0e-005
 0.208399 0.020957 0.770552 0.000092
 0.000092 0.010558 0.024423 0.964927
 0.017424 0.005064 0.967022 0.010491
 0.971860 0.010558 0.003625 0.013957
 0.059021 0.003625 0.937263 0.000092
 0.010491 0.968461 0.000158 0.020890
 0.000092 0.982326 0.003625 0.013957
 0.984287 0.005064 0.010558 0.000092
 0.010491 0.964994 0.000158 0.024356
 0.017424 0.678987 0.010558 0.293032
 0.221942 0.001597 0.765970 0.010491
 0.024356 0.641179 0.000158 0.334306
 0.213893 0.017491 0.754659 0.013957
 0.034756 0.940729 0.000158 0.024356
 0.007024 0.928891 0.027890 0.036194

MOTIF 14-CTGCAGCCCCG STREME-14
letter-probability matrix: alength= 4 w= 11 nsites= 4044 E= 5.4e-005
 0.029013 0.896951 0.007143 0.066894
 0.073593 0.166100 0.064359 0.695948
 0.216461 0.102152 0.665361 0.016027
 0.014887 0.920660 0.003380 0.061074
 0.866858 0.000033 0.133089 0.000019
 0.157018 0.002463 0.694767 0.145753
 0.107954 0.882876 0.000033 0.009137
 0.065303 0.785328 0.058658 0.090711
 0.118662 0.533597 0.139592 0.208149
 0.077445 0.855205 0.058727 0.008623
 0.216406 0.024055 0.611539 0.148000

MOTIF 15-TAAAAATAC STREME-15
letter-probability matrix: alength= 4 w= 9 nsites= 374 E= 1.8e-004
 0.000134 0.000233 0.000233 0.999400
 0.949243 0.009113 0.015687 0.025957
 0.944861 0.021332 0.028654 0.005154
 0.978479 0.005319 0.011617 0.004585
 0.949070 0.002785 0.000462 0.047683
 0.991937 0.002124 0.004189 0.001750
 0.000134 0.008423 0.000550 0.990893
 0.999400 0.000233 0.000233 0.000134
 0.079464 0.630508 0.058021 0.232008

MOTIF 16-RTCTCAAAAAAAAAA STREME-16
letter-probability matrix: alength= 4 w= 15 nsites= 202 E= 2.6e-004
 0.375749 0.028789 0.561078 0.034384
 0.005856 0.024182 0.000261 0.969701
 0.028679 0.851093 0.000261 0.119968
 0.000151 0.000261 0.000261 0.999328
 0.035926 0.851490 0.014040 0.098544
 0.965094 0.034494 0.000261 0.000151
 0.993622 0.005966 0.000261 0.000151
 0.965094 0.000261 0.005966 0.028679
 0.987916 0.000261 0.011672 0.000151
 0.919450 0.011672 0.028789 0.040090
 0.953683 0.011672 0.017378 0.017267
 0.873805 0.040200 0.005966 0.080029
 0.890922 0.040200 0.011672 0.057206
 0.942272 0.000261 0.034494 0.022973
 0.905670 0.017378 0.014040 0.062912

MOTIF 17-AACCTCYRCCTCCCG STREME-17
letter-probability matrix: alength= 4 w= 15 nsites= 167 E= 3.8e-004
 0.952470 0.035988 0.011395 0.000147
 0.815528 0.039246 0.145079 0.000147
 0.033568 0.629508 0.308926 0.027998
 0.011287 0.971600 0.000255 0.016858
 0.000147 0.016965 0.000255 0.982633
 0.000147 0.966030 0.000255 0.033568
 0.000147 0.573806 0.000255 0.425792
 0.356461 0.011395 0.631996 0.000147
 0.050279 0.932609 0.000255 0.016858
 0.005717 0.971600 0.000255 0.022428
 0.005717 0.000255 0.000255 0.993773
 0.027998 0.899188 0.033676 0.039138
 0.005717 0.954890 0.011395 0.027998
 0.016858 0.732083 0.055956 0.195103
 0.272909 0.005825 0.598575 0.122691

MOTIF 18-AGCAGCAGCAGCA STREME-18
letter-probability matrix: alength= 4 w= 13 nsites= 486 E= 1.1e-003
 0.961146 0.000128 0.006444 0.032281
 0.115886 0.022437 0.836436 0.025241
 0.040735 0.918174 0.000128 0.040964
 0.984124 0.000128 0.010081 0.005667
 0.079301 0.000128 0.920497 0.000074
 0.043531 0.912326 0.004920 0.039223
 0.874387 0.073519 0.028489 0.023605
 0.098561 0.024820 0.870953 0.005667
 0.011259 0.937603 0.000719 0.050419
 0.683405 0.015974 0.144277 0.156344
 0.106969 0.097508 0.738361 0.057162
 0.020809 0.825994 0.119028 0.034169
 0.784454 0.030405 0.096830 0.088312

MOTIF 19-KCGGGGAC STREME-19
letter-probability matrix: alength= 4 w= 8 nsites= 3106 E= 1.3e-003
 0.030069 0.000198 0.590235 0.379499
 0.000114 0.804080 0.000198 0.195608
 0.000114 0.000198 0.999574 0.000114
 0.000114 0.000198 0.999574 0.000114
 0.000114 0.041283 0.958489 0.000114
 0.055238 0.000198 0.900987 0.043577
 0.844976 0.000198 0.000198 0.154629
 0.085855 0.913833 0.000198 0.000114

MOTIF 20-YAACATGGTGAAAC STREME-20
letter-probability matrix: alength= 4 w= 14 nsites= 155 E= 3.1e-003
 0.056867 0.623799 0.000324 0.319010
 0.992080 0.000324 0.007409 0.000187
 0.949570 0.000324 0.035749 0.014357
 0.021442 0.857603 0.035749 0.085207
 0.907061 0.014494 0.078258 0.000187
 0.014357 0.234127 0.028664 0.722852
 0.120631 0.021579 0.850518 0.007272
 0.085207 0.021579 0.893028 0.000187
 0.099376 0.127853 0.021579 0.751192
 0.078122 0.007409 0.914282 0.000187
 0.984995 0.000324 0.014494 0.000187
 0.899976 0.007409 0.092428 0.000187
 0.970825 0.028664 0.000324 0.000187
 0.028527 0.900112 0.014494 0.056867

MOTIF 21-GGAGGAGGAGRRGGA STREME-21
letter-probability matrix: alength= 4 w= 15 nsites= 2050 E= 5.0e-003
 0.000014 0.168702 0.831270 0.000014
 0.270667 0.000024 0.726094 0.003214
 0.999937 0.000024 0.000024 0.000014
 0.072900 0.088468 0.792218 0.046414
 0.209618 0.037858 0.745577 0.006947
 0.846738 0.000024 0.000024 0.153213
 0.251784 0.006958 0.730044 0.011214
 0.219944 0.058244 0.721798 0.000014
 0.569556 0.046243 0.202175 0.182025
 0.148592 0.143311 0.650795 0.057303
 0.268371 0.203081 0.528534 0.000014
 0.475707 0.057677 0.240325 0.226291
 0.063231 0.076956 0.790334 0.069479
 0.246775 0.058030 0.695181 0.000014
 0.517709 0.194736 0.144960 0.142596

MOTIF 22-AGGTGAGTGN STREME-22
letter-probability matrix: alength= 4 w= 10 nsites= 1367 E= 7.4e-003
 0.561782 0.096007 0.186839 0.155371
 0.270421 0.146814 0.582705 0.000060
 0.000060 0.000104 0.999776 0.000060
 0.000060 0.018191 0.000104 0.981645
 0.182371 0.000104 0.672372 0.145154
 0.850947 0.148889 0.000104 0.000060
 0.002328 0.010596 0.987015 0.000060
 0.000060 0.175212 0.008691 0.816037
 0.048877 0.000104 0.946476 0.004544
 0.269251 0.224385 0.208265 0.298098

MOTIF 23-AAGATGGCGGCVD STREME-23
letter-probability matrix: alength= 4 w= 13 nsites= 711 E= 9.5e-002
 0.791097 0.000067 0.054468 0.154368
 0.692245 0.229024 0.031952 0.046779
 0.000039 0.309965 0.689958 0.000039
 0.998367 0.000067 0.000067 0.001499
 0.000039 0.000067 0.000067 0.999828
 0.000039 0.020516 0.979407 0.000039
 0.005881 0.014673 0.727822 0.251624
 0.142077 0.589449 0.000067 0.268407
 0.187851 0.148591 0.528178 0.135380
 0.237376 0.069680 0.592582 0.100362
 0.269152 0.681936 0.000067 0.048845
 0.186886 0.357928 0.292053 0.163132
 0.317635 0.146487 0.343285 0.192593

MOTIF 24-GAGCRAGACTC STREME-24
letter-probability matrix: alength= 4 w= 11 nsites= 153 E= 8.2e-001
 0.049780 0.059373 0.890629 0.000218
 0.999026 0.000378 0.000378 0.000218
 0.028427 0.016898 0.937935 0.016739
 0.000218 0.852650 0.000378 0.146754
 0.419136 0.000378 0.580268 0.000218
 0.965985 0.008638 0.000378 0.024999
 0.189982 0.041679 0.768120 0.000218
 0.990766 0.000378 0.000378 0.008478
 0.016739 0.960544 0.000378 0.022340
 0.000218 0.012444 0.008638 0.978700
 0.008479 0.987497 0.000378 0.003646

MOTIF 25-CCRAGTCC STREME-25
letter-probability matrix: alength= 4 w= 8 nsites= 3984 E= 9.7e-001
 0.008846 0.918292 0.000168 0.072694
 0.015677 0.977158 0.002511 0.004654
 0.660688 0.000168 0.336103 0.003041
 0.763895 0.165158 0.000168 0.070778
 0.030718 0.007899 0.961286 0.000097
 0.009876 0.090659 0.226435 0.673030
 0.056991 0.807119 0.003950 0.131940
 0.058812 0.891845 0.007292 0.042051

