********************************************************************************
STREME - Sensitive, Thorough, Rapid, Enriched Motif Elicitation
********************************************************************************
MEME version 5.5.3 (Release date: Sat Jun 10 16:19:38 2023 -0700)

For further information on how to interpret these results please access http://localhost:8080/meme_5.5.3.
To get a copy of the MEME Suite software please access https://meme-suite.org.

********************************************************************************


********************************************************************************
REFERENCE
********************************************************************************
If you use this program in your research, please cite:

Timothy L. Bailey,
"STREME: accurate and versatile sequence motif discovery",
Bioinformatics, Mar. 24, 2021.
********************************************************************************


ALPHABET= ACGT

strands: + -

Background letter frequencies
A 0.202 C 0.298 G 0.298 T 0.202 

MOTIF 1-TTACCGTAWTTMY STREME-1
letter-probability matrix: alength= 4 w= 13 nsites= 477 E= 2.9e-011
 0.167434 0.223781 0.119379 0.489406
 0.072297 0.021070 0.000100 0.906533
 0.908863 0.011750 0.079319 0.000068
 0.002398 0.997434 0.000100 0.000068
 0.044337 0.948505 0.004760 0.002398
 0.086276 0.000100 0.838997 0.074627
 0.004728 0.002430 0.000100 0.992742
 0.997402 0.000100 0.000100 0.002398
 0.446082 0.014080 0.002430 0.537408
 0.196758 0.004760 0.039710 0.758772
 0.067637 0.095628 0.074659 0.762075
 0.460519 0.300684 0.086313 0.152484
 0.142202 0.478225 0.016410 0.363163

MOTIF 2-CCCCGCCCC STREME-2
letter-probability matrix: alength= 4 w= 9 nsites= 2628 E= 1.0e-007
 0.021261 0.881684 0.000097 0.096958
 0.000066 0.999772 0.000097 0.000066
 0.024353 0.948168 0.000097 0.027383
 0.222714 0.673941 0.000097 0.103248
 0.252165 0.000097 0.587996 0.159742
 0.117409 0.882429 0.000097 0.000066
 0.000066 0.999772 0.000097 0.000066
 0.000066 0.965019 0.000097 0.034818
 0.022090 0.908762 0.000097 0.069052

MOTIF 3-GGAGGMGGVVGNGG STREME-3
letter-probability matrix: alength= 4 w= 14 nsites= 2169 E= 1.7e-004
 0.001000 0.112120 0.886865 0.000014
 0.174799 0.031108 0.773379 0.020714
 0.577180 0.246012 0.000021 0.176786
 0.176444 0.098068 0.719355 0.006133
 0.000014 0.070966 0.929005 0.000014
 0.494814 0.329190 0.000021 0.175975
 0.000014 0.001007 0.998964 0.000014
 0.227739 0.000021 0.772225 0.000014
 0.258937 0.353535 0.348373 0.039154
 0.396471 0.263910 0.242832 0.096787
 0.083055 0.125716 0.791214 0.000014
 0.298248 0.270710 0.261405 0.169637
 0.148045 0.083273 0.744807 0.023876
 0.199847 0.171576 0.628562 0.000014

MOTIF 4-CTGTAATCCCAGCW STREME-4
letter-probability matrix: alength= 4 w= 14 nsites= 199 E= 2.4e-003
 0.000152 0.989015 0.000225 0.010608
 0.010608 0.015909 0.031592 0.941891
 0.062887 0.000225 0.936736 0.000152
 0.000152 0.042048 0.042047 0.915753
 0.957575 0.005452 0.036821 0.000152
 0.716987 0.021136 0.256497 0.005380
 0.000152 0.000225 0.000225 0.999398
 0.000152 0.947189 0.000225 0.052434
 0.000152 0.894910 0.010680 0.094258
 0.000152 0.921047 0.000225 0.078576
 0.947116 0.000225 0.047279 0.005380
 0.083811 0.026364 0.884445 0.005380
 0.021064 0.957648 0.000225 0.021064
 0.528714 0.015908 0.005452 0.449926

MOTIF 5-CCAGCCTGGGCRAC STREME-5
letter-probability matrix: alength= 4 w= 14 nsites= 173 E= 2.4e-003
 0.002731 0.941481 0.024862 0.030926
 0.000179 0.944031 0.000264 0.055526
 0.993142 0.006414 0.000264 0.000179
 0.030925 0.000264 0.882521 0.086289
 0.012478 0.937885 0.006414 0.043224
 0.006328 0.944033 0.031011 0.018627
 0.018627 0.006414 0.000264 0.974695
 0.024777 0.000264 0.944033 0.030925
 0.073972 0.000264 0.925585 0.000179
 0.024777 0.279621 0.664676 0.030926
 0.012478 0.661030 0.000264 0.326227
 0.568685 0.012563 0.418573 0.000179
 0.980844 0.012563 0.006414 0.000179
 0.000179 0.888687 0.061760 0.049374

MOTIF 6-CACGTGGYC STREME-6
letter-probability matrix: alength= 4 w= 9 nsites= 548 E= 1.2e-002
 0.118325 0.881291 0.000229 0.000155
 0.999387 0.000229 0.000229 0.000155
 0.000155 0.999460 0.000229 0.000155
 0.000155 0.000229 0.999460 0.000155
 0.000155 0.000229 0.000229 0.999387
 0.043851 0.000229 0.955765 0.000155
 0.227046 0.111097 0.571656 0.090202
 0.137723 0.476654 0.073136 0.312487
 0.170239 0.682931 0.070867 0.075963

MOTIF 7-GGAGAATCGCTTGAR STREME-7
letter-probability matrix: alength= 4 w= 15 nsites= 95 E= 2.0e-002
 0.011289 0.011441 0.965980 0.011289
 0.033229 0.011441 0.955010 0.000320
 0.965828 0.011441 0.022411 0.000320
 0.011289 0.033381 0.944041 0.011289
 0.680560 0.011441 0.296709 0.011289
 0.976798 0.022411 0.000472 0.000320
 0.000320 0.033381 0.000472 0.965828
 0.033229 0.549093 0.175999 0.241680
 0.153922 0.000472 0.823348 0.022259
 0.022259 0.900161 0.033381 0.044199
 0.044199 0.011441 0.088240 0.856119
 0.000320 0.011441 0.022412 0.965827
 0.044198 0.011441 0.944041 0.000320
 0.932919 0.022411 0.033381 0.011289
 0.603771 0.022411 0.362528 0.011289

MOTIF 8-GAAACTGAGGCY STREME-8
letter-probability matrix: alength= 4 w= 12 nsites= 80 E= 4.0e-002
 0.000361 0.099590 0.899688 0.000361
 0.986192 0.012914 0.000532 0.000361
 0.959044 0.027681 0.000532 0.012743
 0.924278 0.000532 0.050063 0.025126
 0.000361 0.961599 0.000532 0.037508
 0.000361 0.012914 0.074827 0.911898
 0.055029 0.000532 0.944078 0.000361
 0.986192 0.012914 0.000532 0.000361
 0.297545 0.000532 0.701562 0.000361
 0.186095 0.062445 0.676806 0.074653
 0.000361 0.936834 0.000532 0.062272
 0.223255 0.260610 0.000532 0.515602

MOTIF 9-ACCGGAAGT STREME-9
letter-probability matrix: alength= 4 w= 9 nsites= 218 E= 6.3e-002
 0.639190 0.157272 0.203155 0.000383
 0.043100 0.871688 0.000565 0.084648
 0.109416 0.889636 0.000565 0.000383
 0.000383 0.032287 0.966947 0.000383
 0.000383 0.022213 0.911345 0.066059
 0.970351 0.000565 0.000565 0.028520
 0.997811 0.001242 0.000565 0.000383
 0.000383 0.000565 0.998670 0.000383
 0.000383 0.000565 0.000565 0.998488

MOTIF 10-GCCTCRGCCTCCCAA STREME-10
letter-probability matrix: alength= 4 w= 15 nsites= 136 E= 8.0e-002
 0.192544 0.007715 0.769936 0.029805
 0.015009 0.954869 0.029906 0.000216
 0.000216 0.969663 0.029906 0.000216
 0.000216 0.000318 0.000318 0.999148
 0.022407 0.792114 0.007715 0.177765
 0.466338 0.022509 0.488745 0.022407
 0.007612 0.022509 0.969663 0.000216
 0.000216 0.991854 0.000318 0.007612
 0.007612 0.962266 0.007715 0.022406
 0.000216 0.007715 0.000318 0.991752
 0.000216 0.969663 0.000318 0.029804
 0.007613 0.932675 0.000318 0.059394
 0.015009 0.903085 0.022509 0.059397
 0.725399 0.029906 0.229686 0.015009
 0.969561 0.007715 0.007715 0.015009

MOTIF 11-CGCCGCCGCCGCCG STREME-11
letter-probability matrix: alength= 4 w= 14 nsites= 208 E= 8.8e-002
 0.010589 0.936867 0.005442 0.047103
 0.000152 0.005441 0.994255 0.000152
 0.026231 0.926449 0.010656 0.036663
 0.000152 0.923837 0.000224 0.075787
 0.031450 0.005440 0.957743 0.005368
 0.000152 0.931663 0.000224 0.067961
 0.000152 0.837777 0.057598 0.104473
 0.036665 0.000224 0.962959 0.000152
 0.031446 0.874294 0.000224 0.094036
 0.000152 0.983456 0.000224 0.016168
 0.088830 0.005440 0.806253 0.099477
 0.000152 0.994256 0.005440 0.000152
 0.037283 0.804433 0.043361 0.114923
 0.109707 0.076069 0.699311 0.114912

MOTIF 12-GTAAAYAH STREME-12
letter-probability matrix: alength= 4 w= 8 nsites= 1258 E= 1.5e-001
 0.268759 0.000165 0.730964 0.000112
 0.076400 0.251291 0.000165 0.672144
 0.903864 0.095858 0.000165 0.000112
 0.926418 0.000165 0.073304 0.000112
 0.999557 0.000165 0.000165 0.000112
 0.000112 0.476683 0.000165 0.523040
 0.999557 0.000165 0.000165 0.000112
 0.348947 0.297813 0.065578 0.287663

MOTIF 13-CCCAGC STREME-13
letter-probability matrix: alength= 4 w= 6 nsites= 2282 E= 1.9e-001
 0.018364 0.936182 0.027091 0.018364
 0.018364 0.936182 0.027091 0.018364
 0.018364 0.936182 0.027091 0.018364
 0.927455 0.027091 0.027091 0.018364
 0.018364 0.027091 0.936182 0.018364
 0.018364 0.936182 0.027091 0.018364

MOTIF 14-GAGGTTGCAGTGA STREME-14
letter-probability matrix: alength= 4 w= 13 nsites= 91 E= 3.2e-001
 0.109513 0.016247 0.873786 0.000454
 0.998207 0.000670 0.000670 0.000454
 0.016032 0.016247 0.951689 0.016032
 0.031611 0.062990 0.904946 0.000454
 0.000454 0.156517 0.000670 0.842360
 0.000454 0.000670 0.016247 0.982629
 0.000454 0.016247 0.982845 0.000454
 0.000454 0.982845 0.016247 0.000454
 0.982629 0.000670 0.016247 0.000454
 0.000454 0.031827 0.951688 0.016032
 0.000454 0.000670 0.000670 0.998207
 0.016032 0.016247 0.967267 0.000454
 0.967051 0.016247 0.000670 0.016032

MOTIF 15-GAGACRGGGTYTCAC STREME-15
letter-probability matrix: alength= 4 w= 15 nsites= 94 E= 3.2e-001
 0.011363 0.000475 0.965759 0.022403
 0.987688 0.000475 0.000475 0.011363
 0.049067 0.011515 0.939096 0.000322
 0.998729 0.000475 0.000475 0.000322
 0.022403 0.778055 0.000475 0.199067
 0.391370 0.000475 0.585752 0.022403
 0.088649 0.000475 0.910554 0.000322
 0.232192 0.000475 0.767012 0.000322
 0.000322 0.022556 0.954719 0.022403
 0.000322 0.000475 0.000475 0.998729
 0.000322 0.364849 0.000475 0.634355
 0.000322 0.011515 0.000475 0.987688
 0.000322 0.800136 0.011515 0.188026
 0.689575 0.011515 0.221302 0.077607
 0.000322 0.943678 0.000475 0.055526

MOTIF 16-AGTGCAGTGGYGCRA STREME-16
letter-probability matrix: alength= 4 w= 15 nsites= 80 E= 3.2e-001
 0.898571 0.014868 0.086145 0.000415
 0.157227 0.000613 0.798978 0.043182
 0.000415 0.000613 0.000613 0.998359
 0.028928 0.014868 0.955789 0.000415
 0.000415 0.927279 0.029124 0.043182
 0.998359 0.000613 0.000613 0.000415
 0.142969 0.000613 0.856003 0.000415
 0.000415 0.057636 0.000613 0.941336
 0.000415 0.000613 0.970046 0.028926
 0.114460 0.014868 0.870257 0.000415
 0.000415 0.656419 0.014868 0.328298
 0.271273 0.000613 0.684932 0.043182
 0.000415 0.798980 0.057636 0.142969
 0.399592 0.086145 0.499592 0.014671
 0.941337 0.000613 0.000613 0.057437

MOTIF 17-CCAAGGTCA STREME-17
letter-probability matrix: alength= 4 w= 9 nsites= 1708 E= 3.4e-001
 0.080791 0.696917 0.003155 0.219137
 0.186828 0.675113 0.043725 0.094334
 0.873863 0.000081 0.115327 0.010729
 0.842549 0.067727 0.000081 0.089643
 0.042944 0.103068 0.829562 0.024425
 0.094784 0.000081 0.785575 0.119560
 0.151007 0.057580 0.005323 0.786090
 0.034757 0.895894 0.023768 0.045581
 0.842174 0.061349 0.059445 0.037032

MOTIF 18-GCGCATGCGCASDS STREME-18
letter-probability matrix: alength= 4 w= 14 nsites= 140 E= 4.4e-001
 0.132621 0.000271 0.866924 0.000184
 0.088477 0.911068 0.000271 0.000184
 0.056943 0.000271 0.942602 0.000184
 0.000184 0.999361 0.000271 0.000184
 0.700229 0.217329 0.082258 0.000184
 0.082170 0.173173 0.151632 0.593025
 0.000184 0.000271 0.999361 0.000184
 0.000184 0.999361 0.000271 0.000184
 0.012797 0.012885 0.955214 0.019104
 0.000184 0.948908 0.000271 0.050637
 0.967740 0.000271 0.031805 0.000184
 0.019103 0.448051 0.488516 0.044330
 0.374906 0.107484 0.195783 0.321827
 0.176771 0.387602 0.391296 0.044331

MOTIF 19-GGAGTTCGAGA STREME-19
letter-probability matrix: alength= 4 w= 11 nsites= 82 E= 6.5e-001
 0.142894 0.000680 0.840140 0.016286
 0.079588 0.016505 0.903446 0.000461
 0.982354 0.000680 0.016505 0.000461
 0.016286 0.016505 0.950924 0.016286
 0.130125 0.000680 0.027237 0.841958
 0.000461 0.000680 0.000680 0.998178
 0.016286 0.689519 0.027237 0.266959
 0.171631 0.048159 0.779749 0.000461
 0.998178 0.000680 0.000680 0.000461
 0.000461 0.000680 0.998397 0.000461
 0.998178 0.000680 0.000680 0.000461

MOTIF 20-CCRVGYMC STREME-20
letter-probability matrix: alength= 4 w= 8 nsites= 2032 E= 6.6e-001
 0.000269 0.957015 0.000397 0.042319
 0.000269 0.999065 0.000397 0.000269
 0.604536 0.031351 0.355454 0.008659
 0.426279 0.234358 0.339095 0.000269
 0.000269 0.000397 0.999065 0.000269
 0.000269 0.483704 0.000397 0.515630
 0.322581 0.639385 0.000397 0.037637
 0.000269 0.999065 0.000397 0.000269

MOTIF 21-AAGATGGCGGCS STREME-21
letter-probability matrix: alength= 4 w= 12 nsites= 136 E= 7.2e-001
 0.982073 0.000364 0.017315 0.000247
 0.931222 0.042740 0.000364 0.025673
 0.093492 0.085120 0.812666 0.008722
 0.999024 0.000364 0.000364 0.000247
 0.000247 0.000364 0.000364 0.999024
 0.000247 0.000364 0.999142 0.000247
 0.000247 0.000364 0.990667 0.008722
 0.000247 0.931337 0.000364 0.068051
 0.093478 0.071687 0.763266 0.071569
 0.034148 0.042742 0.888962 0.034148
 0.135853 0.795733 0.034265 0.034149
 0.071568 0.258166 0.475074 0.195192

MOTIF 22-AAAACAAA STREME-22
letter-probability matrix: alength= 4 w= 8 nsites= 897 E= 7.3e-001
 0.816092 0.033719 0.121234 0.028955
 0.919477 0.032504 0.043029 0.004990
 0.934275 0.016232 0.026833 0.022661
 0.679524 0.108999 0.195055 0.016422
 0.000325 0.967937 0.000480 0.031258
 0.954959 0.029107 0.015609 0.000325
 0.960313 0.038882 0.000480 0.000325
 0.858447 0.019650 0.121578 0.000325

MOTIF 23-CCTTCCC STREME-23
letter-probability matrix: alength= 4 w= 7 nsites= 592 E= 7.5e-001
 0.018364 0.936182 0.027091 0.018364
 0.018364 0.936182 0.027091 0.018364
 0.018364 0.027091 0.027091 0.927455
 0.018364 0.027091 0.027091 0.927455
 0.018364 0.936182 0.027091 0.018364
 0.018364 0.936182 0.027091 0.018364
 0.018364 0.936182 0.027091 0.018364

MOTIF 24-AAWAAAAAWAMAAAA STREME-24
letter-probability matrix: alength= 4 w= 15 nsites= 139 E= 8.0e-001
 0.992061 0.000398 0.000398 0.007142
 0.665189 0.324879 0.000398 0.009534
 0.594163 0.046720 0.015839 0.343278
 0.957699 0.000398 0.041632 0.000270
 0.952613 0.037454 0.009663 0.000270
 0.800538 0.013506 0.120837 0.065118
 0.989670 0.000398 0.000398 0.009534
 0.897027 0.065248 0.018927 0.018798
 0.628135 0.018926 0.009662 0.343277
 0.989669 0.009662 0.000398 0.000270
 0.567919 0.366564 0.055983 0.009534
 0.943349 0.009662 0.028192 0.018797
 0.905536 0.028190 0.034367 0.031906
 0.950521 0.024520 0.006161 0.018798
 0.998934 0.000398 0.000398 0.000270

MOTIF 25-CGTGAGCCACYGCGC STREME-25
letter-probability matrix: alength= 4 w= 15 nsites= 115 E= 1.3e+000
 0.046499 0.851130 0.000398 0.101974
 0.185191 0.111352 0.666204 0.037253
 0.028007 0.000398 0.000398 0.971198
 0.009515 0.037381 0.952834 0.000269
 0.878739 0.102103 0.018889 0.000269
 0.055744 0.018889 0.925097 0.000269
 0.000269 0.897359 0.018889 0.083482
 0.000269 0.980572 0.000398 0.018761
 0.989690 0.000398 0.009643 0.000269
 0.000269 0.980572 0.000398 0.018761
 0.028007 0.638458 0.009643 0.323892
 0.277651 0.009643 0.712436 0.000269
 0.046499 0.795649 0.000398 0.157455
 0.148207 0.000398 0.832634 0.018761
 0.000269 0.851128 0.000398 0.148205

MOTIF 26-CAGCACCKTGGACA STREME-26
letter-probability matrix: alength= 4 w= 14 nsites= 102 E= 1.3e+000
 0.015008 0.969358 0.000627 0.015008
 0.954573 0.029792 0.000627 0.015008
 0.000425 0.000627 0.998523 0.000425
 0.058759 0.896441 0.015210 0.029590
 0.998321 0.000627 0.000627 0.000425
 0.015008 0.925610 0.015210 0.044173
 0.000425 0.940192 0.029792 0.029590
 0.058762 0.131873 0.502656 0.306708
 0.015008 0.254730 0.088130 0.642133
 0.000425 0.029792 0.954775 0.015008
 0.029590 0.015210 0.925608 0.029592
 0.904773 0.079592 0.015210 0.000425
 0.000425 0.940191 0.058959 0.000425
 0.896242 0.029792 0.073540 0.000425

MOTIF 27-ACTACAAYTCCCAG STREME-27
letter-probability matrix: alength= 4 w= 14 nsites= 56 E= 1.3e+000
 0.997332 0.000996 0.000996 0.000675
 0.000675 0.997653 0.000996 0.000675
 0.000675 0.024173 0.000996 0.974155
 0.927802 0.000996 0.070526 0.000675
 0.000675 0.997653 0.000996 0.000675
 0.835093 0.024173 0.116882 0.023852
 0.626483 0.163240 0.093705 0.116572
 0.116558 0.510914 0.070526 0.302001
 0.000675 0.047350 0.000996 0.950979
 0.000675 0.974476 0.000996 0.023852
 0.000675 0.997653 0.000996 0.000675
 0.000675 0.997653 0.000996 0.000675
 0.904623 0.000996 0.093705 0.000675
 0.070208 0.024173 0.835414 0.070205

MOTIF 28-SSTGACGTCASS STREME-28
letter-probability matrix: alength= 4 w= 12 nsites= 42 E= 1.3e+000
 0.186896 0.240393 0.412442 0.160270
 0.178022 0.277603 0.437357 0.107018
 0.000517 0.011348 0.000763 0.987372
 0.009392 0.000763 0.909451 0.080394
 0.944705 0.000763 0.000763 0.053768
 0.000517 0.998202 0.000763 0.000517
 0.000517 0.000763 0.998202 0.000517
 0.053768 0.000763 0.000763 0.944705
 0.080394 0.909451 0.000763 0.009392
 0.987372 0.000763 0.011348 0.000517
 0.107018 0.437357 0.277603 0.178022
 0.160270 0.412442 0.240393 0.186896

MOTIF 29-AGGAAG STREME-29
letter-probability matrix: alength= 4 w= 6 nsites= 1472 E= 1.3e+000
 0.927455 0.027091 0.027091 0.018364
 0.018364 0.027091 0.936182 0.018364
 0.018364 0.027091 0.936182 0.018364
 0.927455 0.027091 0.027091 0.018364
 0.927455 0.027091 0.027091 0.018364
 0.018364 0.027091 0.936182 0.018364

MOTIF 30-CCRCCAGGGGGCG STREME-30
letter-probability matrix: alength= 4 w= 13 nsites= 76 E= 1.4e+000
 0.000565 0.978644 0.020226 0.000565
 0.000565 0.998036 0.000834 0.000565
 0.571080 0.020226 0.291761 0.116933
 0.000565 0.978644 0.020226 0.000565
 0.000565 0.862284 0.078409 0.058742
 0.997767 0.000834 0.000834 0.000565
 0.000565 0.000834 0.998036 0.000565
 0.155713 0.000834 0.842888 0.000565
 0.019957 0.008882 0.854236 0.116925
 0.000565 0.020226 0.978644 0.000565
 0.000565 0.000834 0.998036 0.000565
 0.019957 0.978644 0.000834 0.000565
 0.233302 0.000834 0.765299 0.000565

MOTIF 31-CTGCAGCCCCT STREME-31
letter-probability matrix: alength= 4 w= 11 nsites= 655 E= 1.4e+000
 0.012629 0.900979 0.047270 0.039122
 0.007911 0.055170 0.038239 0.898680
 0.083637 0.000148 0.815093 0.101122
 0.011841 0.953028 0.008618 0.026513
 0.908038 0.004360 0.061675 0.025927
 0.092465 0.066280 0.789922 0.051332
 0.081030 0.830159 0.010203 0.078608
 0.076822 0.756265 0.074697 0.092217
 0.130940 0.700557 0.108729 0.059773
 0.042274 0.806897 0.118841 0.031988
 0.101701 0.018602 0.174299 0.705397

MOTIF 32-ACTCACC STREME-32
letter-probability matrix: alength= 4 w= 7 nsites= 208 E= 1.4e+000
 0.927455 0.027091 0.027091 0.018364
 0.018364 0.936182 0.027091 0.018364
 0.018364 0.027091 0.027091 0.927455
 0.018364 0.936182 0.027091 0.018364
 0.927455 0.027091 0.027091 0.018364
 0.018364 0.936182 0.027091 0.018364
 0.018364 0.936182 0.027091 0.018364

MOTIF 33-ATGACTCA STREME-33
letter-probability matrix: alength= 4 w= 8 nsites= 264 E= 1.5e+000
 0.998059 0.000725 0.000725 0.000491
 0.000491 0.000725 0.000725 0.998059
 0.070107 0.000725 0.870481 0.058687
 0.998059 0.000725 0.000725 0.000491
 0.030284 0.821987 0.073702 0.074027
 0.000491 0.000725 0.223232 0.775551
 0.112323 0.745168 0.083182 0.059326
 0.998059 0.000725 0.000725 0.000491

MOTIF 34-ACACACACRCRC STREME-34
letter-probability matrix: alength= 4 w= 12 nsites= 132 E= 1.6e+000
 0.997930 0.000773 0.000773 0.000524
 0.000524 0.962217 0.036735 0.000524
 0.851949 0.000773 0.110794 0.036484
 0.036484 0.908277 0.054715 0.000524
 0.850879 0.000773 0.147824 0.000524
 0.000524 0.980199 0.000773 0.018504
 0.943983 0.000773 0.036740 0.018504
 0.000524 0.998179 0.000773 0.000524
 0.362229 0.000773 0.636474 0.000524
 0.054466 0.818376 0.000773 0.126385
 0.380395 0.072695 0.546386 0.000524
 0.000524 0.900809 0.008235 0.090432

MOTIF 35-CACATTCC STREME-35
letter-probability matrix: alength= 4 w= 8 nsites= 92 E= 1.6e+000
 0.018364 0.936182 0.027091 0.018364
 0.927455 0.027091 0.027091 0.018364
 0.018364 0.936182 0.027091 0.018364
 0.927455 0.027091 0.027091 0.018364
 0.018364 0.027091 0.027091 0.927455
 0.018364 0.027091 0.027091 0.927455
 0.018364 0.936182 0.027091 0.018364
 0.018364 0.936182 0.027091 0.018364

MOTIF 36-CTTGGGGTC STREME-36
letter-probability matrix: alength= 4 w= 9 nsites= 359 E= 1.7e+000
 0.000296 0.775289 0.163625 0.060789
 0.039558 0.000437 0.007805 0.952200
 0.000296 0.041497 0.000437 0.957770
 0.178412 0.214487 0.544500 0.062602
 0.141571 0.031473 0.826660 0.000296
 0.000296 0.181581 0.690394 0.127729
 0.093285 0.000437 0.882036 0.024243
 0.048410 0.000437 0.000437 0.950715
 0.011410 0.987857 0.000437 0.000296

MOTIF 37-AGRTGA STREME-37
letter-probability matrix: alength= 4 w= 6 nsites= 2345 E= 1.7e+000
 0.995928 0.001521 0.001521 0.001031
 0.001031 0.001521 0.996418 0.001031
 0.571614 0.001521 0.425835 0.001031
 0.001031 0.001521 0.001521 0.995928
 0.284721 0.001521 0.712728 0.001031
 0.995928 0.001521 0.001521 0.001031

MOTIF 38-CAAAGTCCA STREME-38
letter-probability matrix: alength= 4 w= 9 nsites= 586 E= 1.9e+000
 0.000193 0.810152 0.000284 0.189371
 0.800493 0.070579 0.128735 0.000193
 0.872637 0.000284 0.078104 0.048975
 0.906055 0.003026 0.077279 0.013640
 0.000193 0.000284 0.976382 0.023142
 0.024607 0.032236 0.028682 0.914475
 0.000193 0.921698 0.077917 0.000193
 0.007899 0.707421 0.173531 0.111149
 0.776478 0.045922 0.027243 0.150357

MOTIF 39-CAGCAGCAGCA STREME-39
letter-probability matrix: alength= 4 w= 11 nsites= 197 E= 2.0e+000
 0.041865 0.915015 0.038065 0.005056
 0.842717 0.049718 0.107285 0.000280
 0.089286 0.000413 0.877191 0.033110
 0.000280 0.833253 0.000413 0.166054
 0.907508 0.000413 0.061700 0.030379
 0.005970 0.152353 0.808569 0.033108
 0.030494 0.862012 0.000413 0.107081
 0.954587 0.000413 0.000413 0.044587
 0.012297 0.000413 0.972020 0.015270
 0.000280 0.999026 0.000413 0.000280
 0.793369 0.000413 0.050091 0.156127

MOTIF 40-GAATGAATGA STREME-40
letter-probability matrix: alength= 4 w= 10 nsites= 70 E= 9.5e+000
 0.060533 0.000859 0.855732 0.082876
 0.964170 0.000859 0.000859 0.034112
 0.937746 0.000859 0.060813 0.000582
 0.220442 0.080779 0.000859 0.697920
 0.000582 0.000859 0.997977 0.000582
 0.997700 0.000859 0.000859 0.000582
 0.997700 0.000859 0.000859 0.000582
 0.000582 0.160704 0.000859 0.837855
 0.048841 0.060804 0.889773 0.000582
 0.884210 0.000859 0.114348 0.000582

MOTIF 41-CCGTATTTC STREME-41
letter-probability matrix: alength= 4 w= 9 nsites= 142 E= 9.5e+000
 0.030699 0.956009 0.000841 0.012452
 0.000570 0.934391 0.000841 0.064198
 0.087396 0.000841 0.806501 0.105263
 0.000570 0.000841 0.057690 0.940900
 0.929745 0.000841 0.000841 0.068574
 0.000570 0.000841 0.063286 0.935304
 0.000570 0.000841 0.033658 0.964931
 0.030699 0.097368 0.028369 0.843565
 0.059241 0.889653 0.000841 0.050265

MOTIF 42-AGGGAGGGAGGGAGA STREME-42
letter-probability matrix: alength= 4 w= 15 nsites= 45 E= 3.2e+001
 0.943932 0.054769 0.000774 0.000525
 0.000525 0.000774 0.980179 0.018523
 0.036522 0.108766 0.836189 0.018523
 0.000525 0.000774 0.890186 0.108516
 0.889937 0.054769 0.000774 0.054520
 0.000525 0.090767 0.890186 0.018523
 0.126516 0.036772 0.836187 0.000525
 0.090519 0.054769 0.854187 0.000525
 0.828470 0.036771 0.090768 0.043991
 0.000525 0.000774 0.998177 0.000525
 0.054520 0.162764 0.782191 0.000525
 0.054520 0.072768 0.854189 0.018523
 0.925934 0.036771 0.018772 0.018523
 0.072521 0.026242 0.792722 0.108516
 0.529956 0.216759 0.144768 0.108518

********************************************************************************
Stopped because 3 consecutive motifs exceeded the p-value threshold (0.05).
********************************************************************************
COMMAND:	streme --verbosity 1 --oc meme_out_incomplete_DL/HepG2_GZF1-human_ENCFF338SBU/streme_out -dna --seed 0 --p meme_out_incomplete_DL/HepG2_GZF1-human_ENCFF338SBU/seqs-centered --minw 6 --maxw 15 --time 6189 --order 2 --thresh 0.05 --align center --totallength 4000000 --parse-genomic-coord
********************************************************************************
CPU:		9f05ee173ae9
********************************************************************************
FINALTIME:	762.49 seconds
********************************************************************************
