DB 1 MOTIF	2-ACTTCCKGT	STREME-2
-187.5	3
-186.5	2
-185.5	3
-184.5	1
-183.5	1
-182.5	3
-181.5	1
-180.5	2
-179.5	2
-178.5	3
-177.5	3
-176.5	2
-175.5	0
-174.5	4
-173.5	0
-172.5	4
-171.5	3
-170.5	1
-169.5	4
-168.5	2
-167.5	2
-166.5	3
-165.5	1
-164.5	1
-163.5	3
-162.5	1
-161.5	8
-160.5	1
-159.5	3
-158.5	1
-157.5	3.5
-156.5	3
-155.5	2
-154.5	1
-153.5	1
-152.5	1
-151.5	2
-150.5	1
-149.5	0
-148.5	4
-147.5	2
-146.5	3
-145.5	5
-144.5	3
-143.5	0
-142.5	1
-141.5	1
-140.5	2
-139.5	4
-138.5	6
-137.5	3
-136.5	0
-135.5	2
-134.5	2
-133.5	1
-132.5	3
-131.5	1
-130.5	0
-129.5	3
-128.5	2
-127.5	1
-126.5	1
-125.5	2
-124.5	3
-123.5	5
-122.5	3
-121.5	2
-120.5	2
-119.5	4
-118.5	3
-117.5	4
-116.5	4
-115.5	4
-114.5	4.5
-113.5	1
-112.5	4
-111.5	3
-110.5	2
-109.5	4
-108.5	2
-107.5	1
-106.5	0
-105.5	1
-104.5	2
-103.5	6
-102.5	0
-101.5	3
-100.5	2
 -99.5	4
 -98.5	5
 -97.5	4
 -96.5	4
 -95.5	4
 -94.5	7
 -93.5	1
 -92.5	3
 -91.5	1
 -90.5	3
 -89.5	3
 -88.5	1
 -87.5	5
 -86.5	2
 -85.5	3
 -84.5	4
 -83.5	5
 -82.5	5
 -81.5	1.5
 -80.5	2
 -79.5	11
 -78.5	8
 -77.5	4
 -76.5	6
 -75.5	3.5
 -74.5	3
 -73.5	2
 -72.5	1
 -71.5	1
 -70.5	3
 -69.5	0
 -68.5	4.5
 -67.5	1
 -66.5	2
 -65.5	1
 -64.5	5
 -63.5	1
 -62.5	2
 -61.5	8
 -60.5	3
 -59.5	4
 -58.5	0
 -57.5	5
 -56.5	2
 -55.5	6
 -54.5	3.5
 -53.5	8.5
 -52.5	3
 -51.5	4
 -50.5	0
 -49.5	4
 -48.5	4
 -47.5	4
 -46.5	1
 -45.5	2
 -44.5	2
 -43.5	2
 -42.5	1
 -41.5	3
 -40.5	4
 -39.5	1
 -38.5	3
 -37.5	5
 -36.5	4
 -35.5	3
 -34.5	4
 -33.5	1.5
 -32.5	2
 -31.5	7
 -30.5	3
 -29.5	5
 -28.5	3
 -27.5	4
 -26.5	2
 -25.5	2
 -24.5	0
 -23.5	0
 -22.5	3
 -21.5	4
 -20.5	2
 -19.5	4
 -18.5	0
 -17.5	4
 -16.5	4.5
 -15.5	4
 -14.5	2
 -13.5	5
 -12.5	1
 -11.5	4
 -10.5	6
  -9.5	1
  -8.5	5
  -7.5	1
  -6.5	4
  -5.5	2
  -4.5	1
  -3.5	2
  -2.5	4
  -1.5	2
  -0.5	0
   0.5	2
   1.5	3
   2.5	4
   3.5	1
   4.5	0
   5.5	2
   6.5	3
   7.5	2.5
   8.5	3
   9.5	2
  10.5	0
  11.5	4
  12.5	2
  13.5	3
  14.5	3.5
  15.5	4
  16.5	1
  17.5	2
  18.5	2.5
  19.5	5.5
  20.5	0
  21.5	2
  22.5	0
  23.5	5
  24.5	4
  25.5	4
  26.5	3
  27.5	2
  28.5	2
  29.5	4
  30.5	6
  31.5	3
  32.5	4.5
  33.5	4
  34.5	3
  35.5	4.5
  36.5	2
  37.5	0
  38.5	1
  39.5	2
  40.5	2
  41.5	2
  42.5	2
  43.5	0
  44.5	4
  45.5	3
  46.5	3
  47.5	3.5
  48.5	6
  49.5	2
  50.5	2.5
  51.5	6
  52.5	2
  53.5	0.5
  54.5	1
  55.5	0.5
  56.5	4
  57.5	2
  58.5	5
  59.5	3
  60.5	3
  61.5	3
  62.5	9
  63.5	6
  64.5	2
  65.5	3.5
  66.5	3
  67.5	3
  68.5	3
  69.5	2
  70.5	4
  71.5	2
  72.5	6
  73.5	3.5
  74.5	1
  75.5	1
  76.5	1
  77.5	5
  78.5	5
  79.5	3
  80.5	4
  81.5	6
  82.5	3
  83.5	2
  84.5	3
  85.5	3
  86.5	4
  87.5	2
  88.5	4
  89.5	5
  90.5	2
  91.5	1
  92.5	2
  93.5	2
  94.5	4
  95.5	4
  96.5	7
  97.5	2
  98.5	2
  99.5	2
 100.5	1
 101.5	0
 102.5	2
 103.5	3
 104.5	2
 105.5	5
 106.5	4
 107.5	1
 108.5	4
 109.5	4
 110.5	3
 111.5	3
 112.5	2
 113.5	2
 114.5	1
 115.5	0
 116.5	2
 117.5	2
 118.5	1
 119.5	2
 120.5	3
 121.5	4
 122.5	1
 123.5	1
 124.5	4
 125.5	1
 126.5	3
 127.5	5
 128.5	0
 129.5	1
 130.5	2
 131.5	3
 132.5	1
 133.5	3
 134.5	1
 135.5	0
 136.5	5
 137.5	3
 138.5	2
 139.5	3
 140.5	1
 141.5	4
 142.5	1
 143.5	5
 144.5	3
 145.5	2
 146.5	2
 147.5	7
 148.5	5
 149.5	4
 150.5	4
 151.5	4
 152.5	3
 153.5	3
 154.5	2
 155.5	3
 156.5	0
 157.5	4
 158.5	5
 159.5	3
 160.5	3
 161.5	1
 162.5	3
 163.5	1
 164.5	0
 165.5	3
 166.5	3
 167.5	2
 168.5	1
 169.5	0
 170.5	1
 171.5	0
 172.5	3
 173.5	2
 174.5	2
 175.5	7
 176.5	1
 177.5	0.5
 178.5	3
 179.5	4
 180.5	3
 181.5	4
 182.5	0
 183.5	3
 184.5	1
 185.5	2
 186.5	0
 187.5	2
DB 1 MOTIF	5-CTTTGATCT	STREME-5
-187.5	3
-186.5	6
-185.5	2
-184.5	4
-183.5	1
-182.5	3
-181.5	6
-180.5	1
-179.5	2
-178.5	1
-177.5	4
-176.5	1
-175.5	2
-174.5	0
-173.5	1
-172.5	4.5
-171.5	0
-170.5	0
-169.5	4
-168.5	2
-167.5	3
-166.5	5.33333
-165.5	3
-164.5	4
-163.5	1
-162.5	4
-161.5	4.33333
-160.5	0
-159.5	3
-158.5	4
-157.5	4
-156.5	2
-155.5	1
-154.5	1
-153.5	2
-152.5	1
-151.5	4
-150.5	3
-149.5	3.33333
-148.5	6
-147.5	3
-146.5	5
-145.5	4
-144.5	3
-143.5	2
-142.5	4
-141.5	5
-140.5	2
-139.5	4
-138.5	2
-137.5	4
-136.5	7
-135.5	3
-134.5	2
-133.5	3
-132.5	0
-131.5	4
-130.5	3
-129.5	2
-128.5	2
-127.5	3.5
-126.5	3
-125.5	4
-124.5	1
-123.5	2
-122.5	1
-121.5	2
-120.5	3
-119.5	2
-118.5	7
-117.5	4
-116.5	4
-115.5	6
-114.5	3
-113.5	6
-112.5	3
-111.5	4.5
-110.5	3.5
-109.5	3
-108.5	4
-107.5	4
-106.5	0
-105.5	1.5
-104.5	4
-103.5	5
-102.5	4.33333
-101.5	4
-100.5	1
 -99.5	4
 -98.5	1.5
 -97.5	3
 -96.5	2
 -95.5	2
 -94.5	6
 -93.5	1
 -92.5	3
 -91.5	5.5
 -90.5	8
 -89.5	6
 -88.5	5
 -87.5	3.33333
 -86.5	6
 -85.5	3
 -84.5	4
 -83.5	4
 -82.5	1
 -81.5	2.5
 -80.5	7
 -79.5	4
 -78.5	1
 -77.5	2
 -76.5	2
 -75.5	5
 -74.5	4
 -73.5	2
 -72.5	2
 -71.5	4
 -70.5	4
 -69.5	6
 -68.5	7
 -67.5	5
 -66.5	2
 -65.5	4
 -64.5	5
 -63.5	6
 -62.5	6
 -61.5	3.33333
 -60.5	7
 -59.5	4
 -58.5	6
 -57.5	3
 -56.5	3
 -55.5	5
 -54.5	5
 -53.5	2
 -52.5	5
 -51.5	3
 -50.5	3
 -49.5	4
 -48.5	3
 -47.5	1.5
 -46.5	1
 -45.5	2
 -44.5	4
 -43.5	2.5
 -42.5	2
 -41.5	4
 -40.5	1
 -39.5	3
 -38.5	2
 -37.5	5
 -36.5	1
 -35.5	3
 -34.5	8
 -33.5	2
 -32.5	6
 -31.5	1
 -30.5	7
 -29.5	3.33333
 -28.5	2.5
 -27.5	5
 -26.5	5.33333
 -25.5	2
 -24.5	4
 -23.5	6
 -22.5	7
 -21.5	5.5
 -20.5	1
 -19.5	2.5
 -18.5	2
 -17.5	7
 -16.5	3.2
 -15.5	5
 -14.5	4
 -13.5	8
 -12.5	2
 -11.5	5
 -10.5	2
  -9.5	3
  -8.5	7
  -7.5	5
  -6.5	2
  -5.5	6
  -4.5	2
  -3.5	4
  -2.5	1
  -1.5	1
  -0.5	3
   0.5	5
   1.5	2
   2.5	0
   3.5	2
   4.5	1
   5.5	9
   6.5	3
   7.5	2
   8.5	2
   9.5	6
  10.5	6
  11.5	4
  12.5	1
  13.5	2
  14.5	2
  15.5	4
  16.5	3
  17.5	4.5
  18.5	3
  19.5	4
  20.5	3
  21.5	0
  22.5	4
  23.5	5
  24.5	1
  25.5	4
  26.5	7
  27.5	5
  28.5	6.5
  29.5	3
  30.5	2
  31.5	1
  32.5	4.2
  33.5	3
  34.5	2.5
  35.5	5
  36.5	5
  37.5	3
  38.5	1
  39.5	2
  40.5	4
  41.5	2
  42.5	3
  43.5	5
  44.5	2
  45.5	5
  46.5	3
  47.5	0
  48.5	3
  49.5	5
  50.5	0
  51.5	3
  52.5	4
  53.5	5
  54.5	3
  55.5	4
  56.5	2
  57.5	5
  58.5	7
  59.5	3
  60.5	1
  61.5	1
  62.5	3
  63.5	4
  64.5	4
  65.5	2
  66.5	0
  67.5	4
  68.5	5
  69.5	3
  70.5	7
  71.5	1
  72.5	7
  73.5	4
  74.5	1
  75.5	6.2
  76.5	7
  77.5	2
  78.5	3
  79.5	4
  80.5	2
  81.5	2
  82.5	1.5
  83.5	5
  84.5	3
  85.5	4.33333
  86.5	2
  87.5	6
  88.5	1
  89.5	2
  90.5	3
  91.5	2
  92.5	3.5
  93.5	4.5
  94.5	2
  95.5	1
  96.5	5
  97.5	3.33333
  98.5	4
  99.5	6
 100.5	3
 101.5	3
 102.5	3
 103.5	5
 104.5	1
 105.5	2
 106.5	4
 107.5	3
 108.5	3
 109.5	0
 110.5	5
 111.5	2
 112.5	3
 113.5	2
 114.5	2
 115.5	3
 116.5	4
 117.5	1
 118.5	2
 119.5	3
 120.5	3.5
 121.5	5
 122.5	0.2
 123.5	4
 124.5	6
 125.5	5
 126.5	5.5
 127.5	1
 128.5	1
 129.5	5
 130.5	3
 131.5	2
 132.5	2
 133.5	4
 134.5	5
 135.5	2
 136.5	3.33333
 137.5	7
 138.5	5
 139.5	6
 140.5	3
 141.5	2
 142.5	2
 143.5	7
 144.5	9
 145.5	1
 146.5	4
 147.5	7
 148.5	2
 149.5	1
 150.5	0
 151.5	3
 152.5	0
 153.5	3
 154.5	0
 155.5	5.5
 156.5	0.5
 157.5	6
 158.5	6
 159.5	2
 160.5	4
 161.5	2
 162.5	3
 163.5	3.2
 164.5	3
 165.5	4
 166.5	2
 167.5	5
 168.5	1
 169.5	2
 170.5	2
 171.5	2
 172.5	1.5
 173.5	4
 174.5	0
 175.5	4
 176.5	5
 177.5	3
 178.5	2
 179.5	7
 180.5	0
 181.5	1
 182.5	2
 183.5	1
 184.5	2
 185.5	2.33333
 186.5	3
 187.5	5
DB 1 MOTIF	6-CAAAGTCCAD	STREME-6
-187.0	0
-186.0	2
-185.0	4
-184.0	3
-183.0	5
-182.0	4
-181.0	0
-180.0	4
-179.0	8
-178.0	0
-177.0	1
-176.0	2
-175.0	8
-174.0	0
-173.0	0
-172.0	5
-171.0	5
-170.0	4
-169.0	7
-168.0	7
-167.0	5
-166.0	4
-165.0	5
-164.0	4
-163.0	1
-162.0	2
-161.0	2
-160.0	2
-159.0	2
-158.0	3
-157.0	4
-156.0	1
-155.0	5
-154.0	2
-153.0	2
-152.0	3
-151.0	4
-150.0	1
-149.0	5
-148.0	4
-147.0	3
-146.0	6
-145.0	2
-144.0	6
-143.0	7
-142.0	1
-141.0	1
-140.0	0
-139.0	4
-138.0	6
-137.0	6.2
-136.0	5
-135.0	4
-134.0	2
-133.0	2
-132.0	7
-131.0	2
-130.0	1
-129.0	1
-128.0	2
-127.0	0
-126.0	2
-125.0	3
-124.0	5.5
-123.0	5
-122.0	5
-121.0	5
-120.0	4
-119.0	4
-118.0	2
-117.0	2
-116.0	6.5
-115.0	1
-114.0	1
-113.0	2
-112.0	3
-111.0	2
-110.0	3
-109.0	4
-108.0	2
-107.0	3
-106.0	5
-105.0	4
-104.0	2
-103.0	3
-102.0	3
-101.0	4
-100.0	1
 -99.0	4
 -98.0	1
 -97.0	7
 -96.0	2
 -95.0	3
 -94.0	4
 -93.0	2
 -92.0	1
 -91.0	2
 -90.0	2
 -89.0	1
 -88.0	9
 -87.0	2
 -86.0	1
 -85.0	3
 -84.0	7
 -83.0	2
 -82.0	9
 -81.0	3
 -80.0	3
 -79.0	0
 -78.0	1
 -77.0	3
 -76.0	5
 -75.0	3
 -74.0	8
 -73.0	3
 -72.0	3
 -71.0	3
 -70.0	4
 -69.0	7
 -68.0	5
 -67.0	7.2
 -66.0	5
 -65.0	1
 -64.0	6
 -63.0	3
 -62.0	5
 -61.0	1
 -60.0	6
 -59.0	3
 -58.0	4
 -57.0	4
 -56.0	7
 -55.0	5
 -54.0	5
 -53.0	5
 -52.0	2
 -51.0	1
 -50.0	2
 -49.0	5
 -48.0	4
 -47.0	4
 -46.0	3
 -45.0	2
 -44.0	4
 -43.0	4
 -42.0	6
 -41.0	2
 -40.0	4
 -39.0	6
 -38.0	3
 -37.0	1
 -36.0	4
 -35.0	0
 -34.0	4
 -33.0	6
 -32.0	1
 -31.0	3
 -30.0	8
 -29.0	7
 -28.0	8
 -27.0	3
 -26.0	8
 -25.0	2
 -24.0	4
 -23.0	5
 -22.0	6
 -21.0	1
 -20.0	3
 -19.0	5
 -18.0	8
 -17.0	7
 -16.0	2
 -15.0	5
 -14.0	4
 -13.0	2.5
 -12.0	5
 -11.0	4
 -10.0	4
  -9.0	5
  -8.0	3
  -7.0	2
  -6.0	7
  -5.0	5
  -4.0	3
  -3.0	7
  -2.0	2.5
  -1.0	5
   0.0	8
   1.0	2
   2.0	3
   3.0	4.2
   4.0	7
   5.0	5
   6.0	5
   7.0	4
   8.0	3
   9.0	3
  10.0	3
  11.0	4
  12.0	6
  13.0	3
  14.0	4.5
  15.0	6
  16.0	6
  17.0	5
  18.0	6
  19.0	9
  20.0	1
  21.0	5
  22.0	4
  23.0	4
  24.0	3
  25.0	3
  26.0	4
  27.0	2
  28.0	3
  29.0	6
  30.0	3
  31.0	1
  32.0	5
  33.0	5
  34.0	7
  35.0	1
  36.0	5
  37.0	4
  38.0	3
  39.0	2
  40.0	8
  41.0	2
  42.0	6
  43.0	4
  44.0	2
  45.0	5
  46.0	4
  47.0	7
  48.0	2
  49.0	2
  50.0	3
  51.0	4
  52.0	0
  53.0	3
  54.0	1
  55.0	1
  56.0	4
  57.0	1
  58.0	5
  59.0	5
  60.0	2.5
  61.0	2
  62.0	7.5
  63.0	3
  64.0	4
  65.0	3
  66.0	3
  67.0	1
  68.0	2
  69.0	1
  70.0	4
  71.0	6
  72.0	2
  73.0	6.2
  74.0	1
  75.0	5
  76.0	6
  77.0	3
  78.0	2
  79.0	6.5
  80.0	6
  81.0	1
  82.0	2
  83.0	4
  84.0	1
  85.0	2
  86.0	6
  87.0	6
  88.0	6
  89.0	2
  90.0	5
  91.0	2
  92.0	6
  93.0	3
  94.0	3
  95.0	3
  96.0	3
  97.0	6
  98.0	5
  99.0	0
 100.0	4
 101.0	2
 102.0	6
 103.0	3
 104.0	1
 105.0	4
 106.0	6
 107.0	2
 108.0	8
 109.0	2
 110.0	4
 111.0	6
 112.0	5
 113.0	2
 114.0	4
 115.0	3
 116.0	2
 117.0	5
 118.0	3
 119.0	2
 120.0	3
 121.0	3
 122.0	6
 123.0	2
 124.0	0
 125.0	2
 126.0	2
 127.0	2
 128.0	4
 129.0	6
 130.0	4
 131.0	2
 132.0	3
 133.0	4
 134.0	6
 135.0	1
 136.0	1
 137.0	2
 138.0	0
 139.0	2
 140.0	2
 141.0	0
 142.0	1
 143.0	0.2
 144.0	3
 145.0	5
 146.0	1
 147.0	3
 148.0	2
 149.0	3
 150.0	3
 151.0	2
 152.0	6
 153.0	3
 154.0	2
 155.0	6
 156.0	3
 157.0	4
 158.0	2
 159.0	6
 160.0	2
 161.0	5
 162.0	6
 163.0	3
 164.0	3
 165.0	1
 166.0	4
 167.0	2
 168.0	2
 169.0	4
 170.0	4
 171.0	5
 172.0	3
 173.0	2
 174.0	2
 175.0	2
 176.0	4
 177.0	6
 178.0	3
 179.0	2
 180.0	4
 181.0	2
 182.0	6
 183.0	1
 184.0	2
 185.0	2
 186.0	1
 187.0	3
DB 1 MOTIF	10-CMAAGGTCA	STREME-10
-187.5	5
-186.5	2
-185.5	2
-184.5	5
-183.5	4
-182.5	4
-181.5	2
-180.5	5
-179.5	4
-178.5	2
-177.5	4
-176.5	4
-175.5	8
-174.5	5
-173.5	2
-172.5	6
-171.5	11
-170.5	2
-169.5	6
-168.5	2.5
-167.5	8
-166.5	0.25
-165.5	5
-164.5	2
-163.5	3
-162.5	5
-161.5	9
-160.5	1
-159.5	10.5
-158.5	3
-157.5	6
-156.5	8.1
-155.5	3
-154.5	6
-153.5	4
-152.5	1
-151.5	5
-150.5	1
-149.5	2
-148.5	2
-147.5	6
-146.5	1
-145.5	7
-144.5	5
-143.5	5
-142.5	9.1
-141.5	4
-140.5	7
-139.5	3
-138.5	5.5
-137.5	4
-136.5	3
-135.5	5
-134.5	4
-133.5	5
-132.5	2
-131.5	4
-130.5	2
-129.5	7
-128.5	3
-127.5	4
-126.5	3
-125.5	5
-124.5	6
-123.5	3
-122.5	5
-121.5	7
-120.5	6
-119.5	4
-118.5	7
-117.5	4
-116.5	11
-115.5	5
-114.5	6
-113.5	5
-112.5	0
-111.5	2
-110.5	5
-109.5	3
-108.5	5
-107.5	1
-106.5	3.25
-105.5	1
-104.5	5.1
-103.5	3
-102.5	4
-101.5	4
-100.5	5
 -99.5	8
 -98.5	5
 -97.5	3
 -96.5	4
 -95.5	7
 -94.5	5
 -93.5	2
 -92.5	5
 -91.5	7.6
 -90.5	6
 -89.5	2
 -88.5	9
 -87.5	6
 -86.5	1.5
 -85.5	5
 -84.5	4
 -83.5	1
 -82.5	3
 -81.5	3
 -80.5	2
 -79.5	2.5
 -78.5	6
 -77.5	1
 -76.5	2
 -75.5	6
 -74.5	7
 -73.5	4
 -72.5	4
 -71.5	3
 -70.5	6
 -69.5	2
 -68.5	5.1
 -67.5	6
 -66.5	2
 -65.5	4
 -64.5	5
 -63.5	4
 -62.5	9
 -61.5	3
 -60.5	1
 -59.5	6
 -58.5	3
 -57.5	5
 -56.5	4
 -55.5	10
 -54.5	3
 -53.5	6
 -52.5	4.5
 -51.5	4
 -50.5	7
 -49.5	6
 -48.5	3
 -47.5	7
 -46.5	8.25
 -45.5	2
 -44.5	7.1
 -43.5	4
 -42.5	4
 -41.5	3
 -40.5	1
 -39.5	5.1
 -38.5	7
 -37.5	9
 -36.5	3
 -35.5	3
 -34.5	4
 -33.5	4
 -32.5	3
 -31.5	6
 -30.5	4
 -29.5	7
 -28.5	8
 -27.5	4
 -26.5	11.1
 -25.5	4.5
 -24.5	7
 -23.5	6
 -22.5	3
 -21.5	4
 -20.5	4.1
 -19.5	4.5
 -18.5	5
 -17.5	8
 -16.5	5
 -15.5	2.5
 -14.5	3
 -13.5	4.5
 -12.5	7
 -11.5	3.5
 -10.5	7
  -9.5	5
  -8.5	2
  -7.5	3
  -6.5	5
  -5.5	6
  -4.5	9
  -3.5	12
  -2.5	9
  -1.5	6
  -0.5	6.1
   0.5	6
   1.5	1
   2.5	2
   3.5	4
   4.5	1
   5.5	7
   6.5	11
   7.5	5
   8.5	5
   9.5	3.1
  10.5	10
  11.5	3
  12.5	3
  13.5	10.25
  14.5	6
  15.5	3
  16.5	6
  17.5	4
  18.5	7
  19.5	7
  20.5	4
  21.5	5
  22.5	4
  23.5	3
  24.5	4
  25.5	12.1
  26.5	7
  27.5	6
  28.5	5
  29.5	8
  30.5	3
  31.5	11
  32.5	3
  33.5	3.1
  34.5	6
  35.5	4
  36.5	5
  37.5	5
  38.5	3.1
  39.5	4
  40.5	5.5
  41.5	7
  42.5	7
  43.5	9
  44.5	4
  45.5	2
  46.5	6
  47.5	5
  48.5	4.5
  49.5	4
  50.5	5
  51.5	5
  52.5	7
  53.5	4
  54.5	1
  55.5	9
  56.5	8
  57.5	6
  58.5	4
  59.5	4
  60.5	6
  61.5	4
  62.5	2
  63.5	9
  64.5	4
  65.5	2
  66.5	3
  67.5	7
  68.5	5
  69.5	5
  70.5	6
  71.5	5
  72.5	6
  73.5	5
  74.5	6.5
  75.5	10
  76.5	4
  77.5	2.1
  78.5	6
  79.5	9
  80.5	5
  81.5	3
  82.5	3
  83.5	5
  84.5	4
  85.5	5
  86.5	5
  87.5	6
  88.5	7
  89.5	6
  90.5	5
  91.5	6
  92.5	5
  93.5	1
  94.5	6
  95.5	2
  96.5	4
  97.5	3
  98.5	4
  99.5	6
 100.5	5
 101.5	5
 102.5	4
 103.5	1
 104.5	8
 105.5	6.1
 106.5	4
 107.5	7
 108.5	3
 109.5	5
 110.5	4
 111.5	6
 112.5	3
 113.5	4
 114.5	3
 115.5	3
 116.5	8.6
 117.5	2
 118.5	4.33333
 119.5	1
 120.5	2
 121.5	4
 122.5	5
 123.5	2
 124.5	3.5
 125.5	4
 126.5	8
 127.5	5
 128.5	2
 129.5	3.1
 130.5	5
 131.5	3
 132.5	5
 133.5	10
 134.5	1
 135.5	8
 136.5	5
 137.5	2.5
 138.5	2.5
 139.5	1
 140.5	5
 141.5	2
 142.5	3
 143.5	5.33333
 144.5	4
 145.5	4
 146.5	4
 147.5	2
 148.5	6
 149.5	6
 150.5	2
 151.5	4
 152.5	3.5
 153.5	4.1
 154.5	2
 155.5	5.5
 156.5	3.5
 157.5	3
 158.5	4
 159.5	6
 160.5	8
 161.5	6
 162.5	7
 163.5	3
 164.5	0
 165.5	6
 166.5	3
 167.5	3
 168.5	6.33333
 169.5	1
 170.5	3
 171.5	6
 172.5	4
 173.5	3
 174.5	6
 175.5	4.1
 176.5	5
 177.5	7
 178.5	7
 179.5	0
 180.5	1
 181.5	3
 182.5	6
 183.5	1
 184.5	2
 185.5	4
 186.5	4
 187.5	6
DB 1 MOTIF	19-CACYAGRGGGCR	STREME-19
-186.0	2
-185.0	2
-184.0	1
-183.0	3
-182.0	1
-181.0	2
-180.0	2
-179.0	0
-178.0	3
-177.0	1
-176.0	0
-175.0	1
-174.0	2
-173.0	2
-172.0	1
-171.0	4
-170.0	2
-169.0	4
-168.0	1
-167.0	8
-166.0	4
-165.0	3
-164.0	4
-163.0	1
-162.0	1
-161.0	5
-160.0	1
-159.0	0
-158.0	1
-157.0	3
-156.0	4
-155.0	2
-154.0	2
-153.0	2
-152.0	1
-151.0	1
-150.0	3
-149.0	2
-148.0	0
-147.0	1
-146.0	1
-145.0	1
-144.0	1
-143.0	0
-142.0	2
-141.0	2
-140.0	2
-139.0	0
-138.0	2
-137.0	2
-136.0	2
-135.0	2
-134.0	6
-133.0	1
-132.0	4
-131.0	4
-130.0	2
-129.0	4
-128.0	4
-127.0	2
-126.0	6
-125.0	2
-124.0	0
-123.0	1
-122.0	1
-121.0	4
-120.0	5
-119.0	2
-118.0	0
-117.0	2.5
-116.0	4
-115.0	2
-114.0	2
-113.0	5
-112.0	4
-111.0	3
-110.0	3
-109.0	1
-108.0	3
-107.0	2
-106.0	5
-105.0	2
-104.0	3
-103.0	0.2
-102.0	2
-101.0	1
-100.0	2
 -99.0	0
 -98.0	2
 -97.0	3
 -96.0	4
 -95.0	1
 -94.0	5
 -93.0	4
 -92.0	1
 -91.0	1
 -90.0	7.2
 -89.0	0
 -88.0	2
 -87.0	4
 -86.0	4
 -85.0	2
 -84.0	2
 -83.0	3
 -82.0	0
 -81.0	1
 -80.0	4
 -79.0	4
 -78.0	3
 -77.0	2
 -76.0	0
 -75.0	1
 -74.0	3
 -73.0	2
 -72.0	2
 -71.0	3
 -70.0	3
 -69.0	6.5
 -68.0	4
 -67.0	2
 -66.0	1
 -65.0	4
 -64.0	3
 -63.0	0
 -62.0	2
 -61.0	3
 -60.0	4
 -59.0	5.5
 -58.0	1
 -57.0	1
 -56.0	2
 -55.0	2
 -54.0	0
 -53.0	4
 -52.0	0
 -51.0	2
 -50.0	3
 -49.0	3
 -48.0	5
 -47.0	4
 -46.0	2
 -45.0	2
 -44.0	3
 -43.0	4
 -42.0	2
 -41.0	1
 -40.0	3
 -39.0	4
 -38.0	5
 -37.0	1
 -36.0	4
 -35.0	2
 -34.0	5
 -33.0	1
 -32.0	1
 -31.0	4
 -30.0	0
 -29.0	7
 -28.0	6
 -27.0	1
 -26.0	2
 -25.0	1.2
 -24.0	1
 -23.0	2
 -22.0	5
 -21.0	5
 -20.0	0.5
 -19.0	0.5
 -18.0	4
 -17.0	0
 -16.0	2
 -15.0	3
 -14.0	4
 -13.0	4
 -12.0	3
 -11.0	3
 -10.0	6
  -9.0	2
  -8.0	7
  -7.0	4
  -6.0	4.5
  -5.0	6
  -4.0	4
  -3.0	4
  -2.0	2
  -1.0	3
   0.0	3
   1.0	4.2
   2.0	4
   3.0	7
   4.0	4
   5.0	3
   6.0	1
   7.0	4.5
   8.0	2
   9.0	1
  10.0	3
  11.0	0
  12.0	5.5
  13.0	3
  14.0	3
  15.0	3
  16.0	3
  17.0	6
  18.0	3
  19.0	7
  20.0	4
  21.0	5
  22.0	3
  23.0	3
  24.0	1
  25.0	2
  26.0	2
  27.0	3
  28.0	5
  29.0	2
  30.0	3.5
  31.0	1
  32.0	4
  33.0	0
  34.0	6.5
  35.0	5
  36.0	0
  37.0	6
  38.0	1
  39.0	6
  40.0	4.2
  41.0	1
  42.0	1
  43.0	3
  44.0	4
  45.0	2
  46.0	2
  47.0	2
  48.0	7
  49.0	2
  50.0	1
  51.0	2
  52.0	4
  53.0	2
  54.0	2
  55.0	1
  56.0	2
  57.0	1
  58.0	3
  59.0	2
  60.0	3
  61.0	3
  62.0	4
  63.0	6
  64.0	3
  65.0	2
  66.0	3.5
  67.0	1
  68.0	1
  69.0	1
  70.0	2
  71.0	3
  72.0	1
  73.0	0
  74.0	4
  75.0	2
  76.0	0
  77.0	4
  78.0	4
  79.0	2
  80.0	3
  81.0	0
  82.0	5
  83.0	5
  84.0	1
  85.0	5
  86.0	3
  87.0	3
  88.0	8
  89.0	1
  90.0	1
  91.0	3
  92.0	6
  93.0	3
  94.0	3
  95.0	1
  96.0	1
  97.0	3
  98.0	1
  99.0	0
 100.0	0
 101.0	2
 102.0	1
 103.0	2
 104.0	3
 105.0	6
 106.0	4
 107.0	0
 108.0	2
 109.0	3
 110.0	3
 111.0	2
 112.0	2
 113.0	6
 114.0	1
 115.0	1
 116.0	2
 117.0	1
 118.0	2
 119.0	3
 120.0	1
 121.0	1
 122.0	7
 123.0	0.5
 124.0	1
 125.0	2
 126.0	0
 127.0	1
 128.0	1
 129.0	1
 130.0	1
 131.0	1
 132.0	3
 133.0	3
 134.0	2
 135.0	5
 136.0	3
 137.0	4
 138.0	2
 139.0	2
 140.0	1
 141.0	2
 142.0	2
 143.0	2
 144.0	1
 145.0	2
 146.0	2
 147.0	1
 148.0	1
 149.0	2
 150.0	2
 151.0	7
 152.0	1
 153.0	1
 154.0	2
 155.0	5
 156.0	4
 157.0	3
 158.0	3
 159.0	1
 160.0	5
 161.0	0
 162.0	5
 163.0	2
 164.0	3
 165.0	3
 166.0	2
 167.0	1
 168.0	4
 169.0	0
 170.0	2
 171.0	3
 172.0	0
 173.0	4
 174.0	3
 175.0	2
 176.0	0
 177.0	3
 178.0	2
 179.0	2
 180.0	1
 181.0	2
 182.0	1
 183.0	3
 184.0	4
 185.0	1
 186.0	0
DB 1 MOTIF	20-AGGTTCCGGBY	STREME-20
-186.5	0
-185.5	1
-184.5	1
-183.5	1
-182.5	1
-181.5	2
-180.5	0
-179.5	2
-178.5	1
-177.5	0
-176.5	1
-175.5	2
-174.5	1
-173.5	2
-172.5	3
-171.5	1
-170.5	1
-169.5	0
-168.5	0
-167.5	1
-166.5	1
-165.5	3
-164.5	2
-163.5	1
-162.5	1
-161.5	2
-160.5	2
-159.5	2
-158.5	0
-157.5	0
-156.5	1
-155.5	1
-154.5	1
-153.5	3
-152.5	2
-151.5	1
-150.5	0
-149.5	1
-148.5	1
-147.5	0
-146.5	1
-145.5	0
-144.5	0
-143.5	1
-142.5	1
-141.5	1
-140.5	1
-139.5	0
-138.5	0
-137.5	2
-136.5	2
-135.5	0
-134.5	1
-133.5	0
-132.5	0
-131.5	0
-130.5	0
-129.5	1
-128.5	1
-127.5	0
-126.5	4
-125.5	1
-124.5	0
-123.5	1
-122.5	0
-121.5	1
-120.5	1
-119.5	0
-118.5	0
-117.5	0
-116.5	1
-115.5	2
-114.5	0
-113.5	1
-112.5	1
-111.5	1
-110.5	1
-109.5	2
-108.5	1
-107.5	0
-106.5	1
-105.5	1
-104.5	1
-103.5	1
-102.5	2
-101.5	0
-100.5	2
 -99.5	1
 -98.5	1
 -97.5	2
 -96.5	1
 -95.5	1
 -94.5	1
 -93.5	2
 -92.5	1
 -91.5	0
 -90.5	0
 -89.5	0
 -88.5	2
 -87.5	1
 -86.5	2
 -85.5	0
 -84.5	0
 -83.5	1
 -82.5	2
 -81.5	1
 -80.5	1
 -79.5	1
 -78.5	2
 -77.5	1
 -76.5	3
 -75.5	1
 -74.5	2
 -73.5	2
 -72.5	1
 -71.5	1
 -70.5	0
 -69.5	0
 -68.5	2
 -67.5	2
 -66.5	1
 -65.5	2
 -64.5	2
 -63.5	1
 -62.5	1
 -61.5	0
 -60.5	0
 -59.5	2
 -58.5	2
 -57.5	1
 -56.5	0
 -55.5	2
 -54.5	1
 -53.5	0
 -52.5	1
 -51.5	2
 -50.5	2
 -49.5	3
 -48.5	1
 -47.5	1
 -46.5	1
 -45.5	1
 -44.5	2
 -43.5	3
 -42.5	0
 -41.5	2
 -40.5	3
 -39.5	1
 -38.5	5
 -37.5	2
 -36.5	2
 -35.5	1
 -34.5	1
 -33.5	0
 -32.5	3
 -31.5	2
 -30.5	1
 -29.5	3.5
 -28.5	3
 -27.5	3
 -26.5	0
 -25.5	2
 -24.5	2
 -23.5	1
 -22.5	3
 -21.5	2
 -20.5	4
 -19.5	1
 -18.5	0
 -17.5	0
 -16.5	2
 -15.5	1
 -14.5	2
 -13.5	2
 -12.5	3
 -11.5	1
 -10.5	1
  -9.5	1
  -8.5	5
  -7.5	1
  -6.5	1
  -5.5	1
  -4.5	2
  -3.5	3
  -2.5	1
  -1.5	1
  -0.5	3
   0.5	2
   1.5	1
   2.5	0
   3.5	3
   4.5	0
   5.5	2
   6.5	1
   7.5	1
   8.5	2
   9.5	1
  10.5	2.5
  11.5	2
  12.5	5
  13.5	5
  14.5	2
  15.5	2
  16.5	1
  17.5	1
  18.5	1
  19.5	1
  20.5	1
  21.5	3
  22.5	2
  23.5	3
  24.5	0
  25.5	2
  26.5	3
  27.5	3
  28.5	3
  29.5	0
  30.5	1
  31.5	0
  32.5	1
  33.5	0
  34.5	1
  35.5	2
  36.5	1
  37.5	0
  38.5	2
  39.5	3
  40.5	3
  41.5	1
  42.5	2
  43.5	2
  44.5	3
  45.5	1
  46.5	2
  47.5	1
  48.5	0
  49.5	0
  50.5	1
  51.5	1
  52.5	1
  53.5	0
  54.5	1
  55.5	0
  56.5	1
  57.5	4
  58.5	1
  59.5	2
  60.5	1
  61.5	2
  62.5	0
  63.5	0
  64.5	2
  65.5	3
  66.5	1
  67.5	1
  68.5	2
  69.5	1
  70.5	1
  71.5	0
  72.5	1
  73.5	1
  74.5	1
  75.5	0
  76.5	0
  77.5	0
  78.5	4
  79.5	1
  80.5	2
  81.5	1
  82.5	1
  83.5	0
  84.5	1
  85.5	1
  86.5	1
  87.5	0
  88.5	0
  89.5	0
  90.5	0
  91.5	1
  92.5	0
  93.5	1
  94.5	1
  95.5	0
  96.5	0
  97.5	4
  98.5	2
  99.5	0
 100.5	2
 101.5	2
 102.5	0
 103.5	0
 104.5	0
 105.5	1
 106.5	2
 107.5	0
 108.5	0
 109.5	0
 110.5	3
 111.5	2
 112.5	2
 113.5	3
 114.5	2
 115.5	1
 116.5	0
 117.5	0
 118.5	0
 119.5	0
 120.5	1
 121.5	1
 122.5	0
 123.5	0
 124.5	0
 125.5	1
 126.5	1
 127.5	1
 128.5	1
 129.5	1
 130.5	1
 131.5	1
 132.5	1
 133.5	2
 134.5	0
 135.5	1
 136.5	1
 137.5	1
 138.5	2
 139.5	1
 140.5	0
 141.5	0
 142.5	1
 143.5	1
 144.5	1
 145.5	2
 146.5	1
 147.5	0
 148.5	0
 149.5	1
 150.5	0
 151.5	2
 152.5	1
 153.5	0
 154.5	1
 155.5	2
 156.5	0
 157.5	3
 158.5	2
 159.5	1
 160.5	2
 161.5	0
 162.5	0
 163.5	0
 164.5	0
 165.5	1
 166.5	1
 167.5	1
 168.5	0
 169.5	0
 170.5	1
 171.5	1
 172.5	3
 173.5	0
 174.5	1
 175.5	0
 176.5	0
 177.5	1
 178.5	2
 179.5	1
 180.5	2
 181.5	2
 182.5	3
 183.5	1
 184.5	0
 185.5	3
 186.5	0
DB 2 MOTIF	CEBPB_HUMAN.H11MO.0.A
-186.0	1
-185.0	3
-184.0	2
-183.0	2
-182.0	3
-181.0	1
-180.0	5
-179.0	4
-178.0	3
-177.0	2
-176.0	2
-175.0	4
-174.0	3
-173.0	2
-172.0	3
-171.0	2
-170.0	4
-169.0	1
-168.0	3
-167.0	3
-166.0	1
-165.0	4
-164.0	1
-163.0	1
-162.0	3
-161.0	2
-160.0	3
-159.0	6
-158.0	5
-157.0	1
-156.0	7
-155.0	2
-154.0	5
-153.0	2
-152.0	1
-151.0	4
-150.0	6
-149.0	0
-148.0	0
-147.0	0
-146.0	0
-145.0	3
-144.0	2.5
-143.0	2
-142.0	1
-141.0	0
-140.0	2
-139.0	4
-138.0	6
-137.0	1
-136.0	0
-135.0	2
-134.0	2
-133.0	3
-132.0	4
-131.0	6
-130.0	3
-129.0	3
-128.0	4
-127.0	4
-126.0	1
-125.0	2
-124.0	1
-123.0	3
-122.0	0
-121.0	3
-120.0	4
-119.0	2
-118.0	4
-117.0	5
-116.0	5
-115.0	0
-114.0	3
-113.0	3
-112.0	2
-111.0	2
-110.0	3
-109.0	0
-108.0	0
-107.0	3
-106.0	2
-105.0	3
-104.0	2
-103.0	3
-102.0	4
-101.0	1
-100.0	0
 -99.0	1
 -98.0	3
 -97.0	2
 -96.0	6
 -95.0	2
 -94.0	2
 -93.0	8
 -92.0	2
 -91.0	0
 -90.0	3
 -89.0	3
 -88.0	5
 -87.0	4
 -86.0	4
 -85.0	2
 -84.0	8
 -83.0	4
 -82.0	0
 -81.0	4
 -80.0	3
 -79.0	7
 -78.0	4
 -77.0	3
 -76.0	2
 -75.0	3
 -74.0	2
 -73.0	1
 -72.0	1
 -71.0	3
 -70.0	7
 -69.0	3
 -68.0	2
 -67.0	2
 -66.0	0
 -65.0	2
 -64.0	3
 -63.0	3
 -62.0	6
 -61.0	3
 -60.0	3
 -59.0	2
 -58.0	4
 -57.0	6
 -56.0	2
 -55.0	1
 -54.0	5
 -53.0	2
 -52.0	1
 -51.0	5
 -50.0	3
 -49.0	2
 -48.0	8
 -47.0	3
 -46.0	7
 -45.0	2
 -44.0	2
 -43.0	3
 -42.0	4
 -41.0	0
 -40.0	2
 -39.0	0
 -38.0	1
 -37.0	3
 -36.0	2
 -35.0	3
 -34.0	0
 -33.0	2
 -32.0	3
 -31.0	7
 -30.0	4
 -29.0	1
 -28.0	3
 -27.0	2
 -26.0	5
 -25.0	5
 -24.0	2
 -23.0	4
 -22.0	3
 -21.0	2
 -20.0	2
 -19.0	1
 -18.0	2
 -17.0	4
 -16.0	1
 -15.0	2
 -14.0	4
 -13.0	3
 -12.0	6
 -11.0	4
 -10.0	3
  -9.0	3
  -8.0	5
  -7.0	7
  -6.0	3
  -5.0	2
  -4.0	4
  -3.0	5
  -2.0	6
  -1.0	1
   0.0	5
   1.0	4
   2.0	5
   3.0	5
   4.0	6
   5.0	7
   6.0	6
   7.0	2
   8.0	0
   9.0	3
  10.0	6
  11.0	5
  12.0	3
  13.0	1
  14.0	3
  15.0	4
  16.0	3
  17.0	4
  18.0	3
  19.0	3
  20.0	2
  21.0	5
  22.0	5
  23.0	3
  24.0	4
  25.0	6
  26.0	4
  27.0	6
  28.0	8
  29.0	4
  30.0	2
  31.0	2
  32.0	3
  33.0	3
  34.0	1
  35.0	3
  36.0	3
  37.0	4
  38.0	5
  39.0	6
  40.0	5
  41.0	3
  42.0	1
  43.0	1
  44.0	5
  45.0	2
  46.0	4
  47.0	1
  48.0	2
  49.0	5
  50.0	2
  51.0	1
  52.0	2
  53.0	0
  54.0	7
  55.0	1
  56.0	3
  57.0	1
  58.0	3
  59.0	1
  60.0	3
  61.0	4
  62.0	5
  63.0	3
  64.0	4
  65.0	2
  66.0	1
  67.0	3
  68.0	5
  69.0	1
  70.0	3
  71.0	4
  72.0	1
  73.0	2
  74.0	2
  75.0	4
  76.0	5
  77.0	2
  78.0	1
  79.0	7
  80.0	2
  81.0	4
  82.0	4
  83.0	2
  84.0	3
  85.0	2
  86.0	2
  87.0	5
  88.0	3
  89.0	5
  90.0	1
  91.0	3
  92.0	1
  93.0	0
  94.0	3
  95.0	1
  96.0	2
  97.0	1
  98.0	5
  99.0	3
 100.0	3
 101.0	4
 102.0	2
 103.0	2
 104.0	2
 105.0	2
 106.0	4
 107.0	2
 108.0	2
 109.0	3
 110.0	6
 111.0	5
 112.0	0
 113.0	5
 114.0	1
 115.0	7
 116.0	2
 117.0	2
 118.0	2
 119.0	0
 120.0	1
 121.0	1
 122.0	3
 123.0	3
 124.0	1
 125.0	5
 126.0	5
 127.0	2
 128.0	1
 129.0	1
 130.0	4
 131.0	3
 132.0	3
 133.0	5
 134.0	5
 135.0	2
 136.0	6
 137.0	6
 138.0	4
 139.0	2
 140.0	3
 141.0	7
 142.0	2
 143.0	4
 144.0	3
 145.0	2
 146.0	6
 147.0	4
 148.0	2
 149.0	0
 150.0	5
 151.0	1
 152.0	0
 153.0	2
 154.0	1
 155.0	2
 156.0	2
 157.0	4
 158.0	2.5
 159.0	1
 160.0	2
 161.0	5
 162.0	2
 163.0	3
 164.0	1
 165.0	3
 166.0	1
 167.0	1
 168.0	0
 169.0	5
 170.0	3
 171.0	4
 172.0	4
 173.0	6
 174.0	0
 175.0	3
 176.0	4
 177.0	2
 178.0	1
 179.0	1
 180.0	1
 181.0	6
 182.0	2
 183.0	3
 184.0	2
 185.0	1
 186.0	4
DB 2 MOTIF	CTCFL_HUMAN.H11MO.0.A
-183.5	6
-182.5	3
-181.5	1
-180.5	4
-179.5	0
-178.5	1
-177.5	2
-176.5	4
-175.5	4
-174.5	6
-173.5	5.2
-172.5	2
-171.5	6
-170.5	3
-169.5	3
-168.5	8
-167.5	7
-166.5	6
-165.5	5
-164.5	7
-163.5	3
-162.5	3
-161.5	3
-160.5	3
-159.5	3
-158.5	3
-157.5	2
-156.5	2
-155.5	1
-154.5	4
-153.5	3
-152.5	4
-151.5	2
-150.5	4
-149.5	6
-148.5	2
-147.5	3
-146.5	1
-145.5	3
-144.5	3
-143.5	4
-142.5	5
-141.5	5
-140.5	2
-139.5	2.2
-138.5	2
-137.5	8
-136.5	4
-135.5	3
-134.5	6
-133.5	2
-132.5	6
-131.5	3
-130.5	4
-129.5	8.5
-128.5	5
-127.5	5
-126.5	1
-125.5	4
-124.5	2
-123.5	3
-122.5	1
-121.5	2
-120.5	5
-119.5	7
-118.5	5
-117.5	4
-116.5	3
-115.5	6
-114.5	2
-113.5	3
-112.5	3
-111.5	2
-110.5	5
-109.5	3
-108.5	5
-107.5	8
-106.5	5
-105.5	3.2
-104.5	1
-103.5	4.5
-102.5	1
-101.5	5
-100.5	2
 -99.5	6
 -98.5	4
 -97.5	5
 -96.5	4
 -95.5	4
 -94.5	6.5
 -93.5	6
 -92.5	3
 -91.5	7
 -90.5	9
 -89.5	2
 -88.5	3
 -87.5	1
 -86.5	6
 -85.5	0.5
 -84.5	5
 -83.5	5
 -82.5	4
 -81.5	8
 -80.5	4
 -79.5	2
 -78.5	3
 -77.5	5
 -76.5	3
 -75.5	3
 -74.5	3
 -73.5	5
 -72.5	5
 -71.5	4
 -70.5	5
 -69.5	1
 -68.5	5
 -67.5	4
 -66.5	4
 -65.5	2
 -64.5	3
 -63.5	5
 -62.5	4.5
 -61.5	7
 -60.5	5
 -59.5	6
 -58.5	6
 -57.5	3
 -56.5	3
 -55.5	5
 -54.5	6
 -53.5	2
 -52.5	4
 -51.5	4
 -50.5	4
 -49.5	4
 -48.5	7
 -47.5	3
 -46.5	2
 -45.5	3
 -44.5	5
 -43.5	4
 -42.5	5
 -41.5	5
 -40.5	1
 -39.5	4
 -38.5	4
 -37.5	4
 -36.5	4
 -35.5	4
 -34.5	2
 -33.5	4
 -32.5	4
 -31.5	5
 -30.5	9
 -29.5	5
 -28.5	8
 -27.5	5
 -26.5	3
 -25.5	4.5
 -24.5	4
 -23.5	3
 -22.5	5
 -21.5	8
 -20.5	8.5
 -19.5	2
 -18.5	3
 -17.5	1
 -16.5	5
 -15.5	5
 -14.5	3
 -13.5	9
 -12.5	6
 -11.5	4
 -10.5	8
  -9.5	3
  -8.5	7
  -7.5	10
  -6.5	6
  -5.5	6
  -4.5	4
  -3.5	5
  -2.5	5
  -1.5	8
  -0.5	2
   0.5	5
   1.5	10
   2.5	7
   3.5	6
   4.5	3.5
   5.5	4
   6.5	10.5
   7.5	4
   8.5	4
   9.5	6
  10.5	2
  11.5	2.5
  12.5	5
  13.5	4
  14.5	6
  15.5	4
  16.5	7
  17.5	4
  18.5	5
  19.5	9
  20.5	5
  21.5	6
  22.5	10
  23.5	4
  24.5	5
  25.5	4
  26.5	7
  27.5	5
  28.5	2
  29.5	6
  30.5	5.5
  31.5	8
  32.5	0
  33.5	5
  34.5	8
  35.5	2
  36.5	2
  37.5	8
  38.5	6
  39.5	6
  40.5	4
  41.5	3
  42.5	2
  43.5	4
  44.5	7
  45.5	2
  46.5	5
  47.5	8
  48.5	3
  49.5	3
  50.5	6
  51.5	4
  52.5	6
  53.5	9
  54.5	4
  55.5	5
  56.5	4
  57.5	2
  58.5	3
  59.5	4
  60.5	3
  61.5	1
  62.5	5.2
  63.5	4
  64.5	2
  65.5	4
  66.5	4.5
  67.5	3
  68.5	4
  69.5	1
  70.5	2
  71.5	1
  72.5	4
  73.5	3
  74.5	3
  75.5	1
  76.5	5
  77.5	4
  78.5	6
  79.5	3
  80.5	2
  81.5	5
  82.5	6
  83.5	3
  84.5	3
  85.5	4
  86.5	4
  87.5	0
  88.5	8
  89.5	4
  90.5	1
  91.5	3
  92.5	2
  93.5	3
  94.5	5
  95.5	2
  96.5	7
  97.5	3
  98.5	3
  99.5	0
 100.5	3
 101.5	3
 102.5	4
 103.5	3
 104.5	7
 105.5	7
 106.5	2
 107.5	3
 108.5	5
 109.5	4
 110.5	1
 111.5	3
 112.5	4
 113.5	5
 114.5	1
 115.5	3
 116.5	3
 117.5	4
 118.5	1
 119.5	4
 120.5	4
 121.5	5
 122.5	8
 123.5	2
 124.5	5
 125.5	1
 126.5	1
 127.5	4
 128.5	3
 129.5	4
 130.5	2.2
 131.5	2
 132.5	5
 133.5	3
 134.5	8
 135.5	3
 136.5	3
 137.5	6
 138.5	1
 139.5	4
 140.5	1
 141.5	4
 142.5	5
 143.5	4
 144.5	5
 145.5	1
 146.5	5
 147.5	4
 148.5	5
 149.5	1
 150.5	6
 151.5	3
 152.5	2
 153.5	3
 154.5	5
 155.5	4
 156.5	1
 157.5	6
 158.5	4
 159.5	3
 160.5	4
 161.5	4
 162.5	3
 163.5	3
 164.5	2
 165.5	4
 166.5	3
 167.5	2
 168.5	6
 169.5	1
 170.5	1
 171.5	1
 172.5	4
 173.5	3
 174.5	6
 175.5	1
 176.5	6
 177.5	2
 178.5	5
 179.5	1
 180.5	1
 181.5	6
 182.5	2
 183.5	3
DB 2 MOTIF	CTCF_HUMAN.H11MO.0.A
-182.5	0
-181.5	2
-180.5	1
-179.5	1
-178.5	2
-177.5	2
-176.5	1
-175.5	3
-174.5	3.2
-173.5	2
-172.5	1
-171.5	3
-170.5	7
-169.5	6
-168.5	3
-167.5	5
-166.5	8
-165.5	3
-164.5	3
-163.5	5
-162.5	3
-161.5	1
-160.5	4
-159.5	1
-158.5	2
-157.5	2
-156.5	0
-155.5	3
-154.5	1
-153.5	2
-152.5	4
-151.5	2
-150.5	5
-149.5	4
-148.5	1
-147.5	1
-146.5	6
-145.5	0
-144.5	5
-143.5	2
-142.5	3
-141.5	1
-140.5	2.2
-139.5	0
-138.5	1
-137.5	4
-136.5	4
-135.5	2
-134.5	3
-133.5	6
-132.5	2
-131.5	5
-130.5	2
-129.5	2
-128.5	4
-127.5	3
-126.5	3
-125.5	3
-124.5	2
-123.5	1
-122.5	4
-121.5	4
-120.5	5
-119.5	0
-118.5	4
-117.5	1
-116.5	5
-115.5	2
-114.5	3
-113.5	3
-112.5	0
-111.5	0
-110.5	0
-109.5	5
-108.5	3
-107.5	2
-106.5	4.2
-105.5	1
-104.5	4
-103.5	2
-102.5	1
-101.5	0
-100.5	5
 -99.5	3
 -98.5	3
 -97.5	3
 -96.5	3
 -95.5	3
 -94.5	2
 -93.5	6
 -92.5	6
 -91.5	4
 -90.5	4
 -89.5	3
 -88.5	2
 -87.5	3
 -86.5	1.5
 -85.5	5
 -84.5	1
 -83.5	4
 -82.5	4
 -81.5	1
 -80.5	4
 -79.5	4
 -78.5	2
 -77.5	2
 -76.5	3
 -75.5	2
 -74.5	2
 -73.5	1
 -72.5	2
 -71.5	3
 -70.5	0
 -69.5	3
 -68.5	2
 -67.5	3
 -66.5	4
 -65.5	4
 -64.5	4
 -63.5	0
 -62.5	6
 -61.5	7
 -60.5	4
 -59.5	9
 -58.5	3
 -57.5	3
 -56.5	3
 -55.5	6
 -54.5	2
 -53.5	3
 -52.5	3
 -51.5	3
 -50.5	1
 -49.5	2
 -48.5	5
 -47.5	5
 -46.5	2
 -45.5	5
 -44.5	3
 -43.5	2
 -42.5	6
 -41.5	1
 -40.5	1
 -39.5	4
 -38.5	4
 -37.5	2
 -36.5	2
 -35.5	3
 -34.5	4
 -33.5	3
 -32.5	3
 -31.5	7
 -30.5	4
 -29.5	2
 -28.5	5
 -27.5	5
 -26.5	2
 -25.5	6
 -24.5	1
 -23.5	1
 -22.5	3
 -21.5	3
 -20.5	4
 -19.5	4
 -18.5	3
 -17.5	2
 -16.5	4
 -15.5	2
 -14.5	6
 -13.5	3
 -12.5	8
 -11.5	4
 -10.5	3
  -9.5	9
  -8.5	3
  -7.5	4
  -6.5	5
  -5.5	4
  -4.5	5
  -3.5	4
  -2.5	6
  -1.5	2
  -0.5	3
   0.5	6
   1.5	6
   2.5	6
   3.5	3.5
   4.5	6
   5.5	2
   6.5	1
   7.5	1.5
   8.5	2
   9.5	5
  10.5	4
  11.5	5
  12.5	3
  13.5	5
  14.5	4
  15.5	7
  16.5	3
  17.5	6
  18.5	9
  19.5	7
  20.5	4
  21.5	7
  22.5	5
  23.5	5
  24.5	3
  25.5	1
  26.5	5
  27.5	4
  28.5	6
  29.5	4
  30.5	4
  31.5	1
  32.5	3
  33.5	5
  34.5	4
  35.5	3
  36.5	7
  37.5	1
  38.5	3
  39.5	4
  40.5	2
  41.5	2
  42.5	4
  43.5	4
  44.5	2
  45.5	3
  46.5	1
  47.5	6
  48.5	4
  49.5	1
  50.5	3
  51.5	5
  52.5	6
  53.5	3
  54.5	1
  55.5	5
  56.5	4
  57.5	3
  58.5	2
  59.5	2
  60.5	2
  61.5	6.2
  62.5	0
  63.5	6
  64.5	4
  65.5	2.5
  66.5	2
  67.5	2
  68.5	1
  69.5	1
  70.5	0
  71.5	3
  72.5	0
  73.5	3
  74.5	3
  75.5	0
  76.5	3
  77.5	6
  78.5	5
  79.5	3
  80.5	4
  81.5	2
  82.5	3
  83.5	0
  84.5	6
  85.5	6
  86.5	1
  87.5	5
  88.5	0
  89.5	2
  90.5	2
  91.5	3
  92.5	4
  93.5	3
  94.5	1
  95.5	4
  96.5	1
  97.5	5
  98.5	1
  99.5	1
 100.5	2
 101.5	0
 102.5	1
 103.5	3
 104.5	2
 105.5	4
 106.5	5
 107.5	1
 108.5	3
 109.5	3
 110.5	4
 111.5	1
 112.5	3
 113.5	1
 114.5	2
 115.5	3
 116.5	4
 117.5	0
 118.5	2
 119.5	2
 120.5	1
 121.5	3
 122.5	1
 123.5	2
 124.5	3
 125.5	2
 126.5	3
 127.5	1
 128.5	4
 129.5	0.2
 130.5	0
 131.5	2
 132.5	1
 133.5	5
 134.5	5
 135.5	3
 136.5	2
 137.5	3
 138.5	4
 139.5	0
 140.5	4
 141.5	4
 142.5	2
 143.5	4
 144.5	2
 145.5	3
 146.5	2
 147.5	0
 148.5	0
 149.5	2
 150.5	2
 151.5	2
 152.5	1
 153.5	2
 154.5	4
 155.5	6
 156.5	4
 157.5	2
 158.5	2
 159.5	3
 160.5	1
 161.5	5
 162.5	2
 163.5	2
 164.5	2
 165.5	1
 166.5	2
 167.5	2
 168.5	3
 169.5	1
 170.5	1
 171.5	0
 172.5	2
 173.5	3
 174.5	2
 175.5	3
 176.5	0
 177.5	4
 178.5	0
 179.5	1
 180.5	4
 181.5	0
 182.5	0
DB 2 MOTIF	ELF2_HUMAN.H11MO.0.C
-185.5	9
-184.5	6
-183.5	7
-182.5	3
-181.5	4
-180.5	9
-179.5	7
-178.5	7
-177.5	7.125
-176.5	3
-175.5	5.25
-174.5	2
-173.5	5
-172.5	8
-171.5	5.25
-170.5	7
-169.5	6
-168.5	3
-167.5	4.25
-166.5	3
-165.5	3
-164.5	7
-163.5	4.5
-162.5	8
-161.5	15
-160.5	5
-159.5	2
-158.5	5
-157.5	8
-156.5	7
-155.5	4.5
-154.5	7
-153.5	4
-152.5	3.5
-151.5	6
-150.5	4
-149.5	6
-148.5	4
-147.5	7
-146.5	6
-145.5	4
-144.5	5.25
-143.5	4.125
-142.5	8
-141.5	3
-140.5	2
-139.5	8
-138.5	6
-137.5	5
-136.5	7
-135.5	5
-134.5	8
-133.5	4
-132.5	6
-131.5	3
-130.5	5
-129.5	7
-128.5	10.25
-127.5	5
-126.5	5
-125.5	6
-124.5	6
-123.5	7
-122.5	7
-121.5	6
-120.5	4
-119.5	3
-118.5	2
-117.5	8
-116.5	5
-115.5	3
-114.5	2
-113.5	6
-112.5	7
-111.5	9
-110.5	3
-109.5	10.875
-108.5	9
-107.5	6
-106.5	4
-105.5	7
-104.5	5
-103.5	9
-102.5	2
-101.5	3
-100.5	4
 -99.5	5
 -98.5	5
 -97.5	5
 -96.5	6
 -95.5	7
 -94.5	8
 -93.5	9
 -92.5	4
 -91.5	2
 -90.5	5
 -89.5	2
 -88.5	6
 -87.5	10
 -86.5	5
 -85.5	2
 -84.5	5
 -83.5	6
 -82.5	6
 -81.5	4
 -80.5	5.5
 -79.5	13
 -78.5	14
 -77.5	8
 -76.5	4
 -75.5	9
 -74.5	5
 -73.5	2
 -72.5	8
 -71.5	7
 -70.5	4
 -69.5	1
 -68.5	5
 -67.5	7
 -66.5	7
 -65.5	5
 -64.5	8
 -63.5	3
 -62.5	6
 -61.5	15
 -60.5	13
 -59.5	10
 -58.5	7
 -57.5	16
 -56.5	4
 -55.5	7
 -54.5	7
 -53.5	7
 -52.5	5
 -51.5	10
 -50.5	5
 -49.5	8
 -48.5	6
 -47.5	8
 -46.5	8
 -45.5	4
 -44.5	3
 -43.5	4
 -42.5	5.125
 -41.5	8
 -40.5	8
 -39.5	8
 -38.5	10
 -37.5	10
 -36.5	6
 -35.5	5
 -34.5	7
 -33.5	6
 -32.5	4
 -31.5	8
 -30.5	8
 -29.5	8
 -28.5	4
 -27.5	5
 -26.5	6
 -25.5	10
 -24.5	9
 -23.5	3
 -22.5	3
 -21.5	5
 -20.5	8
 -19.5	8
 -18.5	7
 -17.5	7
 -16.5	7
 -15.5	5
 -14.5	5
 -13.5	4
 -12.5	3
 -11.5	4
 -10.5	5
  -9.5	6
  -8.5	11.125
  -7.5	3
  -6.5	8
  -5.5	8
  -4.5	7
  -3.5	5
  -2.5	6
  -1.5	4
  -0.5	6
   0.5	9
   1.5	3
   2.5	4
   3.5	9
   4.5	3
   5.5	6
   6.5	8
   7.5	7
   8.5	5
   9.5	3
  10.5	9
  11.5	1
  12.5	6
  13.5	6
  14.5	8
  15.5	3.5
  16.5	6
  17.5	7
  18.5	9
  19.5	9
  20.5	9
  21.5	5
  22.5	1
  23.5	7
  24.5	7.5
  25.5	9.125
  26.5	7
  27.5	6
  28.5	5
  29.5	4
  30.5	9
  31.5	6
  32.5	7
  33.5	5
  34.5	9
  35.5	6
  36.5	8
  37.5	8
  38.5	3
  39.5	10
  40.5	9
  41.5	4
  42.5	2
  43.5	2
  44.5	8
  45.5	6
  46.5	5
  47.5	6
  48.5	9
  49.5	2.5
  50.5	8
  51.5	6
  52.5	7.5
  53.5	6.5
  54.5	7
  55.5	4
  56.5	5
  57.5	7
  58.5	10.125
  59.5	10
  60.5	6
  61.5	3
  62.5	10
  63.5	7
  64.5	6
  65.5	11
  66.5	6
  67.5	9
  68.5	12
  69.5	9
  70.5	7
  71.5	4
  72.5	6
  73.5	9
  74.5	8
  75.5	6
  76.5	6
  77.5	10
  78.5	7
  79.5	8
  80.5	3
  81.5	3
  82.5	3
  83.5	6
  84.5	8
  85.5	5
  86.5	7
  87.5	5
  88.5	4
  89.5	2
  90.5	3
  91.5	4
  92.5	9
  93.5	7
  94.5	5
  95.5	5
  96.5	8
  97.5	13
  98.5	4
  99.5	4
 100.5	8
 101.5	9
 102.5	6
 103.5	4
 104.5	8
 105.5	7
 106.5	6
 107.5	3
 108.5	5
 109.5	8
 110.5	7
 111.5	4
 112.5	6
 113.5	3
 114.5	7
 115.5	2
 116.5	6
 117.5	6
 118.5	4
 119.5	6
 120.5	8
 121.5	4
 122.5	3
 123.5	5
 124.5	6
 125.5	3
 126.5	9.125
 127.5	6
 128.5	8
 129.5	4
 130.5	5
 131.5	4
 132.5	2
 133.5	9
 134.5	3
 135.5	4
 136.5	8
 137.5	4
 138.5	7
 139.5	4
 140.5	6
 141.5	7
 142.5	3
 143.5	4
 144.5	8
 145.5	8
 146.5	3
 147.5	6
 148.5	5
 149.5	9
 150.5	4
 151.5	10
 152.5	5
 153.5	7
 154.5	6
 155.5	3
 156.5	6
 157.5	4
 158.5	11
 159.5	6
 160.5	9
 161.5	7
 162.5	4
 163.5	5
 164.5	11
 165.5	6
 166.5	7
 167.5	4
 168.5	5
 169.5	2
 170.5	4
 171.5	2
 172.5	4
 173.5	7
 174.5	6
 175.5	10
 176.5	5
 177.5	1
 178.5	6
 179.5	3
 180.5	7
 181.5	5.5
 182.5	3
 183.5	10
 184.5	5
 185.5	5
DB 2 MOTIF	ELK1_HUMAN.H11MO.0.B
-186.5	4
-185.5	6
-184.5	4
-183.5	2
-182.5	4
-181.5	2
-180.5	5
-179.5	6
-178.5	8
-177.5	6
-176.5	9.125
-175.5	3
-174.5	4
-173.5	2
-172.5	5
-171.5	3
-170.5	2
-169.5	5
-168.5	5
-167.5	3.5
-166.5	8
-165.5	6
-164.5	4
-163.5	1
-162.5	11
-161.5	4
-160.5	3
-159.5	7
-158.5	2.5
-157.5	4
-156.5	5
-155.5	2
-154.5	2
-153.5	4
-152.5	7
-151.5	4
-150.5	2
-149.5	4
-148.5	3
-147.5	1
-146.5	6
-145.5	6
-144.5	4
-143.5	4
-142.5	2.125
-141.5	4
-140.5	2
-139.5	8
-138.5	6
-137.5	5
-136.5	4
-135.5	5
-134.5	4
-133.5	6
-132.5	3
-131.5	3
-130.5	7
-129.5	5
-128.5	2
-127.5	7
-126.5	4
-125.5	6
-124.5	5
-123.5	2
-122.5	11
-121.5	1
-120.5	4
-119.5	7
-118.5	5
-117.5	5
-116.5	3
-115.5	3
-114.5	8
-113.5	5
-112.5	4
-111.5	5
-110.5	5
-109.5	4
-108.5	7.125
-107.5	4
-106.5	2
-105.5	2
-104.5	5
-103.5	4
-102.5	8
-101.5	1
-100.5	3
 -99.5	3
 -98.5	6
 -97.5	7
 -96.5	2
 -95.5	14
 -94.5	6
 -93.5	3
 -92.5	3
 -91.5	3
 -90.5	2
 -89.5	6
 -88.5	6
 -87.5	3
 -86.5	2
 -85.5	4
 -84.5	4
 -83.5	2
 -82.5	3.5
 -81.5	4
 -80.5	1
 -79.5	8.5
 -78.5	7
 -77.5	8
 -76.5	5
 -75.5	5
 -74.5	4
 -73.5	6
 -72.5	2
 -71.5	4
 -70.5	7
 -69.5	5
 -68.5	3
 -67.5	4
 -66.5	6
 -65.5	8
 -64.5	5
 -63.5	5
 -62.5	7
 -61.5	3
 -60.5	7
 -59.5	11
 -58.5	4
 -57.5	4
 -56.5	9
 -55.5	2
 -54.5	6
 -53.5	7
 -52.5	6
 -51.5	8
 -50.5	8
 -49.5	6
 -48.5	5
 -47.5	5
 -46.5	6
 -45.5	7
 -44.5	3
 -43.5	1
 -42.5	6
 -41.5	3.125
 -40.5	6
 -39.5	10
 -38.5	5
 -37.5	11
 -36.5	8
 -35.5	4
 -34.5	5
 -33.5	6
 -32.5	2
 -31.5	7
 -30.5	7
 -29.5	7
 -28.5	10
 -27.5	6.5
 -26.5	5
 -25.5	4
 -24.5	5
 -23.5	7
 -22.5	5
 -21.5	4
 -20.5	2
 -19.5	6
 -18.5	6
 -17.5	4
 -16.5	6
 -15.5	7
 -14.5	5
 -13.5	5.5
 -12.5	5
 -11.5	3
 -10.5	5
  -9.5	5
  -8.5	2
  -7.5	8.125
  -6.5	5
  -5.5	8
  -4.5	5
  -3.5	4.5
  -2.5	5
  -1.5	4
  -0.5	3
   0.5	3
   1.5	8
   2.5	2
   3.5	4
   4.5	8
   5.5	7
   6.5	6
   7.5	7
   8.5	8
   9.5	7
  10.5	5
  11.5	4
  12.5	4
  13.5	11
  14.5	7
  15.5	3
  16.5	5
  17.5	8
  18.5	6
  19.5	4
  20.5	10
  21.5	2
  22.5	2
  23.5	1
  24.5	5
  25.5	7
  26.5	7.125
  27.5	1
  28.5	8
  29.5	6
  30.5	3
  31.5	5
  32.5	10
  33.5	7.5
  34.5	6
  35.5	4
  36.5	7
  37.5	6
  38.5	2
  39.5	4
  40.5	11
  41.5	5
  42.5	5
  43.5	7
  44.5	3
  45.5	6
  46.5	3
  47.5	6
  48.5	5.5
  49.5	5
  50.5	2
  51.5	8
  52.5	9
  53.5	4.5
  54.5	4
  55.5	7
  56.5	6
  57.5	5
  58.5	9
  59.5	7.125
  60.5	7
  61.5	4
  62.5	3
  63.5	8.5
  64.5	7
  65.5	5
  66.5	6
  67.5	7
  68.5	6
  69.5	10
  70.5	10
  71.5	7
  72.5	4
  73.5	3
  74.5	5
  75.5	4
  76.5	5
  77.5	5
  78.5	5
  79.5	6
  80.5	4
  81.5	0
  82.5	5
  83.5	7.5
  84.5	9
  85.5	5
  86.5	4
  87.5	5
  88.5	4
  89.5	4
  90.5	2
  91.5	3
  92.5	5
  93.5	5
  94.5	3
  95.5	6
  96.5	6
  97.5	5
  98.5	5
  99.5	2
 100.5	8
 101.5	6
 102.5	8
 103.5	2
 104.5	4.5
 105.5	8
 106.5	5
 107.5	1
 108.5	3
 109.5	4
 110.5	4
 111.5	7
 112.5	4
 113.5	3
 114.5	2
 115.5	3
 116.5	8
 117.5	2
 118.5	4
 119.5	5
 120.5	6
 121.5	4
 122.5	6
 123.5	6
 124.5	5
 125.5	6
 126.5	4
 127.5	4.125
 128.5	4
 129.5	5
 130.5	3
 131.5	3
 132.5	5
 133.5	5
 134.5	3
 135.5	3
 136.5	2
 137.5	5
 138.5	7
 139.5	3
 140.5	5
 141.5	2
 142.5	5
 143.5	3
 144.5	8
 145.5	5
 146.5	8
 147.5	7
 148.5	6
 149.5	6
 150.5	6
 151.5	2
 152.5	5
 153.5	6
 154.5	2
 155.5	3
 156.5	5
 157.5	6
 158.5	1
 159.5	6
 160.5	8
 161.5	7
 162.5	1
 163.5	11
 164.5	4
 165.5	2
 166.5	4
 167.5	4
 168.5	2
 169.5	6
 170.5	4
 171.5	7
 172.5	2
 173.5	2
 174.5	6
 175.5	3
 176.5	4
 177.5	3
 178.5	2.5
 179.5	2
 180.5	3
 181.5	5
 182.5	5
 183.5	3
 184.5	3
 185.5	5
 186.5	5
DB 2 MOTIF	ELK4_HUMAN.H11MO.0.A
-186.0	6
-185.0	4
-184.0	2
-183.0	1
-182.0	4
-181.0	2
-180.0	5
-179.0	5
-178.0	3
-177.0	9.125
-176.0	3
-175.0	5
-174.0	3
-173.0	4
-172.0	5
-171.0	4
-170.0	6
-169.0	4
-168.0	5.5
-167.0	5
-166.0	2
-165.0	6
-164.0	2
-163.0	6
-162.0	10
-161.0	4
-160.0	7
-159.0	3
-158.0	4
-157.0	3.5
-156.0	2
-155.0	2
-154.0	3
-153.0	3
-152.0	9
-151.0	4
-150.0	3
-149.0	5
-148.0	3
-147.0	3
-146.0	5
-145.0	2.5
-144.0	4
-143.0	2.125
-142.0	5
-141.0	2
-140.0	4
-139.0	8
-138.0	6
-137.0	5
-136.0	6
-135.0	5
-134.0	4
-133.0	9
-132.0	3.5
-131.0	4
-130.0	9.5
-129.0	7
-128.0	7
-127.0	4
-126.0	4
-125.0	5.5
-124.0	6
-123.0	6
-122.0	5
-121.0	4
-120.0	5
-119.0	4
-118.0	4
-117.0	4
-116.0	2
-115.0	0
-114.0	4
-113.0	5
-112.0	6
-111.0	4
-110.0	5
-109.0	8.125
-108.0	5
-107.0	2
-106.0	2
-105.0	4
-104.0	7
-103.0	6
-102.0	3
-101.0	3
-100.0	4
 -99.0	4
 -98.0	8
 -97.0	4
 -96.0	5
 -95.0	8
 -94.0	5
 -93.0	4
 -92.0	1
 -91.0	2
 -90.0	6
 -89.0	4
 -88.0	4
 -87.0	2
 -86.0	3
 -85.0	4
 -84.0	3
 -83.0	7
 -82.0	3
 -81.0	1
 -80.0	4
 -79.0	10
 -78.0	9
 -77.0	6
 -76.0	6
 -75.0	8
 -74.0	3
 -73.0	6
 -72.0	2
 -71.0	8
 -70.0	4
 -69.0	6
 -68.0	4
 -67.0	4
 -66.0	2
 -65.0	9
 -64.0	5
 -63.0	4
 -62.0	7
 -61.0	8
 -60.0	12
 -59.0	5
 -58.0	6
 -57.0	7
 -56.0	7
 -55.0	3
 -54.0	11
 -53.0	3
 -52.0	7
 -51.0	9
 -50.0	2
 -49.0	5
 -48.0	5
 -47.0	5
 -46.0	7
 -45.0	5
 -44.0	6
 -43.0	2
 -42.0	6.125
 -41.0	5
 -40.0	7
 -39.0	5
 -38.0	9
 -37.0	8
 -36.0	5
 -35.0	5
 -34.0	5
 -33.0	6
 -32.0	5
 -31.0	8
 -30.0	6.5
 -29.0	7
 -28.0	7
 -27.0	2
 -26.0	7
 -25.0	4
 -24.0	5
 -23.0	5
 -22.0	6
 -21.0	3
 -20.0	10
 -19.0	3
 -18.0	2
 -17.0	5
 -16.0	6
 -15.0	5.5
 -14.0	6
 -13.0	2
 -12.0	1
 -11.0	6
 -10.0	4
  -9.0	7
  -8.0	9.125
  -7.0	3
  -6.0	10
  -5.0	9
  -4.0	4
  -3.0	7
  -2.0	6
  -1.0	4
   0.0	5
   1.0	8
   2.0	2
   3.0	4
   4.0	7
   5.0	6
   6.0	7
   7.0	5
   8.0	6
   9.0	7
  10.0	6.5
  11.0	6
  12.0	5
  13.0	5
  14.0	9
  15.0	4
  16.0	4
  17.0	7
  18.0	11
  19.0	5
  20.0	6
  21.0	4
  22.0	3
  23.0	1
  24.0	4
  25.0	5
  26.0	9.125
  27.0	5
  28.0	2
  29.0	8
  30.0	2
  31.0	4
  32.0	10
  33.0	5.5
  34.0	4
  35.0	7
  36.0	4
  37.0	6
  38.0	4
  39.0	2
  40.0	9
  41.0	8
  42.0	4
  43.0	3.5
  44.0	5
  45.0	8
  46.0	4
  47.0	2
  48.0	8
  49.0	4.5
  50.0	3
  51.0	10
  52.0	7
  53.0	7.5
  54.0	5
  55.0	4
  56.0	10
  57.0	3
  58.0	6
  59.0	11.125
  60.0	10
  61.0	2
  62.0	6
  63.0	7
  64.0	11
  65.0	7
  66.0	4
  67.0	6
  68.0	7
  69.0	9
  70.0	8
  71.0	6
  72.0	5
  73.0	5
  74.0	2
  75.0	3
  76.0	6
  77.0	6
  78.0	5
  79.0	7
  80.0	5
  81.0	3
  82.0	3
  83.0	7
  84.0	6
  85.0	6
  86.0	5
  87.0	7
  88.0	5
  89.0	4
  90.0	7
  91.0	1
  92.0	3
  93.0	1
  94.0	3
  95.0	6
  96.0	4
  97.0	7
  98.0	9
  99.0	1
 100.0	6
 101.0	4
 102.0	3
 103.0	5
 104.0	3
 105.0	5
 106.0	7
 107.0	1
 108.0	3
 109.0	5
 110.0	2
 111.0	7
 112.0	4
 113.0	2
 114.0	1
 115.0	3
 116.0	3
 117.0	3
 118.0	2
 119.0	2
 120.0	9
 121.0	4
 122.0	8
 123.0	4
 124.0	4
 125.0	4
 126.0	4
 127.0	4.125
 128.0	1
 129.0	3
 130.0	5
 131.0	4
 132.0	1
 133.0	5
 134.0	3
 135.0	5
 136.0	4
 137.0	3
 138.0	8
 139.0	6
 140.0	3
 141.0	4
 142.0	4
 143.0	2
 144.0	8
 145.0	4
 146.0	4
 147.0	8
 148.0	6
 149.0	5
 150.0	6
 151.0	6
 152.0	5
 153.0	2
 154.0	4
 155.0	5
 156.0	1
 157.0	5
 158.0	4
 159.0	2
 160.0	5
 161.0	8
 162.0	2
 163.0	5
 164.0	10
 165.0	2
 166.0	3
 167.0	4
 168.0	6
 169.0	3
 170.0	4
 171.0	5
 172.0	3
 173.0	4
 174.0	5
 175.0	5
 176.0	3
 177.0	4
 178.0	4.5
 179.0	5
 180.0	1
 181.0	5
 182.0	3
 183.0	5
 184.0	3
 185.0	4
 186.0	4
DB 2 MOTIF	ETV1_HUMAN.H11MO.0.A
-186.5	4
-185.5	7
-184.5	7
-183.5	5
-182.5	2
-181.5	4.33333
-180.5	6
-179.5	5
-178.5	5
-177.5	6.45833
-176.5	5
-175.5	5.25
-174.5	1
-173.5	4
-172.5	6
-171.5	2.25
-170.5	5
-169.5	3
-168.5	6
-167.5	5.25
-166.5	4
-165.5	9
-164.5	5
-163.5	6.5
-162.5	5
-161.5	12
-160.5	7
-159.5	1
-158.5	5
-157.5	2.5
-156.5	3.33333
-155.5	4
-154.5	8
-153.5	5
-152.5	4
-151.5	7
-150.5	6
-149.5	6
-148.5	5
-147.5	6
-146.5	3
-145.5	3
-144.5	5.25
-143.5	5.125
-142.5	6
-141.5	3
-140.5	8
-139.5	6
-138.5	5
-137.5	7
-136.5	5
-135.5	4
-134.5	5
-133.5	4
-132.5	9
-131.5	5
-130.5	3
-129.5	10
-128.5	7.25
-127.5	5
-126.5	6
-125.5	5
-124.5	6
-123.5	7
-122.5	6
-121.5	7
-120.5	2
-119.5	4
-118.5	8
-117.5	6
-116.5	4
-115.5	2
-114.5	3
-113.5	5
-112.5	6
-111.5	6
-110.5	3
-109.5	7.375
-108.5	8
-107.5	4
-106.5	3
-105.5	6
-104.5	2
-103.5	10
-102.5	2
-101.5	3
-100.5	3
 -99.5	7
 -98.5	6
 -97.5	4
 -96.5	8
 -95.5	5
 -94.5	11
 -93.5	6
 -92.5	3
 -91.5	1
 -90.5	1
 -89.5	4
 -88.5	4
 -87.5	7
 -86.5	5
 -85.5	5
 -84.5	3
 -83.5	7
 -82.5	6
 -81.5	2
 -80.5	2
 -79.5	9
 -78.5	14
 -77.5	7
 -76.5	7
 -75.5	10
 -74.5	5
 -73.5	5
 -72.5	7
 -71.5	5
 -70.5	6
 -69.5	2
 -68.5	5
 -67.5	8
 -66.5	3
 -65.5	5
 -64.5	11
 -63.5	3
 -62.5	6
 -61.5	15
 -60.5	8
 -59.5	7
 -58.5	7
 -57.5	9
 -56.5	4
 -55.5	8
 -54.5	5
 -53.5	8
 -52.5	5
 -51.5	8
 -50.5	5
 -49.5	7
 -48.5	8
 -47.5	6
 -46.5	8
 -45.5	4
 -44.5	4
 -43.5	4
 -42.5	6.125
 -41.5	10
 -40.5	9
 -39.5	6
 -38.5	8
 -37.5	12
 -36.5	5
 -35.5	9
 -34.5	5
 -33.5	6
 -32.5	6
 -31.5	8
 -30.5	10
 -29.5	9.5
 -28.5	7
 -27.5	7
 -26.5	4.5
 -25.5	9
 -24.5	5
 -23.5	6
 -22.5	4
 -21.5	6
 -20.5	7
 -19.5	7
 -18.5	6
 -17.5	6
 -16.5	8
 -15.5	6
 -14.5	10
 -13.5	5
 -12.5	2
 -11.5	3
 -10.5	8
  -9.5	4
  -8.5	12.125
  -7.5	4
  -6.5	8
  -5.5	7
  -4.5	9
  -3.5	5
  -2.5	7
  -1.5	3
  -0.5	3
   0.5	7
   1.5	3
   2.5	7
   3.5	3
   4.5	6
   5.5	6
   6.5	7
   7.5	8
   8.5	9
   9.5	6
  10.5	9.5
  11.5	6
  12.5	7
  13.5	3
  14.5	6.5
  15.5	5
  16.5	8
  17.5	9
  18.5	8.5
  19.5	8.5
  20.5	6.5
  21.5	4
  22.5	1
  23.5	7
  24.5	4
  25.5	9.125
  26.5	8
  27.5	6
  28.5	4
  29.5	4
  30.5	6
  31.5	6
  32.5	6.5
  33.5	5
  34.5	9
  35.5	6.5
  36.5	8
  37.5	7
  38.5	2
  39.5	9
  40.5	9
  41.5	8
  42.5	4
  43.5	0
  44.5	9
  45.5	4
  46.5	4
  47.5	5.5
  48.5	9
  49.5	2.5
  50.5	8
  51.5	10
  52.5	6.5
  53.5	7
  54.5	5
  55.5	8
  56.5	9
  57.5	8
  58.5	8.125
  59.5	13
  60.5	6
  61.5	2
  62.5	11
  63.5	7
  64.5	7
  65.5	8
  66.5	5
  67.5	7
  68.5	8
  69.5	10
  70.5	6
  71.5	4
  72.5	8
  73.5	7.5
  74.5	4
  75.5	5
  76.5	5
  77.5	9
  78.5	6
  79.5	7
  80.5	2
  81.5	2
  82.5	3
  83.5	5
  84.5	7
  85.5	4
  86.5	8
  87.5	8
  88.5	5
  89.5	5
  90.5	2
  91.5	2
  92.5	9
  93.5	5.5
  94.5	6
  95.5	1
  96.5	5
  97.5	10
  98.5	3
  99.5	3
 100.5	4
 101.5	8
 102.5	3
 103.5	3
 104.5	7.5
 105.5	6
 106.5	6
 107.5	3
 108.5	6
 109.5	5
 110.5	5
 111.5	6
 112.5	3
 113.5	5
 114.5	1.5
 115.5	3
 116.5	2
 117.5	4
 118.5	4
 119.5	9
 120.5	7
 121.5	5
 122.5	5
 123.5	3
 124.5	6
 125.5	2
 126.5	4.125
 127.5	5
 128.5	6
 129.5	2
 130.5	5
 131.5	5
 132.5	3.5
 133.5	7
 134.5	4
 135.5	3
 136.5	5
 137.5	4
 138.5	9
 139.5	6
 140.5	2
 141.5	4
 142.5	3
 143.5	5
 144.5	7
 145.5	3
 146.5	3
 147.5	9
 148.5	7
 149.5	6.5
 150.5	4
 151.5	9
 152.5	6
 153.5	7
 154.5	7
 155.5	4
 156.5	3
 157.5	4
 158.5	7
 159.5	2
 160.5	7
 161.5	6
 162.5	4
 163.5	5
 164.5	7
 165.5	2
 166.5	6
 167.5	6
 168.5	3
 169.5	4
 170.5	3
 171.5	2
 172.5	5
 173.5	7
 174.5	7
 175.5	5
 176.5	2
 177.5	3.5
 178.5	6
 179.5	5
 180.5	6
 181.5	6
 182.5	2
 183.5	6
 184.5	3
 185.5	5
 186.5	4
DB 2 MOTIF	FEV_HUMAN.H11MO.0.B
-187.0	7
-186.0	6
-185.0	4
-184.0	5.5
-183.0	10
-182.0	12
-181.0	7
-180.0	6
-179.0	8
-178.0	7
-177.0	7
-176.0	6
-175.0	6
-174.0	10.5
-173.0	5.2
-172.0	6.2
-171.0	6.5
-170.0	6
-169.0	8
-168.0	4
-167.0	9
-166.0	12
-165.0	9
-164.0	5
-163.0	6
-162.0	13
-161.0	7.25
-160.0	5
-159.0	6
-158.0	5.5
-157.0	8
-156.0	3
-155.0	6
-154.0	9
-153.0	7.5
-152.0	8.5
-151.0	0
-150.0	7
-149.0	5
-148.0	6
-147.0	5
-146.0	5
-145.0	6
-144.0	4.5
-143.0	6
-142.0	5
-141.0	3
-140.0	3
-139.0	6.2
-138.0	5.25
-137.0	7
-136.0	8
-135.0	5
-134.0	4
-133.0	8
-132.0	6
-131.0	9
-130.0	9
-129.0	12
-128.0	4
-127.0	7
-126.0	9
-125.0	7
-124.0	8
-123.0	7.5
-122.0	6
-121.0	3
-120.0	9
-119.0	6
-118.0	1
-117.0	10
-116.0	13
-115.0	4.25
-114.0	7
-113.0	12
-112.0	5.5
-111.0	6
-110.0	5
-109.0	6
-108.0	8
-107.0	3
-106.0	4
-105.0	6.2
-104.0	5
-103.0	6
-102.0	6.2
-101.0	11
-100.0	4
 -99.0	7
 -98.0	8
 -97.0	6
 -96.0	9
 -95.0	11.5
 -94.0	5
 -93.0	6.33333
 -92.0	5.25
 -91.0	5
 -90.0	3
 -89.0	8
 -88.0	10.5
 -87.0	7
 -86.0	10
 -85.0	5
 -84.0	8
 -83.0	9
 -82.0	9.5
 -81.0	7
 -80.0	11
 -79.0	10.5
 -78.0	15
 -77.0	2
 -76.0	7
 -75.0	7
 -74.0	7
 -73.0	8
 -72.0	4.5
 -71.0	7
 -70.0	6
 -69.0	5
 -68.0	2
 -67.0	8
 -66.0	6
 -65.0	9
 -64.0	9
 -63.0	9
 -62.0	12
 -61.0	11
 -60.0	12
 -59.0	4
 -58.0	13
 -57.0	4
 -56.0	8
 -55.0	10
 -54.0	12.3333
 -53.0	8
 -52.0	10
 -51.0	13
 -50.0	9.5
 -49.0	8
 -48.0	8
 -47.0	4
 -46.0	4
 -45.0	7
 -44.0	7
 -43.0	2
 -42.0	5
 -41.0	7.5
 -40.0	10.5
 -39.0	8
 -38.0	11
 -37.0	9
 -36.0	8
 -35.0	7
 -34.0	9
 -33.0	3
 -32.0	9.2
 -31.0	9
 -30.0	13
 -29.0	3.5
 -28.0	11
 -27.0	7.5
 -26.0	8
 -25.0	12
 -24.0	6
 -23.0	11
 -22.0	6
 -21.0	5
 -20.0	12
 -19.0	8
 -18.0	5
 -17.0	3
 -16.0	12
 -15.0	7
 -14.0	8
 -13.0	10
 -12.0	4
 -11.0	2
 -10.0	3
  -9.0	5
  -8.0	5
  -7.0	4.5
  -6.0	7
  -5.0	4
  -4.0	8
  -3.0	6
  -2.0	8
  -1.0	3.5
   0.0	6
   1.0	10
   2.0	8
   3.0	5
   4.0	8.5
   5.0	11
   6.0	6.5
   7.0	4.5
   8.0	11
   9.0	6
  10.0	3
  11.0	11
  12.0	5
  13.0	10
  14.0	11
  15.0	4.33333
  16.0	6
  17.0	8.5
  18.0	8
  19.0	13
  20.0	11
  21.0	7
  22.0	9
  23.0	3
  24.0	7
  25.0	6
  26.0	10
  27.0	7
  28.0	1
  29.0	7
  30.0	11
  31.0	8
  32.0	11
  33.0	8
  34.0	5
  35.0	12.1429
  36.0	11
  37.0	5
  38.0	6
  39.0	4
  40.0	13
  41.0	5
  42.0	9
  43.0	6
  44.0	3.14286
  45.0	11
  46.0	11
  47.0	5
  48.0	10.5
  49.0	8.5
  50.0	3
  51.0	9
  52.0	9
  53.0	7.64286
  54.0	4
  55.0	5
  56.0	11
  57.0	4
  58.0	10
  59.0	11
  60.0	14
  61.0	2
  62.0	8.14286
  63.0	9.2
  64.0	9
  65.0	5
  66.0	10
  67.0	7
  68.0	9
  69.0	6
  70.0	9.5
  71.0	10.1429
  72.0	6
  73.0	8
  74.0	3
  75.0	9.5
  76.0	5
  77.0	5
  78.0	7.5
  79.0	7
  80.0	7.14286
  81.0	9.5
  82.0	1
  83.0	10
  84.0	8
  85.0	4
  86.0	8
  87.0	10
  88.0	6.5
  89.0	3.14286
  90.0	4
  91.0	5
  92.0	12
  93.0	7
  94.0	5
  95.0	4
  96.0	9
  97.0	6
  98.0	10
  99.0	4
 100.0	7
 101.0	5
 102.0	8
 103.0	3.33333
 104.0	7
 105.0	8
 106.0	5
 107.0	7
 108.0	4.2
 109.0	8
 110.0	4
 111.0	4
 112.0	7
 113.0	4
 114.0	8
 115.0	2.5
 116.0	4
 117.0	6
 118.0	8
 119.0	4
 120.0	9
 121.0	6.5
 122.0	7
 123.0	5.33333
 124.0	6
 125.0	5
 126.0	7
 127.0	6
 128.0	11.5
 129.0	8
 130.0	4
 131.0	8.7
 132.0	4.5
 133.0	9
 134.0	6
 135.0	6
 136.0	5
 137.0	8
 138.0	5
 139.0	4
 140.0	6
 141.0	6
 142.0	2.5
 143.0	6
 144.0	8.5
 145.0	6
 146.0	10
 147.0	4
 148.0	9.5
 149.0	6
 150.0	5
 151.0	6
 152.0	3
 153.0	5
 154.0	6
 155.0	6
 156.0	5
 157.0	10
 158.0	7
 159.0	4.33333
 160.0	7
 161.0	10.5
 162.0	4
 163.0	7
 164.0	8.5
 165.0	6
 166.0	7
 167.0	6
 168.0	8
 169.0	2
 170.0	7
 171.0	5.5
 172.0	5
 173.0	2
 174.0	10
 175.0	9
 176.0	9
 177.0	3
 178.0	6
 179.0	7.2
 180.0	2
 181.0	7
 182.0	7
 183.0	9
 184.0	4
 185.0	5
 186.0	8
 187.0	3
DB 2 MOTIF	FOXA1_HUMAN.H11MO.0.A
-186.0	6
-185.0	6
-184.0	5.5
-183.0	9.5
-182.0	7
-181.0	9
-180.0	3.5
-179.0	4
-178.0	3
-177.0	5
-176.0	2
-175.0	4
-174.0	5
-173.0	4
-172.0	2
-171.0	5
-170.0	2
-169.0	4
-168.0	5
-167.0	5.5
-166.0	4
-165.0	4.5
-164.0	3
-163.0	6
-162.0	7
-161.0	3
-160.0	2
-159.0	3
-158.0	4
-157.0	5
-156.0	4
-155.0	3
-154.0	2
-153.0	6
-152.0	1
-151.0	2
-150.0	3
-149.0	7
-148.0	4
-147.0	3
-146.0	3
-145.0	1
-144.0	4
-143.0	2
-142.0	4
-141.0	3
-140.0	5
-139.0	2
-138.0	7
-137.0	2
-136.0	2
-135.0	4
-134.0	6
-133.0	7
-132.0	3
-131.0	5
-130.0	0.0625
-129.0	4
-128.0	3
-127.0	4
-126.0	7
-125.0	5
-124.0	8
-123.0	5
-122.0	2
-121.0	5
-120.0	3
-119.0	1
-118.0	4
-117.0	6
-116.0	2
-115.0	2
-114.0	7
-113.0	4
-112.0	9
-111.0	4.0625
-110.0	5
-109.0	5
-108.0	4
-107.0	3
-106.0	8
-105.0	3
-104.0	2
-103.0	7
-102.0	6
-101.0	3
-100.0	1
 -99.0	7
 -98.0	4
 -97.0	3
 -96.0	5
 -95.0	7
 -94.0	4
 -93.0	6
 -92.0	3.0625
 -91.0	5
 -90.0	4
 -89.0	5
 -88.0	2
 -87.0	5
 -86.0	5
 -85.0	4
 -84.0	4
 -83.0	6
 -82.0	2
 -81.0	4
 -80.0	1.33333
 -79.0	7
 -78.0	4
 -77.0	6
 -76.0	6
 -75.0	5
 -74.0	3
 -73.0	6
 -72.0	3
 -71.0	2
 -70.0	3
 -69.0	6
 -68.0	4
 -67.0	6
 -66.0	8
 -65.0	4
 -64.0	2
 -63.0	2
 -62.0	1
 -61.0	7
 -60.0	7.0625
 -59.0	2
 -58.0	9
 -57.0	4
 -56.0	3
 -55.0	4
 -54.0	4.5
 -53.0	6
 -52.0	3
 -51.0	4
 -50.0	3.5
 -49.0	8
 -48.0	2
 -47.0	5
 -46.0	6
 -45.0	5
 -44.0	8
 -43.0	3
 -42.0	4
 -41.0	5.0625
 -40.0	7
 -39.0	2
 -38.0	1
 -37.0	2
 -36.0	3
 -35.0	6
 -34.0	9.0625
 -33.0	3
 -32.0	5
 -31.0	5
 -30.0	4
 -29.0	7
 -28.0	5
 -27.0	6
 -26.0	11
 -25.0	7
 -24.0	6
 -23.0	8
 -22.0	5
 -21.0	7
 -20.0	4
 -19.0	4
 -18.0	6
 -17.0	3.0625
 -16.0	4
 -15.0	5
 -14.0	2
 -13.0	8
 -12.0	5
 -11.0	6
 -10.0	10
  -9.0	6
  -8.0	2
  -7.0	6
  -6.0	5
  -5.0	5
  -4.0	1
  -3.0	8
  -2.0	6
  -1.0	4
   0.0	5
   1.0	6
   2.0	6
   3.0	5
   4.0	7
   5.0	8
   6.0	3
   7.0	7
   8.0	7
   9.0	4
  10.0	10
  11.0	4
  12.0	6
  13.0	1
  14.0	5
  15.0	6.0625
  16.0	3
  17.0	5
  18.0	8
  19.0	3
  20.0	5
  21.0	3
  22.0	4
  23.0	6
  24.0	3
  25.0	4.33333
  26.0	6
  27.0	5
  28.0	4
  29.0	4
  30.0	5
  31.0	2
  32.0	4.0625
  33.0	9
  34.0	4
  35.0	5
  36.0	11
  37.0	6
  38.0	2
  39.0	4
  40.0	3
  41.0	7.0625
  42.0	7
  43.0	6
  44.0	5
  45.0	4
  46.0	7
  47.0	5
  48.0	9
  49.0	3
  50.0	6
  51.0	2
  52.0	6
  53.0	2
  54.0	6
  55.0	8
  56.0	6.0625
  57.0	3
  58.0	3
  59.0	5
  60.0	5.33333
  61.0	6
  62.0	4
  63.0	3
  64.0	7
  65.0	3
  66.0	6
  67.0	7
  68.0	4
  69.0	2
  70.0	5.5
  71.0	4
  72.0	6
  73.0	1
  74.0	3
  75.0	7.0625
  76.0	4
  77.0	3
  78.0	10
  79.0	3
  80.0	3
  81.0	1
  82.0	1
  83.0	1
  84.0	8
  85.0	4.33333
  86.0	4
  87.0	8
  88.0	5
  89.0	7
  90.0	4
  91.0	6
  92.0	9
  93.0	5
  94.0	5.0625
  95.0	4
  96.0	6
  97.0	6
  98.0	5
  99.0	5.33333
 100.0	4
 101.0	6
 102.0	4
 103.0	3
 104.0	4
 105.0	2
 106.0	4
 107.0	4
 108.0	4
 109.0	3
 110.0	5
 111.0	5
 112.0	5
 113.0	3.0625
 114.0	3.25
 115.0	4
 116.0	2
 117.0	4
 118.0	3
 119.0	5
 120.0	1
 121.0	1
 122.0	6
 123.0	8
 124.0	6
 125.0	2
 126.0	4
 127.0	2
 128.0	2
 129.0	7
 130.0	2.33333
 131.0	4
 132.0	5.0625
 133.0	3.25
 134.0	1
 135.0	1
 136.0	2
 137.0	6.5
 138.0	4
 139.0	2
 140.0	6
 141.0	3.5
 142.0	6
 143.0	4
 144.0	4
 145.0	1
 146.0	4
 147.0	4
 148.0	1
 149.0	3.5
 150.0	3
 151.0	1
 152.0	2.25
 153.0	2
 154.0	5.5
 155.0	6
 156.0	1
 157.0	2
 158.0	2
 159.0	1
 160.0	4
 161.0	1
 162.0	6
 163.0	3
 164.0	0
 165.0	0
 166.0	3
 167.0	6
 168.0	2
 169.0	2
 170.0	6
 171.0	2
 172.0	3.0625
 173.0	4
 174.0	3
 175.0	1
 176.0	4
 177.0	2
 178.0	3
 179.0	2
 180.0	4
 181.0	4
 182.0	3
 183.0	6
 184.0	4.25
 185.0	5
 186.0	1
DB 2 MOTIF	FOXA2_HUMAN.H11MO.0.A
-186.0	5
-185.0	4
-184.0	4.5
-183.0	10
-182.0	3.5
-181.0	6
-180.0	3.5
-179.0	1
-178.0	4
-177.0	5
-176.0	2
-175.0	2
-174.0	4
-173.0	3
-172.0	2
-171.0	5
-170.0	2
-169.0	4
-168.0	4
-167.0	1
-166.0	4
-165.0	4
-164.0	2
-163.0	9
-162.0	6
-161.0	4
-160.0	2
-159.0	3
-158.0	3
-157.0	3
-156.0	4
-155.0	4
-154.0	2
-153.0	6
-152.0	2
-151.0	3
-150.0	3
-149.0	5.5
-148.0	1
-147.0	3
-146.0	2
-145.0	1
-144.0	5
-143.0	3
-142.0	5
-141.0	4
-140.0	6
-139.0	3
-138.0	4
-137.0	2
-136.0	2
-135.0	5.5
-134.0	4
-133.0	7
-132.0	2
-131.0	3
-130.0	1
-129.0	3
-128.0	4
-127.0	4
-126.0	6
-125.0	6.5
-124.0	7
-123.0	4
-122.0	1
-121.0	5
-120.0	2
-119.0	0
-118.0	4
-117.0	5
-116.0	2
-115.0	2
-114.0	5
-113.0	6
-112.0	10
-111.0	5
-110.0	4
-109.0	5
-108.0	2
-107.0	1
-106.0	8
-105.0	6
-104.0	2
-103.0	6
-102.0	4
-101.0	3
-100.0	1
 -99.0	6
 -98.0	4
 -97.0	4
 -96.0	5
 -95.0	6
 -94.0	4
 -93.0	5
 -92.0	3
 -91.0	4
 -90.0	4
 -89.0	5
 -88.0	3
 -87.0	6
 -86.0	6
 -85.0	4
 -84.0	3
 -83.0	4
 -82.0	6
 -81.0	2
 -80.0	0.333333
 -79.0	6
 -78.0	3
 -77.0	7
 -76.0	7
 -75.0	5
 -74.0	4
 -73.0	6
 -72.0	4
 -71.0	2
 -70.0	4
 -69.0	7
 -68.0	4
 -67.0	5
 -66.0	8
 -65.0	8
 -64.0	3
 -63.0	2
 -62.0	2
 -61.0	4
 -60.0	8
 -59.0	2
 -58.0	9
 -57.0	3
 -56.0	3
 -55.0	4
 -54.0	4
 -53.0	3
 -52.0	4
 -51.0	4
 -50.0	2
 -49.0	8
 -48.0	1
 -47.0	5
 -46.0	6
 -45.0	6
 -44.0	7
 -43.0	3
 -42.0	3
 -41.0	4
 -40.0	8
 -39.0	3
 -38.0	0
 -37.0	3
 -36.0	3
 -35.0	4
 -34.0	8
 -33.0	3
 -32.0	3
 -31.0	5
 -30.0	4
 -29.0	8
 -28.0	4
 -27.0	6
 -26.0	7
 -25.0	6
 -24.0	6
 -23.0	8
 -22.0	5
 -21.0	7
 -20.0	4
 -19.0	5
 -18.0	3
 -17.0	2
 -16.0	4
 -15.0	5
 -14.0	1
 -13.0	7
 -12.0	3
 -11.0	6
 -10.0	8
  -9.0	6
  -8.0	3
  -7.0	4
  -6.0	5
  -5.0	4
  -4.0	3
  -3.0	10
  -2.0	6
  -1.0	4
   0.0	4
   1.0	7
   2.0	5
   3.0	5
   4.0	7
   5.0	6
   6.0	4
   7.0	7
   8.0	7
   9.0	8
  10.0	9
  11.0	3
  12.0	5
  13.0	1
  14.0	5
  15.0	7
  16.0	3
  17.0	4
  18.0	8
  19.0	3
  20.0	5
  21.0	3
  22.0	5
  23.0	5
  24.0	5
  25.0	4.33333
  26.0	5
  27.0	4
  28.0	4
  29.0	4
  30.0	4
  31.0	3
  32.0	4
  33.0	10
  34.0	3
  35.0	4
  36.0	11
  37.0	4
  38.0	2
  39.0	4
  40.0	1
  41.0	7
  42.0	6
  43.0	6
  44.0	5
  45.0	3
  46.0	8
  47.0	5
  48.0	9
  49.0	3
  50.0	6
  51.0	2
  52.0	7
  53.0	2
  54.0	5
  55.0	6
  56.0	7
  57.0	3
  58.0	4
  59.0	5
  60.0	6.33333
  61.0	5
  62.0	6
  63.0	4
  64.0	6
  65.0	3
  66.0	5
  67.0	8
  68.0	5
  69.0	1
  70.0	6
  71.0	6
  72.0	5
  73.0	3
  74.0	3
  75.0	7
  76.0	3
  77.0	4
  78.0	10
  79.0	3
  80.0	3
  81.0	1
  82.0	1
  83.0	3
  84.0	8
  85.0	3.33333
  86.0	6
  87.0	7
  88.0	5
  89.0	6
  90.0	3
  91.0	6
  92.0	7
  93.0	3
  94.0	8
  95.0	4
  96.0	7
  97.0	6
  98.0	4
  99.0	6.33333
 100.0	3
 101.0	5
 102.0	5
 103.0	2
 104.0	4
 105.0	3
 106.0	3
 107.0	4
 108.0	2
 109.0	4
 110.0	4
 111.0	3
 112.0	4
 113.0	3
 114.0	3
 115.0	2
 116.0	3
 117.0	5
 118.0	4
 119.0	5
 120.0	2
 121.0	1
 122.0	4
 123.0	4
 124.0	6
 125.0	3
 126.0	4
 127.0	1
 128.0	3
 129.0	6
 130.0	2.33333
 131.0	6
 132.0	5
 133.0	3
 134.0	3
 135.0	1
 136.0	2
 137.0	5.5
 138.0	4
 139.0	1
 140.0	5
 141.0	7.5
 142.0	5
 143.0	2
 144.0	4
 145.0	1
 146.0	3
 147.0	1
 148.0	2
 149.0	5
 150.0	4
 151.0	0
 152.0	3
 153.0	2
 154.0	3
 155.0	3
 156.0	0
 157.0	2
 158.0	4
 159.0	1
 160.0	5
 161.0	0
 162.0	5
 163.0	3
 164.0	2
 165.0	0
 166.0	5
 167.0	4
 168.0	3
 169.0	4
 170.0	5
 171.0	2
 172.0	6
 173.0	3
 174.0	4
 175.0	3
 176.0	3
 177.0	2
 178.0	3
 179.0	2
 180.0	4
 181.0	5
 182.0	3
 183.0	6
 184.0	3
 185.0	3
 186.0	2
DB 2 MOTIF	FOXA3_HUMAN.H11MO.0.B
-185.5	3
-184.5	9
-183.5	8
-182.5	10
-181.5	9
-180.5	2
-179.5	4
-178.5	3
-177.5	6
-176.5	4
-175.5	4
-174.5	1
-173.5	6
-172.5	5
-171.5	4
-170.5	4
-169.5	8
-168.5	4
-167.5	3
-166.5	4
-165.5	6
-164.5	5
-163.5	3
-162.5	3
-161.5	2
-160.5	10
-159.5	5
-158.5	3
-157.5	4
-156.5	4
-155.5	4
-154.5	5
-153.5	5
-152.5	4
-151.5	5
-150.5	5
-149.5	0
-148.5	5
-147.5	3
-146.5	3.125
-145.5	6
-144.5	4
-143.5	5
-142.5	4
-141.5	5.125
-140.5	5
-139.5	5
-138.5	3
-137.5	5
-136.5	2.125
-135.5	3
-134.5	12
-133.5	4
-132.5	4
-131.5	2.125
-130.5	2
-129.5	4
-128.5	2
-127.5	4
-126.5	6.125
-125.5	5
-124.5	7
-123.5	4
-122.5	7
-121.5	3.125
-120.5	2
-119.5	4
-118.5	3
-117.5	2
-116.5	1.125
-115.5	5
-114.5	3.5
-113.5	6
-112.5	8
-111.5	2.125
-110.5	7
-109.5	4.5
-108.5	6
-107.5	8
-106.5	5
-105.5	1
-104.5	8
-103.5	6
-102.5	5
-101.5	8
-100.5	4
 -99.5	3
 -98.5	4
 -97.5	7
 -96.5	8
 -95.5	8
 -94.5	8
 -93.5	5
 -92.5	5
 -91.5	5
 -90.5	4
 -89.5	3
 -88.5	3
 -87.5	9
 -86.5	3
 -85.5	4
 -84.5	4
 -83.5	2
 -82.5	5
 -81.5	5.33333
 -80.5	6
 -79.5	6
 -78.5	7
 -77.5	7
 -76.5	5
 -75.5	5
 -74.5	5
 -73.5	7
 -72.5	2
 -71.5	5
 -70.5	2
 -69.5	5.5
 -68.5	6
 -67.5	8
 -66.5	4
 -65.5	4
 -64.5	9
 -63.5	2
 -62.5	4
 -61.5	5
 -60.5	3
 -59.5	6
 -58.5	8
 -57.5	1
 -56.5	6
 -55.5	3
 -54.5	4
 -53.5	5
 -52.5	8
 -51.5	5
 -50.5	6
 -49.5	6
 -48.5	6
 -47.5	4
 -46.5	4
 -45.5	5
 -44.5	4
 -43.5	5
 -42.5	6
 -41.5	5
 -40.5	6
 -39.5	6
 -38.5	6
 -37.5	3
 -36.5	4
 -35.5	4
 -34.5	8
 -33.5	4
 -32.5	5
 -31.5	5
 -30.5	4
 -29.5	7
 -28.5	3
 -27.5	9.5
 -26.5	8
 -25.5	4
 -24.5	8
 -23.5	4
 -22.5	8
 -21.5	5
 -20.5	5
 -19.5	4
 -18.5	3
 -17.5	5
 -16.5	4
 -15.5	3
 -14.5	7
 -13.5	4
 -12.5	2
 -11.5	8
 -10.5	10
  -9.5	6
  -8.5	8
  -7.5	3
  -6.5	4
  -5.5	4
  -4.5	6
  -3.5	8
  -2.5	6
  -1.5	9
  -0.5	8
   0.5	6
   1.5	7
   2.5	5
   3.5	6
   4.5	4
   5.5	7
   6.5	2
   7.5	6
   8.5	9
   9.5	6
  10.5	8
  11.5	4
  12.5	5
  13.5	6
  14.5	3
  15.5	6
  16.5	8
  17.5	5
  18.5	3
  19.5	5
  20.5	5
  21.5	4
  22.5	6
  23.5	5
  24.5	8
  25.5	8
  26.5	2
  27.5	7
  28.5	2
  29.5	5
  30.5	2
  31.5	6
  32.5	4
  33.5	5
  34.5	14
  35.5	4
  36.5	3
  37.5	6
  38.5	3
  39.5	5
  40.5	5
  41.5	4
  42.5	4
  43.5	7
  44.5	9
  45.5	8
  46.5	6
  47.5	8
  48.5	8
  49.5	8
  50.5	6
  51.5	3
  52.5	5
  53.5	6
  54.5	4
  55.5	3
  56.5	5
  57.5	13
  58.5	2.33333
  59.5	4
  60.5	5
  61.5	8
  62.5	4
  63.5	4
  64.5	4
  65.5	7
  66.5	6
  67.5	6
  68.5	7
  69.5	7
  70.5	3
  71.5	4
  72.5	6
  73.5	2
  74.5	1
  75.5	4
  76.5	10
  77.5	1
  78.5	4
  79.5	6
  80.5	3
  81.5	4
  82.5	4
  83.5	5
  84.5	3
  85.5	10
  86.5	9
  87.5	6
  88.5	4
  89.5	4
  90.5	8
  91.5	2
  92.5	9
  93.5	5
  94.5	4
  95.5	5
  96.5	5
  97.5	8
  98.5	8
  99.5	5
 100.5	6
 101.5	2
 102.5	5
 103.5	3
 104.5	1
 105.5	3
 106.5	5
 107.5	9
 108.5	6
 109.5	7
 110.5	0
 111.5	1
 112.5	6
 113.5	6
 114.5	3
 115.5	6
 116.5	1.5
 117.5	5
 118.5	4
 119.5	2
 120.5	5
 121.5	2
 122.5	4
 123.5	6
 124.5	4
 125.5	4
 126.5	2
 127.5	8
 128.5	2.33333
 129.5	2.5
 130.5	4
 131.5	1
 132.5	5
 133.5	6
 134.5	5
 135.5	4
 136.5	4
 137.5	2
 138.5	7
 139.5	7
 140.5	3
 141.5	8
 142.5	6
 143.5	6
 144.5	0
 145.5	1
 146.5	2
 147.5	6
 148.5	3
 149.5	5
 150.5	3
 151.5	1
 152.5	3
 153.5	5
 154.5	3
 155.5	6
 156.5	6
 157.5	4
 158.5	6
 159.5	2
 160.5	2
 161.5	7
 162.5	3
 163.5	4
 164.5	3
 165.5	4
 166.5	2
 167.5	2
 168.5	8
 169.5	6
 170.5	4
 171.5	2
 172.5	1
 173.5	1
 174.5	6
 175.5	7
 176.5	5
 177.5	3
 178.5	3
 179.5	7
 180.5	4
 181.5	3
 182.5	8
 183.5	7
 184.5	4
 185.5	9
DB 2 MOTIF	FOXB1_HUMAN.H11MO.0.D
-183.5	3
-182.5	5
-181.5	3
-180.5	2
-179.5	5
-178.5	3
-177.5	1
-176.5	2
-175.5	2
-174.5	1
-173.5	2
-172.5	4
-171.5	2
-170.5	1
-169.5	1
-168.5	1
-167.5	0
-166.5	3
-165.5	2
-164.5	3
-163.5	0
-162.5	3
-161.5	1
-160.5	2
-159.5	3
-158.5	1.5
-157.5	1
-156.5	1
-155.5	0
-154.5	2
-153.5	5
-152.5	1
-151.5	6
-150.5	3
-149.5	4
-148.5	1
-147.5	3
-146.5	2
-145.5	2
-144.5	1
-143.5	2
-142.5	6
-141.5	3
-140.5	3
-139.5	0
-138.5	1
-137.5	1
-136.5	4
-135.5	3
-134.5	3
-133.5	6
-132.5	4
-131.5	0
-130.5	0
-129.5	2
-128.5	2
-127.5	1
-126.5	1
-125.5	3
-124.5	3
-123.5	3
-122.5	2
-121.5	1
-120.5	1
-119.5	2
-118.5	1
-117.5	1
-116.5	1
-115.5	3
-114.5	3
-113.5	3
-112.5	0
-111.5	4
-110.5	1
-109.5	4
-108.5	4
-107.5	6
-106.5	1
-105.5	4
-104.5	2
-103.5	7
-102.5	1
-101.5	4
-100.5	4
 -99.5	0
 -98.5	0
 -97.5	5
 -96.5	7
 -95.5	3
 -94.5	2
 -93.5	2
 -92.5	5
 -91.5	5
 -90.5	3
 -89.5	1
 -88.5	2
 -87.5	2
 -86.5	6
 -85.5	2
 -84.5	3
 -83.5	1
 -82.5	2
 -81.5	3
 -80.5	5
 -79.5	4
 -78.5	7
 -77.5	3
 -76.5	2
 -75.5	2
 -74.5	2
 -73.5	1
 -72.5	2
 -71.5	4
 -70.5	2
 -69.5	4
 -68.5	1
 -67.5	1
 -66.5	2
 -65.5	1
 -64.5	0
 -63.5	4.5
 -62.5	1
 -61.5	0
 -60.5	5
 -59.5	0
 -58.5	1
 -57.5	2
 -56.5	2
 -55.5	4
 -54.5	5
 -53.5	3
 -52.5	3
 -51.5	4
 -50.5	1
 -49.5	4
 -48.5	2
 -47.5	5
 -46.5	3
 -45.5	2
 -44.5	3
 -43.5	2
 -42.5	1
 -41.5	8
 -40.5	2
 -39.5	2
 -38.5	2
 -37.5	6
 -36.5	3
 -35.5	1
 -34.5	4
 -33.5	4
 -32.5	1
 -31.5	3
 -30.5	2
 -29.5	2
 -28.5	4
 -27.5	5
 -26.5	2
 -25.5	6
 -24.5	4
 -23.5	1
 -22.5	0
 -21.5	3
 -20.5	4
 -19.5	3
 -18.5	3
 -17.5	3
 -16.5	5
 -15.5	5
 -14.5	2
 -13.5	1
 -12.5	5
 -11.5	2
 -10.5	3
  -9.5	4
  -8.5	4
  -7.5	4
  -6.5	1
  -5.5	4
  -4.5	3
  -3.5	3
  -2.5	1
  -1.5	2
  -0.5	5
   0.5	1
   1.5	1
   2.5	6
   3.5	1
   4.5	4
   5.5	0
   6.5	3
   7.5	3
   8.5	1
   9.5	4
  10.5	4
  11.5	4
  12.5	3
  13.5	2
  14.5	4
  15.5	2
  16.5	1
  17.5	6
  18.5	2
  19.5	2
  20.5	3
  21.5	3
  22.5	4
  23.5	3
  24.5	5
  25.5	3
  26.5	3
  27.5	2
  28.5	2
  29.5	2
  30.5	1
  31.5	1
  32.5	3
  33.5	4
  34.5	2
  35.5	7
  36.5	0
  37.5	1
  38.5	4
  39.5	1
  40.5	1
  41.5	6.5
  42.5	4
  43.5	3
  44.5	2
  45.5	5
  46.5	4
  47.5	4
  48.5	2
  49.5	3
  50.5	2
  51.5	3
  52.5	3
  53.5	0
  54.5	1
  55.5	2
  56.5	2
  57.5	2
  58.5	7
  59.5	4
  60.5	1
  61.5	3
  62.5	4
  63.5	0
  64.5	5
  65.5	3
  66.5	1
  67.5	4
  68.5	5
  69.5	3
  70.5	2
  71.5	2
  72.5	1
  73.5	1
  74.5	3
  75.5	0
  76.5	2
  77.5	4
  78.5	1
  79.5	1
  80.5	1
  81.5	4
  82.5	3
  83.5	1
  84.5	4
  85.5	2
  86.5	3
  87.5	3
  88.5	2
  89.5	4
  90.5	2
  91.5	1
  92.5	3
  93.5	1
  94.5	3
  95.5	2
  96.5	3
  97.5	4
  98.5	4
  99.5	3
 100.5	1
 101.5	4
 102.5	3
 103.5	1
 104.5	2
 105.5	4
 106.5	0
 107.5	1
 108.5	3
 109.5	1
 110.5	2
 111.5	2
 112.5	1
 113.5	3
 114.5	3
 115.5	5
 116.5	4
 117.5	1
 118.5	0
 119.5	3
 120.5	3
 121.5	1
 122.5	1
 123.5	2
 124.5	3
 125.5	0
 126.5	3
 127.5	0
 128.5	2
 129.5	3
 130.5	1
 131.5	1
 132.5	1
 133.5	2
 134.5	4
 135.5	0
 136.5	0.5
 137.5	1
 138.5	5
 139.5	3
 140.5	4
 141.5	1
 142.5	4
 143.5	1
 144.5	0
 145.5	0
 146.5	2
 147.5	1
 148.5	4
 149.5	0
 150.5	0
 151.5	1
 152.5	2
 153.5	2
 154.5	2
 155.5	2
 156.5	3
 157.5	2
 158.5	0
 159.5	0
 160.5	1
 161.5	1
 162.5	1
 163.5	2
 164.5	3
 165.5	0
 166.5	3
 167.5	1
 168.5	2
 169.5	4
 170.5	1
 171.5	0
 172.5	2
 173.5	1
 174.5	2
 175.5	4
 176.5	2
 177.5	2
 178.5	1
 179.5	1
 180.5	3
 181.5	6
 182.5	2
 183.5	5
DB 2 MOTIF	FOXC1_HUMAN.H11MO.0.C
-184.5	5
-183.5	2
-182.5	5
-181.5	2
-180.5	0
-179.5	2
-178.5	1
-177.5	3
-176.5	1
-175.5	6
-174.5	2
-173.5	3
-172.5	1
-171.5	3
-170.5	3
-169.5	1
-168.5	0
-167.5	2
-166.5	2
-165.5	1
-164.5	0
-163.5	3
-162.5	1
-161.5	1
-160.5	4
-159.5	4
-158.5	3
-157.5	1
-156.5	1
-155.5	2
-154.5	1
-153.5	2
-152.5	0
-151.5	3
-150.5	3
-149.5	0
-148.5	2
-147.5	0
-146.5	1
-145.5	1
-144.5	1
-143.5	2
-142.5	0
-141.5	2
-140.5	2
-139.5	0
-138.5	5
-137.5	4
-136.5	1
-135.5	1
-134.5	7
-133.5	2
-132.5	2
-131.5	0
-130.5	1
-129.5	1
-128.5	2
-127.5	2
-126.5	1
-125.5	2
-124.5	7
-123.5	1
-122.5	2
-121.5	3
-120.5	1
-119.5	0
-118.5	1
-117.5	0
-116.5	0
-115.5	2
-114.5	1
-113.5	2
-112.5	2
-111.5	1
-110.5	4
-109.5	2
-108.5	2
-107.5	4
-106.5	1
-105.5	2
-104.5	6
-103.5	1
-102.5	2
-101.5	4
-100.5	3
 -99.5	2
 -98.5	1
 -97.5	3
 -96.5	2
 -95.5	3
 -94.5	2
 -93.5	0
 -92.5	0
 -91.5	4
 -90.5	2
 -89.5	1
 -88.5	0
 -87.5	4
 -86.5	4
 -85.5	0
 -84.5	3
 -83.5	1
 -82.5	3
 -81.5	2
 -80.5	2
 -79.5	5
 -78.5	2
 -77.5	3
 -76.5	2
 -75.5	2
 -74.5	2
 -73.5	1
 -72.5	1
 -71.5	2
 -70.5	1
 -69.5	4
 -68.5	4
 -67.5	5
 -66.5	1
 -65.5	3
 -64.5	4
 -63.5	1
 -62.5	2
 -61.5	3
 -60.5	2
 -59.5	2
 -58.5	2
 -57.5	1
 -56.5	3
 -55.5	0
 -54.5	0
 -53.5	4
 -52.5	2
 -51.5	1
 -50.5	6
 -49.5	1
 -48.5	3
 -47.5	1
 -46.5	1
 -45.5	4
 -44.5	1
 -43.5	1
 -42.5	6
 -41.5	1
 -40.5	2
 -39.5	1
 -38.5	2
 -37.5	1
 -36.5	2
 -35.5	1
 -34.5	3
 -33.5	3
 -32.5	5
 -31.5	1
 -30.5	1
 -29.5	5
 -28.5	4
 -27.5	3
 -26.5	4
 -25.5	6
 -24.5	0
 -23.5	1
 -22.5	2
 -21.5	3
 -20.5	1
 -19.5	1
 -18.5	0
 -17.5	3
 -16.5	0
 -15.5	1
 -14.5	1
 -13.5	1
 -12.5	1
 -11.5	6
 -10.5	1
  -9.5	2
  -8.5	3
  -7.5	2
  -6.5	4
  -5.5	2
  -4.5	2
  -3.5	5
  -2.5	3
  -1.5	4
  -0.5	3
   0.5	2
   1.5	3
   2.5	1
   3.5	3
   4.5	0
   5.5	3
   6.5	7
   7.5	2
   8.5	2
   9.5	3
  10.5	3
  11.5	1
  12.5	2
  13.5	4
  14.5	2
  15.5	5
  16.5	3
  17.5	3
  18.5	2
  19.5	4
  20.5	3
  21.5	4
  22.5	3
  23.5	3
  24.5	3
  25.5	7
  26.5	4
  27.5	4
  28.5	1
  29.5	1
  30.5	0
  31.5	3
  32.5	2
  33.5	2
  34.5	7
  35.5	3
  36.5	3
  37.5	3
  38.5	0
  39.5	1
  40.5	4
  41.5	2
  42.5	3
  43.5	4
  44.5	4
  45.5	3
  46.5	5
  47.5	4
  48.5	4
  49.5	3
  50.5	0
  51.5	3
  52.5	3
  53.5	1
  54.5	1
  55.5	4
  56.5	2
  57.5	1
  58.5	2
  59.5	3
  60.5	3
  61.5	4
  62.5	1
  63.5	4
  64.5	1
  65.5	2
  66.5	2
  67.5	2
  68.5	2
  69.5	2
  70.5	2
  71.5	4
  72.5	3
  73.5	1
  74.5	0
  75.5	3
  76.5	5
  77.5	3
  78.5	2
  79.5	1
  80.5	1
  81.5	2
  82.5	4
  83.5	2
  84.5	2
  85.5	4
  86.5	2
  87.5	0
  88.5	3
  89.5	0
  90.5	1
  91.5	0
  92.5	3
  93.5	2
  94.5	2
  95.5	3
  96.5	4
  97.5	3
  98.5	1
  99.5	3
 100.5	2
 101.5	2
 102.5	4
 103.5	3
 104.5	1
 105.5	0
 106.5	1
 107.5	3
 108.5	0
 109.5	2
 110.5	0
 111.5	2
 112.5	2
 113.5	3
 114.5	3
 115.5	1
 116.5	1
 117.5	4
 118.5	0
 119.5	1
 120.5	4
 121.5	2
 122.5	1
 123.5	2
 124.5	1
 125.5	0
 126.5	1
 127.5	2
 128.5	2
 129.5	3
 130.5	2
 131.5	0
 132.5	1
 133.5	2
 134.5	1
 135.5	1
 136.5	3
 137.5	2
 138.5	2
 139.5	1
 140.5	1
 141.5	2
 142.5	0
 143.5	4
 144.5	2
 145.5	1
 146.5	2
 147.5	3
 148.5	2
 149.5	3
 150.5	1
 151.5	0
 152.5	0
 153.5	3
 154.5	2
 155.5	1
 156.5	2
 157.5	1
 158.5	1
 159.5	2
 160.5	1
 161.5	2
 162.5	1
 163.5	2
 164.5	1
 165.5	3
 166.5	1
 167.5	1
 168.5	1
 169.5	2
 170.5	3
 171.5	0
 172.5	0
 173.5	1
 174.5	2
 175.5	1
 176.5	1
 177.5	2
 178.5	4
 179.5	3
 180.5	3
 181.5	3
 182.5	4
 183.5	2
 184.5	4
DB 2 MOTIF	FOXO3_HUMAN.H11MO.0.B
-187.0	6.5
-186.0	5
-185.0	4
-184.0	2
-183.0	11
-182.0	4
-181.0	7
-180.0	8
-179.0	3
-178.0	11.5
-177.0	2
-176.0	3
-175.0	2.5
-174.0	8
-173.0	3
-172.0	7
-171.0	8
-170.0	5
-169.0	4
-168.0	6
-167.0	5
-166.0	4
-165.0	2
-164.0	6
-163.0	7
-162.0	6.33333
-161.0	6
-160.0	3
-159.0	8
-158.0	2
-157.0	2.5
-156.0	5
-155.0	3
-154.0	7
-153.0	6
-152.0	6
-151.0	1
-150.0	8
-149.0	4
-148.0	4.5
-147.0	6
-146.0	4
-145.0	5
-144.0	2
-143.0	9.5
-142.0	5
-141.0	5
-140.0	2
-139.0	2
-138.0	1
-137.0	10.3333
-136.0	4
-135.0	4
-134.0	6
-133.0	4
-132.0	4
-131.0	4
-130.0	4
-129.0	2
-128.0	6
-127.0	1
-126.0	7
-125.0	4
-124.0	8
-123.0	7
-122.0	4
-121.0	4
-120.0	5
-119.0	3
-118.0	4
-117.0	4
-116.0	5
-115.0	3
-114.0	6
-113.0	5
-112.0	7
-111.0	7
-110.0	9
-109.0	7
-108.0	5
-107.0	4
-106.0	6.5
-105.0	4
-104.0	5
-103.0	7
-102.0	9
-101.0	6
-100.0	8
 -99.0	7
 -98.0	7
 -97.0	7
 -96.0	7
 -95.0	3
 -94.0	4
 -93.0	5
 -92.0	6.5
 -91.0	2
 -90.0	10
 -89.0	3
 -88.0	6.83333
 -87.0	3
 -86.0	6
 -85.0	4
 -84.0	4
 -83.0	2
 -82.0	4
 -81.0	5
 -80.0	7
 -79.0	6
 -78.0	6
 -77.0	5
 -76.0	8
 -75.0	7
 -74.0	6
 -73.0	3
 -72.0	6
 -71.0	4
 -70.0	11
 -69.0	7
 -68.0	4.5
 -67.0	6.5
 -66.0	8
 -65.0	4
 -64.0	9
 -63.0	10
 -62.0	6
 -61.0	9
 -60.0	3
 -59.0	2
 -58.0	2
 -57.0	5
 -56.0	3
 -55.0	5.83333
 -54.0	8
 -53.0	4
 -52.0	6
 -51.0	8
 -50.0	3
 -49.0	4
 -48.0	5
 -47.0	7
 -46.0	7
 -45.0	2
 -44.0	5
 -43.0	9
 -42.0	4.5
 -41.0	6
 -40.0	4
 -39.0	9
 -38.0	9
 -37.0	8
 -36.0	3.5
 -35.0	7
 -34.0	6.5
 -33.0	6
 -32.0	8.5
 -31.0	5
 -30.0	5.83333
 -29.0	4.5
 -28.0	6
 -27.0	6
 -26.0	6.5
 -25.0	6
 -24.0	12
 -23.0	9
 -22.0	10
 -21.0	6
 -20.0	4
 -19.0	4
 -18.0	2
 -17.0	6
 -16.0	8.5
 -15.0	3
 -14.0	4
 -13.0	5
 -12.0	7
 -11.0	7
 -10.0	8
  -9.0	5
  -8.0	7
  -7.0	5.5
  -6.0	4
  -5.0	3
  -4.0	6
  -3.0	5
  -2.0	5
  -1.0	5
   0.0	8
   1.0	3
   2.0	7.5
   3.0	8
   4.0	10
   5.0	5
   6.0	0
   7.0	12
   8.0	5
   9.0	7
  10.0	3
  11.0	6
  12.0	7
  13.0	4
  14.0	9
  15.0	9
  16.0	8
  17.0	3
  18.0	6.33333
  19.0	5
  20.0	7
  21.0	9
  22.0	4
  23.0	8
  24.0	8
  25.0	3.5
  26.0	6
  27.0	7.5
  28.0	4
  29.0	3
  30.0	4
  31.0	3
  32.0	1
  33.0	10
  34.0	5
  35.0	8
  36.0	13
  37.0	4
  38.0	6
  39.0	10
  40.0	6
  41.0	5
  42.0	6
  43.0	4
  44.0	3
  45.0	9
  46.0	7
  47.0	7
  48.0	2
  49.0	6
  50.0	4
  51.0	13
  52.0	2
  53.0	4
  54.0	3
  55.0	4
  56.0	2
  57.0	2
  58.0	8
  59.0	6
  60.0	6
  61.0	3.33333
  62.0	3
  63.0	6
  64.0	5.5
  65.0	5
  66.0	7
  67.0	5
  68.0	6
  69.0	10
  70.0	6
  71.0	9
  72.0	6
  73.0	5.83333
  74.0	8
  75.0	6
  76.0	3
  77.0	5.33333
  78.0	6
  79.0	8
  80.0	1
  81.0	5.33333
  82.0	4
  83.0	5
  84.0	3.5
  85.0	6
  86.0	7
  87.0	7
  88.0	5
  89.0	7
  90.0	6
  91.0	2
  92.0	2
  93.0	5
  94.0	11
  95.0	5
  96.0	3
  97.0	6
  98.0	7
  99.0	8
 100.0	5.5
 101.0	5
 102.0	5
 103.0	3
 104.0	4
 105.0	4
 106.0	3
 107.0	3
 108.0	5
 109.0	3
 110.0	4.5
 111.0	6
 112.0	5
 113.0	4
 114.0	6
 115.0	9
 116.0	5
 117.0	3
 118.0	3
 119.0	3
 120.0	3
 121.0	5
 122.0	4
 123.0	2
 124.0	4
 125.0	9
 126.0	8
 127.0	3
 128.0	2
 129.0	2
 130.0	6
 131.0	2
 132.0	6
 133.0	2
 134.0	6.33333
 135.0	4
 136.0	5
 137.0	4
 138.0	4.33333
 139.0	2
 140.0	4
 141.0	6
 142.0	5.33333
 143.0	6
 144.0	2
 145.0	8
 146.0	2
 147.0	4
 148.0	7
 149.0	5
 150.0	4
 151.0	4
 152.0	6.5
 153.0	2
 154.0	5
 155.0	4
 156.0	4
 157.0	4
 158.0	7
 159.0	5
 160.0	2
 161.0	5
 162.0	4
 163.0	4.5
 164.0	4.33333
 165.0	3
 166.0	2
 167.0	7.5
 168.0	3.5
 169.0	2
 170.0	4
 171.0	9
 172.0	1
 173.0	5.5
 174.0	5
 175.0	3
 176.0	5
 177.0	5
 178.0	6
 179.0	7
 180.0	3.5
 181.0	4
 182.0	4
 183.0	5
 184.0	8.5
 185.0	7
 186.0	6
 187.0	5.33333
DB 2 MOTIF	FOXP2_HUMAN.H11MO.0.C
-187.5	9.5
-186.5	5
-185.5	7
-184.5	2
-183.5	7
-182.5	8
-181.5	8
-180.5	11
-179.5	2
-178.5	11
-177.5	6
-176.5	3
-175.5	1.5
-174.5	5
-173.5	5
-172.5	6
-171.5	6
-170.5	7.5
-169.5	3
-168.5	6
-167.5	4
-166.5	5
-165.5	2
-164.5	6
-163.5	7.5
-162.5	3.5
-161.5	9.33333
-160.5	5
-159.5	7
-158.5	4
-157.5	7
-156.5	4
-155.5	5
-154.5	5
-153.5	4
-152.5	7
-151.5	3
-150.5	7.11111
-149.5	6
-148.5	1
-147.5	5
-146.5	2.5
-145.5	6.11111
-144.5	3
-143.5	8.5
-142.5	3
-141.5	7.5
-140.5	4.11111
-139.5	3
-138.5	2
-137.5	4.33333
-136.5	9
-135.5	4.11111
-134.5	3
-133.5	6.5
-132.5	5
-131.5	5
-130.5	7.11111
-129.5	4
-128.5	4
-127.5	6
-126.5	2
-125.5	7.11111
-124.5	5
-123.5	11
-122.5	3
-121.5	5
-120.5	7.11111
-119.5	3
-118.5	6
-117.5	2
-116.5	2
-115.5	5.11111
-114.5	4
-113.5	12
-112.5	5
-111.5	9
-110.5	5.61111
-109.5	9
-108.5	10
-107.5	5
-106.5	4.5
-105.5	2
-104.5	4
-103.5	9
-102.5	3
-101.5	10
-100.5	5
 -99.5	4
 -98.5	6
 -97.5	7
 -96.5	6.5
 -95.5	6
 -94.5	5.5
 -93.5	3
 -92.5	8.5
 -91.5	2.5
 -90.5	7
 -89.5	8
 -88.5	5.5
 -87.5	6.33333
 -86.5	4.5
 -85.5	8
 -84.5	5.5
 -83.5	2
 -82.5	5
 -81.5	5
 -80.5	4
 -79.5	7
 -78.5	9
 -77.5	6
 -76.5	7
 -75.5	4
 -74.5	7
 -73.5	3
 -72.5	8
 -71.5	3
 -70.5	7
 -69.5	11
 -68.5	10
 -67.5	3.5
 -66.5	8
 -65.5	6
 -64.5	6
 -63.5	10
 -62.5	2.5
 -61.5	8
 -60.5	9
 -59.5	4
 -58.5	1
 -57.5	5
 -56.5	1.5
 -55.5	6.33333
 -54.5	6.5
 -53.5	10.5
 -52.5	6
 -51.5	11
 -50.5	5
 -49.5	5
 -48.5	5
 -47.5	8
 -46.5	6
 -45.5	2
 -44.5	6
 -43.5	6
 -42.5	6
 -41.5	10.5
 -40.5	4.5
 -39.5	7
 -38.5	7.5
 -37.5	12
 -36.5	5
 -35.5	5
 -34.5	4
 -33.5	6
 -32.5	9
 -31.5	6
 -30.5	4.5
 -29.5	7.83333
 -28.5	9
 -27.5	5
 -26.5	12.5
 -25.5	6
 -24.5	10
 -23.5	8
 -22.5	7
 -21.5	10
 -20.5	6
 -19.5	3
 -18.5	5
 -17.5	5
 -16.5	8
 -15.5	5.5
 -14.5	4
 -13.5	4
 -12.5	6
 -11.5	11
 -10.5	11
  -9.5	6
  -8.5	8
  -7.5	7.5
  -6.5	4
  -5.5	3
  -4.5	5
  -3.5	8
  -2.5	1
  -1.5	7
  -0.5	7
   0.5	7
   1.5	4
   2.5	12
   3.5	8
   4.5	9
   5.5	3
   6.5	6.5
   7.5	10.5
   8.5	4
   9.5	7
  10.5	3.5
  11.5	11.5
  12.5	7
  13.5	3
  14.5	12.5
  15.5	7
  16.5	4
  17.5	4.33333
  18.5	3
  19.5	6
  20.5	8
  21.5	6
  22.5	8
  23.5	5
  24.5	7
  25.5	7
  26.5	9
  27.5	5.33333
  28.5	6
  29.5	1
  30.5	5
  31.5	4
  32.5	5
  33.5	9
  34.5	6
  35.5	11
  36.5	8
  37.5	3
  38.5	9.5
  39.5	8.5
  40.5	2
  41.5	8
  42.5	6
  43.5	6
  44.5	4
  45.5	10
  46.5	4
  47.5	6
  48.5	5
  49.5	9
  50.5	9
  51.5	9
  52.5	5
  53.5	4
  54.5	6
  55.5	4
  56.5	4
  57.5	9.5
  58.5	9
  59.5	4
  60.5	6
  61.5	3
  62.5	7
  63.5	4
  64.5	8
  65.5	8
  66.5	6
  67.5	4
  68.5	10
  69.5	8
  70.5	5
  71.5	5
  72.5	6
  73.5	3
  74.5	8
  75.5	8
  76.5	4
  77.5	6
  78.5	5
  79.5	4
  80.5	5
  81.5	4
  82.5	7
  83.5	2
  84.5	3
  85.5	4
  86.5	11
  87.5	7.33333
  88.5	3
  89.5	11
  90.5	1
  91.5	2
  92.5	4
  93.5	7
  94.5	5
  95.5	5
  96.5	5
  97.5	7
  98.5	9
  99.5	9
 100.5	1.5
 101.5	11.3333
 102.5	4
 103.5	3
 104.5	2
 105.5	6
 106.5	3
 107.5	5
 108.5	8.5
 109.5	3.5
 110.5	4
 111.5	7.5
 112.5	7
 113.5	2
 114.5	8
 115.5	5
 116.5	9
 117.5	2
 118.5	2
 119.5	4
 120.5	5
 121.5	6
 122.5	4.5
 123.5	4
 124.5	6
 125.5	5
 126.5	8.5
 127.5	1
 128.5	4
 129.5	3
 130.5	6
 131.5	5
 132.5	4
 133.5	3
 134.5	4.33333
 135.5	3
 136.5	6
 137.5	2
 138.5	2.33333
 139.5	4
 140.5	6
 141.5	4
 142.5	10.3333
 143.5	3
 144.5	8
 145.5	3
 146.5	5
 147.5	3
 148.5	7
 149.5	3
 150.5	2
 151.5	4
 152.5	4
 153.5	2.5
 154.5	5
 155.5	5
 156.5	5
 157.5	5
 158.5	6
 159.5	4
 160.5	3
 161.5	5.5
 162.5	5
 163.5	4.5
 164.5	4.5
 165.5	2
 166.5	3
 167.5	4.5
 168.5	4
 169.5	6
 170.5	11
 171.5	4.5
 172.5	3
 173.5	4
 174.5	4
 175.5	8
 176.5	4
 177.5	3
 178.5	8
 179.5	6
 180.5	5.5
 181.5	5
 182.5	4
 183.5	5
 184.5	7.5
 185.5	6.5
 186.5	9
 187.5	6
DB 2 MOTIF	GABPA_HUMAN.H11MO.0.A
-185.0	7
-184.0	4
-183.0	5
-182.0	5
-181.0	5
-180.0	9
-179.0	4
-178.0	10
-177.0	1
-176.0	6
-175.0	2
-174.0	4
-173.0	5
-172.0	2
-171.0	4
-170.0	4
-169.0	5
-168.0	4
-167.0	4
-166.0	5
-165.0	4
-164.0	8
-163.0	7
-162.0	7
-161.0	10
-160.0	1
-159.0	4
-158.0	5
-157.0	3
-156.0	3
-155.0	6
-154.0	4
-153.0	7
-152.0	3
-151.0	5
-150.0	4
-149.0	4
-148.0	7
-147.0	6
-146.0	5
-145.0	5
-144.0	3
-143.0	2
-142.0	1
-141.0	3
-140.0	5
-139.0	6
-138.0	6
-137.0	7
-136.0	3
-135.0	7
-134.0	7
-133.0	3
-132.0	5
-131.0	4
-130.0	5
-129.0	7
-128.0	7
-127.0	4
-126.0	2
-125.0	4
-124.0	8
-123.0	7
-122.0	10
-121.0	9
-120.0	3
-119.0	5
-118.0	8
-117.0	6
-116.0	4
-115.0	4
-114.0	3
-113.0	5
-112.0	6
-111.0	3
-110.0	6
-109.0	9
-108.0	5
-107.0	4
-106.0	5
-105.0	6
-104.0	6
-103.0	2
-102.0	3
-101.0	5
-100.0	3
 -99.0	4
 -98.0	2
 -97.0	6
 -96.0	5
 -95.0	3
 -94.0	10
 -93.0	6
 -92.0	5
 -91.0	4
 -90.0	4
 -89.0	3
 -88.0	5
 -87.0	9
 -86.0	2
 -85.0	1
 -84.0	7
 -83.0	8
 -82.0	3
 -81.0	5
 -80.0	9
 -79.0	10
 -78.0	13
 -77.0	3
 -76.0	5
 -75.0	6
 -74.0	4
 -73.0	3
 -72.0	10
 -71.0	3
 -70.0	3
 -69.0	1
 -68.0	9
 -67.0	7
 -66.0	9
 -65.0	2
 -64.0	7
 -63.0	6
 -62.0	8
 -61.0	14
 -60.0	4
 -59.0	11
 -58.0	9
 -57.0	8
 -56.0	5
 -55.0	8
 -54.0	4
 -53.0	6
 -52.0	4
 -51.0	8
 -50.0	11
 -49.0	4
 -48.0	3
 -47.0	8
 -46.0	4
 -45.0	3
 -44.0	4
 -43.0	4.33333
 -42.0	2.5
 -41.0	10
 -40.0	5
 -39.0	9
 -38.0	7
 -37.0	8
 -36.0	7
 -35.0	8
 -34.0	4
 -33.0	6
 -32.0	8
 -31.0	7
 -30.0	6
 -29.0	5
 -28.0	5
 -27.0	7
 -26.0	5
 -25.0	9
 -24.0	4
 -23.0	1
 -22.0	2
 -21.0	7
 -20.0	10
 -19.0	4
 -18.0	7
 -17.0	6
 -16.0	4
 -15.0	6
 -14.0	8
 -13.0	3
 -12.0	3
 -11.0	2
 -10.0	7
  -9.0	8
  -8.0	5
  -7.0	6
  -6.0	6
  -5.0	8
  -4.0	9
  -3.0	6
  -2.0	7
  -1.0	5
   0.0	7
   1.0	3
   2.0	7
   3.0	7
   4.0	4
   5.0	3
   6.0	4
   7.0	5
   8.0	7
   9.0	8
  10.0	4
  11.0	6
  12.0	4
  13.0	5
  14.0	1
  15.0	8
  16.0	7
  17.0	4
  18.0	4
  19.0	12
  20.0	5
  21.0	5
  22.0	4
  23.0	6
  24.0	5
  25.0	6.33333
  26.0	6
  27.0	6
  28.0	7
  29.0	2
  30.0	8
  31.0	9
  32.0	6.5
  33.0	5
  34.0	5
  35.0	6
  36.0	6
  37.0	6
  38.0	4
  39.0	8
  40.0	6
  41.0	5
  42.0	5
  43.0	2
  44.0	5
  45.0	4
  46.0	6
  47.0	4.5
  48.0	5
  49.0	5
  50.0	5.5
  51.0	8
  52.0	3.5
  53.0	5
  54.0	6
  55.0	8
  56.0	2
  57.0	8
  58.0	7
  59.0	9
  60.0	4
  61.0	4
  62.0	7
  63.0	10
  64.0	3
  65.0	7
  66.0	4
  67.0	4
  68.0	10
  69.0	7
  70.0	6
  71.0	5
  72.0	3
  73.0	7
  74.0	7
  75.0	2
  76.0	5
  77.0	5
  78.0	9
  79.0	8
  80.0	4
  81.0	4
  82.0	6
  83.0	8
  84.0	3
  85.0	6
  86.0	7
  87.0	7
  88.0	4
  89.0	4
  90.0	3
  91.0	4
  92.0	6
  93.0	5
  94.0	7
  95.0	6
  96.0	6
  97.0	10
  98.0	2
  99.0	9
 100.0	3
 101.0	5
 102.0	3
 103.0	5
 104.0	8
 105.0	3
 106.0	5
 107.0	4
 108.0	8
 109.0	4
 110.0	5
 111.0	5
 112.0	4
 113.0	3
 114.0	6
 115.0	6
 116.0	2
 117.0	3
 118.0	4
 119.0	5
 120.0	4
 121.0	7
 122.0	3
 123.0	5
 124.0	4
 125.0	4
 126.0	4.33333
 127.0	6
 128.0	7
 129.0	5
 130.0	3
 131.0	2
 132.0	5
 133.0	3
 134.0	4
 135.0	3
 136.0	6
 137.0	8
 138.0	5
 139.0	1
 140.0	5
 141.0	6
 142.0	3
 143.0	2
 144.0	7
 145.0	5
 146.0	5
 147.0	5
 148.0	7
 149.0	5
 150.0	7
 151.0	6
 152.0	8
 153.0	3
 154.0	5
 155.0	5
 156.0	3
 157.0	1
 158.0	5
 159.0	12
 160.0	7
 161.0	3
 162.0	8
 163.0	3
 164.0	4
 165.0	10
 166.0	6
 167.0	5
 168.0	5
 169.0	3
 170.0	4
 171.0	0
 172.0	1
 173.0	7
 174.0	4
 175.0	6
 176.0	6
 177.0	2.5
 178.0	3
 179.0	3
 180.0	8
 181.0	6
 182.0	4
 183.0	2
 184.0	8
 185.0	3
DB 2 MOTIF	HLF_HUMAN.H11MO.0.C
-185.5	0
-184.5	0
-183.5	1
-182.5	4
-181.5	3
-180.5	1
-179.5	4
-178.5	1
-177.5	2
-176.5	0
-175.5	2
-174.5	1
-173.5	0
-172.5	1
-171.5	1
-170.5	1
-169.5	1
-168.5	2
-167.5	2
-166.5	0.5
-165.5	4.5
-164.5	1
-163.5	1
-162.5	1
-161.5	1
-160.5	1
-159.5	0
-158.5	4
-157.5	1
-156.5	2
-155.5	2
-154.5	2
-153.5	0
-152.5	3
-151.5	0
-150.5	1
-149.5	1
-148.5	4
-147.5	0
-146.5	0
-145.5	5
-144.5	2
-143.5	2
-142.5	3
-141.5	0
-140.5	2
-139.5	0
-138.5	1
-137.5	1
-136.5	0
-135.5	3
-134.5	1
-133.5	3
-132.5	3
-131.5	3
-130.5	3
-129.5	2
-128.5	0
-127.5	0
-126.5	0
-125.5	1
-124.5	0
-123.5	1
-122.5	1
-121.5	1
-120.5	3
-119.5	2
-118.5	2
-117.5	1
-116.5	4
-115.5	1
-114.5	0
-113.5	2
-112.5	2
-111.5	1
-110.5	4
-109.5	3
-108.5	1
-107.5	2
-106.5	2
-105.5	0
-104.5	3
-103.5	0
-102.5	2
-101.5	3
-100.5	2
 -99.5	0
 -98.5	2
 -97.5	3
 -96.5	2
 -95.5	3
 -94.5	1
 -93.5	1
 -92.5	2
 -91.5	1
 -90.5	2
 -89.5	1
 -88.5	1
 -87.5	4
 -86.5	3
 -85.5	2
 -84.5	0
 -83.5	3
 -82.5	2
 -81.5	1
 -80.5	1
 -79.5	1
 -78.5	4
 -77.5	4
 -76.5	2
 -75.5	3
 -74.5	3
 -73.5	2
 -72.5	3
 -71.5	3
 -70.5	2
 -69.5	1
 -68.5	1
 -67.5	3
 -66.5	0
 -65.5	0
 -64.5	0
 -63.5	1
 -62.5	1
 -61.5	3
 -60.5	1
 -59.5	1
 -58.5	4
 -57.5	2
 -56.5	1
 -55.5	1
 -54.5	0
 -53.5	4
 -52.5	2
 -51.5	6
 -50.5	1
 -49.5	3
 -48.5	3
 -47.5	5
 -46.5	2
 -45.5	3
 -44.5	3
 -43.5	1
 -42.5	4
 -41.5	2
 -40.5	1
 -39.5	2
 -38.5	1
 -37.5	2
 -36.5	4
 -35.5	1
 -34.5	1
 -33.5	2
 -32.5	4
 -31.5	3
 -30.5	2
 -29.5	0
 -28.5	2
 -27.5	1
 -26.5	0
 -25.5	4
 -24.5	1
 -23.5	1
 -22.5	4
 -21.5	5
 -20.5	1
 -19.5	1
 -18.5	0
 -17.5	3
 -16.5	0
 -15.5	3
 -14.5	6
 -13.5	4
 -12.5	5
 -11.5	1
 -10.5	4
  -9.5	1
  -8.5	4
  -7.5	4
  -6.5	3
  -5.5	1
  -4.5	4
  -3.5	4
  -2.5	1
  -1.5	2
  -0.5	0
   0.5	1
   1.5	3
   2.5	1
   3.5	4
   4.5	4
   5.5	2
   6.5	1
   7.5	1
   8.5	1
   9.5	2
  10.5	3
  11.5	3
  12.5	1
  13.5	1
  14.5	2
  15.5	2
  16.5	6
  17.5	1
  18.5	1
  19.5	2
  20.5	2
  21.5	2
  22.5	0
  23.5	3
  24.5	3
  25.5	3
  26.5	2
  27.5	2
  28.5	1
  29.5	3
  30.5	1
  31.5	3
  32.5	2
  33.5	6
  34.5	4
  35.5	2
  36.5	5
  37.5	3
  38.5	3
  39.5	3
  40.5	1
  41.5	2
  42.5	2
  43.5	1
  44.5	2
  45.5	1
  46.5	1
  47.5	3
  48.5	4
  49.5	6
  50.5	1
  51.5	1
  52.5	1
  53.5	2
  54.5	4.5
  55.5	0.5
  56.5	0
  57.5	6
  58.5	0
  59.5	3
  60.5	3
  61.5	0
  62.5	3
  63.5	3
  64.5	1
  65.5	1
  66.5	3
  67.5	3
  68.5	1
  69.5	5
  70.5	6
  71.5	1
  72.5	4
  73.5	1
  74.5	0
  75.5	2
  76.5	4
  77.5	3
  78.5	2
  79.5	4
  80.5	0
  81.5	2
  82.5	4
  83.5	3
  84.5	1
  85.5	0
  86.5	3
  87.5	2
  88.5	2
  89.5	3
  90.5	1
  91.5	0
  92.5	0
  93.5	2
  94.5	4
  95.5	5
  96.5	1
  97.5	0
  98.5	5
  99.5	3
 100.5	2
 101.5	1
 102.5	0
 103.5	1
 104.5	3
 105.5	1
 106.5	2
 107.5	4
 108.5	1
 109.5	2
 110.5	2
 111.5	1
 112.5	1
 113.5	0
 114.5	2
 115.5	1
 116.5	4
 117.5	4
 118.5	0
 119.5	2
 120.5	2
 121.5	1
 122.5	1
 123.5	1
 124.5	2
 125.5	0
 126.5	0
 127.5	2
 128.5	2
 129.5	1
 130.5	2
 131.5	1
 132.5	1
 133.5	1
 134.5	1
 135.5	1
 136.5	1
 137.5	0
 138.5	2
 139.5	5
 140.5	0
 141.5	1
 142.5	1
 143.5	2
 144.5	1
 145.5	2
 146.5	3
 147.5	3
 148.5	1
 149.5	1
 150.5	2
 151.5	2
 152.5	2
 153.5	1
 154.5	4
 155.5	1
 156.5	3
 157.5	4
 158.5	1
 159.5	1
 160.5	0
 161.5	4
 162.5	1
 163.5	1
 164.5	1
 165.5	4
 166.5	2
 167.5	0
 168.5	3
 169.5	2
 170.5	4
 171.5	0
 172.5	1
 173.5	3
 174.5	1
 175.5	1
 176.5	0
 177.5	1
 178.5	2
 179.5	3
 180.5	3
 181.5	2
 182.5	2
 183.5	2
 184.5	2
 185.5	3
DB 2 MOTIF	HNF4A_HUMAN.H11MO.0.A
-185.0	2
-184.0	2
-183.0	7
-182.0	6
-181.0	2
-180.0	1
-179.0	5
-178.0	5
-177.0	6
-176.0	6
-175.0	3
-174.0	6
-173.0	6
-172.0	6
-171.0	8
-170.0	3
-169.0	5
-168.0	7
-167.0	5
-166.0	3.5
-165.0	4
-164.0	0.5
-163.0	6
-162.0	4
-161.0	7
-160.0	5
-159.0	4
-158.0	7
-157.0	5
-156.0	3
-155.0	9
-154.0	7
-153.0	0
-152.0	6
-151.0	5
-150.0	3
-149.0	5
-148.0	4
-147.0	5
-146.0	8
-145.0	2
-144.0	4
-143.0	6
-142.0	3
-141.0	6
-140.0	10
-139.0	1
-138.0	8
-137.0	4
-136.0	5
-135.0	3
-134.0	4
-133.0	2
-132.0	6
-131.0	3
-130.0	5
-129.0	5
-128.0	8
-127.0	1
-126.0	7.2
-125.0	5
-124.0	0
-123.0	2
-122.0	3
-121.0	5
-120.0	5
-119.0	3
-118.0	6
-117.0	5
-116.0	5
-115.0	5
-114.0	2
-113.0	3
-112.0	4
-111.0	7
-110.0	3
-109.0	6
-108.0	0.25
-107.0	6
-106.0	2
-105.0	2
-104.0	3
-103.0	5
-102.0	5
-101.0	3
-100.0	9
 -99.0	10
 -98.0	2
 -97.0	3
 -96.0	6
 -95.0	8
 -94.0	6
 -93.0	5
 -92.0	4
 -91.0	6
 -90.0	6
 -89.0	3
 -88.0	6
 -87.0	3
 -86.0	1
 -85.0	11
 -84.0	4
 -83.0	3
 -82.0	3
 -81.0	11
 -80.0	3
 -79.0	1
 -78.0	5
 -77.0	8
 -76.0	2.5
 -75.0	3
 -74.0	4
 -73.0	11
 -72.0	6
 -71.0	4
 -70.0	5
 -69.0	3.2
 -68.0	6
 -67.0	8
 -66.0	6
 -65.0	9
 -64.0	6
 -63.0	6
 -62.0	4
 -61.0	6
 -60.0	5.5
 -59.0	4
 -58.0	8
 -57.0	7
 -56.0	3
 -55.0	2
 -54.0	3
 -53.0	7
 -52.0	8
 -51.0	7.25
 -50.0	9
 -49.0	6
 -48.0	4
 -47.0	5
 -46.0	6
 -45.0	9
 -44.0	4.5
 -43.0	10
 -42.0	3
 -41.0	4
 -40.0	3
 -39.0	3
 -38.0	1
 -37.0	7
 -36.0	3
 -35.0	9.5
 -34.0	5
 -33.0	7
 -32.0	3
 -31.0	3
 -30.0	9
 -29.0	5
 -28.0	5
 -27.0	4
 -26.0	5
 -25.0	6
 -24.0	0
 -23.0	9
 -22.0	3
 -21.0	8
 -20.0	3
 -19.0	5
 -18.0	9
 -17.0	8
 -16.0	3
 -15.0	7
 -14.0	7
 -13.0	2.5
 -12.0	6
 -11.0	7
 -10.0	6
  -9.0	4.5
  -8.0	9.5
  -7.0	5
  -6.0	8
  -5.0	2
  -4.0	4
  -3.0	9
  -2.0	6
  -1.0	5
   0.0	8
   1.0	5
   2.0	7
   3.0	9
   4.0	4
   5.0	8
   6.0	7
   7.0	7
   8.0	9.2
   9.0	10
  10.0	6
  11.0	6
  12.0	9
  13.0	1
  14.0	4
  15.0	6
  16.0	10.5
  17.0	4
  18.0	9
  19.0	7
  20.0	6
  21.0	10
  22.0	5
  23.0	6
  24.0	8
  25.0	3
  26.0	6
  27.0	6
  28.0	8
  29.0	3
  30.0	3
  31.0	8
  32.0	3
  33.0	2
  34.0	6
  35.0	4
  36.0	2
  37.0	7
  38.0	4
  39.0	6
  40.0	6
  41.0	3
  42.0	4
  43.0	5
  44.0	8
  45.0	11.2
  46.0	4
  47.0	3
  48.0	1
  49.0	3
  50.0	5
  51.0	1
  52.0	4
  53.0	8
  54.0	7
  55.0	5
  56.0	7
  57.0	2
  58.0	4
  59.0	5
  60.0	5
  61.0	4
  62.0	4
  63.0	2
  64.0	7
  65.0	6
  66.0	6
  67.0	6
  68.0	10
  69.0	3
  70.0	3
  71.0	5
  72.0	4
  73.0	5
  74.0	2
  75.0	3
  76.0	6
  77.0	5
  78.0	4
  79.0	4
  80.0	3
  81.0	2
  82.0	4
  83.0	3
  84.0	3
  85.0	1
  86.0	3
  87.0	3
  88.0	4
  89.0	6
  90.0	5
  91.0	7
  92.0	5
  93.0	6
  94.0	4.25
  95.0	6
  96.0	4
  97.0	7
  98.0	3
  99.0	6
 100.0	1
 101.0	3
 102.0	8
 103.0	4.5
 104.0	6
 105.0	2
 106.0	1
 107.0	4
 108.0	6
 109.0	6
 110.0	4
 111.0	4.25
 112.0	3
 113.0	6
 114.0	3
 115.0	3
 116.0	4
 117.0	5
 118.0	1
 119.0	4.5
 120.0	7
 121.0	2.5
 122.0	5.2
 123.0	1
 124.0	5
 125.0	5
 126.0	0
 127.0	6
 128.0	8
 129.0	4
 130.0	3
 131.0	5
 132.0	4
 133.0	7
 134.0	4
 135.0	5
 136.0	3
 137.0	2.5
 138.0	2
 139.0	2
 140.0	3
 141.0	0
 142.0	6
 143.0	4
 144.0	4
 145.0	8
 146.0	9
 147.0	2
 148.0	9
 149.0	8
 150.0	5
 151.0	1
 152.0	3
 153.0	2
 154.0	2
 155.0	2
 156.0	2
 157.0	3
 158.0	6
 159.0	4
 160.0	2
 161.0	3
 162.0	3
 163.0	3
 164.0	0
 165.0	8
 166.0	4
 167.0	2
 168.0	3
 169.0	1
 170.0	3
 171.0	3
 172.0	5
 173.0	6
 174.0	3
 175.0	4
 176.0	5
 177.0	1
 178.0	4
 179.0	6
 180.0	1
 181.0	5
 182.0	4
 183.0	3
 184.0	0
 185.0	3
DB 2 MOTIF	HNF4G_HUMAN.H11MO.0.B
-185.0	3
-184.0	1
-183.0	8
-182.0	5
-181.0	2
-180.0	2
-179.0	5
-178.0	5
-177.0	7
-176.0	6
-175.0	3
-174.0	7
-173.0	5.5
-172.0	9
-171.0	7
-170.0	3
-169.0	6
-168.0	9
-167.0	6
-166.0	2
-165.0	7
-164.0	3
-163.0	5
-162.0	4
-161.0	8
-160.0	4
-159.0	7
-158.0	8
-157.0	6
-156.0	2
-155.0	11
-154.0	5
-153.0	0
-152.0	4
-151.0	4
-150.0	4
-149.0	6
-148.0	7
-147.0	5.5
-146.0	6
-145.0	2
-144.0	6
-143.0	5
-142.0	4
-141.0	6
-140.0	9
-139.0	3
-138.0	7
-137.0	4
-136.0	5
-135.0	4
-134.0	5
-133.0	2
-132.0	7
-131.0	3
-130.0	5
-129.0	4
-128.0	10
-127.0	2
-126.0	6.2
-125.0	5
-124.0	1
-123.0	2
-122.0	3
-121.0	8
-120.0	5
-119.0	5
-118.0	6
-117.0	5
-116.0	4
-115.0	5.5
-114.0	4
-113.0	5
-112.0	5
-111.0	7
-110.0	2
-109.0	6
-108.0	2.25
-107.0	7
-106.0	3
-105.0	5
-104.0	3
-103.0	4
-102.0	6
-101.0	4
-100.0	7
 -99.0	9
 -98.0	4
 -97.0	6
 -96.0	5
 -95.0	7
 -94.0	6
 -93.0	5
 -92.0	4
 -91.0	6
 -90.0	8
 -89.0	1
 -88.0	7
 -87.0	3
 -86.0	0
 -85.0	15
 -84.0	5
 -83.0	6
 -82.0	2
 -81.0	8
 -80.0	2.5
 -79.0	3
 -78.0	2
 -77.0	11
 -76.0	4.5
 -75.0	6
 -74.0	4
 -73.0	8
 -72.0	5
 -71.0	6
 -70.0	6
 -69.0	2.2
 -68.0	8
 -67.0	10
 -66.0	8
 -65.0	10
 -64.0	6
 -63.0	7
 -62.0	5
 -61.0	6
 -60.0	6.5
 -59.0	3
 -58.0	9
 -57.0	7
 -56.0	5
 -55.0	4
 -54.0	0
 -53.0	6
 -52.0	10
 -51.0	9.25
 -50.0	10
 -49.0	7
 -48.0	3
 -47.0	7
 -46.0	7
 -45.0	8
 -44.0	6.5
 -43.0	10
 -42.0	3
 -41.0	4
 -40.0	4
 -39.0	4
 -38.0	1
 -37.0	8
 -36.0	4
 -35.0	10
 -34.0	3
 -33.0	8
 -32.0	4
 -31.0	2
 -30.0	11
 -29.0	6
 -28.0	8.5
 -27.0	5
 -26.0	5
 -25.0	8
 -24.0	1
 -23.0	12
 -22.0	6
 -21.0	9
 -20.0	4
 -19.0	4
 -18.0	8
 -17.0	5
 -16.0	5
 -15.0	7
 -14.0	9
 -13.0	6
 -12.0	8
 -11.0	5
 -10.0	8
  -9.0	4.5
  -8.0	8
  -7.0	5
  -6.0	6
  -5.0	3
  -4.0	5
  -3.0	12
  -2.0	6
  -1.0	7
   0.0	9
   1.0	4
   2.0	8
   3.0	8
   4.0	6
   5.0	8
   6.0	6
   7.0	6
   8.0	11.2
   9.0	8
  10.0	7
  11.0	6
  12.0	9
  13.0	3
  14.0	6
  15.0	6
  16.0	10
  17.0	4
  18.0	9
  19.0	10
  20.0	6
  21.0	10
  22.0	4
  23.0	6
  24.0	9
  25.0	6
  26.0	8
  27.0	6
  28.0	7
  29.0	7
  30.0	4
  31.0	8
  32.0	5
  33.0	4
  34.0	5
  35.0	4
  36.0	2
  37.0	10
  38.0	7
  39.0	6
  40.0	9
  41.0	4
  42.0	5
  43.0	8
  44.0	8.5
  45.0	12.2
  46.0	4
  47.0	4
  48.0	2
  49.0	4
  50.0	4.5
  51.0	6
  52.0	4
  53.0	8
  54.0	6
  55.0	3
  56.0	9
  57.0	4
  58.0	3
  59.0	6
  60.0	5
  61.0	6
  62.0	3
  63.0	2
  64.0	5
  65.0	5
  66.0	4
  67.0	8
  68.0	8
  69.0	2
  70.0	3
  71.0	7
  72.0	6
  73.0	6
  74.0	3
  75.0	2
  76.0	9
  77.0	5
  78.0	5
  79.0	5
  80.0	4
  81.0	2
  82.0	5
  83.0	4
  84.0	4
  85.0	2
  86.0	4
  87.0	3
  88.0	6
  89.0	6
  90.0	6
  91.0	7
  92.0	5
  93.0	6
  94.0	5.25
  95.0	7
  96.0	4
  97.0	6
  98.0	2
  99.0	7
 100.0	2
 101.0	6
 102.0	7.5
 103.0	7
 104.0	4
 105.0	3
 106.0	2
 107.0	6
 108.0	5
 109.0	4
 110.0	4
 111.0	6.25
 112.0	2
 113.0	7
 114.0	3
 115.0	4
 116.0	6
 117.0	6
 118.0	1
 119.0	5.5
 120.0	6.5
 121.0	2
 122.0	8.2
 123.0	2
 124.0	6
 125.0	8
 126.0	2
 127.0	5
 128.0	7
 129.0	4
 130.0	1
 131.0	7
 132.0	4
 133.0	9.5
 134.0	4
 135.0	7
 136.0	1
 137.0	2
 138.0	2
 139.0	4
 140.0	4
 141.0	3
 142.0	5
 143.0	5
 144.0	2
 145.0	8
 146.0	7
 147.0	2
 148.0	10
 149.0	9
 150.0	4
 151.0	2
 152.0	4
 153.0	2
 154.0	4
 155.0	2
 156.0	1
 157.0	4
 158.0	8
 159.0	4
 160.0	3
 161.0	5
 162.0	5
 163.0	2
 164.0	1
 165.0	8
 166.0	4
 167.0	3
 168.0	4
 169.0	1
 170.0	3
 171.0	5.5
 172.0	3
 173.0	8
 174.0	3
 175.0	5
 176.0	6
 177.0	2
 178.0	3
 179.0	7
 180.0	4
 181.0	4
 182.0	3
 183.0	4
 184.0	1
 185.0	4
DB 2 MOTIF	MECP2_HUMAN.H11MO.0.C
-188.5	2.5
-187.5	3
-186.5	2.5
-185.5	1
-184.5	1
-183.5	5
-182.5	3.83333
-181.5	1.5
-180.5	4
-179.5	11
-178.5	8.95833
-177.5	1
-176.5	6
-175.5	1
-174.5	5.5
-173.5	1.5
-172.5	4.33333
-171.5	2.2
-170.5	4.2
-169.5	3.33333
-168.5	2
-167.5	4
-166.5	3
-165.5	2
-164.5	8
-163.5	4
-162.5	2
-161.5	2.66667
-160.5	5.33333
-159.5	5.66667
-158.5	3.25
-157.5	3.25
-156.5	3
-155.5	2.33333
-154.5	5.33333
-153.5	0
-152.5	0
-151.5	2.5
-150.5	4
-149.5	1
-148.5	4
-147.5	3.33333
-146.5	1
-145.5	2.2
-144.5	3.625
-143.5	2.5
-142.5	3.5
-141.5	6.5
-140.5	1
-139.5	0.5
-138.5	5
-137.5	5
-136.5	2
-135.5	2.83333
-134.5	1.33333
-133.5	4.5
-132.5	3.5
-131.5	4.33333
-130.5	3
-129.5	3
-128.5	2.5
-127.5	6.5
-126.5	2
-125.5	1
-124.5	1.5
-123.5	3
-122.5	3.5
-121.5	4.5
-120.5	1
-119.5	3.5
-118.5	3.5
-117.5	1
-116.5	1.5
-115.5	4
-114.5	5
-113.5	7.5
-112.5	5
-111.5	3
-110.5	3.125
-109.5	3.33333
-108.5	4.5
-107.5	3
-106.5	2.5
-105.5	4
-104.5	3.33333
-103.5	3
-102.5	3.5
-101.5	5.33333
-100.5	2.83333
 -99.5	4.5
 -98.5	2.5
 -97.5	3.5
 -96.5	4
 -95.5	4.58333
 -94.5	3
 -93.5	3
 -92.5	2.83333
 -91.5	4.33333
 -90.5	1.33333
 -89.5	2.83333
 -88.5	3
 -87.5	5
 -86.5	5.83333
 -85.5	3
 -84.5	0.333333
 -83.5	2
 -82.5	4.5
 -81.5	2.5
 -80.5	2.5
 -79.5	6.16667
 -78.5	0
 -77.5	0
 -76.5	3.25
 -75.5	6
 -74.5	2
 -73.5	5
 -72.5	3.5
 -71.5	1.5
 -70.5	1.5
 -69.5	3
 -68.5	5
 -67.5	4
 -66.5	3.5
 -65.5	3
 -64.5	6.5
 -63.5	3.83333
 -62.5	4
 -61.5	3.5
 -60.5	6.83333
 -59.5	2.5
 -58.5	2.5
 -57.5	2.5
 -56.5	5.5
 -55.5	3
 -54.5	3.5
 -53.5	4
 -52.5	6
 -51.5	9.08333
 -50.5	3.83333
 -49.5	3.5
 -48.5	2.5
 -47.5	2
 -46.5	6
 -45.5	3
 -44.5	4.5
 -43.5	1.95833
 -42.5	1.83333
 -41.5	1.75
 -40.5	7
 -39.5	7
 -38.5	4.5
 -37.5	8.83333
 -36.5	4.5
 -35.5	2.83333
 -34.5	2.5
 -33.5	6
 -32.5	5.5
 -31.5	5
 -30.5	3.83333
 -29.5	3
 -28.5	3.5
 -27.5	2
 -26.5	6.5
 -25.5	2
 -24.5	4
 -23.5	3.83333
 -22.5	2.33333
 -21.5	5
 -20.5	5.83333
 -19.5	3.33333
 -18.5	5
 -17.5	2.5
 -16.5	2
 -15.5	3.2
 -14.5	5
 -13.5	1
 -12.5	3.5
 -11.5	3.5
 -10.5	4
  -9.5	4.875
  -8.5	8.25
  -7.5	4
  -6.5	4.5
  -5.5	4
  -4.5	4
  -3.5	1.5
  -2.5	7.5
  -1.5	7
  -0.5	6
   0.5	2.33333
   1.5	7.5
   2.5	4.5
   3.5	4.5
   4.5	3.5
   5.5	0.5
   6.5	2
   7.5	3.5
   8.5	5.5
   9.5	5
  10.5	3.33333
  11.5	4
  12.5	5.5
  13.5	5
  14.5	5.33333
  15.5	6.5
  16.5	4
  17.5	2
  18.5	5
  19.5	2.16667
  20.5	4.5
  21.5	5
  22.5	7.83333
  23.5	6.5
  24.5	4.625
  25.5	4.5
  26.5	5.33333
  27.5	4.33333
  28.5	2.5
  29.5	4.5
  30.5	2.5
  31.5	4
  32.5	4.33333
  33.5	7
  34.5	1.5
  35.5	3.5
  36.5	5
  37.5	2
  38.5	4.33333
  39.5	3.33333
  40.5	0.333333
  41.5	4.33333
  42.5	2.33333
  43.5	6
  44.5	3.33333
  45.5	5.33333
  46.5	2
  47.5	6.5
  48.5	2.33333
  49.5	4
  50.5	2
  51.5	4.5
  52.5	6.5
  53.5	3.33333
  54.5	1.33333
  55.5	1.83333
  56.5	4.5
  57.5	3.125
  58.5	5.33333
  59.5	3.5
  60.5	4
  61.5	3
  62.5	11.5
  63.5	3.25
  64.5	5.78333
  65.5	3.5
  66.5	5
  67.5	1.5
  68.5	1
  69.5	3.5
  70.5	4.5
  71.5	3.66667
  72.5	4.83333
  73.5	6.5
  74.5	2
  75.5	2.5
  76.5	1
  77.5	8
  78.5	2.5
  79.5	5
  80.5	1.5
  81.5	6.33333
  82.5	3.5
  83.5	5
  84.5	2.5
  85.5	7.5
  86.5	7.33333
  87.5	6
  88.5	1.33333
  89.5	1.83333
  90.5	3.5
  91.5	3
  92.5	3.75
  93.5	2
  94.5	3.5
  95.5	2
  96.5	4.58333
  97.5	1.5
  98.5	0
  99.5	5.83333
 100.5	2.33333
 101.5	6
 102.5	2
 103.5	2.5
 104.5	5
 105.5	3.83333
 106.5	4
 107.5	3.33333
 108.5	3.5
 109.5	4
 110.5	3
 111.5	3
 112.5	7.5
 113.5	5.58333
 114.5	2
 115.5	1
 116.5	4.83333
 117.5	2.83333
 118.5	1.5
 119.5	2.83333
 120.5	5.75
 121.5	3.33333
 122.5	3.33333
 123.5	3.5
 124.5	0
 125.5	3.625
 126.5	6
 127.5	2.5
 128.5	5
 129.5	3
 130.5	3.33333
 131.5	3.5
 132.5	1.33333
 133.5	1
 134.5	4.33333
 135.5	1
 136.5	4
 137.5	1
 138.5	1.5
 139.5	3
 140.5	4.5
 141.5	2
 142.5	3
 143.5	1
 144.5	0.5
 145.5	4
 146.5	3
 147.5	2
 148.5	5.5
 149.5	7
 150.5	3.66667
 151.5	4
 152.5	2.5
 153.5	3
 154.5	0
 155.5	2.83333
 156.5	5.83333
 157.5	1
 158.5	4.5
 159.5	2.5
 160.5	2.66667
 161.5	5.83333
 162.5	2
 163.5	2.33333
 164.5	1.75
 165.5	1.75
 166.5	2
 167.5	2
 168.5	3.5
 169.5	2.83333
 170.5	2.5
 171.5	2
 172.5	0
 173.5	4.83333
 174.5	3.5
 175.5	2.33333
 176.5	4.16667
 177.5	4.5
 178.5	3.5
 179.5	3.75
 180.5	2.66667
 181.5	2
 182.5	0.5
 183.5	3.5
 184.5	4.5
 185.5	2.75
 186.5	2
 187.5	2
 188.5	2
DB 2 MOTIF	NR4A3_HUMAN.H11MO.0.D
-187.0	1
-186.0	4
-185.0	2
-184.0	3
-183.0	3
-182.0	4
-181.0	3
-180.0	5
-179.0	5
-178.0	1
-177.0	1
-176.0	5
-175.0	2
-174.0	3
-173.0	2
-172.0	2
-171.0	4
-170.0	7
-169.0	0
-168.0	6
-167.0	2
-166.0	3
-165.0	5
-164.0	1
-163.0	1
-162.0	3
-161.0	4
-160.0	5
-159.0	4
-158.0	2
-157.0	6.1
-156.0	2
-155.0	4.5
-154.0	3
-153.0	3.5
-152.0	2
-151.0	0
-150.0	1
-149.0	7
-148.0	3
-147.0	1
-146.0	4.5
-145.0	4
-144.0	5
-143.0	8
-142.0	3
-141.0	4
-140.0	0
-139.0	2
-138.0	3
-137.0	3
-136.0	0
-135.0	3
-134.0	3
-133.0	3
-132.0	4
-131.0	4
-130.0	4
-129.0	1
-128.0	0
-127.0	3
-126.0	2
-125.0	1
-124.0	1.5
-123.0	3
-122.0	5
-121.0	5
-120.0	3
-119.0	9
-118.0	2
-117.0	5
-116.0	6
-115.0	4
-114.0	3
-113.0	1
-112.0	1.5
-111.0	4
-110.0	5
-109.0	4
-108.0	3
-107.0	2
-106.0	1.5
-105.0	6.1
-104.0	3
-103.0	3
-102.0	1
-101.0	4
-100.0	2
 -99.0	4.5
 -98.0	5
 -97.0	3.5
 -96.0	6
 -95.0	2
 -94.0	0
 -93.0	2
 -92.0	1.1
 -91.0	6
 -90.0	4
 -89.0	1
 -88.0	3.5
 -87.0	4
 -86.0	4
 -85.0	6
 -84.0	0.5
 -83.0	2.5
 -82.0	5
 -81.0	2
 -80.0	4
 -79.0	5
 -78.0	2
 -77.0	1
 -76.0	3
 -75.0	3
 -74.0	3
 -73.0	0
 -72.0	2
 -71.0	7
 -70.0	2
 -69.0	4
 -68.0	4
 -67.0	3
 -66.0	3
 -65.0	0
 -64.0	2
 -63.0	6
 -62.0	5
 -61.0	0
 -60.0	2
 -59.0	2
 -58.0	4
 -57.0	3
 -56.0	2
 -55.0	6
 -54.0	2
 -53.0	1
 -52.0	2.5
 -51.0	1.5
 -50.0	2
 -49.0	6
 -48.0	0
 -47.0	2
 -46.0	3
 -45.0	3
 -44.0	1
 -43.0	1
 -42.0	4
 -41.0	3
 -40.0	2.1
 -39.0	4
 -38.0	2
 -37.0	2
 -36.0	2
 -35.0	0
 -34.0	3
 -33.0	2
 -32.0	3
 -31.0	1
 -30.0	3
 -29.0	3
 -28.0	2
 -27.0	3.1
 -26.0	5
 -25.0	2
 -24.0	1
 -23.0	5
 -22.0	3
 -21.0	3
 -20.0	6
 -19.0	4
 -18.0	8
 -17.0	3
 -16.0	2
 -15.0	4
 -14.0	2
 -13.0	6.5
 -12.0	2.5
 -11.0	6
 -10.0	4
  -9.0	5.5
  -8.0	2
  -7.0	2
  -6.0	3
  -5.0	4
  -4.0	4.5
  -3.0	7
  -2.0	4
  -1.0	3.1
   0.0	6
   1.0	6
   2.0	6
   3.0	2
   4.0	1.5
   5.0	3
   6.0	8
   7.0	1
   8.0	4
   9.0	4
  10.0	4
  11.0	6
  12.0	1
  13.0	7
  14.0	6
  15.0	5
  16.0	6
  17.0	2
  18.0	7
  19.0	5
  20.0	8
  21.0	2
  22.0	1
  23.0	2
  24.0	2
  25.0	6.1
  26.0	5
  27.0	3
  28.0	2
  29.0	2
  30.0	6
  31.0	2.5
  32.0	4
  33.0	2
  34.0	3
  35.0	3
  36.0	5
  37.0	4
  38.0	6.6
  39.0	5
  40.0	5
  41.0	2
  42.0	3
  43.0	5.5
  44.0	2
  45.0	1
  46.0	4
  47.0	3.5
  48.0	4
  49.0	0
  50.0	2
  51.0	7
  52.0	4
  53.0	3
  54.0	3
  55.0	5
  56.0	4
  57.0	2
  58.0	4
  59.0	4
  60.0	2
  61.0	4
  62.0	6
  63.0	2
  64.0	4
  65.0	2
  66.0	3
  67.0	1
  68.0	7
  69.0	5
  70.0	2
  71.0	3
  72.0	1
  73.0	4
  74.0	1
  75.0	2
  76.0	4
  77.0	4.1
  78.0	2
  79.0	2
  80.0	4
  81.0	0
  82.0	5
  83.0	4
  84.0	3.5
  85.0	3
  86.0	3
  87.0	3
  88.0	5
  89.0	1
  90.0	2
  91.0	2
  92.0	0
  93.0	0
  94.0	2
  95.0	6
  96.0	3
  97.0	4
  98.0	4
  99.0	5
 100.0	5
 101.0	0
 102.0	3
 103.0	0
 104.0	4
 105.0	4
 106.0	4
 107.0	2
 108.0	5
 109.0	1
 110.0	3
 111.0	3
 112.0	1
 113.0	1.5
 114.0	4
 115.0	4
 116.0	7.6
 117.0	3
 118.0	2.33333
 119.0	3
 120.0	2
 121.0	4.5
 122.0	1
 123.0	4
 124.0	3
 125.0	3
 126.0	6
 127.0	2
 128.0	6
 129.0	3
 130.0	4
 131.0	2
 132.0	3
 133.0	3
 134.0	4.5
 135.0	1
 136.0	3
 137.0	2
 138.0	0
 139.0	3
 140.0	5
 141.0	3
 142.0	2
 143.0	5.33333
 144.0	1
 145.0	5
 146.0	1
 147.0	2
 148.0	3
 149.0	2
 150.0	3
 151.0	1
 152.0	2
 153.0	0
 154.0	0
 155.0	1
 156.0	2
 157.0	4
 158.0	2
 159.0	3
 160.0	5
 161.0	5
 162.0	3.5
 163.0	6
 164.0	1
 165.0	1
 166.0	1.5
 167.0	2
 168.0	2.83333
 169.0	1
 170.0	1
 171.0	0
 172.0	0.5
 173.0	1
 174.0	2
 175.0	1
 176.0	5
 177.0	2
 178.0	3
 179.0	0
 180.0	3
 181.0	3
 182.0	2
 183.0	7
 184.0	2
 185.0	2.5
 186.0	3
 187.0	5
DB 2 MOTIF	RXRG_HUMAN.H11MO.0.B
-185.5	0
-184.5	1
-183.5	0
-182.5	1
-181.5	3
-180.5	1
-179.5	2
-178.5	2
-177.5	0
-176.5	1
-175.5	2
-174.5	1
-173.5	3
-172.5	2
-171.5	3
-170.5	0
-169.5	2
-168.5	0
-167.5	3
-166.5	2
-165.5	1
-164.5	1
-163.5	1
-162.5	1
-161.5	1
-160.5	0
-159.5	1
-158.5	3
-157.5	2
-156.5	3
-155.5	3
-154.5	0
-153.5	4
-152.5	3
-151.5	2
-150.5	4
-149.5	0
-148.5	1
-147.5	4
-146.5	2
-145.5	4
-144.5	2
-143.5	1
-142.5	1
-141.5	2
-140.5	1
-139.5	3
-138.5	2
-137.5	1
-136.5	2
-135.5	2
-134.5	1
-133.5	2
-132.5	2
-131.5	2
-130.5	1
-129.5	4
-128.5	2
-127.5	2
-126.5	0
-125.5	1
-124.5	4
-123.5	1
-122.5	0
-121.5	2
-120.5	4
-119.5	4
-118.5	2
-117.5	3
-116.5	1
-115.5	3
-114.5	2
-113.5	3
-112.5	4
-111.5	0
-110.5	2
-109.5	0
-108.5	3
-107.5	0
-106.5	0
-105.5	2
-104.5	1
-103.5	1
-102.5	2
-101.5	2
-100.5	3
 -99.5	1
 -98.5	2
 -97.5	2
 -96.5	3
 -95.5	1
 -94.5	3
 -93.5	3
 -92.5	4
 -91.5	0
 -90.5	1
 -89.5	2
 -88.5	0
 -87.5	2
 -86.5	2
 -85.5	1
 -84.5	1
 -83.5	4
 -82.5	3
 -81.5	2
 -80.5	0
 -79.5	2
 -78.5	0
 -77.5	0
 -76.5	0
 -75.5	3
 -74.5	0
 -73.5	1
 -72.5	5
 -71.5	2
 -70.5	0
 -69.5	1
 -68.5	2
 -67.5	2
 -66.5	4
 -65.5	3
 -64.5	6
 -63.5	1
 -62.5	0
 -61.5	1
 -60.5	2
 -59.5	1
 -58.5	2
 -57.5	1
 -56.5	5
 -55.5	0
 -54.5	1
 -53.5	1
 -52.5	2
 -51.5	2
 -50.5	4
 -49.5	2
 -48.5	1
 -47.5	2
 -46.5	0
 -45.5	0
 -44.5	4
 -43.5	2
 -42.5	1
 -41.5	0
 -40.5	3
 -39.5	1
 -38.5	2.33333
 -37.5	4
 -36.5	1
 -35.5	0
 -34.5	2
 -33.5	1
 -32.5	0
 -31.5	1
 -30.5	0
 -29.5	3
 -28.5	3
 -27.5	3
 -26.5	6
 -25.5	1
 -24.5	1
 -23.5	2
 -22.5	1
 -21.5	2
 -20.5	3
 -19.5	3
 -18.5	4
 -17.5	5
 -16.5	4
 -15.5	2
 -14.5	3
 -13.5	3
 -12.5	0
 -11.5	1
 -10.5	1
  -9.5	2
  -8.5	3
  -7.5	1
  -6.5	2
  -5.5	2
  -4.5	2
  -3.5	3
  -2.5	1
  -1.5	5
  -0.5	2
   0.5	3
   1.5	2
   2.5	2
   3.5	2
   4.5	3
   5.5	2
   6.5	3
   7.5	5
   8.5	0
   9.5	4
  10.5	4
  11.5	1
  12.5	1
  13.5	0
  14.5	4
  15.5	0
  16.5	2
  17.5	5
  18.5	1
  19.5	3
  20.5	2
  21.5	0
  22.5	2
  23.5	1
  24.5	3
  25.5	0
  26.5	4
  27.5	4
  28.5	1
  29.5	1
  30.5	2
  31.5	0
  32.5	2
  33.5	2
  34.5	1
  35.5	2
  36.5	3
  37.5	1
  38.5	5
  39.5	2
  40.5	1
  41.5	3
  42.5	6
  43.5	2
  44.5	2
  45.5	2
  46.5	3
  47.5	2
  48.5	1
  49.5	2
  50.5	0
  51.5	2
  52.5	1
  53.5	3
  54.5	3
  55.5	3
  56.5	3
  57.5	0
  58.5	1
  59.5	1
  60.5	3
  61.5	0
  62.5	5
  63.5	1
  64.5	1
  65.5	3
  66.5	1
  67.5	0
  68.5	2
  69.5	4
  70.5	4
  71.5	3
  72.5	2
  73.5	1
  74.5	1
  75.5	0
  76.5	2
  77.5	1
  78.5	3.33333
  79.5	2
  80.5	0
  81.5	4
  82.5	0
  83.5	1
  84.5	0
  85.5	2
  86.5	2
  87.5	1
  88.5	0
  89.5	1
  90.5	1
  91.5	3
  92.5	1
  93.5	0
  94.5	1
  95.5	2
  96.5	1
  97.5	4
  98.5	0
  99.5	0
 100.5	3
 101.5	1
 102.5	1.5
 103.5	2
 104.5	2
 105.5	2
 106.5	2
 107.5	2
 108.5	3
 109.5	2.5
 110.5	0
 111.5	1
 112.5	3
 113.5	1
 114.5	2
 115.5	4
 116.5	3
 117.5	1.33333
 118.5	0
 119.5	2
 120.5	0
 121.5	1
 122.5	3
 123.5	2
 124.5	1
 125.5	1
 126.5	4
 127.5	1
 128.5	1
 129.5	0
 130.5	1
 131.5	0
 132.5	0
 133.5	1
 134.5	3
 135.5	0
 136.5	0
 137.5	1
 138.5	0
 139.5	1
 140.5	0
 141.5	0
 142.5	1
 143.5	1
 144.5	1
 145.5	0
 146.5	2
 147.5	1
 148.5	1
 149.5	1
 150.5	5
 151.5	3
 152.5	1
 153.5	2
 154.5	3
 155.5	1
 156.5	2
 157.5	1
 158.5	1
 159.5	1
 160.5	2
 161.5	0
 162.5	1
 163.5	2
 164.5	0
 165.5	0
 166.5	1
 167.5	1
 168.5	0
 169.5	2
 170.5	0
 171.5	2
 172.5	1
 173.5	1
 174.5	0
 175.5	2
 176.5	1
 177.5	1
 178.5	0
 179.5	4
 180.5	0
 181.5	0
 182.5	2
 183.5	2
 184.5	1
 185.5	0
