********************************************************************************
STREME - Sensitive, Thorough, Rapid, Enriched Motif Elicitation
********************************************************************************
MEME version 5.5.3 (Release date: Sat Jun 10 16:19:38 2023 -0700)

For further information on how to interpret these results please access http://localhost:8080/meme_5.5.3.
To get a copy of the MEME Suite software please access https://meme-suite.org.

********************************************************************************


********************************************************************************
REFERENCE
********************************************************************************
If you use this program in your research, please cite:

Timothy L. Bailey,
"STREME: accurate and versatile sequence motif discovery",
Bioinformatics, Mar. 24, 2021.
********************************************************************************


ALPHABET= ACGT

strands: + -

Background letter frequencies
A 0.202 C 0.298 G 0.298 T 0.202 

MOTIF 1-GCCCCGCCCCC STREME-1
letter-probability matrix: alength= 4 w= 11 nsites= 2749 E= 8.7e-025
 0.093363 0.009830 0.673855 0.222952
 0.000027 0.980431 0.000041 0.019501
 0.018670 0.946310 0.000041 0.034980
 0.054925 0.945007 0.000041 0.000027
 0.000027 0.999905 0.000041 0.000027
 0.118648 0.000041 0.783134 0.098177
 0.033218 0.966714 0.000041 0.000027
 0.000027 0.999905 0.000041 0.000027
 0.000027 0.924910 0.000041 0.075022
 0.103059 0.851045 0.001903 0.043994
 0.061603 0.498945 0.217898 0.221553

MOTIF 2-AGTAAACA STREME-2
letter-probability matrix: alength= 4 w= 8 nsites= 2575 E= 5.0e-018
 0.568953 0.009661 0.199623 0.221763
 0.120972 0.000061 0.878926 0.000041
 0.000041 0.206224 0.000061 0.793675
 0.974760 0.025138 0.000061 0.000041
 0.974824 0.025075 0.000061 0.000041
 0.999838 0.000061 0.000061 0.000041
 0.000041 0.680834 0.000061 0.319065
 0.993295 0.000061 0.006603 0.000041

MOTIF 3-RTKRCGYMAY STREME-3
letter-probability matrix: alength= 4 w= 10 nsites= 1147 E= 2.0e-011
 0.429907 0.100267 0.460462 0.009363
 0.000042 0.002951 0.000062 0.996944
 0.000042 0.000062 0.409862 0.590034
 0.626325 0.000062 0.373570 0.000042
 0.000042 0.672115 0.000062 0.327780
 0.327780 0.000062 0.672115 0.000042
 0.000042 0.373570 0.000062 0.626325
 0.590034 0.409862 0.000062 0.000042
 0.996944 0.000062 0.002951 0.000042
 0.009363 0.460462 0.100267 0.429907

MOTIF 4-GAGGCBGAGGCRGGR STREME-4
letter-probability matrix: alength= 4 w= 15 nsites= 2955 E= 1.5e-010
 0.000810 0.000017 0.999161 0.000012
 0.703302 0.002579 0.230446 0.063673
 0.081720 0.003212 0.915057 0.000012
 0.017349 0.000017 0.968080 0.014554
 0.210135 0.689639 0.049332 0.050894
 0.117254 0.243641 0.355208 0.283897
 0.064812 0.000017 0.935159 0.000012
 0.544433 0.150103 0.267184 0.038281
 0.083003 0.017355 0.899631 0.000012
 0.009995 0.127509 0.862484 0.000012
 0.156815 0.510862 0.131721 0.200602
 0.255358 0.174355 0.403582 0.166705
 0.118838 0.011131 0.861467 0.008564
 0.123361 0.211899 0.664728 0.000012
 0.323010 0.169141 0.443544 0.064305

MOTIF 5-TCAGCACCAYGGACA STREME-5
letter-probability matrix: alength= 4 w= 15 nsites= 441 E= 1.6e-010
 0.002611 0.109206 0.050852 0.837331
 0.007685 0.964223 0.000109 0.027982
 0.999708 0.000109 0.000109 0.000074
 0.007685 0.000109 0.992132 0.000074
 0.053354 0.743492 0.147263 0.055891
 0.994634 0.000109 0.002646 0.002611
 0.000074 0.999743 0.000109 0.000074
 0.002611 0.974372 0.000109 0.022908
 0.588691 0.083835 0.154875 0.172600
 0.109171 0.357846 0.081298 0.451685
 0.012760 0.000109 0.984520 0.002611
 0.002611 0.000109 0.997206 0.000074
 0.921056 0.040703 0.000109 0.038131
 0.002611 0.867812 0.111743 0.017834
 0.999708 0.000109 0.000109 0.000074

MOTIF 6-CAAGATGGCGGCS STREME-6
letter-probability matrix: alength= 4 w= 13 nsites= 576 E= 2.8e-010
 0.094317 0.628843 0.220357 0.056483
 0.994107 0.000081 0.005756 0.000055
 0.911981 0.046266 0.011431 0.030322
 0.140333 0.156446 0.684249 0.018972
 0.999782 0.000081 0.000081 0.000055
 0.000055 0.000081 0.000081 0.999782
 0.000055 0.002758 0.997132 0.000055
 0.000055 0.000081 0.996025 0.003838
 0.018229 0.962718 0.000081 0.018972
 0.047347 0.082993 0.771966 0.097694
 0.125690 0.101909 0.725054 0.047347
 0.136563 0.765255 0.033025 0.065157
 0.106452 0.353053 0.400779 0.139716

MOTIF 7-CCASCAGRKGGC STREME-7
letter-probability matrix: alength= 4 w= 12 nsites= 636 E= 1.9e-009
 0.000070 0.978458 0.021401 0.000070
 0.000070 0.999756 0.000104 0.000070
 0.851907 0.000104 0.147919 0.000070
 0.000070 0.644608 0.355252 0.000070
 0.055249 0.649362 0.038775 0.256614
 0.982946 0.016880 0.000104 0.000070
 0.012721 0.000104 0.987105 0.000070
 0.427867 0.000104 0.571959 0.000070
 0.000070 0.012864 0.589494 0.397571
 0.000070 0.000104 0.987696 0.012130
 0.000070 0.000104 0.952585 0.047241
 0.029821 0.937810 0.000104 0.032265

MOTIF 8-TGCGCATGCGCA STREME-8
letter-probability matrix: alength= 4 w= 12 nsites= 440 E= 9.2e-009
 0.007524 0.278736 0.144149 0.569591
 0.039377 0.000128 0.960409 0.000087
 0.042020 0.942891 0.015002 0.000087
 0.012603 0.000128 0.987182 0.000087
 0.000087 0.999699 0.000128 0.000087
 0.691696 0.174614 0.095212 0.038479
 0.038479 0.095212 0.174614 0.691696
 0.000087 0.000128 0.999699 0.000087
 0.000087 0.987182 0.000128 0.012603
 0.000087 0.015002 0.942891 0.042020
 0.000087 0.960409 0.000128 0.039377
 0.569591 0.144149 0.278736 0.007524

MOTIF 9-GCCGCCGCCGCCGC STREME-9
letter-probability matrix: alength= 4 w= 14 nsites= 817 E= 1.1e-008
 0.014597 0.046367 0.930464 0.008572
 0.003411 0.923466 0.017885 0.055238
 0.045399 0.837089 0.000072 0.117440
 0.098702 0.000072 0.901177 0.000049
 0.000049 0.912896 0.006796 0.080258
 0.018060 0.801925 0.067728 0.112287
 0.082601 0.000072 0.888508 0.028818
 0.013497 0.851072 0.000072 0.135359
 0.005756 0.903399 0.000072 0.090772
 0.124363 0.000072 0.875516 0.000049
 0.000049 0.947196 0.000072 0.052683
 0.000049 0.965567 0.004712 0.029672
 0.040576 0.020909 0.829674 0.108841
 0.012164 0.961520 0.001387 0.024929

MOTIF 10-CACTTCCGGTY STREME-10
letter-probability matrix: alength= 4 w= 11 nsites= 884 E= 1.7e-008
 0.111145 0.720172 0.048932 0.119752
 0.933475 0.000077 0.061092 0.005356
 0.000052 0.956740 0.001857 0.041351
 0.000052 0.000077 0.000077 0.999795
 0.016813 0.000077 0.000077 0.983034
 0.000052 0.990919 0.000077 0.008953
 0.000052 0.998040 0.001857 0.000052
 0.000791 0.001039 0.796945 0.201226
 0.000052 0.197906 0.765093 0.036949
 0.001239 0.232320 0.253000 0.513442
 0.135406 0.268492 0.181800 0.414302

MOTIF 11-CAAAGKTCA STREME-11
letter-probability matrix: alength= 4 w= 9 nsites= 858 E= 2.0e-007
 0.000072 0.933274 0.003363 0.063292
 0.778588 0.218491 0.001264 0.001656
 0.951276 0.000106 0.000106 0.048512
 0.954234 0.002566 0.043128 0.000072
 0.000072 0.002598 0.997259 0.000072
 0.086333 0.000106 0.338440 0.575121
 0.062222 0.294238 0.015681 0.627859
 0.001250 0.883557 0.022439 0.092754
 0.999717 0.000106 0.000106 0.000072

MOTIF 12-RYCACGTGRY STREME-12
letter-probability matrix: alength= 4 w= 10 nsites= 1121 E= 4.1e-007
 0.260883 0.155416 0.514197 0.069504
 0.083138 0.428918 0.141898 0.346046
 0.017428 0.975943 0.000079 0.006551
 0.999789 0.000079 0.000079 0.000053
 0.000053 0.999814 0.000079 0.000053
 0.000053 0.000079 0.999814 0.000053
 0.000053 0.000079 0.000079 0.999789
 0.006551 0.000079 0.975943 0.017428
 0.346046 0.141898 0.428918 0.083138
 0.069504 0.514197 0.155416 0.260883

MOTIF 13-RACTACAWYTCCCA STREME-13
letter-probability matrix: alength= 4 w= 14 nsites= 231 E= 6.8e-007
 0.438256 0.019902 0.526931 0.014911
 0.984665 0.010057 0.005134 0.000143
 0.009989 0.989656 0.000212 0.000143
 0.005066 0.039593 0.000212 0.955130
 0.876368 0.059283 0.039593 0.024756
 0.000143 0.989656 0.005134 0.005066
 0.871445 0.019902 0.098664 0.009989
 0.462869 0.069128 0.098664 0.369339
 0.064137 0.359562 0.093741 0.482559
 0.019834 0.029747 0.010057 0.940362
 0.009989 0.950275 0.000212 0.039524
 0.000143 0.999501 0.000212 0.000143
 0.005066 0.994579 0.000212 0.000143
 0.832064 0.000212 0.162658 0.005066

MOTIF 14-AAAMAAAMAAAAAA STREME-14
letter-probability matrix: alength= 4 w= 14 nsites= 392 E= 8.0e-007
 0.999619 0.000142 0.000142 0.000096
 0.996315 0.000142 0.003446 0.000096
 0.996315 0.003446 0.000142 0.000096
 0.489531 0.440123 0.070250 0.000096
 0.999619 0.000142 0.000142 0.000096
 0.807660 0.000142 0.000142 0.192056
 0.996315 0.000142 0.000142 0.003401
 0.523589 0.439825 0.026577 0.010009
 0.853821 0.142636 0.003446 0.000096
 0.885031 0.088296 0.023273 0.003401
 0.969880 0.029881 0.000142 0.000096
 0.875000 0.121457 0.000142 0.003401
 0.894348 0.053254 0.019258 0.033140
 0.709403 0.097838 0.037528 0.155232

MOTIF 15-SRTGASTCAYS STREME-15
letter-probability matrix: alength= 4 w= 11 nsites= 732 E= 3.1e-006
 0.169975 0.404078 0.318678 0.107270
 0.337080 0.141700 0.521112 0.000109
 0.000109 0.000161 0.000161 0.999570
 0.000109 0.000161 0.999622 0.000109
 0.904295 0.000161 0.095436 0.000109
 0.000109 0.499891 0.499891 0.000109
 0.000109 0.095436 0.000161 0.904295
 0.000109 0.999622 0.000161 0.000109
 0.999570 0.000161 0.000161 0.000109
 0.000109 0.521112 0.141700 0.337080
 0.107270 0.318678 0.404078 0.169975

MOTIF 16-CTGTAATCCCAGCA STREME-16
letter-probability matrix: alength= 4 w= 14 nsites= 328 E= 5.0e-006
 0.008210 0.959128 0.004220 0.028441
 0.000118 0.020405 0.000174 0.979303
 0.056765 0.016359 0.918666 0.008210
 0.012257 0.024451 0.032544 0.930749
 0.959072 0.020405 0.020405 0.000118
 0.821500 0.024451 0.141792 0.012257
 0.008210 0.024451 0.000174 0.967164
 0.008210 0.942943 0.012313 0.036534
 0.008210 0.922712 0.004220 0.064857
 0.004164 0.918666 0.012313 0.064857
 0.971211 0.000174 0.020405 0.008210
 0.060811 0.012313 0.926758 0.000118
 0.024395 0.922712 0.028498 0.024395
 0.671790 0.012313 0.036590 0.279307

MOTIF 17-CAGCCAATCAGA STREME-17
letter-probability matrix: alength= 4 w= 12 nsites= 372 E= 1.9e-004
 0.046209 0.601808 0.153919 0.198063
 0.714490 0.008249 0.265030 0.012231
 0.241701 0.008249 0.705516 0.044534
 0.000118 0.987478 0.008249 0.004155
 0.016269 0.983440 0.000174 0.000118
 0.999535 0.000174 0.000174 0.000118
 0.999535 0.000174 0.000174 0.000118
 0.000118 0.000174 0.032476 0.967233
 0.057425 0.934208 0.000174 0.008193
 0.709875 0.008249 0.281759 0.000118
 0.058323 0.199793 0.705426 0.036458
 0.539254 0.233184 0.219369 0.008193

MOTIF 18-GGGAGGGAGGRRGRG STREME-18
letter-probability matrix: alength= 4 w= 15 nsites= 2844 E= 3.5e-004
 0.015093 0.012153 0.957850 0.014903
 0.074305 0.013072 0.912610 0.000013
 0.025513 0.000020 0.960215 0.014253
 0.802731 0.094801 0.000020 0.102448
 0.252081 0.040554 0.678951 0.028414
 0.015475 0.041971 0.937893 0.004661
 0.151675 0.052458 0.736218 0.059649
 0.597170 0.168840 0.179354 0.054636
 0.150179 0.047073 0.799518 0.003229
 0.211486 0.175519 0.582093 0.030902
 0.345834 0.132699 0.509511 0.011956
 0.481404 0.120351 0.348510 0.049735
 0.185760 0.078523 0.726517 0.009200
 0.310040 0.182829 0.425780 0.081351
 0.257587 0.080971 0.625141 0.036301

MOTIF 19-ATCGCTTGARCCCAG STREME-19
letter-probability matrix: alength= 4 w= 15 nsites= 163 E= 3.0e-003
 0.944849 0.020680 0.020680 0.013790
 0.013790 0.013884 0.000292 0.972033
 0.020586 0.639121 0.109029 0.231264
 0.190487 0.041069 0.747858 0.020586
 0.040974 0.904167 0.013884 0.040974
 0.000198 0.027477 0.041069 0.931257
 0.013790 0.020680 0.013884 0.951645
 0.047770 0.013884 0.924555 0.013790
 0.931257 0.027477 0.034273 0.006994
 0.550678 0.034273 0.401259 0.013790
 0.006994 0.890575 0.041069 0.061362
 0.027382 0.870187 0.013884 0.088547
 0.020586 0.843003 0.013884 0.122527
 0.652619 0.027477 0.306115 0.013790
 0.047770 0.020680 0.917759 0.013790

MOTIF 20-CTGCAGCCGCG STREME-20
letter-probability matrix: alength= 4 w= 11 nsites= 2512 E= 3.5e-003
 0.020022 0.916189 0.050445 0.013344
 0.100754 0.026820 0.011160 0.861266
 0.065257 0.016972 0.916036 0.001734
 0.027315 0.908922 0.012558 0.051205
 0.939794 0.005209 0.048711 0.006286
 0.022543 0.031947 0.902241 0.043270
 0.056902 0.869145 0.014408 0.059544
 0.075860 0.728701 0.057404 0.138035
 0.104110 0.123293 0.627338 0.145260
 0.053739 0.829520 0.054215 0.062525
 0.075900 0.135171 0.685887 0.103042

MOTIF 21-CTCGGYYTC STREME-21
letter-probability matrix: alength= 4 w= 9 nsites= 2517 E= 8.6e-003
 0.000136 0.910151 0.089577 0.000136
 0.000136 0.000201 0.000201 0.999461
 0.000136 0.804657 0.000201 0.195005
 0.000136 0.000201 0.999526 0.000136
 0.278161 0.000201 0.721502 0.000136
 0.042873 0.562846 0.069652 0.324629
 0.000136 0.510950 0.213967 0.274946
 0.279219 0.073916 0.000201 0.646664
 0.000136 0.846134 0.000201 0.153528

MOTIF 22-CCAGCCTGGGYRACA STREME-22
letter-probability matrix: alength= 4 w= 15 nsites= 248 E= 1.2e-002
 0.021207 0.936320 0.004398 0.038074
 0.000123 0.965838 0.000181 0.033858
 0.995298 0.000181 0.000181 0.004340
 0.008557 0.004398 0.936320 0.050725
 0.008557 0.961621 0.000181 0.029641
 0.000123 0.982706 0.000181 0.016990
 0.025424 0.008615 0.000181 0.965780
 0.054942 0.012832 0.932103 0.000123
 0.105544 0.000181 0.894152 0.000123
 0.054942 0.240541 0.679093 0.025424
 0.000123 0.632708 0.012832 0.354338
 0.607348 0.000181 0.379697 0.012773
 0.974213 0.004398 0.021266 0.000123
 0.004340 0.974272 0.000181 0.021207
 0.923611 0.004398 0.050783 0.021207

MOTIF 23-ARACCCYGTCTCT STREME-23
letter-probability matrix: alength= 4 w= 13 nsites= 166 E= 1.3e-002
 0.999202 0.000298 0.000298 0.000202
 0.580291 0.000298 0.391473 0.027938
 0.860524 0.000298 0.021100 0.118078
 0.007136 0.985430 0.000298 0.007136
 0.000202 0.739866 0.000298 0.259634
 0.000202 0.836941 0.000298 0.162559
 0.104210 0.465388 0.000298 0.430103
 0.178125 0.000298 0.821375 0.000202
 0.000202 0.000298 0.000298 0.999202
 0.000202 0.992364 0.007232 0.000202
 0.041805 0.000298 0.000298 0.957598
 0.000202 0.985430 0.007232 0.007136
 0.290247 0.000298 0.000298 0.709157

MOTIF 24-GCCACCACRCCCGGC STREME-24
letter-probability matrix: alength= 4 w= 15 nsites= 93 E= 2.4e-002
 0.211816 0.074482 0.713394 0.000308
 0.010883 0.946052 0.011030 0.032034
 0.000308 0.977778 0.021606 0.000308
 0.977631 0.011030 0.011030 0.000308
 0.000308 0.967203 0.011030 0.021459
 0.010883 0.946052 0.011030 0.032034
 0.829576 0.011030 0.159085 0.000308
 0.021459 0.967203 0.011030 0.000308
 0.497351 0.000455 0.438434 0.063760
 0.010883 0.967203 0.021606 0.000308
 0.000308 0.946052 0.021606 0.032034
 0.053185 0.660517 0.000455 0.285843
 0.264692 0.011030 0.692243 0.032034
 0.032034 0.032181 0.935477 0.000308
 0.000308 0.941663 0.036570 0.021459

MOTIF 25-GCCTCAGTTTCCTCA STREME-25
letter-probability matrix: alength= 4 w= 15 nsites= 95 E= 2.4e-002
 0.113510 0.019278 0.819756 0.047456
 0.019147 0.885809 0.000406 0.094637
 0.028584 0.819756 0.019278 0.132382
 0.038020 0.089248 0.019278 0.853454
 0.009711 0.895246 0.038151 0.056892
 0.910071 0.070376 0.009842 0.009711
 0.019147 0.009842 0.970736 0.000275
 0.028584 0.075896 0.038151 0.857370
 0.009711 0.123077 0.066460 0.800752
 0.019147 0.009842 0.057023 0.913987
 0.075765 0.763138 0.028715 0.132382
 0.000275 0.838628 0.028715 0.132382
 0.028584 0.300762 0.028715 0.641940
 0.028584 0.848064 0.066460 0.056892
 0.721346 0.179695 0.066460 0.032500

MOTIF 26-GGAAGTGA STREME-26
letter-probability matrix: alength= 4 w= 8 nsites= 2889 E= 2.5e-002
 0.020476 0.000219 0.979157 0.000148
 0.234028 0.000219 0.684910 0.080844
 0.935788 0.029681 0.000219 0.034313
 0.924467 0.000219 0.075166 0.000148
 0.232744 0.000219 0.766890 0.000148
 0.077801 0.070085 0.000219 0.851896
 0.000148 0.166826 0.822421 0.010605
 0.793886 0.000219 0.205747 0.000148

MOTIF 27-CACACACACACACRC STREME-27
letter-probability matrix: alength= 4 w= 15 nsites= 133 E= 3.6e-002
 0.000313 0.945115 0.000463 0.054109
 0.977243 0.000463 0.021981 0.000313
 0.011073 0.891319 0.032740 0.064868
 0.923447 0.011222 0.065017 0.000313
 0.032591 0.934356 0.000463 0.032591
 0.798602 0.000463 0.140331 0.060605
 0.011073 0.977392 0.000463 0.011073
 0.901929 0.032740 0.065017 0.000313
 0.054109 0.891319 0.000463 0.054109
 0.729784 0.032740 0.237163 0.000313
 0.043350 0.934356 0.021981 0.000313
 0.944966 0.000463 0.000463 0.054109
 0.054109 0.902078 0.000463 0.043350
 0.331698 0.054258 0.559936 0.054109
 0.006331 0.797839 0.044889 0.150941

MOTIF 28-AGATCAAAGGM STREME-28
letter-probability matrix: alength= 4 w= 11 nsites= 1071 E= 3.6e-002
 0.876146 0.005255 0.074010 0.044589
 0.040597 0.131731 0.821385 0.006287
 0.822719 0.028216 0.011405 0.137660
 0.175898 0.017919 0.044944 0.761238
 0.059279 0.873445 0.044381 0.022894
 0.962383 0.012144 0.025398 0.000075
 0.960898 0.017071 0.014239 0.007792
 0.888548 0.005256 0.021664 0.084533
 0.074245 0.002683 0.920366 0.002706
 0.122902 0.120283 0.587256 0.169559
 0.255082 0.434648 0.133577 0.176693

MOTIF 29-RTTDVBHAAY STREME-29
letter-probability matrix: alength= 4 w= 10 nsites= 750 E= 3.8e-002
 0.554570 0.000111 0.445244 0.000075
 0.000075 0.000111 0.000111 0.999702
 0.000075 0.000111 0.000111 0.999702
 0.231221 0.000111 0.445582 0.323086
 0.233164 0.416863 0.227141 0.122832
 0.122832 0.227141 0.416863 0.233164
 0.323086 0.445582 0.000111 0.231221
 0.999702 0.000111 0.000111 0.000075
 0.999702 0.000111 0.000111 0.000075
 0.000075 0.445244 0.000111 0.554570

MOTIF 30-CAAGGTCA STREME-30
letter-probability matrix: alength= 4 w= 8 nsites= 2219 E= 4.4e-002
 0.000132 0.925401 0.074336 0.000132
 0.722349 0.000194 0.245886 0.031571
 0.931280 0.000194 0.068394 0.000132
 0.038993 0.154997 0.805878 0.000132
 0.000132 0.000194 0.999543 0.000132
 0.170680 0.206032 0.000194 0.623094
 0.000132 0.962630 0.000194 0.037045
 0.968380 0.000194 0.031294 0.000132

MOTIF 31-CACTCACC STREME-31
letter-probability matrix: alength= 4 w= 8 nsites= 278 E= 1.3e-001
 0.018355 0.936191 0.027100 0.018355
 0.927445 0.027100 0.027100 0.018355
 0.018355 0.936191 0.027100 0.018355
 0.018355 0.027100 0.027100 0.927445
 0.018355 0.936191 0.027100 0.018355
 0.927445 0.027100 0.027100 0.018355
 0.018355 0.936191 0.027100 0.018355
 0.018355 0.936191 0.027100 0.018355

MOTIF 32-CACGTG STREME-32
letter-probability matrix: alength= 4 w= 6 nsites= 417 E= 1.7e-001
 0.018355 0.936191 0.027100 0.018355
 0.927445 0.027100 0.027100 0.018355
 0.018355 0.936191 0.027100 0.018355
 0.018355 0.027100 0.936191 0.018355
 0.018355 0.027100 0.027100 0.927445
 0.018355 0.027100 0.936191 0.018355

MOTIF 33-TGATGMAAT STREME-33
letter-probability matrix: alength= 4 w= 9 nsites= 496 E= 4.3e-001
 0.000173 0.000255 0.000255 0.999318
 0.000173 0.000255 0.910626 0.088947
 0.796395 0.000255 0.000255 0.203096
 0.000173 0.039829 0.000255 0.959744
 0.000173 0.000255 0.999400 0.000173
 0.416394 0.568868 0.000255 0.014484
 0.999318 0.000255 0.000255 0.000173
 0.999318 0.000255 0.000255 0.000173
 0.000173 0.214542 0.091550 0.693735

MOTIF 34-GACCCGGAAGC STREME-34
letter-probability matrix: alength= 4 w= 11 nsites= 302 E= 7.1e-001
 0.220306 0.129895 0.649610 0.000190
 0.706784 0.110264 0.000280 0.182672
 0.174711 0.824820 0.000280 0.000190
 0.000190 0.999341 0.000280 0.000190
 0.000190 0.999341 0.000280 0.000190
 0.000190 0.033463 0.966157 0.000190
 0.000190 0.000280 0.999341 0.000190
 0.886300 0.000280 0.113230 0.000190
 0.899856 0.000280 0.083781 0.016083
 0.031326 0.255233 0.689308 0.024133
 0.067548 0.890606 0.041656 0.000190

MOTIF 35-CCCCAACCCC STREME-35
letter-probability matrix: alength= 4 w= 10 nsites= 411 E= 7.5e-001
 0.012464 0.986777 0.000453 0.000307
 0.000307 0.915254 0.047424 0.037016
 0.000307 0.998934 0.000453 0.000307
 0.024604 0.964116 0.010973 0.000307
 0.807348 0.144162 0.014854 0.033636
 0.919276 0.000453 0.000453 0.079819
 0.097206 0.875977 0.000453 0.026365
 0.024823 0.767664 0.118997 0.088515
 0.000307 0.980842 0.018545 0.000307
 0.054216 0.787684 0.027851 0.130248

MOTIF 36-TTCTCGCGAGAA STREME-36
letter-probability matrix: alength= 4 w= 12 nsites= 81 E= 7.8e-001
 0.208795 0.221226 0.086355 0.483624
 0.000357 0.025049 0.018919 0.955674
 0.153620 0.820973 0.025049 0.000357
 0.000357 0.006658 0.012788 0.980197
 0.009032 0.990084 0.000527 0.000357
 0.012618 0.012788 0.974236 0.000357
 0.000357 0.974236 0.012788 0.012618
 0.000357 0.000527 0.990084 0.009032
 0.980197 0.012788 0.006658 0.000357
 0.000357 0.025049 0.820973 0.153620
 0.955674 0.018919 0.025049 0.000357
 0.483624 0.086355 0.221226 0.208795

MOTIF 37-GGGATTCGAACCCR STREME-37
letter-probability matrix: alength= 4 w= 14 nsites= 41 E= 7.8e-001
 0.194474 0.001190 0.803530 0.000806
 0.028473 0.028857 0.941864 0.000806
 0.000806 0.001190 0.997198 0.000806
 0.803146 0.001190 0.194858 0.000806
 0.222141 0.194858 0.111858 0.471143
 0.000806 0.001190 0.001190 0.996814
 0.000806 0.997198 0.001190 0.000806
 0.000806 0.001190 0.997198 0.000806
 0.996814 0.001190 0.001190 0.000806
 0.996814 0.001190 0.001190 0.000806
 0.000806 0.997198 0.001190 0.000806
 0.000806 0.997198 0.001190 0.000806
 0.000806 0.775863 0.028857 0.194474
 0.360476 0.028857 0.554528 0.056140

MOTIF 38-CATGGCGGCGGCKG STREME-38
letter-probability matrix: alength= 4 w= 14 nsites= 107 E= 9.6e-001
 0.000220 0.871074 0.128487 0.000220
 0.931282 0.030479 0.000324 0.037914
 0.000220 0.007863 0.000324 0.991593
 0.000220 0.007863 0.969081 0.022837
 0.022837 0.000324 0.976620 0.000220
 0.000220 0.916308 0.000324 0.083148
 0.132151 0.000324 0.822071 0.045453
 0.218850 0.022941 0.757989 0.000220
 0.068070 0.886152 0.000324 0.045453
 0.098226 0.147334 0.754220 0.000220
 0.022837 0.151104 0.795684 0.030376
 0.135921 0.795684 0.045558 0.022837
 0.083148 0.154873 0.475279 0.286700
 0.166077 0.181260 0.554437 0.098226

MOTIF 39-TAGCAAC STREME-39
letter-probability matrix: alength= 4 w= 7 nsites= 551 E= 1.3e+000
 0.000690 0.001019 0.001019 0.997271
 0.997271 0.001019 0.001019 0.000690
 0.000690 0.001019 0.997600 0.000690
 0.252029 0.679652 0.001019 0.067300
 0.823292 0.001019 0.001019 0.174670
 0.997271 0.001019 0.001019 0.000690
 0.000690 0.997600 0.001019 0.000690

MOTIF 40-AACTCCTGACCTCAR STREME-40
letter-probability matrix: alength= 4 w= 15 nsites= 51 E= 1.6e+000
 0.911615 0.022402 0.043880 0.022104
 0.933093 0.000924 0.022402 0.043582
 0.022104 0.933391 0.043880 0.000626
 0.000626 0.022402 0.000924 0.976049
 0.000626 0.881521 0.022402 0.095451
 0.000626 0.976347 0.022402 0.000626
 0.000626 0.000924 0.000924 0.997527
 0.022104 0.043880 0.933391 0.000626
 0.761269 0.043880 0.194226 0.000626
 0.022104 0.752653 0.138705 0.086538
 0.000626 0.954869 0.000924 0.043582
 0.022104 0.065358 0.000924 0.911615
 0.000626 0.954869 0.022402 0.022104
 0.997527 0.000924 0.000924 0.000626
 0.525011 0.000924 0.451962 0.022104

MOTIF 41-CCATTGGCCG STREME-41
letter-probability matrix: alength= 4 w= 10 nsites= 40 E= 1.6e+000
 0.000963 0.996651 0.001422 0.000963
 0.000963 0.996651 0.001422 0.000963
 0.996192 0.001422 0.001422 0.000963
 0.000963 0.001422 0.001422 0.996192
 0.000963 0.001422 0.001422 0.996192
 0.000963 0.001422 0.996651 0.000963
 0.000963 0.001422 0.996651 0.000963
 0.000963 0.798218 0.001422 0.199396
 0.000963 0.996651 0.001422 0.000963
 0.000963 0.001422 0.996651 0.000963

MOTIF 42-AGCAGCAGCAGCAGC STREME-42
letter-probability matrix: alength= 4 w= 15 nsites= 415 E= 1.7e+000
 0.893840 0.037921 0.045473 0.022765
 0.037869 0.041697 0.897668 0.022765
 0.049197 0.871237 0.049249 0.030317
 0.905168 0.026594 0.053025 0.015214
 0.071852 0.053025 0.856134 0.018989
 0.045421 0.828135 0.099903 0.026541
 0.822098 0.049249 0.083232 0.045421
 0.045421 0.071904 0.844806 0.037869
 0.064300 0.803913 0.090142 0.041645
 0.812979 0.107454 0.056801 0.022765
 0.064300 0.102112 0.810823 0.022765
 0.060524 0.752617 0.139870 0.046988
 0.771638 0.058368 0.086366 0.083628
 0.058315 0.098142 0.790570 0.052973
 0.056748 0.735626 0.143325 0.064300

MOTIF 43-AGTGCAGTGGCGT STREME-43
letter-probability matrix: alength= 4 w= 13 nsites= 85 E= 1.7e+000
 0.938578 0.040609 0.010476 0.010337
 0.030425 0.030565 0.908584 0.030425
 0.030425 0.030565 0.040609 0.898401
 0.030425 0.014645 0.924504 0.030425
 0.020381 0.938717 0.020521 0.020381
 0.948622 0.010476 0.020521 0.020381
 0.110780 0.020521 0.858363 0.010337
 0.020381 0.040609 0.050653 0.888356
 0.050514 0.010476 0.918629 0.020381
 0.030425 0.020521 0.928673 0.020381
 0.034594 0.733663 0.030565 0.201178
 0.191134 0.040609 0.727788 0.040469
 0.050514 0.251539 0.010476 0.687471

MOTIF 44-CTCGGCTCAC STREME-44
letter-probability matrix: alength= 4 w= 10 nsites= 45 E= 1.7e+000
 0.018355 0.936191 0.027100 0.018355
 0.018355 0.027100 0.027100 0.927445
 0.018355 0.936191 0.027100 0.018355
 0.018355 0.027100 0.936191 0.018355
 0.018355 0.027100 0.936191 0.018355
 0.018355 0.936191 0.027100 0.018355
 0.018355 0.027100 0.027100 0.927445
 0.018355 0.936191 0.027100 0.018355
 0.927445 0.027100 0.027100 0.018355
 0.018355 0.936191 0.027100 0.018355

MOTIF 45-CCCAGCCCCGCC STREME-45
letter-probability matrix: alength= 4 w= 12 nsites= 2703 E= 1.8e+000
 0.056768 0.855596 0.031608 0.056028
 0.020477 0.887512 0.063811 0.028200
 0.040705 0.825433 0.076534 0.057328
 0.776363 0.045440 0.152553 0.025644
 0.070136 0.068497 0.801070 0.060296
 0.005280 0.938408 0.007680 0.048632
 0.086953 0.782891 0.117753 0.012403
 0.067843 0.839103 0.030558 0.062496
 0.055561 0.643592 0.079174 0.221674
 0.148030 0.000103 0.770617 0.081249
 0.063937 0.747784 0.108588 0.079691
 0.089751 0.712354 0.160134 0.037761

MOTIF 46-AACAAAYAK STREME-46
letter-probability matrix: alength= 4 w= 9 nsites= 369 E= 1.9e+000
 0.998744 0.000469 0.000469 0.000318
 0.998744 0.000469 0.000469 0.000318
 0.000318 0.998896 0.000469 0.000318
 0.981945 0.000469 0.017269 0.000318
 0.998744 0.000469 0.000469 0.000318
 0.998744 0.000469 0.000469 0.000318
 0.000318 0.454162 0.000469 0.545051
 0.834366 0.000469 0.164847 0.000318
 0.000318 0.217377 0.449564 0.332742

MOTIF 47-AATSATTAACH STREME-47
letter-probability matrix: alength= 4 w= 11 nsites= 605 E= 1.9e+000
 0.938157 0.000112 0.037370 0.024362
 0.870088 0.038011 0.000112 0.091789
 0.063613 0.000112 0.000112 0.936163
 0.137045 0.277881 0.439711 0.145363
 0.820548 0.000112 0.057407 0.121934
 0.077811 0.036196 0.150383 0.735610
 0.010534 0.037802 0.000112 0.951552
 0.992348 0.000112 0.002712 0.004828
 0.933409 0.026575 0.021856 0.018160
 0.035147 0.735805 0.063390 0.165658
 0.278110 0.298943 0.015712 0.407235

MOTIF 48-AAAGAAAAARAAAH STREME-48
letter-probability matrix: alength= 4 w= 14 nsites= 231 E= 5.2e+000
 0.872698 0.023648 0.072233 0.031421
 0.959457 0.005706 0.030810 0.004027
 0.885104 0.044839 0.062116 0.007941
 0.007941 0.040261 0.924291 0.027507
 0.913456 0.023648 0.054955 0.007941
 0.864872 0.054955 0.040926 0.039247
 0.854667 0.027562 0.108206 0.009565
 0.809520 0.015821 0.084537 0.090121
 0.785646 0.072233 0.118527 0.023594
 0.240439 0.182100 0.477889 0.099572
 0.874988 0.062782 0.011908 0.050322
 0.803983 0.066695 0.121382 0.007941
 0.859334 0.015822 0.086262 0.038582
 0.344016 0.330806 0.143426 0.181752

MOTIF 49-AAAGTCAACAK STREME-49
letter-probability matrix: alength= 4 w= 11 nsites= 187 E= 1.7e+001
 0.752515 0.065989 0.052511 0.128984
 0.887772 0.000228 0.012320 0.099680
 0.666528 0.065989 0.044801 0.222682
 0.182183 0.016118 0.799347 0.002353
 0.000154 0.038326 0.000228 0.961292
 0.000154 0.992580 0.007111 0.000154
 0.984400 0.000228 0.007723 0.007649
 0.908045 0.059791 0.000228 0.031936
 0.016045 0.680814 0.023614 0.279527
 0.971608 0.016119 0.002426 0.009848
 0.107216 0.102909 0.434849 0.355026

MOTIF 50-AGACTCTGTCTC STREME-50
letter-probability matrix: alength= 4 w= 12 nsites= 83 E= 1.8e+001
 0.883389 0.090102 0.000550 0.025959
 0.077132 0.000550 0.921946 0.000373
 0.998527 0.000550 0.000550 0.000373
 0.013166 0.883566 0.000550 0.102718
 0.041216 0.269206 0.018653 0.670925
 0.038752 0.896359 0.000550 0.064338
 0.013166 0.300102 0.000550 0.686182
 0.102718 0.000550 0.896359 0.000373
 0.025959 0.000550 0.000550 0.972941
 0.128304 0.870773 0.000550 0.000373
 0.000373 0.000550 0.013343 0.985734
 0.044061 0.903843 0.051723 0.000373

********************************************************************************
Stopped because 3 consecutive motifs exceeded the p-value threshold (0.05).
********************************************************************************
COMMAND:	streme --verbosity 1 --oc meme_out_incomplete_DL/HepG2_KLF6-human_ENCFF759VEI/streme_out -dna --seed 0 --p meme_out_incomplete_DL/HepG2_KLF6-human_ENCFF759VEI/seqs-centered --minw 6 --maxw 15 --time 6180 --order 2 --thresh 0.05 --align center --totallength 4000000 --parse-genomic-coord
********************************************************************************
CPU:		9f05ee173ae9
********************************************************************************
FINALTIME:	2025.21 seconds
********************************************************************************
