********************************************************************************
STREME - Sensitive, Thorough, Rapid, Enriched Motif Elicitation
********************************************************************************
MEME version 5.5.3 (Release date: Sat Jun 10 16:19:38 2023 -0700)

For further information on how to interpret these results please access http://localhost:8080/meme_5.5.3.
To get a copy of the MEME Suite software please access https://meme-suite.org.

********************************************************************************


********************************************************************************
REFERENCE
********************************************************************************
If you use this program in your research, please cite:

Timothy L. Bailey,
"STREME: accurate and versatile sequence motif discovery",
Bioinformatics, Mar. 24, 2021.
********************************************************************************


ALPHABET= ACGT

strands: + -

Background letter frequencies
A 0.201 C 0.299 G 0.299 T 0.201 

MOTIF 1-VGCCCCGCCCCCN STREME-1
letter-probability matrix: alength= 4 w= 13 nsites= 4593 E= 3.3e-029
 0.222496 0.286401 0.377130 0.113974
 0.102800 0.054759 0.663291 0.179150
 0.008553 0.885953 0.000014 0.105481
 0.051576 0.867101 0.000014 0.081309
 0.038943 0.961033 0.000014 0.000009
 0.000009 0.999968 0.000014 0.000009
 0.187864 0.000014 0.689103 0.123019
 0.006344 0.993633 0.000014 0.000009
 0.000009 0.999968 0.000014 0.000009
 0.000009 0.826603 0.000014 0.173374
 0.101812 0.779426 0.000014 0.118748
 0.053951 0.577536 0.144541 0.223972
 0.178023 0.289366 0.200413 0.332197

MOTIF 2-WGTAAACA STREME-2
letter-probability matrix: alength= 4 w= 8 nsites= 3115 E= 6.6e-026
 0.539883 0.003028 0.180880 0.276209
 0.220601 0.002809 0.776548 0.000042
 0.000042 0.260763 0.000062 0.739134
 0.932961 0.066935 0.000062 0.000042
 0.999834 0.000062 0.000062 0.000042
 0.999834 0.000062 0.000062 0.000042
 0.000042 0.693125 0.000062 0.306771
 0.999834 0.000062 0.000062 0.000042

MOTIF 3-CAAGATGGCGGCS STREME-3
letter-probability matrix: alength= 4 w= 13 nsites= 857 E= 7.8e-023
 0.116814 0.573378 0.222142 0.087666
 0.985344 0.000056 0.014562 0.000038
 0.953190 0.001352 0.011721 0.033736
 0.166263 0.185278 0.625312 0.023147
 0.999851 0.000056 0.000056 0.000038
 0.000038 0.000056 0.000056 0.999851
 0.000038 0.000056 0.999869 0.000038
 0.000038 0.000056 0.997277 0.002630
 0.017424 0.974706 0.000056 0.007814
 0.049410 0.088742 0.749489 0.112360
 0.092061 0.069288 0.796601 0.042050
 0.128672 0.801245 0.011721 0.058362
 0.104160 0.289546 0.432543 0.173751

MOTIF 4-CACTTCCGGBB STREME-4
letter-probability matrix: alength= 4 w= 11 nsites= 2285 E= 5.9e-021
 0.100232 0.654907 0.102621 0.142240
 0.839526 0.000033 0.157403 0.003038
 0.000023 0.951815 0.005936 0.042227
 0.020281 0.000033 0.000183 0.979503
 0.010033 0.000033 0.000033 0.989900
 0.000023 0.999922 0.000033 0.000023
 0.000023 0.999922 0.000033 0.000023
 0.000023 0.000033 0.867670 0.132274
 0.008007 0.163671 0.783662 0.044661
 0.022100 0.298635 0.283316 0.395949
 0.127295 0.249819 0.224447 0.398440

MOTIF 5-GCCGCCGCCGCCGC STREME-5
letter-probability matrix: alength= 4 w= 14 nsites= 2033 E= 1.7e-014
 0.016385 0.000025 0.983573 0.000017
 0.020618 0.812287 0.000472 0.166623
 0.033748 0.736590 0.000025 0.229636
 0.158082 0.000025 0.841875 0.000017
 0.000854 0.915215 0.000025 0.083905
 0.104524 0.598256 0.087352 0.209868
 0.094087 0.000025 0.905870 0.000017
 0.000017 0.803224 0.000025 0.196733
 0.098362 0.670778 0.042954 0.187906
 0.171244 0.000025 0.828713 0.000017
 0.023129 0.865175 0.000025 0.111671
 0.037107 0.708819 0.050596 0.203478
 0.157072 0.126760 0.547426 0.168742
 0.055293 0.772649 0.119464 0.052593

MOTIF 6-ACTACAWYTCCCAG STREME-6
letter-probability matrix: alength= 4 w= 14 nsites= 571 E= 3.9e-013
 0.988064 0.011795 0.000084 0.000057
 0.003960 0.995899 0.000084 0.000057
 0.000057 0.055546 0.002036 0.942361
 0.915034 0.028221 0.039122 0.017624
 0.000057 0.997851 0.002036 0.000057
 0.874044 0.033266 0.080923 0.011768
 0.478383 0.096542 0.078975 0.346100
 0.066421 0.349240 0.109393 0.474946
 0.047713 0.045788 0.007892 0.898608
 0.007864 0.967763 0.000084 0.024289
 0.000057 0.995899 0.000084 0.003960
 0.007864 0.973618 0.003988 0.014530
 0.796773 0.000084 0.195279 0.007864
 0.083987 0.067260 0.753053 0.095700

MOTIF 7-SYGCGCATGCGCRS STREME-7
letter-probability matrix: alength= 4 w= 14 nsites= 874 E= 6.1e-013
 0.077464 0.410828 0.369681 0.142026
 0.049993 0.295143 0.141080 0.513784
 0.065074 0.000058 0.934829 0.000039
 0.042985 0.949237 0.007738 0.000039
 0.024933 0.000058 0.974969 0.000039
 0.000039 0.999864 0.000058 0.000039
 0.657269 0.182270 0.141976 0.018485
 0.018485 0.141976 0.182270 0.657269
 0.000039 0.000058 0.999864 0.000039
 0.000039 0.974969 0.000058 0.024933
 0.000039 0.007738 0.949237 0.042985
 0.000039 0.934829 0.000058 0.065074
 0.513784 0.141080 0.295143 0.049993
 0.142026 0.369681 0.410828 0.077464

MOTIF 8-RTGACGTCAY STREME-8
letter-probability matrix: alength= 4 w= 10 nsites= 1914 E= 1.4e-012
 0.376579 0.109449 0.471048 0.042925
 0.011143 0.061532 0.003435 0.923890
 0.029172 0.199987 0.570373 0.200468
 0.886586 0.000042 0.099750 0.013622
 0.000028 0.837392 0.025157 0.137422
 0.137422 0.025157 0.837392 0.000028
 0.013622 0.099750 0.000042 0.886586
 0.200468 0.570373 0.199987 0.029172
 0.923890 0.003435 0.061532 0.011143
 0.042925 0.471048 0.109449 0.376579

MOTIF 9-CCASYAGRKGGCRS STREME-9
letter-probability matrix: alength= 4 w= 14 nsites= 902 E= 4.5e-012
 0.085889 0.847907 0.018782 0.047422
 0.000035 0.999877 0.000052 0.000035
 0.776153 0.012203 0.145144 0.066500
 0.000035 0.655750 0.329600 0.014616
 0.070301 0.511556 0.057251 0.360893
 0.968475 0.000052 0.026577 0.004895
 0.000035 0.002482 0.997447 0.000035
 0.451432 0.002482 0.544835 0.001250
 0.006110 0.000052 0.653186 0.340652
 0.003680 0.002482 0.993802 0.000035
 0.023625 0.030932 0.879498 0.065945
 0.069910 0.866821 0.000052 0.063217
 0.414840 0.010988 0.532321 0.041852
 0.070805 0.573458 0.310449 0.045289

MOTIF 10-CRGCCAATSR STREME-10
letter-probability matrix: alength= 4 w= 10 nsites= 936 E= 3.3e-011
 0.018398 0.622868 0.139544 0.219190
 0.608647 0.071132 0.320162 0.000059
 0.268570 0.000087 0.663456 0.067887
 0.000059 0.999796 0.000087 0.000059
 0.000059 0.999796 0.000087 0.000059
 0.999767 0.000087 0.000087 0.000059
 0.999767 0.000087 0.000087 0.000059
 0.000059 0.000087 0.000087 0.999767
 0.000059 0.663793 0.336090 0.000059
 0.630495 0.000087 0.369360 0.000059

MOTIF 11-CCTCGGCCTCC STREME-11
letter-probability matrix: alength= 4 w= 11 nsites= 1558 E= 8.3e-010
 0.032452 0.880058 0.047393 0.040098
 0.021227 0.865422 0.043940 0.069411
 0.001469 0.000067 0.001758 0.996706
 0.000395 0.943686 0.006006 0.049912
 0.191855 0.114587 0.619198 0.074360
 0.102537 0.002499 0.710253 0.184711
 0.012865 0.929844 0.013933 0.043359
 0.030705 0.717322 0.114000 0.137973
 0.035751 0.007465 0.016572 0.940212
 0.010311 0.914643 0.006585 0.068461
 0.061951 0.794081 0.129473 0.014496

MOTIF 12-CAAAGKTCA STREME-12
letter-probability matrix: alength= 4 w= 9 nsites= 1968 E= 5.9e-009
 0.000058 0.853466 0.026418 0.120059
 0.740379 0.229455 0.009417 0.020749
 0.874438 0.000086 0.072096 0.053380
 0.976850 0.007041 0.016051 0.000058
 0.000058 0.008854 0.991030 0.000058
 0.044083 0.000086 0.573857 0.381974
 0.000058 0.225892 0.049342 0.724708
 0.009351 0.935536 0.000086 0.055027
 0.999770 0.000086 0.000086 0.000058

MOTIF 13-GAGACRGRGTYTCRC STREME-13
letter-probability matrix: alength= 4 w= 15 nsites= 220 E= 5.6e-008
 0.000141 0.014761 0.960704 0.024394
 0.994590 0.000209 0.005060 0.000141
 0.000141 0.005060 0.970405 0.024394
 0.960635 0.000209 0.024463 0.014693
 0.000141 0.834582 0.000209 0.165068
 0.562860 0.024463 0.354327 0.058350
 0.092305 0.000209 0.907345 0.000141
 0.354261 0.019612 0.601733 0.024394
 0.077753 0.000209 0.921897 0.000141
 0.000141 0.009911 0.000209 0.989740
 0.000141 0.621131 0.000209 0.378519
 0.000141 0.009911 0.000209 0.989739
 0.000141 0.742412 0.014761 0.242685
 0.475545 0.082672 0.364031 0.077752
 0.000141 0.907346 0.014761 0.077752

MOTIF 14-CAGCCTGGGCRACA STREME-14
letter-probability matrix: alength= 4 w= 14 nsites= 308 E= 1.6e-007
 0.000108 0.958714 0.000160 0.041017
 0.992133 0.007598 0.000160 0.000108
 0.044737 0.003879 0.899835 0.051549
 0.005370 0.949733 0.000160 0.044736
 0.003827 0.932682 0.018755 0.044736
 0.007546 0.018755 0.000160 0.973538
 0.033579 0.003879 0.958715 0.003827
 0.072314 0.003879 0.923698 0.000108
 0.067051 0.172806 0.752597 0.007546
 0.037300 0.648408 0.011317 0.302975
 0.583537 0.007599 0.405038 0.003827
 0.988414 0.000160 0.011317 0.000108
 0.011265 0.943839 0.011317 0.033579
 0.969819 0.000160 0.029913 0.000108

MOTIF 15-CTGTAATCCCAGC STREME-15
letter-probability matrix: alength= 4 w= 13 nsites= 298 E= 8.9e-007
 0.003839 0.947386 0.000161 0.048614
 0.000108 0.009171 0.007623 0.983098
 0.089656 0.011354 0.898882 0.000108
 0.003839 0.041204 0.011354 0.943603
 0.950542 0.007623 0.037996 0.003839
 0.728339 0.011354 0.256025 0.004282
 0.003839 0.022547 0.000161 0.973453
 0.029956 0.932464 0.011354 0.026226
 0.003839 0.951119 0.007623 0.037419
 0.003839 0.902614 0.003892 0.089655
 0.992108 0.003892 0.003892 0.000108
 0.052344 0.000161 0.936194 0.011301
 0.007570 0.947388 0.011354 0.033688

MOTIF 16-CAGCACCAYGGACAG STREME-16
letter-probability matrix: alength= 4 w= 15 nsites= 270 E= 6.0e-005
 0.016500 0.970919 0.000177 0.012405
 0.999528 0.000177 0.000177 0.000119
 0.004214 0.000177 0.991395 0.004214
 0.045168 0.753858 0.151711 0.049264
 0.987242 0.004272 0.000177 0.008309
 0.000119 0.999586 0.000177 0.000119
 0.000119 0.987300 0.000177 0.012405
 0.598143 0.073898 0.155828 0.172131
 0.122996 0.385227 0.077993 0.413784
 0.016501 0.004272 0.979109 0.000119
 0.008310 0.004272 0.987300 0.000119
 0.929907 0.037035 0.004272 0.028786
 0.000119 0.864437 0.094372 0.041072
 0.999528 0.000177 0.000177 0.000119
 0.012405 0.004272 0.979109 0.004214

MOTIF 17-GYCACGTGRC STREME-17
letter-probability matrix: alength= 4 w= 10 nsites= 627 E= 9.9e-005
 0.253626 0.225424 0.520837 0.000113
 0.068422 0.479911 0.184853 0.266814
 0.000113 0.999606 0.000168 0.000113
 0.999551 0.000168 0.000168 0.000113
 0.000113 0.999606 0.000168 0.000113
 0.000113 0.000168 0.999606 0.000113
 0.000113 0.000168 0.000168 0.999551
 0.000113 0.000168 0.999606 0.000113
 0.266814 0.184853 0.479911 0.068422
 0.000113 0.520837 0.225424 0.253626

MOTIF 18-CTCAAGYGATCCTCC STREME-18
letter-probability matrix: alength= 4 w= 15 nsites= 199 E= 2.4e-004
 0.005411 0.673392 0.000227 0.320970
 0.000153 0.016003 0.000227 0.983617
 0.000153 0.941621 0.000227 0.058000
 0.994135 0.005486 0.000227 0.000153
 0.778514 0.005486 0.205330 0.010670
 0.047482 0.005486 0.946880 0.000153
 0.015929 0.405175 0.031780 0.547116
 0.194739 0.047557 0.731258 0.026447
 0.983617 0.000227 0.016003 0.000153
 0.010670 0.005486 0.000227 0.983617
 0.005411 0.689169 0.005486 0.299934
 0.000153 0.910066 0.000227 0.089554
 0.121110 0.000227 0.147480 0.731183
 0.000153 0.936362 0.010744 0.052741
 0.000153 0.920585 0.010744 0.068518

MOTIF 19-RTTGYRCAAY STREME-19
letter-probability matrix: alength= 4 w= 10 nsites= 1045 E= 3.7e-004
 0.580877 0.051438 0.367631 0.000053
 0.000053 0.000079 0.000079 0.999790
 0.000053 0.000079 0.107363 0.892505
 0.183192 0.000079 0.655369 0.161360
 0.072684 0.518427 0.059915 0.348974
 0.348974 0.059915 0.518427 0.072684
 0.161360 0.655369 0.000079 0.183192
 0.892505 0.107363 0.000079 0.000053
 0.999790 0.000079 0.000079 0.000053
 0.000053 0.367631 0.051438 0.580877

MOTIF 20-CGTTTCCT STREME-20
letter-probability matrix: alength= 4 w= 8 nsites= 1543 E= 4.4e-004
 0.027871 0.907618 0.064215 0.000297
 0.185442 0.000441 0.813820 0.000297
 0.012951 0.038719 0.015821 0.932508
 0.000700 0.026217 0.054003 0.919081
 0.055480 0.010113 0.004825 0.929581
 0.012277 0.935560 0.044746 0.007417
 0.010520 0.983180 0.001471 0.004829
 0.037020 0.050737 0.156428 0.755815

MOTIF 21-AAAKCAAAS STREME-21
letter-probability matrix: alength= 4 w= 9 nsites= 2431 E= 6.8e-004
 0.983220 0.000154 0.016522 0.000104
 0.682765 0.048672 0.238853 0.029710
 0.816207 0.038289 0.069729 0.075775
 0.035884 0.009277 0.533817 0.421021
 0.064615 0.776010 0.099289 0.060086
 0.949757 0.000154 0.049985 0.000104
 0.989156 0.000154 0.000154 0.010536
 0.961303 0.022634 0.000154 0.015909
 0.021397 0.298529 0.586523 0.093551

MOTIF 22-ARNTCTCGCGAGANYT STREME-22
letter-probability matrix: alength= 4 w= 16 nsites= 185 E= 9.8e-004
 0.547207 0.134211 0.159330 0.159252
 0.435566 0.162121 0.377032 0.025281
 0.329505 0.201196 0.198405 0.270893
 0.002953 0.111883 0.003032 0.882133
 0.150878 0.806853 0.036524 0.005744
 0.022490 0.070017 0.016987 0.890506
 0.000162 0.999435 0.000241 0.000162
 0.036446 0.000241 0.963152 0.000162
 0.000162 0.963152 0.000241 0.036446
 0.000162 0.000241 0.999435 0.000162
 0.890506 0.016987 0.070017 0.022490
 0.005744 0.036524 0.806853 0.150878
 0.882133 0.003032 0.111883 0.002953
 0.270893 0.198405 0.201196 0.329505
 0.025281 0.377032 0.162121 0.435566
 0.159252 0.159330 0.134211 0.547207

MOTIF 23-CTCGGCTCACTGCA STREME-23
letter-probability matrix: alength= 4 w= 14 nsites= 131 E= 9.8e-004
 0.009427 0.989912 0.000395 0.000266
 0.311773 0.009556 0.000395 0.678276
 0.036911 0.678406 0.009556 0.275127
 0.265981 0.000395 0.705874 0.027750
 0.046073 0.000395 0.916622 0.036911
 0.000266 0.980751 0.018717 0.000266
 0.000266 0.000395 0.000395 0.998944
 0.000266 0.944106 0.000395 0.055233
 0.943977 0.009556 0.037040 0.009427
 0.009427 0.916623 0.000395 0.073555
 0.009427 0.037040 0.009556 0.943977
 0.009427 0.000395 0.989912 0.000266
 0.027750 0.934944 0.000395 0.036911
 0.998944 0.000395 0.000395 0.000266

MOTIF 24-RTGASTCAY STREME-24
letter-probability matrix: alength= 4 w= 9 nsites= 661 E= 2.0e-003
 0.483310 0.207310 0.298205 0.011175
 0.000106 0.002716 0.000157 0.997022
 0.002231 0.006669 0.946117 0.044982
 0.923851 0.070566 0.000157 0.005426
 0.031059 0.468941 0.468941 0.031059
 0.005426 0.000157 0.070566 0.923851
 0.044982 0.946117 0.006669 0.002231
 0.997022 0.000157 0.002716 0.000106
 0.011175 0.298205 0.207310 0.483310

MOTIF 25-GGGARGRG STREME-25
letter-probability matrix: alength= 4 w= 8 nsites= 6435 E= 2.2e-003
 0.195359 0.021921 0.782621 0.000099
 0.006128 0.000147 0.993627 0.000099
 0.000099 0.000147 0.974253 0.025502
 0.948630 0.000147 0.000147 0.051077
 0.602773 0.000993 0.396135 0.000099
 0.000099 0.000147 0.999656 0.000099
 0.528407 0.025223 0.337109 0.109261
 0.160745 0.000147 0.839010 0.000099

MOTIF 26-AAAAAAAAAAAAABA STREME-26
letter-probability matrix: alength= 4 w= 15 nsites= 445 E= 4.6e-003
 0.944096 0.005740 0.006526 0.043638
 0.986419 0.010734 0.000114 0.002732
 0.922700 0.039939 0.010734 0.026627
 0.841651 0.050563 0.046640 0.061146
 0.715935 0.082419 0.035140 0.166506
 0.846151 0.077113 0.013389 0.063346
 0.759112 0.186125 0.020171 0.034592
 0.893494 0.071800 0.021354 0.013352
 0.853155 0.067004 0.042594 0.037246
 0.930665 0.050559 0.002769 0.016007
 0.951240 0.037948 0.002770 0.008042
 0.929420 0.029462 0.022456 0.018662
 0.637727 0.044797 0.029791 0.287684
 0.110202 0.195037 0.360883 0.333879
 0.881217 0.050529 0.001216 0.067038

MOTIF 27-RTTGCAACA STREME-27
letter-probability matrix: alength= 4 w= 9 nsites= 139 E= 8.9e-003
 0.448219 0.000909 0.550259 0.000612
 0.000612 0.000909 0.000909 0.997569
 0.000612 0.000909 0.000909 0.997569
 0.000612 0.000909 0.997866 0.000612
 0.000612 0.997866 0.000909 0.000612
 0.997569 0.000909 0.000909 0.000612
 0.695856 0.000909 0.000909 0.302325
 0.000612 0.975367 0.000909 0.023111
 0.997569 0.000909 0.000909 0.000612

MOTIF 28-CACACACACACAC STREME-28
letter-probability matrix: alength= 4 w= 13 nsites= 392 E= 1.2e-002
 0.003842 0.716022 0.051413 0.228723
 0.999633 0.000137 0.000137 0.000092
 0.092576 0.788306 0.000137 0.118981
 0.704247 0.003319 0.292342 0.000092
 0.044113 0.619874 0.056296 0.279717
 0.837721 0.000137 0.139638 0.022504
 0.029860 0.913717 0.000137 0.056285
 0.843263 0.000137 0.156508 0.000092
 0.023686 0.723117 0.089804 0.163392
 0.946482 0.000137 0.031087 0.022293
 0.089869 0.809161 0.036459 0.064510
 0.796052 0.014115 0.114343 0.075490
 0.100290 0.764852 0.000137 0.134721

MOTIF 29-CCCAGCCCCGG STREME-29
letter-probability matrix: alength= 4 w= 11 nsites= 1731 E= 1.5e-002
 0.027991 0.883550 0.000077 0.088382
 0.000052 0.906784 0.093113 0.000052
 0.000345 0.729102 0.177624 0.092929
 0.909621 0.000077 0.044593 0.045709
 0.078876 0.057038 0.841783 0.022303
 0.019464 0.882702 0.000077 0.097757
 0.041745 0.934135 0.006480 0.017640
 0.010884 0.814248 0.002812 0.172056
 0.105318 0.792457 0.072821 0.029404
 0.112567 0.083210 0.801773 0.002450
 0.134517 0.230113 0.551105 0.084265

MOTIF 30-GGCRCGGTGGCTCAC STREME-30
letter-probability matrix: alength= 4 w= 15 nsites= 160 E= 1.6e-002
 0.048423 0.000297 0.944191 0.007089
 0.013978 0.000297 0.964858 0.020867
 0.013978 0.751290 0.007186 0.227546
 0.358456 0.014075 0.606602 0.020867
 0.027756 0.703066 0.000297 0.268881
 0.234437 0.000297 0.716841 0.048425
 0.000200 0.000297 0.999303 0.000200
 0.000200 0.000297 0.000297 0.999206
 0.000200 0.000297 0.999303 0.000200
 0.000200 0.014075 0.985525 0.000200
 0.007089 0.930412 0.000297 0.062202
 0.000200 0.007186 0.096745 0.895869
 0.000200 0.971747 0.007186 0.020867
 0.985428 0.000297 0.000297 0.013978
 0.000200 0.682398 0.007186 0.310216

MOTIF 31-CTCCCTCCCTCCCTC STREME-31
letter-probability matrix: alength= 4 w= 15 nsites= 245 E= 2.8e-002
 0.000158 0.920848 0.022046 0.056948
 0.000158 0.000235 0.092931 0.906675
 0.032874 0.906753 0.060215 0.000158
 0.011064 0.663150 0.163355 0.162431
 0.016516 0.964469 0.013403 0.005611
 0.011064 0.000235 0.122458 0.866243
 0.032874 0.909479 0.057488 0.000158
 0.005611 0.672090 0.117469 0.204829
 0.016516 0.928563 0.049309 0.005611
 0.016516 0.011140 0.035214 0.937129
 0.021969 0.928563 0.043857 0.005611
 0.011064 0.606545 0.147459 0.234932
 0.016516 0.857678 0.043856 0.081949
 0.038327 0.075647 0.121531 0.764495
 0.005611 0.950374 0.011140 0.032875

MOTIF 32-AATSATTAACYA STREME-32
letter-probability matrix: alength= 4 w= 12 nsites= 272 E= 2.9e-002
 0.853869 0.000196 0.050249 0.095686
 0.909936 0.048783 0.032048 0.009232
 0.229957 0.022947 0.004746 0.742349
 0.109337 0.446970 0.246012 0.197680
 0.990375 0.000196 0.000196 0.009232
 0.027433 0.009296 0.038909 0.924361
 0.011997 0.018397 0.027498 0.942108
 0.942983 0.000196 0.000196 0.056625
 0.881170 0.059349 0.059349 0.000132
 0.018333 0.958588 0.013847 0.009232
 0.167717 0.492472 0.018397 0.321414
 0.667307 0.073000 0.073000 0.186693

MOTIF 33-YCAGGAGTTCRAGRC STREME-33
letter-probability matrix: alength= 4 w= 15 nsites= 160 E= 3.2e-002
 0.000192 0.524265 0.020078 0.455466
 0.019985 0.979539 0.000284 0.000192
 0.959653 0.000284 0.000284 0.039778
 0.059572 0.013480 0.926757 0.000192
 0.092561 0.013480 0.893768 0.000192
 0.972849 0.000284 0.006882 0.019985
 0.072768 0.026676 0.880572 0.019985
 0.138750 0.049207 0.046469 0.765574
 0.000192 0.006882 0.013480 0.979446
 0.046376 0.699685 0.059665 0.194274
 0.521444 0.000284 0.464884 0.013387
 0.992642 0.000284 0.000284 0.006789
 0.000192 0.006882 0.986137 0.006789
 0.620412 0.000284 0.372514 0.006789
 0.052974 0.768408 0.006882 0.171736

MOTIF 34-CATGGCGGCGGC STREME-34
letter-probability matrix: alength= 4 w= 12 nsites= 189 E= 3.2e-002
 0.007288 0.949708 0.007387 0.035617
 0.999184 0.000305 0.000305 0.000206
 0.000206 0.000305 0.000305 0.999184
 0.000206 0.155001 0.792071 0.052722
 0.025414 0.000305 0.959911 0.014370
 0.000206 0.919642 0.000305 0.079847
 0.014370 0.000305 0.883027 0.102298
 0.295257 0.055690 0.605694 0.043358
 0.000206 0.941261 0.000305 0.058229
 0.036276 0.316715 0.646804 0.000206
 0.112318 0.098546 0.566278 0.222858
 0.009409 0.819943 0.014470 0.156179

MOTIF 35-CAGGAAG STREME-35
letter-probability matrix: alength= 4 w= 7 nsites= 951 E= 4.0e-002
 0.018291 0.936255 0.027164 0.018291
 0.927382 0.027164 0.027164 0.018291
 0.018291 0.027164 0.936255 0.018291
 0.018291 0.027164 0.936255 0.018291
 0.927382 0.027164 0.027164 0.018291
 0.927382 0.027164 0.027164 0.018291
 0.018291 0.027164 0.936255 0.018291

MOTIF 36-AGAGGAAGCAG STREME-36
letter-probability matrix: alength= 4 w= 11 nsites= 625 E= 5.0e-002
 0.841070 0.026123 0.031277 0.101530
 0.022182 0.107833 0.818949 0.051037
 0.956058 0.007262 0.009544 0.027136
 0.070356 0.060106 0.828796 0.040742
 0.013229 0.026895 0.908531 0.051345
 0.849886 0.088717 0.003170 0.058227
 0.804216 0.135414 0.025035 0.035336
 0.007598 0.033896 0.945652 0.012853
 0.037171 0.797629 0.077735 0.087466
 0.688744 0.066510 0.104188 0.140558
 0.069013 0.020875 0.804600 0.105511

MOTIF 37-CCCAGC STREME-37
letter-probability matrix: alength= 4 w= 6 nsites= 5257 E= 8.4e-002
 0.018291 0.936255 0.027164 0.018291
 0.018291 0.936255 0.027164 0.018291
 0.018291 0.936255 0.027164 0.018291
 0.927382 0.027164 0.027164 0.018291
 0.018291 0.027164 0.936255 0.018291
 0.018291 0.936255 0.027164 0.018291

MOTIF 38-AGTGCAGTGGCRYGA STREME-38
letter-probability matrix: alength= 4 w= 15 nsites= 90 E= 1.3e-001
 0.984542 0.000598 0.000598 0.014263
 0.097427 0.000598 0.887712 0.014263
 0.000402 0.014458 0.028319 0.956821
 0.069705 0.028319 0.901573 0.000402
 0.000402 0.943155 0.014458 0.041984
 0.915239 0.000598 0.083761 0.000402
 0.111288 0.000598 0.887712 0.000402
 0.000402 0.042179 0.000598 0.956821
 0.000402 0.000598 0.998598 0.000402
 0.000402 0.000598 0.998598 0.000402
 0.000402 0.652073 0.042179 0.305345
 0.471678 0.000598 0.513462 0.014263
 0.041985 0.555051 0.014458 0.388506
 0.069705 0.097624 0.832268 0.000402
 0.998403 0.000598 0.000598 0.000402

MOTIF 39-ACTGCTGTGCTAGCA STREME-39
letter-probability matrix: alength= 4 w= 15 nsites= 52 E= 2.6e-001
 0.942470 0.019263 0.019263 0.019003
 0.037470 0.905796 0.037730 0.019003
 0.019003 0.019263 0.037730 0.924003
 0.037470 0.019263 0.905796 0.037470
 0.019003 0.924263 0.019263 0.037470
 0.019003 0.037730 0.037730 0.905536
 0.019003 0.000796 0.942730 0.037470
 0.037470 0.167003 0.000796 0.794731
 0.074407 0.000796 0.868859 0.055938
 0.000536 0.942730 0.019263 0.037470
 0.037470 0.000796 0.019263 0.942470
 0.794726 0.000796 0.185475 0.019003
 0.037470 0.019263 0.942730 0.000536
 0.037470 0.942730 0.000796 0.019003
 0.960937 0.019263 0.000796 0.019003

MOTIF 40-CAAGGTCA STREME-40
letter-probability matrix: alength= 4 w= 8 nsites= 1701 E= 3.3e-001
 0.003842 0.905506 0.064966 0.025686
 0.905948 0.030756 0.035806 0.027490
 0.862487 0.002754 0.123745 0.011014
 0.059512 0.092979 0.837318 0.010192
 0.000462 0.004385 0.994346 0.000807
 0.050328 0.131086 0.007973 0.810612
 0.014997 0.878982 0.041403 0.064618
 0.881336 0.060059 0.040932 0.017673

MOTIF 41-GTTGCTA STREME-41
letter-probability matrix: alength= 4 w= 7 nsites= 355 E= 3.5e-001
 0.018291 0.027164 0.936255 0.018291
 0.018291 0.027164 0.027164 0.927382
 0.018291 0.027164 0.027164 0.927382
 0.018291 0.027164 0.936255 0.018291
 0.018291 0.936255 0.027164 0.018291
 0.018291 0.027164 0.027164 0.927382
 0.927382 0.027164 0.027164 0.018291

MOTIF 42-CGACTCC STREME-42
letter-probability matrix: alength= 4 w= 7 nsites= 1201 E= 3.7e-001
 0.000803 0.997203 0.001192 0.000803
 0.000803 0.001192 0.997203 0.000803
 0.996814 0.001192 0.001192 0.000803
 0.000803 0.997203 0.001192 0.000803
 0.000803 0.001192 0.077832 0.920173
 0.185648 0.620094 0.001192 0.193066
 0.000803 0.850254 0.148141 0.000803

MOTIF 43-GAAASYGAAAS STREME-43
letter-probability matrix: alength= 4 w= 11 nsites= 219 E= 3.8e-001
 0.197950 0.000380 0.699337 0.102333
 0.998984 0.000380 0.000380 0.000256
 0.998984 0.000380 0.000380 0.000256
 0.991665 0.007699 0.000380 0.000256
 0.000256 0.468557 0.530931 0.000256
 0.153433 0.307370 0.000380 0.538816
 0.000256 0.000380 0.999108 0.000256
 0.998984 0.000380 0.000380 0.000256
 0.927624 0.000380 0.000380 0.071616
 0.998984 0.000380 0.000380 0.000256
 0.000256 0.395820 0.480801 0.123123

MOTIF 44-GGATTCGAACCCRSG STREME-44
letter-probability matrix: alength= 4 w= 15 nsites= 101 E= 4.2e-001
 0.067387 0.000362 0.923615 0.008637
 0.042208 0.000362 0.948794 0.008637
 0.705277 0.017148 0.218580 0.058995
 0.226860 0.134651 0.075898 0.562591
 0.000244 0.008755 0.017148 0.973854
 0.008637 0.755752 0.000362 0.235250
 0.008637 0.000362 0.990758 0.000244
 0.990640 0.000362 0.008755 0.000244
 0.940282 0.000362 0.033933 0.025423
 0.000244 0.940400 0.025541 0.033816
 0.000244 0.982365 0.017148 0.000244
 0.075780 0.646644 0.092685 0.184891
 0.310796 0.025540 0.579489 0.084175
 0.000244 0.428419 0.545915 0.025422
 0.168104 0.008755 0.814505 0.008637

MOTIF 45-ACCCCCACCCC STREME-45
letter-probability matrix: alength= 4 w= 11 nsites= 218 E= 4.7e-001
 0.950002 0.000168 0.000168 0.049662
 0.007410 0.918158 0.000168 0.074263
 0.027804 0.913938 0.052805 0.005452
 0.166466 0.786489 0.029751 0.017294
 0.048100 0.872566 0.076681 0.002653
 0.099663 0.621107 0.155500 0.123730
 0.999550 0.000168 0.000168 0.000113
 0.065800 0.864562 0.000168 0.069470
 0.117788 0.737414 0.123700 0.021099
 0.156280 0.718136 0.087458 0.038126
 0.065912 0.888793 0.016781 0.028514

MOTIF 46-CCAATRGGAASC STREME-46
letter-probability matrix: alength= 4 w= 12 nsites= 111 E= 7.4e-001
 0.025499 0.974044 0.000273 0.000184
 0.012841 0.986702 0.000273 0.000184
 0.999271 0.000273 0.000273 0.000184
 0.973955 0.000273 0.025588 0.000184
 0.000184 0.000273 0.019260 0.980284
 0.605379 0.015557 0.363596 0.015468
 0.052033 0.006602 0.941182 0.000184
 0.030754 0.068815 0.887590 0.012841
 0.728085 0.090260 0.100273 0.081383
 0.682411 0.038246 0.279159 0.000184
 0.151003 0.274495 0.464383 0.110119
 0.143264 0.618892 0.130069 0.107775

MOTIF 47-TCCCGGGA STREME-47
letter-probability matrix: alength= 4 w= 8 nsites= 1445 E= 7.5e-001
 0.077020 0.009233 0.130668 0.783079
 0.004507 0.918100 0.047802 0.029591
 0.034799 0.949170 0.004675 0.011355
 0.000649 0.947004 0.001630 0.050716
 0.050716 0.001630 0.947004 0.000649
 0.011355 0.004675 0.949170 0.034799
 0.029591 0.047802 0.918100 0.004507
 0.783079 0.130668 0.009233 0.077020

MOTIF 48-AACCATAGAGA STREME-48
letter-probability matrix: alength= 4 w= 11 nsites= 91 E= 1.0e+000
 0.764099 0.072068 0.149669 0.014163
 0.943355 0.000593 0.055652 0.000400
 0.000400 0.998608 0.000593 0.000400
 0.014163 0.984844 0.000593 0.000400
 0.998414 0.000593 0.000593 0.000400
 0.027928 0.238555 0.000593 0.732924
 0.844352 0.154655 0.000593 0.000400
 0.027928 0.014357 0.957315 0.000400
 0.998414 0.000593 0.000593 0.000400
 0.041693 0.028122 0.872076 0.058110
 0.791942 0.000593 0.014357 0.193107

MOTIF 49-CTACTCAAGCCTCAG STREME-49
letter-probability matrix: alength= 4 w= 15 nsites= 41 E= 1.0e+000
 0.000850 0.909186 0.030546 0.059418
 0.000850 0.059830 0.001262 0.938058
 0.967341 0.001262 0.030546 0.000850
 0.000850 0.967754 0.001262 0.030134
 0.000850 0.001262 0.059830 0.938058
 0.000850 0.938470 0.030546 0.030134
 0.938058 0.001262 0.059830 0.000850
 0.967341 0.001262 0.001262 0.030134
 0.000850 0.059830 0.938470 0.000850
 0.000850 0.967754 0.001262 0.030134
 0.000850 0.909183 0.001262 0.088705
 0.030134 0.001262 0.001262 0.967341
 0.000850 0.967754 0.030546 0.000850
 0.938058 0.001262 0.030546 0.030134
 0.030134 0.030546 0.938470 0.000850

MOTIF 50-CTGGGTGGAGCCCAC STREME-50
letter-probability matrix: alength= 4 w= 15 nsites= 33 E= 1.0e+000
 0.018291 0.936255 0.027164 0.018291
 0.018291 0.027164 0.027164 0.927382
 0.018291 0.027164 0.936255 0.018291
 0.018291 0.027164 0.936255 0.018291
 0.018291 0.027164 0.936255 0.018291
 0.018291 0.027164 0.027164 0.927382
 0.018291 0.027164 0.936255 0.018291
 0.018291 0.027164 0.936255 0.018291
 0.927382 0.027164 0.027164 0.018291
 0.018291 0.027164 0.936255 0.018291
 0.018291 0.936255 0.027164 0.018291
 0.018291 0.936255 0.027164 0.018291
 0.018291 0.936255 0.027164 0.018291
 0.927382 0.027164 0.027164 0.018291
 0.018291 0.936255 0.027164 0.018291

MOTIF 51-RTCAATA STREME-51
letter-probability matrix: alength= 4 w= 7 nsites= 410 E= 1.3e+000
 0.445777 0.001046 0.552473 0.000704
 0.000704 0.001046 0.001046 0.997203
 0.000704 0.997545 0.001046 0.000704
 0.976535 0.001046 0.021714 0.000704
 0.997203 0.001046 0.001046 0.000704
 0.000704 0.001046 0.001046 0.997203
 0.997203 0.001046 0.001046 0.000704

MOTIF 52-CTGCAGCCGC STREME-52
letter-probability matrix: alength= 4 w= 10 nsites= 782 E= 1.3e+000
 0.037005 0.903004 0.032726 0.027264
 0.000220 0.055987 0.000327 0.943466
 0.018990 0.000327 0.980463 0.000220
 0.014231 0.985222 0.000327 0.000220
 0.942627 0.000327 0.056826 0.000220
 0.055374 0.075135 0.869271 0.000220
 0.027822 0.931384 0.018399 0.022395
 0.061231 0.795180 0.071656 0.071933
 0.210159 0.073807 0.715815 0.000220
 0.014230 0.933432 0.052118 0.000220

MOTIF 53-CACTCACC STREME-53
letter-probability matrix: alength= 4 w= 8 nsites= 407 E= 1.6e+000
 0.000616 0.798625 0.000915 0.199843
 0.997553 0.000915 0.000915 0.000616
 0.000616 0.997852 0.000915 0.000616
 0.000616 0.000915 0.000915 0.997553
 0.018925 0.979543 0.000915 0.000616
 0.997553 0.000915 0.000915 0.000616
 0.000616 0.997852 0.000915 0.000616
 0.000616 0.997852 0.000915 0.000616

MOTIF 54-CGGTGAC STREME-54
letter-probability matrix: alength= 4 w= 7 nsites= 495 E= 1.8e+000
 0.018291 0.936255 0.027164 0.018291
 0.018291 0.027164 0.936255 0.018291
 0.018291 0.027164 0.936255 0.018291
 0.018291 0.027164 0.027164 0.927382
 0.018291 0.027164 0.936255 0.018291
 0.927382 0.027164 0.027164 0.018291
 0.018291 0.936255 0.027164 0.018291

MOTIF 55-CCGGAAGC STREME-55
letter-probability matrix: alength= 4 w= 8 nsites= 341 E= 2.0e+000
 0.018291 0.936255 0.027164 0.018291
 0.018291 0.936255 0.027164 0.018291
 0.018291 0.027164 0.936255 0.018291
 0.018291 0.027164 0.936255 0.018291
 0.927382 0.027164 0.027164 0.018291
 0.927382 0.027164 0.027164 0.018291
 0.018291 0.027164 0.936255 0.018291
 0.018291 0.936255 0.027164 0.018291

MOTIF 56-CTTAAAGGGGCCG STREME-56
letter-probability matrix: alength= 4 w= 13 nsites= 60 E= 2.1e+000
 0.000538 0.990427 0.000800 0.008236
 0.000538 0.000800 0.000800 0.997863
 0.000538 0.000800 0.019346 0.979316
 0.997863 0.000800 0.000800 0.000538
 0.979316 0.019346 0.000800 0.000538
 0.997863 0.000800 0.000800 0.000538
 0.000538 0.000800 0.998124 0.000538
 0.111823 0.106110 0.781529 0.000538
 0.105850 0.074988 0.818623 0.000538
 0.130368 0.124658 0.744435 0.000538
 0.037632 0.886843 0.037894 0.037632
 0.198588 0.781528 0.000800 0.019085
 0.000538 0.093536 0.886841 0.019085

MOTIF 57-AGGGGGCGCTG STREME-57
letter-probability matrix: alength= 4 w= 11 nsites= 50 E= 2.1e+000
 0.995153 0.001813 0.001813 0.001221
 0.001221 0.001813 0.995745 0.001221
 0.001221 0.001813 0.995745 0.001221
 0.001221 0.001813 0.995745 0.001221
 0.001221 0.001813 0.995745 0.001221
 0.001221 0.001813 0.878380 0.118586
 0.001221 0.995745 0.001813 0.001221
 0.001221 0.001813 0.995745 0.001221
 0.118586 0.878380 0.001813 0.001221
 0.001221 0.001813 0.001813 0.995153
 0.001221 0.001813 0.995745 0.001221

MOTIF 58-CCCGCCCC STREME-58
letter-probability matrix: alength= 4 w= 8 nsites= 687 E= 2.2e+000
 0.018291 0.936255 0.027164 0.018291
 0.018291 0.936255 0.027164 0.018291
 0.018291 0.936255 0.027164 0.018291
 0.018291 0.027164 0.936255 0.018291
 0.018291 0.936255 0.027164 0.018291
 0.018291 0.936255 0.027164 0.018291
 0.018291 0.936255 0.027164 0.018291
 0.018291 0.936255 0.027164 0.018291

MOTIF 59-ACAAAG STREME-59
letter-probability matrix: alength= 4 w= 6 nsites= 1932 E= 2.4e+000
 0.927382 0.027164 0.027164 0.018291
 0.018291 0.936255 0.027164 0.018291
 0.927382 0.027164 0.027164 0.018291
 0.927382 0.027164 0.027164 0.018291
 0.927382 0.027164 0.027164 0.018291
 0.018291 0.027164 0.936255 0.018291

MOTIF 60-CACGTGGC STREME-60
letter-probability matrix: alength= 4 w= 8 nsites= 587 E= 2.9e+000
 0.021754 0.873974 0.103283 0.000990
 0.998503 0.000560 0.000560 0.000377
 0.000377 0.998686 0.000560 0.000377
 0.000377 0.000560 0.998686 0.000377
 0.000377 0.000560 0.000560 0.998503
 0.042390 0.013549 0.839650 0.104411
 0.179414 0.017158 0.775690 0.027738
 0.144888 0.566500 0.044670 0.243943

MOTIF 61-AATGAATGAATGAAT STREME-61
letter-probability matrix: alength= 4 w= 15 nsites= 128 E= 3.0e+000
 0.832534 0.035421 0.096747 0.035298
 0.604753 0.184355 0.140551 0.070341
 0.070341 0.079225 0.061704 0.788730
 0.114145 0.017899 0.832658 0.035298
 0.972708 0.009139 0.009139 0.009015
 0.937664 0.026660 0.035421 0.000254
 0.052819 0.000378 0.026660 0.920143
 0.026537 0.044182 0.902745 0.026537
 0.902621 0.017899 0.070464 0.009015
 0.815012 0.017899 0.140551 0.026537
 0.044058 0.035421 0.026660 0.893860
 0.079102 0.061704 0.806375 0.052819
 0.744926 0.044182 0.184355 0.026537
 0.631035 0.087986 0.175594 0.105384
 0.245558 0.131790 0.114269 0.508383

MOTIF 62-AGCAGCAGCTG STREME-62
letter-probability matrix: alength= 4 w= 11 nsites= 1452 E= 3.1e+000
 0.891367 0.029750 0.050499 0.028384
 0.048516 0.060013 0.842679 0.048792
 0.039983 0.871922 0.025213 0.062882
 0.866874 0.040160 0.058789 0.034177
 0.055463 0.036717 0.851471 0.056349
 0.041067 0.858430 0.053937 0.046565
 0.857520 0.068195 0.038710 0.035574
 0.038684 0.065072 0.841875 0.054369
 0.060504 0.790316 0.098379 0.050801
 0.066856 0.125396 0.079076 0.728672
 0.099012 0.092916 0.718961 0.089111

MOTIF 63-CTCGGC STREME-63
letter-probability matrix: alength= 4 w= 6 nsites= 2847 E= 3.3e+000
 0.018291 0.936255 0.027164 0.018291
 0.018291 0.027164 0.027164 0.927382
 0.018291 0.936255 0.027164 0.018291
 0.018291 0.027164 0.936255 0.018291
 0.018291 0.027164 0.936255 0.018291
 0.018291 0.936255 0.027164 0.018291

MOTIF 64-CCCACAATGCMCCGC STREME-64
letter-probability matrix: alength= 4 w= 15 nsites= 81 E= 4.1e+000
 0.013002 0.986087 0.000545 0.000367
 0.000367 0.998722 0.000545 0.000367
 0.000367 0.998722 0.000545 0.000367
 0.985909 0.000545 0.013180 0.000367
 0.013002 0.670210 0.316422 0.000367
 0.935369 0.013180 0.000545 0.050907
 0.796383 0.013180 0.177436 0.013002
 0.000367 0.013180 0.025815 0.960639
 0.038272 0.139532 0.821830 0.000367
 0.000367 0.998722 0.000545 0.000367
 0.505774 0.329058 0.025815 0.139352
 0.000367 0.771291 0.051084 0.177258
 0.038272 0.809196 0.000545 0.151987
 0.000367 0.025815 0.922912 0.050907
 0.000367 0.720749 0.215342 0.063543

MOTIF 65-GAGATRA STREME-65
letter-probability matrix: alength= 4 w= 7 nsites= 1528 E= 1.1e+001
 0.000410 0.000609 0.957448 0.041534
 0.998373 0.000609 0.000609 0.000410
 0.000410 0.000609 0.998572 0.000410
 0.688058 0.000609 0.310924 0.000410
 0.000410 0.000609 0.000609 0.998373
 0.481789 0.000609 0.517192 0.000410
 0.998373 0.000609 0.000609 0.000410

MOTIF 66-CCCACCTCC STREME-66
letter-probability matrix: alength= 4 w= 9 nsites= 1099 E= 2.0e+001
 0.052522 0.940657 0.006392 0.000429
 0.000429 0.998093 0.001050 0.000429
 0.006534 0.918638 0.005909 0.068919
 0.998299 0.000636 0.000636 0.000429
 0.033108 0.900103 0.000636 0.066152
 0.093901 0.870428 0.012154 0.023517
 0.082508 0.074417 0.049581 0.793495
 0.017725 0.850703 0.076779 0.054792
 0.075801 0.833029 0.050636 0.040534

********************************************************************************
Stopped because 3 consecutive motifs exceeded the p-value threshold (0.05).
********************************************************************************
COMMAND:	streme --verbosity 1 --oc meme_out_incomplete_DL/HepG2_KMT2B-human_ENCFF036WCY/streme_out -dna --seed 0 --p meme_out_incomplete_DL/HepG2_KMT2B-human_ENCFF036WCY/seqs-centered --minw 6 --maxw 15 --time 6177 --order 2 --thresh 0.05 --align center --totallength 4000000 --parse-genomic-coord
********************************************************************************
CPU:		9f05ee173ae9
********************************************************************************
FINALTIME:	3967.03 seconds
********************************************************************************
