********************************************************************************
STREME - Sensitive, Thorough, Rapid, Enriched Motif Elicitation
********************************************************************************
MEME version 5.5.3 (Release date: Sat Jun 10 16:19:38 2023 -0700)

For further information on how to interpret these results please access http://localhost:8080/meme_5.5.3.
To get a copy of the MEME Suite software please access https://meme-suite.org.

********************************************************************************


********************************************************************************
REFERENCE
********************************************************************************
If you use this program in your research, please cite:

Timothy L. Bailey,
"STREME: accurate and versatile sequence motif discovery",
Bioinformatics, Mar. 24, 2021.
********************************************************************************


ALPHABET= ACGT

strands: + -

Background letter frequencies
A 0.22 C 0.28 G 0.28 T 0.22 

MOTIF 1-WWTRTTTACWT STREME-1
letter-probability matrix: alength= 4 w= 11 nsites= 4751 E= 8.1e-050
 0.401470 0.133254 0.138861 0.326415
 0.396046 0.120711 0.166539 0.316704
 0.000011 0.001094 0.000015 0.998880
 0.469926 0.000015 0.530048 0.000011
 0.001601 0.000015 0.000015 0.998370
 0.000011 0.000015 0.000015 0.999959
 0.010245 0.000015 0.132987 0.856753
 0.708248 0.000015 0.291726 0.000011
 0.024976 0.655245 0.000015 0.319765
 0.293500 0.174570 0.000015 0.531915
 0.135750 0.231286 0.124264 0.508700

MOTIF 2-CAAAGKYCA STREME-2
letter-probability matrix: alength= 4 w= 9 nsites= 4546 E= 4.8e-033
 0.000027 0.874102 0.000034 0.125838
 0.721095 0.256962 0.021916 0.000027
 0.827683 0.000034 0.158831 0.013452
 0.964469 0.000034 0.035471 0.000027
 0.000027 0.000034 0.999913 0.000027
 0.036457 0.000034 0.449823 0.513686
 0.029444 0.401259 0.050531 0.518766
 0.000027 0.979369 0.000034 0.020570
 0.949251 0.000034 0.000034 0.050681

MOTIF 3-GCCCCGCCCCCN STREME-3
letter-probability matrix: alength= 4 w= 12 nsites= 2866 E= 2.3e-025
 0.113469 0.014019 0.663329 0.209183
 0.006637 0.957124 0.000025 0.036213
 0.056671 0.909776 0.000025 0.033528
 0.084673 0.915282 0.000025 0.000020
 0.000020 0.999935 0.000025 0.000020
 0.107385 0.000025 0.751673 0.140917
 0.007982 0.991972 0.000025 0.000020
 0.000020 0.999935 0.000025 0.000020
 0.000020 0.881627 0.000025 0.118327
 0.158511 0.740844 0.000025 0.100619
 0.048286 0.585895 0.169938 0.195881
 0.199770 0.319964 0.207357 0.272909

MOTIF 4-AGRKGGCG STREME-4
letter-probability matrix: alength= 4 w= 8 nsites= 3610 E= 1.4e-017
 0.983238 0.016631 0.000073 0.000058
 0.000058 0.000073 0.999811 0.000058
 0.624741 0.000073 0.375128 0.000058
 0.000058 0.000073 0.441674 0.558195
 0.000058 0.000073 0.999811 0.000058
 0.037036 0.000073 0.962833 0.000058
 0.000058 0.999811 0.000073 0.000058
 0.206989 0.000073 0.792880 0.000058

MOTIF 5-RTGASTCAY STREME-5
letter-probability matrix: alength= 4 w= 9 nsites= 1186 E= 2.1e-016
 0.405329 0.188395 0.398965 0.007312
 0.000061 0.000078 0.000078 0.999783
 0.000061 0.000078 0.949375 0.050486
 0.963713 0.000580 0.035646 0.000061
 0.044703 0.455297 0.455297 0.044703
 0.000061 0.035646 0.000580 0.963713
 0.050486 0.949375 0.000078 0.000061
 0.999783 0.000078 0.000078 0.000061
 0.007312 0.398965 0.188395 0.405329

MOTIF 6-ACTACAWYTCCCAGM STREME-6
letter-probability matrix: alength= 4 w= 15 nsites= 647 E= 3.0e-016
 0.997961 0.001907 0.000074 0.000058
 0.005556 0.994311 0.000074 0.000058
 0.000058 0.034897 0.000074 0.964971
 0.915485 0.029399 0.029399 0.025717
 0.000058 0.999810 0.000074 0.000058
 0.885400 0.013664 0.091714 0.009222
 0.437065 0.099047 0.055058 0.408829
 0.053209 0.335509 0.093549 0.517733
 0.049544 0.025733 0.009238 0.915485
 0.003724 0.981482 0.000074 0.014720
 0.000058 0.994311 0.000074 0.005556
 0.001891 0.992479 0.000074 0.005556
 0.834837 0.001907 0.163198 0.000058
 0.067871 0.062391 0.790871 0.078867
 0.370328 0.418758 0.172367 0.038547

MOTIF 7-CACTTCCGGB STREME-7
letter-probability matrix: alength= 4 w= 10 nsites= 2315 E= 4.0e-016
 0.074595 0.717717 0.118062 0.089627
 0.856835 0.000066 0.137352 0.005747
 0.000052 0.956562 0.000066 0.043320
 0.000052 0.000066 0.000066 0.999816
 0.006588 0.000066 0.000066 0.993280
 0.000052 0.994148 0.000066 0.005734
 0.000052 0.999830 0.000066 0.000052
 0.000052 0.004666 0.791871 0.203411
 0.000052 0.154477 0.812774 0.032697
 0.016167 0.291151 0.246252 0.446430

MOTIF 8-DRTKRTGCAATC STREME-8
letter-probability matrix: alength= 4 w= 12 nsites= 1972 E= 3.7e-014
 0.437759 0.063889 0.255495 0.242858
 0.344427 0.132257 0.523293 0.000022
 0.000022 0.000029 0.000029 0.999920
 0.003861 0.000029 0.496966 0.499144
 0.420453 0.000029 0.373334 0.206185
 0.101213 0.183946 0.000029 0.714812
 0.081369 0.000029 0.918580 0.000022
 0.174381 0.607346 0.000029 0.218245
 0.962691 0.000029 0.037258 0.000022
 0.999920 0.000029 0.000029 0.000022
 0.000022 0.288940 0.000029 0.711009
 0.219256 0.485262 0.145545 0.149936

MOTIF 9-GCCTGTAATCCCAGC STREME-9
letter-probability matrix: alength= 4 w= 15 nsites= 469 E= 2.1e-012
 0.229513 0.007420 0.733702 0.029365
 0.017161 0.916768 0.004980 0.061091
 0.004959 0.968019 0.004980 0.022042
 0.002518 0.022064 0.004980 0.970439
 0.101154 0.002539 0.891348 0.004958
 0.002518 0.041588 0.012301 0.943593
 0.914305 0.022064 0.058672 0.004959
 0.705821 0.012301 0.274479 0.007399
 0.002518 0.030398 0.009861 0.957223
 0.014721 0.902123 0.012301 0.070855
 0.026923 0.899684 0.014742 0.058651
 0.002518 0.885039 0.002539 0.109904
 0.985082 0.002539 0.009861 0.002518
 0.075737 0.002539 0.916765 0.004958
 0.004958 0.943614 0.017183 0.034245

MOTIF 10-GCGCABGCGCA STREME-10
letter-probability matrix: alength= 4 w= 11 nsites= 700 E= 2.7e-009
 0.174874 0.000097 0.824953 0.000076
 0.000076 0.999750 0.000097 0.000076
 0.000076 0.000097 0.999750 0.000076
 0.000076 0.999750 0.000097 0.000076
 0.999729 0.000097 0.000097 0.000076
 0.047870 0.295691 0.322419 0.334020
 0.007639 0.000097 0.979805 0.012459
 0.000076 0.964356 0.000097 0.035471
 0.000076 0.000097 0.910850 0.088977
 0.005889 0.942518 0.016257 0.035336
 0.668838 0.078762 0.210508 0.041893

MOTIF 11-GAGGCBGAGGCRGGR STREME-11
letter-probability matrix: alength= 4 w= 15 nsites= 2221 E= 7.6e-009
 0.035287 0.013012 0.948106 0.003594
 0.734055 0.114077 0.109598 0.042270
 0.062505 0.013822 0.923656 0.000016
 0.037756 0.009222 0.951472 0.001550
 0.032913 0.873461 0.012414 0.081212
 0.048791 0.286527 0.280689 0.383993
 0.095738 0.005470 0.898265 0.000527
 0.574403 0.156191 0.215591 0.053815
 0.046996 0.013311 0.935375 0.004318
 0.044913 0.120648 0.815510 0.018930
 0.101051 0.562774 0.067110 0.269065
 0.293512 0.079416 0.478219 0.148852
 0.077966 0.043297 0.867987 0.010751
 0.090391 0.229335 0.665944 0.014329
 0.431305 0.163001 0.330110 0.075584

MOTIF 12-CCCHDCCCC STREME-12
letter-probability matrix: alength= 4 w= 9 nsites= 4209 E= 2.7e-008
 0.000085 0.999721 0.000109 0.000085
 0.000085 0.999721 0.000109 0.000085
 0.000085 0.999721 0.000109 0.000085
 0.360863 0.357660 0.000109 0.281369
 0.408070 0.000109 0.277626 0.314194
 0.000085 0.999721 0.000109 0.000085
 0.000085 0.999721 0.000109 0.000085
 0.000085 0.785838 0.000109 0.213968
 0.157753 0.603030 0.009254 0.229963

MOTIF 13-RTGAGCCACCGCGCC STREME-13
letter-probability matrix: alength= 4 w= 15 nsites= 271 E= 4.5e-007
 0.374418 0.025004 0.592167 0.008410
 0.000131 0.008446 0.004307 0.987116
 0.041525 0.004307 0.954036 0.000131
 0.937443 0.033283 0.000167 0.029107
 0.016689 0.000167 0.983012 0.000131
 0.000131 0.999570 0.000167 0.000131
 0.000131 0.991291 0.008446 0.000131
 0.985398 0.000167 0.006024 0.008410
 0.000131 0.974734 0.000167 0.024968
 0.037386 0.660116 0.008446 0.294051
 0.244366 0.008446 0.742918 0.004271
 0.012549 0.687376 0.000167 0.299907
 0.289910 0.020864 0.618724 0.070502
 0.012550 0.954037 0.012585 0.020828
 0.000131 0.908503 0.012585 0.078780

MOTIF 14-ARACYCYGTCTCWAM STREME-14
letter-probability matrix: alength= 4 w= 15 nsites= 276 E= 4.5e-007
 0.991807 0.007913 0.000157 0.000123
 0.329824 0.004035 0.658262 0.007880
 0.976294 0.000157 0.015670 0.007880
 0.015636 0.891006 0.004035 0.089323
 0.000123 0.654401 0.000157 0.345319
 0.007880 0.832831 0.015670 0.143619
 0.023392 0.411316 0.015670 0.549622
 0.205682 0.004035 0.790160 0.000123
 0.046662 0.015669 0.000157 0.937512
 0.019514 0.910397 0.007913 0.062175
 0.000123 0.007913 0.000157 0.991807
 0.023393 0.972449 0.000157 0.004001
 0.562520 0.027304 0.027305 0.382871
 0.972416 0.007913 0.019548 0.000123
 0.640086 0.328608 0.007913 0.023392

MOTIF 15-CCAGCCTGGGCRACA STREME-15
letter-probability matrix: alength= 4 w= 15 nsites= 344 E= 8.8e-007
 0.019783 0.935000 0.022621 0.022597
 0.005716 0.935001 0.002927 0.056357
 0.999683 0.000114 0.000114 0.000089
 0.033850 0.005740 0.937812 0.022598
 0.002903 0.980014 0.000114 0.016970
 0.002903 0.954694 0.005740 0.036663
 0.000089 0.016994 0.008554 0.974363
 0.067612 0.000114 0.923745 0.008529
 0.059173 0.005740 0.918117 0.016969
 0.047917 0.188645 0.738027 0.025410
 0.028223 0.636651 0.016994 0.318131
 0.566240 0.016994 0.405423 0.011343
 0.987889 0.000114 0.006282 0.005716
 0.019783 0.918118 0.008554 0.053545
 0.951856 0.005740 0.031061 0.011343

MOTIF 16-YSACGTSACB STREME-16
letter-probability matrix: alength= 4 w= 10 nsites= 545 E= 3.2e-005
 0.065584 0.400266 0.122922 0.411228
 0.014694 0.565033 0.299563 0.120710
 0.976466 0.000075 0.000075 0.023383
 0.000059 0.936426 0.000075 0.063439
 0.000059 0.000075 0.999807 0.000059
 0.000059 0.000075 0.000075 0.999790
 0.039396 0.312530 0.623018 0.025056
 0.937188 0.000075 0.062678 0.000059
 0.000059 0.853981 0.000075 0.145884
 0.020604 0.466703 0.274346 0.238348

MOTIF 17-AAAAAAAAAAAAAAA STREME-17
letter-probability matrix: alength= 4 w= 15 nsites= 339 E= 8.3e-005
 0.999570 0.000154 0.000154 0.000121
 0.995749 0.003975 0.000154 0.000121
 0.915114 0.055229 0.010432 0.019224
 0.837177 0.000154 0.112879 0.049790
 0.810497 0.145700 0.043682 0.000121
 0.684616 0.099495 0.119515 0.096374
 0.965184 0.034541 0.000154 0.000121
 0.862942 0.026899 0.094755 0.015404
 0.991929 0.000154 0.007796 0.000121
 0.792442 0.174410 0.026899 0.006248
 0.923152 0.076572 0.000154 0.000121
 0.753699 0.000154 0.203996 0.042150
 0.656158 0.118591 0.206026 0.019225
 0.822874 0.027167 0.023854 0.126105
 0.960197 0.000154 0.021317 0.018331

MOTIF 18-AAWVATTAACY STREME-18
letter-probability matrix: alength= 4 w= 11 nsites= 383 E= 1.3e-004
 0.932339 0.000098 0.039890 0.027673
 0.859471 0.083968 0.012186 0.044375
 0.427078 0.017585 0.000098 0.555239
 0.339447 0.326023 0.187391 0.147140
 0.989592 0.000098 0.010234 0.000077
 0.005915 0.000098 0.050267 0.943719
 0.000077 0.000098 0.000098 0.999728
 0.930067 0.000098 0.000098 0.069738
 0.707297 0.017488 0.275139 0.000077
 0.025052 0.931940 0.007852 0.035157
 0.112183 0.418052 0.025278 0.444487

MOTIF 19-TGACGTCA STREME-19
letter-probability matrix: alength= 4 w= 8 nsites= 2407 E= 2.8e-004
 0.017625 0.082248 0.001255 0.898872
 0.003232 0.000279 0.858864 0.137626
 0.975603 0.000489 0.018277 0.005631
 0.019821 0.653752 0.216290 0.110136
 0.110136 0.216290 0.653752 0.019821
 0.005631 0.018277 0.000489 0.975603
 0.137626 0.858864 0.000279 0.003232
 0.898872 0.001255 0.082248 0.017625

MOTIF 20-RGCCAATCRGMRSS STREME-20
letter-probability matrix: alength= 4 w= 14 nsites= 453 E= 5.5e-004
 0.558422 0.061663 0.379846 0.000069
 0.267510 0.019591 0.669490 0.043409
 0.000069 0.999775 0.000088 0.000069
 0.000069 0.997608 0.002255 0.000069
 0.991088 0.000088 0.008756 0.000069
 0.999756 0.000088 0.000088 0.000069
 0.000069 0.013090 0.000088 0.986754
 0.010904 0.733969 0.255058 0.000069
 0.613497 0.019591 0.364676 0.002236
 0.123220 0.196917 0.649457 0.030407
 0.482577 0.308334 0.154845 0.054244
 0.310113 0.013090 0.608652 0.068145
 0.149593 0.382913 0.384180 0.083314
 0.076813 0.457491 0.292634 0.173061

MOTIF 21-CAGCACCAYGGACAG STREME-21
letter-probability matrix: alength= 4 w= 15 nsites= 169 E= 9.6e-004
 0.007123 0.971667 0.000279 0.020931
 0.999223 0.000279 0.000279 0.000219
 0.007123 0.000279 0.992379 0.000219
 0.055453 0.785250 0.096939 0.062358
 0.978511 0.000279 0.000279 0.020931
 0.000219 0.999283 0.000279 0.000219
 0.000219 0.992379 0.000279 0.007123
 0.600972 0.027897 0.138382 0.232750
 0.138310 0.414608 0.048608 0.398473
 0.007123 0.000279 0.992379 0.000219
 0.007123 0.007183 0.985475 0.000219
 0.930181 0.048608 0.000279 0.020931
 0.000219 0.925561 0.060192 0.014027
 0.999223 0.000279 0.000279 0.000219
 0.000219 0.000279 0.999283 0.000219

MOTIF 22-GAAAGTGAAASTA STREME-22
letter-probability matrix: alength= 4 w= 13 nsites= 549 E= 2.4e-003
 0.188198 0.043128 0.722239 0.046435
 0.988667 0.008957 0.002306 0.000070
 0.988667 0.000090 0.006740 0.004504
 0.997534 0.000090 0.002306 0.000070
 0.232674 0.225247 0.506539 0.035539
 0.149034 0.201068 0.006740 0.643158
 0.006721 0.000090 0.993119 0.000070
 0.999750 0.000090 0.000090 0.000070
 0.999750 0.000090 0.000090 0.000070
 0.999750 0.000090 0.000090 0.000070
 0.012263 0.366412 0.619039 0.002287
 0.120997 0.233392 0.032471 0.613140
 0.522186 0.130316 0.239073 0.108424

MOTIF 23-ATCRCTTGAGCCCA STREME-23
letter-probability matrix: alength= 4 w= 14 nsites= 286 E= 3.8e-003
 0.976400 0.000156 0.023322 0.000123
 0.000123 0.034906 0.004017 0.960955
 0.003983 0.749273 0.032646 0.214098
 0.525291 0.027183 0.416516 0.031010
 0.007844 0.906934 0.004017 0.081205
 0.011705 0.123751 0.015600 0.848944
 0.000123 0.007878 0.011739 0.980261
 0.015566 0.011739 0.972572 0.000123
 0.972539 0.000156 0.023322 0.003983
 0.193177 0.000156 0.791100 0.015566
 0.017168 0.668154 0.248917 0.065760
 0.007844 0.733137 0.007878 0.251140
 0.003983 0.930100 0.000156 0.065760
 0.879874 0.000156 0.119848 0.000123

MOTIF 24-CAAGGTCA STREME-24
letter-probability matrix: alength= 4 w= 8 nsites= 1986 E= 5.2e-003
 0.088607 0.774799 0.096973 0.039621
 0.999298 0.000252 0.000252 0.000198
 0.768935 0.000252 0.230615 0.000198
 0.000198 0.000252 0.999352 0.000198
 0.000198 0.000252 0.999352 0.000198
 0.230657 0.000252 0.000252 0.768839
 0.000198 0.955010 0.000252 0.044540
 0.908443 0.000252 0.091107 0.000198

MOTIF 25-AGWTCAAAGNN STREME-25
letter-probability matrix: alength= 4 w= 11 nsites= 1163 E= 1.3e-002
 0.869300 0.000056 0.066244 0.064401
 0.000044 0.190936 0.808976 0.000044
 0.534024 0.000056 0.094706 0.371214
 0.091087 0.000056 0.000056 0.908802
 0.000044 0.921058 0.078855 0.000044
 0.935320 0.002822 0.061814 0.000044
 0.999844 0.000056 0.000056 0.000044
 0.704132 0.016418 0.161252 0.118198
 0.000044 0.095037 0.904875 0.000044
 0.208435 0.201783 0.284150 0.305632
 0.188442 0.310177 0.204611 0.296770

MOTIF 26-AGATAA STREME-26
letter-probability matrix: alength= 4 w= 6 nsites= 1200 E= 2.3e-002
 0.929082 0.025464 0.025464 0.019991
 0.019991 0.025464 0.934555 0.019991
 0.929082 0.025464 0.025464 0.019991
 0.019991 0.025464 0.025464 0.929082
 0.929082 0.025464 0.025464 0.019991
 0.929082 0.025464 0.025464 0.019991

MOTIF 27-AGCCCAG STREME-27
letter-probability matrix: alength= 4 w= 7 nsites= 1950 E= 4.0e-002
 0.929082 0.025464 0.025464 0.019991
 0.019991 0.025464 0.934555 0.019991
 0.019991 0.934555 0.025464 0.019991
 0.019991 0.934555 0.025464 0.019991
 0.019991 0.934555 0.025464 0.019991
 0.929082 0.025464 0.025464 0.019991
 0.019991 0.025464 0.934555 0.019991

MOTIF 28-GCTGGGAA STREME-28
letter-probability matrix: alength= 4 w= 8 nsites= 1996 E= 4.9e-002
 0.064692 0.038951 0.755748 0.140609
 0.004671 0.878383 0.024003 0.092944
 0.022060 0.099038 0.007226 0.871676
 0.017752 0.003077 0.978837 0.000333
 0.005153 0.002200 0.985341 0.007306
 0.004211 0.000343 0.992363 0.003082
 0.851658 0.017192 0.046703 0.084446
 0.848060 0.015098 0.118675 0.018167

MOTIF 29-GGAGTTCGAGA STREME-29
letter-probability matrix: alength= 4 w= 11 nsites= 102 E= 6.2e-002
 0.000469 0.006729 0.992333 0.000469
 0.000469 0.015373 0.983689 0.000469
 0.894890 0.089266 0.000597 0.015247
 0.023231 0.000597 0.975703 0.000469
 0.015247 0.000597 0.030153 0.954003
 0.015247 0.000597 0.030153 0.954003
 0.044805 0.804578 0.000597 0.150020
 0.176379 0.097262 0.725890 0.000469
 0.968781 0.015375 0.000597 0.015247
 0.059581 0.000597 0.939353 0.000469
 0.968783 0.000597 0.015373 0.015247

MOTIF 30-YTYYCTCYCYCYYTC STREME-30
letter-probability matrix: alength= 4 w= 15 nsites= 1132 E= 7.4e-002
 0.000025 0.579025 0.108848 0.312102
 0.000025 0.000032 0.000032 0.999912
 0.000025 0.652399 0.000032 0.347545
 0.000025 0.485271 0.116067 0.398638
 0.000025 0.734234 0.084891 0.180850
 0.000025 0.000032 0.032124 0.967820
 0.000025 0.679100 0.000032 0.320844
 0.000025 0.501269 0.015686 0.483020
 0.000025 0.681215 0.000032 0.318729
 0.096317 0.300749 0.008642 0.594292
 0.045423 0.600288 0.084624 0.269664
 0.028070 0.430014 0.120630 0.421286
 0.000025 0.535308 0.114235 0.350432
 0.036355 0.320340 0.000032 0.643273
 0.082727 0.917216 0.000032 0.000025

MOTIF 31-GTCAACA STREME-31
letter-probability matrix: alength= 4 w= 7 nsites= 421 E= 9.6e-002
 0.019991 0.025464 0.934555 0.019991
 0.019991 0.025464 0.025464 0.929082
 0.019991 0.934555 0.025464 0.019991
 0.929082 0.025464 0.025464 0.019991
 0.929082 0.025464 0.025464 0.019991
 0.019991 0.934555 0.025464 0.019991
 0.929082 0.025464 0.025464 0.019991

MOTIF 32-ACCACGTGGSY STREME-32
letter-probability matrix: alength= 4 w= 11 nsites= 574 E= 1.0e-001
 0.690180 0.213831 0.014834 0.081155
 0.010956 0.535819 0.214260 0.238965
 0.000098 0.860858 0.075629 0.063414
 0.999652 0.000125 0.000125 0.000098
 0.000098 0.999678 0.000125 0.000098
 0.000098 0.000125 0.999678 0.000098
 0.000098 0.000125 0.000125 0.999652
 0.011115 0.000125 0.984141 0.004619
 0.000098 0.198245 0.571996 0.229661
 0.175867 0.436307 0.231440 0.156386
 0.193785 0.270941 0.070177 0.465098

MOTIF 33-AAAGCAAACA STREME-33
letter-probability matrix: alength= 4 w= 10 nsites= 1851 E= 1.3e-001
 0.794551 0.000086 0.015865 0.189498
 0.756229 0.026466 0.129593 0.087713
 0.665690 0.106398 0.106187 0.121725
 0.096685 0.132928 0.652637 0.117751
 0.061980 0.881306 0.000086 0.056628
 0.934113 0.000086 0.061490 0.004311
 0.982633 0.000086 0.014927 0.002354
 0.770430 0.052459 0.037902 0.139210
 0.000068 0.901691 0.027589 0.070653
 0.772950 0.101210 0.062881 0.062959

MOTIF 34-GTAAACA STREME-34
letter-probability matrix: alength= 4 w= 7 nsites= 180 E= 1.4e-001
 0.019991 0.025464 0.934555 0.019991
 0.019991 0.025464 0.025464 0.929082
 0.929082 0.025464 0.025464 0.019991
 0.929082 0.025464 0.025464 0.019991
 0.929082 0.025464 0.025464 0.019991
 0.019991 0.934555 0.025464 0.019991
 0.929082 0.025464 0.025464 0.019991

MOTIF 35-ACACACACACACAC STREME-35
letter-probability matrix: alength= 4 w= 14 nsites= 278 E= 1.6e-001
 0.996385 0.000203 0.003252 0.000160
 0.000160 0.984385 0.005234 0.010221
 0.918935 0.005234 0.075671 0.000160
 0.070591 0.805171 0.040452 0.083786
 0.852492 0.000203 0.142114 0.005191
 0.010221 0.829783 0.010916 0.149080
 0.844752 0.039594 0.095371 0.020283
 0.025315 0.965720 0.005235 0.003731
 0.874469 0.000203 0.089951 0.035377
 0.000160 0.962909 0.000203 0.036728
 0.914324 0.000203 0.070220 0.015253
 0.074453 0.720613 0.091581 0.113353
 0.872849 0.005234 0.063228 0.058689
 0.031690 0.821571 0.062852 0.083887

MOTIF 36-GAGACAGA STREME-36
letter-probability matrix: alength= 4 w= 8 nsites= 437 E= 1.8e-001
 0.001450 0.001847 0.995253 0.001450
 0.994856 0.001847 0.001847 0.001450
 0.001450 0.001847 0.995253 0.001450
 0.994856 0.001847 0.001847 0.001450
 0.001450 0.836005 0.001847 0.160698
 0.826136 0.170567 0.001847 0.001450
 0.001450 0.001847 0.995253 0.001450
 0.994856 0.001847 0.001847 0.001450

MOTIF 37-VATCGATB STREME-37
letter-probability matrix: alength= 4 w= 8 nsites= 96 E= 2.4e-001
 0.258114 0.204207 0.395268 0.142411
 0.996738 0.001171 0.001171 0.000920
 0.000920 0.001171 0.001171 0.996738
 0.000920 0.996990 0.001171 0.000920
 0.000920 0.001171 0.996990 0.000920
 0.996738 0.001171 0.001171 0.000920
 0.000920 0.001171 0.001171 0.996738
 0.142411 0.395268 0.204207 0.258114

MOTIF 38-CCMYCTAGTGGY STREME-38
letter-probability matrix: alength= 4 w= 12 nsites= 239 E= 3.0e-001
 0.000149 0.931904 0.018950 0.048997
 0.000149 0.999513 0.000190 0.000149
 0.417822 0.577150 0.004880 0.000149
 0.000149 0.423536 0.000190 0.576126
 0.000149 0.970468 0.029234 0.000149
 0.000149 0.000190 0.000190 0.999472
 0.585647 0.000190 0.279834 0.134330
 0.004839 0.025587 0.969425 0.000149
 0.000149 0.000190 0.000190 0.999472
 0.000149 0.004880 0.994823 0.000149
 0.023600 0.000190 0.917833 0.058378
 0.071410 0.541336 0.000190 0.387064

MOTIF 39-AGGAAGAGGA STREME-39
letter-probability matrix: alength= 4 w= 10 nsites= 396 E= 3.8e-001
 0.862887 0.087652 0.042540 0.006921
 0.027391 0.052289 0.916660 0.003660
 0.012796 0.027064 0.946231 0.013910
 0.848440 0.006435 0.107758 0.037368
 0.906803 0.047760 0.037890 0.007547
 0.005983 0.014292 0.963562 0.016164
 0.964623 0.003065 0.031946 0.000366
 0.080675 0.053108 0.844090 0.022127
 0.045909 0.006195 0.910980 0.036915
 0.886322 0.029615 0.046009 0.038054

MOTIF 40-ACATGGCGGCG STREME-40
letter-probability matrix: alength= 4 w= 11 nsites= 320 E= 4.4e-001
 0.652379 0.206753 0.008000 0.132868
 0.231169 0.716961 0.000215 0.051655
 0.978080 0.000215 0.000215 0.021489
 0.016160 0.005545 0.000215 0.978080
 0.000169 0.072744 0.926918 0.000169
 0.042808 0.000215 0.956807 0.000169
 0.000169 0.999446 0.000215 0.000169
 0.010829 0.123116 0.865885 0.000169
 0.171173 0.057052 0.771606 0.000169
 0.163669 0.830618 0.000215 0.005498
 0.048777 0.212413 0.559932 0.178879

MOTIF 41-CACCGCCTCC STREME-41
letter-probability matrix: alength= 4 w= 10 nsites= 796 E= 4.9e-001
 0.000216 0.963708 0.000681 0.035395
 0.969547 0.000275 0.029962 0.000216
 0.051211 0.922295 0.000275 0.026220
 0.000216 0.952804 0.046764 0.000216
 0.106473 0.000275 0.858846 0.034406
 0.162586 0.709532 0.033468 0.094414
 0.009896 0.825328 0.137550 0.027226
 0.016886 0.000275 0.108990 0.873849
 0.187486 0.790140 0.000275 0.022100
 0.017838 0.676395 0.192672 0.113094

MOTIF 42-GCRGCRGCGACG STREME-42
letter-probability matrix: alength= 4 w= 12 nsites= 2195 E= 5.2e-001
 0.007082 0.053434 0.939466 0.000018
 0.078206 0.864252 0.012291 0.045251
 0.568279 0.069889 0.313163 0.048670
 0.008775 0.005008 0.929823 0.056394
 0.001177 0.885437 0.001823 0.111563
 0.483576 0.152122 0.349140 0.015163
 0.071302 0.030382 0.864655 0.033662
 0.088291 0.811668 0.064897 0.035144
 0.166722 0.196768 0.496037 0.140473
 0.512276 0.079302 0.253116 0.155306
 0.031775 0.753467 0.098833 0.115925
 0.139143 0.207464 0.617375 0.036018

MOTIF 43-CCACATTCC STREME-43
letter-probability matrix: alength= 4 w= 9 nsites= 599 E= 5.3e-001
 0.013937 0.859676 0.012544 0.113843
 0.033534 0.901181 0.009836 0.055449
 0.911635 0.039498 0.048333 0.000534
 0.051857 0.897344 0.048040 0.002760
 0.921570 0.000680 0.077216 0.000534
 0.014251 0.000680 0.000680 0.984389
 0.039276 0.023886 0.052652 0.884186
 0.017340 0.916217 0.019503 0.046940
 0.050022 0.839935 0.017491 0.092551

MOTIF 44-AGGAAATGR STREME-44
letter-probability matrix: alength= 4 w= 9 nsites= 2569 E= 5.9e-001
 0.858370 0.034774 0.056479 0.050377
 0.021832 0.121073 0.846232 0.010863
 0.004442 0.024144 0.917790 0.053624
 0.950474 0.011692 0.006256 0.031578
 0.859902 0.056851 0.071118 0.012129
 0.866197 0.015498 0.118202 0.000103
 0.017368 0.158239 0.047070 0.777322
 0.208002 0.170017 0.607257 0.014724
 0.320695 0.091972 0.542941 0.044393

MOTIF 45-GACTTTGGAC STREME-45
letter-probability matrix: alength= 4 w= 10 nsites= 99 E= 6.8e-001
 0.106855 0.004902 0.879268 0.008975
 0.966101 0.000656 0.000656 0.032588
 0.022227 0.924434 0.047787 0.005552
 0.011074 0.026588 0.007387 0.954952
 0.001257 0.000656 0.000656 0.997432
 0.024205 0.057045 0.003249 0.915501
 0.016729 0.002165 0.948329 0.032777
 0.016736 0.134363 0.819469 0.029432
 0.976462 0.000656 0.000656 0.022227
 0.158431 0.772390 0.000656 0.068523

MOTIF 46-GGAYTCGAACCC STREME-46
letter-probability matrix: alength= 4 w= 12 nsites= 136 E= 7.2e-001
 0.000233 0.000297 0.999236 0.000233
 0.000233 0.007647 0.991887 0.000233
 0.632911 0.000297 0.095852 0.270940
 0.095790 0.343260 0.007647 0.553304
 0.000233 0.000297 0.000297 0.999173
 0.000233 0.670967 0.000297 0.328503
 0.000233 0.000297 0.999236 0.000233
 0.977124 0.000297 0.000297 0.022282
 0.772573 0.037046 0.000297 0.190084
 0.000233 0.977187 0.000297 0.022283
 0.000233 0.757929 0.000297 0.241541
 0.084131 0.659341 0.103194 0.153334

MOTIF 47-CTGTGTACACA STREME-47
letter-probability matrix: alength= 4 w= 11 nsites= 90 E= 7.2e-001
 0.000532 0.887588 0.111349 0.000532
 0.000532 0.028784 0.000677 0.970008
 0.117788 0.000677 0.671687 0.209848
 0.000532 0.000677 0.000677 0.998114
 0.017282 0.175414 0.806772 0.000532
 0.000532 0.000677 0.000677 0.998114
 0.998114 0.000677 0.000677 0.000532
 0.000532 0.914505 0.000677 0.084287
 0.907412 0.074631 0.017426 0.000532
 0.000532 0.827286 0.000677 0.171505
 0.998114 0.000677 0.000677 0.000532

MOTIF 48-CTGCAGCC STREME-48
letter-probability matrix: alength= 4 w= 8 nsites= 636 E= 8.0e-001
 0.019991 0.934555 0.025464 0.019991
 0.019991 0.025464 0.025464 0.929082
 0.019991 0.025464 0.934555 0.019991
 0.019991 0.934555 0.025464 0.019991
 0.929082 0.025464 0.025464 0.019991
 0.019991 0.025464 0.934555 0.019991
 0.019991 0.934555 0.025464 0.019991
 0.019991 0.934555 0.025464 0.019991

MOTIF 49-TAAAAATA STREME-49
letter-probability matrix: alength= 4 w= 8 nsites= 202 E= 9.2e-001
 0.019991 0.025464 0.025464 0.929082
 0.929082 0.025464 0.025464 0.019991
 0.929082 0.025464 0.025464 0.019991
 0.929082 0.025464 0.025464 0.019991
 0.929082 0.025464 0.025464 0.019991
 0.929082 0.025464 0.025464 0.019991
 0.019991 0.025464 0.025464 0.929082
 0.929082 0.025464 0.025464 0.019991

MOTIF 50-GCCTCTGCC STREME-50
letter-probability matrix: alength= 4 w= 9 nsites= 177 E= 9.3e-001
 0.019991 0.025464 0.934555 0.019991
 0.019991 0.934555 0.025464 0.019991
 0.019991 0.934555 0.025464 0.019991
 0.019991 0.025464 0.025464 0.929082
 0.019991 0.934555 0.025464 0.019991
 0.019991 0.025464 0.025464 0.929082
 0.019991 0.025464 0.934555 0.019991
 0.019991 0.934555 0.025464 0.019991
 0.019991 0.934555 0.025464 0.019991

MOTIF 51-AGGYTGCAGTGAGC STREME-51
letter-probability matrix: alength= 4 w= 14 nsites= 96 E= 1.0e+000
 0.998693 0.000469 0.000469 0.000368
 0.058402 0.000469 0.929154 0.011975
 0.023581 0.035290 0.917546 0.023582
 0.000368 0.488073 0.046896 0.464663
 0.000368 0.023681 0.000469 0.975482
 0.093222 0.000469 0.882727 0.023582
 0.000368 0.917548 0.000469 0.081615
 0.940660 0.012076 0.035289 0.011975
 0.000368 0.012076 0.987188 0.000368
 0.000368 0.023682 0.000469 0.975480
 0.023581 0.023682 0.940761 0.011975
 0.998693 0.000469 0.000469 0.000368
 0.035188 0.000469 0.929154 0.035188
 0.011975 0.940760 0.035290 0.011975

MOTIF 52-GCACTCCAGCCTGGG STREME-52
letter-probability matrix: alength= 4 w= 15 nsites= 91 E= 1.1e+000
 0.000420 0.013769 0.985391 0.000420
 0.000420 0.905985 0.027003 0.066591
 0.998510 0.000535 0.000535 0.000420
 0.000420 0.879515 0.000535 0.119530
 0.000420 0.040239 0.000535 0.958806
 0.000420 0.800109 0.066707 0.132764
 0.000420 0.879515 0.013769 0.106296
 0.919103 0.000535 0.079942 0.000420
 0.013654 0.013769 0.972157 0.000420
 0.000420 0.932454 0.040238 0.026889
 0.026889 0.919219 0.027003 0.026889
 0.013654 0.013769 0.053472 0.919104
 0.026889 0.013769 0.905985 0.053358
 0.106295 0.000535 0.874024 0.019146
 0.106298 0.132880 0.614820 0.146002

MOTIF 53-AGTGCAGTGG STREME-53
letter-probability matrix: alength= 4 w= 10 nsites= 64 E= 1.2e+000
 0.929082 0.025464 0.025464 0.019991
 0.019991 0.025464 0.934555 0.019991
 0.019991 0.025464 0.025464 0.929082
 0.019991 0.025464 0.934555 0.019991
 0.019991 0.934555 0.025464 0.019991
 0.929082 0.025464 0.025464 0.019991
 0.019991 0.025464 0.934555 0.019991
 0.019991 0.025464 0.025464 0.929082
 0.019991 0.025464 0.934555 0.019991
 0.019991 0.025464 0.934555 0.019991

MOTIF 54-GYCATGTGAC STREME-54
letter-probability matrix: alength= 4 w= 10 nsites= 153 E= 1.3e+000
 0.259824 0.000545 0.739202 0.000428
 0.000428 0.498278 0.000545 0.500749
 0.000428 0.873370 0.000545 0.125657
 0.998481 0.000545 0.000545 0.000428
 0.000428 0.124594 0.000545 0.874433
 0.108631 0.000545 0.890395 0.000428
 0.000428 0.000545 0.000545 0.998481
 0.060002 0.000545 0.828406 0.111046
 0.998481 0.000545 0.000545 0.000428
 0.000428 0.998598 0.000545 0.000428

MOTIF 55-AAACAAAGGCA STREME-55
letter-probability matrix: alength= 4 w= 11 nsites= 612 E= 1.6e+000
 0.739866 0.047139 0.158415 0.054580
 0.934878 0.029258 0.008651 0.027213
 0.774078 0.054607 0.066846 0.104469
 0.000071 0.969998 0.002763 0.027167
 0.812201 0.035588 0.061186 0.091026
 0.959391 0.011356 0.012141 0.017112
 0.827185 0.029884 0.017337 0.125595
 0.215094 0.008219 0.650481 0.126206
 0.098961 0.255395 0.579759 0.065884
 0.158814 0.626679 0.082789 0.131717
 0.920684 0.023210 0.002344 0.053762

MOTIF 56-CTCCACCCACT STREME-56
letter-probability matrix: alength= 4 w= 11 nsites= 99 E= 1.8e+000
 0.005269 0.963055 0.002802 0.028873
 0.038933 0.000643 0.016554 0.943869
 0.032331 0.956992 0.005408 0.005269
 0.016416 0.939822 0.016556 0.027206
 0.975817 0.000643 0.023034 0.000505
 0.001233 0.994961 0.000643 0.003162
 0.000505 0.904921 0.003707 0.090867
 0.016414 0.918788 0.048384 0.016414
 0.905441 0.016546 0.077508 0.000505
 0.004086 0.781266 0.189633 0.025016
 0.129121 0.103713 0.027344 0.739822

MOTIF 57-CAGGAAGCA STREME-57
letter-probability matrix: alength= 4 w= 9 nsites= 730 E= 2.0e+000
 0.011754 0.856518 0.113434 0.018294
 0.875677 0.071245 0.036722 0.016356
 0.011627 0.043365 0.942193 0.002815
 0.005914 0.008514 0.981676 0.003897
 0.998011 0.000468 0.000468 0.001053
 0.967406 0.030024 0.000468 0.002101
 0.000368 0.059020 0.939405 0.001208
 0.050450 0.870522 0.041683 0.037345
 0.673306 0.119219 0.000656 0.206819

MOTIF 58-CCATGGCAAC STREME-58
letter-probability matrix: alength= 4 w= 10 nsites= 56 E= 2.3e+000
 0.001106 0.996379 0.001409 0.001106
 0.001106 0.947054 0.050733 0.001106
 0.996076 0.001409 0.001409 0.001106
 0.001106 0.001409 0.001409 0.996076
 0.254640 0.050733 0.693520 0.001106
 0.001106 0.001409 0.996379 0.001106
 0.001106 0.996379 0.001409 0.001106
 0.996076 0.001409 0.001409 0.001106
 0.996076 0.001409 0.001409 0.001106
 0.001106 0.996379 0.001409 0.001106

MOTIF 59-CCAGCAGAGGGAGC STREME-59
letter-probability matrix: alength= 4 w= 14 nsites= 147 E= 2.5e+000
 0.044629 0.932434 0.022586 0.000351
 0.000351 0.998850 0.000447 0.000351
 0.910200 0.000447 0.089001 0.000351
 0.044628 0.210766 0.744254 0.000351
 0.144254 0.733185 0.055794 0.066767
 0.954477 0.000447 0.022586 0.022490
 0.000351 0.011517 0.987781 0.000351
 0.686677 0.000447 0.312524 0.000351
 0.000351 0.000447 0.799595 0.199606
 0.000351 0.022586 0.976712 0.000351
 0.011420 0.000447 0.987781 0.000351
 0.832714 0.000447 0.000447 0.166391
 0.044628 0.000447 0.954573 0.000351
 0.000351 0.965643 0.011517 0.022490

MOTIF 60-ACATCCGG STREME-60
letter-probability matrix: alength= 4 w= 8 nsites= 109 E= 2.5e+000
 0.929082 0.025464 0.025464 0.019991
 0.019991 0.934555 0.025464 0.019991
 0.929082 0.025464 0.025464 0.019991
 0.019991 0.025464 0.025464 0.929082
 0.019991 0.934555 0.025464 0.019991
 0.019991 0.934555 0.025464 0.019991
 0.019991 0.025464 0.934555 0.019991
 0.019991 0.025464 0.934555 0.019991

MOTIF 61-GAATGAATGA STREME-61
letter-probability matrix: alength= 4 w= 10 nsites= 227 E= 3.1e+000
 0.045981 0.113302 0.707287 0.133429
 0.757362 0.026826 0.215497 0.000315
 0.998881 0.000402 0.000402 0.000315
 0.000315 0.000402 0.000402 0.998881
 0.191626 0.116214 0.691845 0.000315
 0.924189 0.075094 0.000402 0.000315
 0.998881 0.000402 0.000402 0.000315
 0.000315 0.063542 0.000402 0.935741
 0.000315 0.000402 0.982296 0.016987
 0.910764 0.000402 0.051690 0.037145

MOTIF 62-CAAGATGGCTGC STREME-62
letter-probability matrix: alength= 4 w= 12 nsites= 60 E= 4.0e+000
 0.091567 0.886355 0.021425 0.000653
 0.956497 0.000832 0.000832 0.041839
 0.997682 0.000832 0.000832 0.000653
 0.165397 0.062611 0.771338 0.000653
 0.997682 0.000832 0.000832 0.000653
 0.000653 0.000832 0.000832 0.997682
 0.021246 0.000832 0.977269 0.000653
 0.000653 0.021425 0.977269 0.000653
 0.000653 0.977269 0.021425 0.000653
 0.000653 0.330330 0.000832 0.668184
 0.021246 0.083203 0.894898 0.000653
 0.083024 0.874305 0.000832 0.041839

MOTIF 63-RNTCTCGCGAGANY STREME-63
letter-probability matrix: alength= 4 w= 14 nsites= 136 E= 5.8e+000
 0.412478 0.174724 0.412547 0.000252
 0.281675 0.234180 0.230216 0.253929
 0.008179 0.099413 0.028066 0.864341
 0.202400 0.761354 0.035994 0.000252
 0.027998 0.099413 0.008248 0.864342
 0.000252 0.999176 0.000320 0.000252
 0.027998 0.000320 0.971430 0.000252
 0.000252 0.971430 0.000320 0.027998
 0.000252 0.000320 0.999176 0.000252
 0.864342 0.008248 0.099413 0.027998
 0.000252 0.035994 0.761354 0.202400
 0.864341 0.028066 0.099413 0.008179
 0.253929 0.230216 0.234180 0.281675
 0.000252 0.412547 0.174724 0.412478

MOTIF 64-CAAGCCTCAGCAA STREME-64
letter-probability matrix: alength= 4 w= 13 nsites= 43 E= 8.0e+000
 0.000696 0.953825 0.044782 0.000696
 0.909741 0.022834 0.022834 0.044590
 0.975582 0.000887 0.022834 0.000696
 0.022643 0.044781 0.909932 0.022643
 0.044591 0.866036 0.022834 0.066538
 0.022643 0.953826 0.000887 0.022643
 0.000696 0.000887 0.044781 0.953635
 0.088485 0.844090 0.000887 0.066537
 0.931687 0.000887 0.066729 0.000696
 0.000696 0.022834 0.975773 0.000696
 0.022643 0.887980 0.000887 0.088490
 0.997529 0.000887 0.000887 0.000696
 0.966475 0.009994 0.000887 0.022643

********************************************************************************
Stopped because 3 consecutive motifs exceeded the p-value threshold (0.05).
********************************************************************************
COMMAND:	streme --verbosity 1 --oc meme_out_incomplete_DL/HepG2_IRF2-human_ENCFF856FVD/streme_out -dna --seed 0 --p meme_out_incomplete_DL/HepG2_IRF2-human_ENCFF856FVD/seqs-centered --minw 6 --maxw 15 --time 6173 --order 2 --thresh 0.05 --align center --totallength 4000000 --parse-genomic-coord
********************************************************************************
CPU:		9f05ee173ae9
********************************************************************************
FINALTIME:	3887.84 seconds
********************************************************************************
