********************************************************************************
STREME - Sensitive, Thorough, Rapid, Enriched Motif Elicitation
********************************************************************************
MEME version 5.5.3 (Release date: Sat Jun 10 16:19:38 2023 -0700)

For further information on how to interpret these results please access http://localhost:8080/meme_5.5.3.
To get a copy of the MEME Suite software please access https://meme-suite.org.

********************************************************************************


********************************************************************************
REFERENCE
********************************************************************************
If you use this program in your research, please cite:

Timothy L. Bailey,
"STREME: accurate and versatile sequence motif discovery",
Bioinformatics, Mar. 24, 2021.
********************************************************************************


ALPHABET= ACGT

strands: + -

Background letter frequencies
A 0.167 C 0.334 G 0.334 T 0.167 

MOTIF 1-GCCGCCGCCGCCKCC STREME-1
letter-probability matrix: alength= 4 w= 15 nsites= 1851 E= 2.2e-013
 0.045745 0.265798 0.688445 0.000012
 0.000012 0.869758 0.000024 0.130206
 0.132486 0.635930 0.000024 0.231560
 0.178716 0.000024 0.821249 0.000012
 0.000012 0.933112 0.000024 0.066852
 0.036273 0.713635 0.081078 0.169015
 0.012190 0.000024 0.729407 0.258379
 0.000012 0.890981 0.000024 0.108983
 0.128099 0.583269 0.133656 0.154976
 0.171485 0.112511 0.696871 0.019134
 0.002154 0.870228 0.000024 0.127595
 0.000012 0.814242 0.000024 0.185722
 0.073844 0.007985 0.559495 0.358676
 0.032956 0.901912 0.000024 0.065108
 0.046410 0.680477 0.116816 0.156297

MOTIF 2-CCCCGCCCCCRSC STREME-2
letter-probability matrix: alength= 4 w= 13 nsites= 2483 E= 5.7e-009
 0.003354 0.956538 0.015854 0.024254
 0.042244 0.916596 0.020803 0.020357
 0.013450 0.945368 0.007747 0.033435
 0.016716 0.961225 0.004585 0.017475
 0.117698 0.000030 0.803258 0.079014
 0.104079 0.800252 0.044275 0.051395
 0.046719 0.806859 0.100197 0.046225
 0.040050 0.873318 0.048274 0.038358
 0.047175 0.905433 0.026233 0.021159
 0.041977 0.791652 0.099215 0.067156
 0.441534 0.153452 0.254224 0.150790
 0.109302 0.326261 0.443395 0.121043
 0.073999 0.715791 0.134044 0.076166

MOTIF 3-TCAGCACCAYGGACA STREME-3
letter-probability matrix: alength= 4 w= 15 nsites= 303 E= 4.2e-006
 0.000086 0.089384 0.064404 0.846127
 0.010791 0.967542 0.000172 0.021495
 0.996003 0.000172 0.000172 0.003654
 0.017927 0.000172 0.981816 0.000086
 0.053611 0.792687 0.125070 0.028632
 0.992434 0.000172 0.003740 0.003654
 0.000086 0.999657 0.000172 0.000086
 0.003654 0.978247 0.000172 0.017928
 0.556979 0.082249 0.182254 0.178517
 0.096447 0.400092 0.067977 0.435484
 0.000086 0.000172 0.999657 0.000086
 0.007222 0.000172 0.988952 0.003654
 0.910359 0.053699 0.003740 0.032202
 0.000086 0.874761 0.110795 0.014359
 0.996003 0.000172 0.000172 0.003654

MOTIF 4-CAASATGGCGGC STREME-4
letter-probability matrix: alength= 4 w= 12 nsites= 322 E= 7.1e-005
 0.076325 0.631744 0.228642 0.063289
 0.999645 0.000142 0.000142 0.000071
 0.919937 0.029664 0.000142 0.050257
 0.122564 0.281112 0.540162 0.056162
 0.996693 0.000142 0.000142 0.003023
 0.000071 0.000142 0.000142 0.999645
 0.000071 0.035065 0.964793 0.000071
 0.000071 0.000142 0.971922 0.027865
 0.039674 0.830684 0.000142 0.129500
 0.076327 0.079348 0.776856 0.067469
 0.205757 0.138463 0.630868 0.024913
 0.238802 0.650212 0.040566 0.070420

MOTIF 5-CCCAGCCC STREME-5
letter-probability matrix: alength= 4 w= 8 nsites= 4515 E= 1.1e-004
 0.000114 0.959467 0.000228 0.040190
 0.000114 0.953409 0.046363 0.000114
 0.000114 0.903489 0.057661 0.038736
 0.896222 0.000228 0.103436 0.000114
 0.031816 0.052447 0.915623 0.000114
 0.000114 0.874705 0.082148 0.043033
 0.099792 0.858192 0.000228 0.041788
 0.000114 0.891162 0.000228 0.108496

MOTIF 6-ATTACAGGCRT STREME-6
letter-probability matrix: alength= 4 w= 11 nsites= 168 E= 2.9e-004
 0.999161 0.000336 0.000336 0.000168
 0.035042 0.096543 0.000336 0.868080
 0.000168 0.042185 0.000336 0.957312
 0.971261 0.000336 0.028236 0.000168
 0.000168 0.926683 0.000336 0.072814
 0.999161 0.000336 0.000336 0.000168
 0.055967 0.007310 0.936556 0.000168
 0.014117 0.000336 0.985380 0.000168
 0.035042 0.755174 0.014285 0.195500
 0.320685 0.021262 0.629984 0.028069
 0.000168 0.245936 0.000336 0.753560

MOTIF 7-ACGTGA STREME-7
letter-probability matrix: alength= 4 w= 6 nsites= 3959 E= 3.2e-004
 0.996557 0.000253 0.000253 0.002937
 0.045577 0.715917 0.234364 0.004142
 0.001526 0.006808 0.960317 0.031350
 0.000834 0.008372 0.000253 0.990541
 0.008172 0.032034 0.955318 0.004476
 0.605537 0.209085 0.141728 0.043649

MOTIF 8-AAGGGAAA STREME-8
letter-probability matrix: alength= 4 w= 8 nsites= 1150 E= 8.2e-004
 0.915310 0.004409 0.019155 0.061126
 0.949367 0.007810 0.020871 0.021952
 0.113687 0.125653 0.678390 0.082270
 0.039831 0.071698 0.888241 0.000230
 0.051493 0.088733 0.743776 0.115997
 0.827826 0.041923 0.053991 0.076259
 0.876604 0.024955 0.007035 0.091406
 0.871784 0.033488 0.086987 0.007741

MOTIF 9-AAAACAAA STREME-9
letter-probability matrix: alength= 4 w= 8 nsites= 989 E= 1.6e-003
 0.680717 0.043196 0.000200 0.275888
 0.640746 0.115903 0.131419 0.111932
 0.724908 0.063903 0.026802 0.184387
 0.739189 0.000200 0.050681 0.209931
 0.000100 0.687352 0.000200 0.312349
 0.957068 0.000200 0.042633 0.000100
 0.966440 0.000200 0.000200 0.033161
 0.747935 0.044214 0.169595 0.038256

MOTIF 10-GGGCGGGGA STREME-10
letter-probability matrix: alength= 4 w= 9 nsites= 1886 E= 7.1e-003
 0.082641 0.048470 0.829612 0.039278
 0.004971 0.081388 0.902867 0.010774
 0.023750 0.019586 0.939598 0.017066
 0.080515 0.825289 0.000390 0.093806
 0.047406 0.000390 0.952009 0.000195
 0.017391 0.011895 0.956653 0.014061
 0.046321 0.037731 0.894185 0.021764
 0.052039 0.008253 0.930314 0.009394
 0.923171 0.060891 0.000932 0.015005

MOTIF 11-CTCGGCCTC STREME-11
letter-probability matrix: alength= 4 w= 9 nsites= 2721 E= 2.6e-002
 0.047824 0.864209 0.073203 0.014764
 0.005200 0.020598 0.037696 0.936506
 0.063716 0.876170 0.029758 0.030356
 0.020211 0.031846 0.886605 0.061338
 0.079961 0.022643 0.856530 0.040866
 0.079224 0.757715 0.102717 0.060344
 0.048332 0.726267 0.120122 0.105279
 0.033618 0.031807 0.022665 0.911909
 0.056747 0.908483 0.003720 0.031049

MOTIF 12-CTGCAGCC STREME-12
letter-probability matrix: alength= 4 w= 8 nsites= 2247 E= 6.0e-002
 0.000160 0.999360 0.000320 0.000160
 0.000160 0.263492 0.000320 0.736028
 0.007456 0.088905 0.903479 0.000160
 0.000160 0.999360 0.000320 0.000160
 0.952729 0.000320 0.046791 0.000160
 0.000160 0.021703 0.977977 0.000160
 0.047256 0.849787 0.000320 0.102637
 0.066116 0.622265 0.015674 0.295945

MOTIF 13-TGCGCATGCGCA STREME-13
letter-probability matrix: alength= 4 w= 12 nsites= 262 E= 7.0e-002
 0.011320 0.227610 0.104405 0.656665
 0.065610 0.000269 0.933986 0.000134
 0.090653 0.889369 0.019843 0.000134
 0.024016 0.000269 0.975581 0.000134
 0.000134 0.999462 0.000269 0.000134
 0.662924 0.145413 0.162006 0.029657
 0.029657 0.162006 0.145413 0.662924
 0.000134 0.000269 0.999462 0.000134
 0.000134 0.975581 0.000269 0.024016
 0.000134 0.019843 0.889369 0.090653
 0.000134 0.933986 0.000269 0.065610
 0.656665 0.104405 0.227610 0.011320

MOTIF 14-ACCCCGTCTCTA STREME-14
letter-probability matrix: alength= 4 w= 12 nsites= 75 E= 7.7e-002
 0.938106 0.000723 0.045789 0.015382
 0.015382 0.983535 0.000723 0.000361
 0.000361 0.998556 0.000723 0.000361
 0.000361 0.908428 0.015744 0.075467
 0.045427 0.676827 0.015744 0.262002
 0.270803 0.000723 0.728114 0.000361
 0.000361 0.015744 0.030766 0.953130
 0.015382 0.908426 0.015744 0.060448
 0.000361 0.000723 0.000723 0.998194
 0.000361 0.923447 0.000723 0.075469
 0.060446 0.045787 0.000723 0.893044
 0.998194 0.000723 0.000723 0.000361

MOTIF 15-CCAAGGYCAC STREME-15
letter-probability matrix: alength= 4 w= 10 nsites= 526 E= 1.2e-001
 0.077338 0.771503 0.000307 0.150852
 0.021756 0.950856 0.000307 0.027082
 0.986467 0.000307 0.000307 0.012919
 0.806863 0.034415 0.000307 0.158415
 0.033150 0.022907 0.935682 0.008261
 0.003106 0.000307 0.983951 0.012635
 0.011132 0.630992 0.006690 0.351186
 0.174354 0.759364 0.000307 0.065975
 0.953103 0.035040 0.011703 0.000153
 0.051406 0.652971 0.154804 0.140819

MOTIF 16-AAATAMAAAAAWWA STREME-16
letter-probability matrix: alength= 4 w= 14 nsites= 270 E= 1.3e-001
 0.941505 0.000215 0.000215 0.058066
 0.937046 0.004673 0.026965 0.031316
 0.959338 0.004673 0.035882 0.000107
 0.286021 0.093843 0.018048 0.602088
 0.888004 0.022507 0.040340 0.049150
 0.334646 0.538347 0.060024 0.066983
 0.959338 0.004673 0.026965 0.009024
 0.816667 0.067091 0.053715 0.062526
 0.928129 0.000215 0.004673 0.066983
 0.791882 0.098300 0.042834 0.066983
 0.794373 0.080469 0.035882 0.089276
 0.437530 0.038574 0.044800 0.479096
 0.412314 0.019958 0.022507 0.545221
 0.685373 0.037502 0.109077 0.168047

MOTIF 17-CACTTCCGGY STREME-17
letter-probability matrix: alength= 4 w= 10 nsites= 166 E= 1.4e-001
 0.079303 0.833194 0.037734 0.049769
 0.998137 0.000745 0.000745 0.000372
 0.000372 0.998511 0.000745 0.000372
 0.000372 0.000745 0.000745 0.998137
 0.030666 0.000745 0.000745 0.967844
 0.000372 0.998511 0.000745 0.000372
 0.000372 0.969608 0.029648 0.000372
 0.000372 0.000745 0.998511 0.000372
 0.062344 0.207427 0.628530 0.101699
 0.000372 0.500151 0.121550 0.377926

MOTIF 18-AGAATYGCTTGARCC STREME-18
letter-probability matrix: alength= 4 w= 15 nsites= 82 E= 1.5e-001
 0.901318 0.000667 0.056104 0.041911
 0.028052 0.000667 0.957089 0.014192
 0.707278 0.000667 0.277863 0.014192
 0.970615 0.000667 0.014526 0.014192
 0.000333 0.000667 0.000667 0.998333
 0.041911 0.402639 0.166980 0.388470
 0.041911 0.000667 0.915511 0.041911
 0.041911 0.929371 0.000667 0.028052
 0.055770 0.000667 0.069965 0.873598
 0.000333 0.014526 0.056104 0.929037
 0.028053 0.000667 0.929370 0.041911
 0.956755 0.000667 0.014526 0.028052
 0.665700 0.000667 0.333300 0.000333
 0.055770 0.901652 0.014526 0.028052
 0.000333 0.873933 0.014526 0.111208

MOTIF 19-CGCCGCCTC STREME-19
letter-probability matrix: alength= 4 w= 9 nsites= 1272 E= 2.3e-001
 0.000342 0.970987 0.019521 0.009150
 0.052112 0.061792 0.885754 0.000342
 0.003096 0.947091 0.005966 0.043847
 0.000342 0.998629 0.000686 0.000342
 0.121522 0.064661 0.813475 0.000342
 0.012552 0.964274 0.004586 0.018588
 0.030525 0.940256 0.008218 0.021000
 0.034035 0.000686 0.248053 0.717227
 0.031993 0.814014 0.025488 0.128506

MOTIF 20-GCCACCAYGCCCRG STREME-20
letter-probability matrix: alength= 4 w= 14 nsites= 79 E= 3.1e-001
 0.228426 0.000686 0.770546 0.000342
 0.000342 0.998629 0.000686 0.000342
 0.057361 0.913101 0.000686 0.028852
 0.998286 0.000686 0.000686 0.000342
 0.000342 0.898846 0.000686 0.100126
 0.000342 0.998629 0.000686 0.000342
 0.884243 0.000686 0.114729 0.000342
 0.043107 0.556705 0.000686 0.399502
 0.199921 0.000686 0.799051 0.000342
 0.000342 0.998629 0.000686 0.000342
 0.014597 0.984375 0.000686 0.000342
 0.000342 0.827560 0.000686 0.171411
 0.356731 0.000686 0.642241 0.000342
 0.000342 0.000686 0.998629 0.000342

MOTIF 21-AGCAGCAGCA STREME-21
letter-probability matrix: alength= 4 w= 10 nsites= 370 E= 4.1e-001
 0.941790 0.018993 0.033540 0.005677
 0.065787 0.041845 0.887137 0.005231
 0.036157 0.896341 0.022515 0.044987
 0.990475 0.008553 0.000750 0.000223
 0.034224 0.003718 0.960288 0.001770
 0.008265 0.950689 0.013025 0.028022
 0.849685 0.083057 0.035683 0.031575
 0.078336 0.023522 0.870303 0.027839
 0.014783 0.910928 0.043175 0.031114
 0.832598 0.061741 0.052050 0.053611

MOTIF 22-TGTAAACA STREME-22
letter-probability matrix: alength= 4 w= 8 nsites= 266 E= 4.6e-001
 0.247482 0.000690 0.145637 0.606191
 0.024918 0.000690 0.974047 0.000344
 0.000344 0.000690 0.000690 0.998276
 0.920607 0.078359 0.000690 0.000344
 0.955255 0.000690 0.000690 0.043365
 0.909475 0.000690 0.065558 0.024277
 0.000344 0.846764 0.057603 0.095289
 0.998276 0.000690 0.000690 0.000344

MOTIF 23-CACTYACC STREME-23
letter-probability matrix: alength= 4 w= 8 nsites= 355 E= 5.2e-001
 0.000333 0.872047 0.000667 0.126953
 0.873816 0.000667 0.125184 0.000333
 0.023476 0.975524 0.000667 0.000333
 0.000333 0.000667 0.000667 0.998333
 0.000333 0.610121 0.000667 0.388879
 0.998333 0.000667 0.000667 0.000333
 0.000333 0.998667 0.000667 0.000333
 0.000333 0.998667 0.000667 0.000333

MOTIF 24-CSGGGACC STREME-24
letter-probability matrix: alength= 4 w= 8 nsites= 1681 E= 6.2e-001
 0.000226 0.737341 0.000454 0.261978
 0.000226 0.666299 0.333248 0.000226
 0.000226 0.000454 0.999093 0.000226
 0.050834 0.019696 0.777683 0.151786
 0.000226 0.000454 0.999093 0.000226
 0.998866 0.000454 0.000454 0.000226
 0.000226 0.772084 0.000454 0.227236
 0.000226 0.779435 0.220112 0.000226

MOTIF 25-GGTGCTGAA STREME-25
letter-probability matrix: alength= 4 w= 9 nsites= 65 E= 6.2e-001
 0.015136 0.030318 0.939409 0.015136
 0.015136 0.030318 0.939409 0.015136
 0.015136 0.030318 0.030318 0.924227
 0.015136 0.030318 0.939409 0.015136
 0.015136 0.939409 0.030318 0.015136
 0.015136 0.030318 0.030318 0.924227
 0.015136 0.030318 0.939409 0.015136
 0.924227 0.030318 0.030318 0.015136
 0.924227 0.030318 0.030318 0.015136

MOTIF 26-AGGARGAGRAGGRRR STREME-26
letter-probability matrix: alength= 4 w= 15 nsites= 376 E= 8.4e-001
 0.999644 0.000142 0.000142 0.000071
 0.076982 0.032682 0.890265 0.000071
 0.000071 0.000142 0.999716 0.000071
 0.999644 0.000142 0.000142 0.000071
 0.348695 0.000142 0.553474 0.097689
 0.023736 0.006059 0.970134 0.000071
 0.999644 0.000142 0.000142 0.000071
 0.253967 0.000142 0.689615 0.056275
 0.296608 0.041556 0.570063 0.091773
 0.546327 0.082970 0.216811 0.153893
 0.253465 0.000142 0.580667 0.165726
 0.251512 0.100719 0.647698 0.000071
 0.512950 0.022077 0.382074 0.082898
 0.314469 0.036867 0.591161 0.057503
 0.350358 0.100161 0.489021 0.060461

MOTIF 27-CCCGGGCC STREME-27
letter-probability matrix: alength= 4 w= 8 nsites= 789 E= 8.5e-001
 0.015136 0.939409 0.030318 0.015136
 0.015136 0.939409 0.030318 0.015136
 0.015136 0.939409 0.030318 0.015136
 0.015136 0.030318 0.939409 0.015136
 0.015136 0.030318 0.939409 0.015136
 0.015136 0.030318 0.939409 0.015136
 0.015136 0.939409 0.030318 0.015136
 0.015136 0.939409 0.030318 0.015136

MOTIF 28-AACCCCAA STREME-28
letter-probability matrix: alength= 4 w= 8 nsites= 412 E= 9.3e-001
 0.748028 0.000888 0.250641 0.000443
 0.814754 0.080995 0.000888 0.103364
 0.052928 0.861874 0.084755 0.000443
 0.000443 0.952391 0.000888 0.046278
 0.000443 0.998226 0.000888 0.000443
 0.148860 0.849809 0.000888 0.000443
 0.997782 0.000888 0.000888 0.000443
 0.997782 0.000888 0.000888 0.000443

MOTIF 29-AGTGAGCCGAGATC STREME-29
letter-probability matrix: alength= 4 w= 14 nsites= 59 E= 1.2e+000
 0.913441 0.000813 0.051529 0.034216
 0.017311 0.000813 0.981470 0.000406
 0.000406 0.017718 0.000813 0.981062
 0.000406 0.000813 0.964565 0.034216
 0.964157 0.000813 0.017718 0.017311
 0.017311 0.000813 0.964565 0.017311
 0.000406 0.947660 0.051528 0.000406
 0.000406 0.694071 0.000813 0.304710
 0.321636 0.017718 0.660239 0.000406
 0.879633 0.051528 0.017718 0.051121
 0.000406 0.000813 0.998374 0.000406
 0.981062 0.000813 0.017718 0.000406
 0.017311 0.034623 0.000813 0.947253
 0.000406 0.710986 0.102244 0.186364

MOTIF 30-ACTACAACTCCCA STREME-30
letter-probability matrix: alength= 4 w= 13 nsites= 68 E= 1.2e+000
 0.954054 0.022712 0.001043 0.022190
 0.000521 0.997916 0.001043 0.000521
 0.000521 0.066054 0.001043 0.932383
 0.932385 0.001043 0.022712 0.043860
 0.000521 0.976246 0.001043 0.022190
 0.759022 0.001043 0.174403 0.065532
 0.715683 0.066052 0.044382 0.173883
 0.108872 0.651192 0.044384 0.195553
 0.000521 0.066054 0.001043 0.932383
 0.000521 0.976246 0.001043 0.022190
 0.022190 0.976246 0.001043 0.000521
 0.000521 0.997916 0.001043 0.000521
 0.802362 0.001043 0.152735 0.043860

MOTIF 31-CAGGCTGGTCTCAAA STREME-31
letter-probability matrix: alength= 4 w= 15 nsites= 51 E= 1.2e+000
 0.000630 0.971265 0.027475 0.000630
 0.970634 0.001261 0.027475 0.000630
 0.000630 0.001261 0.997479 0.000630
 0.000630 0.027475 0.945051 0.026844
 0.026844 0.945051 0.027475 0.000630
 0.000630 0.027475 0.001261 0.970634
 0.053058 0.027475 0.918837 0.000630
 0.000630 0.001261 0.945049 0.053060
 0.026844 0.001261 0.001261 0.970634
 0.000630 0.840193 0.027475 0.131702
 0.000630 0.053689 0.027475 0.918206
 0.026844 0.813961 0.027475 0.131720
 0.629825 0.079905 0.289640 0.000630
 0.970634 0.001261 0.027475 0.000630
 0.944420 0.027475 0.001261 0.026844

MOTIF 32-CAGGTAASGG STREME-32
letter-probability matrix: alength= 4 w= 10 nsites= 94 E= 1.3e+000
 0.034649 0.716935 0.105894 0.142522
 0.936415 0.020302 0.042747 0.000535
 0.011732 0.012009 0.966474 0.009785
 0.039402 0.010990 0.937876 0.011732
 0.003789 0.022715 0.024813 0.948683
 0.920224 0.051277 0.000551 0.027947
 0.947612 0.029665 0.004797 0.017927
 0.048324 0.294649 0.588004 0.069022
 0.028470 0.051847 0.919407 0.000275
 0.052304 0.108451 0.822758 0.016487

MOTIF 33-CAGTTTCC STREME-33
letter-probability matrix: alength= 4 w= 8 nsites= 146 E= 1.5e+000
 0.015136 0.939409 0.030318 0.015136
 0.924227 0.030318 0.030318 0.015136
 0.015136 0.030318 0.939409 0.015136
 0.015136 0.030318 0.030318 0.924227
 0.015136 0.030318 0.030318 0.924227
 0.015136 0.030318 0.030318 0.924227
 0.015136 0.939409 0.030318 0.015136
 0.015136 0.939409 0.030318 0.015136

MOTIF 34-CGGGAAG STREME-34
letter-probability matrix: alength= 4 w= 7 nsites= 657 E= 1.5e+000
 0.015136 0.939409 0.030318 0.015136
 0.015136 0.030318 0.939409 0.015136
 0.015136 0.030318 0.939409 0.015136
 0.015136 0.030318 0.939409 0.015136
 0.924227 0.030318 0.030318 0.015136
 0.924227 0.030318 0.030318 0.015136
 0.015136 0.030318 0.939409 0.015136

MOTIF 35-CTCGGCTCC STREME-35
letter-probability matrix: alength= 4 w= 9 nsites= 117 E= 1.5e+000
 0.015136 0.939409 0.030318 0.015136
 0.015136 0.030318 0.030318 0.924227
 0.015136 0.939409 0.030318 0.015136
 0.015136 0.030318 0.939409 0.015136
 0.015136 0.030318 0.939409 0.015136
 0.015136 0.939409 0.030318 0.015136
 0.015136 0.030318 0.030318 0.924227
 0.015136 0.939409 0.030318 0.015136
 0.015136 0.939409 0.030318 0.015136

MOTIF 36-AGTAGCTG STREME-36
letter-probability matrix: alength= 4 w= 8 nsites= 368 E= 1.9e+000
 0.998912 0.000435 0.000435 0.000217
 0.000217 0.000435 0.999130 0.000217
 0.000217 0.000435 0.000435 0.998912
 0.998912 0.000435 0.000435 0.000217
 0.169838 0.218070 0.565691 0.046401
 0.029857 0.665744 0.238007 0.066392
 0.000217 0.000435 0.000435 0.998912
 0.255648 0.000435 0.743699 0.000217

MOTIF 37-CTCCCTCCCTC STREME-37
letter-probability matrix: alength= 4 w= 11 nsites= 116 E= 1.9e+000
 0.030038 0.863360 0.013117 0.093486
 0.000452 0.000906 0.000906 0.997736
 0.009866 0.859380 0.049960 0.080794
 0.078417 0.896070 0.025060 0.000452
 0.022515 0.883190 0.027408 0.066886
 0.000452 0.000906 0.000906 0.997736
 0.075770 0.896511 0.012626 0.015094
 0.008079 0.958357 0.033112 0.000452
 0.034625 0.890461 0.015409 0.059505
 0.000452 0.000906 0.000906 0.997736
 0.021516 0.945433 0.000906 0.032146

MOTIF 38-ACACRCACACACAC STREME-38
letter-probability matrix: alength= 4 w= 14 nsites= 166 E= 4.9e+000
 0.907392 0.007126 0.078519 0.006962
 0.000163 0.938581 0.045227 0.016028
 0.914771 0.013925 0.043944 0.027360
 0.050578 0.821840 0.037144 0.090437
 0.296966 0.057541 0.563740 0.081753
 0.013761 0.917757 0.041122 0.027360
 0.955566 0.003149 0.041122 0.000163
 0.043780 0.846943 0.068318 0.040958
 0.791095 0.020724 0.154021 0.034159
 0.095351 0.785752 0.098336 0.020561
 0.740687 0.081916 0.106420 0.070977
 0.000163 0.910958 0.041122 0.047757
 0.788272 0.050171 0.119885 0.041673
 0.040958 0.850830 0.077939 0.030273

MOTIF 39-CAGGGCCAGGGCCA STREME-39
letter-probability matrix: alength= 4 w= 14 nsites= 65 E= 5.0e+000
 0.000362 0.923239 0.030850 0.045549
 0.862625 0.000725 0.136288 0.000362
 0.090737 0.045913 0.862988 0.000362
 0.000362 0.045912 0.862988 0.090738
 0.000362 0.067226 0.871801 0.060612
 0.090737 0.766363 0.037101 0.105799
 0.000362 0.938302 0.060975 0.000362
 0.998189 0.000725 0.000725 0.000362
 0.000362 0.000725 0.998552 0.000362
 0.058052 0.030850 0.910737 0.000362
 0.015424 0.121226 0.742488 0.120862
 0.090737 0.893114 0.000725 0.015424
 0.075674 0.886863 0.037101 0.000362
 0.772248 0.151352 0.076038 0.000362

MOTIF 40-CGCCATGGCG STREME-40
letter-probability matrix: alength= 4 w= 10 nsites= 678 E= 5.7e+000
 0.055773 0.610007 0.164367 0.169853
 0.219251 0.002114 0.646973 0.131662
 0.101499 0.801593 0.000186 0.096722
 0.073388 0.864500 0.033391 0.028721
 0.998359 0.000186 0.001362 0.000093
 0.000093 0.001362 0.000186 0.998359
 0.028721 0.033391 0.864500 0.073388
 0.096722 0.000186 0.801593 0.101499
 0.131662 0.646973 0.002114 0.219251
 0.169853 0.164367 0.610007 0.055773

********************************************************************************
Stopped because 3 consecutive motifs exceeded the p-value threshold (0.05).
********************************************************************************
COMMAND:	streme --verbosity 1 --oc meme_out_incomplete_DL/HepG2_HES4-human_ENCFF373PAY/streme_out -dna --seed 0 --p meme_out_incomplete_DL/HepG2_HES4-human_ENCFF373PAY/seqs-centered --minw 6 --maxw 15 --time 6186 --order 2 --thresh 0.05 --align center --totallength 4000000 --parse-genomic-coord
********************************************************************************
CPU:		9f05ee173ae9
********************************************************************************
FINALTIME:	1001.70 seconds
********************************************************************************
