********************************************************************************
STREME - Sensitive, Thorough, Rapid, Enriched Motif Elicitation
********************************************************************************
MEME version 5.5.3 (Release date: Sat Jun 10 16:19:38 2023 -0700)

For further information on how to interpret these results please access http://localhost:8080/meme_5.5.3.
To get a copy of the MEME Suite software please access https://meme-suite.org.

********************************************************************************


********************************************************************************
REFERENCE
********************************************************************************
If you use this program in your research, please cite:

Timothy L. Bailey,
"STREME: accurate and versatile sequence motif discovery",
Bioinformatics, Mar. 24, 2021.
********************************************************************************


ALPHABET= ACGT

strands: + -

Background letter frequencies
A 0.236 C 0.264 G 0.264 T 0.236 

MOTIF 1-GCCTCAGCCTCCCAA STREME-1
letter-probability matrix: alength= 4 w= 15 nsites= 2232 E= 5.6e-058
 0.270062 0.008833 0.705420 0.015686
 0.008341 0.936578 0.001488 0.053593
 0.000506 0.954982 0.005405 0.039107
 0.003934 0.005405 0.003446 0.987215
 0.007362 0.847172 0.000019 0.145447
 0.661384 0.008343 0.313608 0.016665
 0.035273 0.000998 0.962733 0.000996
 0.005403 0.788006 0.001488 0.205103
 0.004424 0.807390 0.001488 0.186699
 0.001975 0.000998 0.001977 0.995049
 0.002465 0.907401 0.001488 0.088646
 0.006872 0.946861 0.000998 0.045269
 0.033680 0.674324 0.013240 0.278756
 0.507593 0.209429 0.251420 0.031558
 0.915890 0.017647 0.059101 0.007362

MOTIF 2-GCTGGGATTACAGGC STREME-2
letter-probability matrix: alength= 4 w= 15 nsites= 1720 E= 5.2e-050
 0.035252 0.010914 0.941641 0.012192
 0.005146 0.943563 0.005149 0.046142
 0.005146 0.013476 0.003227 0.978150
 0.094184 0.005789 0.893600 0.006427
 0.051266 0.006430 0.928190 0.014114
 0.044861 0.009633 0.936517 0.008990
 0.974948 0.003868 0.016679 0.004506
 0.003225 0.277385 0.004508 0.714882
 0.003865 0.041661 0.012836 0.941639
 0.965339 0.003227 0.029490 0.001943
 0.007068 0.921784 0.009633 0.061515
 0.983275 0.003868 0.012195 0.000662
 0.044220 0.004508 0.940360 0.010911
 0.053828 0.007071 0.924346 0.014755
 0.021801 0.701433 0.016038 0.260728

MOTIF 3-GMGCCACCRCRCC STREME-3
letter-probability matrix: alength= 4 w= 13 nsites= 1625 E= 1.1e-041
 0.117193 0.089936 0.792148 0.000724
 0.488122 0.361915 0.001426 0.148537
 0.206949 0.000027 0.793001 0.000024
 0.003523 0.941136 0.000027 0.055314
 0.000024 0.986978 0.000027 0.012971
 0.986560 0.000027 0.013389 0.000024
 0.001424 0.981729 0.000027 0.016821
 0.000024 0.756245 0.010115 0.233616
 0.533349 0.000027 0.458902 0.007722
 0.004223 0.708354 0.000027 0.287396
 0.349068 0.003526 0.636884 0.010522
 0.005623 0.953034 0.000027 0.041317
 0.001424 0.826896 0.004807 0.166874

MOTIF 4-CCAGCCTGGSCAACA STREME-4
letter-probability matrix: alength= 4 w= 15 nsites= 1464 E= 9.2e-041
 0.009156 0.940576 0.012202 0.038066
 0.007634 0.948945 0.003072 0.040349
 0.988504 0.003833 0.006115 0.001548
 0.031219 0.016006 0.911665 0.041110
 0.006112 0.956553 0.005355 0.031980
 0.004591 0.950467 0.006876 0.038066
 0.008395 0.015245 0.002311 0.974049
 0.035023 0.003833 0.952749 0.008395
 0.108377 0.001551 0.883200 0.006873
 0.049794 0.330981 0.592571 0.026654
 0.011754 0.812444 0.003833 0.171969
 0.750370 0.014484 0.226750 0.008395
 0.976015 0.000790 0.021647 0.001548
 0.015558 0.902981 0.013723 0.067738
 0.942540 0.001551 0.045993 0.009916

MOTIF 5-CCCATTTTACAGA STREME-5
letter-probability matrix: alength= 4 w= 13 nsites= 1496 E= 7.6e-040
 0.009097 0.912686 0.011368 0.066848
 0.001851 0.981464 0.000029 0.016656
 0.001538 0.976485 0.000029 0.021948
 0.970720 0.000941 0.026045 0.002294
 0.004561 0.062033 0.004565 0.928841
 0.003805 0.018631 0.007588 0.969976
 0.016214 0.042507 0.052189 0.889089
 0.021948 0.198446 0.031779 0.747827
 0.841425 0.038896 0.093638 0.026041
 0.023773 0.859442 0.027999 0.088786
 0.940569 0.003809 0.034673 0.020949
 0.010167 0.003053 0.982975 0.003805
 0.880693 0.031249 0.075181 0.012877

MOTIF 6-AACTCCTGRSCTCA STREME-6
letter-probability matrix: alength= 4 w= 14 nsites= 1253 E= 1.4e-034
 0.940732 0.002748 0.055585 0.000935
 0.758051 0.203519 0.011793 0.026637
 0.006738 0.961539 0.004557 0.027166
 0.002744 0.012698 0.004557 0.980001
 0.002744 0.937118 0.008175 0.051963
 0.004553 0.939302 0.001843 0.054301
 0.010481 0.076917 0.003652 0.908949
 0.050683 0.000034 0.948347 0.000935
 0.468494 0.009984 0.513350 0.008171
 0.061537 0.550702 0.362029 0.025732
 0.000935 0.854570 0.001843 0.142651
 0.004024 0.009080 0.000939 0.985957
 0.001840 0.939748 0.009984 0.048428
 0.888938 0.016316 0.091098 0.003649

MOTIF 7-YGTCTCTACWAAAAA STREME-7
letter-probability matrix: alength= 4 w= 15 nsites= 1039 E= 9.7e-025
 0.008666 0.585136 0.010828 0.395370
 0.304673 0.009749 0.673675 0.011902
 0.008666 0.018379 0.002646 0.970309
 0.010824 0.942032 0.011907 0.035238
 0.001115 0.002198 0.003277 0.993409
 0.000037 0.953502 0.019457 0.027004
 0.175814 0.021615 0.004356 0.798215
 0.985276 0.004356 0.003860 0.006509
 0.210332 0.750757 0.012985 0.025925
 0.411550 0.042110 0.009749 0.536591
 0.943790 0.017300 0.022694 0.016217
 0.936239 0.045346 0.009749 0.008666
 0.955655 0.029166 0.003277 0.011902
 0.944868 0.023772 0.005435 0.025925
 0.894170 0.018379 0.029166 0.058286

MOTIF 8-GCAGTGAGCYRWGAT STREME-8
letter-probability matrix: alength= 4 w= 15 nsites= 826 E= 3.8e-021
 0.074415 0.001404 0.911405 0.012776
 0.002750 0.952531 0.002756 0.041963
 0.930891 0.012221 0.050081 0.006807
 0.043315 0.005460 0.945770 0.005455
 0.001398 0.021686 0.002756 0.974160
 0.027089 0.004108 0.967405 0.001398
 0.983625 0.002756 0.010869 0.002750
 0.060893 0.009517 0.926840 0.002750
 0.004103 0.928192 0.006812 0.060893
 0.028441 0.545532 0.012221 0.413806
 0.417071 0.014925 0.559844 0.008159
 0.569304 0.027095 0.006812 0.396789
 0.010863 0.002756 0.982278 0.004103
 0.960638 0.004108 0.028447 0.006807
 0.004103 0.018982 0.002756 0.974160

MOTIF 9-TGTGACCTTGGGCAA STREME-9
letter-probability matrix: alength= 4 w= 15 nsites= 891 E= 2.2e-019
 0.043522 0.048496 0.082037 0.825945
 0.059672 0.023651 0.905455 0.011223
 0.013707 0.022408 0.009986 0.953899
 0.048491 0.006259 0.937755 0.007496
 0.869424 0.013712 0.084522 0.032341
 0.018676 0.925331 0.001290 0.054702
 0.013707 0.868187 0.007501 0.110605
 0.010496 0.077069 0.002532 0.909904
 0.012465 0.087007 0.041042 0.859486
 0.123028 0.013712 0.826676 0.036584
 0.213714 0.005016 0.765078 0.016192
 0.169507 0.069615 0.728021 0.032857
 0.080790 0.767563 0.032347 0.119301
 0.770769 0.091249 0.093218 0.044764
 0.750892 0.055950 0.127275 0.065883

MOTIF 10-AAAAATTAGCYR STREME-10
letter-probability matrix: alength= 4 w= 12 nsites= 770 E= 2.3e-019
 0.906657 0.060744 0.009790 0.022809
 0.976935 0.009790 0.008672 0.004603
 0.966455 0.016747 0.010678 0.006120
 0.941040 0.017516 0.004981 0.036463
 0.968861 0.009161 0.017376 0.004603
 0.017462 0.020978 0.009790 0.951770
 0.000052 0.000058 0.000058 0.999833
 0.996798 0.003092 0.000058 0.000052
 0.044868 0.010969 0.923360 0.020803
 0.008665 0.971992 0.009161 0.010182
 0.006120 0.620855 0.001575 0.371449
 0.371148 0.010678 0.589297 0.028877

MOTIF 11-AGYAAACA STREME-11
letter-probability matrix: alength= 4 w= 8 nsites= 2721 E= 3.6e-019
 0.701380 0.000055 0.109177 0.189388
 0.247872 0.000055 0.752024 0.000049
 0.000049 0.374384 0.000055 0.625512
 0.980833 0.019063 0.000055 0.000049
 0.999841 0.000055 0.000055 0.000049
 0.999841 0.000055 0.000055 0.000049
 0.000049 0.726315 0.000055 0.273581
 0.999841 0.000055 0.000055 0.000049

MOTIF 12-GGAGGATCRC STREME-12
letter-probability matrix: alength= 4 w= 10 nsites= 1199 E= 2.4e-018
 0.000041 0.000046 0.999871 0.000041
 0.018099 0.000046 0.981813 0.000041
 0.541541 0.251683 0.000046 0.206730
 0.097108 0.000046 0.902805 0.000041
 0.222860 0.000046 0.777052 0.000041
 0.999866 0.000046 0.000046 0.000041
 0.000041 0.000046 0.000046 0.999866
 0.000041 0.842112 0.000046 0.157800
 0.646096 0.000046 0.353817 0.000041
 0.000041 0.958569 0.000046 0.041344

MOTIF 13-CAAAGKYCA STREME-13
letter-probability matrix: alength= 4 w= 9 nsites= 2176 E= 7.0e-014
 0.000051 0.846295 0.045706 0.107948
 0.824205 0.148778 0.017098 0.009920
 0.842128 0.000057 0.144296 0.013519
 0.974757 0.000057 0.025135 0.000051
 0.000051 0.000521 0.999377 0.000051
 0.021528 0.015813 0.442048 0.520610
 0.016572 0.344774 0.039219 0.599435
 0.000051 0.985672 0.000057 0.014220
 0.935358 0.014585 0.050007 0.000051

MOTIF 14-GGGTTTCACCA STREME-14
letter-probability matrix: alength= 4 w= 11 nsites= 558 E= 3.4e-013
 0.049342 0.000082 0.950502 0.000074
 0.067154 0.005304 0.927469 0.000074
 0.018018 0.000082 0.981826 0.000074
 0.000074 0.000082 0.000082 0.999762
 0.000074 0.044494 0.000082 0.955350
 0.000074 0.000082 0.000082 0.999762
 0.000074 0.966239 0.006569 0.027118
 0.880263 0.000082 0.069434 0.050220
 0.010885 0.939226 0.000082 0.049806
 0.000074 0.887995 0.000082 0.111849
 0.860676 0.000082 0.139168 0.000074

MOTIF 15-ACCTCTCTGRGCCTC STREME-15
letter-probability matrix: alength= 4 w= 15 nsites= 693 E= 6.9e-013
 0.622314 0.214123 0.122884 0.040678
 0.010991 0.874185 0.031958 0.082866
 0.026616 0.840724 0.017247 0.115413
 0.016327 0.014122 0.000060 0.969492
 0.000053 0.937334 0.001622 0.060991
 0.009428 0.035997 0.029747 0.924827
 0.003178 0.959209 0.001622 0.035991
 0.002264 0.023497 0.006310 0.967929
 0.050054 0.014122 0.924834 0.010991
 0.549525 0.007872 0.278486 0.164117
 0.128827 0.014122 0.810122 0.046928
 0.023491 0.853872 0.007872 0.114765
 0.028178 0.816372 0.007872 0.147577
 0.026616 0.128185 0.017247 0.827952
 0.034428 0.693848 0.083521 0.188203

MOTIF 16-AGACAGRGTCTYRCT STREME-16
letter-probability matrix: alength= 4 w= 15 nsites= 452 E= 1.6e-007
 0.930132 0.005066 0.029921 0.034881
 0.069678 0.019979 0.900317 0.010027
 0.922676 0.000095 0.064717 0.012512
 0.012512 0.823267 0.005066 0.159155
 0.766091 0.010037 0.211361 0.012512
 0.126844 0.002580 0.855578 0.014998
 0.415160 0.002580 0.554835 0.027425
 0.092525 0.002580 0.889897 0.014998
 0.005056 0.027435 0.000095 0.967415
 0.000085 0.907773 0.012522 0.079620
 0.012512 0.015008 0.012522 0.959958
 0.019968 0.537436 0.042348 0.400247
 0.390783 0.044833 0.546901 0.017483
 0.002570 0.930143 0.005066 0.062222
 0.022454 0.029921 0.002580 0.945045

MOTIF 17-AAACTGAGGCTCAG STREME-17
letter-probability matrix: alength= 4 w= 14 nsites= 335 E= 3.0e-006
 0.974334 0.012779 0.012779 0.000108
 0.910747 0.037077 0.039410 0.012766
 0.977498 0.003285 0.019109 0.000108
 0.006437 0.936371 0.025438 0.031754
 0.041248 0.063414 0.022273 0.873064
 0.110871 0.000121 0.888901 0.000108
 0.996486 0.000121 0.003285 0.000108
 0.053907 0.006450 0.930041 0.009602
 0.176790 0.044426 0.734371 0.044413
 0.015931 0.848298 0.017257 0.118513
 0.188429 0.251442 0.025438 0.534691
 0.067879 0.688214 0.050755 0.193152
 0.762840 0.033080 0.139366 0.064714
 0.223241 0.028603 0.735390 0.012766

MOTIF 18-RTTGCGCAAY STREME-18
letter-probability matrix: alength= 4 w= 10 nsites= 815 E= 1.1e-005
 0.510056 0.039423 0.450413 0.000108
 0.000108 0.000121 0.000121 0.999650
 0.000108 0.001709 0.000121 0.998061
 0.254494 0.000121 0.611996 0.133389
 0.107778 0.581817 0.042654 0.267751
 0.267751 0.042654 0.581817 0.107778
 0.133389 0.611996 0.000121 0.254494
 0.998061 0.000121 0.001709 0.000108
 0.999650 0.000121 0.000121 0.000108
 0.000108 0.450413 0.039423 0.510056

MOTIF 19-AGATCAAAGBC STREME-19
letter-probability matrix: alength= 4 w= 11 nsites= 717 E= 4.8e-005
 0.834426 0.011024 0.127399 0.027151
 0.033982 0.108722 0.850611 0.006685
 0.667289 0.000104 0.097927 0.234679
 0.125391 0.014885 0.000104 0.859620
 0.015216 0.951482 0.033210 0.000093
 0.948650 0.000104 0.036724 0.014521
 0.990035 0.001579 0.000104 0.008282
 0.944380 0.000104 0.023415 0.032101
 0.005807 0.029403 0.905458 0.059332
 0.162874 0.369661 0.255726 0.211738
 0.225881 0.511593 0.154708 0.107818

MOTIF 20-AGGATTAAATGAGA STREME-20
letter-probability matrix: alength= 4 w= 14 nsites= 232 E= 5.5e-005
 0.919346 0.000180 0.056745 0.023729
 0.146287 0.014321 0.806235 0.033157
 0.151001 0.056745 0.777952 0.014302
 0.928774 0.014321 0.033176 0.023729
 0.009588 0.056745 0.061459 0.872208
 0.023729 0.052031 0.019035 0.905205
 0.787360 0.094455 0.118024 0.000161
 0.881636 0.061459 0.056745 0.000161
 0.843926 0.042604 0.113310 0.000161
 0.019016 0.009607 0.042604 0.928774
 0.155715 0.009607 0.825090 0.009588
 0.994766 0.000180 0.004893 0.000161
 0.202853 0.028462 0.726101 0.042584
 0.570527 0.052031 0.099169 0.278273

MOTIF 21-ARTGCAGTGGYG STREME-21
letter-probability matrix: alength= 4 w= 12 nsites= 428 E= 1.8e-004
 0.990360 0.009443 0.000104 0.000093
 0.336121 0.021983 0.629729 0.012167
 0.000093 0.005574 0.052064 0.942269
 0.030236 0.019248 0.944953 0.005563
 0.019237 0.980566 0.000104 0.000093
 0.999698 0.000104 0.000104 0.000093
 0.269023 0.000104 0.730779 0.000093
 0.000093 0.016513 0.000104 0.983289
 0.016755 0.000104 0.945225 0.037915
 0.133494 0.000104 0.836225 0.030176
 0.000093 0.510420 0.021981 0.467506
 0.154214 0.000104 0.815506 0.030175

MOTIF 22-CYCAGGGCCTTTGC STREME-22
letter-probability matrix: alength= 4 w= 14 nsites= 207 E= 3.2e-004
 0.005706 0.977343 0.000210 0.016741
 0.160199 0.285349 0.011246 0.543206
 0.000188 0.988379 0.000210 0.011223
 0.933180 0.011246 0.016763 0.038811
 0.000188 0.000210 0.999414 0.000188
 0.016741 0.005728 0.955273 0.022258
 0.198823 0.044351 0.751120 0.005706
 0.027776 0.971826 0.000210 0.000188
 0.022258 0.971826 0.005728 0.000188
 0.000188 0.027799 0.000210 0.971803
 0.005706 0.005728 0.011246 0.977321
 0.005706 0.005728 0.026020 0.962546
 0.000188 0.000210 0.988379 0.011223
 0.016741 0.975054 0.002500 0.005706

MOTIF 23-CCCCRCCCCC STREME-23
letter-probability matrix: alength= 4 w= 10 nsites= 829 E= 5.2e-004
 0.000119 0.999628 0.000133 0.000119
 0.000119 0.999628 0.000133 0.000119
 0.000119 0.999628 0.000133 0.000119
 0.000119 0.996932 0.002829 0.000119
 0.332720 0.000133 0.478541 0.188605
 0.121034 0.751448 0.000133 0.127384
 0.000119 0.999628 0.000133 0.000119
 0.000119 0.999628 0.000133 0.000119
 0.041220 0.929517 0.000133 0.029129
 0.096128 0.601233 0.181661 0.120978

MOTIF 24-ACAGTGCCTGGCACA STREME-24
letter-probability matrix: alength= 4 w= 15 nsites= 271 E= 6.4e-004
 0.813468 0.103097 0.055583 0.027851
 0.071405 0.817444 0.000151 0.111000
 0.847461 0.073064 0.035786 0.043689
 0.138716 0.031827 0.829322 0.000135
 0.063486 0.063502 0.039746 0.833266
 0.122878 0.012029 0.853079 0.012013
 0.035770 0.908512 0.004110 0.051608
 0.000135 0.833282 0.000151 0.166432
 0.039729 0.063502 0.019948 0.876820
 0.182270 0.012029 0.805566 0.000135
 0.051608 0.087259 0.857039 0.004094
 0.071405 0.754092 0.004110 0.170392
 0.864941 0.035786 0.031827 0.067446
 0.041372 0.728693 0.000151 0.229784
 0.670928 0.059543 0.126854 0.142676

MOTIF 25-AAASAAAACAAA STREME-25
letter-probability matrix: alength= 4 w= 12 nsites= 245 E= 7.9e-004
 0.940598 0.005550 0.026937 0.026915
 0.861311 0.098659 0.000204 0.039826
 0.943726 0.026937 0.023808 0.005529
 0.009814 0.378130 0.595835 0.016222
 0.939965 0.022224 0.037630 0.000182
 0.975807 0.000204 0.013114 0.010875
 0.967570 0.016243 0.003093 0.013094
 0.929411 0.000204 0.025214 0.045172
 0.173303 0.668547 0.131235 0.026915
 0.681881 0.269614 0.026937 0.021568
 0.967331 0.000204 0.010897 0.021568
 0.964778 0.006659 0.012341 0.016222

MOTIF 26-TCCCRGGTTCAA STREME-26
letter-probability matrix: alength= 4 w= 12 nsites= 390 E= 1.2e-003
 0.088726 0.061290 0.082116 0.767867
 0.016765 0.868075 0.009625 0.105535
 0.035426 0.884760 0.054910 0.024904
 0.065016 0.665230 0.031074 0.238680
 0.387297 0.004858 0.548127 0.059718
 0.007231 0.003463 0.984457 0.004848
 0.048737 0.002474 0.946324 0.002465
 0.023915 0.117264 0.024914 0.833906
 0.002465 0.012229 0.010614 0.974693
 0.002465 0.986543 0.000091 0.010902
 0.834070 0.028913 0.115484 0.021532
 0.928040 0.046365 0.006446 0.019149

MOTIF 27-CCASCAGGGGGCG STREME-27
letter-probability matrix: alength= 4 w= 13 nsites= 268 E= 3.3e-003
 0.022651 0.945528 0.031668 0.000153
 0.000153 0.999522 0.000172 0.000153
 0.633444 0.009171 0.289739 0.067646
 0.000153 0.602068 0.397626 0.000153
 0.054147 0.648563 0.103660 0.193629
 0.986005 0.000172 0.013670 0.000153
 0.000153 0.000172 0.999522 0.000153
 0.316614 0.009171 0.674063 0.000153
 0.000153 0.013670 0.841624 0.144553
 0.000153 0.000172 0.999522 0.000153
 0.013652 0.000172 0.959027 0.027150
 0.000153 0.999522 0.000172 0.000153
 0.322665 0.000172 0.677010 0.000153

MOTIF 28-GCTGTGTGACCTTG STREME-28
letter-probability matrix: alength= 4 w= 14 nsites= 184 E= 6.4e-003
 0.016035 0.028819 0.954967 0.000180
 0.000180 0.994154 0.000201 0.005465
 0.000180 0.047765 0.005486 0.946568
 0.010750 0.026626 0.951875 0.010750
 0.042459 0.031911 0.090045 0.835586
 0.016035 0.016056 0.951875 0.016035
 0.016035 0.037196 0.042481 0.904289
 0.010750 0.042481 0.899026 0.047744
 0.801685 0.016056 0.134517 0.047743
 0.031889 0.833414 0.002394 0.132302
 0.053029 0.714055 0.058335 0.174581
 0.055222 0.226552 0.000201 0.718024
 0.155635 0.134517 0.187364 0.522485
 0.190436 0.039388 0.699099 0.071076

MOTIF 29-GAGCRAGACYC STREME-29
letter-probability matrix: alength= 4 w= 11 nsites= 182 E= 7.9e-003
 0.023014 0.000213 0.823686 0.153088
 0.974762 0.000213 0.011367 0.013658
 0.028076 0.000213 0.960367 0.011344
 0.017710 0.751678 0.017746 0.212867
 0.459395 0.000213 0.534627 0.005765
 0.999385 0.000213 0.000213 0.000190
 0.081796 0.000213 0.917801 0.000190
 0.999385 0.000213 0.000213 0.000190
 0.000190 0.988255 0.000213 0.011343
 0.055962 0.331580 0.011367 0.601092
 0.000190 0.977102 0.005787 0.016920

MOTIF 30-AATGTCAACA STREME-30
letter-probability matrix: alength= 4 w= 10 nsites= 185 E= 2.6e-002
 0.911039 0.021666 0.003698 0.063597
 0.893133 0.081302 0.016439 0.009126
 0.152334 0.001618 0.090152 0.755896
 0.024803 0.008497 0.847891 0.118809
 0.004988 0.019466 0.043340 0.932207
 0.000420 0.989296 0.006172 0.004112
 0.981511 0.000470 0.003802 0.014216
 0.958182 0.009603 0.000470 0.031744
 0.000420 0.995338 0.003822 0.000420
 0.942926 0.019466 0.012805 0.024803

MOTIF 31-GGGAAGGGA STREME-31
letter-probability matrix: alength= 4 w= 9 nsites= 808 E= 3.4e-002
 0.040982 0.003305 0.943175 0.012538
 0.006644 0.042158 0.947238 0.003961
 0.007425 0.001560 0.988170 0.002846
 0.740023 0.157809 0.097122 0.005046
 0.805393 0.025095 0.085812 0.083699
 0.017401 0.005691 0.974088 0.002820
 0.041090 0.015591 0.908279 0.035040
 0.019874 0.016576 0.957492 0.006058
 0.880571 0.040441 0.010792 0.068196

MOTIF 32-GATGAKGAAA STREME-32
letter-probability matrix: alength= 4 w= 10 nsites= 169 E= 4.3e-002
 0.000325 0.000364 0.998987 0.000325
 0.998948 0.000364 0.000364 0.000325
 0.000325 0.000364 0.000364 0.998948
 0.017329 0.000364 0.901487 0.080821
 0.881616 0.009905 0.108154 0.000325
 0.183353 0.009903 0.514538 0.292206
 0.000325 0.024998 0.974352 0.000325
 0.708969 0.275464 0.000364 0.015203
 0.998948 0.000364 0.000364 0.000325
 0.998948 0.000364 0.000364 0.000325

MOTIF 33-AAGGTCA STREME-33
letter-probability matrix: alength= 4 w= 7 nsites= 351 E= 8.3e-002
 0.930536 0.024009 0.024009 0.021445
 0.930536 0.024009 0.024009 0.021445
 0.021445 0.024009 0.933100 0.021445
 0.021445 0.024009 0.933100 0.021445
 0.021445 0.024009 0.024009 0.930536
 0.021445 0.933100 0.024009 0.021445
 0.930536 0.024009 0.024009 0.021445

MOTIF 34-ATGCTGTTCCCT STREME-34
letter-probability matrix: alength= 4 w= 12 nsites= 114 E= 1.1e-001
 0.755720 0.044346 0.000400 0.199534
 0.042289 0.042332 0.036869 0.878509
 0.000357 0.000400 0.998887 0.000357
 0.000357 0.988406 0.000400 0.010838
 0.000357 0.021366 0.063298 0.914979
 0.105188 0.129686 0.712353 0.052773
 0.000357 0.000400 0.000400 0.998844
 0.000357 0.000400 0.000400 0.998844
 0.000357 0.998887 0.000400 0.000357
 0.000357 0.988403 0.010883 0.000357
 0.036153 0.748188 0.000400 0.215260
 0.042289 0.210060 0.000400 0.747251

MOTIF 35-GAATGAATGA STREME-35
letter-probability matrix: alength= 4 w= 10 nsites= 156 E= 1.2e-001
 0.088004 0.000515 0.911021 0.000460
 0.954444 0.000515 0.044580 0.000460
 0.998509 0.000515 0.000515 0.000460
 0.000460 0.000515 0.058146 0.940878
 0.000460 0.000515 0.998564 0.000460
 0.947478 0.000515 0.051546 0.000460
 0.914288 0.084736 0.000515 0.000460
 0.088874 0.015637 0.062948 0.832541
 0.068057 0.000515 0.899538 0.031890
 0.831305 0.090727 0.077508 0.000460

MOTIF 36-ATGAGTCACY STREME-36
letter-probability matrix: alength= 4 w= 10 nsites= 711 E= 1.3e-001
 0.538247 0.249323 0.189828 0.022602
 0.000104 0.001387 0.000117 0.998392
 0.040385 0.000117 0.862749 0.096749
 0.989352 0.000117 0.010427 0.000104
 0.003681 0.194612 0.801602 0.000104
 0.000104 0.041860 0.000117 0.957919
 0.009358 0.990421 0.000117 0.000104
 0.993105 0.000117 0.000117 0.006662
 0.032775 0.659757 0.026778 0.280689
 0.121485 0.402362 0.041743 0.434411

MOTIF 37-RATAATAATAR STREME-37
letter-probability matrix: alength= 4 w= 11 nsites= 291 E= 1.7e-001
 0.396133 0.021608 0.518296 0.063962
 0.888685 0.077115 0.030103 0.004098
 0.000135 0.028785 0.045384 0.925696
 0.806811 0.000151 0.184978 0.008059
 0.936676 0.000151 0.041581 0.021592
 0.063991 0.090703 0.016002 0.829304
 0.978107 0.021607 0.000151 0.000135
 0.834019 0.013683 0.144238 0.008060
 0.024278 0.126211 0.018687 0.830824
 0.843656 0.026612 0.011363 0.118368
 0.271552 0.142476 0.537317 0.048655

MOTIF 38-AACCTCYGCC STREME-38
letter-probability matrix: alength= 4 w= 10 nsites= 206 E= 2.2e-001
 0.986375 0.011069 0.002273 0.000283
 0.985825 0.001443 0.008610 0.004122
 0.042821 0.844292 0.106742 0.006145
 0.005326 0.915882 0.003763 0.075029
 0.000283 0.014250 0.008618 0.976849
 0.003729 0.990110 0.002803 0.003358
 0.000283 0.663312 0.000697 0.335709
 0.097307 0.003401 0.899009 0.000283
 0.012032 0.948743 0.005721 0.033503
 0.000283 0.993302 0.001089 0.005326

MOTIF 39-ATTTCATCA STREME-39
letter-probability matrix: alength= 4 w= 9 nsites= 182 E= 2.3e-001
 0.997699 0.000795 0.000795 0.000710
 0.000710 0.000795 0.000795 0.997699
 0.054707 0.000795 0.000795 0.943702
 0.100304 0.000795 0.266424 0.632477
 0.050403 0.948091 0.000795 0.000710
 0.931089 0.000795 0.067405 0.000710
 0.000710 0.000795 0.000795 0.997699
 0.026835 0.960354 0.000795 0.012015
 0.993004 0.000795 0.005490 0.000710

MOTIF 40-AARTCAATA STREME-40
letter-probability matrix: alength= 4 w= 9 nsites= 177 E= 3.1e-001
 0.649358 0.117420 0.095060 0.138163
 0.767125 0.000435 0.000435 0.232005
 0.536329 0.000435 0.462847 0.000388
 0.000388 0.000435 0.000435 0.998742
 0.000388 0.998788 0.000435 0.000388
 0.883948 0.000435 0.115229 0.000388
 0.998742 0.000435 0.000435 0.000388
 0.000388 0.000435 0.000435 0.998742
 0.998742 0.000435 0.000435 0.000388

MOTIF 41-AGGAAGTGG STREME-41
letter-probability matrix: alength= 4 w= 9 nsites= 943 E= 3.3e-001
 0.678779 0.191067 0.130009 0.000145
 0.000145 0.009648 0.990062 0.000145
 0.000145 0.000163 0.757488 0.242204
 0.999529 0.000163 0.000163 0.000145
 0.999529 0.000163 0.000163 0.000145
 0.141926 0.000163 0.857766 0.000145
 0.000145 0.331493 0.000163 0.668199
 0.297477 0.000163 0.702215 0.000145
 0.277621 0.125802 0.596432 0.000145

MOTIF 42-WAGATAA STREME-42
letter-probability matrix: alength= 4 w= 7 nsites= 339 E= 5.3e-001
 0.641943 0.001758 0.001758 0.354541
 0.993311 0.003360 0.001758 0.001570
 0.001570 0.001758 0.995101 0.001570
 0.994913 0.001758 0.001758 0.001570
 0.001570 0.001758 0.001758 0.994913
 0.994913 0.001758 0.001758 0.001570
 0.994913 0.001758 0.001758 0.001570

MOTIF 43-ATAGTATTCCATKG STREME-43
letter-probability matrix: alength= 4 w= 14 nsites= 59 E= 6.2e-001
 0.824241 0.022497 0.130853 0.022409
 0.022409 0.000826 0.000826 0.975939
 0.889254 0.022497 0.022497 0.065751
 0.065751 0.044168 0.867671 0.022409
 0.000738 0.000826 0.000826 0.997610
 0.932597 0.022497 0.044168 0.000738
 0.000738 0.022497 0.000826 0.975939
 0.000738 0.022497 0.000826 0.975939
 0.000738 0.954356 0.022497 0.022409
 0.000738 0.997698 0.000826 0.000738
 0.932597 0.044168 0.000826 0.022409
 0.000738 0.087511 0.044168 0.867583
 0.000738 0.022497 0.520933 0.455832
 0.022409 0.022497 0.932685 0.022409

MOTIF 44-CAAAGTCC STREME-44
letter-probability matrix: alength= 4 w= 8 nsites= 137 E= 7.7e-001
 0.021445 0.933100 0.024009 0.021445
 0.930536 0.024009 0.024009 0.021445
 0.930536 0.024009 0.024009 0.021445
 0.930536 0.024009 0.024009 0.021445
 0.021445 0.024009 0.933100 0.021445
 0.021445 0.024009 0.024009 0.930536
 0.021445 0.933100 0.024009 0.021445
 0.021445 0.933100 0.024009 0.021445

MOTIF 45-ACTTCCTGGT STREME-45
letter-probability matrix: alength= 4 w= 10 nsites= 178 E= 8.4e-001
 0.880286 0.000590 0.072030 0.047094
 0.000878 0.862238 0.063640 0.073245
 0.045459 0.000590 0.016060 0.937892
 0.008885 0.042775 0.000590 0.947750
 0.026481 0.947549 0.016049 0.009921
 0.024350 0.968114 0.000590 0.006945
 0.029370 0.008948 0.016056 0.945626
 0.003505 0.003568 0.989817 0.003109
 0.062406 0.033635 0.840382 0.063577
 0.138214 0.126139 0.054355 0.681292

MOTIF 46-ATCCCAGCTCTGYC STREME-46
letter-probability matrix: alength= 4 w= 14 nsites= 588 E= 1.0e+000
 0.731418 0.078476 0.078316 0.111791
 0.082604 0.030685 0.046981 0.839730
 0.000073 0.868719 0.000082 0.131126
 0.021557 0.867628 0.012972 0.097842
 0.012964 0.868719 0.000082 0.118236
 0.867819 0.010824 0.075276 0.046081
 0.089049 0.061128 0.826117 0.023706
 0.054675 0.799078 0.094612 0.051635
 0.086901 0.165303 0.050387 0.697409
 0.004370 0.895757 0.028903 0.070971
 0.053418 0.132026 0.023714 0.790841
 0.153502 0.050387 0.707953 0.088158
 0.056823 0.554890 0.092098 0.296188
 0.006518 0.836858 0.054684 0.101940

MOTIF 47-ACACACACACACAC STREME-47
letter-probability matrix: alength= 4 w= 14 nsites= 72 E= 1.1e+000
 0.997718 0.000789 0.000789 0.000704
 0.000704 0.977115 0.000789 0.021392
 0.977031 0.021476 0.000789 0.000704
 0.000704 0.997803 0.000789 0.000704
 0.966689 0.000789 0.031818 0.000704
 0.021392 0.873677 0.000789 0.104142
 0.873593 0.021476 0.104227 0.000704
 0.021392 0.977115 0.000789 0.000704
 0.935656 0.000789 0.062851 0.000704
 0.000704 0.997803 0.000789 0.000704
 0.929928 0.021476 0.047891 0.000704
 0.000704 0.997803 0.000789 0.000704
 0.997718 0.000789 0.000789 0.000704
 0.000704 0.997803 0.000789 0.000704

MOTIF 48-CCACATTCC STREME-48
letter-probability matrix: alength= 4 w= 9 nsites= 273 E= 1.7e+000
 0.081316 0.642360 0.169637 0.106687
 0.078211 0.870978 0.032088 0.018722
 0.956669 0.000607 0.042181 0.000542
 0.000542 0.997496 0.000607 0.001355
 0.909957 0.000607 0.088894 0.000542
 0.000542 0.000607 0.000607 0.998244
 0.016441 0.000607 0.000607 0.982345
 0.019048 0.971032 0.009377 0.000542
 0.000542 0.975906 0.023010 0.000542

MOTIF 49-GAGATAACA STREME-49
letter-probability matrix: alength= 4 w= 9 nsites= 525 E= 1.7e+000
 0.083905 0.135509 0.765940 0.014646
 0.715164 0.008830 0.000339 0.275667
 0.042416 0.015160 0.942122 0.000303
 0.982939 0.000339 0.000339 0.016383
 0.000303 0.000339 0.000339 0.999020
 0.935722 0.000339 0.041437 0.022502
 0.977851 0.000339 0.021508 0.000303
 0.046238 0.639937 0.232249 0.081577
 0.673009 0.102772 0.209187 0.015031

MOTIF 50-ACTTTGGGAGGCCVA STREME-50
letter-probability matrix: alength= 4 w= 15 nsites= 98 E= 1.8e+000
 0.944346 0.000415 0.054868 0.000371
 0.000371 0.998843 0.000415 0.000371
 0.000371 0.000415 0.011306 0.987908
 0.000371 0.033087 0.000415 0.966127
 0.022152 0.011306 0.000415 0.966127
 0.000371 0.011306 0.977062 0.011261
 0.120168 0.000415 0.857265 0.022152
 0.087496 0.043978 0.857265 0.011261
 0.987908 0.000415 0.000415 0.011261
 0.043933 0.011306 0.944390 0.000371
 0.043933 0.065759 0.868156 0.022152
 0.043933 0.879046 0.022196 0.054824
 0.033043 0.617671 0.087540 0.261746
 0.367142 0.229118 0.338025 0.065715
 0.828059 0.011306 0.160265 0.000371

MOTIF 51-CRAGACCAGCCTGG STREME-51
letter-probability matrix: alength= 4 w= 14 nsites= 74 E= 1.8e+000
 0.000503 0.895009 0.000563 0.103925
 0.428964 0.000563 0.555195 0.015278
 0.998371 0.000563 0.000563 0.000503
 0.000503 0.000563 0.998431 0.000503
 0.939273 0.000563 0.059661 0.000503
 0.044827 0.939333 0.000563 0.015278
 0.015278 0.880235 0.000563 0.103925
 0.924498 0.030112 0.015338 0.030052
 0.059601 0.000563 0.865460 0.074376
 0.030052 0.909784 0.015338 0.044827
 0.015278 0.983656 0.000563 0.000503
 0.030052 0.000563 0.030112 0.939273
 0.074376 0.000563 0.924558 0.000503
 0.163023 0.044887 0.791588 0.000503

MOTIF 52-AGCACCTACT STREME-52
letter-probability matrix: alength= 4 w= 10 nsites= 54 E= 1.8e+000
 0.930536 0.024009 0.024009 0.021445
 0.021445 0.024009 0.933100 0.021445
 0.021445 0.933100 0.024009 0.021445
 0.930536 0.024009 0.024009 0.021445
 0.021445 0.933100 0.024009 0.021445
 0.021445 0.933100 0.024009 0.021445
 0.021445 0.024009 0.024009 0.930536
 0.930536 0.024009 0.024009 0.021445
 0.021445 0.933100 0.024009 0.021445
 0.021445 0.024009 0.024009 0.930536

MOTIF 53-GTAGCTGGGACTA STREME-53
letter-probability matrix: alength= 4 w= 13 nsites= 88 E= 1.9e+000
 0.013580 0.000501 0.985472 0.000447
 0.000447 0.026767 0.013634 0.959152
 0.985419 0.013634 0.000501 0.000447
 0.052979 0.079299 0.867275 0.000447
 0.000447 0.906674 0.026767 0.066112
 0.000447 0.013634 0.013634 0.972286
 0.171177 0.013634 0.814743 0.000447
 0.158044 0.000501 0.775343 0.066112
 0.171177 0.000501 0.788476 0.039846
 0.906623 0.000501 0.092429 0.000447
 0.000447 0.906674 0.026767 0.066112
 0.118644 0.223762 0.013634 0.643960
 0.801562 0.013631 0.184360 0.000447

MOTIF 54-AAGTGACTTGC STREME-54
letter-probability matrix: alength= 4 w= 11 nsites= 91 E= 1.9e+000
 0.942415 0.000430 0.056772 0.000384
 0.879984 0.113115 0.000430 0.006472
 0.145412 0.000430 0.842506 0.011652
 0.022921 0.079309 0.011695 0.886075
 0.232886 0.022967 0.676153 0.067995
 0.919878 0.011698 0.068041 0.000384
 0.000384 0.976271 0.011695 0.011650
 0.019289 0.024559 0.000430 0.955722
 0.045455 0.016374 0.000430 0.937742
 0.000384 0.005105 0.994128 0.000384
 0.090529 0.753909 0.110104 0.045458

MOTIF 55-CACGTG STREME-55
letter-probability matrix: alength= 4 w= 6 nsites= 501 E= 2.1e+000
 0.021445 0.933100 0.024009 0.021445
 0.930536 0.024009 0.024009 0.021445
 0.021445 0.933100 0.024009 0.021445
 0.021445 0.024009 0.933100 0.021445
 0.021445 0.024009 0.024009 0.930536
 0.021445 0.024009 0.933100 0.021445

MOTIF 56-AGCCTTGACCTC STREME-56
letter-probability matrix: alength= 4 w= 12 nsites= 64 E= 3.6e+000
 0.860094 0.000750 0.138485 0.000670
 0.118729 0.000750 0.879851 0.000670
 0.000670 0.997910 0.000750 0.000670
 0.000670 0.997910 0.000750 0.000670
 0.000670 0.000750 0.000750 0.997830
 0.000670 0.059780 0.000750 0.938800
 0.000670 0.040103 0.958557 0.000670
 0.997830 0.000750 0.000750 0.000670
 0.138405 0.801145 0.040103 0.020346
 0.000670 0.964898 0.000750 0.033682
 0.000670 0.059780 0.000750 0.938800
 0.000670 0.958557 0.040103 0.000670

MOTIF 57-AAAAAAAAAAAARAA STREME-57
letter-probability matrix: alength= 4 w= 15 nsites= 118 E= 2.1e+001
 0.998760 0.000429 0.000429 0.000383
 0.998760 0.000429 0.000429 0.000383
 0.998760 0.000429 0.000429 0.000383
 0.998760 0.000429 0.000429 0.000383
 0.869461 0.000429 0.129728 0.000383
 0.942545 0.000429 0.056644 0.000383
 0.942542 0.000429 0.056646 0.000383
 0.942545 0.000429 0.056644 0.000383
 0.830107 0.000429 0.169081 0.000383
 0.998760 0.000429 0.000429 0.000383
 0.998760 0.000429 0.000429 0.000383
 0.787422 0.000429 0.166793 0.045357
 0.481735 0.056646 0.461236 0.000383
 0.976273 0.000429 0.000429 0.022870
 0.901887 0.000429 0.000429 0.097256

MOTIF 58-CAGAGAGGTTAA STREME-58
letter-probability matrix: alength= 4 w= 12 nsites= 91 E= 2.9e+001
 0.000402 0.951569 0.000450 0.047580
 0.998699 0.000450 0.000450 0.000402
 0.000402 0.000450 0.998747 0.000402
 0.998699 0.000450 0.000450 0.000402
 0.028885 0.000450 0.970264 0.000402
 0.998699 0.000450 0.000450 0.000402
 0.322215 0.024039 0.653345 0.000402
 0.071169 0.000450 0.927980 0.000402
 0.000402 0.071217 0.207416 0.720965
 0.000402 0.110794 0.270190 0.618614
 0.939726 0.000450 0.059423 0.000402
 0.892548 0.000450 0.106601 0.000402

********************************************************************************
Stopped because 3 consecutive motifs exceeded the p-value threshold (0.05).
********************************************************************************
COMMAND:	streme --verbosity 1 --oc meme_out_incomplete_DL/HepG2_KDM1A-human_ENCFF376CNT/streme_out -dna --seed 0 --p meme_out_incomplete_DL/HepG2_KDM1A-human_ENCFF376CNT/seqs-centered --minw 6 --maxw 15 --time 6185 --order 2 --thresh 0.05 --align center --totallength 4000000 --parse-genomic-coord
********************************************************************************
CPU:		9f05ee173ae9
********************************************************************************
FINALTIME:	1481.90 seconds
********************************************************************************
