********************************************************************************
STREME - Sensitive, Thorough, Rapid, Enriched Motif Elicitation
********************************************************************************
MEME version 5.5.3 (Release date: Sat Jun 10 16:19:38 2023 -0700)

For further information on how to interpret these results please access http://localhost:8080/meme_5.5.3.
To get a copy of the MEME Suite software please access https://meme-suite.org.

********************************************************************************


********************************************************************************
REFERENCE
********************************************************************************
If you use this program in your research, please cite:

Timothy L. Bailey,
"STREME: accurate and versatile sequence motif discovery",
Bioinformatics, Mar. 24, 2021.
********************************************************************************


ALPHABET= ACGT

strands: + -

Background letter frequencies
A 0.198 C 0.302 G 0.302 T 0.198 

MOTIF 1-SBSGTCACGTGACSVS STREME-1
letter-probability matrix: alength= 4 w= 16 nsites= 283 E= 1.3e-006
 0.048184 0.505054 0.340187 0.106574
 0.166682 0.276645 0.365948 0.190725
 0.187290 0.254319 0.415751 0.142639
 0.195877 0.039649 0.764376 0.000098
 0.013837 0.070562 0.070562 0.845040
 0.003533 0.913786 0.079148 0.003533
 0.999602 0.000150 0.000150 0.000098
 0.031011 0.906917 0.003584 0.058488
 0.058488 0.003584 0.906917 0.031011
 0.000098 0.000150 0.000150 0.999602
 0.003533 0.079148 0.913786 0.003533
 0.845040 0.070562 0.070562 0.013837
 0.000098 0.764376 0.039649 0.195877
 0.142639 0.415751 0.254319 0.187290
 0.190725 0.365948 0.276645 0.166682
 0.106574 0.340187 0.505054 0.048184

MOTIF 2-TGCGCATGCGCA STREME-2
letter-probability matrix: alength= 4 w= 12 nsites= 136 E= 2.0e-005
 0.098564 0.255880 0.127991 0.517565
 0.061690 0.000357 0.937719 0.000234
 0.052800 0.938415 0.008551 0.000234
 0.026517 0.000357 0.964698 0.008428
 0.000234 0.999175 0.000357 0.000234
 0.679219 0.193544 0.086032 0.041205
 0.041205 0.086032 0.193544 0.679219
 0.000234 0.000357 0.999175 0.000234
 0.008428 0.964698 0.000357 0.026517
 0.000234 0.008551 0.938415 0.052800
 0.000234 0.937719 0.000357 0.061690
 0.517565 0.127991 0.255880 0.098564

MOTIF 3-HGGCCCCGCCCCC STREME-3
letter-probability matrix: alength= 4 w= 13 nsites= 436 E= 3.6e-004
 0.370630 0.333737 0.076996 0.218637
 0.268083 0.160738 0.571102 0.000078
 0.076432 0.000118 0.890758 0.032692
 0.021821 0.864898 0.000118 0.113163
 0.027256 0.876755 0.000118 0.095870
 0.112639 0.887165 0.000118 0.000078
 0.000078 0.999726 0.000118 0.000078
 0.000078 0.000118 0.999726 0.000078
 0.000078 0.999726 0.000118 0.000078
 0.000078 0.999726 0.000118 0.000078
 0.000078 0.877652 0.000118 0.122152
 0.115357 0.712092 0.049041 0.123511
 0.108793 0.505257 0.164160 0.221790

MOTIF 4-CAAGATGGCGGCG STREME-4
letter-probability matrix: alength= 4 w= 13 nsites= 150 E= 1.3e-003
 0.072595 0.688002 0.159569 0.079833
 0.999162 0.000316 0.000316 0.000207
 0.897819 0.022032 0.036510 0.043639
 0.239087 0.195763 0.550465 0.014684
 0.999162 0.000316 0.000316 0.000207
 0.000207 0.000316 0.000316 0.999162
 0.000207 0.000316 0.999271 0.000207
 0.007445 0.000316 0.992032 0.000207
 0.072595 0.919644 0.000316 0.007445
 0.043639 0.058226 0.890689 0.007445
 0.094311 0.137853 0.680764 0.087072
 0.079833 0.825540 0.014793 0.079833
 0.094311 0.159569 0.601137 0.144983

MOTIF 5-TGACGTCAYCN STREME-5
letter-probability matrix: alength= 4 w= 11 nsites= 127 E= 1.9e-002
 0.117491 0.072537 0.000393 0.809578
 0.085162 0.009411 0.724809 0.180617
 0.908776 0.000393 0.090573 0.000257
 0.000257 0.908912 0.027447 0.063383
 0.260247 0.049226 0.690270 0.000257
 0.045347 0.000393 0.000393 0.953866
 0.072401 0.926948 0.000393 0.000257
 0.989938 0.000393 0.000393 0.009275
 0.036329 0.329550 0.000393 0.633727
 0.009275 0.644414 0.197257 0.149054
 0.305337 0.230352 0.265658 0.198653

MOTIF 6-RGCCAATCRGVR STREME-6
letter-probability matrix: alength= 4 w= 12 nsites= 204 E= 2.3e-002
 0.532811 0.069657 0.397367 0.000165
 0.218966 0.081225 0.583969 0.115841
 0.000165 0.999418 0.000252 0.000165
 0.000165 0.999418 0.000252 0.000165
 0.999331 0.000252 0.000252 0.000165
 0.999331 0.000252 0.000252 0.000165
 0.000165 0.011820 0.000252 0.987763
 0.000165 0.678371 0.321299 0.000165
 0.626230 0.023387 0.350218 0.000165
 0.081138 0.277873 0.582986 0.058003
 0.429582 0.309731 0.243171 0.017516
 0.337042 0.046522 0.454325 0.162111

MOTIF 7-CCCCGCCCCC STREME-7
letter-probability matrix: alength= 4 w= 10 nsites= 249 E= 4.9e-002
 0.004868 0.927584 0.050403 0.017145
 0.034212 0.946850 0.000470 0.018467
 0.000308 0.998914 0.000470 0.000308
 0.000308 0.897691 0.000470 0.101530
 0.059099 0.000470 0.799214 0.141216
 0.016071 0.939720 0.034652 0.009557
 0.022657 0.976565 0.000470 0.000308
 0.000308 0.998914 0.000470 0.000308
 0.023422 0.874750 0.070164 0.031665
 0.037821 0.834930 0.067953 0.059297

MOTIF 8-GGTGACTG STREME-8
letter-probability matrix: alength= 4 w= 8 nsites= 318 E= 8.5e-002
 0.037117 0.002512 0.898119 0.062253
 0.009468 0.000936 0.978358 0.011239
 0.000612 0.024138 0.000936 0.974314
 0.043319 0.083288 0.805757 0.067636
 0.997516 0.000936 0.000936 0.000612
 0.009123 0.643925 0.318112 0.028840
 0.000612 0.041893 0.061827 0.895668
 0.022072 0.101003 0.838006 0.038919

MOTIF 9-CAAAGTCCA STREME-9
letter-probability matrix: alength= 4 w= 9 nsites= 137 E= 1.4e-001
 0.038931 0.910401 0.024706 0.025962
 0.970417 0.004441 0.003057 0.022085
 0.970731 0.005377 0.016527 0.007365
 0.862367 0.026446 0.109612 0.001574
 0.007365 0.017894 0.900893 0.073849
 0.038931 0.013981 0.064953 0.882136
 0.004246 0.921312 0.001769 0.072673
 0.028550 0.918753 0.013505 0.039192
 0.879151 0.035874 0.020757 0.064219

MOTIF 10-CMGGAAGTGV STREME-10
letter-probability matrix: alength= 4 w= 10 nsites= 426 E= 1.6e-001
 0.129649 0.655766 0.194454 0.020131
 0.340672 0.630717 0.021835 0.006775
 0.000105 0.000161 0.999629 0.000105
 0.000105 0.000161 0.999629 0.000105
 0.984843 0.000161 0.000161 0.014836
 0.838937 0.030100 0.000161 0.130803
 0.065052 0.036292 0.898550 0.000105
 0.000105 0.113307 0.000161 0.886428
 0.123843 0.000161 0.737625 0.138371
 0.334191 0.236459 0.371103 0.058246

MOTIF 11-YTGGCANNNTGCCAR STREME-11
letter-probability matrix: alength= 4 w= 15 nsites= 74 E= 3.3e-001
 0.000425 0.395322 0.000649 0.603604
 0.007872 0.000649 0.008096 0.983383
 0.000425 0.000649 0.998501 0.000425
 0.000425 0.000649 0.998501 0.000425
 0.000425 0.998501 0.000649 0.000425
 0.722750 0.067669 0.015543 0.194038
 0.186591 0.350642 0.216602 0.246165
 0.305738 0.194262 0.194262 0.305738
 0.246165 0.216602 0.350642 0.186591
 0.194038 0.015543 0.067669 0.722750
 0.000425 0.000649 0.998501 0.000425
 0.000425 0.998501 0.000649 0.000425
 0.000425 0.998501 0.000649 0.000425
 0.983383 0.008096 0.000649 0.007872
 0.603604 0.000649 0.395322 0.000425

MOTIF 12-ATAAATA STREME-12
letter-probability matrix: alength= 4 w= 7 nsites= 118 E= 4.1e-001
 0.940364 0.000852 0.058227 0.000557
 0.000557 0.000852 0.000852 0.997739
 0.689427 0.076483 0.075728 0.158362
 0.939911 0.034261 0.020388 0.005441
 0.909773 0.050110 0.026456 0.013660
 0.000557 0.000852 0.000852 0.997739
 0.815427 0.183164 0.000852 0.000557

MOTIF 13-GTAAATAAG STREME-13
letter-probability matrix: alength= 4 w= 9 nsites= 153 E= 4.4e-001
 0.162768 0.171143 0.606530 0.059559
 0.000196 0.000299 0.000299 0.999207
 0.979807 0.003144 0.014008 0.003041
 0.747139 0.038738 0.003144 0.210979
 0.845400 0.041428 0.103277 0.009895
 0.000196 0.168520 0.000299 0.830986
 0.958078 0.020863 0.000299 0.020760
 0.646759 0.173349 0.014008 0.165883
 0.102564 0.077382 0.699775 0.120279

MOTIF 14-AAGAACAAAG STREME-14
letter-probability matrix: alength= 4 w= 10 nsites= 375 E= 6.2e-001
 0.807569 0.048201 0.069497 0.074732
 0.800518 0.057283 0.055952 0.086246
 0.026537 0.117610 0.810528 0.045326
 0.818694 0.034785 0.044565 0.101955
 0.776186 0.049778 0.060217 0.113819
 0.017105 0.876316 0.050711 0.055868
 0.789102 0.078185 0.090410 0.042303
 0.885422 0.031868 0.050950 0.031761
 0.742237 0.067597 0.101428 0.088739
 0.067129 0.091510 0.707380 0.133981

MOTIF 15-CACGTGACC STREME-15
letter-probability matrix: alength= 4 w= 9 nsites= 60 E= 6.6e-001
 0.000633 0.928566 0.025790 0.045011
 0.997432 0.000967 0.000967 0.000633
 0.229090 0.712937 0.000967 0.057005
 0.111577 0.000967 0.886823 0.000633
 0.000633 0.000967 0.000967 0.997432
 0.000633 0.071808 0.926926 0.000633
 0.997432 0.000967 0.000967 0.000633
 0.000633 0.960532 0.000967 0.037867
 0.048162 0.684958 0.035151 0.231729

MOTIF 16-CGCCGCCGCCGCCGC STREME-16
letter-probability matrix: alength= 4 w= 15 nsites= 166 E= 8.1e-001
 0.034967 0.720476 0.006704 0.237853
 0.000183 0.032398 0.967236 0.000183
 0.000183 0.928695 0.013127 0.057995
 0.096536 0.728803 0.000280 0.174381
 0.013030 0.000280 0.954389 0.032301
 0.019454 0.883730 0.000280 0.096536
 0.038724 0.877307 0.058092 0.025877
 0.077265 0.019551 0.806648 0.096536
 0.000183 0.941542 0.000280 0.057995
 0.006607 0.861794 0.025974 0.105626
 0.025877 0.000280 0.903001 0.070842
 0.000183 0.999353 0.000280 0.000183
 0.000183 0.883730 0.000280 0.115807
 0.186465 0.135174 0.504743 0.173618
 0.032301 0.735989 0.173715 0.057995

MOTIF 17-CTGGGWAA STREME-17
letter-probability matrix: alength= 4 w= 8 nsites= 196 E= 8.6e-001
 0.162345 0.835207 0.001480 0.000969
 0.000969 0.001480 0.001480 0.996072
 0.231199 0.001480 0.766353 0.000969
 0.000969 0.108335 0.889728 0.000969
 0.000969 0.001480 0.938215 0.059336
 0.597610 0.001480 0.001480 0.399431
 0.996072 0.001480 0.001480 0.000969
 0.996072 0.001480 0.001480 0.000969

MOTIF 18-CTCCTCCTCCYCCY STREME-18
letter-probability matrix: alength= 4 w= 14 nsites= 482 E= 9.3e-001
 0.013605 0.909962 0.029922 0.046511
 0.036832 0.053150 0.037665 0.872353
 0.015540 0.901087 0.056218 0.027154
 0.010537 0.772532 0.060089 0.156842
 0.106990 0.043472 0.115894 0.733644
 0.007798 0.964160 0.017505 0.010537
 0.017476 0.928186 0.019441 0.034897
 0.056992 0.261067 0.072178 0.609763
 0.068606 0.642040 0.058154 0.231200
 0.040704 0.747204 0.079446 0.132647
 0.073281 0.297680 0.132511 0.496528
 0.067803 0.621077 0.164285 0.146835
 0.042639 0.764150 0.066700 0.126511
 0.079417 0.387194 0.141057 0.392333

MOTIF 19-NTCTCGCGAGAN STREME-19
letter-probability matrix: alength= 4 w= 12 nsites= 53 E= 2.3e+000
 0.255818 0.280782 0.219525 0.243874
 0.000583 0.133613 0.041728 0.824077
 0.174143 0.824384 0.000890 0.000583
 0.021002 0.025546 0.021309 0.932143
 0.000583 0.997944 0.000890 0.000583
 0.000583 0.000890 0.997944 0.000583
 0.000583 0.997944 0.000890 0.000583
 0.000583 0.000890 0.997944 0.000583
 0.932143 0.021309 0.025546 0.021002
 0.000583 0.000890 0.824384 0.174143
 0.824077 0.041728 0.133613 0.000583
 0.243874 0.219525 0.280782 0.255818

MOTIF 20-AACCAGGAA STREME-20
letter-probability matrix: alength= 4 w= 9 nsites= 100 E= 4.8e+000
 0.945935 0.001044 0.001044 0.051977
 0.997229 0.001044 0.001044 0.000683
 0.000683 0.822875 0.175759 0.000683
 0.116346 0.881927 0.001044 0.000683
 0.930405 0.067867 0.001044 0.000683
 0.000683 0.058875 0.843973 0.096469
 0.000683 0.120776 0.877858 0.000683
 0.997229 0.001044 0.001044 0.000683
 0.921989 0.076284 0.001044 0.000683

MOTIF 21-ACTACAACTCCC STREME-21
letter-probability matrix: alength= 4 w= 12 nsites= 40 E= 5.3e+000
 0.926791 0.024521 0.048018 0.000671
 0.000671 0.950641 0.001024 0.047664
 0.000671 0.001024 0.024521 0.973784
 0.950287 0.001024 0.048018 0.000671
 0.000671 0.974138 0.001024 0.024167
 0.762314 0.001024 0.142004 0.094657
 0.574341 0.001024 0.235991 0.188643
 0.094657 0.574695 0.095011 0.235637
 0.000671 0.048018 0.001024 0.950287
 0.024167 0.950641 0.024521 0.000671
 0.024167 0.870399 0.001024 0.104409
 0.000671 0.974138 0.001024 0.024167

********************************************************************************
Stopped because 3 consecutive motifs exceeded the p-value threshold (0.05).
********************************************************************************
COMMAND:	streme --verbosity 1 --oc meme_out_incomplete_DL/HepG2_GTF2F1-human_ENCFF192JMF/streme_out -dna --seed 0 --p meme_out_incomplete_DL/HepG2_GTF2F1-human_ENCFF192JMF/seqs-centered --minw 6 --maxw 15 --time 6193 --order 2 --thresh 0.05 --align center --totallength 4000000 --parse-genomic-coord
********************************************************************************
CPU:		9f05ee173ae9
********************************************************************************
FINALTIME:	109.50 seconds
********************************************************************************
