********************************************************************************
STREME - Sensitive, Thorough, Rapid, Enriched Motif Elicitation
********************************************************************************
MEME version 5.5.3 (Release date: Sat Jun 10 16:19:38 2023 -0700)

For further information on how to interpret these results please access http://localhost:8080/meme_5.5.3.
To get a copy of the MEME Suite software please access https://meme-suite.org.

********************************************************************************


********************************************************************************
REFERENCE
********************************************************************************
If you use this program in your research, please cite:

Timothy L. Bailey,
"STREME: accurate and versatile sequence motif discovery",
Bioinformatics, Mar. 24, 2021.
********************************************************************************


ALPHABET= ACGT

strands: + -

Background letter frequencies
A 0.161 C 0.339 G 0.339 T 0.161 

MOTIF 1-GCCCCGCCCCCNS STREME-1
letter-probability matrix: alength= 4 w= 13 nsites= 3800 E= 4.5e-031
 0.040235 0.021355 0.825930 0.112480
 0.019894 0.929810 0.011720 0.038576
 0.017385 0.935073 0.000984 0.046558
 0.050631 0.936715 0.005260 0.007393
 0.000518 0.993129 0.004151 0.002202
 0.038874 0.000019 0.953394 0.007712
 0.047554 0.916597 0.011508 0.024341
 0.013054 0.966877 0.013787 0.006282
 0.015465 0.894028 0.013047 0.077460
 0.089322 0.839374 0.012585 0.058720
 0.060547 0.571149 0.157832 0.210471
 0.222113 0.211539 0.240697 0.325651
 0.126507 0.489780 0.252610 0.131103

MOTIF 2-CGCCGCCGCCGCCGC STREME-2
letter-probability matrix: alength= 4 w= 15 nsites= 1709 E= 5.4e-015
 0.074421 0.780777 0.029662 0.115140
 0.015082 0.004491 0.970593 0.009834
 0.000080 0.958522 0.000034 0.041365
 0.057576 0.860949 0.008393 0.073082
 0.074869 0.008199 0.898820 0.018112
 0.007435 0.929433 0.000034 0.063098
 0.052653 0.725652 0.066349 0.155346
 0.089200 0.008324 0.850785 0.051691
 0.007448 0.934891 0.000720 0.056941
 0.026053 0.879503 0.003407 0.091037
 0.090119 0.002700 0.826901 0.080280
 0.013741 0.914176 0.000097 0.071986
 0.032581 0.854974 0.008391 0.104055
 0.092277 0.033890 0.751136 0.122697
 0.020283 0.901988 0.042355 0.035374

MOTIF 3-WSTGCGCATGCGCASW STREME-3
letter-probability matrix: alength= 4 w= 16 nsites= 925 E= 7.6e-015
 0.396176 0.197339 0.196209 0.210276
 0.081338 0.427997 0.358635 0.132030
 0.036862 0.241930 0.138714 0.582493
 0.077906 0.001718 0.915359 0.005018
 0.061496 0.923448 0.015030 0.000026
 0.030531 0.000054 0.967725 0.001690
 0.000580 0.999340 0.000054 0.000026
 0.661901 0.192002 0.118894 0.027203
 0.027203 0.118894 0.192002 0.661901
 0.000026 0.000054 0.999340 0.000580
 0.001690 0.967725 0.000054 0.030531
 0.000026 0.015030 0.923448 0.061496
 0.005018 0.915359 0.001718 0.077906
 0.582493 0.138714 0.241930 0.036862
 0.132030 0.358635 0.427997 0.081338
 0.210276 0.196209 0.197339 0.396176

MOTIF 4-CCASCAGRGGGCGC STREME-4
letter-probability matrix: alength= 4 w= 14 nsites= 772 E= 2.4e-014
 0.033424 0.904233 0.031489 0.030854
 0.000033 0.994106 0.005827 0.000033
 0.643138 0.012736 0.290263 0.053863
 0.024500 0.558324 0.417142 0.000033
 0.038782 0.734943 0.078490 0.147786
 0.999826 0.000070 0.000070 0.000033
 0.000033 0.000070 0.999863 0.000033
 0.362648 0.007678 0.628202 0.001473
 0.011547 0.020318 0.756571 0.211564
 0.006766 0.002107 0.989654 0.001473
 0.016462 0.007490 0.928167 0.047881
 0.047896 0.918024 0.000070 0.034010
 0.243648 0.000070 0.751333 0.004948
 0.042368 0.708477 0.193236 0.055919

MOTIF 5-RGGAGGMGGHGGVRG STREME-5
letter-probability matrix: alength= 4 w= 15 nsites= 9373 E= 1.5e-012
 0.603590 0.000770 0.371653 0.023987
 0.013992 0.023045 0.962841 0.000122
 0.105548 0.011398 0.832265 0.050788
 0.766283 0.075630 0.000006 0.158081
 0.215256 0.065957 0.684140 0.034647
 0.092366 0.027198 0.878766 0.001670
 0.464181 0.243943 0.117203 0.174673
 0.251306 0.067538 0.631895 0.049262
 0.239664 0.138904 0.605705 0.015727
 0.436996 0.240677 0.095886 0.226441
 0.111820 0.048944 0.744414 0.094821
 0.202160 0.147598 0.600427 0.049814
 0.365504 0.246981 0.293556 0.093959
 0.416036 0.145798 0.369243 0.068923
 0.152739 0.092597 0.695676 0.058988

MOTIF 6-CCCCACCCC STREME-6
letter-probability matrix: alength= 4 w= 9 nsites= 3697 E= 2.0e-011
 0.000050 0.967907 0.000105 0.031939
 0.000050 0.999796 0.000105 0.000050
 0.000050 0.999796 0.000105 0.000050
 0.015287 0.916241 0.029076 0.039396
 0.680162 0.000105 0.000105 0.319629
 0.160924 0.651180 0.067108 0.120788
 0.000050 0.999796 0.000105 0.000050
 0.000050 0.955904 0.000105 0.043941
 0.027294 0.906981 0.031503 0.034222

MOTIF 7-RGCCAATCRGMR STREME-7
letter-probability matrix: alength= 4 w= 12 nsites= 1019 E= 6.3e-011
 0.515472 0.049723 0.414043 0.020763
 0.245905 0.041453 0.661044 0.051599
 0.000026 0.999895 0.000054 0.000026
 0.002228 0.997692 0.000054 0.000026
 0.998765 0.000054 0.000054 0.001127
 0.999867 0.000054 0.000054 0.000026
 0.000026 0.000054 0.000054 0.999867
 0.048218 0.620745 0.306694 0.024344
 0.571616 0.059121 0.369238 0.000026
 0.100700 0.212439 0.635262 0.051599
 0.442952 0.310233 0.173899 0.072916
 0.330368 0.017030 0.586314 0.066288

MOTIF 8-GACTACAACTCCCAG STREME-8
letter-probability matrix: alength= 4 w= 15 nsites= 368 E= 2.1e-008
 0.263313 0.033102 0.670589 0.032996
 0.933700 0.041327 0.004314 0.020659
 0.000096 0.991383 0.004314 0.004208
 0.008321 0.061892 0.012539 0.917249
 0.946039 0.016651 0.020764 0.016546
 0.000096 0.979045 0.004314 0.016546
 0.867900 0.041327 0.078340 0.012433
 0.707496 0.057777 0.070116 0.164611
 0.049446 0.584219 0.152368 0.213967
 0.024771 0.061891 0.012539 0.900799
 0.000096 0.933806 0.012539 0.053559
 0.012433 0.979045 0.008426 0.000096
 0.012433 0.954370 0.016651 0.016546
 0.839104 0.004314 0.148261 0.008321
 0.032996 0.061891 0.814540 0.090573

MOTIF 9-CAAGATGGCGGCS STREME-9
letter-probability matrix: alength= 4 w= 13 nsites= 581 E= 3.9e-007
 0.101054 0.587682 0.214124 0.097140
 0.983463 0.000100 0.012318 0.004120
 0.945962 0.043709 0.000100 0.010229
 0.117506 0.188345 0.636238 0.057911
 0.999754 0.000100 0.000100 0.000047
 0.000047 0.000100 0.000100 0.999754
 0.000047 0.008245 0.989624 0.002084
 0.008193 0.000100 0.979442 0.012266
 0.010229 0.968415 0.000100 0.021256
 0.046538 0.068538 0.800887 0.084037
 0.119848 0.110563 0.716595 0.052993
 0.153277 0.744605 0.020117 0.082001
 0.097101 0.291364 0.440584 0.170951

MOTIF 10-ACTCACCT STREME-10
letter-probability matrix: alength= 4 w= 8 nsites= 2561 E= 2.3e-006
 0.767201 0.138387 0.094320 0.000092
 0.000092 0.830345 0.169471 0.000092
 0.000092 0.000193 0.033152 0.966562
 0.000092 0.790722 0.016681 0.192505
 0.999521 0.000193 0.000193 0.000092
 0.000092 0.999623 0.000193 0.000092
 0.000092 0.999623 0.000193 0.000092
 0.100889 0.171160 0.221831 0.506120

MOTIF 11-GGTSACGTSA STREME-11
letter-probability matrix: alength= 4 w= 10 nsites= 614 E= 3.4e-006
 0.167516 0.147739 0.613661 0.071083
 0.219448 0.000109 0.776893 0.003550
 0.000052 0.000109 0.000109 0.999731
 0.004124 0.356510 0.568414 0.070952
 0.999731 0.000109 0.000109 0.000052
 0.000052 0.988661 0.000109 0.011179
 0.123790 0.000109 0.876049 0.000052
 0.000052 0.000109 0.000109 0.999731
 0.149816 0.515385 0.334747 0.000052
 0.739734 0.000109 0.260106 0.000052

MOTIF 12-YCACTTCCGGY STREME-12
letter-probability matrix: alength= 4 w= 11 nsites= 604 E= 9.1e-006
 0.045359 0.475776 0.217357 0.261509
 0.104927 0.723427 0.104455 0.067190
 0.950941 0.001013 0.045069 0.002977
 0.003538 0.938022 0.015869 0.042572
 0.015795 0.000413 0.000142 0.983650
 0.001275 0.002127 0.001910 0.994688
 0.014616 0.960688 0.015899 0.008797
 0.004950 0.967509 0.023486 0.004055
 0.002848 0.011781 0.980822 0.004550
 0.002977 0.111150 0.837051 0.048821
 0.039191 0.272835 0.166335 0.521639

MOTIF 13-CTGCAGCCGC STREME-13
letter-probability matrix: alength= 4 w= 10 nsites= 2108 E= 3.9e-005
 0.004860 0.929813 0.006575 0.058753
 0.204235 0.097462 0.014257 0.684045
 0.027315 0.020731 0.951897 0.000057
 0.000057 0.968861 0.000120 0.030961
 0.968654 0.009565 0.021723 0.000057
 0.000355 0.041129 0.958118 0.000398
 0.001062 0.914861 0.010293 0.073783
 0.203252 0.575133 0.018265 0.203350
 0.226433 0.107832 0.581948 0.083787
 0.004459 0.921487 0.073997 0.000057

MOTIF 14-WAAAYAAANAMA STREME-14
letter-probability matrix: alength= 4 w= 12 nsites= 2198 E= 5.0e-004
 0.572338 0.056980 0.000024 0.370657
 0.719987 0.111422 0.037899 0.130692
 0.617520 0.090502 0.067443 0.224535
 0.706958 0.038316 0.203482 0.051244
 0.012908 0.478177 0.116066 0.392849
 0.957444 0.014018 0.000024 0.028513
 0.915386 0.000525 0.000024 0.084065
 0.734852 0.122028 0.012440 0.130679
 0.340622 0.252058 0.176408 0.230912
 0.539593 0.158289 0.204840 0.097279
 0.429597 0.244735 0.128661 0.197007
 0.505062 0.164096 0.082121 0.248721

MOTIF 15-CCCAGCCC STREME-15
letter-probability matrix: alength= 4 w= 8 nsites= 7188 E= 6.5e-004
 0.000086 0.999648 0.000181 0.000086
 0.000086 0.682282 0.254311 0.063321
 0.000086 0.940997 0.058831 0.000086
 0.764597 0.115340 0.119976 0.000086
 0.013331 0.000181 0.986402 0.000086
 0.000086 0.999648 0.000181 0.000086
 0.083746 0.776216 0.000181 0.139858
 0.000086 0.999648 0.000181 0.000086

MOTIF 16-ACAAAGT STREME-16
letter-probability matrix: alength= 4 w= 7 nsites= 2316 E= 3.1e-003
 0.711560 0.071605 0.189056 0.027779
 0.000212 0.848146 0.125869 0.025774
 0.943891 0.034343 0.019739 0.002027
 0.990826 0.001834 0.000495 0.006845
 0.964664 0.007081 0.018619 0.009636
 0.006491 0.021541 0.971753 0.000215
 0.089570 0.129211 0.213405 0.567815

MOTIF 17-CAGCCCCA STREME-17
letter-probability matrix: alength= 4 w= 8 nsites= 3388 E= 9.0e-003
 0.015301 0.953839 0.025338 0.005522
 0.900389 0.024604 0.074809 0.000198
 0.035002 0.010488 0.934276 0.020233
 0.015243 0.949721 0.001174 0.033862
 0.029647 0.821340 0.104075 0.044938
 0.041291 0.938693 0.011472 0.008544
 0.000381 0.910824 0.074526 0.014269
 0.742226 0.000417 0.257159 0.000198

MOTIF 18-GTYGCCATGGCRAC STREME-18
letter-probability matrix: alength= 4 w= 14 nsites= 408 E= 9.0e-003
 0.049336 0.000127 0.941400 0.009137
 0.011731 0.041872 0.041622 0.904775
 0.075271 0.325929 0.010501 0.588299
 0.184196 0.057721 0.532609 0.225473
 0.001357 0.897311 0.002720 0.098612
 0.000060 0.844145 0.002720 0.153075
 0.658548 0.122337 0.106997 0.112117
 0.112117 0.106997 0.122337 0.658548
 0.153075 0.002720 0.844145 0.000060
 0.098612 0.002720 0.897311 0.001357
 0.225473 0.532609 0.057721 0.184196
 0.588299 0.010501 0.325929 0.075271
 0.904775 0.041622 0.041872 0.011731
 0.009137 0.941400 0.000127 0.049336

MOTIF 19-TCTCGCGAGATY STREME-19
letter-probability matrix: alength= 4 w= 12 nsites= 128 E= 1.8e-002
 0.000227 0.082437 0.000476 0.916860
 0.204768 0.794529 0.000476 0.000227
 0.000227 0.000476 0.029696 0.969601
 0.000227 0.999071 0.000476 0.000227
 0.048927 0.000476 0.930891 0.019706
 0.000227 0.979591 0.019956 0.000227
 0.000227 0.000476 0.999071 0.000227
 0.891681 0.000476 0.097876 0.009966
 0.000227 0.058915 0.736093 0.204765
 0.930642 0.068655 0.000476 0.000227
 0.048927 0.199318 0.179999 0.571756
 0.009966 0.420213 0.058915 0.510906

MOTIF 20-CAAGGTCACGG STREME-20
letter-probability matrix: alength= 4 w= 11 nsites= 780 E= 5.6e-002
 0.053105 0.779959 0.099319 0.067617
 0.821983 0.042350 0.084081 0.051585
 0.789603 0.094259 0.057095 0.059043
 0.018131 0.114210 0.820780 0.046879
 0.061845 0.054072 0.822927 0.061156
 0.039176 0.073933 0.033480 0.853412
 0.037214 0.856639 0.058748 0.047400
 0.800048 0.046671 0.099451 0.053831
 0.116714 0.679544 0.076962 0.126780
 0.106457 0.168035 0.660356 0.065152
 0.126749 0.132672 0.619442 0.121138

MOTIF 21-CCCGMCCC STREME-21
letter-probability matrix: alength= 4 w= 8 nsites= 1304 E= 6.4e-002
 0.042190 0.956200 0.001091 0.000519
 0.078171 0.920219 0.001091 0.000519
 0.000519 0.997871 0.001091 0.000519
 0.000519 0.001091 0.997871 0.000519
 0.334010 0.664380 0.001091 0.000519
 0.000519 0.997871 0.001091 0.000519
 0.000519 0.997871 0.001091 0.000519
 0.000519 0.997871 0.001091 0.000519

MOTIF 22-CTTAAAGGGGCMGC STREME-22
letter-probability matrix: alength= 4 w= 14 nsites= 87 E= 9.7e-002
 0.052022 0.843602 0.000632 0.103743
 0.000301 0.000632 0.000632 0.998435
 0.000301 0.000632 0.000632 0.998435
 0.998435 0.000632 0.000632 0.000301
 0.959644 0.000632 0.039423 0.000301
 0.998435 0.000632 0.000632 0.000301
 0.000301 0.000632 0.998766 0.000301
 0.155466 0.039424 0.804809 0.000301
 0.194260 0.181654 0.610856 0.013231
 0.168396 0.207523 0.623781 0.000301
 0.103744 0.856532 0.039423 0.000301
 0.362350 0.610856 0.026493 0.000301
 0.052023 0.052354 0.895322 0.000301
 0.181327 0.520343 0.155795 0.142535

MOTIF 23-CTCGGCTTC STREME-23
letter-probability matrix: alength= 4 w= 9 nsites= 782 E= 1.4e-001
 0.082455 0.699311 0.078676 0.139559
 0.000188 0.000395 0.000395 0.999023
 0.028866 0.924505 0.000395 0.046234
 0.000188 0.000395 0.999230 0.000188
 0.174360 0.000395 0.801122 0.024123
 0.031334 0.761441 0.031767 0.175458
 0.037134 0.147716 0.101536 0.713615
 0.090796 0.041137 0.000395 0.867672
 0.016799 0.931867 0.029154 0.022180

MOTIF 24-CCCGGGACCC STREME-24
letter-probability matrix: alength= 4 w= 10 nsites= 2181 E= 1.4e-001
 0.012443 0.864631 0.109714 0.013213
 0.000091 0.999625 0.000192 0.000091
 0.000091 0.985106 0.014711 0.000091
 0.030868 0.000192 0.953135 0.015805
 0.304682 0.010990 0.684236 0.000091
 0.036964 0.031882 0.921967 0.009187
 0.718640 0.043187 0.000192 0.237980
 0.055896 0.775257 0.077341 0.091506
 0.062649 0.823391 0.098919 0.015042
 0.023846 0.956215 0.000192 0.019746

MOTIF 25-TAWWTA STREME-25
letter-probability matrix: alength= 4 w= 6 nsites= 222 E= 1.6e-001
 0.014655 0.030800 0.030800 0.923745
 0.923745 0.030800 0.030800 0.014655
 0.469200 0.030800 0.030800 0.469200
 0.469200 0.030800 0.030800 0.469200
 0.014655 0.030800 0.030800 0.923745
 0.923745 0.030800 0.030800 0.014655

MOTIF 26-GCCTCAGTTTCC STREME-26
letter-probability matrix: alength= 4 w= 12 nsites= 94 E= 1.9e-001
 0.048972 0.000595 0.950150 0.000283
 0.097657 0.901464 0.000595 0.000283
 0.000283 0.950151 0.012767 0.036799
 0.048972 0.000595 0.000595 0.949838
 0.012453 0.986669 0.000595 0.000283
 0.901147 0.000595 0.097975 0.000283
 0.048971 0.037110 0.913636 0.000283
 0.000283 0.000595 0.037111 0.962011
 0.012455 0.049283 0.000595 0.937668
 0.000283 0.000595 0.000595 0.998527
 0.109831 0.828430 0.000595 0.061144
 0.012455 0.913633 0.000595 0.073317

MOTIF 27-CRCRCGCACACACAC STREME-27
letter-probability matrix: alength= 4 w= 15 nsites= 476 E= 2.5e-001
 0.000074 0.941365 0.003315 0.055247
 0.508464 0.026585 0.431168 0.033783
 0.000074 0.915782 0.000155 0.083990
 0.574668 0.000155 0.347120 0.078057
 0.039308 0.846346 0.005700 0.108646
 0.214060 0.056000 0.665628 0.064312
 0.034567 0.938420 0.000155 0.026858
 0.740816 0.008102 0.206765 0.044316
 0.062682 0.876462 0.015229 0.045628
 0.651644 0.003642 0.295586 0.049128
 0.028515 0.855652 0.006475 0.109358
 0.757239 0.032366 0.090174 0.120221
 0.003234 0.983898 0.012795 0.000074
 0.701798 0.002777 0.292191 0.003234
 0.003290 0.902110 0.036330 0.058269

MOTIF 28-GAGGCGGAGCCGG STREME-28
letter-probability matrix: alength= 4 w= 13 nsites= 119 E= 2.9e-001
 0.000264 0.000555 0.998917 0.000264
 0.794625 0.077483 0.070859 0.057033
 0.034323 0.108494 0.845566 0.011617
 0.034324 0.178212 0.604495 0.182969
 0.000264 0.930798 0.023261 0.045677
 0.000264 0.000555 0.998917 0.000264
 0.011617 0.062032 0.812556 0.113795
 0.980376 0.018804 0.000555 0.000264
 0.000264 0.005266 0.972006 0.022463
 0.000264 0.887313 0.000555 0.111868
 0.000264 0.926593 0.027466 0.045676
 0.000264 0.062031 0.937441 0.000264
 0.016328 0.132638 0.839417 0.011617

MOTIF 29-AGGGCAGAGGGCA STREME-29
letter-probability matrix: alength= 4 w= 13 nsites= 96 E= 3.2e-001
 0.953658 0.018889 0.000767 0.026686
 0.000365 0.000767 0.982819 0.016049
 0.000365 0.007276 0.954112 0.038247
 0.016051 0.054335 0.822108 0.107506
 0.047421 0.935760 0.000767 0.016051
 0.960219 0.000767 0.038649 0.000365
 0.008842 0.016450 0.942970 0.031738
 0.982418 0.000767 0.000767 0.016048
 0.016051 0.063514 0.897874 0.022561
 0.102964 0.006578 0.843034 0.047424
 0.000365 0.116385 0.726017 0.157233
 0.016051 0.888700 0.032138 0.063111
 0.834718 0.032140 0.094895 0.038247

MOTIF 30-GGGCTCCGGGA STREME-30
letter-probability matrix: alength= 4 w= 11 nsites= 124 E= 5.6e-001
 0.020473 0.034590 0.924017 0.020920
 0.029516 0.000620 0.969569 0.000295
 0.025528 0.035548 0.913550 0.025373
 0.000295 0.986114 0.013296 0.000295
 0.157284 0.000620 0.048166 0.793929
 0.000295 0.949256 0.000620 0.049829
 0.016971 0.957595 0.000620 0.024814
 0.105742 0.000620 0.870909 0.022729
 0.189964 0.000620 0.784043 0.025373
 0.000295 0.018904 0.968389 0.012412
 0.944789 0.000620 0.033671 0.020920

MOTIF 31-CACTCCAGCCTGG STREME-31
letter-probability matrix: alength= 4 w= 13 nsites= 75 E= 7.8e-001
 0.026900 0.917960 0.048211 0.006929
 0.998086 0.000773 0.000773 0.000368
 0.000368 0.947603 0.025129 0.026900
 0.000368 0.118996 0.016585 0.864051
 0.079431 0.840365 0.032398 0.047805
 0.000368 0.982679 0.016585 0.000368
 0.950648 0.000773 0.048211 0.000368
 0.016180 0.000773 0.966867 0.016180
 0.016180 0.935241 0.032398 0.016180
 0.000368 0.998491 0.000773 0.000368
 0.000368 0.000773 0.064026 0.934833
 0.000368 0.000773 0.966867 0.031993
 0.111060 0.000773 0.871987 0.016180

MOTIF 32-GTAGCTGGGACTACA STREME-32
letter-probability matrix: alength= 4 w= 15 nsites= 45 E= 7.8e-001
 0.026824 0.027496 0.945071 0.000610
 0.000610 0.053711 0.001282 0.944398
 0.865757 0.053710 0.053710 0.026824
 0.000610 0.001282 0.997499 0.000610
 0.026824 0.892643 0.053710 0.026824
 0.000610 0.027496 0.001282 0.970613
 0.000610 0.027496 0.971285 0.000610
 0.000610 0.027496 0.971285 0.000610
 0.026824 0.027496 0.945071 0.000610
 0.944399 0.001282 0.027496 0.026824
 0.026824 0.813999 0.001282 0.157896
 0.026824 0.106139 0.053710 0.813328
 0.918185 0.027496 0.027496 0.026824
 0.000610 0.945071 0.027496 0.026824
 0.944399 0.027496 0.001282 0.026824

MOTIF 33-ACCCGGAAGC STREME-33
letter-probability matrix: alength= 4 w= 10 nsites= 398 E= 8.7e-001
 0.886224 0.045457 0.015178 0.053141
 0.026252 0.881715 0.068476 0.023556
 0.023556 0.951094 0.003288 0.022061
 0.006628 0.959174 0.004729 0.029468
 0.016382 0.026587 0.922960 0.034071
 0.005811 0.041616 0.917341 0.035231
 0.884588 0.026271 0.034152 0.054988
 0.921793 0.062370 0.008434 0.007403
 0.007403 0.044760 0.944841 0.002995
 0.021928 0.884311 0.026587 0.067174

MOTIF 34-ATTACAGGCGTGAGC STREME-34
letter-probability matrix: alength= 4 w= 15 nsites= 57 E= 9.7e-001
 0.997128 0.001160 0.001160 0.000552
 0.024275 0.001160 0.001160 0.973405
 0.000552 0.001160 0.001160 0.997128
 0.973405 0.024883 0.001160 0.000552
 0.000552 0.974013 0.001160 0.024275
 0.902233 0.024883 0.048608 0.024275
 0.000552 0.024883 0.974013 0.000552
 0.024275 0.001160 0.974013 0.000552
 0.000552 0.950288 0.001160 0.048000
 0.119175 0.001160 0.855389 0.024275
 0.119170 0.048607 0.024883 0.807340
 0.024275 0.001160 0.974013 0.000552
 0.973405 0.024883 0.001160 0.000552
 0.024275 0.024883 0.950289 0.000552
 0.000552 0.997736 0.001160 0.000552

MOTIF 35-CCACGCCCAC STREME-35
letter-probability matrix: alength= 4 w= 10 nsites= 60 E= 9.7e-001
 0.014655 0.939891 0.030800 0.014655
 0.014655 0.939891 0.030800 0.014655
 0.923745 0.030800 0.030800 0.014655
 0.014655 0.939891 0.030800 0.014655
 0.014655 0.030800 0.939891 0.014655
 0.014655 0.939891 0.030800 0.014655
 0.014655 0.939891 0.030800 0.014655
 0.014655 0.939891 0.030800 0.014655
 0.923745 0.030800 0.030800 0.014655
 0.014655 0.939891 0.030800 0.014655

MOTIF 36-KTTRCGYAAM STREME-36
letter-probability matrix: alength= 4 w= 10 nsites= 252 E= 1.1e+000
 0.189285 0.044729 0.276030 0.489955
 0.020992 0.060380 0.061610 0.857018
 0.007514 0.000583 0.074439 0.917464
 0.459453 0.003351 0.534001 0.003195
 0.112545 0.770057 0.008938 0.108461
 0.108461 0.008938 0.770057 0.112545
 0.003195 0.534001 0.003351 0.459453
 0.917464 0.074439 0.000583 0.007514
 0.857018 0.061610 0.060380 0.020992
 0.489955 0.276030 0.044729 0.189285

MOTIF 37-GAGGGAGGGA STREME-37
letter-probability matrix: alength= 4 w= 10 nsites= 404 E= 1.1e+000
 0.162913 0.000963 0.835666 0.000458
 0.997616 0.000963 0.000963 0.000458
 0.000458 0.000963 0.998121 0.000458
 0.000458 0.000963 0.953416 0.045163
 0.000458 0.000963 0.998121 0.000458
 0.651245 0.145030 0.000963 0.202762
 0.185705 0.000963 0.812874 0.000458
 0.000458 0.000963 0.998121 0.000458
 0.000458 0.000963 0.955941 0.042638
 0.997616 0.000963 0.000963 0.000458

MOTIF 38-ACGTGG STREME-38
letter-probability matrix: alength= 4 w= 6 nsites= 4022 E= 1.3e+000
 0.997609 0.000966 0.000966 0.000460
 0.000460 0.998115 0.000966 0.000460
 0.020857 0.000966 0.865177 0.113000
 0.000460 0.000966 0.000966 0.997609
 0.147942 0.097400 0.741242 0.013416
 0.291981 0.052968 0.634442 0.020609

MOTIF 39-GCGGGGAC STREME-39
letter-probability matrix: alength= 4 w= 8 nsites= 1026 E= 1.4e+000
 0.114881 0.001026 0.731978 0.152115
 0.000488 0.997998 0.001026 0.000488
 0.000488 0.001026 0.997998 0.000488
 0.000488 0.001026 0.997998 0.000488
 0.000488 0.028789 0.811478 0.159245
 0.000488 0.001026 0.994712 0.003774
 0.997460 0.001026 0.001026 0.000488
 0.000488 0.997998 0.001026 0.000488

MOTIF 40-GCCGCCGCC STREME-40
letter-probability matrix: alength= 4 w= 9 nsites= 670 E= 1.4e+000
 0.014655 0.030800 0.939891 0.014655
 0.014655 0.939891 0.030800 0.014655
 0.014655 0.939891 0.030800 0.014655
 0.014655 0.030800 0.939891 0.014655
 0.014655 0.939891 0.030800 0.014655
 0.014655 0.939891 0.030800 0.014655
 0.014655 0.030800 0.939891 0.014655
 0.014655 0.939891 0.030800 0.014655
 0.014655 0.939891 0.030800 0.014655

MOTIF 41-CCCTGCCCTGCCCA STREME-41
letter-probability matrix: alength= 4 w= 14 nsites= 116 E= 1.4e+000
 0.066985 0.932213 0.000544 0.000259
 0.049357 0.949841 0.000544 0.000259
 0.033621 0.894235 0.000544 0.071600
 0.000259 0.000544 0.000544 0.998654
 0.000259 0.022786 0.952313 0.024642
 0.000259 0.921092 0.022786 0.055864
 0.033621 0.832127 0.067267 0.066985
 0.022501 0.916477 0.027400 0.033621
 0.089228 0.000544 0.000544 0.909685
 0.015994 0.082059 0.901688 0.000259
 0.000259 0.722805 0.149730 0.127206
 0.015994 0.750608 0.172920 0.060478
 0.000259 0.921093 0.067269 0.011380
 0.693689 0.024759 0.000544 0.281009

MOTIF 42-GGCTCCGCCC STREME-42
letter-probability matrix: alength= 4 w= 10 nsites= 220 E= 1.5e+000
 0.014655 0.030800 0.939891 0.014655
 0.014655 0.030800 0.939891 0.014655
 0.014655 0.939891 0.030800 0.014655
 0.014655 0.030800 0.030800 0.923745
 0.014655 0.939891 0.030800 0.014655
 0.014655 0.939891 0.030800 0.014655
 0.014655 0.030800 0.939891 0.014655
 0.014655 0.939891 0.030800 0.014655
 0.014655 0.939891 0.030800 0.014655
 0.014655 0.939891 0.030800 0.014655

MOTIF 43-GAGCCGAGATCGCG STREME-43
letter-probability matrix: alength= 4 w= 14 nsites= 50 E= 1.6e+000
 0.000579 0.051035 0.947806 0.000579
 0.847532 0.075945 0.075944 0.000579
 0.000579 0.001218 0.997623 0.000579
 0.000579 0.972715 0.001218 0.025488
 0.000579 0.897989 0.026126 0.075305
 0.075305 0.001218 0.922897 0.000579
 0.897349 0.051036 0.026126 0.025488
 0.000579 0.001218 0.997623 0.000579
 0.947167 0.001218 0.051036 0.000579
 0.000579 0.001218 0.001218 0.996985
 0.000579 0.698698 0.051035 0.249687
 0.100214 0.001218 0.897989 0.000579
 0.025488 0.823262 0.075945 0.075305
 0.025488 0.075944 0.848171 0.050397

MOTIF 44-GAGACGGRGTTTCRC STREME-44
letter-probability matrix: alength= 4 w= 15 nsites= 38 E= 1.6e+000
 0.000747 0.033677 0.964829 0.000747
 0.964006 0.001570 0.033677 0.000747
 0.032854 0.001570 0.964829 0.000747
 0.964006 0.001570 0.033677 0.000747
 0.000747 0.932722 0.033677 0.032854
 0.225501 0.065786 0.707966 0.000747
 0.032854 0.001570 0.964829 0.000747
 0.353944 0.001570 0.643740 0.000747
 0.064962 0.001570 0.932722 0.000747
 0.000747 0.001570 0.001570 0.996114
 0.000747 0.290550 0.033677 0.675025
 0.000747 0.001570 0.001570 0.996114
 0.000747 0.996937 0.001570 0.000747
 0.642918 0.001570 0.322658 0.032854
 0.032854 0.932722 0.001570 0.032854

MOTIF 45-CGCCATGGCTGC STREME-45
letter-probability matrix: alength= 4 w= 12 nsites= 60 E= 1.8e+000
 0.189957 0.784661 0.001157 0.024225
 0.040275 0.001157 0.958017 0.000551
 0.024225 0.974067 0.001157 0.000551
 0.000551 0.950393 0.024832 0.024225
 0.997134 0.001157 0.001157 0.000551
 0.000551 0.001157 0.001157 0.997134
 0.000551 0.001157 0.974067 0.024225
 0.000551 0.001157 0.997741 0.000551
 0.000551 0.974067 0.001157 0.024225
 0.000551 0.176727 0.048507 0.774215
 0.000551 0.001157 0.832016 0.166276
 0.000551 0.784658 0.166891 0.047900

MOTIF 46-ATGGCGGCGGCG STREME-46
letter-probability matrix: alength= 4 w= 12 nsites= 347 E= 2.2e+000
 0.975236 0.000144 0.015274 0.009346
 0.007401 0.085169 0.000144 0.907286
 0.027213 0.053495 0.919223 0.000069
 0.035371 0.000144 0.937566 0.026919
 0.025640 0.919012 0.001340 0.054008
 0.094866 0.073746 0.732469 0.098919
 0.041682 0.054358 0.887902 0.016058
 0.122363 0.778131 0.000713 0.098793
 0.123782 0.076352 0.716419 0.083448
 0.073889 0.136354 0.751028 0.038730
 0.049458 0.830904 0.052747 0.066891
 0.084151 0.091179 0.752328 0.072342

MOTIF 47-CGCAGCCTC STREME-47
letter-probability matrix: alength= 4 w= 9 nsites= 2248 E= 2.4e+000
 0.111367 0.774394 0.000489 0.113750
 0.102583 0.069839 0.661024 0.166554
 0.000233 0.999045 0.000489 0.000233
 0.998788 0.000489 0.000489 0.000233
 0.000233 0.000489 0.999045 0.000233
 0.028419 0.954877 0.000489 0.016215
 0.000233 0.822580 0.000489 0.176698
 0.035919 0.000489 0.071522 0.892070
 0.040649 0.887271 0.071848 0.000233

MOTIF 48-GCTCCCGGCCGCC STREME-48
letter-probability matrix: alength= 4 w= 13 nsites= 85 E= 4.5e+000
 0.057670 0.046076 0.890626 0.005629
 0.038593 0.873423 0.030314 0.057670
 0.000444 0.000933 0.000933 0.997691
 0.000444 0.935243 0.006644 0.057670
 0.000444 0.906052 0.046997 0.046508
 0.000444 0.966174 0.032939 0.000444
 0.000444 0.095050 0.904062 0.000444
 0.000444 0.041787 0.957326 0.000444
 0.019514 0.899137 0.061831 0.019518
 0.000444 0.918205 0.080907 0.000444
 0.012031 0.000933 0.986593 0.000444
 0.019518 0.960035 0.020003 0.000444
 0.019516 0.974815 0.005225 0.000444

MOTIF 49-GAATSGCKTGAAC STREME-49
letter-probability matrix: alength= 4 w= 13 nsites= 40 E= 6.2e+000
 0.000662 0.001391 0.997285 0.000662
 0.968106 0.001391 0.001391 0.029112
 0.911203 0.029842 0.058293 0.000662
 0.000662 0.058292 0.001391 0.939655
 0.000662 0.428238 0.541988 0.029112
 0.000662 0.001391 0.997285 0.000662
 0.000662 0.997285 0.001391 0.000662
 0.029112 0.001391 0.541988 0.427509
 0.000662 0.001391 0.001391 0.996556
 0.142918 0.029842 0.798128 0.029112
 0.968106 0.001391 0.029842 0.000662
 0.996556 0.001391 0.001391 0.000662
 0.000662 0.997285 0.001391 0.000662

MOTIF 50-CTRGGAA STREME-50
letter-probability matrix: alength= 4 w= 7 nsites= 1401 E= 1.4e+001
 0.000528 0.997835 0.001109 0.000528
 0.000528 0.001109 0.001109 0.997254
 0.533469 0.001109 0.464894 0.000528
 0.000528 0.012139 0.976212 0.011121
 0.000528 0.040026 0.920328 0.039118
 0.882810 0.001109 0.001109 0.114972
 0.997254 0.001109 0.001109 0.000528

********************************************************************************
Stopped because 3 consecutive motifs exceeded the p-value threshold (0.05).
********************************************************************************
COMMAND:	streme --verbosity 1 --oc meme_out_incomplete_DL/HepG2_HNRNPLL-human_ENCFF886DRH/streme_out -dna --seed 0 --p meme_out_incomplete_DL/HepG2_HNRNPLL-human_ENCFF886DRH/seqs-centered --minw 6 --maxw 15 --time 6176 --order 2 --thresh 0.05 --align center --totallength 4000000 --parse-genomic-coord
********************************************************************************
CPU:		9f05ee173ae9
********************************************************************************
FINALTIME:	3468.34 seconds
********************************************************************************
