********************************************************************************
STREME - Sensitive, Thorough, Rapid, Enriched Motif Elicitation
********************************************************************************
MEME version 5.5.3 (Release date: Sat Jun 10 16:19:38 2023 -0700)

For further information on how to interpret these results please access http://localhost:8080/meme_5.5.3.
To get a copy of the MEME Suite software please access https://meme-suite.org.

********************************************************************************


********************************************************************************
REFERENCE
********************************************************************************
If you use this program in your research, please cite:

Timothy L. Bailey,
"STREME: accurate and versatile sequence motif discovery",
Bioinformatics, Mar. 24, 2021.
********************************************************************************


ALPHABET= ACGT

strands: + -

Background letter frequencies
A 0.19 C 0.31 G 0.31 T 0.19 

MOTIF 1-CCCCGCCCC STREME-1
letter-probability matrix: alength= 4 w= 9 nsites= 1332 E= 7.1e-006
 0.000104 0.946737 0.000170 0.052989
 0.045011 0.954715 0.000170 0.000104
 0.000104 0.999622 0.000170 0.000104
 0.094319 0.863737 0.000170 0.041774
 0.110077 0.000170 0.711792 0.177961
 0.132035 0.867691 0.000170 0.000104
 0.000104 0.999622 0.000170 0.000104
 0.000104 0.943344 0.023795 0.032757
 0.031041 0.935176 0.000170 0.033613

MOTIF 2-RBCACGTGVY STREME-2
letter-probability matrix: alength= 4 w= 10 nsites= 369 E= 1.1e-004
 0.275711 0.095136 0.440892 0.188261
 0.086264 0.371152 0.258399 0.284185
 0.000136 0.999506 0.000222 0.000136
 0.999420 0.000222 0.000222 0.000136
 0.000136 0.999506 0.000222 0.000136
 0.000136 0.000222 0.999506 0.000136
 0.000136 0.000222 0.000222 0.999420
 0.000136 0.000222 0.999506 0.000136
 0.284185 0.258399 0.371152 0.086264
 0.188261 0.440892 0.095136 0.275711

MOTIF 3-CMAAGGTCA STREME-3
letter-probability matrix: alength= 4 w= 9 nsites= 270 E= 2.7e-003
 0.116693 0.619116 0.000398 0.263794
 0.338941 0.645739 0.000398 0.014922
 0.674696 0.000398 0.324662 0.000244
 0.998960 0.000398 0.000398 0.000244
 0.000244 0.000398 0.999114 0.000244
 0.000244 0.000398 0.822539 0.176818
 0.000244 0.000398 0.000398 0.998960
 0.196055 0.734864 0.000398 0.068683
 0.998960 0.000398 0.000398 0.000244

MOTIF 4-CAGCACCAYGGACAG STREME-4
letter-probability matrix: alength= 4 w= 15 nsites= 152 E= 2.4e-002
 0.007953 0.960526 0.000346 0.031176
 0.999096 0.000346 0.000346 0.000212
 0.007953 0.000346 0.991489 0.000212
 0.062137 0.805709 0.085498 0.046656
 0.991355 0.000346 0.000346 0.007953
 0.000212 0.976008 0.023567 0.000212
 0.000212 0.991489 0.000346 0.007953
 0.511317 0.054532 0.248145 0.186006
 0.100849 0.418599 0.093233 0.387319
 0.000212 0.008086 0.991489 0.000212
 0.015693 0.039048 0.945047 0.000212
 0.867505 0.116456 0.000346 0.015693
 0.000212 0.859892 0.108721 0.031174
 0.991355 0.000346 0.008086 0.000212
 0.007953 0.000346 0.991489 0.000212

MOTIF 5-TGATGAAAC STREME-5
letter-probability matrix: alength= 4 w= 9 nsites= 183 E= 6.6e-002
 0.036643 0.009045 0.013580 0.940731
 0.008254 0.004474 0.973917 0.013355
 0.933828 0.001723 0.038377 0.026071
 0.061542 0.000581 0.061412 0.876465
 0.008254 0.013580 0.964811 0.013355
 0.733899 0.200004 0.000728 0.065370
 0.985965 0.006072 0.007607 0.000356
 0.942943 0.005975 0.011723 0.039359
 0.013355 0.803301 0.064759 0.118585

MOTIF 6-CCTGTAATCCCAG STREME-6
letter-probability matrix: alength= 4 w= 13 nsites= 151 E= 6.8e-002
 0.021897 0.919713 0.000323 0.058067
 0.029129 0.948649 0.000323 0.021899
 0.000198 0.000323 0.000323 0.999155
 0.072556 0.000323 0.926922 0.000198
 0.000198 0.064062 0.000323 0.935416
 0.934058 0.036488 0.029256 0.000198
 0.753132 0.036490 0.202946 0.007432
 0.000198 0.036487 0.000323 0.962991
 0.014664 0.970349 0.014789 0.000198
 0.014664 0.948647 0.000323 0.036365
 0.000198 0.970348 0.022022 0.007432
 0.977457 0.000323 0.000323 0.021897
 0.043598 0.000323 0.955880 0.000198

MOTIF 7-AGAATCGCTTGAACC STREME-7
letter-probability matrix: alength= 4 w= 15 nsites= 106 E= 6.8e-002
 0.985891 0.013198 0.000565 0.000346
 0.050879 0.013198 0.910310 0.025613
 0.758481 0.025831 0.215341 0.000346
 0.973257 0.000565 0.025831 0.000346
 0.012980 0.088997 0.013198 0.884825
 0.038246 0.632362 0.114268 0.215125
 0.139321 0.051100 0.796599 0.012980
 0.012980 0.948209 0.000565 0.038246
 0.012980 0.051098 0.076366 0.859556
 0.050879 0.013198 0.025831 0.910091
 0.063513 0.038465 0.897676 0.000346
 0.947991 0.013198 0.013198 0.025613
 0.695315 0.013198 0.265874 0.025613
 0.038246 0.910310 0.013198 0.038246
 0.038246 0.897676 0.038465 0.025613

MOTIF 8-CCAGCCTGGGYRACA STREME-8
letter-probability matrix: alength= 4 w= 15 nsites= 136 E= 1.3e-001
 0.039841 0.896192 0.000354 0.063613
 0.000217 0.959587 0.000354 0.039841
 0.999074 0.000354 0.000354 0.000217
 0.087387 0.000354 0.864494 0.047765
 0.000217 0.983362 0.016203 0.000217
 0.000217 0.967513 0.016203 0.016066
 0.016066 0.000354 0.000354 0.983225
 0.047765 0.000354 0.935814 0.016066
 0.087388 0.000354 0.888267 0.023991
 0.071540 0.222285 0.658410 0.047765
 0.055698 0.586966 0.024128 0.333209
 0.539258 0.008279 0.444321 0.008142
 0.975301 0.000354 0.016203 0.008142
 0.016066 0.919965 0.016203 0.047765
 0.911904 0.039977 0.047902 0.000217

MOTIF 9-MACGTGY STREME-9
letter-probability matrix: alength= 4 w= 7 nsites= 396 E= 1.9e-001
 0.386982 0.592189 0.001149 0.019680
 0.996997 0.001149 0.001149 0.000705
 0.000705 0.997441 0.001149 0.000705
 0.000705 0.001149 0.997441 0.000705
 0.000705 0.001149 0.001149 0.996997
 0.145068 0.001149 0.640555 0.213228
 0.000705 0.387761 0.001149 0.610386

MOTIF 10-CCGGAAGTGAC STREME-10
letter-probability matrix: alength= 4 w= 11 nsites= 118 E= 2.2e-001
 0.041442 0.726436 0.196960 0.035162
 0.162585 0.801735 0.012133 0.023546
 0.011932 0.023747 0.964002 0.000319
 0.000319 0.005339 0.994024 0.000319
 0.998643 0.000519 0.000519 0.000319
 0.998643 0.000519 0.000519 0.000319
 0.035163 0.000519 0.963999 0.000319
 0.000319 0.000519 0.000519 0.998643
 0.054653 0.012133 0.898052 0.035162
 0.784683 0.214479 0.000519 0.000319
 0.093241 0.724583 0.170243 0.011932

MOTIF 11-GCCKCVGCCKCCS STREME-11
letter-probability matrix: alength= 4 w= 13 nsites= 752 E= 2.6e-001
 0.190742 0.078142 0.731078 0.000038
 0.000038 0.984069 0.000063 0.015830
 0.000038 0.999861 0.000063 0.000038
 0.063932 0.003446 0.449557 0.483065
 0.000038 0.847494 0.000063 0.152405
 0.301351 0.401578 0.272872 0.024200
 0.096007 0.000063 0.903891 0.000038
 0.006223 0.858260 0.005666 0.129851
 0.000038 0.814540 0.032806 0.152616
 0.089802 0.000063 0.344600 0.565535
 0.000038 0.981188 0.000063 0.018711
 0.027235 0.786657 0.115500 0.070608
 0.098209 0.390306 0.351134 0.160351

MOTIF 12-GAGACGGRGTYTCA STREME-12
letter-probability matrix: alength= 4 w= 14 nsites= 96 E= 2.8e-001
 0.045678 0.034532 0.919479 0.000311
 0.998675 0.000507 0.000507 0.000311
 0.000311 0.000507 0.998871 0.000311
 0.964648 0.034534 0.000507 0.000311
 0.011653 0.817398 0.034532 0.136417
 0.317905 0.000507 0.681277 0.000311
 0.102388 0.000507 0.896793 0.000311
 0.340592 0.000507 0.658590 0.000311
 0.022995 0.000507 0.976187 0.000311
 0.000311 0.000507 0.000507 0.998675
 0.000311 0.363483 0.011849 0.624357
 0.000311 0.000507 0.000507 0.998675
 0.000311 0.885447 0.034532 0.079710
 0.647047 0.011849 0.261398 0.079707

MOTIF 13-CAAGATGGCGGM STREME-13
letter-probability matrix: alength= 4 w= 12 nsites= 241 E= 4.0e-001
 0.109771 0.595409 0.231150 0.063670
 0.940305 0.000240 0.059307 0.000147
 0.875871 0.107632 0.010980 0.005517
 0.064586 0.297812 0.632085 0.005517
 0.983264 0.000240 0.010979 0.005517
 0.010886 0.000240 0.000240 0.988634
 0.000147 0.048567 0.951139 0.000147
 0.016256 0.000240 0.956509 0.026995
 0.101257 0.794100 0.000240 0.104402
 0.082920 0.036916 0.740399 0.139765
 0.224759 0.048568 0.688937 0.037736
 0.308453 0.608386 0.005610 0.077551

MOTIF 14-AGCAGCAGCAGC STREME-14
letter-probability matrix: alength= 4 w= 12 nsites= 317 E= 4.4e-001
 0.839922 0.046300 0.095634 0.018145
 0.093569 0.046231 0.819933 0.040267
 0.042416 0.873077 0.026776 0.057732
 0.860004 0.085500 0.015625 0.038870
 0.062466 0.042793 0.866169 0.028572
 0.020057 0.909711 0.011709 0.058524
 0.802492 0.058374 0.050643 0.088491
 0.068742 0.065128 0.825401 0.040729
 0.040635 0.857257 0.042109 0.059999
 0.816833 0.056622 0.074991 0.051554
 0.159294 0.080480 0.707344 0.052882
 0.044093 0.804923 0.067359 0.083625

MOTIF 15-CTGCAGCC STREME-15
letter-probability matrix: alength= 4 w= 8 nsites= 214 E= 4.9e-001
 0.017282 0.937264 0.028173 0.017282
 0.017282 0.028173 0.028173 0.926373
 0.017282 0.028173 0.937264 0.017282
 0.017282 0.937264 0.028173 0.017282
 0.926373 0.028173 0.028173 0.017282
 0.017282 0.028173 0.937264 0.017282
 0.017282 0.937264 0.028173 0.017282
 0.017282 0.937264 0.028173 0.017282

MOTIF 16-AAAAATACAAAAA STREME-16
letter-probability matrix: alength= 4 w= 13 nsites= 179 E= 5.3e-001
 0.945316 0.000301 0.027248 0.027135
 0.821258 0.047459 0.000301 0.130981
 0.972266 0.007038 0.000301 0.020395
 0.844222 0.074446 0.000301 0.081030
 0.968897 0.023880 0.000301 0.006922
 0.315956 0.027249 0.023076 0.633719
 0.909374 0.000301 0.090140 0.000185
 0.283667 0.569874 0.038478 0.107981
 0.925105 0.000301 0.007038 0.067556
 0.824053 0.087880 0.000301 0.087765
 0.918371 0.007038 0.040722 0.033869
 0.800705 0.000301 0.043857 0.155137
 0.894718 0.000301 0.000301 0.104680

MOTIF 17-MGGGAAGGR STREME-17
letter-probability matrix: alength= 4 w= 9 nsites= 996 E= 6.6e-001
 0.556132 0.320057 0.059517 0.064294
 0.090855 0.011182 0.897783 0.000180
 0.000180 0.014947 0.984693 0.000180
 0.000180 0.000294 0.945283 0.054243
 0.865729 0.095758 0.000294 0.038220
 0.911304 0.000294 0.000294 0.088109
 0.072668 0.000294 0.926858 0.000180
 0.070631 0.000294 0.928895 0.000180
 0.436795 0.000294 0.562731 0.000180

MOTIF 18-DWAAACAAAB STREME-18
letter-probability matrix: alength= 4 w= 10 nsites= 719 E= 8.6e-001
 0.350025 0.077794 0.340348 0.231834
 0.560157 0.122954 0.000102 0.316787
 0.823950 0.175885 0.000102 0.000063
 0.671850 0.068591 0.016837 0.242722
 0.668086 0.002388 0.329463 0.000063
 0.000063 0.785133 0.000102 0.214702
 0.999733 0.000102 0.000102 0.000063
 0.912874 0.000102 0.000102 0.086922
 0.891785 0.000102 0.000102 0.108011
 0.136710 0.379055 0.206819 0.277415

MOTIF 19-CGGGGACA STREME-19
letter-probability matrix: alength= 4 w= 8 nsites= 262 E= 8.8e-001
 0.000858 0.996886 0.001398 0.000858
 0.000858 0.001398 0.996886 0.000858
 0.160018 0.001398 0.749212 0.089371
 0.000858 0.007422 0.959590 0.032131
 0.000858 0.001398 0.934609 0.063135
 0.996346 0.001398 0.001398 0.000858
 0.000858 0.920038 0.001398 0.077706
 0.769367 0.001398 0.228377 0.000858

MOTIF 20-AGGTGAGG STREME-20
letter-probability matrix: alength= 4 w= 8 nsites= 713 E= 9.9e-001
 0.947562 0.012139 0.039918 0.000381
 0.070267 0.000785 0.927667 0.001281
 0.047418 0.039634 0.856451 0.056498
 0.000381 0.004962 0.000621 0.994035
 0.002125 0.004027 0.956908 0.036940
 0.884384 0.013225 0.102010 0.000381
 0.038060 0.061036 0.879843 0.021060
 0.086025 0.088792 0.668858 0.156325

MOTIF 21-CCSAGCCC STREME-21
letter-probability matrix: alength= 4 w= 8 nsites= 1894 E= 1.1e+000
 0.000344 0.998753 0.000560 0.000344
 0.000344 0.893992 0.048857 0.056807
 0.042627 0.613964 0.343065 0.000344
 0.998536 0.000560 0.000560 0.000344
 0.092460 0.117335 0.789861 0.000344
 0.000344 0.847637 0.151676 0.000344
 0.023625 0.889050 0.000560 0.086765
 0.000344 0.857725 0.000560 0.141371

MOTIF 22-CAGGAGTTCRAG STREME-22
letter-probability matrix: alength= 4 w= 12 nsites= 71 E= 1.1e+000
 0.000435 0.871609 0.000709 0.127248
 0.903039 0.016560 0.079966 0.000435
 0.032139 0.016560 0.903313 0.047988
 0.090441 0.000709 0.908416 0.000435
 0.959868 0.000709 0.038989 0.000435
 0.063841 0.000709 0.935015 0.000435
 0.032137 0.048264 0.000709 0.918890
 0.000435 0.000709 0.000709 0.998148
 0.000435 0.810864 0.032413 0.156288
 0.312464 0.032411 0.622988 0.032137
 0.998148 0.000709 0.000709 0.000435
 0.047988 0.000709 0.950869 0.000435

MOTIF 23-AACTACAWYTCCCAG STREME-23
letter-probability matrix: alength= 4 w= 15 nsites= 54 E= 1.1e+000
 0.677320 0.000796 0.267962 0.053921
 0.944486 0.036418 0.018607 0.000488
 0.036110 0.909172 0.054229 0.000488
 0.018299 0.018607 0.000796 0.962297
 0.873243 0.018607 0.107662 0.000488
 0.000488 0.962605 0.018607 0.018299
 0.855432 0.054229 0.089851 0.000488
 0.570442 0.018607 0.125480 0.285470
 0.000488 0.499514 0.161094 0.338903
 0.053921 0.036418 0.107662 0.801999
 0.000488 0.855740 0.000796 0.142976
 0.018299 0.909172 0.036418 0.036110
 0.053921 0.909172 0.018607 0.018299
 0.819810 0.000796 0.161094 0.018299
 0.142976 0.072040 0.766685 0.018299

MOTIF 24-CGTGACGTCACGA STREME-24
letter-probability matrix: alength= 4 w= 13 nsites= 58 E= 1.1e+000
 0.046992 0.789091 0.163282 0.000636
 0.070169 0.093748 0.835447 0.000636
 0.000636 0.116926 0.047392 0.835046
 0.023814 0.024214 0.904981 0.046992
 0.881402 0.024214 0.024214 0.070169
 0.023814 0.974514 0.001036 0.000636
 0.023814 0.093748 0.881803 0.000636
 0.046992 0.024214 0.024214 0.904580
 0.023814 0.904979 0.024216 0.046992
 0.788690 0.047392 0.140104 0.023814
 0.046992 0.719557 0.047392 0.186059
 0.046992 0.209638 0.650023 0.093347
 0.695977 0.093748 0.116926 0.093349

MOTIF 25-GGCGCGGTGGCTCA STREME-25
letter-probability matrix: alength= 4 w= 14 nsites= 39 E= 1.1e+000
 0.000780 0.001272 0.997168 0.000780
 0.000780 0.001272 0.997168 0.000780
 0.000780 0.826461 0.001272 0.171487
 0.228392 0.001272 0.769556 0.000780
 0.000780 0.883370 0.001272 0.114577
 0.313736 0.001272 0.684212 0.000780
 0.086125 0.001272 0.911823 0.000780
 0.000780 0.029720 0.029720 0.939780
 0.000780 0.001272 0.997168 0.000780
 0.000780 0.001272 0.997168 0.000780
 0.000780 0.940271 0.029720 0.029228
 0.000780 0.001272 0.058168 0.939780
 0.000780 0.911823 0.029720 0.057677
 0.996676 0.001272 0.001272 0.000780

MOTIF 26-GCAGTGAGCYGAGAT STREME-26
letter-probability matrix: alength= 4 w= 15 nsites= 91 E= 1.2e+000
 0.071618 0.000531 0.927525 0.000326
 0.000326 0.915643 0.024295 0.059736
 0.903556 0.036177 0.012413 0.047854
 0.024090 0.000531 0.975053 0.000326
 0.000326 0.036177 0.000531 0.962966
 0.071618 0.024295 0.903761 0.000326
 0.903556 0.012413 0.071823 0.012208
 0.000326 0.024295 0.939407 0.035972
 0.012208 0.951289 0.000531 0.035972
 0.154802 0.475946 0.024295 0.344956
 0.226105 0.048059 0.689864 0.035972
 0.713439 0.036177 0.036177 0.214207
 0.000326 0.000531 0.986935 0.012208
 0.903556 0.071823 0.012413 0.012208
 0.012208 0.059941 0.000531 0.927320

MOTIF 27-ACACACACRCAC STREME-27
letter-probability matrix: alength= 4 w= 12 nsites= 84 E= 1.2e+000
 0.903928 0.001076 0.094335 0.000660
 0.048817 0.837265 0.001076 0.112842
 0.973109 0.001076 0.025155 0.000660
 0.000660 0.973527 0.001076 0.024737
 0.901334 0.001076 0.001076 0.096513
 0.000660 0.973527 0.025153 0.000660
 0.949030 0.001076 0.001076 0.048817
 0.024120 0.956659 0.001076 0.018144
 0.315577 0.049229 0.562919 0.072275
 0.060851 0.913336 0.025153 0.000660
 0.973110 0.001076 0.001076 0.024737
 0.000660 0.852117 0.011068 0.136155

MOTIF 28-CACCACGCCCGGCTA STREME-28
letter-probability matrix: alength= 4 w= 15 nsites= 87 E= 1.2e+000
 0.014239 0.984761 0.000620 0.000380
 0.998381 0.000620 0.000620 0.000380
 0.041958 0.860027 0.000620 0.097396
 0.000380 0.998620 0.000620 0.000380
 0.859780 0.000620 0.139220 0.000380
 0.000380 0.665980 0.056057 0.277583
 0.166701 0.000620 0.790722 0.041958
 0.000380 0.957042 0.000620 0.041958
 0.000380 0.957042 0.000620 0.041958
 0.055818 0.693694 0.014479 0.236010
 0.277584 0.014479 0.693698 0.014239
 0.028099 0.000620 0.970901 0.000380
 0.028099 0.943183 0.014479 0.014239
 0.000380 0.139218 0.000620 0.859782
 0.818207 0.083778 0.042198 0.055818

MOTIF 29-AGTGCAGTGGCACA STREME-29
letter-probability matrix: alength= 4 w= 14 nsites= 78 E= 1.2e+000
 0.885164 0.000721 0.113672 0.000442
 0.048844 0.081391 0.869323 0.000442
 0.016576 0.000721 0.000721 0.981981
 0.048844 0.049122 0.885458 0.016576
 0.007138 0.878762 0.049122 0.064977
 0.965847 0.016855 0.016855 0.000442
 0.048844 0.023550 0.862629 0.064977
 0.016576 0.000721 0.016855 0.965847
 0.032710 0.032989 0.869323 0.064979
 0.032710 0.049122 0.885458 0.032710
 0.016576 0.788619 0.016855 0.177949
 0.594714 0.016855 0.258904 0.129527
 0.016576 0.862619 0.032990 0.087815
 0.684856 0.032989 0.281713 0.000442

MOTIF 30-CAGCCCCGGG STREME-30
letter-probability matrix: alength= 4 w= 10 nsites= 158 E= 1.3e+000
 0.000393 0.744356 0.202836 0.052415
 0.998327 0.000640 0.000640 0.000393
 0.067370 0.000640 0.826908 0.105081
 0.000393 0.893262 0.000640 0.105706
 0.257038 0.741930 0.000640 0.000393
 0.000393 0.962202 0.000640 0.036765
 0.000393 0.998575 0.000640 0.000393
 0.000393 0.000640 0.998575 0.000393
 0.222416 0.033658 0.695317 0.048609
 0.000393 0.000640 0.922578 0.076389

MOTIF 31-CTACTTCCTC STREME-31
letter-probability matrix: alength= 4 w= 10 nsites= 629 E= 1.5e+000
 0.060398 0.824635 0.077852 0.037115
 0.040494 0.115043 0.081400 0.763064
 0.822747 0.052074 0.077239 0.047940
 0.029906 0.820424 0.087409 0.062260
 0.044961 0.091248 0.118260 0.745531
 0.090426 0.050037 0.067749 0.791788
 0.070993 0.788011 0.092802 0.048194
 0.088733 0.730978 0.109636 0.070653
 0.082462 0.089716 0.093568 0.734254
 0.084889 0.724717 0.109355 0.081039

MOTIF 32-CCTCGGCCT STREME-32
letter-probability matrix: alength= 4 w= 9 nsites= 1024 E= 1.6e+000
 0.064573 0.841917 0.064331 0.029179
 0.040509 0.797760 0.126326 0.035406
 0.003019 0.003010 0.017921 0.976050
 0.001167 0.925698 0.040009 0.033127
 0.008231 0.039956 0.878078 0.073735
 0.050266 0.028281 0.847645 0.073808
 0.052608 0.852498 0.054349 0.040544
 0.054638 0.745321 0.175150 0.024891
 0.028599 0.059936 0.039264 0.872202

MOTIF 33-TGGGAA STREME-33
letter-probability matrix: alength= 4 w= 6 nsites= 692 E= 1.8e+000
 0.017282 0.028173 0.028173 0.926373
 0.017282 0.028173 0.937264 0.017282
 0.017282 0.028173 0.937264 0.017282
 0.017282 0.028173 0.937264 0.017282
 0.926373 0.028173 0.028173 0.017282
 0.926373 0.028173 0.028173 0.017282

MOTIF 34-CCTCARGTGATCC STREME-34
letter-probability matrix: alength= 4 w= 13 nsites= 60 E= 4.5e+000
 0.000400 0.867284 0.015237 0.117079
 0.000400 0.998548 0.000652 0.000400
 0.000400 0.219427 0.088161 0.692011
 0.000400 0.969378 0.000652 0.029570
 0.773470 0.108799 0.015237 0.102494
 0.531545 0.000652 0.467403 0.000400
 0.029570 0.000652 0.969378 0.000400
 0.000400 0.029822 0.000652 0.969126
 0.087911 0.204843 0.677676 0.029570
 0.969126 0.000652 0.029822 0.000400
 0.000400 0.146503 0.000652 0.852445
 0.014985 0.779773 0.175673 0.029570
 0.058740 0.692263 0.015237 0.233760

MOTIF 35-GCGCATGCGC STREME-35
letter-probability matrix: alength= 4 w= 10 nsites= 225 E= 4.7e+000
 0.132521 0.003449 0.862228 0.001802
 0.062583 0.926143 0.010995 0.000279
 0.020633 0.000455 0.970796 0.008116
 0.000279 0.998987 0.000455 0.000279
 0.778932 0.111778 0.084471 0.024818
 0.024818 0.084471 0.111778 0.778932
 0.000279 0.000455 0.998987 0.000279
 0.008116 0.970796 0.000455 0.020633
 0.000279 0.010995 0.926143 0.062583
 0.001802 0.862228 0.003449 0.132521

MOTIF 36-AATAAATA STREME-36
letter-probability matrix: alength= 4 w= 8 nsites= 536 E= 7.8e+000
 0.839311 0.006819 0.015220 0.138650
 0.728657 0.009664 0.188755 0.072924
 0.000162 0.108283 0.000264 0.891291
 0.790924 0.056023 0.152448 0.000605
 0.873248 0.000264 0.050916 0.075572
 0.606770 0.092321 0.113434 0.187475
 0.000162 0.137346 0.000264 0.862228
 0.716688 0.046334 0.236816 0.000162

********************************************************************************
Stopped because 3 consecutive motifs exceeded the p-value threshold (0.05).
********************************************************************************
COMMAND:	streme --verbosity 1 --oc meme_out_incomplete_DL/HepG2_ATF5-human_ENCFF166CIL/streme_out -dna --seed 0 --p meme_out_incomplete_DL/HepG2_ATF5-human_ENCFF166CIL/seqs-centered --minw 6 --maxw 15 --time 6192 --order 2 --thresh 0.05 --align center --totallength 4000000 --parse-genomic-coord
********************************************************************************
CPU:		9f05ee173ae9
********************************************************************************
FINALTIME:	406.51 seconds
********************************************************************************
