********************************************************************************
STREME - Sensitive, Thorough, Rapid, Enriched Motif Elicitation
********************************************************************************
MEME version 5.5.3 (Release date: Sat Jun 10 16:19:38 2023 -0700)

For further information on how to interpret these results please access http://localhost:8080/meme_5.5.3.
To get a copy of the MEME Suite software please access https://meme-suite.org.

********************************************************************************


********************************************************************************
REFERENCE
********************************************************************************
If you use this program in your research, please cite:

Timothy L. Bailey,
"STREME: accurate and versatile sequence motif discovery",
Bioinformatics, Mar. 24, 2021.
********************************************************************************


ALPHABET= ACGT

strands: + -

Background letter frequencies
A 0.239 C 0.261 G 0.261 T 0.239 

MOTIF 1-AAGTAAACAW STREME-1
letter-probability matrix: alength= 4 w= 10 nsites= 6503 E= 7.4e-095
 0.682271 0.100454 0.146568 0.070706
 0.654536 0.008878 0.175218 0.161368
 0.139536 0.003841 0.852871 0.003752
 0.002890 0.136991 0.000016 0.860102
 0.946753 0.051322 0.000199 0.001727
 0.986224 0.008152 0.001546 0.004078
 0.989267 0.000842 0.002715 0.007176
 0.000066 0.673595 0.001005 0.325334
 0.985586 0.002620 0.008073 0.003721
 0.343273 0.153557 0.110897 0.392274

MOTIF 2-CAAAGKTCA STREME-2
letter-probability matrix: alength= 4 w= 9 nsites= 5132 E= 3.7e-042
 0.000027 0.857752 0.013544 0.128676
 0.705164 0.273728 0.011639 0.009468
 0.902332 0.000030 0.097611 0.000027
 0.976815 0.000030 0.023128 0.000027
 0.000027 0.000030 0.999916 0.000027
 0.089240 0.000030 0.541637 0.369094
 0.018232 0.240898 0.040846 0.700024
 0.000027 0.959143 0.000030 0.040800
 0.996120 0.000030 0.003823 0.000027

MOTIF 3-CCCCDCCCCCV STREME-3
letter-probability matrix: alength= 4 w= 11 nsites= 2845 E= 2.0e-025
 0.000027 0.958297 0.000029 0.041647
 0.000027 0.956077 0.000029 0.043867
 0.007109 0.992835 0.000029 0.000027
 0.038998 0.905806 0.000029 0.055167
 0.285571 0.000029 0.438739 0.275660
 0.025674 0.974270 0.000029 0.000027
 0.000027 0.999917 0.000029 0.000027
 0.000027 0.900699 0.005309 0.093965
 0.098143 0.884040 0.001760 0.016057
 0.059294 0.709967 0.096804 0.133935
 0.411728 0.240506 0.207732 0.140034

MOTIF 4-DRCAAAYA STREME-4
letter-probability matrix: alength= 4 w= 8 nsites= 3834 E= 1.3e-018
 0.417465 0.000066 0.213290 0.369179
 0.512835 0.000066 0.487039 0.000060
 0.000060 0.707782 0.000066 0.292092
 0.999809 0.000066 0.000066 0.000060
 0.999809 0.000066 0.000066 0.000060
 0.999809 0.000066 0.000066 0.000060
 0.000060 0.607070 0.031776 0.361094
 0.999809 0.000066 0.000066 0.000060

MOTIF 5-CTGTAATCCCAGCWM STREME-5
letter-probability matrix: alength= 4 w= 15 nsites= 809 E= 5.7e-018
 0.006830 0.945592 0.004121 0.043458
 0.005473 0.009547 0.001408 0.983572
 0.099078 0.008191 0.892685 0.000047
 0.001403 0.043462 0.006834 0.948301
 0.930665 0.012260 0.055671 0.001403
 0.702759 0.000051 0.286291 0.010899
 0.002760 0.028539 0.001408 0.967293
 0.010899 0.933383 0.005477 0.050240
 0.010899 0.929313 0.001408 0.058380
 0.000047 0.906251 0.002764 0.090938
 0.968650 0.005477 0.024470 0.001403
 0.058380 0.008191 0.923886 0.009543
 0.020396 0.933383 0.014974 0.031248
 0.556247 0.016330 0.021756 0.405666
 0.388031 0.557608 0.020400 0.033961

MOTIF 6-CCAGCCTGGGYRAC STREME-6
letter-probability matrix: alength= 4 w= 14 nsites= 705 E= 2.6e-017
 0.003087 0.936112 0.030403 0.030398
 0.025358 0.911694 0.004609 0.058339
 0.987695 0.003092 0.009161 0.000052
 0.023442 0.007644 0.947620 0.021294
 0.001570 0.971010 0.006126 0.021294
 0.007639 0.958871 0.000057 0.033433
 0.009156 0.013713 0.004609 0.972522
 0.036467 0.007644 0.949767 0.006122
 0.047089 0.000057 0.940664 0.012191
 0.050123 0.119923 0.808029 0.021924
 0.016743 0.612928 0.007644 0.362686
 0.530359 0.007644 0.446772 0.015225
 0.976444 0.005239 0.018265 0.000052
 0.012191 0.905625 0.009791 0.072394

MOTIF 7-AGACYCTGTCTCWA STREME-7
letter-probability matrix: alength= 4 w= 14 nsites= 676 E= 9.2e-015
 0.977509 0.007499 0.000070 0.014922
 0.268282 0.008270 0.721526 0.001921
 0.971764 0.000070 0.020673 0.007493
 0.007493 0.882794 0.009356 0.100357
 0.029780 0.536506 0.007499 0.426214
 0.016780 0.852306 0.003784 0.127130
 0.022351 0.287632 0.007499 0.682518
 0.150503 0.005642 0.843791 0.000064
 0.011208 0.019902 0.003784 0.965106
 0.005636 0.956314 0.010127 0.027923
 0.005636 0.001927 0.000070 0.992367
 0.029780 0.938512 0.005642 0.026066
 0.598452 0.055788 0.020500 0.325260
 0.948390 0.009356 0.027929 0.014324

MOTIF 8-CCTCRGCCTCCCAA STREME-8
letter-probability matrix: alength= 4 w= 14 nsites= 681 E= 5.9e-013
 0.003373 0.927635 0.005036 0.063956
 0.003373 0.946768 0.006694 0.043164
 0.003373 0.033910 0.006694 0.956023
 0.006689 0.810815 0.005036 0.177459
 0.603018 0.010698 0.379595 0.006689
 0.025756 0.005724 0.955199 0.013321
 0.000057 0.955058 0.001720 0.043164
 0.001715 0.915267 0.000062 0.082955
 0.017325 0.000062 0.001720 0.980892
 0.005031 0.935444 0.006694 0.052830
 0.011663 0.941795 0.008352 0.038190
 0.006886 0.792596 0.016642 0.183877
 0.666149 0.022740 0.306080 0.005031
 0.935973 0.008352 0.051614 0.004061

MOTIF 9-RTTRTGYAAY STREME-9
letter-probability matrix: alength= 4 w= 10 nsites= 1356 E= 5.1e-012
 0.565587 0.063202 0.371154 0.000057
 0.000057 0.000063 0.000063 0.999818
 0.000057 0.000063 0.000063 0.999818
 0.382077 0.000063 0.617803 0.000057
 0.231211 0.110521 0.062099 0.596169
 0.000057 0.000063 0.999823 0.000057
 0.182302 0.494406 0.000063 0.323230
 0.999818 0.000063 0.000063 0.000057
 0.999818 0.000063 0.000063 0.000057
 0.000057 0.388149 0.107416 0.504378

MOTIF 10-VRTGASTCAYB STREME-10
letter-probability matrix: alength= 4 w= 11 nsites= 1293 E= 5.7e-012
 0.261343 0.208883 0.356326 0.173448
 0.468519 0.189477 0.341955 0.000048
 0.000048 0.000053 0.000053 0.999846
 0.000048 0.000053 0.917103 0.082796
 0.999846 0.000053 0.000053 0.000048
 0.030026 0.469974 0.469974 0.030026
 0.000048 0.000053 0.000053 0.999846
 0.082796 0.917103 0.000053 0.000048
 0.999846 0.000053 0.000053 0.000048
 0.000048 0.341955 0.189477 0.468519
 0.173448 0.356326 0.208883 0.261343

MOTIF 11-CTCACTGCARCCTY STREME-11
letter-probability matrix: alength= 4 w= 14 nsites= 588 E= 5.2e-010
 0.005934 0.917376 0.011100 0.065590
 0.009375 0.000065 0.001785 0.988776
 0.008661 0.927565 0.015547 0.048227
 0.913084 0.000065 0.086792 0.000059
 0.000059 0.942716 0.007277 0.049947
 0.013821 0.036190 0.003505 0.946483
 0.059262 0.004219 0.926137 0.010381
 0.022423 0.850828 0.000065 0.126684
 0.898990 0.055827 0.019319 0.025863
 0.523864 0.009380 0.451215 0.015542
 0.018982 0.875083 0.077184 0.028750
 0.003500 0.961971 0.001785 0.032744
 0.010381 0.010386 0.001785 0.977448
 0.012101 0.529139 0.012107 0.446654

MOTIF 12-AGTGCAGTGGYGCA STREME-12
letter-probability matrix: alength= 4 w= 14 nsites= 534 E= 6.5e-010
 0.892206 0.000075 0.107650 0.000069
 0.183345 0.002067 0.812527 0.002061
 0.000069 0.010036 0.006051 0.983844
 0.069793 0.004059 0.926079 0.000069
 0.000069 0.981858 0.000075 0.017998
 0.959939 0.000075 0.021988 0.017998
 0.138353 0.000075 0.861504 0.000069
 0.000069 0.006051 0.000075 0.993805
 0.012022 0.000075 0.983851 0.004053
 0.088549 0.004059 0.903338 0.004053
 0.006045 0.601699 0.004059 0.388196
 0.187329 0.000075 0.706117 0.106479
 0.008037 0.851543 0.000075 0.140345
 0.747946 0.016012 0.226013 0.010029

MOTIF 13-CACTTCCTG STREME-13
letter-probability matrix: alength= 4 w= 9 nsites= 2179 E= 1.4e-009
 0.066505 0.839060 0.046068 0.048367
 0.928442 0.000099 0.025284 0.046174
 0.001664 0.858316 0.007137 0.132883
 0.047311 0.005952 0.005313 0.941424
 0.000416 0.000099 0.000099 0.999385
 0.002361 0.995127 0.001049 0.001463
 0.000774 0.995207 0.003858 0.000161
 0.000421 0.020052 0.212983 0.766544
 0.054913 0.071342 0.832927 0.040818

MOTIF 14-CTCAAGYGATCCTC STREME-14
letter-probability matrix: alength= 4 w= 14 nsites= 538 E= 2.3e-009
 0.001920 0.810520 0.011204 0.176356
 0.001920 0.009348 0.003781 0.984951
 0.003775 0.955265 0.005637 0.035322
 0.979384 0.011204 0.000070 0.009343
 0.765207 0.009348 0.206823 0.018621
 0.049315 0.009348 0.912666 0.028670
 0.013274 0.348860 0.020483 0.617383
 0.148438 0.020483 0.827304 0.003775
 0.997941 0.000070 0.001926 0.000064
 0.002690 0.039040 0.000070 0.958201
 0.000064 0.817173 0.007493 0.175270
 0.011198 0.876555 0.005637 0.106609
 0.155943 0.013830 0.156719 0.673508
 0.007487 0.900680 0.005637 0.086197

MOTIF 15-AGWTCAAAG STREME-15
letter-probability matrix: alength= 4 w= 9 nsites= 2043 E= 3.8e-009
 0.771914 0.000076 0.227940 0.000070
 0.000070 0.159516 0.840344 0.000070
 0.489045 0.000076 0.011695 0.499184
 0.171074 0.069904 0.053866 0.705156
 0.000070 0.922819 0.077041 0.000070
 0.991268 0.000076 0.008586 0.000070
 0.999778 0.000076 0.000076 0.000070
 0.900257 0.004073 0.095600 0.000070
 0.000070 0.043682 0.956179 0.000070

MOTIF 16-CRTGAGCCACCRYGC STREME-16
letter-probability matrix: alength= 4 w= 15 nsites= 416 E= 7.3e-009
 0.002774 0.860294 0.008144 0.128788
 0.453207 0.018869 0.525151 0.002774
 0.000092 0.077854 0.000101 0.921952
 0.026904 0.013507 0.951453 0.008136
 0.820069 0.072492 0.008144 0.099295
 0.088570 0.005463 0.900512 0.005455
 0.008136 0.988990 0.002782 0.000092
 0.016179 0.946091 0.005463 0.032266
 0.980938 0.000101 0.016188 0.002774
 0.000092 0.967540 0.000101 0.032266
 0.018861 0.753504 0.005463 0.222172
 0.388859 0.002782 0.578774 0.029585
 0.013498 0.616310 0.005463 0.364729
 0.179730 0.024231 0.771816 0.024223
 0.002774 0.948772 0.000101 0.048353

MOTIF 17-CCCCRCCC STREME-17
letter-probability matrix: alength= 4 w= 8 nsites= 3530 E= 3.3e-008
 0.000129 0.868499 0.000140 0.131232
 0.041200 0.681079 0.000140 0.277580
 0.165391 0.834340 0.000140 0.000129
 0.000129 0.999602 0.000140 0.000129
 0.348022 0.000140 0.543409 0.108428
 0.000129 0.999602 0.000140 0.000129
 0.000129 0.999602 0.000140 0.000129
 0.000129 0.999602 0.000140 0.000129

MOTIF 18-TAATCATTAAC STREME-18
letter-probability matrix: alength= 4 w= 11 nsites= 917 E= 1.5e-006
 0.035490 0.140778 0.000062 0.823670
 0.955475 0.000062 0.014385 0.030077
 0.991499 0.000062 0.003363 0.005075
 0.306288 0.038635 0.000062 0.655015
 0.150448 0.494282 0.206824 0.148446
 0.787882 0.000062 0.016354 0.195702
 0.061146 0.003052 0.107278 0.828524
 0.000057 0.036019 0.000062 0.963861
 0.775217 0.038916 0.018654 0.167214
 0.864239 0.019075 0.116629 0.000057
 0.015943 0.912082 0.000062 0.071913

MOTIF 19-CCASCAGGGGGCR STREME-19
letter-probability matrix: alength= 4 w= 13 nsites= 577 E= 3.2e-006
 0.000076 0.940807 0.030454 0.028663
 0.000076 0.985472 0.014376 0.000076
 0.724739 0.000083 0.206826 0.068352
 0.022979 0.551911 0.422835 0.002275
 0.052852 0.664030 0.082932 0.200186
 0.981628 0.000083 0.018214 0.000076
 0.000076 0.000083 0.999766 0.000076
 0.330387 0.000083 0.669454 0.000076
 0.029576 0.033981 0.652254 0.284190
 0.000076 0.000083 0.999766 0.000076
 0.024265 0.000083 0.924086 0.051566
 0.135552 0.864289 0.000083 0.000076
 0.339006 0.000083 0.660835 0.000076

MOTIF 20-AGATAAR STREME-20
letter-probability matrix: alength= 4 w= 7 nsites= 1840 E= 3.5e-005
 0.990729 0.008900 0.000194 0.000177
 0.000177 0.000194 0.999452 0.000177
 0.999435 0.000194 0.000194 0.000177
 0.000177 0.000194 0.000194 0.999435
 0.994922 0.004707 0.000194 0.000177
 0.986332 0.000194 0.013144 0.000330
 0.279812 0.144399 0.505040 0.070748

MOTIF 21-RGYCACGTG STREME-21
letter-probability matrix: alength= 4 w= 9 nsites= 990 E= 2.6e-004
 0.464788 0.061156 0.424857 0.049199
 0.132837 0.151074 0.620886 0.095203
 0.000108 0.431308 0.186961 0.381624
 0.018095 0.948290 0.033507 0.000108
 0.999658 0.000117 0.000117 0.000108
 0.000108 0.999668 0.000117 0.000108
 0.000108 0.000117 0.999668 0.000108
 0.000108 0.000117 0.000117 0.999658
 0.071270 0.000117 0.928505 0.000108

MOTIF 22-AAAAMAAAAMAAAA STREME-22
letter-probability matrix: alength= 4 w= 14 nsites= 446 E= 3.2e-004
 0.999623 0.000129 0.000129 0.000118
 0.999623 0.000129 0.000129 0.000118
 0.974177 0.000129 0.025575 0.000118
 0.999623 0.000129 0.000129 0.000118
 0.538872 0.375046 0.085963 0.000118
 0.999623 0.000129 0.000129 0.000118
 0.999623 0.000129 0.000129 0.000118
 0.952251 0.000129 0.047501 0.000118
 0.999623 0.000129 0.000129 0.000118
 0.643504 0.356249 0.000129 0.000118
 0.868244 0.079473 0.052164 0.000118
 0.833292 0.000129 0.166461 0.000118
 0.960902 0.000129 0.000129 0.038840
 0.999623 0.000129 0.000129 0.000118

MOTIF 23-AGAGYGAGACTCYGT STREME-23
letter-probability matrix: alength= 4 w= 15 nsites= 206 E= 4.2e-004
 0.752249 0.000205 0.000205 0.247342
 0.016514 0.114489 0.836156 0.032840
 0.988518 0.000205 0.000205 0.011072
 0.011072 0.016531 0.972209 0.000188
 0.005630 0.514023 0.049184 0.431163
 0.332157 0.000205 0.667450 0.000188
 0.999403 0.000205 0.000205 0.000188
 0.087262 0.011089 0.901462 0.000188
 0.888302 0.000205 0.100422 0.011072
 0.011072 0.893761 0.000205 0.094962
 0.032840 0.289685 0.000205 0.677269
 0.005630 0.787177 0.087279 0.119914
 0.000188 0.323549 0.049184 0.627080
 0.092704 0.060068 0.847040 0.000188
 0.000188 0.043742 0.000205 0.955866

MOTIF 24-CAAGGTCA STREME-24
letter-probability matrix: alength= 4 w= 8 nsites= 2328 E= 5.0e-004
 0.000121 0.819405 0.159285 0.021189
 0.850241 0.000132 0.098679 0.050948
 0.877037 0.000132 0.122711 0.000121
 0.000121 0.084003 0.915756 0.000121
 0.000121 0.000132 0.999627 0.000121
 0.129217 0.000132 0.000132 0.870520
 0.000121 0.945989 0.000132 0.053759
 0.838101 0.047100 0.114679 0.000121

MOTIF 25-ACTGCTGTGCTAG STREME-25
letter-probability matrix: alength= 4 w= 13 nsites= 104 E= 1.2e-003
 0.957484 0.000515 0.027858 0.014143
 0.000472 0.984871 0.014186 0.000472
 0.000472 0.000515 0.000515 0.998499
 0.014143 0.000515 0.984871 0.000472
 0.000472 0.971199 0.014186 0.014143
 0.000472 0.014186 0.000515 0.984828
 0.000472 0.000515 0.998542 0.000472
 0.000472 0.082544 0.000515 0.916470
 0.027815 0.000515 0.971199 0.000472
 0.000472 0.998542 0.000515 0.000472
 0.014143 0.000515 0.000515 0.984828
 0.752410 0.027858 0.219260 0.000472
 0.000472 0.000515 0.998542 0.000472

MOTIF 26-CAGGAGTTCRAGA STREME-26
letter-probability matrix: alength= 4 w= 13 nsites= 142 E= 2.5e-003
 0.000311 0.963015 0.009345 0.027329
 0.971993 0.009345 0.000339 0.018323
 0.108384 0.018351 0.863948 0.009317
 0.045341 0.027357 0.926991 0.000311
 0.990005 0.009345 0.000339 0.000311
 0.045341 0.009345 0.917985 0.027329
 0.027329 0.009345 0.036363 0.926963
 0.000311 0.018351 0.000339 0.980999
 0.000311 0.760590 0.027357 0.211742
 0.333537 0.018351 0.647801 0.000311
 0.980999 0.000339 0.000339 0.018323
 0.018323 0.000339 0.981027 0.000311
 0.995274 0.000339 0.000339 0.004048

MOTIF 27-GTCAAYA STREME-27
letter-probability matrix: alength= 4 w= 7 nsites= 1065 E= 3.1e-003
 0.000362 0.000395 0.998882 0.000362
 0.000362 0.000395 0.000395 0.998849
 0.000362 0.998882 0.000395 0.000362
 0.991049 0.000395 0.008195 0.000362
 0.998849 0.000395 0.000395 0.000362
 0.000362 0.606935 0.000395 0.392308
 0.993454 0.000395 0.005790 0.000362

MOTIF 28-GCGCATGCGC STREME-28
letter-probability matrix: alength= 4 w= 10 nsites= 244 E= 4.4e-003
 0.095413 0.000351 0.903914 0.000322
 0.031210 0.968117 0.000351 0.000322
 0.000322 0.000351 0.999005 0.000322
 0.000322 0.999005 0.000351 0.000322
 0.742626 0.154029 0.086824 0.016522
 0.016522 0.086824 0.154029 0.742626
 0.000322 0.000351 0.999005 0.000322
 0.000322 0.999005 0.000351 0.000322
 0.000322 0.000351 0.968117 0.031210
 0.000322 0.903914 0.000351 0.095413

MOTIF 29-AAAAATTAGCC STREME-29
letter-probability matrix: alength= 4 w= 11 nsites= 155 E= 5.6e-003
 0.917020 0.045182 0.037477 0.000320
 0.961853 0.009631 0.028196 0.000320
 0.941501 0.028196 0.000349 0.029954
 0.964841 0.009631 0.009631 0.015896
 0.946931 0.029983 0.022766 0.000320
 0.000320 0.006394 0.002440 0.990846
 0.000320 0.000349 0.000349 0.998981
 0.998981 0.000349 0.000349 0.000320
 0.045153 0.009631 0.935614 0.009602
 0.002108 0.993370 0.000349 0.004173
 0.022736 0.708615 0.000349 0.268299

MOTIF 30-ACTACAWYTCCCAGC STREME-30
letter-probability matrix: alength= 4 w= 15 nsites= 159 E= 9.5e-003
 0.992942 0.006599 0.000239 0.000219
 0.000219 0.999322 0.000239 0.000219
 0.000219 0.000239 0.000239 0.999302
 0.878465 0.108356 0.000239 0.012939
 0.000219 0.992962 0.000239 0.006579
 0.863106 0.032038 0.104636 0.000219
 0.419967 0.029991 0.180954 0.369088
 0.082897 0.339949 0.184674 0.392480
 0.025659 0.070197 0.044758 0.859386
 0.032018 0.948443 0.000239 0.019299
 0.000219 0.992962 0.000239 0.006579
 0.000219 0.992962 0.006599 0.000219
 0.744909 0.012959 0.235552 0.006579
 0.095617 0.082917 0.719490 0.101976
 0.238172 0.534464 0.163547 0.063818

MOTIF 31-CCCACCRCAGCTC STREME-31
letter-probability matrix: alength= 4 w= 13 nsites= 108 E= 1.9e-002
 0.000379 0.954848 0.011409 0.033364
 0.000379 0.954848 0.011409 0.033364
 0.022369 0.965843 0.000414 0.011374
 0.998793 0.000414 0.000414 0.000379
 0.000379 0.998828 0.000414 0.000379
 0.000379 0.822910 0.000414 0.176297
 0.507566 0.000414 0.473191 0.018829
 0.000379 0.976838 0.022404 0.000379
 0.987798 0.011409 0.000414 0.000379
 0.022369 0.022404 0.954848 0.000379
 0.000379 0.998828 0.000414 0.000379
 0.011374 0.055388 0.000414 0.932824
 0.004942 0.983270 0.000414 0.011374

MOTIF 32-GCCGCCGCCRYC STREME-32
letter-probability matrix: alength= 4 w= 12 nsites= 488 E= 2.2e-002
 0.067538 0.000133 0.907569 0.024760
 0.019216 0.842996 0.052432 0.085356
 0.026520 0.862463 0.065999 0.045018
 0.030094 0.000133 0.969651 0.000122
 0.011380 0.868737 0.000133 0.119751
 0.000122 0.927594 0.032681 0.039603
 0.000122 0.000133 0.999624 0.000122
 0.005554 0.954607 0.002483 0.037356
 0.000122 0.885425 0.070738 0.043715
 0.368437 0.031571 0.587914 0.012078
 0.006575 0.600918 0.005985 0.386522
 0.000122 0.748566 0.186695 0.064617

MOTIF 33-AGGAAATG STREME-33
letter-probability matrix: alength= 4 w= 8 nsites= 933 E= 2.3e-002
 0.726463 0.272636 0.000470 0.000431
 0.000431 0.000470 0.998668 0.000431
 0.000431 0.170222 0.608352 0.220995
 0.998629 0.000470 0.000470 0.000431
 0.998629 0.000470 0.000470 0.000431
 0.998629 0.000470 0.000470 0.000431
 0.000431 0.115730 0.000470 0.883369
 0.295449 0.000470 0.703651 0.000431

MOTIF 34-AMCTCCTGGGCTCAA STREME-34
letter-probability matrix: alength= 4 w= 15 nsites= 144 E= 3.8e-002
 0.911518 0.000174 0.074257 0.014050
 0.541104 0.393740 0.051106 0.014050
 0.046462 0.925423 0.014065 0.014050
 0.009420 0.014065 0.002096 0.974419
 0.000160 0.934684 0.014065 0.051092
 0.014050 0.930054 0.009435 0.046462
 0.032571 0.055736 0.000174 0.911518
 0.051092 0.000174 0.943944 0.004790
 0.238221 0.000174 0.761445 0.000160
 0.064982 0.236313 0.698545 0.000160
 0.004790 0.807747 0.025247 0.162216
 0.023311 0.074257 0.004804 0.897628
 0.039123 0.881830 0.037216 0.041831
 0.869847 0.083518 0.046476 0.000160
 0.733650 0.014065 0.219714 0.032571

MOTIF 35-TCAAGCCTCAGCAAT STREME-35
letter-probability matrix: alength= 4 w= 15 nsites= 95 E= 3.8e-002
 0.012442 0.000453 0.000453 0.986652
 0.000415 0.938581 0.060589 0.000415
 0.938543 0.000453 0.036535 0.024469
 0.986652 0.000453 0.000453 0.012442
 0.012442 0.024507 0.962636 0.000415
 0.000415 0.962636 0.012480 0.024469
 0.000415 0.962636 0.000453 0.036497
 0.000415 0.000453 0.000453 0.998680
 0.000415 0.950608 0.036535 0.012442
 0.974625 0.012480 0.012480 0.000415
 0.000415 0.000453 0.998718 0.000415
 0.000415 0.782226 0.000453 0.216906
 0.950571 0.000453 0.048562 0.000415
 0.950571 0.024507 0.012480 0.012442
 0.000415 0.012480 0.000453 0.986652

MOTIF 36-GAATGAATGAM STREME-36
letter-probability matrix: alength= 4 w= 11 nsites= 382 E= 5.5e-002
 0.113652 0.040082 0.747674 0.098592
 0.893432 0.026388 0.058886 0.021294
 0.924504 0.009043 0.021435 0.045018
 0.068860 0.020839 0.071630 0.838672
 0.123232 0.018641 0.849995 0.008131
 0.949685 0.022425 0.015261 0.012630
 0.971932 0.011609 0.011939 0.004520
 0.008437 0.047591 0.010870 0.933102
 0.082060 0.032837 0.876049 0.009054
 0.831830 0.049025 0.080230 0.038915
 0.357115 0.407769 0.191836 0.043279

MOTIF 37-GGAAGGGAAG STREME-37
letter-probability matrix: alength= 4 w= 10 nsites= 384 E= 5.8e-002
 0.000394 0.045477 0.907616 0.046513
 0.000394 0.000430 0.902053 0.097124
 0.821329 0.070492 0.086497 0.021683
 0.925747 0.037789 0.000430 0.036034
 0.000394 0.059522 0.929421 0.010664
 0.000394 0.034443 0.931046 0.034117
 0.000394 0.057771 0.941442 0.000394
 0.901233 0.000430 0.058272 0.040065
 0.819401 0.104433 0.075772 0.000394
 0.097760 0.000430 0.853572 0.048239

MOTIF 38-GTAGCTGGGAC STREME-38
letter-probability matrix: alength= 4 w= 11 nsites= 69 E= 7.6e-002
 0.019240 0.000700 0.979418 0.000642
 0.000642 0.000700 0.000700 0.997958
 0.997958 0.000700 0.000700 0.000642
 0.045559 0.010754 0.943046 0.000642
 0.008361 0.945380 0.008419 0.037840
 0.056439 0.008419 0.031910 0.903232
 0.019241 0.000700 0.971699 0.008361
 0.052542 0.000700 0.871720 0.075038
 0.007535 0.056497 0.927607 0.008361
 0.904963 0.000700 0.000700 0.093637
 0.000642 0.793427 0.000700 0.205231

MOTIF 39-GATGATGCAA STREME-39
letter-probability matrix: alength= 4 w= 10 nsites= 515 E= 8.0e-002
 0.056536 0.101096 0.782417 0.059951
 0.797920 0.000159 0.201775 0.000146
 0.000146 0.001912 0.000159 0.997783
 0.000146 0.000159 0.999549 0.000146
 0.817214 0.000159 0.000159 0.182468
 0.046597 0.196029 0.143554 0.613820
 0.000146 0.000159 0.999549 0.000146
 0.269079 0.585476 0.000159 0.145286
 0.966456 0.000159 0.000159 0.033226
 0.999536 0.000159 0.000159 0.000146

MOTIF 40-CCTCCTCCC STREME-40
letter-probability matrix: alength= 4 w= 9 nsites= 2868 E= 9.9e-002
 0.040984 0.839001 0.053221 0.066793
 0.025843 0.859747 0.016267 0.098144
 0.159190 0.000230 0.034168 0.806412
 0.029482 0.947603 0.000230 0.022685
 0.000816 0.888095 0.018503 0.092586
 0.000211 0.000230 0.000230 0.999329
 0.030162 0.905411 0.000230 0.064197
 0.000725 0.980053 0.019011 0.000211
 0.000211 0.986837 0.012741 0.000211

MOTIF 41-ATTGCWTCA STREME-41
letter-probability matrix: alength= 4 w= 9 nsites= 224 E= 1.1e-001
 0.998231 0.000607 0.000607 0.000556
 0.000556 0.000607 0.000607 0.998231
 0.000556 0.019079 0.000607 0.979758
 0.000556 0.000607 0.998282 0.000556
 0.000556 0.998282 0.000607 0.000556
 0.582893 0.000607 0.102957 0.313544
 0.321026 0.000607 0.000607 0.677760
 0.000556 0.998282 0.000607 0.000556
 0.917269 0.000607 0.081569 0.000556

MOTIF 42-GTAAACAAAS STREME-42
letter-probability matrix: alength= 4 w= 10 nsites= 456 E= 1.2e-001
 0.000123 0.063869 0.807860 0.128148
 0.221872 0.097496 0.000134 0.680498
 0.985021 0.000134 0.014721 0.000123
 0.720107 0.126163 0.002986 0.150744
 0.706443 0.013860 0.131845 0.147853
 0.000123 0.989578 0.010176 0.000123
 0.714274 0.000134 0.176298 0.109294
 0.971612 0.000134 0.000134 0.028119
 0.798894 0.010834 0.000134 0.190138
 0.000123 0.303241 0.595086 0.101550

MOTIF 43-CCAAAGTCC STREME-43
letter-probability matrix: alength= 4 w= 9 nsites= 487 E= 1.3e-001
 0.000458 0.804685 0.074968 0.119889
 0.000458 0.972189 0.026896 0.000458
 0.792639 0.050864 0.064058 0.092438
 0.998544 0.000499 0.000499 0.000458
 0.968877 0.030166 0.000499 0.000458
 0.000458 0.000499 0.859638 0.139405
 0.000458 0.000499 0.000499 0.998544
 0.023681 0.840639 0.086589 0.049090
 0.062809 0.880333 0.000499 0.056358

MOTIF 44-CTCTCTCTCTCYCTC STREME-44
letter-probability matrix: alength= 4 w= 15 nsites= 162 E= 1.6e-001
 0.041930 0.684267 0.033984 0.239819
 0.022709 0.068882 0.000212 0.908198
 0.005823 0.926228 0.000212 0.067737
 0.000194 0.137740 0.095898 0.766167
 0.011451 0.906528 0.028355 0.053666
 0.000194 0.132006 0.056498 0.811302
 0.000194 0.804083 0.082829 0.112894
 0.022709 0.271303 0.028355 0.677633
 0.011451 0.982514 0.000212 0.005823
 0.000194 0.057582 0.067755 0.874468
 0.022709 0.833356 0.115598 0.028337
 0.033966 0.332824 0.028355 0.604856
 0.000194 0.971257 0.000212 0.028337
 0.005823 0.000212 0.028355 0.965610
 0.000194 0.991153 0.000212 0.008441

MOTIF 45-GGACTTTGACCY STREME-45
letter-probability matrix: alength= 4 w= 12 nsites= 374 E= 1.6e-001
 0.073673 0.000140 0.874125 0.052061
 0.132501 0.000140 0.859788 0.007571
 0.963838 0.015742 0.000140 0.020279
 0.046329 0.949682 0.003861 0.000128
 0.058209 0.000140 0.029911 0.911740
 0.112680 0.150198 0.007583 0.729540
 0.049222 0.035176 0.000140 0.915461
 0.027722 0.013316 0.930524 0.028439
 0.662239 0.103058 0.087772 0.146931
 0.157140 0.721428 0.121304 0.000128
 0.041063 0.882065 0.000140 0.076733
 0.141846 0.281199 0.015025 0.561929

MOTIF 46-CAAACA STREME-46
letter-probability matrix: alength= 4 w= 6 nsites= 2472 E= 2.6e-001
 0.021736 0.932809 0.023718 0.021736
 0.930827 0.023718 0.023718 0.021736
 0.930827 0.023718 0.023718 0.021736
 0.930827 0.023718 0.023718 0.021736
 0.021736 0.932809 0.023718 0.021736
 0.930827 0.023718 0.023718 0.021736

MOTIF 47-CTASAGAGGCAG STREME-47
letter-probability matrix: alength= 4 w= 12 nsites= 79 E= 3.0e-001
 0.000575 0.998223 0.000627 0.000575
 0.000575 0.000627 0.000627 0.998171
 0.998171 0.000627 0.000627 0.000575
 0.000575 0.481640 0.450555 0.067230
 0.998171 0.000627 0.000627 0.000575
 0.000575 0.000627 0.998223 0.000575
 0.931515 0.067283 0.000627 0.000575
 0.083895 0.033955 0.831583 0.050567
 0.000575 0.000627 0.998223 0.000575
 0.000575 0.998223 0.000627 0.000575
 0.898187 0.100611 0.000627 0.000575
 0.000575 0.000627 0.998223 0.000575

MOTIF 48-AGGAAG STREME-48
letter-probability matrix: alength= 4 w= 6 nsites= 2706 E= 3.6e-001
 0.930827 0.023718 0.023718 0.021736
 0.021736 0.023718 0.932809 0.021736
 0.021736 0.023718 0.932809 0.021736
 0.930827 0.023718 0.023718 0.021736
 0.930827 0.023718 0.023718 0.021736
 0.021736 0.023718 0.932809 0.021736

MOTIF 49-GTACACA STREME-49
letter-probability matrix: alength= 4 w= 7 nsites= 596 E= 3.7e-001
 0.021736 0.023718 0.932809 0.021736
 0.021736 0.023718 0.023718 0.930827
 0.930827 0.023718 0.023718 0.021736
 0.021736 0.932809 0.023718 0.021736
 0.930827 0.023718 0.023718 0.021736
 0.021736 0.932809 0.023718 0.021736
 0.930827 0.023718 0.023718 0.021736

MOTIF 50-CACCACCACC STREME-50
letter-probability matrix: alength= 4 w= 10 nsites= 324 E= 4.0e-001
 0.179635 0.799815 0.000630 0.019919
 0.875141 0.000630 0.123651 0.000577
 0.000577 0.974029 0.000630 0.024763
 0.000577 0.998215 0.000630 0.000577
 0.998162 0.000630 0.000630 0.000577
 0.000577 0.998215 0.000630 0.000577
 0.000577 0.867379 0.084332 0.047712
 0.998162 0.000630 0.000630 0.000577
 0.060604 0.791316 0.000630 0.147450
 0.000577 0.779837 0.219008 0.000577

MOTIF 51-CCAGGAAGC STREME-51
letter-probability matrix: alength= 4 w= 9 nsites= 1001 E= 4.7e-001
 0.110105 0.713501 0.148291 0.028103
 0.005517 0.967558 0.014250 0.012676
 0.750816 0.106150 0.109964 0.033069
 0.006190 0.003002 0.990256 0.000551
 0.000236 0.010189 0.989229 0.000346
 0.975709 0.000258 0.000258 0.023775
 0.966646 0.028631 0.000258 0.004465
 0.084092 0.004489 0.906684 0.004734
 0.042528 0.950125 0.000258 0.007088

MOTIF 52-TAAATA STREME-52
letter-probability matrix: alength= 4 w= 6 nsites= 850 E= 5.1e-001
 0.021736 0.023718 0.023718 0.930827
 0.930827 0.023718 0.023718 0.021736
 0.930827 0.023718 0.023718 0.021736
 0.930827 0.023718 0.023718 0.021736
 0.021736 0.023718 0.023718 0.930827
 0.930827 0.023718 0.023718 0.021736

MOTIF 53-ACATTCC STREME-53
letter-probability matrix: alength= 4 w= 7 nsites= 813 E= 5.9e-001
 0.930827 0.023718 0.023718 0.021736
 0.021736 0.932809 0.023718 0.021736
 0.930827 0.023718 0.023718 0.021736
 0.021736 0.023718 0.023718 0.930827
 0.021736 0.023718 0.023718 0.930827
 0.021736 0.932809 0.023718 0.021736
 0.021736 0.932809 0.023718 0.021736

MOTIF 54-CTAAAAATAC STREME-54
letter-probability matrix: alength= 4 w= 10 nsites= 73 E= 6.1e-001
 0.021736 0.932809 0.023718 0.021736
 0.021736 0.023718 0.023718 0.930827
 0.930827 0.023718 0.023718 0.021736
 0.930827 0.023718 0.023718 0.021736
 0.930827 0.023718 0.023718 0.021736
 0.930827 0.023718 0.023718 0.021736
 0.930827 0.023718 0.023718 0.021736
 0.021736 0.023718 0.023718 0.930827
 0.930827 0.023718 0.023718 0.021736
 0.021736 0.932809 0.023718 0.021736

MOTIF 55-ATCGAT STREME-55
letter-probability matrix: alength= 4 w= 6 nsites= 99 E= 8.3e-001
 0.930827 0.023718 0.023718 0.021736
 0.021736 0.023718 0.023718 0.930827
 0.021736 0.932809 0.023718 0.021736
 0.021736 0.023718 0.932809 0.021736
 0.930827 0.023718 0.023718 0.021736
 0.021736 0.023718 0.023718 0.930827

MOTIF 56-AGATAA STREME-56
letter-probability matrix: alength= 4 w= 6 nsites= 420 E= 8.6e-001
 0.930827 0.023718 0.023718 0.021736
 0.021736 0.023718 0.932809 0.021736
 0.930827 0.023718 0.023718 0.021736
 0.021736 0.023718 0.023718 0.930827
 0.930827 0.023718 0.023718 0.021736
 0.930827 0.023718 0.023718 0.021736

MOTIF 57-CTCGGCCTC STREME-57
letter-probability matrix: alength= 4 w= 9 nsites= 1664 E= 9.6e-001
 0.013604 0.951144 0.031508 0.003744
 0.000250 0.026321 0.000273 0.973157
 0.035107 0.833548 0.070117 0.061229
 0.000250 0.034674 0.925244 0.039831
 0.108990 0.055045 0.822076 0.013889
 0.016724 0.834801 0.051954 0.096521
 0.016941 0.857684 0.057928 0.067447
 0.062683 0.037023 0.064479 0.835815
 0.000250 0.930442 0.043330 0.025979

MOTIF 58-CCCAGC STREME-58
letter-probability matrix: alength= 4 w= 6 nsites= 4593 E= 1.1e+000
 0.021736 0.932809 0.023718 0.021736
 0.021736 0.932809 0.023718 0.021736
 0.021736 0.932809 0.023718 0.021736
 0.930827 0.023718 0.023718 0.021736
 0.021736 0.023718 0.932809 0.021736
 0.021736 0.932809 0.023718 0.021736

MOTIF 59-AGCACCAYGGACAG STREME-59
letter-probability matrix: alength= 4 w= 14 nsites= 104 E= 1.2e+000
 0.998805 0.000410 0.000410 0.000375
 0.000375 0.000410 0.987957 0.011258
 0.000375 0.841971 0.070220 0.087434
 0.977041 0.000410 0.000410 0.022140
 0.000375 0.998840 0.000410 0.000375
 0.000375 0.977075 0.000410 0.022140
 0.530868 0.033056 0.239820 0.196256
 0.033022 0.538158 0.058448 0.370372
 0.011258 0.022174 0.966193 0.000375
 0.022140 0.011292 0.966193 0.000375
 0.911747 0.054821 0.022174 0.011258
 0.011258 0.841971 0.135513 0.011258
 0.998805 0.000410 0.000410 0.000375
 0.022140 0.000410 0.977075 0.000375

MOTIF 60-ACCCGGGAGGCR STREME-60
letter-probability matrix: alength= 4 w= 12 nsites= 102 E= 1.2e+000
 0.955210 0.011309 0.011309 0.022173
 0.022173 0.878955 0.054903 0.043970
 0.000376 0.987939 0.000410 0.011274
 0.022173 0.801051 0.000410 0.176366
 0.223883 0.000410 0.775331 0.000376
 0.011274 0.000410 0.977041 0.011274
 0.000376 0.000410 0.998838 0.000376
 0.982014 0.006301 0.000410 0.011274
 0.000376 0.000410 0.998838 0.000376
 0.011274 0.033106 0.955244 0.000376
 0.000376 0.977041 0.000410 0.022173
 0.400711 0.000410 0.598503 0.000376

MOTIF 61-RAGTCATCRCCAYTC STREME-61
letter-probability matrix: alength= 4 w= 15 nsites= 54 E= 1.2e+000
 0.489060 0.082159 0.428079 0.000702
 0.957070 0.041462 0.000766 0.000702
 0.000702 0.000766 0.997830 0.000702
 0.000702 0.000766 0.000766 0.997766
 0.041398 0.957134 0.000766 0.000702
 0.977418 0.000766 0.021114 0.000702
 0.000702 0.021114 0.000766 0.977418
 0.021050 0.977482 0.000766 0.000702
 0.468712 0.122855 0.326338 0.082095
 0.041398 0.916437 0.000766 0.041398
 0.000702 0.997830 0.000766 0.000702
 0.834980 0.021114 0.021114 0.122791
 0.061747 0.468776 0.021114 0.448363
 0.000702 0.000766 0.000766 0.997766
 0.021050 0.855392 0.102507 0.021050

MOTIF 62-AATTCYAG STREME-62
letter-probability matrix: alength= 4 w= 8 nsites= 331 E= 1.3e+000
 0.995847 0.001424 0.001424 0.001305
 0.995847 0.001424 0.001424 0.001305
 0.001305 0.001424 0.001424 0.995847
 0.001305 0.001424 0.001424 0.995847
 0.001305 0.995966 0.001424 0.001305
 0.001305 0.627921 0.005165 0.365609
 0.897098 0.100173 0.001424 0.001305
 0.001305 0.001424 0.995966 0.001305

MOTIF 63-GGTAAACA STREME-63
letter-probability matrix: alength= 4 w= 8 nsites= 108 E= 1.4e+000
 0.001300 0.262219 0.735181 0.001300
 0.001300 0.001419 0.995981 0.001300
 0.001300 0.001419 0.001419 0.995863
 0.995863 0.001419 0.001419 0.001300
 0.995863 0.001419 0.001419 0.001300
 0.995863 0.001419 0.001419 0.001300
 0.001300 0.995981 0.001419 0.001300
 0.931090 0.001419 0.066191 0.001300

MOTIF 64-ACACACACACACAC STREME-64
letter-probability matrix: alength= 4 w= 14 nsites= 524 E= 1.5e+000
 0.981119 0.018683 0.000104 0.000095
 0.009729 0.883600 0.027766 0.078905
 0.839472 0.000104 0.145660 0.014764
 0.007220 0.870022 0.002856 0.119901
 0.947954 0.000104 0.039658 0.012284
 0.063379 0.875224 0.025217 0.036181
 0.789859 0.038516 0.149510 0.022115
 0.035978 0.878067 0.027447 0.058508
 0.890506 0.026782 0.047956 0.034756
 0.017752 0.898177 0.018619 0.065452
 0.767648 0.015242 0.163407 0.053702
 0.073452 0.748396 0.061800 0.116352
 0.895612 0.028659 0.051908 0.023821
 0.018750 0.906532 0.046552 0.028166

MOTIF 65-CAAGATGGCG STREME-65
letter-probability matrix: alength= 4 w= 10 nsites= 103 E= 1.5e+000
 0.109918 0.670349 0.219214 0.000519
 0.905187 0.000566 0.048596 0.045651
 0.908085 0.015610 0.000566 0.075739
 0.000519 0.295606 0.703356 0.000519
 0.998349 0.000566 0.000566 0.000519
 0.000519 0.000566 0.000566 0.998349
 0.000519 0.015610 0.983352 0.000519
 0.000519 0.000566 0.998396 0.000519
 0.000519 0.998396 0.000566 0.000519
 0.000519 0.000566 0.998396 0.000519

MOTIF 66-GCCACCATGCCC STREME-66
letter-probability matrix: alength= 4 w= 12 nsites= 80 E= 1.5e+000
 0.190216 0.035675 0.738490 0.035620
 0.000604 0.998133 0.000659 0.000604
 0.000604 0.998133 0.000659 0.000604
 0.998078 0.000659 0.000659 0.000604
 0.000604 0.980625 0.000659 0.018112
 0.000604 0.963117 0.000659 0.035620
 0.858015 0.000659 0.088199 0.053128
 0.056500 0.000659 0.000659 0.942182
 0.018112 0.053183 0.928101 0.000604
 0.035620 0.963117 0.000659 0.000604
 0.000604 0.998133 0.000659 0.000604
 0.000604 0.751235 0.000659 0.247502

MOTIF 67-AACAACAACAACA STREME-67
letter-probability matrix: alength= 4 w= 13 nsites= 65 E= 1.5e+000
 0.998287 0.000588 0.000588 0.000538
 0.944984 0.007065 0.047412 0.000538
 0.007225 0.960433 0.000588 0.031755
 0.951462 0.016196 0.031804 0.000538
 0.960593 0.007065 0.031804 0.000538
 0.016146 0.935904 0.000588 0.047363
 0.982678 0.000588 0.016196 0.000538
 0.951462 0.000588 0.031804 0.016147
 0.047363 0.920295 0.016195 0.016147
 0.967070 0.016196 0.016196 0.000538
 0.987881 0.000588 0.010993 0.000538
 0.141011 0.826647 0.000588 0.031755
 0.967071 0.031803 0.000588 0.000538

MOTIF 68-CATTTCC STREME-68
letter-probability matrix: alength= 4 w= 7 nsites= 507 E= 1.6e+000
 0.021736 0.932809 0.023718 0.021736
 0.930827 0.023718 0.023718 0.021736
 0.021736 0.023718 0.023718 0.930827
 0.021736 0.023718 0.023718 0.930827
 0.021736 0.023718 0.023718 0.930827
 0.021736 0.932809 0.023718 0.021736
 0.021736 0.932809 0.023718 0.021736

MOTIF 69-CTTTGATCA STREME-69
letter-probability matrix: alength= 4 w= 9 nsites= 145 E= 1.6e+000
 0.001010 0.996877 0.001102 0.001010
 0.001010 0.001102 0.030387 0.967500
 0.259029 0.001102 0.001102 0.738766
 0.001010 0.005077 0.001102 0.992811
 0.001010 0.001102 0.996877 0.001010
 0.996785 0.001102 0.001102 0.001010
 0.001010 0.001102 0.001102 0.996785
 0.001010 0.996877 0.001102 0.001010
 0.866823 0.001102 0.131064 0.001010

MOTIF 70-RTGACGTCAY STREME-70
letter-probability matrix: alength= 4 w= 10 nsites= 205 E= 1.7e+000
 0.357275 0.155181 0.487226 0.000318
 0.000318 0.000347 0.000347 0.998988
 0.000318 0.000347 0.989796 0.009538
 0.998988 0.000347 0.000347 0.000318
 0.000318 0.793297 0.177900 0.028485
 0.028485 0.177900 0.793297 0.000318
 0.000318 0.000347 0.000347 0.998988
 0.009538 0.989796 0.000347 0.000318
 0.998988 0.000347 0.000347 0.000318
 0.000318 0.487226 0.155181 0.357275

MOTIF 71-MRATCAATA STREME-71
letter-probability matrix: alength= 4 w= 9 nsites= 463 E= 2.1e+000
 0.468048 0.280115 0.163963 0.087875
 0.503128 0.000310 0.492832 0.003730
 0.999096 0.000310 0.000310 0.000284
 0.000284 0.000310 0.000310 0.999096
 0.000284 0.999122 0.000310 0.000284
 0.778753 0.000310 0.220653 0.000284
 0.966142 0.025025 0.000310 0.008523
 0.000284 0.000310 0.000310 0.999096
 0.910337 0.053369 0.027771 0.008523

MOTIF 72-AGAGGAAGGA STREME-72
letter-probability matrix: alength= 4 w= 10 nsites= 487 E= 2.3e+000
 0.938611 0.023153 0.030281 0.007955
 0.029029 0.078501 0.888149 0.004320
 0.953088 0.011854 0.032786 0.002271
 0.009443 0.031026 0.958209 0.001321
 0.066388 0.014630 0.885389 0.033593
 0.920833 0.027059 0.049353 0.002754
 0.930462 0.006087 0.043410 0.020040
 0.013667 0.007870 0.976430 0.002032
 0.008912 0.088499 0.809446 0.093143
 0.741364 0.066179 0.115495 0.076962

MOTIF 73-GGAGGMGGAGGMRGG STREME-73
letter-probability matrix: alength= 4 w= 15 nsites= 140 E= 2.5e+000
 0.076096 0.119713 0.804020 0.000172
 0.005152 0.116799 0.877877 0.000172
 0.944671 0.035049 0.000187 0.020093
 0.000172 0.030069 0.969588 0.000172
 0.005152 0.057037 0.917719 0.020093
 0.525112 0.419746 0.000187 0.054954
 0.130878 0.071977 0.737210 0.059934
 0.000172 0.000187 0.954647 0.044994
 0.788641 0.117222 0.084005 0.010132
 0.000172 0.000187 0.999469 0.000172
 0.084835 0.084851 0.815201 0.015112
 0.517642 0.405229 0.076958 0.000172
 0.433825 0.084851 0.409362 0.071962
 0.113870 0.025089 0.840948 0.020093
 0.171566 0.119713 0.696099 0.012622

MOTIF 74-AGGTCA STREME-74
letter-probability matrix: alength= 4 w= 6 nsites= 2101 E= 2.6e+000
 0.993606 0.002192 0.002192 0.002009
 0.002009 0.143897 0.852084 0.002009
 0.002009 0.002192 0.993789 0.002009
 0.002009 0.002192 0.002192 0.993606
 0.002009 0.993789 0.002192 0.002009
 0.805878 0.002192 0.189920 0.002009

MOTIF 75-CRGCCCCG STREME-75
letter-probability matrix: alength= 4 w= 8 nsites= 682 E= 3.2e+000
 0.001238 0.996174 0.001351 0.001238
 0.579094 0.001351 0.418317 0.001238
 0.001238 0.001351 0.996174 0.001238
 0.001238 0.996174 0.001351 0.001238
 0.001238 0.996174 0.001351 0.001238
 0.001238 0.996174 0.001351 0.001238
 0.001238 0.996174 0.001351 0.001238
 0.001238 0.001351 0.996174 0.001238

MOTIF 76-AGCAGCAGCGRCRG STREME-76
letter-probability matrix: alength= 4 w= 14 nsites= 322 E= 7.5e+000
 0.703411 0.119116 0.071388 0.106086
 0.036662 0.008841 0.936991 0.017506
 0.027984 0.932652 0.039214 0.000150
 0.744262 0.043553 0.175523 0.036662
 0.000150 0.004502 0.973504 0.021845
 0.000150 0.990859 0.000163 0.008828
 0.805745 0.027998 0.086205 0.080052
 0.026183 0.017519 0.951809 0.004489
 0.052217 0.847673 0.052231 0.047878
 0.217120 0.097421 0.654936 0.030522
 0.545385 0.151290 0.275341 0.027984
 0.071374 0.727657 0.123455 0.077514
 0.325594 0.060909 0.524767 0.088730
 0.086929 0.071388 0.841534 0.000150

MOTIF 77-GGAGAATGGCKTGA STREME-77
letter-probability matrix: alength= 4 w= 14 nsites= 52 E= 2.4e+001
 0.054048 0.000670 0.944667 0.000614
 0.018426 0.018482 0.962478 0.000614
 0.908988 0.071915 0.018482 0.000614
 0.018426 0.000670 0.926856 0.054048
 0.998045 0.000670 0.000670 0.000614
 0.980233 0.018482 0.000670 0.000614
 0.018426 0.018482 0.000670 0.962422
 0.143104 0.125349 0.570631 0.160916
 0.107482 0.036293 0.819988 0.036237
 0.000614 0.819988 0.000670 0.178727
 0.143104 0.018482 0.392518 0.445896
 0.071859 0.000670 0.018482 0.908988
 0.054048 0.054104 0.873422 0.018426
 0.980233 0.018482 0.000670 0.000614

MOTIF 78-CTKATMAG STREME-78
letter-probability matrix: alength= 4 w= 8 nsites= 250 E= 2.6e+001
 0.021736 0.932809 0.023718 0.021736
 0.021736 0.023718 0.023718 0.930827
 0.021736 0.023718 0.478264 0.476282
 0.930827 0.023718 0.023718 0.021736
 0.021736 0.023718 0.023718 0.930827
 0.476282 0.478264 0.023718 0.021736
 0.930827 0.023718 0.023718 0.021736
 0.021736 0.023718 0.932809 0.021736

********************************************************************************
Stopped because 3 consecutive motifs exceeded the p-value threshold (0.05).
********************************************************************************
COMMAND:	streme --verbosity 1 --oc meme_out_incomplete_DL/HepG2_FOXP4-human_ENCFF334AQD/streme_out -dna --seed 0 --p meme_out_incomplete_DL/HepG2_FOXP4-human_ENCFF334AQD/seqs-centered --minw 6 --maxw 15 --time 6165 --order 2 --thresh 0.05 --align center --totallength 4000000 --parse-genomic-coord
********************************************************************************
CPU:		9f05ee173ae9
********************************************************************************
FINALTIME:	3455.75 seconds
********************************************************************************
