********************************************************************************
STREME - Sensitive, Thorough, Rapid, Enriched Motif Elicitation
********************************************************************************
MEME version 5.5.3 (Release date: Sat Jun 10 16:19:38 2023 -0700)

For further information on how to interpret these results please access http://localhost:8080/meme_5.5.3.
To get a copy of the MEME Suite software please access https://meme-suite.org.

********************************************************************************


********************************************************************************
REFERENCE
********************************************************************************
If you use this program in your research, please cite:

Timothy L. Bailey,
"STREME: accurate and versatile sequence motif discovery",
Bioinformatics, Mar. 24, 2021.
********************************************************************************


ALPHABET= ACGT

strands: + -

Background letter frequencies
A 0.147 C 0.353 G 0.353 T 0.147 

MOTIF 1-GCCGCCGCCGCCGCC STREME-1
letter-probability matrix: alength= 4 w= 15 nsites= 875 E= 8.0e-015
 0.018111 0.000071 0.981788 0.000029
 0.000029 0.935310 0.000071 0.064589
 0.104633 0.757701 0.000071 0.137594
 0.075257 0.000071 0.924642 0.000029
 0.000029 0.960924 0.000071 0.038975
 0.067512 0.790838 0.000071 0.141579
 0.020822 0.000071 0.979078 0.000029
 0.001709 0.938381 0.000071 0.059839
 0.014715 0.866250 0.009807 0.109228
 0.155918 0.000071 0.826263 0.017748
 0.018400 0.901062 0.000071 0.080467
 0.058413 0.785717 0.000071 0.155800
 0.070427 0.000071 0.846004 0.083498
 0.000029 0.990853 0.000071 0.009047
 0.020080 0.791678 0.059905 0.128337

MOTIF 2-MGGCCCCGCCCCCBC STREME-2
letter-probability matrix: alength= 4 w= 15 nsites= 1302 E= 4.8e-011
 0.336341 0.447738 0.056388 0.159533
 0.154350 0.170599 0.659520 0.015530
 0.058473 0.024322 0.871903 0.045302
 0.017461 0.948301 0.012860 0.021379
 0.047865 0.907578 0.000044 0.044513
 0.082252 0.915124 0.002607 0.000018
 0.016461 0.981768 0.001752 0.000018
 0.024796 0.000044 0.935864 0.039296
 0.013689 0.977705 0.003461 0.005145
 0.011980 0.987958 0.000044 0.000018
 0.000018 0.874467 0.021468 0.104046
 0.063882 0.860197 0.008088 0.067834
 0.038954 0.577789 0.178851 0.204406
 0.137368 0.227699 0.320416 0.314516
 0.074207 0.585981 0.283548 0.056264

MOTIF 3-CGCGCATGCGCG STREME-3
letter-probability matrix: alength= 4 w= 12 nsites= 286 E= 1.7e-010
 0.005625 0.674061 0.014445 0.305868
 0.020017 0.000281 0.979586 0.000117
 0.028288 0.960298 0.011298 0.000117
 0.004739 0.000281 0.987244 0.007737
 0.000117 0.993977 0.000281 0.005625
 0.665374 0.228596 0.105913 0.000117
 0.000117 0.105913 0.228596 0.665374
 0.005625 0.000281 0.993977 0.000117
 0.007737 0.987244 0.000281 0.004739
 0.000117 0.011298 0.960298 0.028288
 0.000117 0.979586 0.000281 0.020017
 0.305868 0.014445 0.674061 0.005625

MOTIF 4-RGCCAATCRGMGSS STREME-4
letter-probability matrix: alength= 4 w= 14 nsites= 335 E= 2.5e-009
 0.343289 0.128424 0.513121 0.015166
 0.166027 0.019050 0.792214 0.022709
 0.000080 0.999648 0.000192 0.000080
 0.000080 0.999648 0.000192 0.000080
 0.999536 0.000192 0.000192 0.000080
 0.999536 0.000192 0.000192 0.000080
 0.000080 0.000192 0.000192 0.999536
 0.041567 0.648896 0.301915 0.007623
 0.445121 0.113338 0.441461 0.000080
 0.000080 0.241570 0.758270 0.000080
 0.362147 0.513121 0.124653 0.000080
 0.222600 0.003964 0.746956 0.026481
 0.083054 0.441461 0.426375 0.049110
 0.037795 0.441461 0.422604 0.098140

MOTIF 5-ASGTGAS STREME-5
letter-probability matrix: alength= 4 w= 7 nsites= 1585 E= 3.6e-009
 0.999611 0.000161 0.000161 0.000067
 0.037224 0.516705 0.416962 0.029109
 0.000067 0.000161 0.999705 0.000067
 0.000067 0.000161 0.000161 0.999611
 0.119085 0.224195 0.656653 0.000067
 0.999611 0.000161 0.000161 0.000067
 0.000067 0.610903 0.377202 0.011828

MOTIF 6-CGCCCCCTGGCGGCC STREME-6
letter-probability matrix: alength= 4 w= 15 nsites= 256 E= 3.1e-008
 0.000083 0.874551 0.000199 0.125167
 0.007901 0.000199 0.951106 0.040794
 0.043081 0.913640 0.008017 0.035263
 0.003992 0.976182 0.000199 0.019627
 0.093896 0.861202 0.017457 0.027445
 0.007901 0.848722 0.008017 0.135360
 0.011809 0.968364 0.000199 0.019627
 0.000083 0.001822 0.000199 0.997896
 0.082169 0.158177 0.743935 0.015718
 0.000083 0.223964 0.732873 0.043081
 0.027445 0.745557 0.015835 0.211163
 0.000083 0.000199 0.999635 0.000083
 0.046989 0.039288 0.851098 0.062625
 0.062625 0.802568 0.068273 0.066534
 0.089987 0.632864 0.194979 0.082169

MOTIF 7-AAGATGGCGGCG STREME-7
letter-probability matrix: alength= 4 w= 12 nsites= 233 E= 1.3e-005
 0.999410 0.000244 0.000244 0.000101
 0.951519 0.000244 0.000244 0.047993
 0.095885 0.256058 0.647956 0.000101
 0.999410 0.000244 0.000244 0.000101
 0.000101 0.000244 0.000244 0.999410
 0.004891 0.000244 0.994764 0.000101
 0.000101 0.000244 0.999553 0.000101
 0.000101 0.975607 0.000244 0.024047
 0.035613 0.096028 0.789643 0.078716
 0.088294 0.047322 0.830758 0.033626
 0.138987 0.784040 0.048136 0.028836
 0.138987 0.246479 0.499492 0.115041

MOTIF 8-AGGAGGAGGMGGAG STREME-8
letter-probability matrix: alength= 4 w= 14 nsites= 994 E= 3.4e-005
 0.964552 0.000058 0.035367 0.000024
 0.000024 0.029393 0.964918 0.005665
 0.123093 0.194311 0.681444 0.001152
 0.959338 0.000622 0.000058 0.039982
 0.171801 0.051204 0.753277 0.023718
 0.009050 0.218552 0.771246 0.001152
 0.654607 0.172598 0.032586 0.140209
 0.103912 0.057217 0.827564 0.011307
 0.083794 0.209754 0.672111 0.034341
 0.514017 0.258452 0.113081 0.114450
 0.120836 0.114664 0.735800 0.028700
 0.053618 0.241952 0.702149 0.002280
 0.624943 0.204573 0.051522 0.118963
 0.102533 0.019521 0.867768 0.010179

MOTIF 9-ACCGGAAGTG STREME-9
letter-probability matrix: alength= 4 w= 10 nsites= 296 E= 2.4e-002
 0.522314 0.216843 0.260663 0.000179
 0.014379 0.924846 0.052133 0.008641
 0.013216 0.977712 0.000431 0.008641
 0.001593 0.001219 0.988546 0.008641
 0.014379 0.000431 0.985010 0.000179
 0.983040 0.016218 0.000563 0.000179
 0.995446 0.000431 0.003943 0.000179
 0.050952 0.003943 0.936464 0.008641
 0.000179 0.076067 0.004347 0.919407
 0.034028 0.015521 0.899499 0.050952

MOTIF 10-AAAAAAAAAAAA STREME-10
letter-probability matrix: alength= 4 w= 12 nsites= 91 E= 6.5e-002
 0.996736 0.001352 0.001352 0.000561
 0.996736 0.001352 0.001352 0.000561
 0.968053 0.030034 0.001352 0.000561
 0.710833 0.192565 0.096040 0.000561
 0.996736 0.001352 0.001352 0.000561
 0.565313 0.210602 0.223524 0.000561
 0.996736 0.001352 0.001352 0.000561
 0.996736 0.001352 0.001352 0.000561
 0.832137 0.165950 0.001352 0.000561
 0.883505 0.114582 0.001352 0.000561
 0.996736 0.001352 0.001352 0.000561
 0.996736 0.001352 0.001352 0.000561

MOTIF 11-SCTGCAGCC STREME-11
letter-probability matrix: alength= 4 w= 9 nsites= 1034 E= 8.2e-002
 0.038358 0.283246 0.539328 0.139068
 0.000189 0.976636 0.013667 0.009508
 0.000189 0.248249 0.000456 0.751106
 0.000189 0.013283 0.986339 0.000189
 0.000189 0.959677 0.039945 0.000189
 0.973103 0.026252 0.000456 0.000189
 0.001409 0.004249 0.994153 0.000189
 0.081183 0.821997 0.016693 0.080126
 0.135356 0.826727 0.033134 0.004782

MOTIF 12-AGCGAGCGAGCGAGG STREME-12
letter-probability matrix: alength= 4 w= 15 nsites= 94 E= 1.1e-001
 0.844633 0.021071 0.103258 0.031038
 0.051585 0.000524 0.937401 0.010491
 0.000217 0.696847 0.302718 0.000217
 0.138036 0.041617 0.820129 0.000217
 0.932831 0.000524 0.066428 0.000217
 0.000217 0.010797 0.978495 0.010491
 0.051585 0.702857 0.189710 0.055849
 0.066122 0.015061 0.908326 0.010491
 0.834886 0.035608 0.129289 0.000217
 0.031038 0.010797 0.957948 0.000217
 0.020764 0.840676 0.076702 0.061858
 0.082405 0.062164 0.834666 0.020764
 0.736415 0.056155 0.186666 0.020764
 0.144046 0.051891 0.803846 0.000217
 0.133772 0.252570 0.551799 0.061858

MOTIF 13-GGGGCGGGGA STREME-13
letter-probability matrix: alength= 4 w= 10 nsites= 1077 E= 1.3e-001
 0.040779 0.036205 0.880728 0.042289
 0.065971 0.000185 0.933766 0.000077
 0.000077 0.000185 0.986461 0.013277
 0.150620 0.000185 0.840276 0.008918
 0.136867 0.668131 0.000185 0.194817
 0.125744 0.076775 0.755905 0.041576
 0.019070 0.000185 0.978051 0.002693
 0.043899 0.000185 0.873877 0.082038
 0.000077 0.000185 0.988889 0.010848
 0.864616 0.135122 0.000185 0.000077

MOTIF 14-CTTTGTC STREME-14
letter-probability matrix: alength= 4 w= 7 nsites= 473 E= 2.4e-001
 0.045507 0.946771 0.007421 0.000302
 0.000302 0.000728 0.049820 0.949150
 0.017211 0.000728 0.000728 0.981333
 0.060735 0.039658 0.009498 0.890109
 0.000302 0.000728 0.998667 0.000302
 0.000302 0.000728 0.000728 0.998242
 0.038636 0.526384 0.181000 0.253980

MOTIF 15-AGCARCARC STREME-15
letter-probability matrix: alength= 4 w= 9 nsites= 284 E= 2.7e-001
 0.998143 0.000769 0.000769 0.000319
 0.089149 0.042761 0.797191 0.070899
 0.000319 0.871251 0.000769 0.127660
 0.998143 0.000769 0.000769 0.000319
 0.468665 0.006361 0.524655 0.000319
 0.000319 0.861116 0.000769 0.137796
 0.947851 0.000769 0.051060 0.000319
 0.464702 0.003185 0.447374 0.084740
 0.000319 0.998592 0.000769 0.000319

MOTIF 16-CCCAGCCCCRGSC STREME-16
letter-probability matrix: alength= 4 w= 13 nsites= 1858 E= 3.2e-001
 0.012152 0.849447 0.000035 0.138365
 0.069681 0.807750 0.119073 0.003496
 0.043985 0.755201 0.175207 0.025607
 0.999914 0.000035 0.000035 0.000015
 0.129702 0.054272 0.741287 0.074739
 0.052963 0.800995 0.049453 0.096588
 0.054490 0.881763 0.004748 0.058999
 0.002800 0.958059 0.004552 0.034590
 0.138715 0.601883 0.169171 0.090231
 0.320431 0.051641 0.568145 0.059783
 0.179926 0.156619 0.604857 0.058598
 0.040336 0.396302 0.488360 0.075002
 0.137145 0.673165 0.066002 0.123689

MOTIF 17-AGGTRGGTG STREME-17
letter-probability matrix: alength= 4 w= 9 nsites= 60 E= 5.2e-001
 0.994735 0.002180 0.002180 0.000905
 0.000905 0.002180 0.996010 0.000905
 0.000905 0.002180 0.996010 0.000905
 0.000905 0.002180 0.002180 0.994735
 0.445306 0.002180 0.551609 0.000905
 0.000905 0.002180 0.996010 0.000905
 0.000905 0.002180 0.996010 0.000905
 0.000905 0.002180 0.002180 0.994735
 0.000905 0.002180 0.996010 0.000905

MOTIF 18-CGCCGCCTCC STREME-18
letter-probability matrix: alength= 4 w= 10 nsites= 1246 E= 6.3e-001
 0.000097 0.999572 0.000234 0.000097
 0.011981 0.000234 0.933965 0.053820
 0.010284 0.825965 0.000234 0.163517
 0.026132 0.938499 0.035271 0.000097
 0.046765 0.133160 0.752837 0.067237
 0.147271 0.852398 0.000234 0.000097
 0.000097 0.913939 0.042902 0.043061
 0.046835 0.000234 0.226989 0.725943
 0.072592 0.887144 0.000234 0.040031
 0.019516 0.980153 0.000234 0.000097

MOTIF 19-CTYGGGGTCG STREME-19
letter-probability matrix: alength= 4 w= 10 nsites= 62 E= 6.4e-001
 0.000425 0.724495 0.274654 0.000425
 0.000425 0.001025 0.001025 0.997525
 0.000425 0.440758 0.001025 0.557792
 0.000425 0.001025 0.998124 0.000425
 0.000425 0.001025 0.998124 0.000425
 0.000425 0.177344 0.821806 0.000425
 0.180452 0.001025 0.818098 0.000425
 0.000425 0.001025 0.001025 0.997525
 0.185739 0.772606 0.001025 0.040630
 0.000425 0.001025 0.817206 0.181344

MOTIF 20-CCCGCCCCTCCC STREME-20
letter-probability matrix: alength= 4 w= 12 nsites= 113 E= 6.4e-001
 0.000324 0.998572 0.000780 0.000324
 0.286258 0.596955 0.116464 0.000324
 0.000324 0.876104 0.000780 0.122792
 0.000324 0.000780 0.998572 0.000324
 0.000324 0.845487 0.153865 0.000324
 0.000324 0.998572 0.000780 0.000324
 0.000324 0.998572 0.000780 0.000324
 0.000324 0.846377 0.075344 0.077955
 0.039424 0.000780 0.000780 0.959016
 0.000324 0.838070 0.000780 0.160826
 0.054525 0.944371 0.000780 0.000324
 0.000324 0.998572 0.000780 0.000324

MOTIF 21-AGGCCGAGGC STREME-21
letter-probability matrix: alength= 4 w= 10 nsites= 498 E= 6.7e-001
 0.854594 0.000349 0.096742 0.048315
 0.066416 0.140125 0.793314 0.000145
 0.000145 0.042365 0.957345 0.000145
 0.028697 0.893037 0.049249 0.029016
 0.013854 0.917589 0.028801 0.039756
 0.117179 0.000349 0.870515 0.011957
 0.921467 0.069810 0.000349 0.008375
 0.052147 0.007617 0.940091 0.000145
 0.006997 0.000349 0.703323 0.289331
 0.142189 0.769481 0.083508 0.004822

MOTIF 22-ACCCGGGAC STREME-22
letter-probability matrix: alength= 4 w= 9 nsites= 511 E= 7.7e-001
 0.720307 0.000636 0.207308 0.071750
 0.000264 0.910379 0.000636 0.088722
 0.000264 0.998837 0.000636 0.000264
 0.000264 0.976091 0.000636 0.023009
 0.060474 0.000636 0.883839 0.055052
 0.102069 0.000636 0.897032 0.000264
 0.085580 0.000636 0.912360 0.001425
 0.859923 0.113247 0.000636 0.026194
 0.000264 0.935572 0.063900 0.000264

MOTIF 23-GAGGCGGTGGC STREME-23
letter-probability matrix: alength= 4 w= 11 nsites= 218 E= 8.3e-001
 0.000278 0.007182 0.939664 0.052877
 0.894960 0.040659 0.059229 0.005152
 0.013428 0.089686 0.806795 0.090091
 0.020536 0.009646 0.949708 0.020110
 0.036973 0.953627 0.004248 0.005152
 0.005147 0.045576 0.893867 0.055410
 0.032035 0.010592 0.934304 0.023069
 0.064915 0.008029 0.010772 0.916284
 0.058334 0.081435 0.846803 0.013428
 0.072188 0.023283 0.900311 0.004217
 0.046005 0.908724 0.013820 0.031451

MOTIF 24-CCCGGCCCTGC STREME-24
letter-probability matrix: alength= 4 w= 11 nsites= 567 E= 8.4e-001
 0.012929 0.986490 0.000411 0.000171
 0.000171 0.959500 0.000411 0.039919
 0.156213 0.736649 0.062854 0.044283
 0.000171 0.051722 0.912639 0.035468
 0.009620 0.063985 0.876409 0.049986
 0.066550 0.874336 0.000411 0.058703
 0.000171 0.919867 0.079792 0.000171
 0.001517 0.986149 0.012164 0.000171
 0.078148 0.115675 0.080661 0.725516
 0.191015 0.025517 0.776392 0.007076
 0.000171 0.999248 0.000411 0.000171

MOTIF 25-ACTACAACTCCCRGM STREME-25
letter-probability matrix: alength= 4 w= 15 nsites= 114 E= 1.0e+000
 0.941878 0.034613 0.011923 0.011585
 0.011585 0.976251 0.011923 0.000240
 0.022930 0.079994 0.011923 0.885153
 0.862463 0.079994 0.034613 0.022930
 0.000240 0.998942 0.000578 0.000240
 0.862463 0.045958 0.079994 0.011585
 0.794393 0.023268 0.114029 0.068310
 0.068310 0.681280 0.193444 0.056965
 0.000240 0.057303 0.045958 0.896498
 0.034275 0.953561 0.000578 0.011585
 0.000240 0.987596 0.011923 0.000240
 0.000240 0.964906 0.011923 0.022930
 0.465387 0.023268 0.499760 0.011585
 0.079655 0.091339 0.772041 0.056965
 0.283866 0.454380 0.216134 0.045620

MOTIF 26-GCCATGGCSRCCGC STREME-26
letter-probability matrix: alength= 4 w= 14 nsites= 287 E= 1.1e+000
 0.110400 0.009618 0.702073 0.177909
 0.053657 0.917744 0.000161 0.028438
 0.000067 0.965030 0.000161 0.034743
 0.927107 0.000161 0.003313 0.069419
 0.000067 0.103654 0.000161 0.896119
 0.000067 0.066361 0.933506 0.000067
 0.118014 0.006465 0.875454 0.000067
 0.097791 0.750667 0.019075 0.132467
 0.184214 0.376068 0.348232 0.091486
 0.434561 0.015923 0.521078 0.028438
 0.053657 0.861001 0.041142 0.044200
 0.132467 0.592275 0.190077 0.085181
 0.154534 0.092888 0.692616 0.059962
 0.092794 0.738593 0.096041 0.072572

MOTIF 27-ACGTGGGCG STREME-27
letter-probability matrix: alength= 4 w= 9 nsites= 838 E= 1.2e+000
 0.976116 0.000545 0.001261 0.022078
 0.000395 0.945684 0.035048 0.018873
 0.043338 0.062197 0.876711 0.017755
 0.007173 0.016440 0.009474 0.966913
 0.099335 0.125639 0.743284 0.031742
 0.006016 0.104089 0.812574 0.077321
 0.082892 0.075861 0.639984 0.201263
 0.085240 0.711603 0.122051 0.081106
 0.074762 0.118425 0.722632 0.084181

MOTIF 28-CACTCACCS STREME-28
letter-probability matrix: alength= 4 w= 9 nsites= 244 E= 1.3e+000
 0.000212 0.777015 0.000511 0.222262
 0.998767 0.000511 0.000511 0.000212
 0.000212 0.999065 0.000511 0.000212
 0.000212 0.000511 0.000511 0.998767
 0.040285 0.883450 0.000511 0.075755
 0.998767 0.000511 0.000511 0.000212
 0.000212 0.999065 0.000511 0.000212
 0.170521 0.828757 0.000511 0.000212
 0.094464 0.565071 0.340253 0.000212

MOTIF 29-CCGCGGCCGCC STREME-29
letter-probability matrix: alength= 4 w= 11 nsites= 632 E= 1.4e+000
 0.006187 0.980475 0.007946 0.005392
 0.008341 0.894613 0.037429 0.059616
 0.033902 0.001208 0.907543 0.057347
 0.021421 0.952427 0.006238 0.019914
 0.026119 0.000662 0.958896 0.014323
 0.002354 0.064117 0.928748 0.004781
 0.002753 0.940458 0.016624 0.040165
 0.016571 0.882797 0.019460 0.081172
 0.059005 0.001169 0.894355 0.045470
 0.038300 0.896546 0.041189 0.023965
 0.008973 0.899128 0.072482 0.019417

MOTIF 30-TGGGAA STREME-30
letter-probability matrix: alength= 4 w= 6 nsites= 646 E= 1.6e+000
 0.013336 0.032118 0.032118 0.922427
 0.013336 0.032118 0.941209 0.013336
 0.013336 0.032118 0.941209 0.013336
 0.013336 0.032118 0.941209 0.013336
 0.922427 0.032118 0.032118 0.013336
 0.922427 0.032118 0.032118 0.013336

MOTIF 31-GCGCMKGCGC STREME-31
letter-probability matrix: alength= 4 w= 10 nsites= 197 E= 2.3e+000
 0.114818 0.001349 0.883272 0.000560
 0.000560 0.997530 0.001349 0.000560
 0.000560 0.001349 0.997530 0.000560
 0.073983 0.917982 0.001349 0.006686
 0.538359 0.428884 0.032197 0.000560
 0.000560 0.032197 0.428884 0.538359
 0.006686 0.001349 0.917982 0.073983
 0.000560 0.997530 0.001349 0.000560
 0.000560 0.001349 0.997530 0.000560
 0.000560 0.883272 0.001349 0.114818

MOTIF 32-ACRSACRCAC STREME-32
letter-probability matrix: alength= 4 w= 10 nsites= 112 E= 3.5e+000
 0.998542 0.000604 0.000604 0.000251
 0.000251 0.998895 0.000604 0.000251
 0.390679 0.000604 0.495552 0.113165
 0.000251 0.638463 0.361036 0.000251
 0.998542 0.000604 0.000604 0.000251
 0.000251 0.998895 0.000604 0.000251
 0.475412 0.000604 0.388539 0.135446
 0.134385 0.555946 0.236950 0.072718
 0.998542 0.000604 0.000604 0.000251
 0.039948 0.959198 0.000604 0.000251

MOTIF 33-CCCGCGTCCCHG STREME-33
letter-probability matrix: alength= 4 w= 12 nsites= 210 E= 2.1e+001
 0.050176 0.855208 0.000364 0.094252
 0.000151 0.843195 0.000364 0.156290
 0.039747 0.888273 0.007511 0.064469
 0.000151 0.000364 0.973551 0.025933
 0.024344 0.953701 0.021804 0.000151
 0.003117 0.014497 0.982234 0.000151
 0.004014 0.000364 0.000364 0.995257
 0.037260 0.751246 0.040751 0.170742
 0.000151 0.933576 0.066121 0.000151
 0.041816 0.828761 0.006406 0.123018
 0.333418 0.329864 0.149864 0.186854
 0.062169 0.136142 0.780099 0.021591

********************************************************************************
Stopped because 3 consecutive motifs exceeded the p-value threshold (0.05).
********************************************************************************
COMMAND:	streme --verbosity 1 --oc meme_out_incomplete_DL/HepG2_FUS-human_ENCFF682NJA/streme_out -dna --seed 0 --p meme_out_incomplete_DL/HepG2_FUS-human_ENCFF682NJA/seqs-centered --minw 6 --maxw 15 --time 6189 --order 2 --thresh 0.05 --align center --totallength 4000000 --parse-genomic-coord
********************************************************************************
CPU:		9f05ee173ae9
********************************************************************************
FINALTIME:	555.25 seconds
********************************************************************************
