********************************************************************************
STREME - Sensitive, Thorough, Rapid, Enriched Motif Elicitation
********************************************************************************
MEME version 5.5.3 (Release date: Sat Jun 10 16:19:38 2023 -0700)

For further information on how to interpret these results please access http://localhost:8080/meme_5.5.3.
To get a copy of the MEME Suite software please access https://meme-suite.org.

********************************************************************************


********************************************************************************
REFERENCE
********************************************************************************
If you use this program in your research, please cite:

Timothy L. Bailey,
"STREME: accurate and versatile sequence motif discovery",
Bioinformatics, Mar. 24, 2021.
********************************************************************************


ALPHABET= ACGT

strands: + -

Background letter frequencies
A 0.179 C 0.321 G 0.321 T 0.179 

MOTIF 1-CCTCRGCCTCCC STREME-1
letter-probability matrix: alength= 4 w= 12 nsites= 383 E= 2.9e-004
 0.003467 0.836025 0.000157 0.160351
 0.000087 0.999669 0.000157 0.000087
 0.000087 0.000157 0.000157 0.999600
 0.046828 0.811445 0.000157 0.141570
 0.435614 0.000157 0.472576 0.091653
 0.000087 0.000157 0.869623 0.130134
 0.000087 0.809701 0.000157 0.190056
 0.021768 0.677367 0.073835 0.227030
 0.000087 0.000157 0.000157 0.999600
 0.000087 0.862086 0.000157 0.137670
 0.000087 0.835295 0.083164 0.081454
 0.000087 0.636173 0.124785 0.238956

MOTIF 2-ATGGCGGCGGCRGC STREME-2
letter-probability matrix: alength= 4 w= 14 nsites= 365 E= 8.3e-004
 0.747532 0.034027 0.182384 0.036057
 0.025268 0.208758 0.056510 0.709465
 0.025268 0.054113 0.891756 0.028864
 0.028864 0.010956 0.942105 0.018075
 0.003689 0.970877 0.003763 0.021671
 0.043250 0.021745 0.922631 0.012375
 0.079214 0.025341 0.855792 0.039653
 0.057635 0.924123 0.007359 0.010882
 0.072021 0.131130 0.744915 0.051935
 0.082810 0.023238 0.842017 0.051935
 0.046846 0.765882 0.093673 0.093599
 0.361225 0.154812 0.386768 0.097195
 0.090003 0.068498 0.805442 0.036057
 0.046846 0.773075 0.068498 0.111581

MOTIF 3-AACTCCTGRCCTCAD STREME-3
letter-probability matrix: alength= 4 w= 15 nsites= 78 E= 1.5e-003
 0.998030 0.000770 0.000770 0.000429
 0.748630 0.133784 0.017397 0.100189
 0.033682 0.898612 0.000770 0.066936
 0.000429 0.050651 0.000770 0.948150
 0.000429 0.898612 0.000770 0.100189
 0.000429 0.998372 0.000770 0.000429
 0.000429 0.067277 0.000770 0.931523
 0.017056 0.000770 0.981745 0.000429
 0.632243 0.000770 0.349931 0.017056
 0.033682 0.699091 0.233544 0.033682
 0.017056 0.981745 0.000770 0.000429
 0.000429 0.000770 0.000770 0.998030
 0.000429 0.915238 0.000770 0.083562
 0.798510 0.000770 0.183664 0.017056
 0.449349 0.000770 0.300051 0.249829

MOTIF 4-AAAAAWAMAAAAA STREME-4
letter-probability matrix: alength= 4 w= 13 nsites= 157 E= 1.1e-002
 0.939445 0.037640 0.000346 0.022569
 0.879773 0.022722 0.000346 0.097159
 0.917068 0.052558 0.030181 0.000192
 0.835020 0.074935 0.060017 0.030028
 0.761698 0.104771 0.103503 0.030028
 0.464474 0.050157 0.000346 0.485023
 0.924527 0.000346 0.030181 0.044946
 0.446461 0.448576 0.015264 0.089700
 0.951267 0.018359 0.000346 0.030028
 0.656005 0.112230 0.119689 0.112076
 0.827561 0.000346 0.037640 0.134453
 0.864856 0.089853 0.037640 0.007651
 0.909609 0.000346 0.007805 0.082241

MOTIF 5-CGTGAGCCACCGCGC STREME-5
letter-probability matrix: alength= 4 w= 15 nsites= 80 E= 1.2e-002
 0.000409 0.887592 0.000734 0.111266
 0.206286 0.064081 0.729224 0.000409
 0.032082 0.079918 0.000734 0.887267
 0.016245 0.000734 0.982612 0.000409
 0.918940 0.032407 0.048244 0.000409
 0.032082 0.016571 0.950939 0.000409
 0.000409 0.950939 0.016571 0.032082
 0.000409 0.950939 0.016571 0.032082
 0.998124 0.000734 0.000734 0.000409
 0.000409 0.950939 0.000734 0.047919
 0.032082 0.681714 0.016571 0.269633
 0.237960 0.000734 0.745061 0.016245
 0.032082 0.697551 0.000734 0.269633
 0.158776 0.016571 0.808408 0.016245
 0.000409 0.935102 0.000734 0.063756

MOTIF 6-CTGGGATTACAGG STREME-6
letter-probability matrix: alength= 4 w= 13 nsites= 111 E= 8.0e-002
 0.000224 0.920987 0.009087 0.069702
 0.000224 0.000402 0.000402 0.998971
 0.078387 0.009087 0.912302 0.000224
 0.095756 0.017772 0.886248 0.000224
 0.026278 0.000402 0.964410 0.008909
 0.964232 0.000402 0.035141 0.000224
 0.000224 0.260945 0.000402 0.738428
 0.000224 0.043826 0.009087 0.946863
 0.886069 0.026457 0.069881 0.017594
 0.000224 0.877563 0.061196 0.061017
 0.990286 0.000402 0.009087 0.000224
 0.087072 0.000402 0.886248 0.026278
 0.034963 0.000402 0.947041 0.017594

MOTIF 7-AAGATGGCG STREME-7
letter-probability matrix: alength= 4 w= 9 nsites= 165 E= 9.1e-002
 0.998986 0.000397 0.000397 0.000221
 0.866922 0.132461 0.000397 0.000221
 0.162889 0.201595 0.583954 0.051562
 0.941648 0.000397 0.000397 0.057559
 0.000221 0.000397 0.000397 0.998986
 0.000221 0.113395 0.869050 0.017335
 0.144099 0.000397 0.769715 0.085790
 0.000221 0.826536 0.000397 0.172847
 0.000221 0.000397 0.837144 0.162239

MOTIF 8-CACTTCCCG STREME-8
letter-probability matrix: alength= 4 w= 9 nsites= 358 E= 1.7e-001
 0.008777 0.872222 0.058837 0.060163
 0.777828 0.104445 0.054255 0.063471
 0.019407 0.920852 0.023418 0.036324
 0.009504 0.098504 0.003259 0.888732
 0.037489 0.004309 0.004139 0.954063
 0.017852 0.975254 0.004426 0.002469
 0.009504 0.975600 0.002186 0.012709
 0.005457 0.702750 0.182606 0.109187
 0.041434 0.015241 0.923452 0.019873

MOTIF 9-CCAGCCTGGSCAACA STREME-9
letter-probability matrix: alength= 4 w= 15 nsites= 89 E= 2.7e-001
 0.000310 0.950713 0.000557 0.048419
 0.000310 0.986795 0.000557 0.012338
 0.998575 0.000557 0.000557 0.000310
 0.036392 0.000557 0.830440 0.132610
 0.000310 0.950713 0.000557 0.048419
 0.000310 0.974768 0.000557 0.024365
 0.000310 0.000557 0.000557 0.998575
 0.084501 0.000557 0.914631 0.000310
 0.096529 0.024612 0.878549 0.000310
 0.048419 0.397458 0.541785 0.012338
 0.000310 0.782331 0.000557 0.216801
 0.661811 0.012585 0.325294 0.000310
 0.938439 0.000557 0.060694 0.000310
 0.012338 0.950713 0.012585 0.024365
 0.950466 0.024612 0.024612 0.000310

MOTIF 10-CAAGGTCACAG STREME-10
letter-probability matrix: alength= 4 w= 11 nsites= 363 E= 4.1e-001
 0.086464 0.809006 0.025504 0.079026
 0.907406 0.051941 0.040575 0.000078
 0.787808 0.083511 0.070015 0.058666
 0.061612 0.162391 0.769891 0.006106
 0.110901 0.013447 0.841167 0.034484
 0.025186 0.044133 0.018225 0.912457
 0.105061 0.825260 0.054531 0.015148
 0.918558 0.023932 0.031788 0.025723
 0.190934 0.632882 0.077151 0.099032
 0.600902 0.152861 0.131572 0.114664
 0.078514 0.268970 0.595401 0.057115

MOTIF 11-AGCCCCGAG STREME-11
letter-probability matrix: alength= 4 w= 9 nsites= 636 E= 5.3e-001
 0.926345 0.008279 0.053654 0.011723
 0.081505 0.032777 0.787323 0.098396
 0.044736 0.922783 0.013681 0.018800
 0.055209 0.841508 0.099267 0.004016
 0.052584 0.855023 0.044231 0.048163
 0.037609 0.943830 0.013560 0.005001
 0.046626 0.008729 0.900243 0.044403
 0.837346 0.079913 0.050896 0.031846
 0.008960 0.127609 0.833177 0.030254

MOTIF 12-AGCAGCAGCAGCAVC STREME-12
letter-probability matrix: alength= 4 w= 15 nsites= 288 E= 5.9e-001
 0.852063 0.006061 0.070717 0.071159
 0.038580 0.017908 0.940474 0.003038
 0.074121 0.881239 0.032717 0.011924
 0.890063 0.020870 0.080105 0.008962
 0.071159 0.050488 0.822003 0.056350
 0.041541 0.910856 0.032717 0.014885
 0.696318 0.086029 0.065296 0.152357
 0.044503 0.065296 0.878277 0.011924
 0.059312 0.832621 0.107991 0.000076
 0.556388 0.072449 0.140570 0.230592
 0.053388 0.143532 0.791156 0.011924
 0.072388 0.648990 0.204500 0.074121
 0.619089 0.128220 0.192150 0.060541
 0.237019 0.261500 0.406627 0.094853
 0.084236 0.667264 0.190921 0.057580

MOTIF 13-TGGGGAAGGGA STREME-13
letter-probability matrix: alength= 4 w= 11 nsites= 319 E= 6.3e-001
 0.059064 0.050189 0.064638 0.826108
 0.037494 0.025117 0.882390 0.054999
 0.070063 0.044258 0.854248 0.031431
 0.055573 0.019333 0.901372 0.023722
 0.150304 0.064430 0.743618 0.041648
 0.963421 0.005477 0.008501 0.022602
 0.890179 0.004347 0.060013 0.045462
 0.073637 0.033425 0.868214 0.024724
 0.106585 0.057520 0.800893 0.035002
 0.092871 0.097614 0.758540 0.050974
 0.728270 0.065028 0.166195 0.040508

MOTIF 14-CCCCGCCCCN STREME-14
letter-probability matrix: alength= 4 w= 10 nsites= 1099 E= 6.6e-001
 0.047075 0.892613 0.004761 0.055551
 0.000789 0.989199 0.006984 0.003028
 0.040995 0.880431 0.019305 0.059269
 0.086785 0.860772 0.041715 0.010728
 0.134062 0.000159 0.865691 0.000088
 0.046229 0.921786 0.029446 0.002538
 0.002173 0.950744 0.043339 0.003745
 0.000088 0.962587 0.000159 0.037166
 0.000088 0.946053 0.051686 0.002173
 0.253283 0.332673 0.246221 0.167824

MOTIF 15-CACGTGRCCCG STREME-15
letter-probability matrix: alength= 4 w= 11 nsites= 159 E= 6.6e-001
 0.019202 0.933495 0.022213 0.025089
 0.999136 0.000338 0.000338 0.000188
 0.000188 0.999286 0.000338 0.000188
 0.051230 0.000338 0.948244 0.000188
 0.007480 0.061697 0.000338 0.930485
 0.039673 0.132992 0.812563 0.014771
 0.394779 0.008358 0.560216 0.036646
 0.008159 0.798086 0.018567 0.175188
 0.036675 0.711644 0.163993 0.087688
 0.014608 0.726140 0.178066 0.081186
 0.215214 0.126027 0.639746 0.019012

MOTIF 16-CCCAGGACCCHA STREME-16
letter-probability matrix: alength= 4 w= 12 nsites= 74 E= 7.8e-001
 0.038106 0.867604 0.068778 0.025512
 0.000325 0.955759 0.043591 0.000325
 0.043332 0.783504 0.135058 0.038106
 0.960727 0.025771 0.000584 0.012918
 0.050699 0.068778 0.880198 0.000325
 0.000325 0.000584 0.998767 0.000325
 0.872572 0.113926 0.000584 0.012918
 0.000325 0.998767 0.000584 0.000325
 0.038106 0.855011 0.076145 0.030739
 0.000325 0.968353 0.000584 0.030739
 0.193713 0.361517 0.174753 0.270016
 0.636176 0.113926 0.249573 0.000325

MOTIF 17-CAGCACCAHGGACA STREME-17
letter-probability matrix: alength= 4 w= 14 nsites= 71 E= 7.8e-001
 0.019672 0.940589 0.000889 0.038850
 0.978550 0.020066 0.000889 0.000495
 0.019672 0.000889 0.978944 0.000495
 0.038850 0.883057 0.058421 0.019672
 0.978550 0.000889 0.020066 0.000495
 0.000495 0.998122 0.000889 0.000495
 0.000495 0.978944 0.000889 0.019672
 0.767597 0.039244 0.192664 0.000495
 0.249803 0.384440 0.135132 0.230625
 0.000495 0.020066 0.978944 0.000495
 0.000495 0.020066 0.978944 0.000495
 0.940195 0.058421 0.000889 0.000495
 0.000495 0.921412 0.058421 0.019672
 0.997728 0.000889 0.000889 0.000495

MOTIF 18-GTGACGTCAC STREME-18
letter-probability matrix: alength= 4 w= 10 nsites= 78 E= 8.2e-001
 0.155236 0.230926 0.571276 0.042562
 0.039434 0.159894 0.064211 0.736460
 0.028131 0.036060 0.853366 0.082442
 0.967557 0.000349 0.006739 0.025355
 0.030335 0.839787 0.047572 0.082306
 0.082306 0.047572 0.839787 0.030335
 0.025355 0.006739 0.000349 0.967557
 0.082442 0.853366 0.036060 0.028131
 0.736460 0.064211 0.159894 0.039434
 0.042562 0.571276 0.230926 0.155236

MOTIF 19-CCASCAGGGGGCRS STREME-19
letter-probability matrix: alength= 4 w= 14 nsites= 115 E= 8.2e-001
 0.008427 0.836290 0.155071 0.000212
 0.000212 0.966335 0.033241 0.000212
 0.750561 0.008596 0.146856 0.093987
 0.000212 0.342621 0.656955 0.000212
 0.000212 0.933475 0.057886 0.008427
 0.962757 0.012005 0.016811 0.008427
 0.000212 0.066101 0.933475 0.000212
 0.239214 0.016811 0.719118 0.024857
 0.000212 0.074316 0.773979 0.151493
 0.000212 0.025026 0.974550 0.000212
 0.000212 0.000381 0.966335 0.033072
 0.008427 0.925260 0.000381 0.065932
 0.347258 0.000381 0.619289 0.033072
 0.003621 0.538534 0.432987 0.024857

MOTIF 20-AGGAAGCGG STREME-20
letter-probability matrix: alength= 4 w= 9 nsites= 518 E= 8.5e-001
 0.957067 0.041665 0.000815 0.000454
 0.040379 0.035985 0.923183 0.000454
 0.000454 0.000815 0.973526 0.025205
 0.838675 0.128698 0.000815 0.031812
 0.733278 0.061428 0.173482 0.031812
 0.000454 0.035997 0.846710 0.116839
 0.000454 0.872161 0.077068 0.050317
 0.000454 0.000815 0.998278 0.000454
 0.089573 0.056098 0.853876 0.000454

MOTIF 21-TGGGGACAGGG STREME-21
letter-probability matrix: alength= 4 w= 11 nsites= 329 E= 9.2e-001
 0.000130 0.011176 0.000233 0.988462
 0.163102 0.050942 0.772725 0.013231
 0.019174 0.004811 0.972536 0.003479
 0.054746 0.007342 0.912662 0.025250
 0.005935 0.001201 0.930360 0.062505
 0.947856 0.000233 0.008873 0.043039
 0.050839 0.856968 0.047849 0.044344
 0.647397 0.095510 0.167678 0.089415
 0.074440 0.151966 0.652452 0.121142
 0.097674 0.095879 0.742437 0.064010
 0.096056 0.018358 0.856164 0.029421

MOTIF 22-ACTCACC STREME-22
letter-probability matrix: alength= 4 w= 7 nsites= 198 E= 1.2e+000
 0.925345 0.029200 0.029200 0.016255
 0.016255 0.938291 0.029200 0.016255
 0.016255 0.029200 0.029200 0.925345
 0.016255 0.938291 0.029200 0.016255
 0.925345 0.029200 0.029200 0.016255
 0.016255 0.938291 0.029200 0.016255
 0.016255 0.938291 0.029200 0.016255

MOTIF 23-AGTGCAGTGGCGYRA STREME-23
letter-probability matrix: alength= 4 w= 15 nsites= 39 E= 6.3e+000
 0.916044 0.001248 0.055092 0.027617
 0.027617 0.001248 0.970441 0.000694
 0.000694 0.028170 0.001248 0.969888
 0.000694 0.001248 0.997364 0.000694
 0.000694 0.970441 0.028170 0.000694
 0.889122 0.055092 0.001248 0.054539
 0.054539 0.001248 0.943519 0.000694
 0.000694 0.028170 0.001248 0.969888
 0.000694 0.001248 0.997364 0.000694
 0.000694 0.001248 0.997364 0.000694
 0.000694 0.647377 0.082014 0.269915
 0.296837 0.001248 0.620455 0.081461
 0.054539 0.593533 0.028170 0.323759
 0.269915 0.189702 0.539689 0.000694
 0.969888 0.001248 0.001248 0.027617

MOTIF 24-ACTACAACYYCCA STREME-24
letter-probability matrix: alength= 4 w= 13 nsites= 66 E= 7.8e+000
 0.998261 0.000680 0.000680 0.000379
 0.015053 0.925189 0.030030 0.029728
 0.073752 0.044704 0.000680 0.880863
 0.807490 0.000680 0.191452 0.000379
 0.029728 0.954539 0.000680 0.015053
 0.924888 0.015355 0.044704 0.015053
 0.924888 0.030030 0.044704 0.000379
 0.117777 0.558320 0.206126 0.117777
 0.059078 0.455597 0.059379 0.425946
 0.029728 0.558320 0.000680 0.411271
 0.073752 0.925189 0.000680 0.000379
 0.073752 0.793116 0.088729 0.044403
 0.616718 0.059379 0.250151 0.073752

MOTIF 25-CYGCGCATGCGCACH STREME-25
letter-probability matrix: alength= 4 w= 15 nsites= 102 E= 9.4e+000
 0.100126 0.643927 0.155821 0.100126
 0.044659 0.410967 0.033794 0.510579
 0.055753 0.000514 0.943447 0.000286
 0.000286 0.976727 0.000514 0.022473
 0.077939 0.000514 0.921260 0.000286
 0.000286 0.987820 0.000514 0.011379
 0.577139 0.222381 0.122541 0.077939
 0.011379 0.155821 0.067074 0.765726
 0.011379 0.000514 0.976727 0.011379
 0.000286 0.998914 0.000514 0.000286
 0.022473 0.011607 0.899074 0.066846
 0.011379 0.954540 0.011607 0.022473
 0.799006 0.122541 0.078167 0.000286
 0.066846 0.643927 0.189101 0.100126
 0.222153 0.322221 0.133634 0.321993

********************************************************************************
Stopped because 3 consecutive motifs exceeded the p-value threshold (0.05).
********************************************************************************
COMMAND:	streme --verbosity 1 --oc meme_out_incomplete_DL/HepG2_KLF13-human_ENCFF171DFD/streme_out -dna --seed 0 --p meme_out_incomplete_DL/HepG2_KLF13-human_ENCFF171DFD/seqs-centered --minw 6 --maxw 15 --time 6191 --order 2 --thresh 0.05 --align center --totallength 4000000 --parse-genomic-coord
********************************************************************************
CPU:		9f05ee173ae9
********************************************************************************
FINALTIME:	294.23 seconds
********************************************************************************
