********************************************************************************
STREME - Sensitive, Thorough, Rapid, Enriched Motif Elicitation
********************************************************************************
MEME version 5.5.3 (Release date: Sat Jun 10 16:19:38 2023 -0700)

For further information on how to interpret these results please access http://localhost:8080/meme_5.5.3.
To get a copy of the MEME Suite software please access https://meme-suite.org.

********************************************************************************


********************************************************************************
REFERENCE
********************************************************************************
If you use this program in your research, please cite:

Timothy L. Bailey,
"STREME: accurate and versatile sequence motif discovery",
Bioinformatics, Mar. 24, 2021.
********************************************************************************


ALPHABET= ACGT

strands: + -

Background letter frequencies
A 0.227 C 0.273 G 0.273 T 0.227 

MOTIF 1-RCMGGAAGTGR STREME-1
letter-probability matrix: alength= 4 w= 11 nsites= 7168 E= 1.4e-081
 0.460269 0.161301 0.275134 0.103296
 0.050598 0.794473 0.131672 0.023256
 0.439061 0.560117 0.000814 0.000008
 0.000008 0.000009 0.999975 0.000008
 0.000008 0.000009 0.999975 0.000008
 0.999492 0.000009 0.000009 0.000489
 0.899994 0.005632 0.000009 0.094364
 0.114201 0.026304 0.859487 0.000008
 0.055391 0.216873 0.014100 0.713636
 0.192208 0.123575 0.560460 0.123757
 0.323132 0.180936 0.426554 0.069377

MOTIF 2-WWTRTTTRCTYWD STREME-2
letter-probability matrix: alength= 4 w= 13 nsites= 3634 E= 1.5e-029
 0.397716 0.138683 0.137894 0.325707
 0.401142 0.120325 0.162711 0.315822
 0.000010 0.000610 0.000012 0.999368
 0.458367 0.000012 0.541611 0.000010
 0.000010 0.000012 0.000012 0.999967
 0.000010 0.000012 0.000012 0.999967
 0.000010 0.000012 0.085660 0.914318
 0.582143 0.000012 0.417836 0.000010
 0.049617 0.640108 0.000012 0.310263
 0.282322 0.138314 0.000012 0.579352
 0.095282 0.257175 0.184750 0.462793
 0.506795 0.000012 0.005397 0.487796
 0.244618 0.140428 0.319585 0.295369

MOTIF 3-CCCCGCCCCCN STREME-3
letter-probability matrix: alength= 4 w= 11 nsites= 2181 E= 1.1e-019
 0.000033 0.971720 0.000039 0.028208
 0.000033 0.993751 0.006183 0.000033
 0.024195 0.975733 0.000039 0.000033
 0.044485 0.908311 0.000039 0.047165
 0.256375 0.000039 0.594944 0.148642
 0.041724 0.958204 0.000039 0.000033
 0.000033 0.999895 0.000039 0.000033
 0.000033 0.955585 0.000039 0.044342
 0.078045 0.908506 0.000039 0.013409
 0.057113 0.712309 0.119793 0.110786
 0.303871 0.244055 0.201143 0.250932

MOTIF 4-CAAAGGTCA STREME-4
letter-probability matrix: alength= 4 w= 9 nsites= 2712 E= 2.4e-018
 0.000038 0.888093 0.038831 0.073038
 0.666217 0.292245 0.026630 0.014908
 0.887730 0.005086 0.090782 0.016402
 0.977080 0.002642 0.020240 0.000038
 0.006796 0.000046 0.993120 0.000038
 0.031916 0.000046 0.671976 0.296062
 0.000038 0.226813 0.084716 0.688433
 0.000038 0.981106 0.004852 0.014004
 0.970061 0.000046 0.029855 0.000038

MOTIF 5-RTTRTGCAA STREME-5
letter-probability matrix: alength= 4 w= 9 nsites= 1497 E= 4.4e-011
 0.487452 0.000077 0.512406 0.000065
 0.000065 0.000077 0.000077 0.999781
 0.000065 0.000077 0.321863 0.677995
 0.404809 0.000077 0.595049 0.000065
 0.209039 0.233092 0.084309 0.473561
 0.000065 0.000077 0.999794 0.000065
 0.000065 0.714498 0.000077 0.285360
 0.999781 0.000077 0.000077 0.000065
 0.999781 0.000077 0.000077 0.000065

MOTIF 6-SRTGASTCAYS STREME-6
letter-probability matrix: alength= 4 w= 11 nsites= 1111 E= 7.3e-010
 0.118484 0.403907 0.339431 0.138178
 0.454412 0.143912 0.401611 0.000064
 0.000064 0.000077 0.000077 0.999781
 0.000064 0.000077 0.979652 0.020207
 0.937558 0.000077 0.062301 0.000064
 0.033304 0.466696 0.466696 0.033304
 0.000064 0.062301 0.000077 0.937558
 0.020207 0.979652 0.000077 0.000064
 0.999781 0.000077 0.000077 0.000064
 0.000064 0.401611 0.143912 0.454412
 0.138178 0.339431 0.403907 0.118484

MOTIF 7-AAGATGGCGGC STREME-7
letter-probability matrix: alength= 4 w= 11 nsites= 401 E= 2.4e-009
 0.992793 0.000134 0.000134 0.006939
 0.960655 0.022032 0.000134 0.017179
 0.118567 0.165904 0.709689 0.005840
 0.999620 0.000134 0.000134 0.000112
 0.000112 0.000134 0.000134 0.999620
 0.000112 0.000134 0.999642 0.000112
 0.008646 0.000134 0.980868 0.010352
 0.000112 0.975747 0.000134 0.024006
 0.037660 0.076076 0.816440 0.069824
 0.165860 0.107034 0.680508 0.046598
 0.122017 0.811326 0.000134 0.066523

MOTIF 8-GTAAACAN STREME-8
letter-probability matrix: alength= 4 w= 8 nsites= 2429 E= 4.2e-009
 0.066847 0.000089 0.893181 0.039883
 0.000074 0.138161 0.000089 0.861676
 0.846777 0.153060 0.000089 0.000074
 0.919986 0.074846 0.005094 0.000074
 0.989544 0.000089 0.010293 0.000074
 0.000074 0.912045 0.000089 0.087792
 0.970967 0.000089 0.015313 0.013632
 0.297491 0.216544 0.268488 0.217476

MOTIF 9-AAAAAAAAAAAAA STREME-9
letter-probability matrix: alength= 4 w= 13 nsites= 434 E= 7.3e-009
 0.971966 0.000163 0.000163 0.027707
 0.999538 0.000163 0.000163 0.000136
 0.985712 0.000163 0.000163 0.013962
 0.874945 0.045660 0.079259 0.000136
 0.816176 0.172465 0.000163 0.011197
 0.855131 0.001530 0.016955 0.126384
 0.995215 0.004486 0.000163 0.000136
 0.843399 0.121062 0.019461 0.016077
 0.994241 0.000163 0.000163 0.005433
 0.888260 0.109843 0.000163 0.001734
 0.892652 0.098754 0.000163 0.008431
 0.993814 0.000163 0.000163 0.005860
 0.999538 0.000163 0.000163 0.000136

MOTIF 10-CCTGTAATCCCAGC STREME-10
letter-probability matrix: alength= 4 w= 14 nsites= 298 E= 9.6e-009
 0.008081 0.947905 0.008107 0.035907
 0.008081 0.963806 0.000156 0.027957
 0.004106 0.008107 0.000156 0.987631
 0.083610 0.008107 0.908153 0.000130
 0.000130 0.035933 0.012082 0.951854
 0.935954 0.004132 0.059784 0.000130
 0.755420 0.000156 0.236343 0.008081
 0.004106 0.008107 0.004132 0.983656
 0.008081 0.928029 0.008107 0.055783
 0.008081 0.939955 0.008107 0.043858
 0.000130 0.898553 0.000156 0.101160
 0.991607 0.000156 0.008107 0.000130
 0.087585 0.004132 0.896227 0.012056
 0.016031 0.943930 0.008107 0.031932

MOTIF 11-CCASYAGRGGGCG STREME-11
letter-probability matrix: alength= 4 w= 13 nsites= 382 E= 9.6e-008
 0.067885 0.859832 0.057063 0.015220
 0.000099 0.999683 0.000119 0.000099
 0.773087 0.000119 0.226695 0.000099
 0.023319 0.583280 0.347941 0.045461
 0.060068 0.561473 0.073953 0.304506
 0.993615 0.006167 0.000119 0.000099
 0.000099 0.000119 0.999683 0.000099
 0.391869 0.000119 0.607913 0.000099
 0.000099 0.033666 0.669032 0.297203
 0.000099 0.000119 0.999683 0.000099
 0.000099 0.003143 0.983307 0.013451
 0.000099 0.963393 0.000119 0.036389
 0.328776 0.000119 0.671006 0.000099

MOTIF 12-ACCGGAAG STREME-12
letter-probability matrix: alength= 4 w= 8 nsites= 3407 E= 1.0e-007
 0.580420 0.126927 0.135781 0.156872
 0.039151 0.909180 0.049428 0.002241
 0.197493 0.795178 0.006888 0.000440
 0.000138 0.011279 0.988464 0.000119
 0.001809 0.002849 0.993502 0.001839
 0.993689 0.002504 0.000142 0.003665
 0.967630 0.000150 0.000192 0.032028
 0.066656 0.046058 0.884443 0.002843

MOTIF 13-CCAGCCTGGGCRACA STREME-13
letter-probability matrix: alength= 4 w= 15 nsites= 280 E= 8.0e-006
 0.018658 0.957876 0.014062 0.009405
 0.004778 0.953249 0.000182 0.041791
 0.985605 0.004808 0.009435 0.000152
 0.004778 0.000182 0.948623 0.046417
 0.014031 0.962502 0.009435 0.014031
 0.014031 0.953249 0.009435 0.023284
 0.004778 0.018688 0.009435 0.967099
 0.037164 0.004808 0.948623 0.009405
 0.051044 0.000182 0.943996 0.004778
 0.037164 0.115845 0.837586 0.009405
 0.051044 0.745055 0.014062 0.189840
 0.629361 0.023315 0.342546 0.004778
 0.980978 0.004808 0.009435 0.004778
 0.032538 0.911610 0.023315 0.032538
 0.920833 0.018688 0.055700 0.004778

MOTIF 14-CTCAAGYGATCCTC STREME-14
letter-probability matrix: alength= 4 w= 14 nsites= 208 E= 1.6e-005
 0.014712 0.679327 0.005042 0.300919
 0.000159 0.014744 0.000191 0.984906
 0.000159 0.926726 0.019595 0.053520
 0.970353 0.024446 0.005042 0.000159
 0.887887 0.005042 0.087508 0.019563
 0.106881 0.009893 0.849111 0.034116
 0.024414 0.422225 0.029297 0.524064
 0.228155 0.005042 0.761793 0.005010
 0.994608 0.000191 0.005042 0.000159
 0.000159 0.005042 0.000191 0.994608
 0.000159 0.684178 0.005042 0.310621
 0.000159 0.887919 0.019595 0.092328
 0.116582 0.024446 0.063253 0.795718
 0.005010 0.873366 0.005042 0.116582

MOTIF 15-ACTACAWYTCCCAGM STREME-15
letter-probability matrix: alength= 4 w= 15 nsites= 265 E= 2.7e-005
 0.990704 0.008978 0.000173 0.000144
 0.000144 0.999538 0.000173 0.000144
 0.004547 0.022186 0.000173 0.973094
 0.942277 0.026588 0.013381 0.017754
 0.000144 0.995136 0.000173 0.004547
 0.867435 0.022186 0.105833 0.004547
 0.462406 0.132248 0.066210 0.339136
 0.052974 0.325957 0.088223 0.532846
 0.035364 0.030991 0.017783 0.915862
 0.000144 0.973123 0.000173 0.026559
 0.000144 0.990733 0.000173 0.008949
 0.004547 0.986331 0.000173 0.008949
 0.863032 0.000173 0.132248 0.004547
 0.070584 0.022186 0.854256 0.052974
 0.409576 0.422812 0.136650 0.030962

MOTIF 16-AGACYCYGTCTC STREME-16
letter-probability matrix: alength= 4 w= 12 nsites= 253 E= 8.6e-005
 0.981286 0.018331 0.000209 0.000174
 0.207164 0.000209 0.792454 0.000174
 0.999409 0.000209 0.000209 0.000174
 0.000174 0.929868 0.000209 0.069750
 0.032013 0.514259 0.060783 0.392945
 0.000174 0.851762 0.000209 0.147856
 0.050135 0.316832 0.034250 0.598782
 0.169202 0.000209 0.830415 0.000174
 0.012990 0.000209 0.000209 0.986593
 0.010787 0.978217 0.010822 0.000174
 0.023603 0.000209 0.000209 0.975980
 0.010787 0.967604 0.000209 0.021400

MOTIF 17-CCTTATCTC STREME-17
letter-probability matrix: alength= 4 w= 9 nsites= 1499 E= 8.8e-005
 0.050400 0.610131 0.149537 0.189931
 0.134177 0.584273 0.109449 0.172101
 0.000117 0.002886 0.047371 0.949626
 0.065886 0.000141 0.000141 0.933833
 0.999602 0.000141 0.000141 0.000117
 0.000117 0.000141 0.000141 0.999602
 0.000117 0.999625 0.000141 0.000117
 0.100181 0.000141 0.007929 0.891749
 0.146315 0.547755 0.152075 0.153855

MOTIF 18-GCCCCGCCCH STREME-18
letter-probability matrix: alength= 4 w= 10 nsites= 1898 E= 3.2e-004
 0.168913 0.000082 0.830938 0.000068
 0.044639 0.815987 0.000082 0.139293
 0.101796 0.718770 0.000082 0.179352
 0.147897 0.833716 0.000082 0.018305
 0.068386 0.782180 0.000082 0.149352
 0.089718 0.000082 0.910133 0.000068
 0.054989 0.944861 0.000082 0.000068
 0.000068 0.999783 0.000082 0.000068
 0.000068 0.941096 0.000082 0.058754
 0.391633 0.278085 0.093535 0.236747

MOTIF 19-CCTTGACCTC STREME-19
letter-probability matrix: alength= 4 w= 10 nsites= 1153 E= 3.4e-004
 0.027517 0.921192 0.001027 0.050264
 0.083165 0.734289 0.145258 0.037288
 0.144752 0.056204 0.125977 0.673066
 0.065081 0.187017 0.000075 0.747827
 0.006646 0.005346 0.986036 0.001972
 0.898620 0.008356 0.092961 0.000063
 0.149181 0.757554 0.025967 0.067298
 0.013810 0.746280 0.234608 0.005303
 0.009817 0.034207 0.001985 0.953991
 0.062245 0.748939 0.010719 0.178097

MOTIF 20-AGATCAAAG STREME-20
letter-probability matrix: alength= 4 w= 9 nsites= 863 E= 3.9e-004
 0.920170 0.000151 0.079552 0.000126
 0.000126 0.292059 0.707688 0.000126
 0.717335 0.000151 0.000151 0.282362
 0.000126 0.000151 0.000151 0.999571
 0.091210 0.764244 0.144419 0.000126
 0.985036 0.000151 0.014687 0.000126
 0.999571 0.000151 0.000151 0.000126
 0.999571 0.000151 0.000151 0.000126
 0.000126 0.000151 0.999596 0.000126

MOTIF 21-CCACCRYGCCYGGC STREME-21
letter-probability matrix: alength= 4 w= 14 nsites= 126 E= 5.1e-004
 0.000300 0.980757 0.000360 0.018583
 0.000300 0.999041 0.000360 0.000300
 0.998981 0.000360 0.000360 0.000300
 0.000300 0.999041 0.000360 0.000300
 0.009442 0.733933 0.000360 0.256266
 0.538104 0.009501 0.452095 0.000300
 0.000300 0.578525 0.000360 0.420816
 0.309563 0.000360 0.689778 0.000300
 0.018583 0.962474 0.000360 0.018583
 0.000300 0.931255 0.009501 0.058944
 0.000300 0.510739 0.000360 0.488602
 0.247125 0.018643 0.724791 0.009442
 0.018583 0.000360 0.980757 0.000300
 0.000300 0.958680 0.000360 0.040661

MOTIF 22-TGCAGTGAGCYRTGA STREME-22
letter-probability matrix: alength= 4 w= 15 nsites= 159 E= 5.1e-004
 0.000279 0.000335 0.008841 0.990546
 0.127874 0.000335 0.854499 0.017292
 0.000279 0.956576 0.000335 0.042811
 0.939507 0.008841 0.034360 0.017292
 0.025798 0.000335 0.965082 0.008785
 0.000279 0.008841 0.008841 0.982039
 0.051317 0.000335 0.931057 0.017292
 0.965026 0.008841 0.017347 0.008785
 0.042811 0.000335 0.927526 0.029329
 0.008785 0.897031 0.017347 0.076836
 0.008785 0.616322 0.008841 0.366052
 0.641785 0.008841 0.340588 0.008785
 0.280988 0.017347 0.017347 0.684317
 0.000279 0.000335 0.999107 0.000279
 0.956520 0.008841 0.017347 0.017292

MOTIF 23-CTCCACCTCC STREME-23
letter-probability matrix: alength= 4 w= 10 nsites= 1853 E= 5.8e-004
 0.016679 0.982962 0.000196 0.000163
 0.017793 0.256544 0.042234 0.683429
 0.022244 0.965291 0.000196 0.012269
 0.000163 0.921133 0.018593 0.060110
 0.625863 0.000196 0.183777 0.190164
 0.000163 0.953961 0.036842 0.009034
 0.000163 0.942507 0.037063 0.020267
 0.000163 0.168391 0.000196 0.831249
 0.000163 0.980863 0.018810 0.000163
 0.000163 0.823289 0.122431 0.054117

MOTIF 24-CAGAGTCCAGAG STREME-24
letter-probability matrix: alength= 4 w= 12 nsites= 728 E= 1.4e-003
 0.006225 0.967295 0.000081 0.026400
 0.850848 0.086450 0.000081 0.062622
 0.000067 0.002133 0.963647 0.034153
 0.919635 0.024864 0.015914 0.039587
 0.000067 0.034878 0.897314 0.067741
 0.086074 0.087670 0.126802 0.699455
 0.183098 0.743673 0.073162 0.000067
 0.008119 0.892165 0.044583 0.055133
 0.911507 0.033962 0.040537 0.013994
 0.132212 0.243240 0.573192 0.051356
 0.618363 0.086737 0.187518 0.107382
 0.108748 0.160406 0.669074 0.061772

MOTIF 25-CCTCCCCTCCC STREME-25
letter-probability matrix: alength= 4 w= 11 nsites= 1367 E= 4.0e-003
 0.000159 0.918878 0.011026 0.069937
 0.000159 0.797213 0.098850 0.103778
 0.137268 0.000190 0.012474 0.850068
 0.028130 0.870093 0.000190 0.101586
 0.012439 0.980727 0.006676 0.000159
 0.000159 0.995456 0.004226 0.000159
 0.110963 0.779312 0.053467 0.056258
 0.111837 0.000190 0.139024 0.748949
 0.086438 0.773272 0.016197 0.124093
 0.000159 0.897038 0.091662 0.011142
 0.000159 0.999492 0.000190 0.000159

MOTIF 26-AAACAAACA STREME-26
letter-probability matrix: alength= 4 w= 9 nsites= 701 E= 8.7e-003
 0.665915 0.000238 0.288585 0.045263
 0.905009 0.000238 0.094555 0.000198
 0.770260 0.000238 0.229304 0.000198
 0.000198 0.912713 0.000238 0.086851
 0.999327 0.000238 0.000238 0.000198
 0.999327 0.000238 0.000238 0.000198
 0.999327 0.000238 0.000238 0.000198
 0.000198 0.819271 0.000238 0.180293
 0.922065 0.077499 0.000238 0.000198

MOTIF 27-TGCGCATGCGCA STREME-27
letter-probability matrix: alength= 4 w= 12 nsites= 400 E= 9.1e-003
 0.048729 0.270071 0.116988 0.564213
 0.138625 0.000141 0.861118 0.000117
 0.017288 0.982454 0.000141 0.000117
 0.000117 0.000141 0.999625 0.000117
 0.000117 0.999625 0.000141 0.000117
 0.670589 0.182775 0.101128 0.045509
 0.045509 0.101128 0.182775 0.670589
 0.000117 0.000141 0.999625 0.000117
 0.000117 0.999625 0.000141 0.000117
 0.000117 0.000141 0.982454 0.017288
 0.000117 0.861118 0.000141 0.138625
 0.564213 0.116988 0.270071 0.048729

MOTIF 28-CTTTGAA STREME-28
letter-probability matrix: alength= 4 w= 7 nsites= 707 E= 1.3e-002
 0.020673 0.933873 0.024782 0.020673
 0.020673 0.024782 0.024782 0.929764
 0.020673 0.024782 0.024782 0.929764
 0.020673 0.024782 0.024782 0.929764
 0.020673 0.024782 0.933873 0.020673
 0.929764 0.024782 0.024782 0.020673
 0.929764 0.024782 0.024782 0.020673

MOTIF 29-GGATTCGAACCCRGG STREME-29
letter-probability matrix: alength= 4 w= 15 nsites= 134 E= 1.7e-002
 0.000229 0.000275 0.985295 0.014201
 0.021187 0.000275 0.978309 0.000229
 0.817586 0.000275 0.153966 0.028173
 0.251724 0.160952 0.063148 0.524176
 0.007215 0.035205 0.000275 0.957306
 0.000229 0.656955 0.021233 0.321583
 0.042145 0.000275 0.957351 0.000229
 0.978263 0.000275 0.014247 0.007215
 0.992235 0.000275 0.007261 0.000229
 0.000229 0.950365 0.028219 0.021187
 0.007215 0.950365 0.007261 0.035159
 0.028173 0.796674 0.091092 0.084061
 0.447331 0.042190 0.454362 0.056117
 0.021187 0.265741 0.698871 0.014201
 0.118990 0.000275 0.873520 0.007215

MOTIF 30-TACTCRGGAGGCTGA STREME-30
letter-probability matrix: alength= 4 w= 15 nsites= 112 E= 3.3e-002
 0.000328 0.010378 0.000393 0.988901
 0.988901 0.010378 0.000393 0.000328
 0.010313 0.929053 0.000393 0.060241
 0.010313 0.000393 0.000393 0.988901
 0.050256 0.749312 0.050321 0.150112
 0.539550 0.050321 0.359874 0.050256
 0.080212 0.000393 0.869139 0.050256
 0.050256 0.020364 0.929053 0.000328
 0.958945 0.000393 0.020364 0.020299
 0.050256 0.010378 0.939039 0.000328
 0.040270 0.020364 0.939039 0.000328
 0.010313 0.939039 0.000393 0.050256
 0.000328 0.010378 0.000393 0.988901
 0.020299 0.020364 0.939039 0.020299
 0.988901 0.000393 0.000393 0.010313

MOTIF 31-CAGGAAACR STREME-31
letter-probability matrix: alength= 4 w= 9 nsites= 1264 E= 3.7e-002
 0.005450 0.859367 0.015697 0.119485
 0.747873 0.251712 0.000227 0.000189
 0.003316 0.010098 0.986397 0.000189
 0.000189 0.042597 0.945453 0.011762
 0.998728 0.000227 0.000227 0.000819
 0.996505 0.000227 0.000227 0.003042
 0.976877 0.020464 0.000227 0.002433
 0.000189 0.674044 0.000227 0.325540
 0.379363 0.167719 0.379414 0.073505

MOTIF 32-TGACSTCA STREME-32
letter-probability matrix: alength= 4 w= 8 nsites= 1312 E= 4.1e-002
 0.012555 0.200256 0.000258 0.786932
 0.000215 0.000258 0.999312 0.000215
 0.999269 0.000258 0.000258 0.000215
 0.000215 0.999312 0.000258 0.000215
 0.088360 0.513971 0.397454 0.000215
 0.129695 0.168938 0.000258 0.701109
 0.018459 0.852445 0.007065 0.122032
 0.887210 0.000258 0.112317 0.000215

MOTIF 33-CAGCCAATSRGMGS STREME-33
letter-probability matrix: alength= 4 w= 14 nsites= 194 E= 5.0e-002
 0.000185 0.635824 0.132386 0.231605
 0.640344 0.017155 0.297160 0.045340
 0.000185 0.000222 0.863942 0.135651
 0.000185 0.999408 0.000222 0.000185
 0.000185 0.999408 0.000222 0.000185
 0.993726 0.000222 0.005866 0.000185
 0.999371 0.000222 0.000222 0.000185
 0.000185 0.034088 0.000222 0.965505
 0.000185 0.637079 0.362550 0.000185
 0.578256 0.039733 0.381826 0.000185
 0.000185 0.250918 0.726134 0.022763
 0.414568 0.395329 0.189917 0.000185
 0.250881 0.011511 0.686623 0.050985
 0.135651 0.373839 0.377437 0.113073

MOTIF 34-CCCAGC STREME-34
letter-probability matrix: alength= 4 w= 6 nsites= 4734 E= 5.7e-002
 0.020673 0.933873 0.024782 0.020673
 0.020673 0.933873 0.024782 0.020673
 0.020673 0.933873 0.024782 0.020673
 0.929764 0.024782 0.024782 0.020673
 0.020673 0.024782 0.933873 0.020673
 0.020673 0.933873 0.024782 0.020673

MOTIF 35-WTCTCGCGAGAW STREME-35
letter-probability matrix: alength= 4 w= 12 nsites= 81 E= 6.5e-002
 0.438797 0.172279 0.151887 0.237037
 0.007679 0.051007 0.022184 0.919131
 0.158998 0.803933 0.022184 0.014884
 0.014884 0.014978 0.043801 0.926337
 0.000473 0.998488 0.000567 0.000473
 0.017875 0.000567 0.945057 0.036501
 0.036501 0.945057 0.000567 0.017875
 0.000473 0.000567 0.998488 0.000473
 0.926337 0.043801 0.014978 0.014884
 0.014884 0.022184 0.803933 0.158998
 0.919131 0.022184 0.051007 0.007679
 0.237037 0.151887 0.172279 0.438797

MOTIF 36-CATGGCGGC STREME-36
letter-probability matrix: alength= 4 w= 9 nsites= 110 E= 7.8e-002
 0.001053 0.996631 0.001262 0.001053
 0.996422 0.001262 0.001262 0.001053
 0.001053 0.001262 0.001262 0.996422
 0.001053 0.126510 0.871384 0.001053
 0.001053 0.001262 0.996631 0.001053
 0.001053 0.996631 0.001262 0.001053
 0.001053 0.001262 0.996631 0.001053
 0.316344 0.001262 0.681340 0.001053
 0.001053 0.996631 0.001262 0.001053

MOTIF 37-AATSATTAACY STREME-37
letter-probability matrix: alength= 4 w= 11 nsites= 363 E= 9.7e-002
 0.885177 0.005667 0.061999 0.047157
 0.952640 0.011182 0.001771 0.034408
 0.015715 0.034563 0.000153 0.949569
 0.090777 0.276963 0.487952 0.144309
 0.881870 0.011844 0.025641 0.080645
 0.032617 0.016318 0.031241 0.919824
 0.004025 0.005667 0.002521 0.987787
 0.923577 0.002102 0.019637 0.054684
 0.902590 0.006230 0.060539 0.030640
 0.036817 0.888700 0.011844 0.062639
 0.104816 0.547881 0.036107 0.311197

MOTIF 38-TGASTCA STREME-38
letter-probability matrix: alength= 4 w= 7 nsites= 448 E= 1.1e-001
 0.020673 0.024782 0.024782 0.929764
 0.020673 0.024782 0.933873 0.020673
 0.929764 0.024782 0.024782 0.020673
 0.020673 0.479327 0.479327 0.020673
 0.020673 0.024782 0.024782 0.929764
 0.020673 0.933873 0.024782 0.020673
 0.929764 0.024782 0.024782 0.020673

MOTIF 39-GYCACGTGRC STREME-39
letter-probability matrix: alength= 4 w= 10 nsites= 427 E= 1.1e-001
 0.127374 0.125220 0.747226 0.000180
 0.044225 0.338522 0.081095 0.536158
 0.015076 0.928786 0.025074 0.031064
 0.963163 0.010517 0.005694 0.020626
 0.000180 0.999425 0.000215 0.000180
 0.000180 0.000215 0.999425 0.000180
 0.020626 0.005694 0.010517 0.963163
 0.031064 0.025074 0.928786 0.015076
 0.536158 0.081095 0.338522 0.044225
 0.000180 0.747226 0.125220 0.127374

MOTIF 40-AAAGAAAGAAAA STREME-40
letter-probability matrix: alength= 4 w= 12 nsites= 70 E= 1.3e-001
 0.947510 0.000634 0.035193 0.016663
 0.930560 0.052143 0.000634 0.016663
 0.901912 0.016768 0.080791 0.000529
 0.000529 0.016768 0.982173 0.000529
 0.913694 0.000634 0.036742 0.048930
 0.975372 0.000634 0.000634 0.023359
 0.836867 0.113569 0.000634 0.048930
 0.000529 0.016768 0.917639 0.065063
 0.933668 0.000634 0.065169 0.000529
 0.937854 0.000634 0.038152 0.023359
 0.982068 0.000634 0.000634 0.016663
 0.697745 0.027708 0.193350 0.081197

MOTIF 41-ACTTTGGGAGGCTRA STREME-41
letter-probability matrix: alength= 4 w= 15 nsites= 72 E= 1.3e-001
 0.955213 0.000834 0.022046 0.021907
 0.000696 0.955351 0.000834 0.043119
 0.000696 0.043257 0.000834 0.955213
 0.000696 0.022046 0.000834 0.976424
 0.021907 0.000834 0.022046 0.955213
 0.000696 0.022046 0.976563 0.000696
 0.064330 0.000834 0.912928 0.021907
 0.064330 0.000834 0.934140 0.000696
 0.955213 0.000834 0.000834 0.043119
 0.085542 0.000834 0.912928 0.000696
 0.064330 0.000834 0.934140 0.000696
 0.000696 0.976563 0.000834 0.021907
 0.043119 0.255372 0.022046 0.679463
 0.403714 0.022046 0.531121 0.043119
 0.912790 0.000834 0.064469 0.021907

MOTIF 42-ATTGCAAMAB STREME-42
letter-probability matrix: alength= 4 w= 10 nsites= 235 E= 2.0e-001
 0.998702 0.000458 0.000458 0.000382
 0.000382 0.000458 0.000458 0.998702
 0.000382 0.005293 0.000458 0.993867
 0.000382 0.000458 0.998777 0.000382
 0.000382 0.998777 0.000458 0.000382
 0.719877 0.000458 0.151131 0.128533
 0.998702 0.000458 0.000458 0.000382
 0.659338 0.330034 0.000458 0.010169
 0.931335 0.006755 0.000458 0.061451
 0.000382 0.252975 0.373208 0.373436

MOTIF 43-GCCTCAGTTTCCTCA STREME-43
letter-probability matrix: alength= 4 w= 15 nsites= 123 E= 2.1e-001
 0.059823 0.042866 0.863006 0.034304
 0.025798 0.863006 0.008841 0.102355
 0.034304 0.888525 0.000335 0.076836
 0.017292 0.059879 0.008841 0.913988
 0.008785 0.970058 0.000335 0.020822
 0.803406 0.059879 0.076892 0.059823
 0.093849 0.025854 0.845993 0.034304
 0.000279 0.148473 0.042866 0.808382
 0.008785 0.059879 0.008841 0.922495
 0.000279 0.000335 0.000335 0.999052
 0.000279 0.820474 0.008841 0.170406
 0.017292 0.871512 0.000335 0.110862
 0.051317 0.306563 0.000335 0.641785
 0.000279 0.905538 0.017347 0.076836
 0.726849 0.127930 0.059879 0.085343

MOTIF 44-CACACACACACACAC STREME-44
letter-probability matrix: alength= 4 w= 15 nsites= 219 E= 2.5e-001
 0.000236 0.896045 0.000283 0.103436
 0.999197 0.000283 0.000283 0.000236
 0.000236 0.948845 0.007483 0.043436
 0.919998 0.014683 0.050683 0.014636
 0.050636 0.793803 0.061726 0.093836
 0.915971 0.000283 0.047510 0.036236
 0.000236 0.999244 0.000283 0.000236
 0.913241 0.010471 0.033883 0.042405
 0.065036 0.790446 0.000283 0.144235
 0.957067 0.014683 0.025910 0.002340
 0.007436 0.916018 0.018710 0.057836
 0.814316 0.029083 0.099924 0.056677
 0.029036 0.956045 0.000283 0.014636
 0.962934 0.000283 0.021883 0.014900
 0.032067 0.885429 0.056641 0.025863

MOTIF 45-AGGGGGCG STREME-45
letter-probability matrix: alength= 4 w= 8 nsites= 361 E= 2.6e-001
 0.929764 0.024782 0.024782 0.020673
 0.020673 0.024782 0.933873 0.020673
 0.020673 0.024782 0.933873 0.020673
 0.020673 0.024782 0.933873 0.020673
 0.020673 0.024782 0.933873 0.020673
 0.020673 0.024782 0.933873 0.020673
 0.020673 0.933873 0.024782 0.020673
 0.020673 0.024782 0.933873 0.020673

MOTIF 46-TAAATATTTA STREME-46
letter-probability matrix: alength= 4 w= 10 nsites= 109 E= 7.1e-001
 0.000517 0.245819 0.039780 0.713884
 0.744215 0.127581 0.033666 0.094538
 0.949331 0.000620 0.027537 0.022512
 0.953489 0.032148 0.013846 0.000517
 0.000517 0.000620 0.000620 0.998243
 0.998243 0.000620 0.000620 0.000517
 0.000517 0.013846 0.032148 0.953489
 0.022512 0.027537 0.000620 0.949331
 0.094538 0.033666 0.127581 0.744215
 0.713884 0.039780 0.245819 0.000517

MOTIF 47-GATTTCATCAT STREME-47
letter-probability matrix: alength= 4 w= 11 nsites= 112 E= 7.1e-001
 0.121473 0.120443 0.705149 0.052935
 0.957522 0.029532 0.002006 0.010940
 0.001223 0.029532 0.000382 0.968862
 0.134701 0.050837 0.052998 0.761463
 0.079924 0.048966 0.014132 0.856979
 0.034406 0.804488 0.156754 0.004352
 0.838512 0.039249 0.105615 0.016624
 0.058619 0.019816 0.005635 0.915931
 0.000319 0.911530 0.029532 0.058619
 0.960050 0.019816 0.019816 0.000319
 0.039186 0.041121 0.045154 0.874540

MOTIF 48-CATTTCC STREME-48
letter-probability matrix: alength= 4 w= 7 nsites= 731 E= 8.0e-001
 0.020673 0.933873 0.024782 0.020673
 0.929764 0.024782 0.024782 0.020673
 0.020673 0.024782 0.024782 0.929764
 0.020673 0.024782 0.024782 0.929764
 0.020673 0.024782 0.024782 0.929764
 0.020673 0.933873 0.024782 0.020673
 0.020673 0.933873 0.024782 0.020673

MOTIF 49-GCCGCCGCCGCCGCC STREME-49
letter-probability matrix: alength= 4 w= 15 nsites= 310 E= 8.1e-001
 0.047088 0.030332 0.919115 0.003466
 0.000110 0.959381 0.000132 0.040376
 0.037021 0.857323 0.025013 0.080643
 0.119232 0.001810 0.878849 0.000110
 0.003466 0.882204 0.013554 0.100776
 0.064984 0.753575 0.090731 0.090709
 0.092387 0.000132 0.887237 0.020243
 0.000110 0.874100 0.008236 0.117554
 0.000110 0.786571 0.023621 0.189698
 0.107487 0.000132 0.892271 0.000110
 0.006821 0.922471 0.000132 0.070576
 0.016888 0.850612 0.006843 0.125657
 0.115876 0.000132 0.833549 0.050443
 0.000110 0.926111 0.033402 0.040376
 0.080643 0.596287 0.145116 0.177953

MOTIF 50-AATCAATRVV STREME-50
letter-probability matrix: alength= 4 w= 10 nsites= 365 E= 8.1e-001
 0.683773 0.000188 0.315881 0.000157
 0.999466 0.000188 0.000188 0.000157
 0.000157 0.000188 0.000188 0.999466
 0.000157 0.999498 0.000188 0.000157
 0.677809 0.000188 0.321845 0.000157
 0.999466 0.000188 0.000188 0.000157
 0.000157 0.000188 0.000188 0.999466
 0.594325 0.000188 0.369831 0.035656
 0.343400 0.247715 0.268808 0.140077
 0.359631 0.184067 0.307330 0.148971

MOTIF 51-GGTSACC STREME-51
letter-probability matrix: alength= 4 w= 7 nsites= 1745 E= 8.8e-001
 0.233258 0.172979 0.592650 0.001113
 0.001113 0.001335 0.996439 0.001113
 0.001113 0.001335 0.001335 0.996217
 0.031464 0.468536 0.468536 0.031464
 0.996217 0.001335 0.001335 0.001113
 0.001113 0.996439 0.001335 0.001113
 0.001113 0.592650 0.172979 0.233258

MOTIF 52-CACGTG STREME-52
letter-probability matrix: alength= 4 w= 6 nsites= 539 E= 9.4e-001
 0.020673 0.933873 0.024782 0.020673
 0.929764 0.024782 0.024782 0.020673
 0.020673 0.933873 0.024782 0.020673
 0.020673 0.024782 0.933873 0.020673
 0.020673 0.024782 0.024782 0.929764
 0.020673 0.024782 0.933873 0.020673

MOTIF 53-AGAGAGAGAGAGAG STREME-53
letter-probability matrix: alength= 4 w= 14 nsites= 269 E= 9.8e-001
 0.968250 0.031499 0.000137 0.000114
 0.000114 0.000137 0.996150 0.003599
 0.782296 0.128772 0.088817 0.000114
 0.044822 0.007106 0.920080 0.027991
 0.860971 0.014076 0.107416 0.017537
 0.010568 0.161284 0.824548 0.003599
 0.598795 0.072722 0.288591 0.039892
 0.198264 0.014076 0.787546 0.000114
 0.829662 0.092263 0.064022 0.014053
 0.135062 0.017560 0.840295 0.007084
 0.656807 0.088699 0.250895 0.003599
 0.235887 0.064307 0.692723 0.007084
 0.939129 0.046681 0.014076 0.000114
 0.159983 0.061325 0.776474 0.002218

MOTIF 54-AGTGCAGTGGCR STREME-54
letter-probability matrix: alength= 4 w= 12 nsites= 95 E= 1.3e+000
 0.998304 0.000598 0.000598 0.000499
 0.037248 0.046249 0.916004 0.000499
 0.000499 0.000598 0.000598 0.998304
 0.037248 0.000598 0.916004 0.046150
 0.000499 0.952753 0.000598 0.046150
 0.998304 0.000598 0.000598 0.000499
 0.030933 0.000598 0.967970 0.000499
 0.000499 0.000598 0.000598 0.998304
 0.000499 0.015815 0.967970 0.015716
 0.030933 0.000598 0.967970 0.000499
 0.000499 0.741049 0.000598 0.257853
 0.573565 0.000598 0.364470 0.061366

MOTIF 55-ATTTCACAA STREME-55
letter-probability matrix: alength= 4 w= 9 nsites= 268 E= 1.4e+000
 0.998251 0.000617 0.000617 0.000515
 0.000515 0.000617 0.000617 0.998251
 0.006169 0.000617 0.000617 0.992597
 0.113071 0.000617 0.294442 0.591870
 0.000515 0.998353 0.000617 0.000515
 0.955440 0.000617 0.043428 0.000515
 0.000515 0.905544 0.000617 0.093324
 0.985951 0.000617 0.003339 0.010093
 0.998251 0.000617 0.000617 0.000515

MOTIF 56-GCGGCTGCAG STREME-56
letter-probability matrix: alength= 4 w= 10 nsites= 448 E= 1.4e+000
 0.000397 0.000476 0.998730 0.000397
 0.000397 0.937714 0.061492 0.000397
 0.147515 0.000476 0.795451 0.056558
 0.031147 0.039096 0.913432 0.016325
 0.000397 0.998730 0.000476 0.000397
 0.061786 0.037286 0.000476 0.900452
 0.018079 0.000476 0.981048 0.000397
 0.000397 0.953516 0.045690 0.000397
 0.866046 0.033438 0.027958 0.072558
 0.000397 0.042051 0.859342 0.098209

MOTIF 57-CAGGGTCA STREME-57
letter-probability matrix: alength= 4 w= 8 nsites= 303 E= 1.4e+000
 0.020673 0.933873 0.024782 0.020673
 0.929764 0.024782 0.024782 0.020673
 0.020673 0.024782 0.933873 0.020673
 0.020673 0.024782 0.933873 0.020673
 0.020673 0.024782 0.933873 0.020673
 0.020673 0.024782 0.024782 0.929764
 0.020673 0.933873 0.024782 0.020673
 0.929764 0.024782 0.024782 0.020673

MOTIF 58-DGTTAAWNWTTAACH STREME-58
letter-probability matrix: alength= 4 w= 15 nsites= 192 E= 1.6e+000
 0.381093 0.066463 0.336965 0.215479
 0.171315 0.005738 0.797924 0.025023
 0.000181 0.014018 0.000217 0.985584
 0.060906 0.058182 0.000217 0.880695
 0.897256 0.000217 0.102346 0.000181
 0.588110 0.237597 0.063702 0.110590
 0.383853 0.044381 0.058182 0.513584
 0.182356 0.317644 0.317644 0.182356
 0.513584 0.058182 0.044381 0.383853
 0.110590 0.063702 0.237597 0.588110
 0.000181 0.102346 0.000217 0.897256
 0.880695 0.000217 0.058182 0.060906
 0.985584 0.000217 0.014018 0.000181
 0.025023 0.797924 0.005738 0.171315
 0.215479 0.336965 0.066463 0.381093

MOTIF 59-CAAAGTCC STREME-59
letter-probability matrix: alength= 4 w= 8 nsites= 1174 E= 1.8e+000
 0.000241 0.999229 0.000289 0.000241
 0.999181 0.000289 0.000289 0.000241
 0.999181 0.000289 0.000289 0.000241
 0.648581 0.042730 0.308447 0.000241
 0.000241 0.000289 0.999229 0.000241
 0.000241 0.000289 0.000289 0.999181
 0.137285 0.862185 0.000289 0.000241
 0.230940 0.532465 0.000289 0.236307

MOTIF 60-GAATGAATGAA STREME-60
letter-probability matrix: alength= 4 w= 11 nsites= 28 E= 2.1e+000
 0.020673 0.024782 0.933873 0.020673
 0.929764 0.024782 0.024782 0.020673
 0.929764 0.024782 0.024782 0.020673
 0.020673 0.024782 0.024782 0.929764
 0.020673 0.024782 0.933873 0.020673
 0.929764 0.024782 0.024782 0.020673
 0.929764 0.024782 0.024782 0.020673
 0.020673 0.024782 0.024782 0.929764
 0.020673 0.024782 0.933873 0.020673
 0.929764 0.024782 0.024782 0.020673
 0.929764 0.024782 0.024782 0.020673

MOTIF 61-AGCCTCAGCAATG STREME-61
letter-probability matrix: alength= 4 w= 13 nsites= 32 E= 2.1e+000
 0.929764 0.024782 0.024782 0.020673
 0.020673 0.024782 0.933873 0.020673
 0.020673 0.933873 0.024782 0.020673
 0.020673 0.933873 0.024782 0.020673
 0.020673 0.024782 0.024782 0.929764
 0.020673 0.933873 0.024782 0.020673
 0.929764 0.024782 0.024782 0.020673
 0.020673 0.024782 0.933873 0.020673
 0.020673 0.933873 0.024782 0.020673
 0.929764 0.024782 0.024782 0.020673
 0.929764 0.024782 0.024782 0.020673
 0.020673 0.024782 0.024782 0.929764
 0.020673 0.024782 0.933873 0.020673

MOTIF 62-GGGAAGAGGGAG STREME-62
letter-probability matrix: alength= 4 w= 12 nsites= 525 E= 2.4e+000
 0.030727 0.018220 0.947740 0.003313
 0.026102 0.074515 0.809747 0.089636
 0.034773 0.051433 0.889054 0.024740
 0.804848 0.069661 0.040439 0.085053
 0.644286 0.197389 0.143866 0.014459
 0.000101 0.002121 0.981047 0.016731
 0.873279 0.067939 0.012691 0.046091
 0.095384 0.060620 0.821942 0.022054
 0.051125 0.099501 0.840059 0.009314
 0.172814 0.057771 0.723247 0.046168
 0.860318 0.052584 0.006194 0.080904
 0.112339 0.077409 0.797867 0.012385

MOTIF 63-CAAACA STREME-63
letter-probability matrix: alength= 4 w= 6 nsites= 2015 E= 2.6e+000
 0.020673 0.933873 0.024782 0.020673
 0.929764 0.024782 0.024782 0.020673
 0.929764 0.024782 0.024782 0.020673
 0.929764 0.024782 0.024782 0.020673
 0.020673 0.933873 0.024782 0.020673
 0.929764 0.024782 0.024782 0.020673

MOTIF 64-AACCACTCGGCCACS STREME-64
letter-probability matrix: alength= 4 w= 15 nsites= 48 E= 8.3e+000
 0.696102 0.000912 0.232692 0.070295
 0.904704 0.047268 0.024090 0.023938
 0.000760 0.974390 0.000912 0.023938
 0.023938 0.951212 0.024090 0.000760
 0.765636 0.000912 0.186336 0.047116
 0.023938 0.951212 0.024090 0.000760
 0.047116 0.024090 0.000912 0.927882
 0.070295 0.858499 0.000912 0.070295
 0.023938 0.024090 0.951212 0.000760
 0.093473 0.000912 0.858499 0.047116
 0.047116 0.951212 0.000912 0.000760
 0.000760 0.928034 0.047268 0.023938
 0.927882 0.024090 0.024090 0.023938
 0.000760 0.765787 0.024090 0.209363
 0.000760 0.603541 0.371760 0.023938

MOTIF 65-AGGCTGGAGTGCA STREME-65
letter-probability matrix: alength= 4 w= 13 nsites= 39 E= 1.7e+001
 0.945241 0.001020 0.001020 0.052719
 0.000851 0.026954 0.971344 0.000851
 0.000851 0.026954 0.893542 0.078653
 0.000851 0.919476 0.052888 0.026785
 0.026785 0.026954 0.001020 0.945241
 0.026785 0.001020 0.945410 0.026785
 0.052719 0.026954 0.919476 0.000851
 0.997109 0.001020 0.001020 0.000851
 0.104587 0.001020 0.893542 0.000851
 0.011614 0.001020 0.052888 0.934478
 0.026785 0.052888 0.919476 0.000851
 0.000851 0.971344 0.001020 0.026785
 0.945241 0.026954 0.001020 0.026785

MOTIF 66-ACCTTTGCTCT STREME-66
letter-probability matrix: alength= 4 w= 11 nsites= 113 E= 1.8e+001
 0.922252 0.000852 0.000852 0.076043
 0.069894 0.928543 0.000852 0.000711
 0.061180 0.915587 0.022522 0.000711
 0.000711 0.065860 0.000852 0.932576
 0.000711 0.068938 0.000852 0.929499
 0.000711 0.000852 0.065860 0.932576
 0.034094 0.000852 0.964343 0.000711
 0.000711 0.945394 0.053185 0.000711
 0.087389 0.063822 0.000852 0.847937
 0.000711 0.997726 0.000852 0.000711
 0.087389 0.087530 0.022522 0.802560

********************************************************************************
Stopped because 3 consecutive motifs exceeded the p-value threshold (0.05).
********************************************************************************
COMMAND:	streme --verbosity 1 --oc meme_out_incomplete_DL/HepG2_ETV4-human_ENCFF231DZR/streme_out -dna --seed 0 --p meme_out_incomplete_DL/HepG2_ETV4-human_ENCFF231DZR/seqs-centered --minw 6 --maxw 15 --time 6180 --order 2 --thresh 0.05 --align center --totallength 4000000 --parse-genomic-coord
********************************************************************************
CPU:		9f05ee173ae9
********************************************************************************
FINALTIME:	2815.54 seconds
********************************************************************************
