********************************************************************************
STREME - Sensitive, Thorough, Rapid, Enriched Motif Elicitation
********************************************************************************
MEME version 5.5.3 (Release date: Sat Jun 10 16:19:38 2023 -0700)

For further information on how to interpret these results please access http://localhost:8080/meme_5.5.3.
To get a copy of the MEME Suite software please access https://meme-suite.org.

********************************************************************************


********************************************************************************
REFERENCE
********************************************************************************
If you use this program in your research, please cite:

Timothy L. Bailey,
"STREME: accurate and versatile sequence motif discovery",
Bioinformatics, Mar. 24, 2021.
********************************************************************************


ALPHABET= ACGT

strands: + -

Background letter frequencies
A 0.191 C 0.309 G 0.309 T 0.191 

MOTIF 1-CCCTCCCCRCCCC STREME-1
letter-probability matrix: alength= 4 w= 13 nsites= 534 E= 8.1e-007
 0.025887 0.929171 0.000105 0.044837
 0.004760 0.910762 0.015363 0.069115
 0.225796 0.534539 0.152169 0.087496
 0.214469 0.000105 0.256685 0.528741
 0.004760 0.915258 0.075223 0.004760
 0.000065 0.962387 0.002452 0.035096
 0.000065 0.996444 0.000105 0.003386
 0.013071 0.943332 0.029448 0.014149
 0.601640 0.001079 0.325889 0.071393
 0.123559 0.628044 0.162474 0.085923
 0.085999 0.798576 0.069731 0.045694
 0.011802 0.663932 0.104585 0.219681
 0.053657 0.832529 0.009495 0.104319

MOTIF 2-GCCCCGCCCM STREME-2
letter-probability matrix: alength= 4 w= 10 nsites= 211 E= 4.4e-003
 0.005850 0.042252 0.943044 0.008855
 0.000237 0.920534 0.000384 0.078844
 0.099380 0.763958 0.009002 0.127660
 0.092567 0.900348 0.000384 0.006700
 0.000237 0.999141 0.000384 0.000237
 0.100369 0.000384 0.899010 0.000237
 0.108026 0.854626 0.010455 0.026892
 0.035251 0.933271 0.031241 0.000237
 0.008855 0.835477 0.071689 0.083980
 0.574977 0.413234 0.011552 0.000237

MOTIF 3-AAGATGGCGGC STREME-3
letter-probability matrix: alength= 4 w= 11 nsites= 116 E= 3.1e-002
 0.870581 0.000382 0.051750 0.077288
 0.853458 0.137363 0.000382 0.008797
 0.226383 0.171608 0.589658 0.012350
 0.999001 0.000382 0.000382 0.000236
 0.000236 0.034627 0.000382 0.964755
 0.017358 0.034627 0.947779 0.000236
 0.000236 0.000382 0.999147 0.000236
 0.000236 0.862166 0.000382 0.137217
 0.012350 0.034627 0.863620 0.089402
 0.149331 0.240099 0.504045 0.106525
 0.154339 0.661702 0.000382 0.183577

MOTIF 4-CCCTCCCCCACC STREME-4
letter-probability matrix: alength= 4 w= 12 nsites= 243 E= 3.7e-002
 0.122656 0.767350 0.087703 0.022291
 0.013129 0.951341 0.035352 0.000178
 0.070304 0.795335 0.006764 0.127596
 0.234583 0.000289 0.061252 0.703875
 0.000178 0.908703 0.090941 0.000178
 0.051979 0.912491 0.035352 0.000178
 0.056370 0.883687 0.000289 0.059654
 0.018503 0.901309 0.013239 0.066948
 0.000178 0.999355 0.000289 0.000178
 0.842274 0.000289 0.122575 0.034862
 0.190357 0.701110 0.024031 0.084502
 0.071405 0.772965 0.000289 0.155341

MOTIF 5-GCCGCCGCCTCC STREME-5
letter-probability matrix: alength= 4 w= 12 nsites= 78 E= 6.1e-002
 0.048655 0.000717 0.950186 0.000442
 0.016513 0.927445 0.039528 0.016513
 0.000442 0.979232 0.003813 0.016513
 0.011156 0.016788 0.907331 0.064725
 0.032584 0.918044 0.016788 0.032584
 0.000442 0.939289 0.032858 0.027410
 0.016513 0.027685 0.955360 0.000442
 0.032584 0.869832 0.048929 0.048655
 0.048655 0.837691 0.097142 0.016513
 0.048655 0.007387 0.186093 0.757866
 0.032584 0.917393 0.024823 0.025200
 0.016513 0.805549 0.145354 0.032584

MOTIF 6-CCACTTCCGSC STREME-6
letter-probability matrix: alength= 4 w= 11 nsites= 406 E= 1.7e-001
 0.001615 0.699942 0.070896 0.227547
 0.072796 0.745592 0.061721 0.119891
 0.806450 0.029353 0.103285 0.060912
 0.000100 0.974095 0.000163 0.025642
 0.027156 0.100762 0.051949 0.820132
 0.054970 0.001677 0.011812 0.931541
 0.000100 0.999636 0.000163 0.000100
 0.029374 0.947576 0.007460 0.015590
 0.080649 0.071584 0.631173 0.216594
 0.034820 0.600134 0.332106 0.032940
 0.101647 0.637263 0.049112 0.211978

MOTIF 7-AGCAGCAGCAGCAG STREME-7
letter-probability matrix: alength= 4 w= 14 nsites= 100 E= 1.8e-001
 0.839430 0.149182 0.000474 0.010914
 0.074646 0.032340 0.871477 0.021536
 0.021536 0.913965 0.042962 0.021536
 0.690722 0.117316 0.053584 0.138378
 0.117134 0.074828 0.807745 0.000292
 0.010914 0.903343 0.064206 0.021536
 0.839430 0.096072 0.064206 0.000292
 0.042780 0.011096 0.913965 0.032158
 0.021536 0.977697 0.000474 0.000292
 0.605746 0.234158 0.117316 0.042780
 0.117134 0.074828 0.627172 0.180866
 0.010914 0.828989 0.138560 0.021536
 0.828808 0.074828 0.096072 0.000292
 0.106512 0.096072 0.775879 0.021536

MOTIF 8-GACCCAGAK STREME-8
letter-probability matrix: alength= 4 w= 9 nsites= 121 E= 3.3e-001
 0.000580 0.000940 0.887566 0.110915
 0.997541 0.000940 0.000940 0.000580
 0.000580 0.997901 0.000940 0.000580
 0.000580 0.903937 0.094904 0.000580
 0.105901 0.700010 0.109252 0.084837
 0.997541 0.000940 0.000940 0.000580
 0.053624 0.149116 0.796680 0.000580
 0.997541 0.000940 0.000940 0.000580
 0.054380 0.058851 0.488145 0.398624

MOTIF 9-CCCAGCTCCG STREME-9
letter-probability matrix: alength= 4 w= 10 nsites= 561 E= 3.9e-001
 0.039298 0.930358 0.005810 0.024534
 0.031410 0.887708 0.068317 0.012566
 0.020061 0.904583 0.035329 0.040027
 0.938553 0.002492 0.035316 0.023638
 0.043250 0.007823 0.910791 0.038136
 0.063452 0.822518 0.067184 0.046845
 0.039231 0.046142 0.025718 0.888909
 0.064478 0.892719 0.031560 0.011244
 0.113648 0.665277 0.125644 0.095431
 0.151299 0.181006 0.560597 0.107098

MOTIF 10-CCTCCCTC STREME-10
letter-probability matrix: alength= 4 w= 8 nsites= 178 E= 4.9e-001
 0.017345 0.937200 0.028109 0.017345
 0.017345 0.937200 0.028109 0.017345
 0.017345 0.028109 0.028109 0.926436
 0.017345 0.937200 0.028109 0.017345
 0.017345 0.937200 0.028109 0.017345
 0.017345 0.937200 0.028109 0.017345
 0.017345 0.028109 0.028109 0.926436
 0.017345 0.937200 0.028109 0.017345

MOTIF 11-CAGGCTGGGGA STREME-11
letter-probability matrix: alength= 4 w= 11 nsites= 99 E= 5.1e-001
 0.066525 0.848600 0.062298 0.022578
 0.865595 0.066900 0.022953 0.044551
 0.022578 0.022953 0.953864 0.000605
 0.009725 0.088873 0.891678 0.009725
 0.066525 0.895018 0.037853 0.000605
 0.061922 0.000980 0.010100 0.926998
 0.022578 0.000980 0.938964 0.037478
 0.000605 0.022953 0.953864 0.022578
 0.022578 0.000980 0.953864 0.022578
 0.053671 0.037853 0.863925 0.044551
 0.826251 0.062298 0.022953 0.088498

MOTIF 12-AAAYAAA STREME-12
letter-probability matrix: alength= 4 w= 7 nsites= 242 E= 5.2e-001
 0.859317 0.000637 0.129681 0.010365
 0.978946 0.000637 0.000637 0.019779
 0.795771 0.000637 0.056596 0.146995
 0.000393 0.665186 0.000637 0.333783
 0.998332 0.000637 0.000637 0.000393
 0.998332 0.000637 0.000637 0.000393
 0.730957 0.067992 0.076526 0.124526

MOTIF 13-AAGGTCACA STREME-13
letter-probability matrix: alength= 4 w= 9 nsites= 84 E= 8.4e-001
 0.839887 0.000880 0.000880 0.158353
 0.997697 0.000880 0.000880 0.000543
 0.141429 0.020606 0.837422 0.000543
 0.000543 0.000880 0.998034 0.000543
 0.112550 0.120423 0.000880 0.766147
 0.000543 0.978308 0.000880 0.020269
 0.997697 0.000880 0.000880 0.000543
 0.063522 0.875876 0.000880 0.059722
 0.613494 0.083585 0.240397 0.062523

MOTIF 14-GCGCMKGCGC STREME-14
letter-probability matrix: alength= 4 w= 10 nsites= 80 E= 2.2e+000
 0.115568 0.000855 0.873462 0.010115
 0.000528 0.998089 0.000855 0.000528
 0.000528 0.000855 0.998089 0.000528
 0.010114 0.920257 0.000855 0.068773
 0.575187 0.345994 0.059118 0.019701
 0.019701 0.059118 0.345994 0.575187
 0.068773 0.000855 0.920257 0.010114
 0.000528 0.998089 0.000855 0.000528
 0.000528 0.000855 0.998089 0.000528
 0.010115 0.873462 0.000855 0.115568

MOTIF 15-CAATCACACACAC STREME-15
letter-probability matrix: alength= 4 w= 13 nsites= 160 E= 7.6e+000
 0.007290 0.956727 0.007411 0.028573
 0.814720 0.128014 0.042882 0.014384
 0.603212 0.226012 0.064165 0.106610
 0.222947 0.116770 0.156391 0.503892
 0.049856 0.899973 0.014505 0.035667
 0.914040 0.028694 0.014505 0.042761
 0.021478 0.829029 0.071260 0.078233
 0.850191 0.035788 0.042882 0.071138
 0.049856 0.793558 0.128014 0.028573
 0.658645 0.149297 0.057071 0.134987
 0.049856 0.843218 0.064165 0.042761
 0.729208 0.088393 0.085448 0.096951
 0.078233 0.786463 0.078354 0.056950

********************************************************************************
Stopped because 3 consecutive motifs exceeded the p-value threshold (0.05).
********************************************************************************
COMMAND:	streme --verbosity 1 --oc meme_out_incomplete_DL/HepG2_HNRNPH1-human_ENCFF719JYX/streme_out -dna --seed 0 --p meme_out_incomplete_DL/HepG2_HNRNPH1-human_ENCFF719JYX/seqs-centered --minw 6 --maxw 15 --time 6191 --order 2 --thresh 0.05 --align center --totallength 4000000 --parse-genomic-coord
********************************************************************************
CPU:		9f05ee173ae9
********************************************************************************
FINALTIME:	142.77 seconds
********************************************************************************
