********************************************************************************
STREME - Sensitive, Thorough, Rapid, Enriched Motif Elicitation
********************************************************************************
MEME version 5.5.3 (Release date: Sat Jun 10 16:19:38 2023 -0700)

For further information on how to interpret these results please access http://localhost:8080/meme_5.5.3.
To get a copy of the MEME Suite software please access https://meme-suite.org.

********************************************************************************


********************************************************************************
REFERENCE
********************************************************************************
If you use this program in your research, please cite:

Timothy L. Bailey,
"STREME: accurate and versatile sequence motif discovery",
Bioinformatics, Mar. 24, 2021.
********************************************************************************


ALPHABET= ACGT

strands: + -

Background letter frequencies
A 0.278 C 0.222 G 0.222 T 0.278 

MOTIF 1-KATTGCRYMAY STREME-1
letter-probability matrix: alength= 4 w= 11 nsites= 17748 E= 5.3e-587
 0.106541 0.088456 0.481473 0.323530
 0.691124 0.090263 0.215205 0.003408
 0.000003 0.000002 0.000002 0.999992
 0.000003 0.000915 0.000002 0.999079
 0.057062 0.000002 0.879479 0.063456
 0.000003 0.999991 0.000002 0.000003
 0.526189 0.041958 0.359348 0.072505
 0.092153 0.528024 0.000002 0.379821
 0.527780 0.472215 0.000002 0.000003
 0.999992 0.000002 0.000002 0.000003
 0.001713 0.452154 0.072665 0.473469

MOTIF 2-GCACTCCAGCCTGGG STREME-2
letter-probability matrix: alength= 4 w= 15 nsites= 3264 E= 2.1e-085
 0.054975 0.006218 0.924296 0.014511
 0.008440 0.925982 0.002033 0.063544
 0.944202 0.019900 0.025434 0.010464
 0.004733 0.926644 0.009787 0.058836
 0.005589 0.012961 0.006078 0.975372
 0.009789 0.937449 0.024286 0.028476
 0.007906 0.923971 0.003044 0.065078
 0.974880 0.003381 0.014309 0.007429
 0.026988 0.012147 0.951045 0.009820
 0.009789 0.939809 0.006416 0.043986
 0.008104 0.942435 0.008578 0.040883
 0.010126 0.017876 0.005067 0.966931
 0.057567 0.012483 0.920161 0.009789
 0.067466 0.010461 0.906076 0.015997
 0.057633 0.037921 0.875435 0.029012

MOTIF 3-CCTCAGCCTCCYRAG STREME-3
letter-probability matrix: alength= 4 w= 15 nsites= 3465 E= 7.1e-084
 0.012752 0.910026 0.037320 0.039902
 0.004790 0.939637 0.006379 0.049193
 0.001605 0.007017 0.002239 0.989139
 0.002242 0.939947 0.000010 0.057801
 0.712062 0.138581 0.075967 0.073390
 0.101887 0.002558 0.890765 0.004790
 0.019762 0.945181 0.005743 0.029315
 0.005427 0.956072 0.001921 0.036580
 0.006064 0.008609 0.000966 0.984362
 0.007337 0.951209 0.004150 0.037304
 0.005745 0.946136 0.005106 0.043013
 0.025627 0.625882 0.019123 0.329369
 0.375001 0.021024 0.587586 0.016389
 0.742900 0.003008 0.244207 0.009885
 0.115627 0.008291 0.865561 0.010522

MOTIF 4-TAGCTGGGAYTACA STREME-4
letter-probability matrix: alength= 4 w= 14 nsites= 2721 E= 1.9e-075
 0.009686 0.034278 0.119908 0.836128
 0.863483 0.003851 0.018288 0.114378
 0.024744 0.008073 0.956036 0.011147
 0.004238 0.947971 0.013224 0.034568
 0.004238 0.008073 0.001164 0.986525
 0.075268 0.003851 0.913188 0.007692
 0.065312 0.009609 0.912779 0.012299
 0.059181 0.004826 0.928683 0.007309
 0.974240 0.002315 0.018823 0.004622
 0.007693 0.463290 0.006154 0.522863
 0.007693 0.077225 0.006697 0.908385
 0.963874 0.002699 0.029957 0.003470
 0.008236 0.887514 0.012296 0.091954
 0.958726 0.008457 0.022053 0.010764

MOTIF 5-TTGCAGTGAGCYRA STREME-5
letter-probability matrix: alength= 4 w= 14 nsites= 2871 E= 6.8e-067
 0.006128 0.260506 0.002686 0.730679
 0.001925 0.008194 0.009946 0.979935
 0.056339 0.002687 0.923766 0.017208
 0.003454 0.943633 0.001317 0.051597
 0.925628 0.008800 0.056946 0.008627
 0.036630 0.004597 0.952645 0.006128
 0.003072 0.015453 0.005361 0.976115
 0.037459 0.010710 0.947231 0.004600
 0.984679 0.001922 0.010709 0.002690
 0.038605 0.015071 0.938286 0.008038
 0.005904 0.945926 0.004215 0.043955
 0.031517 0.615230 0.020646 0.332607
 0.395871 0.008418 0.587796 0.007915
 0.731959 0.009999 0.019498 0.238543

MOTIF 6-YGTCTCAAAAAAAA STREME-6
letter-probability matrix: alength= 4 w= 14 nsites= 2870 E= 9.8e-067
 0.008801 0.430380 0.007378 0.553441
 0.249420 0.005521 0.739730 0.005329
 0.001606 0.022212 0.000013 0.976168
 0.003216 0.979959 0.002513 0.014312
 0.002604 0.000013 0.000830 0.996552
 0.029444 0.944279 0.000830 0.025447
 0.865308 0.027754 0.009750 0.097187
 0.962081 0.001648 0.026038 0.010234
 0.920097 0.053960 0.018980 0.006963
 0.921839 0.024923 0.014824 0.038414
 0.923639 0.044411 0.012150 0.019801
 0.878555 0.060309 0.020856 0.040279
 0.904825 0.037898 0.018742 0.038535
 0.890939 0.039584 0.029848 0.039629

MOTIF 7-GGAGAATCGCTTGA STREME-7
letter-probability matrix: alength= 4 w= 14 nsites= 2856 E= 6.4e-064
 0.058461 0.034984 0.877209 0.029347
 0.074053 0.008521 0.908515 0.008911
 0.959186 0.008908 0.011615 0.020291
 0.036921 0.005040 0.947194 0.010845
 0.663406 0.005427 0.324577 0.006590
 0.978105 0.007010 0.012389 0.002496
 0.001949 0.031381 0.001946 0.964724
 0.020515 0.594325 0.131796 0.253363
 0.311872 0.027251 0.631076 0.029801
 0.004270 0.929624 0.006587 0.059519
 0.024774 0.055872 0.087921 0.831433
 0.005043 0.011229 0.015870 0.967858
 0.030571 0.014096 0.951289 0.004043
 0.988583 0.002333 0.005587 0.003496

MOTIF 8-GACAGAGYRAGACTC STREME-8
letter-probability matrix: alength= 4 w= 15 nsites= 2394 E= 1.3e-053
 0.232414 0.010279 0.748891 0.008417
 0.978297 0.003747 0.012612 0.005344
 0.007483 0.936963 0.010745 0.044808
 0.978024 0.000481 0.013078 0.008417
 0.046675 0.070005 0.873776 0.009543
 0.963094 0.003747 0.018677 0.014482
 0.046868 0.007480 0.941435 0.004218
 0.018682 0.608397 0.037648 0.335273
 0.387948 0.032402 0.566568 0.013082
 0.979424 0.000948 0.011678 0.007950
 0.057986 0.009812 0.926585 0.005617
 0.964574 0.004214 0.025129 0.006084
 0.012149 0.886730 0.009812 0.091309
 0.027272 0.277686 0.012145 0.682897
 0.011876 0.887392 0.028942 0.071790

MOTIF 9-GCCACCAYGCCYRGC STREME-9
letter-probability matrix: alength= 4 w= 15 nsites= 1500 E= 3.5e-039
 0.210140 0.007247 0.773916 0.008698
 0.007253 0.921601 0.009414 0.061732
 0.008698 0.954109 0.000023 0.037171
 0.972474 0.008692 0.015915 0.002919
 0.003641 0.958743 0.003635 0.033981
 0.011164 0.829061 0.010136 0.149638
 0.726466 0.005080 0.259034 0.009420
 0.023868 0.603273 0.013026 0.359832
 0.275071 0.013748 0.680089 0.031092
 0.020978 0.916544 0.007247 0.055231
 0.005808 0.936349 0.004357 0.053486
 0.024590 0.617020 0.015193 0.343196
 0.378521 0.013026 0.588919 0.019533
 0.029647 0.012304 0.952664 0.005385
 0.015921 0.946463 0.005802 0.031814

MOTIF 10-AAAAAAAAAAAAA STREME-10
letter-probability matrix: alength= 4 w= 13 nsites= 2182 E= 9.9e-018
 0.999894 0.000032 0.000032 0.000041
 0.999894 0.000032 0.000032 0.000041
 0.970065 0.015880 0.003665 0.010390
 0.683101 0.248472 0.039078 0.029349
 0.873212 0.010357 0.087597 0.028835
 0.850848 0.001488 0.001305 0.146358
 0.957372 0.005581 0.036094 0.000953
 0.790708 0.185791 0.020672 0.002829
 0.852822 0.127512 0.010958 0.008707
 0.807223 0.023724 0.064611 0.104443
 0.829370 0.008648 0.161154 0.000828
 0.999894 0.000032 0.000032 0.000041
 0.999894 0.000032 0.000032 0.000041

MOTIF 11-TGTGAATRTACTWAA STREME-11
letter-probability matrix: alength= 4 w= 15 nsites= 451 E= 1.0e-014
 0.008438 0.072250 0.011190 0.908122
 0.120608 0.002864 0.859764 0.016764
 0.005662 0.019517 0.016741 0.958080
 0.094477 0.005640 0.883120 0.016764
 0.977508 0.005640 0.011190 0.005662
 0.944203 0.030618 0.019517 0.005662
 0.001263 0.047271 0.022292 0.929174
 0.336319 0.002864 0.641277 0.019539
 0.019539 0.036171 0.011190 0.933099
 0.902572 0.019517 0.075025 0.002887
 0.077826 0.787595 0.016742 0.117838
 0.008438 0.025068 0.000089 0.966406
 0.362094 0.027843 0.041720 0.568342
 0.969181 0.008415 0.016741 0.005662
 0.941428 0.011190 0.038944 0.008438

MOTIF 12-CCAGGAGTTCRAGR STREME-12
letter-probability matrix: alength= 4 w= 14 nsites= 571 E= 1.2e-010
 0.015476 0.670624 0.003911 0.309989
 0.003927 0.926641 0.001986 0.067446
 0.938205 0.001986 0.023159 0.036650
 0.028950 0.013535 0.953588 0.003927
 0.067448 0.003911 0.920066 0.008575
 0.980551 0.001986 0.015460 0.002002
 0.074819 0.001986 0.915419 0.007776
 0.065201 0.035508 0.177151 0.722140
 0.000077 0.005836 0.000062 0.994025
 0.007777 0.667420 0.146353 0.178450
 0.452144 0.056682 0.489172 0.002002
 0.967698 0.009686 0.022540 0.000077
 0.034724 0.007761 0.953588 0.003927
 0.469772 0.000062 0.492718 0.037448

MOTIF 13-ACAAGAGYGAAACTC STREME-13
letter-probability matrix: alength= 4 w= 15 nsites= 390 E= 2.2e-010
 0.964779 0.003273 0.022305 0.009643
 0.012815 0.939377 0.019133 0.028675
 0.980638 0.003273 0.015962 0.000127
 0.974294 0.003273 0.015961 0.006471
 0.057225 0.015961 0.920343 0.006471
 0.990154 0.000102 0.006445 0.003299
 0.031847 0.006445 0.958408 0.003299
 0.031849 0.596662 0.031821 0.339668
 0.273044 0.012789 0.698180 0.015987
 0.980638 0.006445 0.006445 0.006471
 0.907681 0.012789 0.069887 0.009643
 0.977466 0.006445 0.015961 0.000127
 0.006471 0.942548 0.009617 0.041364
 0.009643 0.003273 0.006445 0.980638
 0.006471 0.936205 0.012789 0.044535

MOTIF 14-ACTGAAYTGTACAC STREME-14
letter-probability matrix: alength= 4 w= 14 nsites= 450 E= 1.1e-009
 0.939303 0.009229 0.042222 0.009247
 0.025269 0.814347 0.013806 0.146578
 0.045868 0.034405 0.016094 0.903632
 0.075623 0.021623 0.881113 0.021641
 0.947119 0.009229 0.016095 0.027558
 0.949797 0.019333 0.020673 0.010197
 0.025268 0.499631 0.005601 0.469501
 0.004669 0.041272 0.013806 0.940252
 0.152107 0.013806 0.821601 0.012486
 0.029847 0.108600 0.019333 0.842220
 0.908597 0.006940 0.051377 0.033086
 0.026218 0.778107 0.000073 0.195602
 0.918703 0.030778 0.034406 0.016113
 0.022980 0.814344 0.020673 0.142003

MOTIF 15-CAYGCCTGTAATCC STREME-15
letter-probability matrix: alength= 4 w= 14 nsites= 290 E= 2.4e-007
 0.000158 0.908800 0.047478 0.043564
 0.944345 0.004072 0.051424 0.000158
 0.029418 0.526661 0.001764 0.442157
 0.229057 0.019856 0.723307 0.027780
 0.019888 0.928530 0.000126 0.051455
 0.004104 0.971935 0.000126 0.023834
 0.008050 0.029385 0.004072 0.958493
 0.169839 0.035640 0.790417 0.004104
 0.011996 0.043532 0.009655 0.934816
 0.971967 0.008018 0.015910 0.004104
 0.869373 0.015910 0.098775 0.015942
 0.008050 0.015910 0.011964 0.964076
 0.004104 0.967989 0.004072 0.023834
 0.019888 0.885124 0.000126 0.094862

MOTIF 16-CCCCRCCCC STREME-16
letter-probability matrix: alength= 4 w= 9 nsites= 1770 E= 1.5e-006
 0.025412 0.957135 0.007523 0.009930
 0.005241 0.921629 0.008940 0.064190
 0.010084 0.984607 0.001157 0.004152
 0.104310 0.800371 0.004208 0.091110
 0.297473 0.000063 0.529902 0.172563
 0.012043 0.978046 0.003873 0.006038
 0.002113 0.997745 0.000063 0.000079
 0.000079 0.948553 0.001708 0.049660
 0.082176 0.834449 0.027873 0.055502

MOTIF 17-AGAACATTTTCATCA STREME-17
letter-probability matrix: alength= 4 w= 15 nsites= 341 E= 2.2e-006
 0.969566 0.012145 0.015157 0.003133
 0.179084 0.027205 0.778530 0.015181
 0.942457 0.003108 0.042265 0.012169
 0.954505 0.006120 0.033229 0.006145
 0.012169 0.899015 0.012145 0.076672
 0.665853 0.024193 0.027205 0.282750
 0.003133 0.048289 0.015157 0.933422
 0.012169 0.030217 0.024193 0.933422
 0.018193 0.048290 0.022430 0.911087
 0.018193 0.141663 0.012145 0.827999
 0.025467 0.862869 0.003108 0.108555
 0.918361 0.015157 0.039253 0.027229
 0.012169 0.024193 0.018169 0.945470
 0.006145 0.827973 0.012145 0.153737
 0.788840 0.030217 0.033229 0.147714

MOTIF 18-AACATAAAATTTACC STREME-18
letter-probability matrix: alength= 4 w= 15 nsites= 322 E= 4.2e-006
 0.805427 0.086932 0.016378 0.091263
 0.726265 0.201897 0.035906 0.035932
 0.006640 0.879210 0.016378 0.097772
 0.973623 0.009868 0.016378 0.000131
 0.000131 0.032652 0.013123 0.954095
 0.900670 0.009868 0.086077 0.003385
 0.882492 0.097745 0.006614 0.013149
 0.928058 0.048924 0.019632 0.003385
 0.926707 0.009868 0.045670 0.017754
 0.003385 0.039161 0.022887 0.934567
 0.006640 0.029396 0.068453 0.895511
 0.101029 0.226031 0.042415 0.630526
 0.934566 0.006614 0.058690 0.000131
 0.000131 0.836898 0.006614 0.156358
 0.042442 0.815165 0.019632 0.122761

MOTIF 19-RVTGASTCABY STREME-19
letter-probability matrix: alength= 4 w= 11 nsites= 795 E= 4.8e-006
 0.229968 0.143955 0.428853 0.197224
 0.449732 0.263030 0.273638 0.013600
 0.000098 0.007174 0.000078 0.992651
 0.000098 0.000078 0.999222 0.000603
 0.999746 0.000078 0.000078 0.000098
 0.000098 0.499902 0.499902 0.000098
 0.000098 0.000078 0.000078 0.999746
 0.000603 0.999222 0.000078 0.000098
 0.992651 0.000078 0.007174 0.000098
 0.013600 0.273638 0.263030 0.449732
 0.197224 0.428853 0.143955 0.229968

MOTIF 20-GGCRYGYRCCACCA STREME-20
letter-probability matrix: alength= 4 w= 14 nsites= 326 E= 1.3e-005
 0.013912 0.000110 0.985839 0.000138
 0.048347 0.017327 0.923857 0.010468
 0.027686 0.757722 0.006997 0.207595
 0.607664 0.000110 0.381757 0.010468
 0.013912 0.349341 0.003554 0.633193
 0.237748 0.000110 0.762004 0.000138
 0.089670 0.476767 0.000110 0.433452
 0.411365 0.000110 0.588387 0.000138
 0.000138 0.956863 0.000110 0.042888
 0.000138 0.954848 0.000110 0.044903
 0.961763 0.000110 0.027658 0.010469
 0.038016 0.870776 0.000110 0.091097
 0.010468 0.937631 0.000110 0.051790
 0.947989 0.003554 0.024214 0.024243

MOTIF 21-YMRCTTCC STREME-21
letter-probability matrix: alength= 4 w= 8 nsites= 2401 E= 2.0e-005
 0.000230 0.544085 0.000184 0.455500
 0.238604 0.409734 0.199835 0.151827
 0.625298 0.000184 0.374288 0.000230
 0.000230 0.999355 0.000184 0.000230
 0.000230 0.000184 0.000184 0.999402
 0.000230 0.000184 0.000184 0.999402
 0.000230 0.999355 0.000184 0.000230
 0.000230 0.998741 0.000799 0.000230

MOTIF 22-GAAACTCTGTACCC STREME-22
letter-probability matrix: alength= 4 w= 14 nsites= 277 E= 2.8e-005
 0.023306 0.023268 0.939368 0.014058
 0.930157 0.014020 0.018644 0.037178
 0.962525 0.004772 0.032517 0.000186
 0.953278 0.009396 0.032517 0.004810
 0.014058 0.893126 0.023268 0.069548
 0.027930 0.069510 0.004772 0.897788
 0.009434 0.902376 0.018644 0.069546
 0.004810 0.037142 0.004772 0.953276
 0.231410 0.018644 0.731265 0.018681
 0.009434 0.037141 0.018644 0.934781
 0.860795 0.078759 0.037141 0.023306
 0.054185 0.851079 0.023269 0.071467
 0.015976 0.905079 0.004772 0.074172
 0.023306 0.865380 0.004772 0.106542

MOTIF 23-ATCACCACYATC STREME-23
letter-probability matrix: alength= 4 w= 12 nsites= 365 E= 4.5e-005
 0.944546 0.005912 0.046515 0.003026
 0.004233 0.090562 0.008822 0.896383
 0.014664 0.912700 0.011731 0.060905
 0.950613 0.011732 0.025341 0.012315
 0.011755 0.920537 0.003002 0.064706
 0.004794 0.938597 0.003003 0.053607
 0.949331 0.008822 0.035277 0.006570
 0.000117 0.919287 0.007884 0.072713
 0.137849 0.503982 0.021020 0.337149
 0.941160 0.011205 0.043737 0.003897
 0.053696 0.116350 0.007119 0.822835
 0.008714 0.875821 0.006183 0.109282

MOTIF 24-TTTTAAAA STREME-24
letter-probability matrix: alength= 4 w= 8 nsites= 658 E= 5.9e-005
 0.025282 0.020173 0.020173 0.934373
 0.025282 0.020173 0.020173 0.934373
 0.025282 0.020173 0.020173 0.934373
 0.025282 0.020173 0.020173 0.934373
 0.934373 0.020173 0.020173 0.025282
 0.934373 0.020173 0.020173 0.025282
 0.934373 0.020173 0.020173 0.025282
 0.934373 0.020173 0.020173 0.025282

MOTIF 25-CCACYAGRKGGCR STREME-25
letter-probability matrix: alength= 4 w= 13 nsites= 505 E= 9.2e-005
 0.081564 0.859482 0.011742 0.047211
 0.000094 0.999738 0.000075 0.000094
 0.857244 0.027679 0.049077 0.066000
 0.009427 0.696274 0.294205 0.000094
 0.137587 0.314201 0.071045 0.477168
 0.967841 0.000075 0.031991 0.000094
 0.000094 0.000075 0.999738 0.000094
 0.502450 0.002408 0.495048 0.000094
 0.000094 0.010377 0.514170 0.475360
 0.002427 0.000075 0.997405 0.000094
 0.039762 0.026711 0.863053 0.070475
 0.126865 0.796759 0.004742 0.071635
 0.541194 0.016409 0.442304 0.000094

MOTIF 26-ATGTATATTTTACCA STREME-26
letter-probability matrix: alength= 4 w= 15 nsites= 134 E= 1.3e-004
 0.859637 0.009334 0.072646 0.058383
 0.000363 0.081692 0.000290 0.917656
 0.253614 0.018379 0.727644 0.000363
 0.009408 0.072648 0.009334 0.908610
 0.664402 0.009334 0.316856 0.009408
 0.000363 0.009334 0.000290 0.990013
 0.890521 0.027423 0.081692 0.000363
 0.000363 0.018379 0.009334 0.971924
 0.009408 0.036468 0.000290 0.953835
 0.018452 0.018379 0.009334 0.953835
 0.000363 0.000290 0.009334 0.990013
 0.872432 0.009334 0.099782 0.018452
 0.000363 0.881405 0.009334 0.108898
 0.072721 0.832429 0.009334 0.085516
 0.971924 0.009334 0.018379 0.000363

MOTIF 27-AGATAAGRA STREME-27
letter-probability matrix: alength= 4 w= 9 nsites= 1340 E= 2.3e-004
 0.874238 0.042117 0.000154 0.083491
 0.000193 0.000154 0.985404 0.014250
 0.980137 0.019517 0.000154 0.000193
 0.000193 0.000154 0.000154 0.999500
 0.999500 0.000154 0.000154 0.000193
 0.993075 0.006578 0.000154 0.000193
 0.000193 0.000154 0.908767 0.090887
 0.338728 0.045707 0.601456 0.014109
 0.631590 0.132449 0.159030 0.076931

MOTIF 28-AGAAAGAAA STREME-28
letter-probability matrix: alength= 4 w= 9 nsites= 1155 E= 6.2e-004
 0.883610 0.022542 0.060485 0.033363
 0.000412 0.032852 0.910710 0.056026
 0.947677 0.009545 0.037176 0.005602
 0.923819 0.069563 0.000329 0.006290
 0.849329 0.075269 0.070966 0.004437
 0.000412 0.035069 0.864092 0.100428
 0.853800 0.023562 0.070239 0.052399
 0.954126 0.022224 0.021313 0.002338
 0.966133 0.010285 0.010203 0.013380

MOTIF 29-TTAAAAATGGTTAA STREME-29
letter-probability matrix: alength= 4 w= 14 nsites= 236 E= 2.2e-003
 0.010092 0.054579 0.005105 0.930223
 0.026985 0.005105 0.005105 0.962804
 0.727354 0.014999 0.010052 0.247595
 0.851073 0.039734 0.059523 0.049669
 0.994538 0.000158 0.000158 0.005146
 0.979697 0.010052 0.000158 0.010093
 0.954961 0.014999 0.029841 0.000199
 0.005146 0.029840 0.000158 0.964856
 0.086973 0.000158 0.887933 0.024935
 0.039774 0.015000 0.930187 0.015040
 0.005146 0.089210 0.000158 0.905486
 0.000199 0.005105 0.005105 0.989591
 0.959908 0.019947 0.010052 0.010093
 0.890647 0.054577 0.039736 0.015040

MOTIF 30-CCAGCCTGGSCAAC STREME-30
letter-probability matrix: alength= 4 w= 14 nsites= 201 E= 1.4e-002
 0.000221 0.958478 0.013498 0.027803
 0.016771 0.916636 0.022242 0.044352
 0.999425 0.000177 0.000177 0.000221
 0.033320 0.000177 0.885313 0.081191
 0.000221 0.971799 0.000177 0.027803
 0.000221 0.960767 0.016725 0.022287
 0.016770 0.027758 0.011209 0.944263
 0.033319 0.000177 0.966283 0.000221
 0.082974 0.000177 0.916628 0.000221
 0.027804 0.506042 0.449383 0.016771
 0.000221 0.885313 0.016725 0.097740
 0.927713 0.011209 0.060857 0.000221
 0.982876 0.000177 0.016726 0.000221
 0.011254 0.922150 0.000177 0.066420

MOTIF 31-AGTCCCAGCTA STREME-31
letter-probability matrix: alength= 4 w= 11 nsites= 155 E= 1.7e-002
 0.920638 0.003502 0.070787 0.005073
 0.300753 0.031597 0.620315 0.047336
 0.013462 0.031597 0.000251 0.954690
 0.001043 0.979469 0.000251 0.019237
 0.013462 0.970481 0.000251 0.015806
 0.025330 0.970853 0.000251 0.003566
 0.991347 0.000251 0.008087 0.000315
 0.013462 0.000251 0.978137 0.008151
 0.008151 0.964523 0.003502 0.023824
 0.000315 0.000251 0.008087 0.991347
 0.982403 0.000251 0.000251 0.017095

MOTIF 32-ACACACACACACACA STREME-32
letter-probability matrix: alength= 4 w= 15 nsites= 295 E= 2.4e-002
 0.999080 0.000283 0.000283 0.000354
 0.207203 0.693162 0.009115 0.090520
 0.999080 0.000283 0.000283 0.000354
 0.000354 0.985128 0.000283 0.014235
 0.990248 0.000283 0.009115 0.000354
 0.000354 0.995344 0.000283 0.004019
 0.990248 0.000283 0.009115 0.000354
 0.000354 0.937182 0.000283 0.062181
 0.999080 0.000283 0.000283 0.000354
 0.000354 0.919514 0.000283 0.079849
 0.937250 0.000283 0.062112 0.000354
 0.000354 0.999008 0.000283 0.000354
 0.990248 0.000283 0.009114 0.000354
 0.000354 0.999008 0.000283 0.000354
 0.967702 0.017945 0.013998 0.000354

MOTIF 33-TAAATAAATAAATAA STREME-33
letter-probability matrix: alength= 4 w= 15 nsites= 155 E= 3.3e-002
 0.074323 0.027143 0.000216 0.898318
 0.965641 0.006947 0.020410 0.007002
 0.979104 0.020410 0.000216 0.000270
 0.965640 0.013679 0.020411 0.000270
 0.007002 0.027142 0.000216 0.965641
 0.972372 0.000216 0.000216 0.027196
 0.891590 0.074266 0.033874 0.000270
 0.972371 0.000216 0.020411 0.007002
 0.007002 0.013679 0.000216 0.979104
 0.992567 0.000216 0.006947 0.000270
 0.965641 0.033874 0.000216 0.000270
 0.938714 0.000216 0.000216 0.060855
 0.169848 0.047337 0.030507 0.752308
 0.826357 0.000216 0.027142 0.146285
 0.806249 0.020410 0.051899 0.121441

MOTIF 34-ACTTTGGGAGGC STREME-34
letter-probability matrix: alength= 4 w= 12 nsites= 113 E= 3.3e-002
 0.953538 0.000401 0.040365 0.005697
 0.000502 0.998594 0.000401 0.000502
 0.007266 0.000401 0.000401 0.991932
 0.013021 0.000401 0.000401 0.986177
 0.025540 0.005595 0.012919 0.955946
 0.005697 0.012919 0.980882 0.000502
 0.030731 0.000401 0.968365 0.000502
 0.040466 0.025438 0.883516 0.050579
 0.996286 0.000401 0.000401 0.002913
 0.013021 0.005595 0.980882 0.000502
 0.038059 0.062998 0.873402 0.025540
 0.050574 0.873406 0.012919 0.063100

MOTIF 35-ACCTGGGAGGTGGA STREME-35
letter-probability matrix: alength= 4 w= 14 nsites= 206 E= 4.5e-002
 0.899877 0.000168 0.099745 0.000210
 0.039072 0.860971 0.000168 0.099790
 0.005451 0.962726 0.021131 0.010692
 0.057861 0.196253 0.042095 0.703792
 0.042137 0.000168 0.957485 0.000210
 0.065277 0.005409 0.897660 0.031655
 0.031655 0.005409 0.957485 0.005451
 0.955353 0.015890 0.010649 0.018107
 0.000210 0.000168 0.973207 0.026415
 0.167923 0.036854 0.729947 0.065276
 0.094546 0.217219 0.044269 0.643966
 0.125993 0.000168 0.873629 0.000210
 0.041246 0.036854 0.900727 0.021174
 0.831745 0.031613 0.115468 0.021174

MOTIF 36-CCAGCCTGGGT STREME-36
letter-probability matrix: alength= 4 w= 11 nsites= 146 E= 5.0e-002
 0.021712 0.905543 0.035409 0.037336
 0.029190 0.948635 0.000463 0.021712
 0.939313 0.004795 0.014935 0.040957
 0.004912 0.009252 0.960975 0.024861
 0.000581 0.923432 0.029208 0.046780
 0.008400 0.955942 0.006468 0.029190
 0.002543 0.000463 0.004795 0.992198
 0.029525 0.006468 0.963427 0.000581
 0.009998 0.014935 0.974486 0.000581
 0.031571 0.000463 0.930629 0.037336
 0.055216 0.282537 0.000463 0.661784

MOTIF 37-AGATAA STREME-37
letter-probability matrix: alength= 4 w= 6 nsites= 2015 E= 9.8e-002
 0.934373 0.020173 0.020173 0.025282
 0.025282 0.020173 0.929264 0.025282
 0.934373 0.020173 0.020173 0.025282
 0.025282 0.020173 0.020173 0.934373
 0.934373 0.020173 0.020173 0.025282
 0.934373 0.020173 0.020173 0.025282

MOTIF 38-GTGAATTATATCTCA STREME-38
letter-probability matrix: alength= 4 w= 15 nsites= 205 E= 1.2e-001
 0.193936 0.015458 0.775108 0.015499
 0.000205 0.035850 0.015458 0.948488
 0.239820 0.046046 0.683341 0.030793
 0.958684 0.000163 0.040948 0.000205
 0.953586 0.000163 0.035850 0.010401
 0.010401 0.035850 0.000163 0.953586
 0.005303 0.015458 0.000163 0.979076
 0.688476 0.035850 0.061341 0.214333
 0.000205 0.234683 0.020556 0.744557
 0.922997 0.000163 0.061341 0.015499
 0.005303 0.265274 0.030752 0.698671
 0.025695 0.770013 0.061340 0.142952
 0.030793 0.025653 0.005261 0.938293
 0.005303 0.882171 0.010359 0.102167
 0.938291 0.010359 0.025654 0.025695

MOTIF 39-CAGGAAG STREME-39
letter-probability matrix: alength= 4 w= 7 nsites= 859 E= 1.8e-001
 0.025282 0.929264 0.020173 0.025282
 0.934373 0.020173 0.020173 0.025282
 0.025282 0.020173 0.929264 0.025282
 0.025282 0.020173 0.929264 0.025282
 0.934373 0.020173 0.020173 0.025282
 0.934373 0.020173 0.020173 0.025282
 0.025282 0.020173 0.929264 0.025282

MOTIF 40-ACAGAGCRAGAC STREME-40
letter-probability matrix: alength= 4 w= 12 nsites= 126 E= 2.2e-001
 0.917175 0.054877 0.027583 0.000365
 0.033822 0.938230 0.000291 0.027657
 0.962664 0.000291 0.036680 0.000365
 0.091339 0.018486 0.889810 0.000365
 0.980858 0.000291 0.000291 0.018559
 0.000365 0.000291 0.971687 0.027656
 0.000365 0.712576 0.036680 0.250379
 0.465238 0.047527 0.477773 0.009462
 0.999052 0.000291 0.000291 0.000365
 0.000365 0.000291 0.998978 0.000365
 0.977085 0.000291 0.022258 0.000365
 0.000365 0.944394 0.027584 0.027657

MOTIF 41-AGTTCTGGAGAT STREME-41
letter-probability matrix: alength= 4 w= 12 nsites= 116 E= 2.2e-001
 0.977858 0.021383 0.000337 0.000422
 0.060173 0.000337 0.939068 0.000422
 0.021468 0.052955 0.000337 0.925240
 0.000422 0.031907 0.025747 0.941924
 0.053040 0.912607 0.000337 0.034015
 0.000422 0.021383 0.000337 0.977858
 0.070696 0.010860 0.918022 0.000422
 0.031992 0.000337 0.925155 0.042516
 0.988383 0.000337 0.000337 0.010943
 0.087766 0.000337 0.907108 0.004788
 0.893669 0.074005 0.010857 0.021468
 0.000422 0.033930 0.000337 0.965311

MOTIF 42-AGTTATTGTTTAAT STREME-42
letter-probability matrix: alength= 4 w= 14 nsites= 121 E= 2.2e-001
 0.905567 0.000272 0.068307 0.025854
 0.056532 0.008777 0.922318 0.012374
 0.025854 0.037818 0.025785 0.910542
 0.042863 0.042794 0.000272 0.914071
 0.888556 0.017281 0.068309 0.025854
 0.042863 0.136348 0.195884 0.624905
 0.017350 0.025785 0.025785 0.931080
 0.102394 0.000272 0.888488 0.008846
 0.025854 0.034290 0.000272 0.939584
 0.000341 0.025785 0.017281 0.956593
 0.008846 0.034290 0.008777 0.948088
 0.970073 0.012305 0.017281 0.000341
 0.931079 0.000272 0.025786 0.042863
 0.017350 0.093821 0.017281 0.871548

MOTIF 43-AGAGAGAGAGAGAA STREME-43
letter-probability matrix: alength= 4 w= 14 nsites= 85 E= 4.0e-001
 0.918921 0.013446 0.052536 0.015096
 0.000523 0.000417 0.985508 0.013552
 0.985613 0.000417 0.013446 0.000523
 0.026582 0.013446 0.959449 0.000523
 0.998642 0.000417 0.000417 0.000523
 0.026582 0.013446 0.959449 0.000523
 0.933497 0.013446 0.039505 0.013552
 0.026582 0.026476 0.933391 0.013552
 0.972584 0.013446 0.013446 0.000523
 0.026582 0.000417 0.972478 0.000523
 0.985613 0.000417 0.013447 0.000523
 0.000523 0.000417 0.998537 0.000523
 0.985613 0.000417 0.013447 0.000523
 0.718847 0.117691 0.149909 0.013553

MOTIF 44-GGAGGCTGAGGCA STREME-44
letter-probability matrix: alength= 4 w= 13 nsites= 361 E= 5.4e-001
 0.025282 0.020173 0.929264 0.025282
 0.025282 0.020173 0.929264 0.025282
 0.934373 0.020173 0.020173 0.025282
 0.025282 0.020173 0.929264 0.025282
 0.025282 0.020173 0.929264 0.025282
 0.025282 0.929264 0.020173 0.025282
 0.025282 0.020173 0.020173 0.934373
 0.025282 0.020173 0.929264 0.025282
 0.934373 0.020173 0.020173 0.025282
 0.025282 0.020173 0.929264 0.025282
 0.025282 0.020173 0.929264 0.025282
 0.025282 0.929264 0.020173 0.025282
 0.934373 0.020173 0.020173 0.025282

MOTIF 45-ATTTTACAGATGAGG STREME-45
letter-probability matrix: alength= 4 w= 15 nsites= 115 E= 7.3e-001
 0.895258 0.018477 0.076808 0.009458
 0.000365 0.109406 0.018477 0.871752
 0.000365 0.000291 0.073034 0.926310
 0.018551 0.000291 0.036663 0.944495
 0.000365 0.063943 0.000291 0.935400
 0.835381 0.045756 0.118499 0.000365
 0.000365 0.835306 0.027570 0.136759
 0.926310 0.018477 0.018477 0.036736
 0.100386 0.000291 0.889864 0.009458
 0.917217 0.018477 0.045756 0.018551
 0.091294 0.018477 0.045756 0.844474
 0.073108 0.009384 0.889864 0.027644
 0.889937 0.018477 0.054849 0.036736
 0.117025 0.000291 0.818669 0.064015
 0.240555 0.000291 0.749696 0.009458

MOTIF 46-GTGGTTGCCA STREME-46
letter-probability matrix: alength= 4 w= 10 nsites= 90 E= 7.7e-001
 0.001091 0.000870 0.996948 0.001091
 0.001091 0.245462 0.000870 0.752577
 0.001091 0.042718 0.955100 0.001091
 0.001091 0.000870 0.996948 0.001091
 0.001091 0.000870 0.000870 0.997169
 0.001091 0.012144 0.000870 0.985895
 0.001091 0.000870 0.996948 0.001091
 0.001091 0.996948 0.000870 0.001091
 0.001091 0.759833 0.017372 0.221704
 0.985895 0.000870 0.012144 0.001091

MOTIF 47-CCACCACCCCG STREME-47
letter-probability matrix: alength= 4 w= 11 nsites= 141 E= 9.1e-001
 0.012638 0.937108 0.020833 0.029421
 0.031169 0.857062 0.066094 0.045675
 0.779363 0.010578 0.199395 0.010664
 0.020916 0.953585 0.004582 0.020916
 0.014918 0.892071 0.051590 0.041421
 0.875445 0.012554 0.072324 0.039676
 0.060181 0.864803 0.014834 0.060182
 0.020914 0.926856 0.029341 0.022890
 0.184970 0.758777 0.035339 0.020914
 0.010655 0.892501 0.038035 0.058810
 0.015382 0.123385 0.778792 0.082441

MOTIF 48-CTAGGTTTGTGTAA STREME-48
letter-probability matrix: alength= 4 w= 14 nsites= 52 E= 1.1e+000
 0.025908 0.947387 0.000798 0.025908
 0.025908 0.025706 0.000798 0.947589
 0.947589 0.025706 0.025706 0.001000
 0.025908 0.025706 0.922479 0.025908
 0.075727 0.000798 0.922476 0.001000
 0.025908 0.000798 0.025706 0.947589
 0.001000 0.000798 0.000798 0.997405
 0.025908 0.000798 0.000798 0.972497
 0.100638 0.025706 0.872657 0.001000
 0.001000 0.050614 0.050614 0.897773
 0.025908 0.000798 0.972295 0.001000
 0.025908 0.000798 0.050615 0.922680
 0.972497 0.000798 0.025706 0.001000
 0.947589 0.000798 0.025706 0.025908

MOTIF 49-CATTTCTCAGAA STREME-49
letter-probability matrix: alength= 4 w= 12 nsites= 48 E= 1.1e+000
 0.001164 0.996743 0.000929 0.001164
 0.880979 0.000929 0.116928 0.001164
 0.001164 0.000929 0.000929 0.996978
 0.001164 0.000929 0.000929 0.996978
 0.001164 0.000929 0.000929 0.996978
 0.001164 0.996743 0.000929 0.001164
 0.001164 0.000929 0.000929 0.996978
 0.175170 0.822737 0.000929 0.001164
 0.851983 0.087927 0.058926 0.001164
 0.001164 0.000929 0.996743 0.001164
 0.996978 0.000929 0.000929 0.001164
 0.996978 0.000929 0.000929 0.001164

MOTIF 50-CTGGAGTGCA STREME-50
letter-probability matrix: alength= 4 w= 10 nsites= 70 E= 1.1e+000
 0.025282 0.929264 0.020173 0.025282
 0.025282 0.020173 0.020173 0.934373
 0.025282 0.020173 0.929264 0.025282
 0.025282 0.020173 0.929264 0.025282
 0.934373 0.020173 0.020173 0.025282
 0.025282 0.020173 0.929264 0.025282
 0.025282 0.020173 0.020173 0.934373
 0.025282 0.020173 0.929264 0.025282
 0.025282 0.929264 0.020173 0.025282
 0.934373 0.020173 0.020173 0.025282

MOTIF 51-CAACAACAACAAAA STREME-51
letter-probability matrix: alength= 4 w= 14 nsites= 110 E= 1.3e+000
 0.132742 0.803875 0.018847 0.044536
 0.998851 0.000353 0.000353 0.000442
 0.943736 0.022399 0.033423 0.000442
 0.000442 0.987739 0.000353 0.011465
 0.954760 0.011376 0.033422 0.000442
 0.965782 0.000353 0.033422 0.000442
 0.000442 0.998762 0.000353 0.000442
 0.987829 0.011376 0.000353 0.000442
 0.998851 0.000353 0.000353 0.000442
 0.088651 0.899531 0.000353 0.011465
 0.965784 0.011376 0.022398 0.000442
 0.998851 0.000353 0.000353 0.000442
 0.855493 0.110643 0.011376 0.022488
 0.932713 0.055469 0.000353 0.011465

MOTIF 52-CATTTCC STREME-52
letter-probability matrix: alength= 4 w= 7 nsites= 1118 E= 1.4e+000
 0.025282 0.929264 0.020173 0.025282
 0.934373 0.020173 0.020173 0.025282
 0.025282 0.020173 0.020173 0.934373
 0.025282 0.020173 0.020173 0.934373
 0.025282 0.020173 0.020173 0.934373
 0.025282 0.929264 0.020173 0.025282
 0.025282 0.929264 0.020173 0.025282

MOTIF 53-AGTCACTTACC STREME-53
letter-probability matrix: alength= 4 w= 11 nsites= 247 E= 1.4e+000
 0.857323 0.040467 0.001292 0.100918
 0.050352 0.019836 0.875251 0.054561
 0.099172 0.005938 0.000184 0.894706
 0.118011 0.747847 0.087912 0.046229
 0.939464 0.000184 0.037100 0.023251
 0.024505 0.885891 0.009434 0.080170
 0.114174 0.080004 0.195296 0.610526
 0.005984 0.000184 0.000184 0.993647
 0.948186 0.011694 0.018702 0.021418
 0.252888 0.509369 0.175748 0.061996
 0.019882 0.820087 0.050333 0.109699

MOTIF 54-CCCCAAAAGAAA STREME-54
letter-probability matrix: alength= 4 w= 12 nsites= 96 E= 2.0e+000
 0.033992 0.923466 0.041986 0.000556
 0.000556 0.954946 0.014290 0.030208
 0.000556 0.901512 0.055834 0.042098
 0.208287 0.715732 0.006189 0.069792
 0.977232 0.021769 0.000443 0.000556
 0.998557 0.000443 0.000443 0.000556
 0.970864 0.014290 0.000443 0.014403
 0.955058 0.000443 0.030096 0.014403
 0.000556 0.000443 0.965008 0.033992
 0.776987 0.014290 0.208166 0.000556
 0.984710 0.000443 0.000443 0.014403
 0.943167 0.000443 0.055834 0.000556

MOTIF 55-TAATTTTTGTA STREME-55
letter-probability matrix: alength= 4 w= 11 nsites= 104 E= 2.1e+000
 0.025282 0.020173 0.020173 0.934373
 0.934373 0.020173 0.020173 0.025282
 0.934373 0.020173 0.020173 0.025282
 0.025282 0.020173 0.020173 0.934373
 0.025282 0.020173 0.020173 0.934373
 0.025282 0.020173 0.020173 0.934373
 0.025282 0.020173 0.020173 0.934373
 0.025282 0.020173 0.020173 0.934373
 0.025282 0.020173 0.929264 0.025282
 0.025282 0.020173 0.020173 0.934373
 0.934373 0.020173 0.020173 0.025282

MOTIF 56-AAACAAACAAACA STREME-56
letter-probability matrix: alength= 4 w= 13 nsites= 77 E= 2.1e+000
 0.958507 0.040528 0.000428 0.000537
 0.966328 0.027162 0.000428 0.006082
 0.945142 0.027161 0.013794 0.013903
 0.000537 0.985132 0.013795 0.000537
 0.938460 0.007110 0.040527 0.013903
 0.993062 0.000428 0.005974 0.000537
 0.958507 0.000428 0.040528 0.000537
 0.000537 0.931664 0.013795 0.054005
 0.952965 0.032704 0.013794 0.000537
 0.958508 0.000428 0.013794 0.027270
 0.938459 0.040528 0.007110 0.013903
 0.000537 0.931662 0.013795 0.054007
 0.939729 0.027162 0.027161 0.005948

MOTIF 57-CAAGGTCACAYAGCT STREME-57
letter-probability matrix: alength= 4 w= 15 nsites= 69 E= 2.1e+000
 0.032829 0.837278 0.016607 0.113287
 0.966140 0.016607 0.016607 0.000646
 0.853499 0.032698 0.113157 0.000646
 0.145469 0.000515 0.789004 0.065012
 0.113290 0.000515 0.853366 0.032829
 0.065012 0.048790 0.000515 0.885683
 0.000646 0.998193 0.000515 0.000646
 0.933958 0.048790 0.000515 0.016737
 0.000646 0.982101 0.016607 0.000646
 0.885683 0.064882 0.032698 0.016737
 0.032829 0.595906 0.048790 0.322476
 0.901774 0.000515 0.097065 0.000646
 0.065012 0.016607 0.917736 0.000646
 0.032829 0.901644 0.064881 0.000646
 0.048921 0.145339 0.000515 0.805225

MOTIF 58-AAGGGATGAT STREME-58
letter-probability matrix: alength= 4 w= 10 nsites= 28 E= 2.1e+000
 0.934373 0.020173 0.020173 0.025282
 0.934373 0.020173 0.020173 0.025282
 0.025282 0.020173 0.929264 0.025282
 0.025282 0.020173 0.929264 0.025282
 0.025282 0.020173 0.929264 0.025282
 0.934373 0.020173 0.020173 0.025282
 0.025282 0.020173 0.020173 0.934373
 0.025282 0.020173 0.929264 0.025282
 0.934373 0.020173 0.020173 0.025282
 0.025282 0.020173 0.020173 0.934373

MOTIF 59-AATAATAATAAWA STREME-59
letter-probability matrix: alength= 4 w= 13 nsites= 107 E= 2.4e+000
 0.946960 0.000333 0.052290 0.000417
 0.936568 0.010724 0.031508 0.021200
 0.000417 0.021116 0.000333 0.978134
 0.915782 0.000333 0.052293 0.031592
 0.962548 0.010724 0.021116 0.005612
 0.077836 0.000333 0.000333 0.921498
 0.957351 0.031508 0.000333 0.010808
 0.946959 0.010724 0.041900 0.000417
 0.000417 0.021116 0.021116 0.957351
 0.982983 0.000333 0.016267 0.000417
 0.874216 0.010724 0.083468 0.031592
 0.368442 0.036183 0.000333 0.595042
 0.863821 0.031508 0.031508 0.073163

MOTIF 60-CCATTAGCAGTCACT STREME-60
letter-probability matrix: alength= 4 w= 15 nsites= 89 E= 2.4e+000
 0.000501 0.911258 0.012877 0.075365
 0.037933 0.774005 0.012877 0.175185
 0.886404 0.037832 0.037832 0.037933
 0.000501 0.037832 0.025354 0.936313
 0.000501 0.100219 0.050310 0.848970
 0.923836 0.000400 0.000400 0.075365
 0.062888 0.050309 0.798961 0.087842
 0.012978 0.911258 0.012877 0.062887
 0.886404 0.000400 0.075263 0.037933
 0.000501 0.000400 0.998599 0.000501
 0.037933 0.100219 0.012877 0.848972
 0.000501 0.948689 0.000400 0.050411
 0.911359 0.012877 0.037832 0.037933
 0.037933 0.611799 0.062786 0.287482
 0.012978 0.000400 0.012877 0.973745

MOTIF 61-GATTGTGCCAC STREME-61
letter-probability matrix: alength= 4 w= 11 nsites= 63 E= 2.4e+000
 0.001004 0.000801 0.997190 0.001004
 0.997393 0.000801 0.000801 0.001004
 0.001004 0.000801 0.000801 0.997393
 0.001004 0.276054 0.000801 0.722140
 0.221941 0.000801 0.776254 0.001004
 0.001004 0.000801 0.000801 0.997393
 0.026016 0.000801 0.972179 0.001004
 0.080883 0.838712 0.000801 0.079604
 0.001004 0.997190 0.000801 0.001004
 0.997393 0.000801 0.000801 0.001004
 0.001004 0.997190 0.000801 0.001004

MOTIF 62-AGATAACA STREME-62
letter-probability matrix: alength= 4 w= 8 nsites= 284 E= 2.5e+000
 0.934373 0.020173 0.020173 0.025282
 0.025282 0.020173 0.929264 0.025282
 0.934373 0.020173 0.020173 0.025282
 0.025282 0.020173 0.020173 0.934373
 0.934373 0.020173 0.020173 0.025282
 0.934373 0.020173 0.020173 0.025282
 0.025282 0.929264 0.020173 0.025282
 0.934373 0.020173 0.020173 0.025282

MOTIF 63-GGAGGCRGA STREME-63
letter-probability matrix: alength= 4 w= 9 nsites= 318 E= 2.7e+000
 0.000715 0.000571 0.997999 0.000715
 0.000715 0.000571 0.997999 0.000715
 0.998144 0.000571 0.000571 0.000715
 0.000715 0.033254 0.965316 0.000715
 0.000715 0.000571 0.997999 0.000715
 0.000715 0.673784 0.000571 0.324930
 0.415669 0.139634 0.443982 0.000715
 0.000715 0.000571 0.997999 0.000715
 0.998144 0.000571 0.000571 0.000715

MOTIF 64-TTTWAAA STREME-64
letter-probability matrix: alength= 4 w= 7 nsites= 1467 E= 2.9e+000
 0.025282 0.020173 0.020173 0.934373
 0.025282 0.020173 0.020173 0.934373
 0.025282 0.020173 0.020173 0.934373
 0.479827 0.020173 0.020173 0.479827
 0.934373 0.020173 0.020173 0.025282
 0.934373 0.020173 0.020173 0.025282
 0.934373 0.020173 0.020173 0.025282

MOTIF 65-GGAAGGAAGGAA STREME-65
letter-probability matrix: alength= 4 w= 12 nsites= 530 E= 3.2e+000
 0.085852 0.011920 0.885183 0.017046
 0.003025 0.000086 0.958799 0.038090
 0.774412 0.002765 0.188870 0.033953
 0.955531 0.000086 0.044276 0.000108
 0.060566 0.018621 0.859510 0.061303
 0.114375 0.016169 0.869348 0.000108
 0.797684 0.004273 0.167209 0.030834
 0.755596 0.005447 0.194851 0.044106
 0.083320 0.031427 0.849509 0.035743
 0.075745 0.001426 0.922721 0.000108
 0.729985 0.045593 0.201699 0.022722
 0.692544 0.046765 0.236361 0.024331

MOTIF 66-AGTGAGACCCTGTCT STREME-66
letter-probability matrix: alength= 4 w= 15 nsites= 52 E= 8.5e+000
 0.940469 0.058147 0.000614 0.000770
 0.000770 0.000614 0.959491 0.039125
 0.000770 0.192389 0.058147 0.748694
 0.230901 0.000614 0.767715 0.000770
 0.940469 0.000614 0.000614 0.058302
 0.058302 0.000614 0.940314 0.000770
 0.882937 0.038969 0.077324 0.000770
 0.000770 0.882782 0.000614 0.115834
 0.096657 0.671829 0.000614 0.230900
 0.000770 0.710182 0.000614 0.288434
 0.000770 0.096501 0.115679 0.787050
 0.192544 0.000614 0.806072 0.000770
 0.019947 0.077324 0.000614 0.902115
 0.019947 0.921136 0.000614 0.058302
 0.000770 0.038969 0.000614 0.959647

MOTIF 67-GYCACGTGRC STREME-67
letter-probability matrix: alength= 4 w= 10 nsites= 225 E= 2.5e+001
 0.081902 0.129762 0.787866 0.000469
 0.014595 0.527883 0.027238 0.430284
 0.006309 0.925628 0.067594 0.000469
 0.981261 0.000374 0.000374 0.017991
 0.000469 0.911918 0.000374 0.087239
 0.087239 0.000374 0.911918 0.000469
 0.017991 0.000374 0.000374 0.981261
 0.000469 0.067594 0.925628 0.006309
 0.430284 0.027238 0.527883 0.014595
 0.000469 0.787866 0.129762 0.081902

MOTIF 68-GATGWCATC STREME-68
letter-probability matrix: alength= 4 w= 9 nsites= 262 E= 2.5e+001
 0.036255 0.033635 0.877822 0.052288
 0.844672 0.035162 0.089982 0.030184
 0.009470 0.266139 0.046463 0.677928
 0.019449 0.006143 0.955001 0.019407
 0.471346 0.028654 0.028654 0.471346
 0.019407 0.955001 0.006143 0.019449
 0.677928 0.046463 0.266139 0.009470
 0.030184 0.089982 0.035162 0.844672
 0.052288 0.877822 0.033635 0.036255

********************************************************************************
Stopped because 3 consecutive motifs exceeded the p-value threshold (0.05).
********************************************************************************
COMMAND:	streme --verbosity 1 --oc meme/meme_out_incomplete_DL/K562_CEBPB-human_ENCFF983UDO/streme_out -dna --seed 0 --p meme/meme_out_incomplete_DL/K562_CEBPB-human_ENCFF983UDO/seqs-centered --minw 6 --maxw 15 --time 6156 --order 2 --thresh 0.05 --align center --totallength 4000000 --parse-genomic-coord
********************************************************************************
CPU:		9f05ee173ae9
********************************************************************************
FINALTIME:	4171.37 seconds
********************************************************************************
