********************************************************************************
STREME - Sensitive, Thorough, Rapid, Enriched Motif Elicitation
********************************************************************************
MEME version 5.5.3 (Release date: Sat Jun 10 16:19:38 2023 -0700)

For further information on how to interpret these results please access http://localhost:8080/meme_5.5.3.
To get a copy of the MEME Suite software please access https://meme-suite.org.

********************************************************************************


********************************************************************************
REFERENCE
********************************************************************************
If you use this program in your research, please cite:

Timothy L. Bailey,
"STREME: accurate and versatile sequence motif discovery",
Bioinformatics, Mar. 24, 2021.
********************************************************************************


ALPHABET= ACGT

strands: + -

Background letter frequencies
A 0.257 C 0.243 G 0.243 T 0.257 

MOTIF 1-CCCATTTTACAGATG STREME-1
letter-probability matrix: alength= 4 w= 15 nsites= 2559 E= 6.6e-066
 0.009547 0.902034 0.009546 0.078873
 0.003049 0.985657 0.000015 0.011279
 0.000016 0.975693 0.000882 0.023410
 0.975694 0.010845 0.013445 0.000016
 0.012580 0.061537 0.006080 0.919804
 0.001749 0.017343 0.001061 0.979847
 0.021243 0.041609 0.049151 0.887997
 0.022977 0.177919 0.023842 0.775261
 0.839867 0.037455 0.094933 0.027745
 0.019510 0.846141 0.032074 0.102275
 0.945800 0.000448 0.037273 0.016478
 0.011279 0.001928 0.982012 0.004781
 0.890771 0.028174 0.065443 0.015612
 0.037887 0.055036 0.049840 0.857237
 0.131303 0.026007 0.799351 0.043339

MOTIF 2-GAAACTGAGGC STREME-2
letter-probability matrix: alength= 4 w= 11 nsites= 2571 E= 9.5e-047
 0.283422 0.030832 0.675834 0.009912
 0.984140 0.008783 0.000021 0.007056
 0.656520 0.018009 0.317527 0.007944
 0.710160 0.000021 0.287877 0.001942
 0.006587 0.956184 0.008123 0.029106
 0.005549 0.087830 0.005688 0.900933
 0.017386 0.000021 0.982571 0.000022
 0.999936 0.000021 0.000021 0.000022
 0.010674 0.001825 0.984989 0.002512
 0.061391 0.000021 0.913697 0.024891
 0.010849 0.851942 0.000021 0.137188

MOTIF 3-AGYAAAYA STREME-3
letter-probability matrix: alength= 4 w= 8 nsites= 5555 E= 1.5e-043
 0.719289 0.000027 0.117316 0.163368
 0.236630 0.000027 0.763314 0.000029
 0.000029 0.397400 0.000027 0.602544
 0.957324 0.042621 0.000027 0.000029
 0.999917 0.000027 0.000027 0.000029
 0.999917 0.000027 0.000027 0.000029
 0.000029 0.565370 0.000027 0.434575
 0.999917 0.000027 0.000027 0.000029

MOTIF 4-CMAAGKYCA STREME-4
letter-probability matrix: alength= 4 w= 9 nsites= 7459 E= 3.4e-043
 0.016829 0.730282 0.019890 0.232999
 0.494770 0.477785 0.011431 0.016014
 0.766914 0.000016 0.233053 0.000017
 0.966379 0.000016 0.033588 0.000017
 0.000017 0.000016 0.999949 0.000017
 0.170978 0.000016 0.512412 0.316593
 0.025359 0.378755 0.000016 0.595870
 0.000017 0.956543 0.000016 0.043423
 0.886705 0.071196 0.042082 0.000017

MOTIF 5-CTGGGATTACAGGCR STREME-5
letter-probability matrix: alength= 4 w= 15 nsites= 1092 E= 3.1e-030
 0.006277 0.940043 0.008767 0.044913
 0.007523 0.007521 0.006274 0.978682
 0.064860 0.001290 0.931312 0.002539
 0.041174 0.003782 0.950013 0.005031
 0.036188 0.008767 0.947522 0.007523
 0.987404 0.001290 0.008767 0.002539
 0.005031 0.125960 0.002536 0.866474
 0.006277 0.011259 0.013752 0.968712
 0.984912 0.002536 0.012505 0.000046
 0.010016 0.926327 0.003782 0.059875
 0.983666 0.002536 0.010013 0.003785
 0.024971 0.002536 0.968708 0.003785
 0.037434 0.008038 0.943266 0.011262
 0.019985 0.769188 0.010013 0.200813
 0.332505 0.018737 0.627526 0.021232

MOTIF 6-GAGCCACYRCRCCC STREME-6
letter-probability matrix: alength= 4 w= 14 nsites= 1201 E= 4.1e-029
 0.084673 0.058680 0.853825 0.002822
 0.588966 0.292027 0.000962 0.118046
 0.137565 0.000033 0.862368 0.000034
 0.008396 0.940434 0.000033 0.051137
 0.000034 0.977600 0.001891 0.020475
 0.971642 0.012497 0.013040 0.002822
 0.000964 0.970710 0.000033 0.028294
 0.007468 0.617918 0.009324 0.365290
 0.361921 0.007851 0.621832 0.008397
 0.016759 0.721274 0.005607 0.256360
 0.404600 0.013040 0.566530 0.015829
 0.007467 0.921849 0.007465 0.063218
 0.006538 0.769856 0.008395 0.215211
 0.017867 0.740390 0.022331 0.219412

MOTIF 7-GCCTGGGCAACAKRG STREME-7
letter-probability matrix: alength= 4 w= 15 nsites= 891 E= 1.1e-024
 0.044833 0.004634 0.917181 0.033351
 0.010379 0.958529 0.000040 0.031051
 0.001191 0.964271 0.008080 0.026458
 0.012676 0.013822 0.013822 0.959680
 0.045982 0.001189 0.941974 0.010855
 0.091265 0.000040 0.901761 0.006933
 0.055173 0.302250 0.625307 0.017270
 0.019567 0.809833 0.010377 0.160224
 0.748948 0.014299 0.211444 0.025309
 0.973462 0.004634 0.014971 0.006933
 0.013824 0.930488 0.014971 0.040717
 0.951641 0.005783 0.032198 0.010379
 0.058617 0.082066 0.398066 0.461251
 0.614499 0.008080 0.357855 0.019567
 0.074696 0.008080 0.906845 0.010379

MOTIF 8-GAGAGGTTAAGTAAC STREME-8
letter-probability matrix: alength= 4 w= 15 nsites= 674 E= 1.1e-015
 0.076584 0.043569 0.861784 0.018062
 0.939817 0.001553 0.054073 0.004557
 0.086211 0.006055 0.900176 0.007558
 0.939817 0.022561 0.028563 0.009059
 0.112598 0.025562 0.834774 0.027066
 0.114099 0.001553 0.878290 0.006058
 0.025565 0.082585 0.064577 0.827272
 0.037570 0.076583 0.133971 0.751876
 0.861786 0.033065 0.088587 0.016562
 0.815267 0.036066 0.100592 0.048074
 0.158239 0.012057 0.814642 0.015061
 0.076585 0.140230 0.023184 0.760002
 0.580552 0.123100 0.254276 0.042072
 0.944318 0.006055 0.036066 0.013561
 0.023187 0.756995 0.033065 0.186753

MOTIF 9-WAAAAAWAMAAAAA STREME-9
letter-probability matrix: alength= 4 w= 14 nsites= 771 E= 2.0e-014
 0.416071 0.025652 0.007905 0.550372
 0.990018 0.000059 0.009861 0.000062
 0.994078 0.000059 0.005800 0.000062
 0.945409 0.048728 0.000059 0.005804
 0.990716 0.000059 0.005103 0.004122
 0.966766 0.018267 0.009163 0.005804
 0.471135 0.014262 0.034890 0.479713
 0.992771 0.000059 0.007108 0.000062
 0.456967 0.515959 0.017404 0.009670
 0.991414 0.005103 0.003421 0.000062
 0.989576 0.000059 0.010303 0.000062
 0.974919 0.003421 0.003421 0.018238
 0.977964 0.001740 0.018553 0.001744
 0.921866 0.024619 0.001740 0.051775

MOTIF 10-GGATCRCTTGA STREME-10
letter-probability matrix: alength= 4 w= 11 nsites= 670 E= 5.4e-013
 0.050498 0.000065 0.949368 0.000069
 0.323917 0.000065 0.672231 0.003787
 0.999801 0.000065 0.000065 0.000069
 0.000069 0.000065 0.000065 0.999801
 0.000069 0.821643 0.000065 0.178223
 0.519180 0.020517 0.460234 0.000069
 0.005646 0.964485 0.000065 0.029804
 0.000069 0.177448 0.000065 0.822418
 0.000069 0.000065 0.000065 0.999801
 0.007505 0.000065 0.992361 0.000069
 0.999801 0.000065 0.000065 0.000069

MOTIF 11-CTCACTGCARCCTC STREME-11
letter-probability matrix: alength= 4 w= 14 nsites= 492 E= 6.2e-013
 0.009493 0.917442 0.025948 0.047118
 0.000087 0.003410 0.007137 0.989366
 0.002439 0.956441 0.003410 0.037711
 0.973881 0.018895 0.007137 0.000087
 0.007141 0.936252 0.014192 0.042415
 0.023602 0.011839 0.007137 0.957422
 0.021250 0.002434 0.976229 0.000087
 0.012820 0.944682 0.000082 0.042415
 0.985639 0.009488 0.004785 0.000087
 0.579010 0.000082 0.406711 0.014196
 0.007141 0.923511 0.042418 0.026929
 0.004790 0.966823 0.004785 0.023602
 0.014196 0.011839 0.000082 0.973882
 0.009493 0.696247 0.004785 0.289474

MOTIF 12-CCCCDCCCC STREME-12
letter-probability matrix: alength= 4 w= 9 nsites= 2223 E= 3.4e-012
 0.018468 0.981430 0.000050 0.000052
 0.000052 0.969475 0.000050 0.030423
 0.000052 0.999846 0.000050 0.000052
 0.000052 0.934825 0.009679 0.055443
 0.456878 0.000050 0.253297 0.289775
 0.026418 0.690300 0.045387 0.237895
 0.000052 0.989801 0.010094 0.000052
 0.000052 0.742222 0.008871 0.248855
 0.000052 0.999846 0.000050 0.000052

MOTIF 13-CTTTGAWCT STREME-13
letter-probability matrix: alength= 4 w= 9 nsites= 1955 E= 5.4e-009
 0.000105 0.999692 0.000099 0.000105
 0.000105 0.042159 0.000099 0.957637
 0.000105 0.000099 0.000099 0.999697
 0.000105 0.000099 0.000099 0.999697
 0.000105 0.000099 0.999692 0.000105
 0.685799 0.068325 0.048024 0.197852
 0.505973 0.014168 0.000099 0.479760
 0.041509 0.723099 0.235287 0.000105
 0.000105 0.236142 0.009887 0.753866

MOTIF 14-KTWGAGACRGRGTYT STREME-14
letter-probability matrix: alength= 4 w= 15 nsites= 563 E= 2.6e-008
 0.034158 0.009535 0.475165 0.481142
 0.030371 0.045517 0.010321 0.913792
 0.585008 0.005748 0.034155 0.375089
 0.022796 0.017111 0.933510 0.026584
 0.980859 0.011429 0.005748 0.001964
 0.073928 0.017110 0.906998 0.001964
 0.961136 0.013323 0.016002 0.009539
 0.022795 0.733874 0.005748 0.237583
 0.639967 0.003854 0.346640 0.009539
 0.150466 0.030367 0.817203 0.001964
 0.331523 0.032260 0.622890 0.013327
 0.121272 0.009535 0.840716 0.028477
 0.000070 0.013323 0.015217 0.971390
 0.001964 0.569042 0.000066 0.428928
 0.000070 0.009535 0.000066 0.990328

MOTIF 15-CRCCACTGCACTCCA STREME-15
letter-probability matrix: alength= 4 w= 15 nsites= 318 E= 3.2e-008
 0.010172 0.688150 0.043657 0.258021
 0.507293 0.026911 0.435529 0.030267
 0.010172 0.825472 0.010165 0.154191
 0.020219 0.922603 0.006816 0.050362
 0.915912 0.006816 0.053704 0.023568
 0.013521 0.785278 0.010165 0.191036
 0.020219 0.003467 0.003467 0.972848
 0.023568 0.000117 0.976190 0.000124
 0.016870 0.858969 0.030260 0.093900
 0.964760 0.031649 0.000117 0.003473
 0.013521 0.755127 0.023562 0.207791
 0.026918 0.016863 0.010165 0.946054
 0.040314 0.902508 0.023562 0.033616
 0.000124 0.936000 0.000117 0.063758
 0.986245 0.006816 0.000117 0.006822

MOTIF 16-GATGACTCA STREME-16
letter-probability matrix: alength= 4 w= 9 nsites= 1179 E= 1.4e-007
 0.161194 0.194004 0.457851 0.186950
 0.655421 0.000115 0.317451 0.027012
 0.000122 0.000115 0.000115 0.999647
 0.000122 0.000115 0.999640 0.000122
 0.999647 0.000115 0.000115 0.000122
 0.000122 0.803836 0.156433 0.039609
 0.023453 0.000115 0.005171 0.971261
 0.036900 0.962862 0.000115 0.000122
 0.995140 0.000115 0.004623 0.000122

MOTIF 17-CTCATTTAATCCTC STREME-17
letter-probability matrix: alength= 4 w= 14 nsites= 351 E= 2.7e-007
 0.043026 0.815755 0.015433 0.125786
 0.000114 0.021564 0.018498 0.959824
 0.024635 0.831081 0.012368 0.131916
 0.861739 0.076736 0.030759 0.030765
 0.024635 0.063490 0.012368 0.899507
 0.003179 0.033824 0.033824 0.929173
 0.012374 0.024629 0.070607 0.892390
 0.821891 0.082867 0.082868 0.012374
 0.886260 0.036890 0.049150 0.027700
 0.009309 0.027694 0.000107 0.962889
 0.049157 0.747049 0.021563 0.182231
 0.033830 0.775907 0.006238 0.184025
 0.027700 0.043021 0.003173 0.926107
 0.021570 0.783830 0.035097 0.159504

MOTIF 18-CCTGGGTTCAARTC STREME-18
letter-probability matrix: alength= 4 w= 14 nsites= 825 E= 9.0e-007
 0.008251 0.885996 0.031581 0.074173
 0.009889 0.845167 0.042647 0.102297
 0.047965 0.134692 0.019714 0.797630
 0.024631 0.008248 0.945087 0.022035
 0.049603 0.021351 0.910287 0.018759
 0.062305 0.037453 0.882162 0.018079
 0.019717 0.175203 0.024349 0.780731
 0.008251 0.059706 0.027904 0.904140
 0.024631 0.859908 0.041008 0.074454
 0.691472 0.090549 0.158950 0.059029
 0.879974 0.046323 0.030374 0.043329
 0.477296 0.019713 0.462938 0.040053
 0.034459 0.226785 0.063662 0.675094
 0.063944 0.680808 0.162098 0.093150

MOTIF 19-ACTTTGGGAGGCCRA STREME-19
letter-probability matrix: alength= 4 w= 15 nsites= 309 E= 1.1e-006
 0.909758 0.024317 0.065797 0.000128
 0.007041 0.951231 0.010491 0.031237
 0.000128 0.003578 0.010491 0.985804
 0.000128 0.027773 0.010491 0.961608
 0.000128 0.010491 0.003578 0.985803
 0.048521 0.010491 0.937403 0.003585
 0.038151 0.003578 0.944318 0.013954
 0.041607 0.000121 0.954688 0.003585
 0.971977 0.003578 0.020861 0.003585
 0.024325 0.007034 0.961600 0.007041
 0.034694 0.007034 0.958143 0.000128
 0.000128 0.954687 0.000121 0.045064
 0.041608 0.816410 0.013948 0.128034
 0.553695 0.065802 0.356179 0.024324
 0.944323 0.003578 0.048514 0.003585

MOTIF 20-AGCTGTGTGACYTTR STREME-20
letter-probability matrix: alength= 4 w= 15 nsites= 474 E= 8.3e-006
 0.634465 0.036878 0.119673 0.208984
 0.018484 0.004680 0.958352 0.018484
 0.011585 0.916954 0.013880 0.057582
 0.002385 0.013880 0.000081 0.983655
 0.075980 0.062177 0.845659 0.016184
 0.016184 0.004680 0.029979 0.949157
 0.043782 0.000081 0.956052 0.000085
 0.062181 0.013880 0.006980 0.916959
 0.013884 0.009280 0.962951 0.013884
 0.777059 0.068685 0.075976 0.078280
 0.000085 0.847005 0.004680 0.148230
 0.046082 0.503754 0.041478 0.408686
 0.034583 0.161634 0.036878 0.766904
 0.075981 0.166628 0.144973 0.612419
 0.305970 0.095330 0.587116 0.011584

MOTIF 21-CCACATTCC STREME-21
letter-probability matrix: alength= 4 w= 9 nsites= 819 E= 6.4e-005
 0.036778 0.650607 0.146513 0.166101
 0.092587 0.607881 0.040495 0.259037
 0.719846 0.000221 0.279698 0.000234
 0.164742 0.792671 0.042354 0.000234
 0.883017 0.035706 0.081043 0.000234
 0.000234 0.000221 0.000221 0.999323
 0.000234 0.000221 0.000221 0.999323
 0.000234 0.999311 0.000221 0.000234
 0.000234 0.999311 0.000221 0.000234

MOTIF 22-RTTRYRYAAY STREME-22
letter-probability matrix: alength= 4 w= 10 nsites= 738 E= 1.2e-004
 0.471764 0.000119 0.527992 0.000125
 0.000125 0.000119 0.000119 0.999637
 0.000125 0.000119 0.000119 0.999637
 0.381712 0.000119 0.618044 0.000125
 0.146433 0.526641 0.000119 0.326807
 0.326807 0.000119 0.526641 0.146433
 0.000125 0.618044 0.000119 0.381712
 0.999637 0.000119 0.000119 0.000125
 0.999637 0.000119 0.000119 0.000125
 0.000125 0.527992 0.000119 0.471764

MOTIF 23-AGCACCTACTATGT STREME-23
letter-probability matrix: alength= 4 w= 14 nsites= 263 E= 2.0e-004
 0.897442 0.016482 0.040991 0.045084
 0.075372 0.012397 0.912079 0.000151
 0.000151 0.815739 0.012398 0.171712
 0.921951 0.008313 0.069585 0.000151
 0.032830 0.785448 0.024652 0.157070
 0.000151 0.744600 0.004228 0.251021
 0.012406 0.020567 0.004228 0.962799
 0.903917 0.020567 0.073669 0.001847
 0.000151 0.926028 0.004228 0.069593
 0.008321 0.098178 0.000143 0.893358
 0.577119 0.045077 0.251025 0.126780
 0.026355 0.201993 0.020567 0.751085
 0.267358 0.000143 0.732347 0.000151
 0.000151 0.085924 0.016483 0.897442

MOTIF 24-CATTCATTCATTY STREME-24
letter-probability matrix: alength= 4 w= 13 nsites= 205 E= 5.7e-004
 0.000209 0.878802 0.017090 0.103900
 0.972651 0.011459 0.000197 0.015693
 0.000209 0.000197 0.045243 0.954351
 0.011470 0.137671 0.039612 0.811247
 0.000209 0.898031 0.000197 0.101563
 0.869890 0.050876 0.045242 0.033992
 0.013807 0.000197 0.112813 0.873183
 0.000209 0.045242 0.101548 0.853001
 0.073406 0.839007 0.062135 0.025452
 0.875522 0.045243 0.079026 0.000209
 0.033993 0.043554 0.039611 0.882842
 0.000209 0.019426 0.000197 0.980168
 0.014285 0.605606 0.031750 0.348359

MOTIF 25-CCCWTCCCC STREME-25
letter-probability matrix: alength= 4 w= 9 nsites= 1326 E= 1.1e-003
 0.000267 0.835664 0.000252 0.163817
 0.000267 0.862628 0.000252 0.136854
 0.000267 0.999215 0.000252 0.000267
 0.339373 0.000252 0.092548 0.567827
 0.000267 0.000252 0.166511 0.832970
 0.000267 0.999215 0.000252 0.000267
 0.000267 0.746718 0.252749 0.000267
 0.000267 0.999215 0.000252 0.000267
 0.000267 0.883200 0.000546 0.115987

MOTIF 26-ATCCCAGCTCHS STREME-26
letter-probability matrix: alength= 4 w= 12 nsites= 411 E= 1.8e-003
 0.952563 0.012753 0.000105 0.034579
 0.027433 0.009065 0.000105 0.963398
 0.000111 0.951978 0.000105 0.047806
 0.130145 0.713185 0.048621 0.108049
 0.003097 0.836245 0.006078 0.154580
 0.883135 0.037183 0.076585 0.003097
 0.019644 0.012627 0.937651 0.030078
 0.021459 0.930152 0.025237 0.023153
 0.110669 0.076174 0.025237 0.787920
 0.073926 0.890913 0.012626 0.022535
 0.291873 0.242335 0.009064 0.456728
 0.111721 0.421730 0.355662 0.110887

MOTIF 27-ATGATGCAATSW STREME-27
letter-probability matrix: alength= 4 w= 12 nsites= 667 E= 1.9e-003
 0.610779 0.126001 0.261210 0.002011
 0.000072 0.000068 0.000068 0.999792
 0.005128 0.000068 0.994733 0.000072
 0.625709 0.000068 0.099920 0.274303
 0.059697 0.103631 0.022444 0.814229
 0.000072 0.012074 0.987782 0.000072
 0.267453 0.592379 0.000068 0.140099
 0.933977 0.065883 0.000068 0.000072
 0.999792 0.000068 0.000068 0.000072
 0.000072 0.117318 0.099941 0.782669
 0.186944 0.469682 0.263376 0.079998
 0.303900 0.180429 0.148117 0.367554

MOTIF 28-ACTCCTGACC STREME-28
letter-probability matrix: alength= 4 w= 10 nsites= 152 E= 2.3e-003
 0.998837 0.000380 0.000380 0.000402
 0.000402 0.998816 0.000380 0.000402
 0.000402 0.000380 0.000380 0.998837
 0.000402 0.998816 0.000380 0.000402
 0.000402 0.980617 0.018579 0.000402
 0.000402 0.079265 0.000380 0.919953
 0.000402 0.000380 0.998816 0.000402
 0.998837 0.000380 0.000380 0.000402
 0.000402 0.998816 0.000380 0.000402
 0.000402 0.998816 0.000380 0.000402

MOTIF 29-CCCAGC STREME-29
letter-probability matrix: alength= 4 w= 6 nsites= 3660 E= 3.8e-003
 0.023364 0.931182 0.022091 0.023364
 0.023364 0.931182 0.022091 0.023364
 0.023364 0.931182 0.022091 0.023364
 0.932455 0.022091 0.022091 0.023364
 0.023364 0.022091 0.931182 0.023364
 0.023364 0.931182 0.022091 0.023364

MOTIF 30-CAGGAGTTTGAGACC STREME-30
letter-probability matrix: alength= 4 w= 15 nsites= 164 E= 4.6e-003
 0.000230 0.924871 0.025035 0.049865
 0.931089 0.006422 0.056056 0.006434
 0.111907 0.000218 0.887645 0.000230
 0.037456 0.012626 0.949688 0.000230
 0.980722 0.000218 0.018830 0.000230
 0.037456 0.018830 0.937280 0.006434
 0.025047 0.012626 0.006422 0.955905
 0.006434 0.012626 0.006422 0.974518
 0.012638 0.267003 0.068465 0.651894
 0.062274 0.018831 0.906256 0.012638
 0.974518 0.000218 0.018830 0.006434
 0.049864 0.031239 0.881442 0.037455
 0.943496 0.012626 0.037443 0.006434
 0.018843 0.918668 0.018830 0.043660
 0.025048 0.782168 0.006422 0.186363

MOTIF 31-ACACACACACACAC STREME-31
letter-probability matrix: alength= 4 w= 14 nsites= 389 E= 6.1e-003
 0.999457 0.000177 0.000177 0.000188
 0.088578 0.747030 0.010822 0.153570
 0.735298 0.000177 0.264337 0.000188
 0.000188 0.984327 0.000177 0.015308
 0.999457 0.000177 0.000177 0.000188
 0.000188 0.999447 0.000177 0.000188
 0.880327 0.000177 0.114246 0.005250
 0.000188 0.849917 0.005239 0.144656
 0.869311 0.000177 0.120200 0.010312
 0.088542 0.767551 0.000177 0.143729
 0.894235 0.000177 0.105400 0.000188
 0.000188 0.819602 0.000177 0.180032
 0.963042 0.000177 0.036593 0.000188
 0.000188 0.999447 0.000177 0.000188

MOTIF 32-AGGAAACTGAGG STREME-32
letter-probability matrix: alength= 4 w= 12 nsites= 396 E= 1.9e-002
 0.963913 0.008403 0.020698 0.006986
 0.033320 0.006979 0.956144 0.003557
 0.183862 0.039756 0.698262 0.078121
 0.948783 0.003550 0.033314 0.014354
 0.938141 0.012262 0.024635 0.024961
 0.871327 0.025767 0.066032 0.036874
 0.051554 0.820388 0.043816 0.084242
 0.100688 0.057841 0.059924 0.781548
 0.131849 0.003588 0.854147 0.010416
 0.878485 0.015692 0.057682 0.048142
 0.100650 0.020697 0.799798 0.078855
 0.169069 0.016435 0.769231 0.045264

MOTIF 33-AGACTCYGTCTC STREME-33
letter-probability matrix: alength= 4 w= 12 nsites= 118 E= 3.7e-002
 0.966268 0.029067 0.000336 0.004330
 0.000355 0.000336 0.960645 0.038664
 0.979819 0.000336 0.000336 0.019509
 0.000355 0.998954 0.000336 0.000355
 0.048244 0.253389 0.013887 0.684479
 0.000355 0.912758 0.038645 0.048242
 0.000355 0.339593 0.000336 0.659716
 0.134460 0.000336 0.864849 0.000355
 0.000355 0.000336 0.000336 0.998973
 0.019510 0.979799 0.000336 0.000355
 0.000355 0.000336 0.000336 0.998973
 0.000355 0.966247 0.000336 0.033062

MOTIF 34-AATSATTAAC STREME-34
letter-probability matrix: alength= 4 w= 10 nsites= 550 E= 4.5e-002
 0.827964 0.000169 0.117031 0.054836
 0.975938 0.000169 0.000169 0.023724
 0.099861 0.000619 0.000169 0.899351
 0.168911 0.353270 0.477640 0.000179
 0.722372 0.000169 0.181112 0.096347
 0.082031 0.030369 0.066422 0.821178
 0.000179 0.048681 0.000169 0.950971
 0.954824 0.000169 0.000169 0.044838
 0.953399 0.000169 0.000169 0.046262
 0.000179 0.999472 0.000169 0.000179

MOTIF 35-TTAATCCTCACAACA STREME-35
letter-probability matrix: alength= 4 w= 15 nsites= 269 E= 4.9e-002
 0.019865 0.090846 0.011970 0.877319
 0.031697 0.167416 0.122397 0.678489
 0.877319 0.071127 0.047464 0.004090
 0.837879 0.051408 0.098734 0.011978
 0.059304 0.047464 0.063240 0.829992
 0.008034 0.777078 0.047465 0.167423
 0.008034 0.794490 0.011970 0.185506
 0.011978 0.031689 0.000138 0.956195
 0.015921 0.786602 0.011970 0.185506
 0.794498 0.118453 0.055352 0.031697
 0.102686 0.664343 0.047464 0.185507
 0.904925 0.047464 0.039577 0.008034
 0.855963 0.051408 0.092483 0.000146
 0.004090 0.853648 0.004082 0.138180
 0.769198 0.139809 0.008026 0.082966

MOTIF 36-CACAGTGCCTGG STREME-36
letter-probability matrix: alength= 4 w= 12 nsites= 550 E= 6.7e-002
 0.081722 0.802320 0.049565 0.066392
 0.868649 0.054124 0.052620 0.024608
 0.044252 0.867327 0.030772 0.057649
 0.851972 0.063812 0.042005 0.042212
 0.079863 0.037817 0.840665 0.041655
 0.061879 0.044829 0.023201 0.870092
 0.058951 0.061884 0.815558 0.063608
 0.024661 0.901087 0.041097 0.033155
 0.048266 0.868364 0.022036 0.061334
 0.051961 0.037525 0.016495 0.894019
 0.067335 0.012438 0.883305 0.036922
 0.060884 0.055136 0.828959 0.055021

MOTIF 37-CAGCCTCCYRAGTAG STREME-37
letter-probability matrix: alength= 4 w= 15 nsites= 147 E= 6.9e-002
 0.021825 0.927353 0.007438 0.043384
 0.941740 0.000252 0.000252 0.057756
 0.064943 0.014625 0.912980 0.007453
 0.057757 0.877049 0.028997 0.036197
 0.000266 0.992029 0.000252 0.007453
 0.086504 0.000252 0.007438 0.905806
 0.036198 0.862676 0.043370 0.057757
 0.021825 0.970470 0.007438 0.000266
 0.014639 0.568020 0.028997 0.388344
 0.302113 0.057742 0.575201 0.064943
 0.891436 0.021811 0.057742 0.029012
 0.057757 0.000252 0.934539 0.007453
 0.007453 0.000252 0.000252 0.992043
 0.992043 0.000252 0.000252 0.007453
 0.021825 0.014624 0.963284 0.000266

MOTIF 38-GCTCTGTCACC STREME-38
letter-probability matrix: alength= 4 w= 11 nsites= 157 E= 6.9e-002
 0.117090 0.000441 0.781940 0.100529
 0.000466 0.973475 0.025592 0.000466
 0.013042 0.053173 0.019814 0.913972
 0.000466 0.926582 0.000441 0.072511
 0.000466 0.063320 0.000441 0.935773
 0.000466 0.000441 0.998627 0.000466
 0.000466 0.051726 0.000441 0.947366
 0.000466 0.998627 0.000441 0.000466
 0.735290 0.000441 0.216986 0.047283
 0.000466 0.986051 0.000441 0.013042
 0.000466 0.883016 0.025592 0.090926

MOTIF 39-AGTAGCTGGGAC STREME-39
letter-probability matrix: alength= 4 w= 12 nsites= 77 E= 7.4e-002
 0.961724 0.000637 0.018801 0.018838
 0.000674 0.018801 0.979852 0.000674
 0.000674 0.000637 0.000637 0.998053
 0.998053 0.000637 0.000637 0.000674
 0.037003 0.018801 0.943522 0.000674
 0.091503 0.907187 0.000637 0.000674
 0.037003 0.018801 0.000637 0.943559
 0.127839 0.000637 0.870850 0.000674
 0.119498 0.000637 0.806529 0.073335
 0.018838 0.018801 0.925358 0.037003
 0.998053 0.000637 0.000637 0.000674
 0.000674 0.998016 0.000637 0.000674

MOTIF 40-CACGTG STREME-40
letter-probability matrix: alength= 4 w= 6 nsites= 744 E= 1.1e-001
 0.023364 0.931182 0.022091 0.023364
 0.932455 0.022091 0.022091 0.023364
 0.023364 0.931182 0.022091 0.023364
 0.023364 0.022091 0.931182 0.023364
 0.023364 0.022091 0.022091 0.932455
 0.023364 0.022091 0.931182 0.023364

MOTIF 41-AAATATTGAC STREME-41
letter-probability matrix: alength= 4 w= 10 nsites= 473 E= 1.3e-001
 0.772264 0.131591 0.046915 0.049230
 0.985133 0.007745 0.002298 0.004824
 0.825552 0.054694 0.014223 0.105531
 0.000277 0.037450 0.000772 0.961501
 0.936685 0.001080 0.061958 0.000277
 0.014389 0.014223 0.031074 0.940314
 0.000362 0.022713 0.001277 0.975648
 0.041807 0.042896 0.892568 0.022728
 0.934757 0.012437 0.022011 0.030796
 0.024613 0.831490 0.035262 0.108634

MOTIF 42-AAAGTCAACA STREME-42
letter-probability matrix: alength= 4 w= 10 nsites= 145 E= 1.3e-001
 0.687001 0.000493 0.000493 0.312013
 0.959251 0.000493 0.000493 0.039763
 0.998493 0.000493 0.000493 0.000521
 0.000521 0.000493 0.998464 0.000521
 0.000521 0.000493 0.000493 0.998493
 0.000521 0.998464 0.000493 0.000521
 0.998493 0.000493 0.000493 0.000521
 0.998493 0.000493 0.000493 0.000521
 0.000521 0.998464 0.000493 0.000521
 0.942246 0.000493 0.056740 0.000521

MOTIF 43-GGCAGAGGGAACAG STREME-43
letter-probability matrix: alength= 4 w= 14 nsites= 229 E= 1.4e-001
 0.067862 0.005641 0.920845 0.005652
 0.035163 0.021064 0.927221 0.016552
 0.077836 0.763722 0.060141 0.098301
 0.939466 0.005641 0.054691 0.000202
 0.038351 0.011091 0.950356 0.000202
 0.871807 0.065590 0.018802 0.043801
 0.136449 0.000191 0.857708 0.005652
 0.103750 0.011091 0.879507 0.005652
 0.111463 0.021990 0.795496 0.071051
 0.758162 0.125662 0.105074 0.011102
 0.893605 0.049240 0.046052 0.011102
 0.067864 0.719074 0.107050 0.106012
 0.855456 0.043791 0.084201 0.016552
 0.046063 0.016541 0.931744 0.005652

MOTIF 44-CTCTGC STREME-44
letter-probability matrix: alength= 4 w= 6 nsites= 3632 E= 2.9e-001
 0.023364 0.931182 0.022091 0.023364
 0.023364 0.022091 0.022091 0.932455
 0.023364 0.931182 0.022091 0.023364
 0.023364 0.022091 0.022091 0.932455
 0.023364 0.022091 0.931182 0.023364
 0.023364 0.931182 0.022091 0.023364

MOTIF 45-TATTGTGAAAT STREME-45
letter-probability matrix: alength= 4 w= 11 nsites= 86 E= 3.0e-001
 0.018039 0.077155 0.047514 0.857292
 0.773193 0.194968 0.031284 0.000554
 0.006760 0.000524 0.023561 0.969154
 0.006760 0.015478 0.030432 0.947330
 0.030128 0.045387 0.900893 0.023592
 0.008637 0.000524 0.022369 0.968469
 0.005033 0.001916 0.992496 0.000554
 0.992191 0.000524 0.006730 0.000554
 0.964217 0.025618 0.003405 0.006760
 0.995517 0.000524 0.000524 0.003435
 0.015508 0.120170 0.120170 0.744152

MOTIF 46-CTTCCTGGA STREME-46
letter-probability matrix: alength= 4 w= 9 nsites= 265 E= 3.4e-001
 0.000816 0.997596 0.000772 0.000816
 0.000816 0.000772 0.021553 0.976860
 0.000816 0.000772 0.000772 0.997641
 0.000816 0.997596 0.000772 0.000816
 0.000816 0.955035 0.043333 0.000816
 0.000816 0.099442 0.130077 0.769665
 0.087690 0.017374 0.894121 0.000816
 0.000816 0.000772 0.997596 0.000816
 0.997641 0.000772 0.000772 0.000816

MOTIF 47-GGGAGGGAG STREME-47
letter-probability matrix: alength= 4 w= 9 nsites= 1793 E= 4.0e-001
 0.000242 0.037425 0.962091 0.000242
 0.000242 0.067858 0.931658 0.000242
 0.050691 0.000229 0.847777 0.101303
 0.807741 0.142104 0.000229 0.049926
 0.084575 0.035514 0.758642 0.121269
 0.000242 0.086015 0.913501 0.000242
 0.313651 0.000229 0.680692 0.005428
 0.713043 0.209509 0.000229 0.077219
 0.000242 0.071718 0.912271 0.015769

MOTIF 48-ACCYGGGAGGCG STREME-48
letter-probability matrix: alength= 4 w= 12 nsites= 140 E= 4.9e-001
 0.904391 0.000291 0.095011 0.000308
 0.000308 0.956008 0.043377 0.000308
 0.028644 0.970758 0.000291 0.000308
 0.059569 0.513715 0.000291 0.426425
 0.223339 0.000291 0.776063 0.000308
 0.000308 0.000291 0.999094 0.000308
 0.028644 0.004776 0.966272 0.000308
 0.999111 0.000291 0.000291 0.000308
 0.000308 0.025183 0.974201 0.000308
 0.016902 0.000291 0.982499 0.000308
 0.000308 0.790463 0.000291 0.208938
 0.309603 0.043378 0.630117 0.016902

MOTIF 49-GGGAGCCATGGARGG STREME-49
letter-probability matrix: alength= 4 w= 15 nsites= 56 E= 6.0e-001
 0.043751 0.000753 0.954700 0.000796
 0.000796 0.000753 0.997654 0.000796
 0.000796 0.000753 0.997654 0.000796
 0.997698 0.000753 0.000753 0.000796
 0.000796 0.000753 0.997654 0.000796
 0.000796 0.954699 0.000753 0.043752
 0.000796 0.933221 0.000753 0.065229
 0.997698 0.000753 0.000753 0.000796
 0.031187 0.000753 0.000753 0.967307
 0.151142 0.000753 0.632531 0.215575
 0.000796 0.129617 0.847313 0.022274
 0.847353 0.108143 0.043708 0.000796
 0.460746 0.000753 0.451796 0.086706
 0.108184 0.000753 0.868789 0.022274
 0.065229 0.000753 0.933222 0.000796

MOTIF 50-RRAGARAGARAGRRA STREME-50
letter-probability matrix: alength= 4 w= 15 nsites= 652 E= 7.4e-001
 0.649548 0.000057 0.350336 0.000060
 0.424932 0.000057 0.574952 0.000060
 0.993368 0.006516 0.000057 0.000060
 0.000060 0.000057 0.999824 0.000060
 0.744778 0.000057 0.255105 0.000060
 0.376433 0.078237 0.540427 0.004904
 0.703491 0.008567 0.287882 0.000060
 0.235609 0.136232 0.595804 0.032356
 0.718706 0.000057 0.281178 0.000060
 0.367506 0.000057 0.619460 0.012978
 0.993368 0.000057 0.006516 0.000060
 0.317946 0.000057 0.681938 0.000060
 0.598132 0.089265 0.309313 0.003289
 0.546482 0.058859 0.382626 0.012034
 0.967982 0.000057 0.031902 0.000060

MOTIF 51-ACCTACCTCATAG STREME-51
letter-probability matrix: alength= 4 w= 13 nsites= 306 E= 7.5e-001
 0.744712 0.024161 0.161259 0.069869
 0.017823 0.846453 0.016154 0.119570
 0.004152 0.905822 0.000140 0.089885
 0.040183 0.035491 0.036171 0.888155
 0.952210 0.005805 0.017816 0.024169
 0.028173 0.860123 0.073863 0.037841
 0.056196 0.780054 0.020158 0.143592
 0.033157 0.068199 0.000140 0.898504
 0.013820 0.768044 0.068199 0.149937
 0.733383 0.089197 0.111556 0.065865
 0.048189 0.175612 0.029826 0.746372
 0.808086 0.024161 0.151591 0.016162
 0.130901 0.016154 0.843129 0.009817

MOTIF 52-AGATAA STREME-52
letter-probability matrix: alength= 4 w= 6 nsites= 2135 E= 7.8e-001
 0.932455 0.022091 0.022091 0.023364
 0.023364 0.022091 0.931182 0.023364
 0.932455 0.022091 0.022091 0.023364
 0.023364 0.022091 0.022091 0.932455
 0.932455 0.022091 0.022091 0.023364
 0.932455 0.022091 0.022091 0.023364

MOTIF 53-ATAYTAYRCAGC STREME-53
letter-probability matrix: alength= 4 w= 12 nsites= 116 E= 8.2e-001
 0.998981 0.000333 0.000333 0.000353
 0.000353 0.000333 0.000333 0.998981
 0.998981 0.000333 0.000333 0.000353
 0.000353 0.590017 0.000333 0.409297
 0.000353 0.000333 0.000333 0.998981
 0.998981 0.000333 0.000333 0.000353
 0.000353 0.428295 0.000333 0.571019
 0.352238 0.000333 0.494935 0.152493
 0.247636 0.751678 0.000333 0.000353
 0.970456 0.000333 0.028859 0.000353
 0.000353 0.009842 0.989453 0.000353
 0.000353 0.951420 0.000333 0.047894

MOTIF 54-GAMCTCCTGGGC STREME-54
letter-probability matrix: alength= 4 w= 12 nsites= 82 E= 8.2e-001
 0.183555 0.000537 0.800008 0.015900
 0.998357 0.000537 0.000537 0.000568
 0.347212 0.645320 0.000537 0.006931
 0.000568 0.982994 0.000537 0.015900
 0.000568 0.015869 0.000537 0.983025
 0.000568 0.972598 0.000537 0.026296
 0.000568 0.991963 0.000537 0.006931
 0.095515 0.068229 0.000537 0.835719
 0.000568 0.000537 0.998326 0.000568
 0.046564 0.000537 0.915303 0.037596
 0.098924 0.000537 0.884639 0.015899
 0.049519 0.934044 0.000537 0.015900

MOTIF 55-GAGGCTCAGAGA STREME-55
letter-probability matrix: alength= 4 w= 12 nsites= 339 E= 9.1e-001
 0.143843 0.013633 0.840493 0.002031
 0.970427 0.004649 0.020266 0.004658
 0.060426 0.024480 0.912500 0.002594
 0.031610 0.000157 0.968066 0.000167
 0.090494 0.791169 0.011569 0.106768
 0.128446 0.206312 0.038373 0.626869
 0.000167 0.889802 0.026168 0.083864
 0.894003 0.048119 0.042447 0.015431
 0.007086 0.003152 0.985104 0.004658
 0.918502 0.011005 0.007077 0.063416
 0.019001 0.000157 0.978811 0.002031
 0.845119 0.002585 0.147638 0.004658

MOTIF 56-GCAAACA STREME-56
letter-probability matrix: alength= 4 w= 7 nsites= 384 E= 1.1e+000
 0.023364 0.022091 0.931182 0.023364
 0.023364 0.931182 0.022091 0.023364
 0.932455 0.022091 0.022091 0.023364
 0.932455 0.022091 0.022091 0.023364
 0.932455 0.022091 0.022091 0.023364
 0.023364 0.931182 0.022091 0.023364
 0.932455 0.022091 0.022091 0.023364

MOTIF 57-GATAATAATAS STREME-57
letter-probability matrix: alength= 4 w= 11 nsites= 349 E= 1.1e+000
 0.266722 0.019551 0.681513 0.032214
 0.891223 0.075263 0.033360 0.000154
 0.000154 0.025056 0.000146 0.974644
 0.933679 0.000146 0.066022 0.000154
 0.997832 0.001869 0.000146 0.000154
 0.000154 0.000146 0.000146 0.999555
 0.913010 0.016752 0.070084 0.000154
 0.703690 0.000146 0.230919 0.065246
 0.000154 0.074888 0.000146 0.924813
 0.836156 0.039758 0.123931 0.000154
 0.176634 0.343395 0.383231 0.096740

MOTIF 58-AAAAAATTAGCC STREME-58
letter-probability matrix: alength= 4 w= 12 nsites= 113 E= 1.2e+000
 0.547640 0.206745 0.006249 0.239365
 0.944548 0.022096 0.011238 0.022118
 0.966263 0.032954 0.000381 0.000403
 0.987979 0.011238 0.000381 0.000403
 0.933687 0.022096 0.000381 0.043836
 0.998836 0.000381 0.000381 0.000403
 0.000403 0.022096 0.000381 0.977120
 0.000403 0.000381 0.000381 0.998836
 0.998836 0.000381 0.000381 0.000403
 0.032976 0.000381 0.966241 0.000403
 0.002494 0.994632 0.000381 0.002494
 0.000403 0.987957 0.011238 0.000403

MOTIF 59-CAAGATGGCG STREME-59
letter-probability matrix: alength= 4 w= 10 nsites= 76 E= 1.2e+000
 0.067631 0.822617 0.079335 0.030417
 0.897399 0.030381 0.000622 0.071598
 0.927156 0.000622 0.000622 0.071600
 0.000658 0.213477 0.785208 0.000658
 0.965467 0.000622 0.027942 0.005969
 0.030417 0.000622 0.000622 0.968340
 0.000658 0.000622 0.992752 0.005969
 0.004073 0.018355 0.923709 0.053862
 0.000658 0.998063 0.000622 0.000658
 0.000658 0.000622 0.998063 0.000658

MOTIF 60-CATTTCCCAG STREME-60
letter-probability matrix: alength= 4 w= 10 nsites= 65 E= 1.5e+000
 0.000907 0.997329 0.000857 0.000907
 0.935246 0.000857 0.062990 0.000907
 0.000907 0.000857 0.000857 0.997379
 0.000907 0.000857 0.000857 0.997379
 0.000907 0.000857 0.000857 0.997379
 0.000907 0.997329 0.000857 0.000907
 0.000907 0.988267 0.009919 0.000907
 0.000907 0.959656 0.038531 0.000907
 0.763464 0.009919 0.225709 0.000907
 0.000907 0.000857 0.997329 0.000907

MOTIF 61-AGGAAAYG STREME-61
letter-probability matrix: alength= 4 w= 8 nsites= 804 E= 1.6e+000
 0.931860 0.066916 0.000595 0.000629
 0.000629 0.071695 0.927047 0.000629
 0.000629 0.000595 0.906129 0.092647
 0.998181 0.000595 0.000595 0.000629
 0.998181 0.000595 0.000595 0.000629
 0.998181 0.000595 0.000595 0.000629
 0.000629 0.351159 0.000595 0.647617
 0.255863 0.000595 0.742913 0.000629

MOTIF 62-AAGTGACTTGC STREME-62
letter-probability matrix: alength= 4 w= 11 nsites= 319 E= 1.8e+000
 0.831919 0.066496 0.066629 0.034956
 0.802713 0.115149 0.029966 0.052171
 0.149032 0.049283 0.769605 0.032080
 0.017477 0.130378 0.000178 0.851967
 0.282527 0.013068 0.613765 0.090641
 0.962962 0.020473 0.000178 0.016387
 0.007600 0.925392 0.027652 0.039356
 0.000188 0.016121 0.017504 0.966187
 0.083083 0.053998 0.015399 0.847519
 0.065189 0.012431 0.911142 0.011237
 0.000420 0.969347 0.020709 0.009524

MOTIF 63-AGGACTTTG STREME-63
letter-probability matrix: alength= 4 w= 9 nsites= 505 E= 2.0e+000
 0.998865 0.000371 0.000371 0.000393
 0.000393 0.010962 0.988252 0.000393
 0.169980 0.210304 0.561866 0.057850
 0.998865 0.000371 0.000371 0.000393
 0.071949 0.927287 0.000371 0.000393
 0.000393 0.000371 0.000371 0.998865
 0.000393 0.000371 0.000371 0.998865
 0.000393 0.008482 0.086266 0.904860
 0.000393 0.000371 0.998843 0.000393

MOTIF 64-ACAAACA STREME-64
letter-probability matrix: alength= 4 w= 7 nsites= 828 E= 2.1e+000
 0.932455 0.022091 0.022091 0.023364
 0.023364 0.931182 0.022091 0.023364
 0.932455 0.022091 0.022091 0.023364
 0.932455 0.022091 0.022091 0.023364
 0.932455 0.022091 0.022091 0.023364
 0.023364 0.931182 0.022091 0.023364
 0.932455 0.022091 0.022091 0.023364

MOTIF 65-GGGYGGATCA STREME-65
letter-probability matrix: alength= 4 w= 10 nsites= 160 E= 2.2e+000
 0.000427 0.000404 0.998743 0.000427
 0.000427 0.000404 0.998743 0.000427
 0.000427 0.000404 0.998743 0.000427
 0.000427 0.616226 0.000404 0.382943
 0.261349 0.000404 0.737820 0.000427
 0.000427 0.000404 0.998743 0.000427
 0.998766 0.000404 0.000404 0.000427
 0.000427 0.000404 0.000404 0.998766
 0.000427 0.998743 0.000404 0.000427
 0.998766 0.000404 0.000404 0.000427

MOTIF 66-CTAAGCACTTTACAT STREME-66
letter-probability matrix: alength= 4 w= 15 nsites= 70 E= 2.4e+000
 0.026753 0.893502 0.066125 0.013620
 0.000487 0.013593 0.013593 0.972326
 0.998592 0.000460 0.000460 0.000487
 0.840997 0.000460 0.079258 0.079285
 0.053019 0.000460 0.906635 0.039886
 0.000487 0.735906 0.026727 0.236881
 0.775332 0.013593 0.184322 0.026753
 0.039886 0.840971 0.000460 0.118683
 0.026753 0.026726 0.000460 0.946061
 0.000487 0.052992 0.000460 0.946061
 0.000487 0.052992 0.105524 0.840996
 0.906662 0.092391 0.000460 0.000487
 0.079285 0.749040 0.000460 0.171215
 0.840998 0.013593 0.052992 0.092417
 0.236880 0.158056 0.066125 0.538939

MOTIF 67-ACATTTTCTTTATY STREME-67
letter-probability matrix: alength= 4 w= 14 nsites= 57 E= 2.4e+000
 0.960352 0.038291 0.000660 0.000698
 0.038329 0.885052 0.000660 0.075959
 0.885090 0.075922 0.019475 0.019513
 0.057143 0.038291 0.000660 0.903906
 0.000698 0.000660 0.038290 0.960353
 0.000698 0.113552 0.019475 0.866276
 0.094775 0.000660 0.038290 0.866275
 0.000698 0.941499 0.057106 0.000698
 0.000698 0.057106 0.000660 0.941537
 0.000698 0.000660 0.019475 0.979168
 0.075961 0.038290 0.038290 0.847459
 0.922721 0.075921 0.000660 0.000698
 0.000698 0.000660 0.000660 0.997983
 0.094775 0.565189 0.000660 0.339376

MOTIF 68-CTGAGGYAGGA STREME-68
letter-probability matrix: alength= 4 w= 11 nsites= 70 E= 2.4e+000
 0.000939 0.997235 0.000887 0.000939
 0.000939 0.178093 0.026201 0.794767
 0.000939 0.000887 0.997235 0.000939
 0.997286 0.000887 0.000887 0.000939
 0.000939 0.000887 0.997235 0.000939
 0.000939 0.000887 0.997235 0.000939
 0.000939 0.632267 0.000887 0.365907
 0.997286 0.000887 0.000887 0.000939
 0.000939 0.072528 0.925595 0.000939
 0.000939 0.000887 0.997235 0.000939
 0.997286 0.000887 0.000887 0.000939

MOTIF 69-AAACAAAACAAA STREME-69
letter-probability matrix: alength= 4 w= 12 nsites= 160 E= 2.4e+000
 0.963201 0.000298 0.020806 0.015696
 0.999090 0.000298 0.000298 0.000315
 0.948139 0.051248 0.000298 0.000315
 0.000315 0.796102 0.129571 0.074012
 0.791364 0.131596 0.025772 0.051267
 0.999090 0.000298 0.000298 0.000315
 0.948139 0.034265 0.000298 0.017298
 0.999090 0.000298 0.000298 0.000315
 0.000315 0.970765 0.000298 0.028622
 0.880922 0.067516 0.017281 0.034281
 0.933920 0.065468 0.000298 0.000315
 0.889102 0.094904 0.000298 0.015696

MOTIF 70-CCGAGTAG STREME-70
letter-probability matrix: alength= 4 w= 8 nsites= 99 E= 2.5e+000
 0.023364 0.931182 0.022091 0.023364
 0.023364 0.931182 0.022091 0.023364
 0.023364 0.022091 0.931182 0.023364
 0.932455 0.022091 0.022091 0.023364
 0.023364 0.022091 0.931182 0.023364
 0.023364 0.022091 0.022091 0.932455
 0.932455 0.022091 0.022091 0.023364
 0.023364 0.022091 0.931182 0.023364

MOTIF 71-MGGAAGTGR STREME-71
letter-probability matrix: alength= 4 w= 9 nsites= 1876 E= 2.6e+000
 0.546627 0.326699 0.126539 0.000134
 0.000134 0.015158 0.984573 0.000134
 0.000134 0.006135 0.904718 0.089012
 0.999611 0.000127 0.000127 0.000134
 0.875337 0.067573 0.000127 0.056963
 0.000134 0.000127 0.999604 0.000134
 0.000134 0.086896 0.000127 0.912843
 0.163936 0.072995 0.700562 0.062507
 0.325107 0.061549 0.613210 0.000134

MOTIF 72-CTGACCTCA STREME-72
letter-probability matrix: alength= 4 w= 9 nsites= 573 E= 3.6e+000
 0.030103 0.738652 0.163847 0.067398
 0.000476 0.031055 0.000942 0.967527
 0.051668 0.000450 0.930464 0.017419
 0.998624 0.000450 0.000450 0.000476
 0.058385 0.939642 0.000450 0.001523
 0.021849 0.811012 0.103662 0.063477
 0.038049 0.108709 0.006852 0.846390
 0.003516 0.960580 0.000450 0.035454
 0.941042 0.045193 0.013289 0.000476

MOTIF 73-ACAAATA STREME-73
letter-probability matrix: alength= 4 w= 7 nsites= 542 E= 3.7e+000
 0.932455 0.022091 0.022091 0.023364
 0.023364 0.931182 0.022091 0.023364
 0.932455 0.022091 0.022091 0.023364
 0.932455 0.022091 0.022091 0.023364
 0.932455 0.022091 0.022091 0.023364
 0.023364 0.022091 0.022091 0.932455
 0.932455 0.022091 0.022091 0.023364

MOTIF 74-CACTTTGG STREME-74
letter-probability matrix: alength= 4 w= 8 nsites= 365 E= 3.7e+000
 0.023364 0.931182 0.022091 0.023364
 0.932455 0.022091 0.022091 0.023364
 0.023364 0.931182 0.022091 0.023364
 0.023364 0.022091 0.022091 0.932455
 0.023364 0.022091 0.022091 0.932455
 0.023364 0.022091 0.022091 0.932455
 0.023364 0.022091 0.931182 0.023364
 0.023364 0.022091 0.931182 0.023364

MOTIF 75-GAGGATTGCTTRAGC STREME-75
letter-probability matrix: alength= 4 w= 15 nsites= 77 E= 4.8e+000
 0.048554 0.012449 0.938552 0.000446
 0.998711 0.000422 0.000422 0.000446
 0.060581 0.000422 0.938551 0.000446
 0.000446 0.024476 0.938551 0.036527
 0.998711 0.000422 0.000422 0.000446
 0.000446 0.156774 0.000422 0.842359
 0.084636 0.277044 0.000422 0.637898
 0.168825 0.048530 0.698009 0.084636
 0.024500 0.902466 0.000422 0.072613
 0.012473 0.048530 0.012449 0.926549
 0.000446 0.048530 0.060557 0.890468
 0.301135 0.132720 0.541645 0.024500
 0.866414 0.000422 0.060557 0.072608
 0.000446 0.000422 0.998686 0.000446
 0.000446 0.746119 0.144746 0.108689

MOTIF 76-CCTTGACCTCT STREME-76
letter-probability matrix: alength= 4 w= 11 nsites= 80 E= 6.9e+000
 0.010969 0.982289 0.005693 0.001048
 0.038420 0.834160 0.051044 0.076377
 0.013119 0.083195 0.025744 0.877942
 0.026056 0.043644 0.005131 0.925168
 0.063724 0.037208 0.871501 0.027567
 0.943005 0.035747 0.008130 0.013118
 0.000469 0.989682 0.009380 0.000469
 0.003910 0.944577 0.013094 0.038420
 0.005719 0.019932 0.057882 0.916467
 0.139642 0.834146 0.013093 0.013119
 0.000469 0.174467 0.038394 0.786670

MOTIF 77-CCACTAGGTGGC STREME-77
letter-probability matrix: alength= 4 w= 12 nsites= 72 E= 8.4e+000
 0.017034 0.981782 0.000576 0.000609
 0.000609 0.948932 0.000576 0.049883
 0.827173 0.000576 0.155218 0.017034
 0.000609 0.965357 0.033425 0.000609
 0.132014 0.055127 0.017000 0.795859
 0.883264 0.082701 0.000576 0.033459
 0.000609 0.000576 0.998206 0.000609
 0.033459 0.000576 0.965356 0.000609
 0.082736 0.000576 0.082701 0.833987
 0.000609 0.000576 0.965356 0.033459
 0.000609 0.000576 0.942114 0.056701
 0.017034 0.883232 0.000576 0.099158

********************************************************************************
Stopped because 3 consecutive motifs exceeded the p-value threshold (0.05).
********************************************************************************
COMMAND:	streme --verbosity 1 --oc meme_out_incomplete_DL/HepG2_KDM1A-human_ENCFF617QAV/streme_out -dna --seed 0 --p meme_out_incomplete_DL/HepG2_KDM1A-human_ENCFF617QAV/seqs-centered --minw 6 --maxw 15 --time 6171 --order 2 --thresh 0.05 --align center --totallength 4000000 --parse-genomic-coord
********************************************************************************
CPU:		9f05ee173ae9
********************************************************************************
FINALTIME:	4427.22 seconds
********************************************************************************
