********************************************************************************
STREME - Sensitive, Thorough, Rapid, Enriched Motif Elicitation
********************************************************************************
MEME version 5.5.3 (Release date: Sat Jun 10 16:19:38 2023 -0700)

For further information on how to interpret these results please access http://localhost:8080/meme_5.5.3.
To get a copy of the MEME Suite software please access https://meme-suite.org.

********************************************************************************


********************************************************************************
REFERENCE
********************************************************************************
If you use this program in your research, please cite:

Timothy L. Bailey,
"STREME: accurate and versatile sequence motif discovery",
Bioinformatics, Mar. 24, 2021.
********************************************************************************


ALPHABET= ACGT

strands: + -

Background letter frequencies
A 0.233 C 0.267 G 0.267 T 0.233 

MOTIF 1-NWHTRTTTRYWYW STREME-1
letter-probability matrix: alength= 4 w= 13 nsites= 2156 E= 1.6e-025
 0.299971 0.277385 0.152563 0.270080
 0.392234 0.176157 0.126505 0.305104
 0.370948 0.207430 0.160647 0.260974
 0.000016 0.000018 0.000018 0.999947
 0.416692 0.000018 0.583274 0.000016
 0.000016 0.000018 0.000018 0.999947
 0.000016 0.000018 0.000496 0.999469
 0.000016 0.000018 0.096186 0.903780
 0.521389 0.000018 0.478577 0.000016
 0.075841 0.604738 0.000018 0.319403
 0.303098 0.139827 0.000018 0.557057
 0.093795 0.273279 0.172108 0.460818
 0.468194 0.000018 0.031663 0.500125

MOTIF 2-CAAAGKYCAN STREME-2
letter-probability matrix: alength= 4 w= 10 nsites= 2193 E= 1.1e-021
 0.000033 0.872949 0.024696 0.102322
 0.784266 0.183358 0.005576 0.026800
 0.878480 0.000038 0.103137 0.018345
 0.973506 0.000038 0.026423 0.000033
 0.000033 0.000038 0.999897 0.000033
 0.031322 0.000038 0.471327 0.497313
 0.078484 0.307393 0.092440 0.521683
 0.013981 0.912445 0.000038 0.073536
 0.953235 0.000038 0.020164 0.026563
 0.239492 0.280718 0.310984 0.168806

MOTIF 3-KRTTGYRCAAYM STREME-3
letter-probability matrix: alength= 4 w= 12 nsites= 1776 E= 6.2e-017
 0.172490 0.148649 0.368219 0.310642
 0.537322 0.057854 0.404798 0.000026
 0.000026 0.000029 0.000029 0.999915
 0.000026 0.000029 0.175662 0.824283
 0.252268 0.000029 0.545749 0.201953
 0.096031 0.549159 0.031609 0.323200
 0.323200 0.031609 0.549159 0.096031
 0.201953 0.545749 0.000029 0.252268
 0.824283 0.175662 0.000029 0.000026
 0.999915 0.000029 0.000029 0.000026
 0.000026 0.404798 0.057854 0.537322
 0.310642 0.368219 0.148649 0.172490

MOTIF 4-CCCCKCCCCCDSC STREME-4
letter-probability matrix: alength= 4 w= 13 nsites= 1062 E= 5.0e-011
 0.000040 0.887633 0.000046 0.112281
 0.004785 0.862614 0.000625 0.131975
 0.000040 0.985739 0.014181 0.000040
 0.082153 0.780195 0.000046 0.137606
 0.197875 0.000046 0.419595 0.382484
 0.044547 0.955368 0.000046 0.000040
 0.000040 0.999875 0.000046 0.000040
 0.060542 0.921638 0.017780 0.000040
 0.000040 0.986824 0.013096 0.000040
 0.041361 0.701395 0.194383 0.062861
 0.392921 0.157444 0.242364 0.207271
 0.122782 0.457148 0.301493 0.118577
 0.062944 0.634421 0.209982 0.092653

MOTIF 5-NVTGASTCABN STREME-5
letter-probability matrix: alength= 4 w= 11 nsites= 680 E= 9.6e-011
 0.237588 0.216704 0.333169 0.212538
 0.443309 0.225869 0.330756 0.000065
 0.000065 0.000075 0.000075 0.999785
 0.000065 0.000075 0.940714 0.059146
 0.999785 0.000075 0.000075 0.000065
 0.030193 0.469807 0.469807 0.030193
 0.000065 0.000075 0.000075 0.999785
 0.059146 0.940714 0.000075 0.000065
 0.999785 0.000075 0.000075 0.000065
 0.000065 0.330756 0.225869 0.443309
 0.212538 0.333169 0.216704 0.237588

MOTIF 6-ATTGCATCA STREME-6
letter-probability matrix: alength= 4 w= 9 nsites= 531 E= 2.8e-006
 0.534152 0.204747 0.260878 0.000223
 0.000223 0.000256 0.000256 0.999265
 0.000223 0.000256 0.000256 0.999265
 0.085028 0.000256 0.771766 0.142951
 0.000223 0.999298 0.000256 0.000223
 0.584908 0.113205 0.189946 0.111941
 0.091793 0.000256 0.000256 0.907695
 0.207842 0.736115 0.000256 0.055787
 0.978070 0.000256 0.021451 0.000223

MOTIF 7-AGATCAAAGN STREME-7
letter-probability matrix: alength= 4 w= 10 nsites= 671 E= 1.8e-005
 0.838858 0.010581 0.084138 0.066423
 0.000059 0.235348 0.762446 0.002148
 0.563780 0.000067 0.175561 0.260591
 0.045256 0.002020 0.006907 0.945817
 0.000078 0.908140 0.091431 0.000350
 0.952415 0.012428 0.021941 0.013216
 0.938559 0.000067 0.023095 0.038279
 0.692874 0.013439 0.263317 0.030370
 0.000059 0.012098 0.944789 0.043054
 0.303284 0.295603 0.208790 0.192323

MOTIF 8-GTTAATSATTAAC STREME-8
letter-probability matrix: alength= 4 w= 13 nsites= 176 E= 3.6e-004
 0.114535 0.027950 0.680643 0.176872
 0.067923 0.136899 0.057396 0.737782
 0.107424 0.110398 0.041451 0.740727
 0.958124 0.000227 0.032617 0.009032
 0.876177 0.072118 0.016172 0.035533
 0.077979 0.056174 0.003171 0.862676
 0.146926 0.353074 0.353074 0.146926
 0.862676 0.003171 0.056174 0.077979
 0.035533 0.016172 0.072118 0.876177
 0.009032 0.032617 0.000227 0.958124
 0.740727 0.041451 0.110398 0.107424
 0.737782 0.057396 0.136899 0.067923
 0.176872 0.680643 0.027950 0.114535

MOTIF 9-AGGCTGAGGTGGGAG STREME-9
letter-probability matrix: alength= 4 w= 15 nsites= 142 E= 2.0e-002
 0.899492 0.030960 0.069291 0.000258
 0.084585 0.015628 0.868865 0.030922
 0.023256 0.023294 0.953192 0.000258
 0.007924 0.884197 0.000295 0.107584
 0.115250 0.184283 0.061625 0.638842
 0.084585 0.000295 0.914862 0.000258
 0.983819 0.000295 0.000295 0.015590
 0.084585 0.030960 0.861198 0.023256
 0.000258 0.000295 0.983857 0.015590
 0.000258 0.332234 0.000295 0.667213
 0.270867 0.000295 0.636586 0.092252
 0.061587 0.000295 0.937860 0.000258
 0.038588 0.115288 0.845866 0.000258
 0.845829 0.107621 0.000295 0.046255
 0.092252 0.000295 0.907195 0.000258

MOTIF 10-SCAAAGTC STREME-10
letter-probability matrix: alength= 4 w= 8 nsites= 636 E= 3.0e-002
 0.121960 0.373679 0.397523 0.106838
 0.000357 0.947151 0.000410 0.052082
 0.998824 0.000410 0.000410 0.000357
 0.998824 0.000410 0.000410 0.000357
 0.768303 0.000410 0.230930 0.000357
 0.000357 0.000410 0.998876 0.000357
 0.000357 0.000410 0.000410 0.998824
 0.000357 0.998876 0.000410 0.000357

MOTIF 11-TGACSTCAYC STREME-11
letter-probability matrix: alength= 4 w= 10 nsites= 359 E= 4.2e-002
 0.000154 0.151923 0.000176 0.847746
 0.004730 0.027601 0.912811 0.054858
 0.916596 0.023055 0.000176 0.060173
 0.000154 0.935026 0.000176 0.064644
 0.053547 0.409851 0.519459 0.017144
 0.005966 0.024953 0.000176 0.968904
 0.027710 0.898641 0.040136 0.033512
 0.908977 0.014938 0.060716 0.015369
 0.083456 0.564652 0.061106 0.290786
 0.005366 0.669217 0.210354 0.115063

MOTIF 12-GCCCCGCCCRCC STREME-12
letter-probability matrix: alength= 4 w= 12 nsites= 179 E= 8.1e-002
 0.084634 0.000296 0.785946 0.129124
 0.000258 0.999189 0.000296 0.000258
 0.084634 0.792426 0.000296 0.122645
 0.104635 0.894812 0.000296 0.000258
 0.000258 0.999189 0.000296 0.000258
 0.124069 0.000296 0.875377 0.000258
 0.000258 0.953165 0.000296 0.046281
 0.000258 0.999189 0.000296 0.000258
 0.015599 0.936348 0.040125 0.007928
 0.549131 0.007966 0.282899 0.160004
 0.084634 0.686046 0.229062 0.000258
 0.000258 0.734493 0.082202 0.183047

MOTIF 13-GCTGGGAYTACAGG STREME-13
letter-probability matrix: alength= 4 w= 14 nsites= 155 E= 8.2e-002
 0.048460 0.034714 0.895926 0.020901
 0.000232 0.909705 0.007155 0.082908
 0.000232 0.020935 0.007155 0.971679
 0.131136 0.000265 0.868367 0.000232
 0.034680 0.014045 0.951043 0.000232
 0.048460 0.020935 0.930374 0.000232
 0.999237 0.000265 0.000265 0.000232
 0.000232 0.448096 0.014045 0.537628
 0.000232 0.076052 0.014045 0.909671
 0.916561 0.041604 0.041604 0.000232
 0.000232 0.868367 0.014045 0.117356
 0.964789 0.007155 0.014045 0.014011
 0.034680 0.014045 0.944154 0.007121
 0.076018 0.000265 0.882146 0.041570

MOTIF 14-CAGGAAGTAG STREME-14
letter-probability matrix: alength= 4 w= 10 nsites= 151 E= 1.5e-001
 0.110648 0.772472 0.061013 0.055867
 0.972489 0.000534 0.006282 0.020696
 0.000466 0.000534 0.994387 0.004614
 0.000466 0.014383 0.902201 0.082951
 0.959272 0.033981 0.000534 0.006214
 0.957532 0.027618 0.000534 0.014316
 0.014313 0.008020 0.977201 0.000466
 0.130312 0.072965 0.055683 0.741040
 0.965332 0.006282 0.000534 0.027853
 0.193752 0.249241 0.556542 0.000466

MOTIF 15-AAGATGGCGGCG STREME-15
letter-probability matrix: alength= 4 w= 12 nsites= 76 E= 1.6e-001
 0.998312 0.000588 0.000588 0.000513
 0.922045 0.000588 0.000588 0.076780
 0.076780 0.183628 0.723826 0.015766
 0.998312 0.000588 0.000588 0.000513
 0.031020 0.000588 0.000588 0.967805
 0.000513 0.000588 0.998387 0.000513
 0.000513 0.000588 0.998387 0.000513
 0.015766 0.983133 0.000588 0.000513
 0.000513 0.000588 0.967880 0.031020
 0.107286 0.061601 0.784840 0.046273
 0.067856 0.885283 0.031094 0.015766
 0.061526 0.168375 0.519202 0.250897

MOTIF 16-CTCGGCCTC STREME-16
letter-probability matrix: alength= 4 w= 9 nsites= 766 E= 2.9e-001
 0.068031 0.828081 0.079311 0.024578
 0.001459 0.030169 0.008130 0.960242
 0.014716 0.915993 0.042100 0.027192
 0.078272 0.015788 0.850168 0.055772
 0.137894 0.014659 0.779892 0.067556
 0.048212 0.843993 0.005690 0.102106
 0.023086 0.857609 0.080317 0.038987
 0.061446 0.023474 0.056654 0.858426
 0.113650 0.851501 0.003353 0.031496

MOTIF 17-GTCAACA STREME-17
letter-probability matrix: alength= 4 w= 7 nsites= 285 E= 3.3e-001
 0.021182 0.024273 0.933364 0.021182
 0.021182 0.024273 0.024273 0.930273
 0.021182 0.933364 0.024273 0.021182
 0.930273 0.024273 0.024273 0.021182
 0.930273 0.024273 0.024273 0.021182
 0.021182 0.933364 0.024273 0.021182
 0.930273 0.024273 0.024273 0.021182

MOTIF 18-CCGGAAGTGVC STREME-18
letter-probability matrix: alength= 4 w= 11 nsites= 235 E= 3.5e-001
 0.055018 0.687122 0.232591 0.025268
 0.153853 0.841175 0.004816 0.000156
 0.009431 0.004816 0.985597 0.000156
 0.000156 0.000179 0.990234 0.009431
 0.980936 0.000179 0.000179 0.018706
 0.936482 0.058546 0.000179 0.004793
 0.057731 0.000179 0.941935 0.000156
 0.000156 0.000179 0.000179 0.999487
 0.046531 0.110334 0.817474 0.025662
 0.418158 0.266885 0.305526 0.009431
 0.003247 0.583517 0.290579 0.122657

MOTIF 19-GTAAACAG STREME-19
letter-probability matrix: alength= 4 w= 8 nsites= 255 E= 4.0e-001
 0.000524 0.000600 0.998353 0.000524
 0.000524 0.000600 0.000600 0.998276
 0.998276 0.000600 0.000600 0.000524
 0.827705 0.143020 0.028008 0.001268
 0.921628 0.002964 0.067120 0.008288
 0.000524 0.952284 0.017966 0.029226
 0.916869 0.011599 0.024141 0.047391
 0.090947 0.265920 0.591784 0.051349

MOTIF 20-GGAAGGGAAG STREME-20
letter-probability matrix: alength= 4 w= 10 nsites= 545 E= 4.7e-001
 0.081916 0.046469 0.865380 0.006234
 0.034322 0.008599 0.883344 0.073736
 0.892134 0.014880 0.004220 0.088766
 0.822976 0.091176 0.013797 0.072051
 0.089860 0.073870 0.802479 0.033792
 0.017264 0.069349 0.843075 0.070313
 0.061518 0.000941 0.866150 0.071390
 0.802208 0.074072 0.060682 0.063039
 0.669315 0.154223 0.100959 0.075503
 0.072471 0.086490 0.714748 0.126291

MOTIF 21-RAACAAAGA STREME-21
letter-probability matrix: alength= 4 w= 9 nsites= 444 E= 5.2e-001
 0.618591 0.009004 0.364347 0.008058
 0.882604 0.022888 0.085070 0.009439
 0.961269 0.018447 0.020037 0.000247
 0.000247 0.962996 0.023601 0.013157
 0.989478 0.000283 0.003327 0.006913
 0.991855 0.000283 0.000283 0.007580
 0.978307 0.009137 0.012309 0.000247
 0.000247 0.206621 0.772475 0.020657
 0.659371 0.185792 0.154590 0.000247

MOTIF 22-ACATTCCAGC STREME-22
letter-probability matrix: alength= 4 w= 10 nsites= 350 E= 5.5e-001
 0.680426 0.000309 0.288717 0.030548
 0.000270 0.852709 0.146751 0.000270
 0.990974 0.005120 0.003637 0.000270
 0.000270 0.000309 0.000309 0.999112
 0.008288 0.011594 0.012022 0.968095
 0.012623 0.975086 0.012022 0.000270
 0.000270 0.975093 0.024367 0.000270
 0.755071 0.000309 0.008328 0.236292
 0.109993 0.017485 0.864235 0.008288
 0.148759 0.570703 0.182747 0.097791

MOTIF 23-GCGCATGCGC STREME-23
letter-probability matrix: alength= 4 w= 10 nsites= 151 E= 6.4e-001
 0.046585 0.005482 0.947624 0.000308
 0.031369 0.951385 0.016171 0.001074
 0.023234 0.000976 0.974599 0.001191
 0.001191 0.992679 0.001236 0.004893
 0.725768 0.163853 0.065078 0.045301
 0.045301 0.065078 0.163853 0.725768
 0.004893 0.001236 0.992679 0.001191
 0.001191 0.974599 0.000976 0.023234
 0.001074 0.016171 0.951385 0.031369
 0.000308 0.947624 0.005482 0.046585

MOTIF 24-CTGGGCTCAAGYGAT STREME-24
letter-probability matrix: alength= 4 w= 15 nsites= 103 E= 6.7e-001
 0.010640 0.937147 0.000397 0.051816
 0.000346 0.072454 0.010691 0.916509
 0.051816 0.000397 0.937147 0.010640
 0.257695 0.000397 0.731268 0.010640
 0.175343 0.134218 0.690092 0.000346
 0.010640 0.885678 0.010691 0.092992
 0.000346 0.020985 0.000397 0.978273
 0.000346 0.916560 0.000397 0.082698
 0.926803 0.062160 0.010691 0.000346
 0.865039 0.000397 0.123924 0.010640
 0.113580 0.000397 0.844502 0.041522
 0.051816 0.381273 0.051866 0.515044
 0.216519 0.041572 0.710680 0.031228
 0.988567 0.010691 0.000397 0.000346
 0.000346 0.010691 0.000397 0.988567

MOTIF 25-CACACACACACACAC STREME-25
letter-probability matrix: alength= 4 w= 15 nsites= 93 E= 6.7e-001
 0.000614 0.998068 0.000704 0.000614
 0.979707 0.000704 0.018975 0.000614
 0.000614 0.998068 0.000704 0.000614
 0.934029 0.055517 0.009839 0.000614
 0.055428 0.851898 0.018975 0.073699
 0.919956 0.000704 0.055517 0.023823
 0.000614 0.979796 0.000704 0.018885
 0.943164 0.018975 0.037246 0.000614
 0.018885 0.888440 0.000704 0.091970
 0.777197 0.000704 0.219958 0.002140
 0.000614 0.998068 0.000704 0.000614
 0.997978 0.000704 0.000704 0.000614
 0.000614 0.961525 0.000704 0.037157
 0.997978 0.000704 0.000704 0.000614
 0.041600 0.957082 0.000704 0.000614

MOTIF 26-AGGGCAGAGA STREME-26
letter-probability matrix: alength= 4 w= 10 nsites= 120 E= 7.4e-001
 0.925060 0.073303 0.000874 0.000763
 0.100255 0.023560 0.875422 0.000763
 0.138801 0.000874 0.859562 0.000763
 0.000763 0.000874 0.939970 0.058394
 0.072038 0.891378 0.000874 0.035710
 0.997489 0.000874 0.000874 0.000763
 0.000763 0.000874 0.997600 0.000763
 0.912912 0.023560 0.000874 0.062654
 0.000763 0.000874 0.997600 0.000763
 0.899705 0.000874 0.000874 0.098547

MOTIF 27-GCCGCCGCCGCCGC STREME-27
letter-probability matrix: alength= 4 w= 14 nsites= 153 E= 8.3e-001
 0.044330 0.000283 0.955140 0.000247
 0.000247 0.906208 0.018026 0.075519
 0.033309 0.823515 0.025374 0.117802
 0.036983 0.007630 0.918404 0.036983
 0.000247 0.897611 0.037019 0.065123
 0.029635 0.757392 0.095171 0.117802
 0.081066 0.001698 0.894947 0.022289
 0.000247 0.824139 0.040068 0.135545
 0.007594 0.878619 0.069457 0.044330
 0.072726 0.003332 0.909000 0.014941
 0.000247 0.933098 0.000283 0.066372
 0.000247 0.944119 0.037019 0.018615
 0.000247 0.029672 0.934347 0.035734
 0.051677 0.866974 0.081102 0.000247

MOTIF 28-CCATGGCAACN STREME-28
letter-probability matrix: alength= 4 w= 11 nsites= 143 E= 8.6e-001
 0.000258 0.873418 0.000295 0.126029
 0.015582 0.911728 0.015619 0.057071
 0.871366 0.013152 0.107563 0.007920
 0.000258 0.064771 0.038605 0.896366
 0.187325 0.007957 0.804460 0.000258
 0.115186 0.000295 0.884261 0.000258
 0.000258 0.871942 0.000295 0.127505
 0.861236 0.000295 0.130549 0.007920
 0.999152 0.000295 0.000295 0.000258
 0.000258 0.991528 0.007957 0.000258
 0.219448 0.204980 0.299825 0.275747

MOTIF 29-AAATTCCA STREME-29
letter-probability matrix: alength= 4 w= 8 nsites= 187 E= 1.3e+000
 0.997061 0.001023 0.001023 0.000893
 0.997061 0.001023 0.001023 0.000893
 0.997061 0.001023 0.001023 0.000893
 0.000893 0.001023 0.001023 0.997061
 0.204934 0.001023 0.001023 0.793020
 0.000893 0.997191 0.001023 0.000893
 0.000893 0.895298 0.068476 0.035333
 0.997061 0.001023 0.001023 0.000893

MOTIF 30-AGACYCTGTCTC STREME-30
letter-probability matrix: alength= 4 w= 12 nsites= 82 E= 1.3e+000
 0.929586 0.031265 0.000491 0.038658
 0.172459 0.000491 0.826622 0.000428
 0.998590 0.000491 0.000491 0.000428
 0.000428 0.852108 0.000491 0.146973
 0.000428 0.623816 0.000491 0.375265
 0.013171 0.985909 0.000491 0.000428
 0.000428 0.204379 0.013234 0.781958
 0.153345 0.000491 0.845736 0.000428
 0.000428 0.000491 0.000491 0.998590
 0.013171 0.947680 0.038720 0.000428
 0.000428 0.000491 0.000491 0.998590
 0.094918 0.904163 0.000491 0.000428

MOTIF 31-GAATGAATGA STREME-31
letter-probability matrix: alength= 4 w= 10 nsites= 89 E= 1.3e+000
 0.170525 0.000595 0.735629 0.093250
 0.919671 0.000595 0.079214 0.000520
 0.998290 0.000595 0.000595 0.000520
 0.185980 0.000595 0.000595 0.812829
 0.000520 0.040067 0.958894 0.000520
 0.998290 0.000595 0.000595 0.000520
 0.998290 0.000595 0.000595 0.000520
 0.000520 0.117343 0.000595 0.881542
 0.000520 0.111755 0.856295 0.031430
 0.884602 0.000595 0.114283 0.000520

MOTIF 32-CATGAGCCACCGYGC STREME-32
letter-probability matrix: alength= 4 w= 15 nsites= 55 E= 1.3e+000
 0.000905 0.970231 0.027959 0.000905
 0.647034 0.027959 0.297180 0.027827
 0.000905 0.054881 0.001037 0.943176
 0.000905 0.001037 0.997153 0.000905
 0.943176 0.027959 0.001037 0.027827
 0.000905 0.001037 0.997153 0.000905
 0.027827 0.970231 0.001037 0.000905
 0.000905 0.997153 0.001037 0.000905
 0.997020 0.001037 0.001037 0.000905
 0.000905 0.970231 0.001037 0.027827
 0.054749 0.701010 0.001037 0.243203
 0.189359 0.001037 0.808698 0.000905
 0.027827 0.593322 0.027959 0.350892
 0.108593 0.027959 0.835620 0.027827
 0.027827 0.970231 0.001037 0.000905

MOTIF 33-GCTCACTGCARCCT STREME-33
letter-probability matrix: alength= 4 w= 14 nsites= 57 E= 1.3e+000
 0.107466 0.000686 0.873437 0.018410
 0.000599 0.909060 0.000686 0.089655
 0.000599 0.000686 0.036309 0.962406
 0.000599 0.944682 0.054120 0.000599
 0.855539 0.125365 0.018497 0.000599
 0.000599 0.944682 0.036309 0.018410
 0.036221 0.036309 0.000686 0.926784
 0.071844 0.000686 0.926871 0.000599
 0.000599 0.873437 0.000686 0.125278
 0.908973 0.000686 0.089742 0.000599
 0.374635 0.071931 0.517212 0.036221
 0.000599 0.926871 0.018497 0.054033
 0.000599 0.944682 0.000686 0.054033
 0.000599 0.054120 0.000686 0.944595

MOTIF 34-CCAGCCTGGGYGACA STREME-34
letter-probability matrix: alength= 4 w= 15 nsites= 138 E= 1.4e+000
 0.000253 0.976586 0.015368 0.007792
 0.000253 0.931352 0.000290 0.068104
 0.991627 0.000290 0.007829 0.000253
 0.045487 0.007829 0.946430 0.000253
 0.022870 0.953969 0.007829 0.015331
 0.000253 0.991664 0.007829 0.000253
 0.053026 0.037985 0.000290 0.908698
 0.045487 0.000290 0.908735 0.045487
 0.083182 0.000290 0.916274 0.000253
 0.083182 0.000290 0.871040 0.045487
 0.053026 0.324466 0.026677 0.595831
 0.294273 0.022907 0.675027 0.007792
 0.991627 0.007829 0.000290 0.000253
 0.030409 0.923813 0.030446 0.015331
 0.908698 0.007829 0.068141 0.015331

MOTIF 35-GCAAACA STREME-35
letter-probability matrix: alength= 4 w= 7 nsites= 309 E= 1.4e+000
 0.021182 0.024273 0.933364 0.021182
 0.021182 0.933364 0.024273 0.021182
 0.930273 0.024273 0.024273 0.021182
 0.930273 0.024273 0.024273 0.021182
 0.930273 0.024273 0.024273 0.021182
 0.021182 0.933364 0.024273 0.021182
 0.930273 0.024273 0.024273 0.021182

MOTIF 36-AAAAAAAAAAAAAAA STREME-36
letter-probability matrix: alength= 4 w= 15 nsites= 136 E= 1.5e+000
 0.941985 0.000349 0.040262 0.017404
 0.976770 0.000349 0.022576 0.000305
 0.998997 0.000349 0.000349 0.000305
 0.877463 0.076585 0.045647 0.000305
 0.826864 0.018468 0.054707 0.099961
 0.732507 0.058467 0.208721 0.000305
 0.962759 0.000349 0.036588 0.000305
 0.998997 0.000349 0.000349 0.000305
 0.953699 0.045647 0.000349 0.000305
 0.940880 0.009409 0.036588 0.013124
 0.737808 0.152822 0.036588 0.072782
 0.998997 0.000349 0.000349 0.000305
 0.910877 0.018468 0.070350 0.000305
 0.993011 0.000349 0.006336 0.000305
 0.972657 0.000349 0.000349 0.026645

MOTIF 37-CGCCCCCTGGCGGCC STREME-37
letter-probability matrix: alength= 4 w= 15 nsites= 110 E= 1.5e+000
 0.000428 0.922278 0.000490 0.076803
 0.013157 0.000490 0.973195 0.013157
 0.051345 0.858632 0.038678 0.051345
 0.025886 0.960466 0.000490 0.013157
 0.064074 0.909549 0.000490 0.025886
 0.025886 0.827891 0.025949 0.120274
 0.000428 0.998654 0.000490 0.000428
 0.000428 0.115054 0.051407 0.833111
 0.114991 0.051407 0.833174 0.000428
 0.000428 0.229617 0.744069 0.025886
 0.000428 0.693152 0.025949 0.280471
 0.000428 0.051407 0.947737 0.000428
 0.013157 0.013220 0.884091 0.089533
 0.013157 0.884091 0.038678 0.064074
 0.064074 0.654964 0.153241 0.127720

MOTIF 38-GTGACTCA STREME-38
letter-probability matrix: alength= 4 w= 8 nsites= 177 E= 1.6e+000
 0.112074 0.000782 0.886461 0.000683
 0.000683 0.005303 0.000782 0.993232
 0.004604 0.000782 0.939266 0.055348
 0.997753 0.000782 0.000782 0.000683
 0.059196 0.792288 0.000782 0.147734
 0.000683 0.000782 0.038803 0.959732
 0.262207 0.716044 0.000782 0.020967
 0.957831 0.000782 0.040704 0.000683

MOTIF 39-GAGAGAGAGAGRGAG STREME-39
letter-probability matrix: alength= 4 w= 15 nsites= 162 E= 2.0e+000
 0.039738 0.005867 0.942905 0.011490
 0.908978 0.028467 0.028467 0.034089
 0.056688 0.028467 0.914656 0.000190
 0.775622 0.113214 0.088375 0.022789
 0.073637 0.068015 0.801660 0.056688
 0.691461 0.084965 0.161237 0.062338
 0.017139 0.000218 0.948554 0.034089
 0.711235 0.141462 0.141462 0.005840
 0.090587 0.079315 0.796010 0.034089
 0.767733 0.062365 0.141462 0.028439
 0.130135 0.107564 0.694314 0.067987
 0.573296 0.084965 0.335900 0.005840
 0.084937 0.028467 0.841208 0.045388
 0.878384 0.079315 0.000218 0.042083
 0.200469 0.073665 0.686128 0.039738

MOTIF 40-CCGCCTCCTCCC STREME-40
letter-probability matrix: alength= 4 w= 12 nsites= 427 E= 2.1e+000
 0.045534 0.819318 0.081436 0.053711
 0.000114 0.932331 0.050831 0.016725
 0.156114 0.000130 0.681730 0.162025
 0.011676 0.868746 0.048938 0.070640
 0.000114 0.912227 0.013674 0.073985
 0.145970 0.087597 0.186491 0.579942
 0.017043 0.906168 0.000130 0.076659
 0.000114 0.945155 0.000130 0.054601
 0.003500 0.000130 0.128183 0.868186
 0.028030 0.871068 0.069151 0.031752
 0.018763 0.778385 0.126496 0.076356
 0.021834 0.856327 0.023556 0.098283

MOTIF 41-TAWWTA STREME-41
letter-probability matrix: alength= 4 w= 6 nsites= 504 E= 2.9e+000
 0.001562 0.001790 0.001790 0.994857
 0.994857 0.001790 0.001790 0.001562
 0.363177 0.001790 0.105760 0.529272
 0.529272 0.105760 0.001790 0.363177
 0.001562 0.001790 0.001790 0.994857
 0.994857 0.001790 0.001790 0.001562

MOTIF 42-AAAAATTAGCCAGG STREME-42
letter-probability matrix: alength= 4 w= 14 nsites= 48 E= 5.4e+000
 0.967921 0.000810 0.009536 0.021733
 0.934594 0.021836 0.021836 0.021733
 0.955620 0.000810 0.000810 0.042760
 0.892541 0.042863 0.042863 0.021733
 0.871515 0.021836 0.105942 0.000707
 0.000707 0.042863 0.042863 0.913567
 0.021733 0.084916 0.063889 0.829462
 0.955620 0.021836 0.021836 0.000707
 0.021733 0.000810 0.913671 0.063786
 0.000707 0.955723 0.042863 0.000707
 0.000707 0.829565 0.000810 0.168918
 0.703304 0.042863 0.232100 0.021733
 0.042760 0.042863 0.913671 0.000707
 0.042760 0.000810 0.913671 0.042760

MOTIF 43-CCACGTGG STREME-43
letter-probability matrix: alength= 4 w= 8 nsites= 266 E= 5.9e+000
 0.049587 0.742782 0.058880 0.148751
 0.020311 0.909705 0.022915 0.047069
 0.997358 0.000920 0.000920 0.000802
 0.000802 0.997475 0.000920 0.000802
 0.000802 0.000920 0.997475 0.000802
 0.000802 0.000920 0.000920 0.997358
 0.047069 0.022915 0.909705 0.020311
 0.148751 0.058880 0.742782 0.049587

********************************************************************************
Stopped because 3 consecutive motifs exceeded the p-value threshold (0.05).
********************************************************************************
COMMAND:	streme --verbosity 1 --oc meme_out_incomplete_DL/HepG2_EP300-human_ENCFF307PSW/streme_out -dna --seed 0 --p meme_out_incomplete_DL/HepG2_EP300-human_ENCFF307PSW/seqs-centered --minw 6 --maxw 15 --time 6190 --order 2 --thresh 0.05 --align center --totallength 4000000 --parse-genomic-coord
********************************************************************************
CPU:		9f05ee173ae9
********************************************************************************
FINALTIME:	631.83 seconds
********************************************************************************
