********************************************************************************
STREME - Sensitive, Thorough, Rapid, Enriched Motif Elicitation
********************************************************************************
MEME version 5.5.3 (Release date: Sat Jun 10 16:19:38 2023 -0700)

For further information on how to interpret these results please access http://localhost:8080/meme_5.5.3.
To get a copy of the MEME Suite software please access https://meme-suite.org.

********************************************************************************


********************************************************************************
REFERENCE
********************************************************************************
If you use this program in your research, please cite:

Timothy L. Bailey,
"STREME: accurate and versatile sequence motif discovery",
Bioinformatics, Mar. 24, 2021.
********************************************************************************


ALPHABET= ACGT

strands: + -

Background letter frequencies
A 0.248 C 0.252 G 0.252 T 0.248 

MOTIF 1-WWTRTTTRCTTW STREME-1
letter-probability matrix: alength= 4 w= 12 nsites= 6463 E= 2.1e-053
 0.429630 0.138335 0.138176 0.293859
 0.443445 0.137462 0.156628 0.262465
 0.000009 0.005570 0.000009 0.994412
 0.548989 0.000009 0.450993 0.000009
 0.000009 0.000009 0.000009 0.999973
 0.001023 0.000009 0.000009 0.998958
 0.000263 0.000009 0.089499 0.910229
 0.644628 0.000009 0.355353 0.000009
 0.018058 0.685685 0.000009 0.296248
 0.264753 0.153653 0.000009 0.581586
 0.112611 0.226358 0.143310 0.517721
 0.489885 0.000009 0.020933 0.489173

MOTIF 2-GCCCCGCCCCCN STREME-2
letter-probability matrix: alength= 4 w= 12 nsites= 3272 E= 4.4e-033
 0.122260 0.090666 0.593921 0.193153
 0.016882 0.857526 0.000019 0.125573
 0.031513 0.865741 0.000019 0.102727
 0.061382 0.938580 0.000019 0.000018
 0.000018 0.999944 0.000019 0.000018
 0.193545 0.000019 0.760682 0.045754
 0.009506 0.990457 0.000019 0.000018
 0.000018 0.999944 0.000019 0.000018
 0.000018 0.833475 0.000019 0.166488
 0.145610 0.750311 0.005926 0.098153
 0.051297 0.605399 0.118305 0.224999
 0.189952 0.319727 0.186243 0.304077

MOTIF 3-CAAAGTYCA STREME-3
letter-probability matrix: alength= 4 w= 9 nsites= 3412 E= 4.8e-029
 0.000032 0.945256 0.000033 0.054679
 0.914972 0.065154 0.019842 0.000032
 0.846495 0.000033 0.140411 0.013061
 0.999903 0.000033 0.000033 0.000032
 0.000032 0.000033 0.999903 0.000032
 0.047017 0.000033 0.308059 0.644892
 0.021451 0.423132 0.060223 0.495195
 0.000032 0.972975 0.000033 0.026960
 0.935308 0.000033 0.000033 0.064627

MOTIF 4-RTGACGTCAY STREME-4
letter-probability matrix: alength= 4 w= 10 nsites= 2182 E= 6.1e-028
 0.292872 0.178815 0.507378 0.020935
 0.018599 0.087713 0.018144 0.875544
 0.017885 0.097939 0.745808 0.138368
 0.934386 0.000031 0.055813 0.009770
 0.000030 0.945547 0.000031 0.054392
 0.054392 0.000031 0.945547 0.000030
 0.009770 0.055813 0.000031 0.934386
 0.138368 0.745808 0.097939 0.017885
 0.875544 0.018144 0.087713 0.018599
 0.020935 0.507378 0.178815 0.292872

MOTIF 5-CTTTGATCTY STREME-5
letter-probability matrix: alength= 4 w= 10 nsites= 2343 E= 1.0e-020
 0.001260 0.984495 0.010610 0.003635
 0.017147 0.143599 0.002265 0.836989
 0.009336 0.015370 0.009935 0.965359
 0.003358 0.022252 0.000062 0.974328
 0.025068 0.071422 0.877494 0.026016
 0.925510 0.011802 0.010488 0.052200
 0.173361 0.093502 0.010887 0.722250
 0.015487 0.875212 0.103888 0.005413
 0.035642 0.072046 0.010335 0.881977
 0.098101 0.477781 0.094715 0.329402

MOTIF 6-RACTACAWYTCCCAG STREME-6
letter-probability matrix: alength= 4 w= 15 nsites= 838 E= 2.9e-019
 0.445772 0.026344 0.509429 0.018455
 0.994598 0.005307 0.000048 0.000047
 0.002677 0.997228 0.000048 0.000047
 0.000047 0.030289 0.001363 0.968302
 0.902561 0.042122 0.031603 0.023714
 0.000047 0.998543 0.001363 0.000047
 0.880209 0.031603 0.081567 0.006621
 0.477327 0.082112 0.057900 0.382660
 0.071048 0.334558 0.097345 0.497050
 0.047381 0.043437 0.013196 0.895987
 0.003992 0.985395 0.001363 0.009251
 0.000047 0.999858 0.000048 0.000047
 0.003992 0.995914 0.000048 0.000047
 0.855227 0.000048 0.142048 0.002677
 0.074992 0.077622 0.734264 0.113122

MOTIF 7-CGGAAGTGA STREME-7
letter-probability matrix: alength= 4 w= 9 nsites= 1556 E= 2.3e-016
 0.253523 0.707695 0.038717 0.000065
 0.000065 0.000066 0.999803 0.000065
 0.000065 0.000066 0.999803 0.000065
 0.999802 0.000066 0.000066 0.000065
 0.981559 0.000066 0.000066 0.018309
 0.049250 0.000066 0.950618 0.000065
 0.000065 0.000066 0.000066 0.999802
 0.133908 0.030110 0.825254 0.010729
 0.559085 0.163636 0.210235 0.067044

MOTIF 8-RTTRTGYAA STREME-8
letter-probability matrix: alength= 4 w= 9 nsites= 1497 E= 2.7e-014
 0.557755 0.000087 0.442073 0.000086
 0.000086 0.000087 0.000087 0.999741
 0.000086 0.000087 0.198959 0.800869
 0.380339 0.000087 0.619488 0.000086
 0.218793 0.070875 0.000087 0.710245
 0.000086 0.000087 0.999742 0.000086
 0.000086 0.640672 0.000087 0.359155
 0.999741 0.000087 0.000087 0.000086
 0.999741 0.000087 0.000087 0.000086

MOTIF 9-ACMGGAAGY STREME-9
letter-probability matrix: alength= 4 w= 9 nsites= 2854 E= 6.6e-012
 0.666409 0.134916 0.198587 0.000088
 0.000088 0.921032 0.062266 0.016614
 0.484080 0.506380 0.009452 0.000088
 0.000088 0.016435 0.983388 0.000088
 0.000088 0.003928 0.995896 0.000088
 0.999733 0.000089 0.000089 0.000088
 0.892624 0.000089 0.000089 0.107198
 0.160220 0.046998 0.792693 0.000088
 0.031876 0.418799 0.055731 0.493594

MOTIF 10-GRTGACTCAB STREME-10
letter-probability matrix: alength= 4 w= 10 nsites= 1744 E= 2.6e-011
 0.191440 0.075274 0.576766 0.156520
 0.391983 0.065604 0.526874 0.015539
 0.000049 0.014677 0.000049 0.985226
 0.000049 0.000049 0.992418 0.007485
 0.902998 0.000049 0.096904 0.000049
 0.031966 0.902339 0.049396 0.016300
 0.002162 0.001404 0.155897 0.840536
 0.040040 0.959863 0.000049 0.000049
 0.998368 0.000049 0.001534 0.000049
 0.028173 0.267085 0.268649 0.436093

MOTIF 11-YAGCCAATCRG STREME-11
letter-probability matrix: alength= 4 w= 11 nsites= 1201 E= 1.1e-010
 0.021634 0.574556 0.099261 0.304548
 0.642348 0.038306 0.319295 0.000051
 0.264565 0.000434 0.639648 0.095353
 0.000051 0.999847 0.000051 0.000051
 0.000051 0.997255 0.002644 0.000051
 0.999846 0.000051 0.000051 0.000051
 0.999846 0.000051 0.000051 0.000051
 0.000051 0.000051 0.000051 0.999846
 0.107472 0.637150 0.255326 0.000051
 0.531638 0.067301 0.401010 0.000051
 0.168137 0.167843 0.591483 0.072537

MOTIF 12-GCCTGTAATCCCAGC STREME-12
letter-probability matrix: alength= 4 w= 15 nsites= 323 E= 2.5e-008
 0.181770 0.000121 0.794622 0.023487
 0.006796 0.932875 0.003459 0.056870
 0.006796 0.959581 0.003459 0.030164
 0.000120 0.020151 0.006798 0.972932
 0.066884 0.006798 0.912845 0.013473
 0.003458 0.026827 0.006798 0.962917
 0.979609 0.006798 0.013474 0.000120
 0.779314 0.003459 0.217107 0.000120
 0.000120 0.013474 0.003459 0.982947
 0.010134 0.936213 0.003459 0.050193
 0.023487 0.911460 0.016812 0.048240
 0.006796 0.889478 0.000121 0.103605
 0.986285 0.003459 0.010136 0.000120
 0.051579 0.000121 0.944842 0.003458
 0.013473 0.936213 0.013474 0.036840

MOTIF 13-CCAGCCTGGGYRACA STREME-13
letter-probability matrix: alength= 4 w= 15 nsites= 351 E= 3.9e-008
 0.015730 0.943438 0.009484 0.031348
 0.003236 0.940314 0.000113 0.056337
 0.984043 0.006361 0.006361 0.003236
 0.025101 0.000113 0.943438 0.031348
 0.009483 0.955932 0.009484 0.025101
 0.009483 0.952809 0.006361 0.031348
 0.003236 0.021978 0.000113 0.974673
 0.081325 0.003237 0.902831 0.012606
 0.100067 0.000113 0.896584 0.003236
 0.056337 0.156293 0.774764 0.012606
 0.025101 0.627955 0.015731 0.331213
 0.518628 0.012608 0.462405 0.006359
 0.993414 0.000113 0.006361 0.000112
 0.006359 0.912202 0.012608 0.068831
 0.934066 0.003237 0.062585 0.000112

MOTIF 14-AATGATTAAC STREME-14
letter-probability matrix: alength= 4 w= 10 nsites= 683 E= 1.1e-007
 0.940387 0.015108 0.003109 0.041396
 0.962522 0.037262 0.000109 0.000108
 0.090623 0.000109 0.000109 0.909159
 0.114033 0.149168 0.523473 0.213326
 0.767935 0.004694 0.049726 0.177645
 0.049369 0.000109 0.007022 0.943501
 0.000108 0.014216 0.000109 0.985568
 0.908546 0.000109 0.032455 0.058889
 0.967795 0.004952 0.016141 0.011113
 0.014792 0.975623 0.000109 0.009477

MOTIF 15-CTYTGCCCT STREME-15
letter-probability matrix: alength= 4 w= 9 nsites= 1602 E= 8.6e-007
 0.000345 0.960078 0.000349 0.039227
 0.035491 0.101227 0.040809 0.822473
 0.000345 0.607252 0.000349 0.392053
 0.000345 0.062794 0.020067 0.916794
 0.012337 0.000349 0.923980 0.063333
 0.000345 0.998960 0.000349 0.000345
 0.102133 0.796241 0.062995 0.038631
 0.000345 0.919134 0.000349 0.080171
 0.000345 0.119436 0.015314 0.864905

MOTIF 16-TGCGCATGCGCA STREME-16
letter-probability matrix: alength= 4 w= 12 nsites= 516 E= 1.4e-006
 0.038821 0.200742 0.113658 0.646779
 0.074209 0.018966 0.906723 0.000102
 0.022877 0.962391 0.000103 0.014629
 0.022227 0.000103 0.977567 0.000102
 0.001527 0.984419 0.008906 0.005148
 0.644534 0.248660 0.082875 0.023932
 0.023932 0.082875 0.248660 0.644534
 0.005148 0.008906 0.984419 0.001527
 0.000102 0.977567 0.000103 0.022227
 0.014629 0.000103 0.962391 0.022877
 0.000102 0.906723 0.018966 0.074209
 0.646779 0.113658 0.200742 0.038821

MOTIF 17-GAGGCYGAGGCRGG STREME-17
letter-probability matrix: alength= 4 w= 14 nsites= 272 E= 1.9e-006
 0.036721 0.021396 0.920489 0.021394
 0.961304 0.004403 0.021396 0.012897
 0.057144 0.000154 0.942549 0.000152
 0.000152 0.000154 0.999541 0.000152
 0.012897 0.952809 0.000154 0.034139
 0.008649 0.414008 0.038389 0.538954
 0.112373 0.000154 0.870327 0.017146
 0.978298 0.004403 0.017148 0.000152
 0.008649 0.017148 0.969803 0.004401
 0.021394 0.008651 0.965554 0.004401
 0.012897 0.693660 0.004403 0.289040
 0.410576 0.021396 0.552250 0.015778
 0.021394 0.034141 0.944313 0.000152
 0.046884 0.021396 0.914574 0.017146

MOTIF 18-CAAGGTCAY STREME-18
letter-probability matrix: alength= 4 w= 9 nsites= 1584 E= 9.1e-006
 0.000105 0.848795 0.091525 0.059576
 0.883849 0.000106 0.047019 0.069027
 0.964244 0.006960 0.000106 0.028690
 0.000105 0.145783 0.854008 0.000105
 0.000105 0.000106 0.999685 0.000105
 0.000105 0.183341 0.000106 0.816448
 0.000105 0.910386 0.000106 0.089404
 0.803232 0.000106 0.099062 0.097600
 0.033784 0.435626 0.215292 0.315297

MOTIF 19-AAACAAAG STREME-19
letter-probability matrix: alength= 4 w= 8 nsites= 2199 E= 1.4e-005
 0.693523 0.014551 0.283073 0.008853
 0.775754 0.000194 0.207712 0.016340
 0.740942 0.000194 0.238721 0.020143
 0.000192 0.981623 0.000194 0.017992
 0.982467 0.011659 0.005682 0.000192
 0.999421 0.000194 0.000194 0.000192
 0.968575 0.000194 0.000194 0.031038
 0.000192 0.249205 0.750411 0.000192

MOTIF 20-ATCRCTTGARCCCAG STREME-20
letter-probability matrix: alength= 4 w= 15 nsites= 235 E= 2.3e-005
 0.985024 0.000175 0.009811 0.004991
 0.000173 0.033900 0.004993 0.960934
 0.024262 0.686316 0.024264 0.265157
 0.400058 0.053172 0.525326 0.021444
 0.004991 0.898304 0.000175 0.096531
 0.009809 0.019446 0.004993 0.965752
 0.009809 0.000175 0.014629 0.975388
 0.033898 0.000175 0.965754 0.000173
 0.985024 0.004993 0.009811 0.000173
 0.361515 0.009811 0.628501 0.000173
 0.019444 0.773038 0.082079 0.125438
 0.000173 0.879032 0.000175 0.120620
 0.029080 0.746949 0.038718 0.185253
 0.674679 0.009811 0.310520 0.004991
 0.048352 0.000175 0.951301 0.000173

MOTIF 21-YTGCAGTGAGCYRWG STREME-21
letter-probability matrix: alength= 4 w= 15 nsites= 225 E= 1.6e-004
 0.004887 0.459732 0.014324 0.521058
 0.000169 0.009606 0.000171 0.990053
 0.118108 0.000171 0.862682 0.019039
 0.000169 0.900422 0.004889 0.094520
 0.928725 0.009606 0.047347 0.014322
 0.023757 0.000171 0.975903 0.000169
 0.014322 0.014324 0.004889 0.966466
 0.094520 0.000171 0.900422 0.004887
 0.975901 0.000171 0.019041 0.004887
 0.033192 0.002129 0.964510 0.000169
 0.019039 0.890987 0.033194 0.056780
 0.009604 0.486079 0.020999 0.483317
 0.420031 0.009606 0.560758 0.009604
 0.459730 0.042629 0.009606 0.488035
 0.042627 0.000171 0.952315 0.004887

MOTIF 22-AGACCCTGTCTC STREME-22
letter-probability matrix: alength= 4 w= 12 nsites= 214 E= 3.2e-004
 0.946703 0.013892 0.016501 0.022904
 0.119235 0.001049 0.879426 0.000291
 0.997560 0.000294 0.000294 0.001852
 0.008394 0.942400 0.000294 0.048912
 0.024601 0.743535 0.008398 0.223466
 0.008394 0.982918 0.000294 0.008394
 0.008394 0.032708 0.008398 0.950500
 0.026162 0.032708 0.940839 0.000291
 0.016498 0.008398 0.003657 0.971448
 0.016498 0.966711 0.008398 0.008394
 0.000291 0.013892 0.000294 0.985523
 0.016498 0.942400 0.016501 0.024601

MOTIF 23-ASGTCA STREME-23
letter-probability matrix: alength= 4 w= 6 nsites= 2853 E= 5.2e-004
 0.998129 0.000626 0.000626 0.000619
 0.000619 0.404362 0.594401 0.000619
 0.000619 0.000626 0.998137 0.000619
 0.000619 0.000626 0.000626 0.998129
 0.000619 0.998137 0.000626 0.000619
 0.980869 0.000626 0.017886 0.000619

MOTIF 24-AAAAAAAAAAAAAA STREME-24
letter-probability matrix: alength= 4 w= 14 nsites= 776 E= 9.2e-004
 0.935581 0.000071 0.000071 0.064277
 0.999787 0.000071 0.000071 0.000070
 0.974416 0.000071 0.025442 0.000070
 0.793494 0.051154 0.155282 0.000070
 0.770349 0.149858 0.079723 0.000070
 0.884170 0.090546 0.000071 0.025213
 0.999787 0.000071 0.000071 0.000070
 0.945909 0.000071 0.053950 0.000070
 0.999787 0.000071 0.000071 0.000070
 0.819036 0.115097 0.000071 0.065795
 0.744636 0.193253 0.062041 0.000070
 0.910163 0.000071 0.089696 0.000070
 0.999787 0.000071 0.000071 0.000070
 0.999787 0.000071 0.000071 0.000070

MOTIF 25-AGTGCAGTGGCGCRA STREME-25
letter-probability matrix: alength= 4 w= 15 nsites= 151 E= 3.6e-003
 0.977168 0.007612 0.000267 0.014954
 0.169202 0.000267 0.830268 0.000263
 0.000263 0.000267 0.022302 0.977168
 0.044334 0.000267 0.955136 0.000263
 0.000263 0.955136 0.000267 0.044334
 0.969823 0.000267 0.029647 0.000263
 0.205928 0.000267 0.793543 0.000263
 0.000263 0.000267 0.000267 0.999204
 0.029644 0.000267 0.969826 0.000263
 0.000263 0.007612 0.977171 0.014954
 0.029644 0.786197 0.007612 0.176547
 0.316105 0.000267 0.683365 0.000263
 0.000263 0.778852 0.000267 0.220618
 0.485043 0.036992 0.470356 0.007608
 0.955133 0.007612 0.022302 0.014954

MOTIF 26-CGCCGCCGCCGCC STREME-26
letter-probability matrix: alength= 4 w= 13 nsites= 342 E= 8.4e-003
 0.037727 0.916969 0.001535 0.043769
 0.049160 0.000123 0.950594 0.000122
 0.034141 0.821611 0.036966 0.107282
 0.042646 0.814010 0.074634 0.068710
 0.072118 0.041780 0.837231 0.048871
 0.027337 0.863630 0.071490 0.037543
 0.003524 0.793062 0.082208 0.121206
 0.075243 0.043770 0.872333 0.008654
 0.087237 0.747660 0.030818 0.134285
 0.018543 0.930183 0.000123 0.051150
 0.017131 0.000123 0.928280 0.054465
 0.032151 0.908648 0.008339 0.050861
 0.027337 0.749178 0.100557 0.122928

MOTIF 27-CAAGATGGCGGC STREME-27
letter-probability matrix: alength= 4 w= 12 nsites= 390 E= 9.4e-003
 0.183990 0.572648 0.171721 0.071641
 0.991447 0.000100 0.005603 0.002850
 0.954534 0.011106 0.031510 0.002850
 0.088332 0.202928 0.689380 0.019360
 0.995084 0.004717 0.000100 0.000099
 0.005602 0.000100 0.000100 0.994198
 0.000099 0.002851 0.996951 0.000099
 0.000099 0.000100 0.994200 0.005602
 0.008354 0.985945 0.000100 0.005602
 0.061543 0.141341 0.663766 0.133350
 0.115923 0.047831 0.782490 0.053755
 0.103815 0.837672 0.002851 0.055661

MOTIF 28-AGATAA STREME-28
letter-probability matrix: alength= 4 w= 6 nsites= 1494 E= 2.4e-002
 0.931682 0.022864 0.022864 0.022591
 0.022591 0.022864 0.931955 0.022591
 0.931682 0.022864 0.022864 0.022591
 0.022591 0.022864 0.022864 0.931682
 0.931682 0.022864 0.022864 0.022591
 0.931682 0.022864 0.022864 0.022591

MOTIF 29-ACACACACACACA STREME-29
letter-probability matrix: alength= 4 w= 13 nsites= 271 E= 2.5e-002
 0.999311 0.000230 0.000230 0.000228
 0.000228 0.966702 0.000230 0.032840
 0.864122 0.000230 0.135420 0.000228
 0.050284 0.919796 0.025424 0.004496
 0.938359 0.000230 0.061183 0.000228
 0.033213 0.809187 0.021048 0.136552
 0.789539 0.028276 0.181957 0.000228
 0.000228 0.878500 0.000230 0.121042
 0.999311 0.000230 0.000230 0.000228
 0.044103 0.917325 0.000230 0.038342
 0.772573 0.025640 0.174381 0.027406
 0.000228 0.986609 0.000230 0.012932
 0.982795 0.000230 0.016747 0.000228

MOTIF 30-AGAGATAAGG STREME-30
letter-probability matrix: alength= 4 w= 10 nsites= 1554 E= 2.7e-002
 0.760713 0.083557 0.111577 0.044153
 0.056823 0.116616 0.626732 0.199829
 0.814402 0.066184 0.027673 0.091741
 0.000094 0.000095 0.994314 0.005498
 0.953576 0.002914 0.043416 0.000094
 0.000094 0.006483 0.012397 0.981026
 0.889674 0.012378 0.057773 0.040176
 0.797533 0.031627 0.159565 0.011275
 0.027925 0.144415 0.731801 0.095858
 0.273578 0.072853 0.626179 0.027390

MOTIF 31-AAATTAGCCRGGCRT STREME-31
letter-probability matrix: alength= 4 w= 15 nsites= 107 E= 5.8e-002
 0.998884 0.000374 0.000374 0.000369
 0.947414 0.000374 0.031255 0.020957
 0.978296 0.000374 0.020961 0.000369
 0.020957 0.062137 0.010667 0.906238
 0.010663 0.000374 0.000374 0.988590
 0.957708 0.000374 0.041549 0.000369
 0.031251 0.010667 0.957713 0.000369
 0.010663 0.957713 0.031255 0.000369
 0.020957 0.659187 0.000374 0.319482
 0.329776 0.020961 0.587130 0.062133
 0.062133 0.000374 0.906243 0.031251
 0.041545 0.010667 0.947419 0.000369
 0.041545 0.762127 0.041549 0.154779
 0.484186 0.020961 0.443014 0.051839
 0.000369 0.010667 0.010667 0.978296

MOTIF 32-ATTGCAACAG STREME-32
letter-probability matrix: alength= 4 w= 10 nsites= 263 E= 7.3e-002
 0.834721 0.000531 0.164224 0.000524
 0.050281 0.000531 0.000531 0.948658
 0.040435 0.001893 0.000531 0.957142
 0.011138 0.000531 0.987807 0.000524
 0.000524 0.988436 0.000531 0.010509
 0.932460 0.000531 0.031862 0.035147
 0.828236 0.048080 0.000531 0.123153
 0.000524 0.961303 0.033267 0.004906
 0.988364 0.000531 0.006602 0.004504
 0.003061 0.176772 0.640037 0.180130

MOTIF 33-CCACGTGACC STREME-33
letter-probability matrix: alength= 4 w= 10 nsites= 199 E= 7.6e-002
 0.042404 0.856782 0.100510 0.000304
 0.034199 0.950970 0.000307 0.014523
 0.999081 0.000307 0.000307 0.000304
 0.000304 0.760882 0.000307 0.238506
 0.000304 0.000307 0.999085 0.000304
 0.000304 0.000307 0.000307 0.999081
 0.000304 0.048422 0.950970 0.000304
 0.999081 0.000307 0.000307 0.000304
 0.000304 0.907913 0.063038 0.028745
 0.000304 0.727202 0.013857 0.258637

MOTIF 34-GGGAGGGAGGGAG STREME-34
letter-probability matrix: alength= 4 w= 13 nsites= 823 E= 1.4e-001
 0.012487 0.037202 0.922527 0.027784
 0.127880 0.105654 0.759383 0.007083
 0.011132 0.004708 0.967835 0.016325
 0.795839 0.087547 0.000044 0.116570
 0.142928 0.042569 0.770442 0.044061
 0.046931 0.011768 0.917395 0.023905
 0.177260 0.031817 0.770638 0.020286
 0.708792 0.166160 0.000044 0.125004
 0.167786 0.033264 0.797693 0.001257
 0.115779 0.150305 0.697425 0.036492
 0.177294 0.051526 0.742717 0.028462
 0.634173 0.161490 0.136850 0.067487
 0.090586 0.016326 0.858867 0.034221

MOTIF 35-GGGCTGGGA STREME-35
letter-probability matrix: alength= 4 w= 9 nsites= 1544 E= 1.4e-001
 0.090573 0.000336 0.873682 0.035409
 0.076042 0.000336 0.850446 0.073176
 0.000332 0.112217 0.887119 0.000332
 0.000332 0.894169 0.053013 0.052486
 0.063389 0.000336 0.029482 0.906792
 0.014113 0.026604 0.958951 0.000332
 0.000332 0.026090 0.973245 0.000332
 0.035015 0.000336 0.964316 0.000332
 0.891283 0.063885 0.044499 0.000332

MOTIF 36-RATCAATA STREME-36
letter-probability matrix: alength= 4 w= 8 nsites= 300 E= 4.0e-001
 0.607175 0.000539 0.380586 0.011700
 0.998390 0.000539 0.000539 0.000532
 0.000532 0.000539 0.000539 0.998390
 0.000532 0.998397 0.000539 0.000532
 0.898822 0.000539 0.100107 0.000532
 0.998390 0.000539 0.000539 0.000532
 0.000532 0.000539 0.000539 0.998390
 0.998390 0.000539 0.000539 0.000532

MOTIF 37-CCCCTCCCC STREME-37
letter-probability matrix: alength= 4 w= 9 nsites= 1942 E= 4.1e-001
 0.005113 0.868381 0.014323 0.112183
 0.032335 0.899243 0.000293 0.068129
 0.007432 0.974207 0.016379 0.001983
 0.099718 0.831297 0.014222 0.054763
 0.078209 0.000143 0.026515 0.895133
 0.021439 0.917905 0.040454 0.020202
 0.011343 0.978518 0.003927 0.006212
 0.003275 0.933552 0.000240 0.062932
 0.051554 0.867332 0.007821 0.073292

MOTIF 38-CCCGCCCC STREME-38
letter-probability matrix: alength= 4 w= 8 nsites= 278 E= 4.5e-001
 0.022591 0.931955 0.022864 0.022591
 0.022591 0.931955 0.022864 0.022591
 0.022591 0.931955 0.022864 0.022591
 0.022591 0.022864 0.931955 0.022591
 0.022591 0.931955 0.022864 0.022591
 0.022591 0.931955 0.022864 0.022591
 0.022591 0.931955 0.022864 0.022591
 0.022591 0.931955 0.022864 0.022591

MOTIF 39-GTTCAAATYCCA STREME-39
letter-probability matrix: alength= 4 w= 12 nsites= 90 E= 4.7e-001
 0.000423 0.000428 0.998727 0.000423
 0.031985 0.000428 0.059356 0.908232
 0.082922 0.082148 0.023999 0.810932
 0.000423 0.998727 0.000428 0.000423
 0.692297 0.035784 0.271496 0.000423
 0.978945 0.020205 0.000428 0.000423
 0.998722 0.000428 0.000428 0.000423
 0.000423 0.000428 0.000428 0.998722
 0.012208 0.389352 0.000428 0.598012
 0.000423 0.923122 0.017105 0.059351
 0.000423 0.880871 0.000428 0.118279
 0.739439 0.000428 0.200783 0.059351

MOTIF 40-CAGATGAGGAAACYD STREME-40
letter-probability matrix: alength= 4 w= 15 nsites= 59 E= 4.7e-001
 0.067103 0.898444 0.000603 0.033849
 0.915064 0.000603 0.067110 0.017223
 0.050476 0.067110 0.881818 0.000596
 0.915064 0.067110 0.017230 0.000596
 0.000596 0.000603 0.000603 0.998197
 0.000596 0.000603 0.915071 0.083730
 0.915064 0.000603 0.050483 0.033849
 0.116983 0.017230 0.865191 0.000596
 0.050476 0.116990 0.815311 0.017223
 0.815304 0.050483 0.083737 0.050476
 0.964944 0.017230 0.000603 0.017223
 0.915064 0.000603 0.033857 0.050476
 0.033849 0.748804 0.067110 0.150236
 0.183490 0.516031 0.033857 0.266623
 0.283250 0.017230 0.383017 0.316503

MOTIF 41-CTTTGAA STREME-41
letter-probability matrix: alength= 4 w= 7 nsites= 1008 E= 4.7e-001
 0.022591 0.931955 0.022864 0.022591
 0.022591 0.022864 0.022864 0.931682
 0.022591 0.022864 0.022864 0.931682
 0.022591 0.022864 0.022864 0.931682
 0.022591 0.022864 0.931955 0.022591
 0.931682 0.022864 0.022864 0.022591
 0.931682 0.022864 0.022864 0.022591

MOTIF 42-ACGTGGY STREME-42
letter-probability matrix: alength= 4 w= 7 nsites= 674 E= 5.5e-001
 0.996903 0.001037 0.001037 0.001024
 0.001024 0.996915 0.001037 0.001024
 0.001024 0.001037 0.996915 0.001024
 0.001024 0.001037 0.001037 0.996903
 0.023151 0.001037 0.926509 0.049304
 0.280630 0.001037 0.717309 0.001024
 0.001024 0.608189 0.001037 0.389750

MOTIF 43-ACTTTGGAC STREME-43
letter-probability matrix: alength= 4 w= 9 nsites= 272 E= 6.2e-001
 0.997930 0.000693 0.000693 0.000684
 0.000684 0.997938 0.000693 0.000684
 0.000684 0.074724 0.007768 0.916823
 0.112041 0.000693 0.000693 0.886574
 0.016167 0.046193 0.000693 0.936948
 0.089704 0.003285 0.906326 0.000684
 0.000684 0.000693 0.895183 0.103440
 0.997930 0.000693 0.000693 0.000684
 0.000684 0.997938 0.000693 0.000684

MOTIF 44-GTAAACAS STREME-44
letter-probability matrix: alength= 4 w= 8 nsites= 1525 E= 6.9e-001
 0.022791 0.000203 0.976806 0.000200
 0.000200 0.100467 0.000203 0.899130
 0.826178 0.173419 0.000203 0.000200
 0.767130 0.228321 0.000203 0.004346
 0.976621 0.015395 0.007784 0.000200
 0.000200 0.854426 0.000203 0.145171
 0.972702 0.000203 0.008645 0.018450
 0.027203 0.524854 0.267768 0.180174

MOTIF 45-GCAGCAGCAGC STREME-45
letter-probability matrix: alength= 4 w= 11 nsites= 332 E= 8.6e-001
 0.000225 0.000228 0.999322 0.000225
 0.168285 0.701241 0.000228 0.130246
 0.766353 0.030842 0.109946 0.092860
 0.003619 0.003133 0.986745 0.006503
 0.041983 0.894643 0.000228 0.063146
 0.806059 0.105012 0.012779 0.076150
 0.017594 0.002881 0.979300 0.000225
 0.007562 0.954296 0.000228 0.037914
 0.710033 0.132241 0.109783 0.047943
 0.092468 0.007591 0.839821 0.060119
 0.000225 0.999322 0.000228 0.000225

MOTIF 46-CTCGCGAGAKYTS STREME-46
letter-probability matrix: alength= 4 w= 13 nsites= 86 E= 9.4e-001
 0.253156 0.745933 0.000458 0.000453
 0.000453 0.000458 0.000458 0.998630
 0.000453 0.998636 0.000458 0.000453
 0.000453 0.000458 0.998636 0.000453
 0.000453 0.998636 0.000458 0.000453
 0.000453 0.000458 0.998636 0.000453
 0.998630 0.000458 0.000458 0.000453
 0.000453 0.000458 0.847014 0.152075
 0.948089 0.050999 0.000458 0.000453
 0.139440 0.076269 0.354243 0.430048
 0.000453 0.430054 0.088905 0.480589
 0.050994 0.139445 0.152080 0.657481
 0.038358 0.417419 0.543770 0.000453

MOTIF 47-BATTTCAYMATM STREME-47
letter-probability matrix: alength= 4 w= 12 nsites= 409 E= 1.2e+000
 0.049097 0.244684 0.303820 0.402398
 0.620324 0.158835 0.220737 0.000104
 0.000104 0.000105 0.000105 0.999685
 0.000104 0.000105 0.000105 0.999685
 0.000104 0.000105 0.000105 0.999685
 0.000104 0.999686 0.000105 0.000104
 0.907151 0.000105 0.092639 0.000104
 0.142644 0.347240 0.000105 0.510010
 0.495142 0.498835 0.000105 0.005918
 0.957936 0.000105 0.000105 0.041853
 0.011733 0.314341 0.000105 0.673821
 0.354788 0.338471 0.148510 0.158231

MOTIF 48-CTCKGCCTC STREME-48
letter-probability matrix: alength= 4 w= 9 nsites= 1679 E= 1.2e+000
 0.023313 0.957747 0.018770 0.000170
 0.000170 0.000172 0.080861 0.918797
 0.035542 0.964116 0.000172 0.000170
 0.000170 0.142944 0.559161 0.297726
 0.244656 0.000172 0.704125 0.051047
 0.182056 0.702805 0.000172 0.114967
 0.071750 0.701564 0.114220 0.112465
 0.000170 0.000172 0.022795 0.976863
 0.028120 0.971538 0.000172 0.000170

MOTIF 49-GAGAGAGAGAGA STREME-49
letter-probability matrix: alength= 4 w= 12 nsites= 120 E= 1.2e+000
 0.000585 0.000592 0.966996 0.031828
 0.970283 0.000592 0.028540 0.000585
 0.068583 0.027961 0.902871 0.000585
 0.932992 0.000592 0.000592 0.065824
 0.000585 0.000592 0.998239 0.000585
 0.942533 0.007361 0.033211 0.016895
 0.077406 0.000592 0.921417 0.000585
 0.937097 0.007361 0.000592 0.054951
 0.000585 0.033211 0.965619 0.000585
 0.991463 0.007361 0.000592 0.000585
 0.067084 0.000592 0.931740 0.000585
 0.946157 0.000592 0.036357 0.016895

MOTIF 50-AAAGGAAAYG STREME-50
letter-probability matrix: alength= 4 w= 10 nsites= 339 E= 1.3e+000
 0.957785 0.020526 0.021270 0.000419
 0.845798 0.000424 0.153359 0.000419
 0.928555 0.014067 0.000424 0.056953
 0.052931 0.000424 0.946225 0.000419
 0.000419 0.000424 0.982284 0.016873
 0.957345 0.000424 0.030122 0.012109
 0.944194 0.043273 0.000424 0.012109
 0.805670 0.138410 0.055501 0.000419
 0.000419 0.549797 0.061034 0.388750
 0.109888 0.066588 0.823105 0.000419

MOTIF 51-YAAATATTTR STREME-51
letter-probability matrix: alength= 4 w= 10 nsites= 138 E= 1.5e+000
 0.000353 0.355678 0.093797 0.550173
 0.813608 0.093323 0.000357 0.092712
 0.965065 0.000357 0.000357 0.034221
 0.992012 0.000357 0.007279 0.000353
 0.000353 0.000357 0.000357 0.998934
 0.998934 0.000357 0.000357 0.000353
 0.000353 0.007279 0.000357 0.992012
 0.034221 0.000357 0.000357 0.965065
 0.092712 0.000357 0.093323 0.813608
 0.550173 0.093797 0.355678 0.000353

MOTIF 52-GTAGCTGGGAC STREME-52
letter-probability matrix: alength= 4 w= 11 nsites= 87 E= 1.5e+000
 0.000630 0.000637 0.998103 0.000630
 0.000630 0.000637 0.000637 0.998095
 0.990804 0.007929 0.000637 0.000630
 0.000630 0.000637 0.998103 0.000630
 0.000630 0.625787 0.070910 0.302673
 0.053334 0.000637 0.000637 0.945391
 0.000630 0.018206 0.980535 0.000630
 0.141175 0.060633 0.660331 0.137860
 0.000630 0.000637 0.998103 0.000630
 0.942006 0.000637 0.056726 0.000630
 0.112808 0.596464 0.000637 0.290091

MOTIF 53-GGYGCAGTGGCTCAC STREME-53
letter-probability matrix: alength= 4 w= 15 nsites= 81 E= 1.9e+000
 0.067920 0.000489 0.931107 0.000484
 0.000484 0.000489 0.998544 0.000484
 0.054432 0.566953 0.027464 0.351151
 0.067920 0.040951 0.890646 0.000484
 0.000484 0.890646 0.000489 0.108381
 0.634383 0.067925 0.297208 0.000484
 0.013971 0.000489 0.971569 0.013971
 0.000484 0.000489 0.027464 0.971563
 0.054432 0.108387 0.809722 0.027458
 0.000484 0.000489 0.985056 0.013971
 0.000484 0.823210 0.027464 0.148843
 0.000484 0.013977 0.000489 0.985051
 0.000484 0.917620 0.013977 0.067920
 0.850178 0.067925 0.054438 0.027458
 0.013971 0.971569 0.013977 0.000484

MOTIF 54-CGGTTGCTAGGMAAC STREME-54
letter-probability matrix: alength= 4 w= 15 nsites= 58 E= 1.9e+000
 0.000531 0.968798 0.015339 0.015332
 0.095485 0.059744 0.755429 0.089342
 0.015332 0.000537 0.953996 0.030134
 0.059738 0.030141 0.030141 0.879981
 0.080683 0.044942 0.015339 0.859036
 0.059738 0.015339 0.909591 0.015332
 0.000531 0.983600 0.015339 0.000531
 0.000531 0.148555 0.044942 0.805972
 0.761566 0.030141 0.089348 0.118945
 0.104143 0.118952 0.761573 0.015332
 0.044936 0.036284 0.903447 0.015332
 0.435926 0.400186 0.044942 0.118945
 0.643152 0.015339 0.296573 0.044936
 0.657954 0.148555 0.163357 0.030134
 0.089342 0.835582 0.044942 0.030134

MOTIF 55-CCGGAAG STREME-55
letter-probability matrix: alength= 4 w= 7 nsites= 446 E= 2.1e+000
 0.022591 0.931955 0.022864 0.022591
 0.022591 0.931955 0.022864 0.022591
 0.022591 0.022864 0.931955 0.022591
 0.022591 0.022864 0.931955 0.022591
 0.931682 0.022864 0.022864 0.022591
 0.931682 0.022864 0.022864 0.022591
 0.022591 0.022864 0.931955 0.022591

MOTIF 56-CCATGGCAACBG STREME-56
letter-probability matrix: alength= 4 w= 12 nsites= 125 E= 2.1e+000
 0.000344 0.998965 0.000348 0.000344
 0.000344 0.893531 0.000348 0.105778
 0.931866 0.048272 0.019518 0.000344
 0.048268 0.000348 0.000348 0.951036
 0.163287 0.000348 0.836021 0.000344
 0.019513 0.000348 0.979795 0.000344
 0.038683 0.797681 0.000348 0.163287
 0.812869 0.081005 0.077027 0.029098
 0.998961 0.000348 0.000348 0.000344
 0.000344 0.998965 0.000348 0.000344
 0.067438 0.236885 0.351904 0.343772
 0.131447 0.105782 0.694441 0.068331

MOTIF 57-AATGAATGAATGAAT STREME-57
letter-probability matrix: alength= 4 w= 15 nsites= 58 E= 2.1e+000
 0.757898 0.019139 0.166893 0.056070
 0.813306 0.000670 0.148424 0.037600
 0.074539 0.000670 0.000670 0.924121
 0.037600 0.019139 0.942598 0.000662
 0.924121 0.000670 0.074547 0.000662
 0.979528 0.000670 0.019139 0.000662
 0.056070 0.074547 0.000670 0.868713
 0.000662 0.000670 0.998006 0.000662
 0.961059 0.000670 0.019139 0.019131
 0.997998 0.000670 0.000670 0.000662
 0.000662 0.000670 0.000670 0.997998
 0.222292 0.203831 0.573215 0.000662
 0.813306 0.166893 0.019139 0.000662
 0.776367 0.019139 0.056078 0.148416
 0.000662 0.148424 0.203831 0.647083

MOTIF 58-AGCRAGACTCCRT STREME-58
letter-probability matrix: alength= 4 w= 13 nsites= 50 E= 3.8e+000
 0.997748 0.000754 0.000754 0.000745
 0.000745 0.021525 0.976986 0.000745
 0.000745 0.997757 0.000754 0.000745
 0.665414 0.000754 0.333088 0.000745
 0.997748 0.000754 0.000754 0.000745
 0.125370 0.000754 0.852361 0.021516
 0.935435 0.000754 0.021525 0.042286
 0.021516 0.852361 0.083837 0.042286
 0.000745 0.166921 0.000754 0.831581
 0.000745 0.997757 0.000754 0.000745
 0.083828 0.686193 0.000754 0.229225
 0.457705 0.000754 0.540797 0.000745
 0.000745 0.000754 0.000754 0.997748

MOTIF 59-GCATGCYGGGA STREME-59
letter-probability matrix: alength= 4 w= 11 nsites= 196 E= 7.9e+000
 0.014640 0.014644 0.970410 0.000306
 0.134920 0.777832 0.078400 0.008848
 0.848276 0.109503 0.014644 0.027577
 0.013466 0.085923 0.000310 0.900301
 0.000306 0.004927 0.930597 0.064169
 0.014640 0.942034 0.000310 0.043016
 0.000306 0.584298 0.008852 0.406544
 0.063645 0.017394 0.873852 0.045109
 0.000306 0.000310 0.990536 0.008848
 0.000306 0.000310 0.990536 0.008848
 0.952674 0.000310 0.043165 0.003851

MOTIF 60-CTTTGGGAGGCCRA STREME-60
letter-probability matrix: alength= 4 w= 14 nsites= 43 E= 1.5e+001
 0.000893 0.997310 0.000904 0.000893
 0.000893 0.000904 0.000904 0.997299
 0.000893 0.050724 0.000904 0.947479
 0.000893 0.000904 0.000904 0.997299
 0.025803 0.000904 0.972400 0.000893
 0.025803 0.000904 0.972400 0.000893
 0.075624 0.000904 0.922580 0.000893
 0.897659 0.000904 0.050724 0.050713
 0.075624 0.000904 0.922580 0.000893
 0.025803 0.000904 0.972400 0.000893
 0.025803 0.972400 0.000904 0.000893
 0.000893 0.698388 0.000904 0.299815
 0.648557 0.000904 0.349646 0.000893
 0.872748 0.000904 0.125455 0.000893

********************************************************************************
Stopped because 3 consecutive motifs exceeded the p-value threshold (0.05).
********************************************************************************
COMMAND:	streme --verbosity 1 --oc meme_out_incomplete_DL/HepG2_CREM-human_ENCFF092MMG/streme_out -dna --seed 0 --p meme_out_incomplete_DL/HepG2_CREM-human_ENCFF092MMG/seqs-centered --minw 6 --maxw 15 --time 6176 --order 2 --thresh 0.05 --align center --totallength 4000000 --parse-genomic-coord
********************************************************************************
CPU:		9f05ee173ae9
********************************************************************************
FINALTIME:	2633.18 seconds
********************************************************************************
