********************************************************************************
STREME - Sensitive, Thorough, Rapid, Enriched Motif Elicitation
********************************************************************************
MEME version 5.5.3 (Release date: Sat Jun 10 16:19:38 2023 -0700)

For further information on how to interpret these results please access http://localhost:8080/meme_5.5.3.
To get a copy of the MEME Suite software please access https://meme-suite.org.

********************************************************************************


********************************************************************************
REFERENCE
********************************************************************************
If you use this program in your research, please cite:

Timothy L. Bailey,
"STREME: accurate and versatile sequence motif discovery",
Bioinformatics, Mar. 24, 2021.
********************************************************************************


ALPHABET= ACGT

strands: + -

Background letter frequencies
A 0.234 C 0.266 G 0.266 T 0.234 

MOTIF 1-DRTGASTCAYH STREME-1
letter-probability matrix: alength= 4 w= 11 nsites= 7501 E= 7.6e-170
 0.238082 0.168389 0.390190 0.203339
 0.425719 0.174522 0.390042 0.009717
 0.000006 0.001146 0.000007 0.998840
 0.000006 0.000007 0.963517 0.036470
 0.999420 0.000007 0.000566 0.000006
 0.042464 0.457536 0.457536 0.042464
 0.000006 0.000566 0.000007 0.999420
 0.036470 0.963517 0.000007 0.000006
 0.998840 0.000007 0.001146 0.000006
 0.009717 0.390042 0.174522 0.425719
 0.203339 0.390190 0.168389 0.238082

MOTIF 2-CTGTAATCCCAGCAC STREME-2
letter-probability matrix: alength= 4 w= 15 nsites= 1561 E= 1.9e-041
 0.007808 0.946139 0.004981 0.041072
 0.006393 0.014888 0.003566 0.975153
 0.079304 0.007104 0.907907 0.005685
 0.000024 0.017013 0.003566 0.979398
 0.936928 0.013474 0.043913 0.005686
 0.780362 0.001443 0.212510 0.005685
 0.004978 0.021966 0.002150 0.970907
 0.009223 0.936645 0.007104 0.047028
 0.012054 0.906203 0.007812 0.073931
 0.004270 0.912864 0.004273 0.078593
 0.978692 0.004273 0.012058 0.004978
 0.064741 0.004981 0.926580 0.003698
 0.017303 0.956462 0.002150 0.024085
 0.662117 0.007104 0.017012 0.313767
 0.301028 0.656872 0.022967 0.019133

MOTIF 3-WWTRTTTRY STREME-3
letter-probability matrix: alength= 4 w= 9 nsites= 6444 E= 7.3e-039
 0.416398 0.129876 0.102438 0.351288
 0.426295 0.101939 0.141063 0.330703
 0.000019 0.000021 0.000021 0.999939
 0.479947 0.000021 0.520013 0.000019
 0.000019 0.000021 0.000021 0.999939
 0.000019 0.000021 0.000021 0.999939
 0.000019 0.000021 0.023501 0.976459
 0.650919 0.000021 0.349041 0.000019
 0.029474 0.646659 0.000021 0.323846

MOTIF 4-CCAGCCTGGGCRACA STREME-4
letter-probability matrix: alength= 4 w= 15 nsites= 1359 E= 7.4e-036
 0.014661 0.919426 0.022795 0.043118
 0.013848 0.937314 0.004096 0.044742
 0.990630 0.001657 0.004909 0.002804
 0.036613 0.007348 0.919420 0.036619
 0.008970 0.949171 0.000844 0.041015
 0.008970 0.943817 0.004909 0.042304
 0.003279 0.018730 0.000031 0.977960
 0.042644 0.001657 0.941038 0.014661
 0.088183 0.004909 0.894686 0.012222
 0.052874 0.288097 0.640303 0.018726
 0.024756 0.662702 0.004096 0.308446
 0.637592 0.006059 0.349004 0.007344
 0.983650 0.000844 0.012226 0.003279
 0.004905 0.923154 0.012226 0.059714
 0.949505 0.006535 0.034176 0.009783

MOTIF 5-CCTCRGCCTCCCAAA STREME-5
letter-probability matrix: alength= 4 w= 15 nsites= 1516 E= 6.5e-031
 0.009980 0.938776 0.005190 0.046054
 0.000762 0.935061 0.009614 0.054563
 0.005924 0.009615 0.001503 0.982958
 0.008136 0.693625 0.012565 0.285674
 0.462977 0.020983 0.477361 0.038679
 0.055643 0.004453 0.939142 0.000762
 0.014773 0.964527 0.004453 0.016248
 0.008136 0.944310 0.002240 0.045314
 0.005924 0.003715 0.001503 0.988858
 0.003712 0.951990 0.000028 0.044270
 0.014773 0.923659 0.002240 0.059327
 0.022148 0.832101 0.011827 0.133924
 0.764673 0.020982 0.201785 0.012561
 0.887047 0.009614 0.099627 0.003712
 0.672459 0.006233 0.319070 0.002237

MOTIF 6-CCASCAGRKGGCRSY STREME-6
letter-probability matrix: alength= 4 w= 15 nsites= 1210 E= 7.1e-028
 0.067488 0.836505 0.053328 0.042679
 0.000031 0.998984 0.000954 0.000031
 0.768506 0.013818 0.160295 0.057381
 0.010138 0.597064 0.383578 0.009220
 0.100271 0.574323 0.064579 0.260827
 0.997142 0.001873 0.000035 0.000950
 0.000031 0.000035 0.999903 0.000031
 0.413206 0.000954 0.584890 0.000950
 0.017870 0.012899 0.609618 0.359613
 0.004625 0.000035 0.995308 0.000031
 0.011976 0.011981 0.942553 0.033491
 0.061974 0.883366 0.000954 0.053705
 0.423087 0.013818 0.540093 0.023002
 0.057918 0.562371 0.357627 0.022083
 0.113050 0.422951 0.098196 0.365803

MOTIF 7-KTWGAGACRGGGTYT STREME-7
letter-probability matrix: alength= 4 w= 15 nsites= 1007 E= 6.8e-025
 0.044354 0.010593 0.436028 0.509026
 0.021577 0.016924 0.004261 0.957238
 0.534594 0.005316 0.023255 0.436835
 0.016919 0.002151 0.958298 0.022633
 0.986166 0.004261 0.006372 0.003201
 0.040133 0.016924 0.933411 0.009532
 0.966117 0.001096 0.017979 0.014808
 0.007422 0.688087 0.010592 0.293899
 0.584610 0.003206 0.397376 0.014808
 0.141436 0.006372 0.844770 0.007422
 0.289055 0.021145 0.671827 0.017974
 0.101776 0.013141 0.868164 0.016919
 0.007422 0.014813 0.003206 0.974559
 0.000036 0.543595 0.005316 0.451053
 0.010587 0.014813 0.009537 0.965062

MOTIF 8-AGSYCAGGAGTTCRA STREME-8
letter-probability matrix: alength= 4 w= 15 nsites= 1127 E= 3.8e-023
 0.979229 0.000038 0.020700 0.000033
 0.044717 0.002990 0.948325 0.003969
 0.024631 0.351161 0.558250 0.065958
 0.000033 0.429473 0.006925 0.563569
 0.000033 0.956604 0.002006 0.041357
 0.967423 0.000038 0.031523 0.001017
 0.063988 0.000038 0.931022 0.004953
 0.072847 0.002006 0.916259 0.008888
 0.973326 0.003973 0.014796 0.007904
 0.048245 0.002006 0.935942 0.013808
 0.068914 0.010861 0.116164 0.804061
 0.001017 0.016764 0.002990 0.979229
 0.012824 0.702280 0.042347 0.242550
 0.493158 0.033492 0.468973 0.004377
 0.981197 0.003973 0.013812 0.001017

MOTIF 9-CAAGYGATCCTCC STREME-9
letter-probability matrix: alength= 4 w= 13 nsites= 1061 E= 1.4e-020
 0.000036 0.962620 0.003235 0.034109
 0.980719 0.010687 0.006428 0.002165
 0.751201 0.004299 0.242335 0.002165
 0.069059 0.003235 0.920841 0.006865
 0.016727 0.359924 0.018141 0.605208
 0.199297 0.032424 0.760791 0.007488
 0.999882 0.000041 0.000041 0.000036
 0.002165 0.008558 0.000041 0.989236
 0.003230 0.798696 0.003235 0.194840
 0.003671 0.878852 0.000041 0.117436
 0.166889 0.007493 0.196256 0.629362
 0.003230 0.941234 0.003676 0.051861
 0.002165 0.921908 0.004299 0.071627

MOTIF 10-CAAAGKYCA STREME-10
letter-probability matrix: alength= 4 w= 9 nsites= 3298 E= 9.9e-020
 0.000037 0.963865 0.000043 0.036055
 0.769022 0.177039 0.052590 0.001349
 0.848522 0.000043 0.142118 0.009317
 0.964495 0.000043 0.035425 0.000037
 0.000037 0.000043 0.993456 0.006464
 0.064810 0.009761 0.413301 0.512128
 0.026437 0.441085 0.051387 0.481091
 0.006458 0.948334 0.001147 0.044061
 0.918121 0.017994 0.012903 0.050982

MOTIF 11-CCCCGCCCC STREME-11
letter-probability matrix: alength= 4 w= 9 nsites= 3357 E= 1.6e-017
 0.000041 0.979761 0.000047 0.020151
 0.045387 0.931410 0.000047 0.023156
 0.014791 0.985121 0.000047 0.000041
 0.078913 0.846111 0.000047 0.074929
 0.250683 0.000047 0.586504 0.162767
 0.004108 0.995804 0.000047 0.000041
 0.000041 0.999870 0.000047 0.000041
 0.000041 0.979302 0.000047 0.020609
 0.053148 0.894819 0.000047 0.051986

MOTIF 12-TKATGHAAYCN STREME-12
letter-probability matrix: alength= 4 w= 11 nsites= 2659 E= 4.3e-016
 0.000021 0.000024 0.000024 0.999932
 0.029948 0.000024 0.567274 0.402754
 0.582128 0.000024 0.218223 0.199625
 0.039613 0.310453 0.000024 0.649910
 0.000021 0.000024 0.999935 0.000021
 0.204248 0.400558 0.000024 0.395170
 0.811403 0.188553 0.000024 0.000021
 0.999932 0.000024 0.000024 0.000021
 0.000021 0.408504 0.000024 0.591451
 0.202859 0.426613 0.159449 0.211080
 0.244074 0.270079 0.187402 0.298444

MOTIF 13-AGTGCAGTGGYGCAA STREME-13
letter-probability matrix: alength= 4 w= 15 nsites= 706 E= 3.5e-014
 0.988972 0.000060 0.010916 0.000052
 0.218773 0.007814 0.768708 0.004705
 0.004705 0.009365 0.006263 0.979667
 0.038826 0.009365 0.947105 0.004705
 0.003154 0.971920 0.000060 0.024867
 0.976565 0.000060 0.015569 0.007807
 0.125681 0.000060 0.874207 0.000052
 0.000052 0.003161 0.000060 0.996727
 0.020214 0.001610 0.942452 0.035724
 0.122584 0.000060 0.871101 0.006256
 0.000052 0.573192 0.004712 0.422044
 0.219396 0.001610 0.769636 0.009358
 0.012460 0.783588 0.004712 0.199240
 0.678750 0.035730 0.279264 0.006256
 0.979667 0.000060 0.015569 0.004705

MOTIF 14-TGCAGTGAGCCAWGA STREME-14
letter-probability matrix: alength= 4 w= 15 nsites= 626 E= 3.5e-014
 0.002649 0.010347 0.005223 0.981782
 0.079518 0.002661 0.907487 0.010335
 0.002649 0.948485 0.005223 0.043644
 0.974095 0.002661 0.018034 0.005211
 0.035957 0.010347 0.948485 0.005211
 0.005211 0.015471 0.002661 0.976657
 0.033395 0.005223 0.958733 0.002649
 0.981782 0.005223 0.010347 0.002649
 0.048770 0.007785 0.935673 0.007773
 0.005211 0.933110 0.015472 0.046208
 0.033395 0.651180 0.007785 0.307640
 0.658763 0.023158 0.305181 0.012897
 0.374420 0.028282 0.010347 0.586951
 0.012897 0.012909 0.968983 0.005211
 0.968971 0.002661 0.010347 0.018021

MOTIF 15-GCRTGAGCCACCRYG STREME-15
letter-probability matrix: alength= 4 w= 15 nsites= 526 E= 4.9e-010
 0.033431 0.004250 0.960164 0.002155
 0.002155 0.843398 0.000080 0.154366
 0.436741 0.008420 0.544343 0.010496
 0.006325 0.052206 0.006335 0.935133
 0.030126 0.000080 0.969724 0.000070
 0.776666 0.118929 0.002165 0.102240
 0.098069 0.006335 0.893441 0.002155
 0.002155 0.991439 0.002165 0.004240
 0.000070 0.964334 0.008420 0.027176
 0.981004 0.002165 0.016760 0.000070
 0.000070 0.974759 0.002165 0.023006
 0.014666 0.709070 0.020931 0.255334
 0.387908 0.012590 0.578581 0.020921
 0.012581 0.640266 0.008420 0.338734
 0.275317 0.002165 0.701597 0.020921

MOTIF 16-AAAAAWAMAAAAAA STREME-16
letter-probability matrix: alength= 4 w= 14 nsites= 715 E= 2.9e-009
 0.976842 0.000084 0.000084 0.022990
 0.999757 0.000084 0.000084 0.000074
 0.967423 0.027296 0.000084 0.005196
 0.995367 0.000084 0.000084 0.004465
 0.762833 0.156698 0.079298 0.001171
 0.597362 0.000084 0.000084 0.402469
 0.999757 0.000084 0.000084 0.000074
 0.617461 0.352897 0.016234 0.013408
 0.951564 0.007906 0.040456 0.000074
 0.880657 0.101102 0.000084 0.018156
 0.938236 0.033033 0.026462 0.002269
 0.911544 0.050552 0.035635 0.002269
 0.947236 0.000084 0.024268 0.028412
 0.752890 0.000084 0.000084 0.246941

MOTIF 17-CACTTCCKGB STREME-17
letter-probability matrix: alength= 4 w= 10 nsites= 2135 E= 2.9e-009
 0.070567 0.766455 0.082615 0.080363
 0.804336 0.055423 0.094912 0.045329
 0.001351 0.811647 0.039604 0.147397
 0.076197 0.000064 0.001712 0.922026
 0.010671 0.000064 0.000064 0.989200
 0.001441 0.995908 0.000875 0.001775
 0.000057 0.992274 0.007613 0.000057
 0.000057 0.018824 0.353944 0.627175
 0.020688 0.080744 0.818218 0.080351
 0.084453 0.431219 0.232116 0.252212

MOTIF 18-TCAAGGTCA STREME-18
letter-probability matrix: alength= 4 w= 9 nsites= 1561 E= 2.1e-005
 0.234842 0.000125 0.039015 0.726018
 0.000110 0.870316 0.072908 0.056666
 0.956504 0.000125 0.043261 0.000110
 0.999640 0.000125 0.000125 0.000110
 0.000110 0.003908 0.995872 0.000110
 0.000110 0.000125 0.982319 0.017446
 0.119421 0.177912 0.024995 0.677672
 0.006389 0.935435 0.000125 0.058051
 0.921010 0.021057 0.035686 0.022247

MOTIF 19-CAGCACCACGGACAG STREME-19
letter-probability matrix: alength= 4 w= 15 nsites= 141 E= 1.1e-004
 0.000374 0.954456 0.011519 0.033651
 0.998773 0.000426 0.000426 0.000374
 0.011467 0.011519 0.976640 0.000374
 0.022559 0.865716 0.089166 0.022559
 0.998773 0.000426 0.000426 0.000374
 0.011467 0.965548 0.022611 0.000374
 0.000374 0.987733 0.000426 0.011467
 0.677069 0.011519 0.233390 0.078022
 0.133491 0.544013 0.055889 0.266607
 0.011467 0.011519 0.965548 0.011467
 0.033651 0.000426 0.954456 0.011467
 0.910033 0.066981 0.011519 0.011467
 0.011467 0.921178 0.055888 0.011467
 0.976588 0.022611 0.000426 0.000374
 0.022559 0.000426 0.976640 0.000374

MOTIF 20-CCCAGCCC STREME-20
letter-probability matrix: alength= 4 w= 8 nsites= 3560 E= 1.2e-004
 0.000160 0.999496 0.000183 0.000160
 0.000160 0.965050 0.034629 0.000160
 0.000160 0.990802 0.008877 0.000160
 0.706342 0.011571 0.177606 0.104482
 0.055755 0.021741 0.911304 0.011200
 0.000160 0.999496 0.000183 0.000160
 0.041603 0.905788 0.000183 0.052426
 0.000160 0.714823 0.012768 0.272248

MOTIF 21-CCACCAYGCCYRGCT STREME-21
letter-probability matrix: alength= 4 w= 15 nsites= 310 E= 1.7e-004
 0.011706 0.957147 0.007866 0.023281
 0.003989 0.961005 0.000148 0.034858
 0.987997 0.000148 0.011724 0.000130
 0.023282 0.856818 0.034877 0.085023
 0.007848 0.910841 0.015583 0.065729
 0.891530 0.011724 0.088898 0.007848
 0.007848 0.497936 0.023301 0.470915
 0.216227 0.000148 0.771918 0.011706
 0.003989 0.941711 0.004007 0.050293
 0.003989 0.926276 0.007866 0.061869
 0.015565 0.571256 0.023300 0.389878
 0.397594 0.015583 0.578976 0.007848
 0.058011 0.004007 0.933993 0.003989
 0.038717 0.933993 0.004007 0.023282
 0.007848 0.108192 0.000148 0.883812

MOTIF 22-RTTRVBYAAY STREME-22
letter-probability matrix: alength= 4 w= 10 nsites= 1730 E= 1.9e-004
 0.424504 0.170303 0.405139 0.000054
 0.000054 0.000061 0.000061 0.999824
 0.000054 0.000061 0.000061 0.999824
 0.341841 0.000061 0.484675 0.173423
 0.204606 0.367083 0.249370 0.178941
 0.178941 0.249370 0.367083 0.204606
 0.173423 0.484675 0.000061 0.341841
 0.999824 0.000061 0.000061 0.000054
 0.999824 0.000061 0.000061 0.000054
 0.000054 0.405139 0.170303 0.424504

MOTIF 23-CKCCGCCTCC STREME-23
letter-probability matrix: alength= 4 w= 10 nsites= 1561 E= 4.2e-003
 0.005129 0.987640 0.000095 0.007135
 0.075672 0.000095 0.330185 0.594049
 0.037208 0.914772 0.000095 0.047926
 0.116714 0.766388 0.052921 0.063977
 0.158740 0.000095 0.732667 0.108498
 0.055672 0.889967 0.013809 0.040552
 0.000083 0.879408 0.120426 0.000083
 0.000083 0.000095 0.174177 0.825645
 0.007496 0.944606 0.000095 0.047803
 0.000083 0.878058 0.121776 0.000083

MOTIF 24-GYCACGTGRC STREME-24
letter-probability matrix: alength= 4 w= 10 nsites= 453 E= 6.4e-003
 0.225736 0.113921 0.503131 0.157213
 0.074700 0.426390 0.104115 0.394796
 0.003157 0.960538 0.021542 0.014762
 0.999600 0.000139 0.000139 0.000122
 0.000122 0.999617 0.000139 0.000122
 0.000122 0.000139 0.999617 0.000122
 0.000122 0.000139 0.000139 0.999600
 0.014762 0.021542 0.960538 0.003157
 0.394796 0.104115 0.426390 0.074700
 0.157213 0.503131 0.113921 0.225736

MOTIF 25-CCACCCCCACC STREME-25
letter-probability matrix: alength= 4 w= 11 nsites= 394 E= 1.2e-002
 0.000189 0.999407 0.000215 0.000189
 0.111509 0.696567 0.130747 0.061177
 0.879390 0.000215 0.120206 0.000189
 0.042523 0.955398 0.000215 0.001864
 0.000189 0.727754 0.204332 0.067725
 0.239610 0.706751 0.053450 0.000189
 0.000189 0.893437 0.042287 0.064088
 0.010626 0.897330 0.038680 0.053363
 0.849040 0.000215 0.150555 0.000189
 0.078985 0.741217 0.000215 0.179582
 0.000189 0.841928 0.140355 0.017527

MOTIF 26-GCGCAKGCGCA STREME-26
letter-probability matrix: alength= 4 w= 11 nsites= 165 E= 1.5e-002
 0.152618 0.000291 0.824092 0.022999
 0.045226 0.954227 0.000291 0.000256
 0.000256 0.000291 0.999197 0.000256
 0.000256 0.999197 0.000291 0.000256
 0.854612 0.000291 0.117940 0.027157
 0.071626 0.171069 0.283664 0.473640
 0.000256 0.000291 0.999197 0.000256
 0.000256 0.999197 0.000291 0.000256
 0.000256 0.000291 0.999197 0.000256
 0.000256 0.946130 0.000291 0.053323
 0.781909 0.000291 0.217543 0.000256

MOTIF 27-CTTTGWTCT STREME-27
letter-probability matrix: alength= 4 w= 9 nsites= 1011 E= 1.8e-002
 0.010751 0.921834 0.067257 0.000159
 0.103795 0.014160 0.007612 0.874433
 0.000159 0.000181 0.000181 0.999479
 0.000159 0.006421 0.000181 0.993239
 0.000159 0.000181 0.999502 0.000159
 0.483233 0.024496 0.000181 0.492089
 0.112273 0.020710 0.000181 0.866837
 0.007921 0.734739 0.169537 0.087804
 0.036622 0.068773 0.022513 0.872093

MOTIF 28-GAGCRAGACYCTGTC STREME-28
letter-probability matrix: alength= 4 w= 15 nsites= 209 E= 3.0e-002
 0.110737 0.045425 0.833618 0.010221
 0.984367 0.005219 0.010245 0.000170
 0.020272 0.000193 0.979365 0.000170
 0.025298 0.746096 0.025322 0.203284
 0.608292 0.005219 0.386320 0.000170
 0.974315 0.005219 0.000193 0.020272
 0.095658 0.000193 0.898953 0.005195
 0.834450 0.030348 0.109904 0.025298
 0.005195 0.873824 0.050451 0.070530
 0.090633 0.494803 0.010245 0.404320
 0.065504 0.672793 0.100709 0.160993
 0.030324 0.216301 0.007304 0.746072
 0.095659 0.035374 0.858746 0.010221
 0.045401 0.085631 0.000193 0.868775
 0.000170 0.848695 0.075580 0.075556

MOTIF 29-AGRGAGAGRRAGRGA STREME-29
letter-probability matrix: alength= 4 w= 15 nsites= 418 E= 5.4e-002
 0.846798 0.000092 0.153031 0.000080
 0.277524 0.000092 0.722304 0.000080
 0.546320 0.012000 0.441600 0.000080
 0.000080 0.119180 0.880659 0.000080
 0.892633 0.012000 0.095287 0.000080
 0.271190 0.012000 0.716729 0.000080
 0.765211 0.028672 0.206037 0.000080
 0.124511 0.019145 0.856263 0.000080
 0.504751 0.084377 0.410791 0.000080
 0.325159 0.066779 0.581783 0.026279
 0.772011 0.027622 0.162179 0.038188
 0.038188 0.007237 0.954495 0.000080
 0.623731 0.026290 0.349899 0.000080
 0.316442 0.000092 0.683386 0.000080
 0.994973 0.002473 0.002474 0.000080

MOTIF 30-CAAAGCAAA STREME-30
letter-probability matrix: alength= 4 w= 9 nsites= 534 E= 7.0e-002
 0.039923 0.865375 0.076640 0.018063
 0.967793 0.011233 0.007344 0.013631
 0.982888 0.000428 0.000428 0.016255
 0.963387 0.006890 0.028122 0.001600
 0.053001 0.062553 0.876691 0.007754
 0.000376 0.935608 0.042475 0.021541
 0.894282 0.083018 0.018130 0.004570
 0.833848 0.114355 0.040764 0.011032
 0.906564 0.006091 0.010568 0.076777

MOTIF 31-AGATAA STREME-31
letter-probability matrix: alength= 4 w= 6 nsites= 1669 E= 7.9e-002
 0.930336 0.024209 0.024209 0.021245
 0.021245 0.024209 0.933300 0.021245
 0.930336 0.024209 0.024209 0.021245
 0.021245 0.024209 0.024209 0.930336
 0.930336 0.024209 0.024209 0.021245
 0.930336 0.024209 0.024209 0.021245

MOTIF 32-ATGACTCA STREME-32
letter-probability matrix: alength= 4 w= 8 nsites= 675 E= 9.8e-002
 0.998723 0.000444 0.000444 0.000389
 0.000389 0.002736 0.000444 0.996431
 0.003731 0.000444 0.895979 0.099846
 0.998723 0.000444 0.000444 0.000389
 0.091965 0.695599 0.000444 0.211992
 0.000389 0.000444 0.167063 0.832104
 0.000389 0.998582 0.000444 0.000585
 0.810811 0.000444 0.188356 0.000389

MOTIF 33-CAGCAGCAGCAGC STREME-33
letter-probability matrix: alength= 4 w= 13 nsites= 310 E= 1.5e-001
 0.003465 0.972259 0.017563 0.006713
 0.638874 0.048394 0.302841 0.009891
 0.067850 0.000250 0.912200 0.019700
 0.039181 0.907152 0.000250 0.053417
 0.762675 0.014990 0.202633 0.019701
 0.000219 0.032718 0.966844 0.000219
 0.013207 0.966844 0.000250 0.019700
 0.640558 0.051859 0.237237 0.070346
 0.054862 0.006743 0.938176 0.000219
 0.000219 0.960351 0.000250 0.039180
 0.671990 0.143633 0.184158 0.000219
 0.131557 0.094861 0.760376 0.013206
 0.008058 0.981735 0.003494 0.006713

MOTIF 34-GAGGTCAAGGC STREME-34
letter-probability matrix: alength= 4 w= 11 nsites= 202 E= 1.8e-001
 0.077749 0.000259 0.921764 0.000228
 0.803483 0.035281 0.161009 0.000228
 0.000228 0.158203 0.841341 0.000228
 0.037374 0.000259 0.884725 0.077641
 0.000228 0.000259 0.000259 0.999254
 0.000228 0.999285 0.000259 0.000228
 0.747709 0.000259 0.217453 0.034579
 0.784551 0.191081 0.024140 0.000228
 0.098414 0.155406 0.745952 0.000228
 0.055489 0.000259 0.944024 0.000228
 0.000228 0.671545 0.000259 0.327968

MOTIF 35-CAGGAAGCA STREME-35
letter-probability matrix: alength= 4 w= 9 nsites= 1666 E= 2.3e-001
 0.025253 0.876231 0.091142 0.007374
 0.845246 0.111758 0.003216 0.039780
 0.002853 0.015943 0.976275 0.004928
 0.030488 0.012026 0.952530 0.004957
 0.975570 0.000377 0.000377 0.023677
 0.961077 0.034595 0.000377 0.003951
 0.157052 0.002880 0.837751 0.002316
 0.030565 0.925284 0.043821 0.000331
 0.758546 0.158578 0.019968 0.062907

MOTIF 36-RTGACTAAG STREME-36
letter-probability matrix: alength= 4 w= 9 nsites= 371 E= 2.3e-001
 0.603718 0.000258 0.378584 0.017441
 0.000226 0.011512 0.000258 0.988004
 0.015227 0.000258 0.984288 0.000226
 0.999258 0.000258 0.000258 0.000226
 0.000226 0.836236 0.139056 0.024481
 0.000226 0.000258 0.011781 0.987734
 0.999258 0.000258 0.000258 0.000226
 0.934674 0.040428 0.024672 0.000226
 0.057538 0.090708 0.674371 0.177384

MOTIF 37-ACTACAWYTCCCAGM STREME-37
letter-probability matrix: alength= 4 w= 15 nsites= 133 E= 2.4e-001
 0.999079 0.000320 0.000320 0.000281
 0.000281 0.999118 0.000320 0.000281
 0.000281 0.008643 0.000320 0.990756
 0.915847 0.033613 0.041936 0.008604
 0.000281 0.999118 0.000320 0.000281
 0.865909 0.008643 0.075228 0.050219
 0.491358 0.066906 0.091875 0.349862
 0.033574 0.374869 0.116847 0.474710
 0.033574 0.050259 0.000320 0.915848
 0.000281 0.974149 0.000320 0.025250
 0.000281 0.999118 0.000320 0.000281
 0.000281 0.999118 0.000320 0.000281
 0.824292 0.000320 0.175107 0.000281
 0.083512 0.075229 0.741100 0.100158
 0.383153 0.458105 0.125168 0.033573

MOTIF 38-MTGTTGACTCA STREME-38
letter-probability matrix: alength= 4 w= 11 nsites= 345 E= 3.5e-001
 0.275730 0.486159 0.077684 0.160427
 0.000179 0.028967 0.000204 0.970649
 0.231700 0.000204 0.767916 0.000179
 0.000179 0.000204 0.000204 0.999412
 0.000179 0.000204 0.000204 0.999412
 0.043867 0.000204 0.955749 0.000179
 0.999412 0.000204 0.000204 0.000179
 0.025313 0.796779 0.097279 0.080629
 0.162291 0.094908 0.000204 0.742597
 0.032475 0.700232 0.000204 0.267089
 0.862085 0.000204 0.019739 0.117972

MOTIF 39-GGGAGGAGG STREME-39
letter-probability matrix: alength= 4 w= 9 nsites= 1499 E= 3.9e-001
 0.000290 0.000331 0.999089 0.000290
 0.000290 0.000331 0.999089 0.000290
 0.284348 0.000331 0.660459 0.054863
 0.999049 0.000331 0.000331 0.000290
 0.104994 0.016552 0.878164 0.000290
 0.000290 0.000331 0.978044 0.021335
 0.899500 0.034206 0.000331 0.065963
 0.207062 0.011618 0.781030 0.000290
 0.080546 0.000331 0.870218 0.048905

MOTIF 40-AAGATGGCGGC STREME-40
letter-probability matrix: alength= 4 w= 11 nsites= 125 E= 4.0e-001
 0.983628 0.000381 0.010298 0.005693
 0.911315 0.000381 0.010298 0.078005
 0.000335 0.187895 0.751914 0.059856
 0.998902 0.000381 0.000381 0.000335
 0.000335 0.040062 0.000381 0.959221
 0.000335 0.000381 0.998949 0.000335
 0.000335 0.000381 0.998949 0.000335
 0.000335 0.982308 0.000381 0.016976
 0.000335 0.049976 0.949354 0.000335
 0.111363 0.040065 0.788715 0.059857
 0.219514 0.696295 0.024333 0.059857

MOTIF 41-CACACACACACACAC STREME-41
letter-probability matrix: alength= 4 w= 15 nsites= 177 E= 6.5e-001
 0.019140 0.947541 0.000243 0.033077
 0.986684 0.000243 0.012861 0.000213
 0.000213 0.977357 0.000243 0.022187
 0.892049 0.000243 0.107496 0.000213
 0.000213 0.923623 0.006552 0.069612
 0.784795 0.000243 0.139041 0.075921
 0.000213 0.971450 0.028124 0.000213
 0.898360 0.012861 0.069640 0.019140
 0.000213 0.922284 0.050717 0.026786
 0.816339 0.012861 0.170588 0.000213
 0.000213 0.879457 0.006552 0.113778
 0.929903 0.000243 0.069641 0.000213
 0.006522 0.923624 0.006552 0.063302
 0.869058 0.029543 0.057024 0.044375
 0.034380 0.945760 0.010158 0.009702

MOTIF 42-AATSATTAACYW STREME-42
letter-probability matrix: alength= 4 w= 12 nsites= 144 E= 6.5e-001
 0.881484 0.000302 0.117950 0.000265
 0.881482 0.000302 0.000302 0.117915
 0.000265 0.015988 0.000302 0.983446
 0.047324 0.358157 0.483721 0.110797
 0.967758 0.000302 0.031675 0.000265
 0.126480 0.000302 0.000302 0.872917
 0.008108 0.000302 0.000302 0.991289
 0.983445 0.000302 0.000302 0.015952
 0.999132 0.000302 0.000302 0.000265
 0.050580 0.925324 0.000302 0.023795
 0.203781 0.440263 0.000302 0.355655
 0.469072 0.161406 0.120739 0.248783

MOTIF 43-TCTGAGTCA STREME-43
letter-probability matrix: alength= 4 w= 9 nsites= 75 E= 6.6e-001
 0.021245 0.024209 0.024209 0.930336
 0.021245 0.933300 0.024209 0.021245
 0.021245 0.024209 0.024209 0.930336
 0.021245 0.024209 0.933300 0.021245
 0.930336 0.024209 0.024209 0.021245
 0.021245 0.024209 0.933300 0.021245
 0.021245 0.024209 0.024209 0.930336
 0.021245 0.933300 0.024209 0.021245
 0.930336 0.024209 0.024209 0.021245

MOTIF 44-CACATTCC STREME-44
letter-probability matrix: alength= 4 w= 8 nsites= 830 E= 8.1e-001
 0.000433 0.741280 0.000494 0.257793
 0.839293 0.000494 0.159780 0.000433
 0.000433 0.998639 0.000494 0.000433
 0.998378 0.000494 0.000695 0.000433
 0.000433 0.000494 0.000494 0.998579
 0.000433 0.000494 0.000494 0.998579
 0.000433 0.998639 0.000494 0.000433
 0.000433 0.996857 0.002276 0.000433

MOTIF 45-AAAAATTAGCCRGG STREME-45
letter-probability matrix: alength= 4 w= 14 nsites= 113 E= 9.7e-001
 0.952514 0.000444 0.035101 0.011942
 0.929412 0.011996 0.000444 0.058148
 0.929412 0.000444 0.000444 0.069700
 0.917860 0.046651 0.000444 0.035045
 0.936171 0.000444 0.062995 0.000390
 0.000390 0.000444 0.023548 0.975618
 0.000390 0.000444 0.011996 0.987170
 0.998722 0.000444 0.000444 0.000390
 0.069701 0.011996 0.917914 0.000390
 0.000390 0.941017 0.000444 0.058149
 0.000390 0.716717 0.000444 0.282449
 0.658903 0.000444 0.340263 0.000390
 0.081253 0.000444 0.894809 0.023493
 0.046597 0.115963 0.779291 0.058149

MOTIF 46-CCTTTGTCCAGCRTA STREME-46
letter-probability matrix: alength= 4 w= 15 nsites= 66 E= 9.7e-001
 0.000731 0.911022 0.000833 0.087414
 0.022402 0.932693 0.000833 0.044072
 0.000731 0.022504 0.022504 0.954261
 0.000731 0.065846 0.000833 0.932590
 0.000731 0.000833 0.022504 0.975932
 0.000731 0.000833 0.997704 0.000731
 0.000731 0.065845 0.000833 0.932591
 0.022402 0.889349 0.000833 0.087416
 0.000731 0.911022 0.000833 0.087414
 0.975932 0.022504 0.000833 0.000731
 0.022402 0.022504 0.932693 0.022402
 0.065744 0.672633 0.000833 0.260791
 0.325801 0.000833 0.629294 0.044072
 0.044072 0.022504 0.000833 0.932591
 0.889249 0.087516 0.000833 0.022402

MOTIF 47-ACAGATGAGGAAA STREME-47
letter-probability matrix: alength= 4 w= 13 nsites= 140 E= 1.2e+000
 0.912466 0.011943 0.028522 0.047069
 0.092374 0.680971 0.151292 0.075362
 0.950051 0.011943 0.000225 0.037781
 0.105788 0.006082 0.862067 0.026063
 0.937205 0.018929 0.020232 0.023633
 0.134955 0.017802 0.011943 0.835300
 0.000198 0.011943 0.987662 0.000198
 0.903448 0.011943 0.070263 0.014346
 0.298242 0.000225 0.619311 0.082221
 0.063186 0.067103 0.840219 0.029492
 0.868290 0.069534 0.026825 0.035351
 0.914900 0.043665 0.029520 0.011915
 0.932474 0.029519 0.026091 0.011915

MOTIF 48-CAAGCCTCAGCAATG STREME-48
letter-probability matrix: alength= 4 w= 15 nsites= 66 E= 1.2e+000
 0.018945 0.979732 0.000705 0.000618
 0.979646 0.000705 0.000705 0.018945
 0.888011 0.037358 0.000705 0.073927
 0.018945 0.019031 0.943079 0.018945
 0.018945 0.924753 0.019031 0.037271
 0.000618 0.961406 0.000705 0.037271
 0.018945 0.000705 0.037358 0.942993
 0.000618 0.888095 0.074015 0.037271
 0.869683 0.000705 0.128995 0.000618
 0.000618 0.019031 0.979732 0.000618
 0.000618 0.759795 0.092341 0.147245
 0.961319 0.000705 0.000705 0.037271
 0.979646 0.019031 0.000705 0.000618
 0.000618 0.000705 0.008307 0.990370
 0.018945 0.000705 0.943079 0.037271

MOTIF 49-CCTCCCTCCC STREME-49
letter-probability matrix: alength= 4 w= 10 nsites= 397 E= 1.2e+000
 0.056963 0.840532 0.028442 0.074063
 0.041360 0.884205 0.037672 0.036763
 0.022271 0.000529 0.017005 0.960195
 0.000464 0.998542 0.000529 0.000464
 0.000464 0.955596 0.043476 0.000464
 0.009140 0.981674 0.008722 0.000464
 0.157670 0.000529 0.068030 0.773770
 0.024985 0.923326 0.000529 0.051160
 0.000464 0.958743 0.040328 0.000464
 0.000464 0.991344 0.007727 0.000464

MOTIF 50-CAGCCTGGC STREME-50
letter-probability matrix: alength= 4 w= 9 nsites= 321 E= 1.4e+000
 0.001282 0.995975 0.001461 0.001282
 0.995796 0.001461 0.001461 0.001282
 0.001282 0.001461 0.995975 0.001282
 0.001282 0.995975 0.001461 0.001282
 0.001282 0.995975 0.001461 0.001282
 0.001282 0.001461 0.001461 0.995796
 0.001282 0.278236 0.719199 0.001282
 0.001282 0.001461 0.995975 0.001282
 0.001282 0.995975 0.001461 0.001282

MOTIF 51-MTGASSTCAK STREME-51
letter-probability matrix: alength= 4 w= 10 nsites= 313 E= 1.8e+000
 0.350491 0.648575 0.000497 0.000436
 0.000436 0.114853 0.001020 0.883690
 0.074172 0.000497 0.922277 0.003054
 0.998569 0.000497 0.000497 0.000436
 0.000436 0.645444 0.353683 0.000436
 0.000436 0.353683 0.645444 0.000436
 0.000436 0.000497 0.000497 0.998569
 0.003054 0.922277 0.000497 0.074172
 0.883690 0.001020 0.114853 0.000436
 0.000436 0.000497 0.648575 0.350491

MOTIF 52-GGGTGGATCAC STREME-52
letter-probability matrix: alength= 4 w= 11 nsites= 92 E= 1.9e+000
 0.165206 0.000516 0.801434 0.032845
 0.000453 0.000516 0.998579 0.000453
 0.043277 0.000516 0.947611 0.008597
 0.000453 0.295780 0.000516 0.703252
 0.013868 0.013932 0.969165 0.003035
 0.000453 0.013932 0.979598 0.006018
 0.998516 0.000516 0.000516 0.000453
 0.000453 0.000516 0.000516 0.998516
 0.003035 0.969165 0.000516 0.027285
 0.991269 0.007762 0.000516 0.000453
 0.000453 0.977922 0.000516 0.021109

MOTIF 53-AACTGGGTGGAGC STREME-53
letter-probability matrix: alength= 4 w= 13 nsites= 60 E= 1.9e+000
 0.958416 0.000757 0.040161 0.000665
 0.958416 0.000757 0.020459 0.020367
 0.040069 0.958509 0.000757 0.000665
 0.000665 0.020459 0.020459 0.958416
 0.059763 0.020459 0.919113 0.000665
 0.000665 0.000757 0.978211 0.020367
 0.000665 0.000757 0.997913 0.000665
 0.079474 0.237197 0.020459 0.662870
 0.000665 0.000757 0.879701 0.118877
 0.079473 0.000757 0.919105 0.000665
 0.958416 0.000757 0.000757 0.040069
 0.040069 0.000757 0.958509 0.000665
 0.000665 0.938807 0.040162 0.020367

MOTIF 54-AGACTGCTGTGCTRG STREME-54
letter-probability matrix: alength= 4 w= 15 nsites= 48 E= 1.9e+000
 0.884238 0.068825 0.000871 0.046067
 0.000764 0.046173 0.952298 0.000764
 0.884237 0.023522 0.068825 0.023416
 0.000764 0.997601 0.000871 0.000764
 0.000764 0.023522 0.000871 0.974843
 0.000764 0.000871 0.997601 0.000764
 0.000764 0.974949 0.023522 0.000764
 0.046067 0.046174 0.000871 0.906888
 0.000764 0.023522 0.952298 0.023416
 0.023416 0.204735 0.023522 0.748327
 0.091372 0.000871 0.906993 0.000764
 0.000764 0.952298 0.000871 0.046067
 0.000764 0.000871 0.000871 0.997494
 0.635049 0.023522 0.340665 0.000764
 0.000764 0.000871 0.997601 0.000764

MOTIF 55-AGAATGGCRTGAAC STREME-55
letter-probability matrix: alength= 4 w= 14 nsites= 38 E= 1.9e+000
 0.938191 0.001126 0.059695 0.000988
 0.030273 0.030410 0.909045 0.030273
 0.996760 0.001126 0.001126 0.000988
 0.967476 0.001126 0.001126 0.030273
 0.030273 0.001126 0.001126 0.967476
 0.000988 0.088980 0.791899 0.118132
 0.000988 0.001126 0.996898 0.000988
 0.000988 0.938328 0.001126 0.059558
 0.528194 0.001126 0.264694 0.205987
 0.000988 0.001126 0.001126 0.996760
 0.000988 0.001126 0.996898 0.000988
 0.967476 0.001126 0.001126 0.030273
 0.996760 0.001126 0.001126 0.000988
 0.000988 0.967613 0.001126 0.030273

MOTIF 56-CTGTAATCCCA STREME-56
letter-probability matrix: alength= 4 w= 11 nsites= 77 E= 2.2e+000
 0.000568 0.930816 0.068047 0.000568
 0.000568 0.000648 0.017497 0.981287
 0.000568 0.089011 0.909852 0.000568
 0.000568 0.000648 0.000648 0.998136
 0.880185 0.000648 0.000648 0.118520
 0.839502 0.000648 0.159282 0.000568
 0.000568 0.000648 0.000648 0.998136
 0.000568 0.880267 0.000648 0.118517
 0.000568 0.981366 0.017497 0.000568
 0.067968 0.789033 0.000648 0.142352
 0.998136 0.000648 0.000648 0.000568

MOTIF 57-AAAATACAAAAA STREME-57
letter-probability matrix: alength= 4 w= 12 nsites= 79 E= 2.2e+000
 0.932411 0.017077 0.033523 0.016989
 0.981736 0.000632 0.017077 0.000555
 0.974914 0.007454 0.017077 0.000555
 0.965303 0.017071 0.017071 0.000555
 0.000555 0.000632 0.000632 0.998181
 0.998181 0.000632 0.000632 0.000555
 0.000555 0.909216 0.040338 0.049891
 0.948846 0.017077 0.017077 0.017000
 0.817268 0.049969 0.132209 0.000555
 0.965291 0.017077 0.017077 0.000555
 0.974914 0.017077 0.007454 0.000555
 0.817289 0.066403 0.082863 0.033445

MOTIF 58-CCAAGGACACDG STREME-58
letter-probability matrix: alength= 4 w= 12 nsites= 227 E= 2.3e+000
 0.000224 0.892766 0.106787 0.000224
 0.000224 0.952868 0.020153 0.026755
 0.869408 0.094198 0.036170 0.000224
 0.972735 0.026786 0.000255 0.000224
 0.000224 0.000255 0.999297 0.000224
 0.006856 0.003006 0.956752 0.033385
 0.893577 0.000255 0.105944 0.000224
 0.074119 0.925402 0.000255 0.000224
 0.946204 0.006888 0.046684 0.000224
 0.228897 0.537709 0.110274 0.123121
 0.255571 0.134138 0.382139 0.228153
 0.050678 0.178794 0.688511 0.082017

MOTIF 59-GAATGAATGAATA STREME-59
letter-probability matrix: alength= 4 w= 13 nsites= 120 E= 2.4e+000
 0.063172 0.075920 0.851624 0.009284
 0.909195 0.027289 0.045251 0.018265
 0.939034 0.018307 0.033374 0.009284
 0.045205 0.009326 0.027289 0.918180
 0.066896 0.045251 0.869588 0.018265
 0.891233 0.018307 0.072194 0.018265
 0.890403 0.009326 0.051336 0.048935
 0.036227 0.027289 0.052702 0.883782
 0.045209 0.013052 0.905511 0.036227
 0.901744 0.048976 0.039995 0.009284
 0.833623 0.036270 0.084902 0.045205
 0.054191 0.120826 0.097605 0.727379
 0.666401 0.102860 0.160117 0.070622

MOTIF 60-AAGTTTTAAATT STREME-60
letter-probability matrix: alength= 4 w= 12 nsites= 64 E= 6.8e+000
 0.964016 0.000655 0.000655 0.034673
 0.718261 0.188197 0.000655 0.092887
 0.154022 0.000655 0.742451 0.102872
 0.017624 0.000655 0.000655 0.981065
 0.007648 0.000655 0.000655 0.991041
 0.085821 0.034754 0.051802 0.827623
 0.000575 0.017704 0.000655 0.981065
 0.929918 0.034754 0.034753 0.000575
 0.964016 0.000655 0.034754 0.000575
 0.998114 0.000655 0.000655 0.000575
 0.000575 0.034754 0.000655 0.964016
 0.000575 0.046305 0.051804 0.901316

MOTIF 61-GGATTCGAACCCR STREME-61
letter-probability matrix: alength= 4 w= 13 nsites= 51 E= 3.1e+001
 0.039000 0.000737 0.959615 0.000647
 0.000647 0.019914 0.978792 0.000647
 0.825285 0.058267 0.000737 0.115711
 0.134885 0.058268 0.096620 0.710227
 0.000647 0.000737 0.000737 0.997878
 0.058178 0.825376 0.058267 0.058179
 0.000647 0.000737 0.978792 0.019824
 0.997878 0.000737 0.000737 0.000647
 0.921172 0.000737 0.019914 0.058177
 0.000647 0.997969 0.000737 0.000647
 0.000647 0.997969 0.000737 0.000647
 0.058178 0.595251 0.115801 0.230771
 0.403389 0.019914 0.576050 0.000647

MOTIF 62-CGCTGATTGGCTGG STREME-62
letter-probability matrix: alength= 4 w= 14 nsites= 61 E= 3.1e+001
 0.000557 0.717528 0.000635 0.281280
 0.033582 0.033660 0.875813 0.056945
 0.056945 0.908838 0.033660 0.000557
 0.017070 0.066685 0.116223 0.800023
 0.000557 0.116223 0.882663 0.000557
 0.932123 0.033660 0.000635 0.033582
 0.000557 0.000635 0.000635 0.998173
 0.000557 0.083198 0.000635 0.915610
 0.033582 0.000635 0.965226 0.000557
 0.000557 0.000635 0.998251 0.000557
 0.099632 0.717528 0.000635 0.182205
 0.000557 0.264837 0.017147 0.717459
 0.000557 0.198786 0.783587 0.017070
 0.083120 0.182274 0.717537 0.017070

********************************************************************************
Stopped because 3 consecutive motifs exceeded the p-value threshold (0.05).
********************************************************************************
COMMAND:	streme --verbosity 1 --oc meme_out_incomplete_DL/HepG2_FOSL2-human_ENCFF200ULH/streme_out -dna --seed 0 --p meme_out_incomplete_DL/HepG2_FOSL2-human_ENCFF200ULH/seqs-centered --minw 6 --maxw 15 --time 6150 --order 2 --thresh 0.05 --align center --totallength 4000000 --parse-genomic-coord
********************************************************************************
CPU:		9f05ee173ae9
********************************************************************************
FINALTIME:	5423.84 seconds
********************************************************************************
