********************************************************************************
STREME - Sensitive, Thorough, Rapid, Enriched Motif Elicitation
********************************************************************************
MEME version 5.5.3 (Release date: Sat Jun 10 16:19:38 2023 -0700)

For further information on how to interpret these results please access http://localhost:8080/meme_5.5.3.
To get a copy of the MEME Suite software please access https://meme-suite.org.

********************************************************************************


********************************************************************************
REFERENCE
********************************************************************************
If you use this program in your research, please cite:

Timothy L. Bailey,
"STREME: accurate and versatile sequence motif discovery",
Bioinformatics, Mar. 24, 2021.
********************************************************************************


ALPHABET= ACGT

strands: + -

Background letter frequencies
A 0.19 C 0.31 G 0.31 T 0.19 

MOTIF 1-GCCCCGCCCCC STREME-1
letter-probability matrix: alength= 4 w= 11 nsites= 2129 E= 2.4e-010
 0.125908 0.032711 0.638779 0.202602
 0.015918 0.919681 0.000055 0.064346
 0.014753 0.929982 0.000055 0.055210
 0.070020 0.929892 0.000055 0.000034
 0.000034 0.999877 0.000055 0.000034
 0.132883 0.000055 0.826929 0.040133
 0.038039 0.955550 0.000055 0.006356
 0.041179 0.958732 0.000055 0.000034
 0.000034 0.889423 0.000055 0.110488
 0.074554 0.905028 0.000055 0.020363
 0.079047 0.516683 0.206770 0.197500

MOTIF 2-GCCGCCGCCGCCGCC STREME-2
letter-probability matrix: alength= 4 w= 15 nsites= 459 E= 2.6e-009
 0.015526 0.051935 0.904250 0.028289
 0.000072 0.897845 0.002729 0.099354
 0.051503 0.832266 0.000117 0.116114
 0.057107 0.000117 0.942705 0.000072
 0.000072 0.959465 0.000117 0.040346
 0.093684 0.704026 0.098374 0.103916
 0.026199 0.018405 0.903071 0.052325
 0.002684 0.852345 0.000117 0.144854
 0.013135 0.899809 0.007955 0.079101
 0.117234 0.002729 0.879965 0.000072
 0.000072 0.913965 0.000117 0.085846
 0.020973 0.867208 0.002729 0.109089
 0.002684 0.002729 0.898909 0.095677
 0.013135 0.979874 0.002729 0.004262
 0.014220 0.708244 0.163962 0.113575

MOTIF 3-CACGTGAYCCN STREME-3
letter-probability matrix: alength= 4 w= 11 nsites= 1208 E= 9.9e-009
 0.064406 0.628496 0.245304 0.061793
 0.978488 0.000043 0.000446 0.021023
 0.199552 0.757495 0.000043 0.042910
 0.000027 0.000043 0.999903 0.000027
 0.000027 0.004010 0.000043 0.995920
 0.044843 0.168555 0.714788 0.071814
 0.791101 0.000043 0.208829 0.000027
 0.013832 0.640902 0.008659 0.336608
 0.053021 0.510729 0.235847 0.200403
 0.171420 0.473178 0.185393 0.170009
 0.312237 0.222390 0.301872 0.163500

MOTIF 4-AGTAAACA STREME-4
letter-probability matrix: alength= 4 w= 8 nsites= 1433 E= 7.4e-008
 0.592435 0.000139 0.166780 0.240646
 0.140232 0.022163 0.825689 0.011915
 0.049517 0.212390 0.000139 0.737954
 0.959426 0.040349 0.000139 0.000086
 0.999636 0.000139 0.000139 0.000086
 0.999636 0.000139 0.000139 0.000086
 0.000086 0.752805 0.000139 0.246970
 0.999636 0.000139 0.000139 0.000086

MOTIF 5-CCASCAGRGGGCGCY STREME-5
letter-probability matrix: alength= 4 w= 15 nsites= 662 E= 2.9e-007
 0.045040 0.893551 0.031944 0.029465
 0.000048 0.999828 0.000077 0.000048
 0.665394 0.012191 0.275645 0.046770
 0.011149 0.639043 0.342839 0.006969
 0.019083 0.684165 0.083858 0.212895
 0.999798 0.000077 0.000077 0.000048
 0.000048 0.000077 0.999828 0.000048
 0.358972 0.000077 0.640903 0.000048
 0.005239 0.008730 0.706661 0.279370
 0.001778 0.000077 0.998097 0.000048
 0.022544 0.027765 0.901191 0.048501
 0.053692 0.900473 0.000077 0.045758
 0.304315 0.001808 0.654029 0.039848
 0.050231 0.644952 0.271890 0.032926
 0.105312 0.440758 0.136784 0.317147

MOTIF 6-CCTGTAATCCCAGC STREME-6
letter-probability matrix: alength= 4 w= 14 nsites= 282 E= 1.3e-006
 0.012660 0.945223 0.012732 0.029386
 0.008478 0.936860 0.008550 0.046112
 0.016841 0.016913 0.004368 0.961877
 0.096291 0.008550 0.895044 0.000115
 0.004296 0.016913 0.012732 0.966059
 0.957696 0.025276 0.012732 0.004296
 0.819704 0.000187 0.167450 0.012660
 0.000115 0.021095 0.004368 0.974422
 0.012660 0.949405 0.012732 0.025204
 0.008478 0.936860 0.016913 0.037749
 0.000115 0.915952 0.016913 0.067020
 0.991148 0.000187 0.008550 0.000115
 0.025204 0.021095 0.936860 0.016841
 0.016841 0.961949 0.008550 0.012660

MOTIF 7-CAAAGKYCA STREME-7
letter-probability matrix: alength= 4 w= 9 nsites= 1373 E= 1.5e-006
 0.000057 0.932180 0.000092 0.067672
 0.753782 0.197827 0.008865 0.039526
 0.946595 0.000092 0.053257 0.000057
 0.921075 0.000092 0.078776 0.000057
 0.000057 0.000092 0.987869 0.011983
 0.029008 0.000092 0.330650 0.640251
 0.005567 0.480258 0.085294 0.428881
 0.077757 0.811318 0.002150 0.108775
 0.879472 0.025420 0.012921 0.082187

MOTIF 8-TGCGCATGCGCA STREME-8
letter-probability matrix: alength= 4 w= 12 nsites= 330 E= 3.2e-005
 0.013851 0.282082 0.136172 0.567894
 0.043302 0.000175 0.956415 0.000108
 0.035448 0.960342 0.004102 0.000108
 0.013219 0.000175 0.986497 0.000108
 0.000108 0.999609 0.000175 0.000108
 0.690786 0.185933 0.119246 0.004035
 0.004035 0.119246 0.185933 0.690786
 0.000108 0.000175 0.999609 0.000108
 0.000108 0.986497 0.000175 0.013219
 0.000108 0.004102 0.960342 0.035448
 0.000108 0.956415 0.000175 0.043302
 0.567894 0.136172 0.282082 0.013851

MOTIF 9-CCTCGGCCTCC STREME-9
letter-probability matrix: alength= 4 w= 11 nsites= 1241 E= 3.2e-005
 0.034616 0.916766 0.032820 0.015799
 0.039794 0.853320 0.078659 0.028227
 0.005240 0.000078 0.000078 0.994603
 0.015581 0.895829 0.000078 0.088512
 0.298333 0.015504 0.679313 0.006850
 0.059549 0.036837 0.835707 0.067907
 0.030542 0.798432 0.017089 0.153938
 0.005227 0.676886 0.134313 0.183574
 0.064697 0.000078 0.021775 0.913449
 0.013074 0.954552 0.002717 0.029657
 0.007050 0.811917 0.127240 0.053794

MOTIF 10-CCAGCCTGGSCAACA STREME-10
letter-probability matrix: alength= 4 w= 15 nsites= 224 E= 4.3e-005
 0.000142 0.963210 0.015778 0.020870
 0.005324 0.947663 0.000231 0.046781
 0.999395 0.000231 0.000231 0.000142
 0.005324 0.000231 0.916571 0.077873
 0.005324 0.947663 0.000231 0.046781
 0.000142 0.968392 0.000231 0.031235
 0.000142 0.031324 0.010596 0.957938
 0.046781 0.000231 0.952846 0.000142
 0.098601 0.000231 0.890661 0.010506
 0.051963 0.357792 0.564193 0.026053
 0.015688 0.750746 0.000231 0.233334
 0.712232 0.020960 0.266666 0.000142
 0.966152 0.000231 0.023110 0.010506
 0.015688 0.872964 0.028292 0.083055
 0.921664 0.000231 0.046870 0.031235

MOTIF 11-CACTTCCKGBY STREME-11
letter-probability matrix: alength= 4 w= 11 nsites= 1473 E= 1.1e-004
 0.110828 0.588680 0.114672 0.185820
 0.824197 0.000055 0.154325 0.021423
 0.000034 0.857358 0.000055 0.142554
 0.000034 0.000055 0.014036 0.985876
 0.033341 0.000055 0.000055 0.966550
 0.000034 0.998655 0.000055 0.001256
 0.000034 0.999878 0.000055 0.000034
 0.000034 0.050972 0.582299 0.366696
 0.056350 0.207809 0.624839 0.111001
 0.037310 0.324013 0.223230 0.415447
 0.177183 0.253641 0.163068 0.406108

MOTIF 12-AAGATGGCGGCS STREME-12
letter-probability matrix: alength= 4 w= 12 nsites= 225 E= 1.7e-004
 0.985017 0.000215 0.014636 0.000132
 0.928148 0.057084 0.000215 0.014554
 0.057818 0.156642 0.780600 0.004939
 0.999439 0.000215 0.000215 0.000132
 0.000132 0.000215 0.000215 0.999439
 0.000132 0.014636 0.985100 0.000132
 0.000132 0.000215 0.989907 0.009746
 0.000132 0.989907 0.000215 0.009746
 0.038589 0.038672 0.829275 0.093463
 0.115504 0.093546 0.757168 0.033782
 0.144347 0.768330 0.005469 0.081854
 0.057001 0.327549 0.490332 0.125118

MOTIF 13-ACTACAWYTCCCA STREME-13
letter-probability matrix: alength= 4 w= 13 nsites= 185 E= 6.9e-004
 0.999304 0.000266 0.000266 0.000164
 0.006123 0.993447 0.000266 0.000164
 0.006123 0.077737 0.000266 0.915873
 0.945670 0.006225 0.012185 0.035920
 0.000164 0.993447 0.000266 0.006123
 0.859766 0.030063 0.086170 0.024001
 0.446100 0.092129 0.107534 0.354237
 0.068190 0.354339 0.086170 0.491301
 0.035920 0.071778 0.006225 0.886077
 0.000164 0.943299 0.012185 0.044352
 0.000164 0.999406 0.000266 0.000164
 0.014556 0.985014 0.000266 0.000164
 0.806132 0.000266 0.193438 0.000164

MOTIF 14-TAGAGACRGGGTYT STREME-14
letter-probability matrix: alength= 4 w= 14 nsites= 181 E= 1.4e-003
 0.006399 0.021548 0.000278 0.971775
 0.687861 0.000278 0.000278 0.311582
 0.037540 0.018963 0.943326 0.000171
 0.961903 0.031419 0.006506 0.000171
 0.037540 0.018963 0.912184 0.031312
 0.993044 0.000278 0.006506 0.000171
 0.006399 0.741437 0.000278 0.251885
 0.494786 0.006506 0.492308 0.006399
 0.139777 0.012735 0.828633 0.018856
 0.187018 0.012735 0.775163 0.025084
 0.043769 0.000278 0.937097 0.018856
 0.000171 0.000278 0.012735 0.986816
 0.006399 0.405113 0.012735 0.575753
 0.000171 0.000278 0.000278 0.999273

MOTIF 15-AGGTCAGGAGTTCRA STREME-15
letter-probability matrix: alength= 4 w= 15 nsites= 153 E= 1.4e-003
 0.980895 0.000274 0.018662 0.000168
 0.049205 0.000274 0.950353 0.000168
 0.043075 0.184160 0.717430 0.055334
 0.000168 0.257715 0.000274 0.741843
 0.000168 0.944224 0.012533 0.043075
 0.950248 0.030922 0.018662 0.000168
 0.079852 0.006403 0.858410 0.055334
 0.067593 0.018662 0.901317 0.012427
 0.956377 0.000274 0.043181 0.000168
 0.055334 0.012533 0.919705 0.012427
 0.128889 0.018662 0.018662 0.833786
 0.000168 0.030922 0.018662 0.950248
 0.000168 0.741949 0.043181 0.214702
 0.374071 0.024792 0.564192 0.036946
 0.956377 0.000274 0.024792 0.018557

MOTIF 16-CAAGGTCA STREME-16
letter-probability matrix: alength= 4 w= 8 nsites= 863 E= 1.4e-003
 0.000245 0.914589 0.084920 0.000245
 0.879412 0.000399 0.119944 0.000245
 0.884939 0.000399 0.114416 0.000245
 0.045115 0.006566 0.948074 0.000245
 0.000245 0.000399 0.999110 0.000245
 0.150800 0.000399 0.000399 0.848402
 0.000245 0.964469 0.000399 0.034887
 0.799539 0.000399 0.145506 0.054557

MOTIF 17-TTRYRYAA STREME-17
letter-probability matrix: alength= 4 w= 8 nsites= 353 E= 2.4e-003
 0.014286 0.000492 0.011445 0.973777
 0.000302 0.018064 0.000492 0.981141
 0.513928 0.000492 0.485278 0.000302
 0.000302 0.458948 0.010533 0.530217
 0.530217 0.010533 0.458948 0.000302
 0.000302 0.485278 0.000492 0.513928
 0.981141 0.000492 0.018064 0.000302
 0.973777 0.011445 0.000492 0.014286

MOTIF 18-CAGCGTCCGCG STREME-18
letter-probability matrix: alength= 4 w= 11 nsites= 664 E= 8.4e-003
 0.016749 0.833989 0.104716 0.044546
 0.448922 0.190528 0.214055 0.146494
 0.084657 0.117765 0.725846 0.071732
 0.005408 0.865604 0.128907 0.000081
 0.000081 0.000131 0.999708 0.000081
 0.012412 0.000131 0.000131 0.987326
 0.003736 0.976655 0.000131 0.019478
 0.000520 0.950224 0.049040 0.000215
 0.023935 0.043923 0.879090 0.053052
 0.007864 0.913108 0.074228 0.004800
 0.104180 0.138534 0.641813 0.115473

MOTIF 19-CCTCCTCCC STREME-19
letter-probability matrix: alength= 4 w= 9 nsites= 1939 E= 1.1e-002
 0.104036 0.841424 0.000320 0.054219
 0.016156 0.917361 0.010154 0.056328
 0.064992 0.000320 0.156117 0.778570
 0.000197 0.977411 0.000320 0.022072
 0.043382 0.725823 0.020380 0.210415
 0.025337 0.000320 0.000320 0.974023
 0.133972 0.795322 0.020397 0.050309
 0.000197 0.999286 0.000320 0.000197
 0.000197 0.999286 0.000320 0.000197

MOTIF 20-CACACACACACAC STREME-20
letter-probability matrix: alength= 4 w= 13 nsites= 401 E= 1.8e-002
 0.077537 0.764525 0.051891 0.106048
 0.876079 0.048729 0.075118 0.000074
 0.126807 0.772801 0.031221 0.069171
 0.819907 0.107060 0.070264 0.002769
 0.151646 0.768174 0.033457 0.046723
 0.658062 0.008205 0.255696 0.078037
 0.024099 0.783900 0.012018 0.179983
 0.940643 0.026332 0.032952 0.000074
 0.005464 0.823407 0.109031 0.062098
 0.583427 0.131523 0.168765 0.116285
 0.084733 0.826371 0.006858 0.082038
 0.917387 0.030559 0.050165 0.001889
 0.049396 0.822328 0.020372 0.107904

MOTIF 21-CAGCCAATC STREME-21
letter-probability matrix: alength= 4 w= 9 nsites= 225 E= 2.0e-002
 0.016672 0.666450 0.176354 0.140524
 0.788700 0.000563 0.210391 0.000346
 0.289219 0.029606 0.668226 0.012949
 0.000346 0.987717 0.000563 0.011374
 0.000346 0.998745 0.000563 0.000346
 0.965109 0.000563 0.033982 0.000346
 0.998528 0.000563 0.000563 0.000346
 0.000346 0.000563 0.000563 0.998528
 0.189544 0.809547 0.000563 0.000346

MOTIF 22-CGTGAGCCACCGCGC STREME-22
letter-probability matrix: alength= 4 w= 15 nsites= 154 E= 2.2e-002
 0.014263 0.865632 0.000314 0.119790
 0.281597 0.042525 0.661614 0.014263
 0.000193 0.007349 0.007349 0.985108
 0.021299 0.007349 0.971159 0.000193
 0.971038 0.028455 0.000314 0.000193
 0.021299 0.007349 0.971159 0.000193
 0.000193 0.985229 0.007349 0.007228
 0.007228 0.985229 0.000314 0.007228
 0.978073 0.007349 0.014384 0.000193
 0.000193 0.992264 0.000314 0.007228
 0.014263 0.760106 0.000314 0.225317
 0.211246 0.007349 0.760106 0.021299
 0.000193 0.788246 0.000314 0.211246
 0.260492 0.014384 0.724930 0.000193
 0.000193 0.943018 0.000314 0.056474

MOTIF 23-CTGGGTCC STREME-23
letter-probability matrix: alength= 4 w= 8 nsites= 1674 E= 4.1e-002
 0.000653 0.944256 0.001882 0.053209
 0.000441 0.096385 0.051839 0.851335
 0.042317 0.184854 0.761056 0.011774
 0.000441 0.099071 0.900048 0.000441
 0.000441 0.000716 0.998402 0.000441
 0.000441 0.000716 0.000716 0.998126
 0.065798 0.820004 0.000716 0.113481
 0.059826 0.907251 0.032483 0.000441

MOTIF 24-GCAGTGAGCCGAGAT STREME-24
letter-probability matrix: alength= 4 w= 15 nsites= 123 E= 5.3e-002
 0.012067 0.000525 0.987085 0.000323
 0.000323 0.951851 0.012269 0.035557
 0.963394 0.012269 0.012269 0.012067
 0.012067 0.012269 0.963596 0.012067
 0.000323 0.012269 0.000525 0.986883
 0.047302 0.000525 0.951851 0.000323
 0.998628 0.000525 0.000525 0.000323
 0.023812 0.012269 0.928362 0.035557
 0.000323 0.951851 0.012269 0.035557
 0.047302 0.634742 0.012269 0.305687
 0.270452 0.024014 0.705211 0.000323
 0.763733 0.000525 0.035759 0.199984
 0.012067 0.000525 0.987085 0.000323
 0.975139 0.000525 0.024014 0.000323
 0.000323 0.012269 0.012269 0.975139

MOTIF 25-GAGAATCGCTTGAAC STREME-25
letter-probability matrix: alength= 4 w= 15 nsites= 102 E= 8.8e-002
 0.047864 0.048068 0.891857 0.012211
 0.962959 0.000531 0.024300 0.012211
 0.035980 0.024300 0.939395 0.000326
 0.760925 0.000531 0.238218 0.000326
 0.962959 0.000531 0.024300 0.012211
 0.012211 0.036184 0.012415 0.939190
 0.047864 0.642286 0.083721 0.226129
 0.119170 0.048068 0.808667 0.024095
 0.012211 0.939395 0.000531 0.047864
 0.024095 0.012415 0.095606 0.867884
 0.000326 0.048068 0.048068 0.903537
 0.012211 0.000531 0.963163 0.024095
 0.939190 0.000531 0.048068 0.012211
 0.737156 0.024300 0.202565 0.035980
 0.047864 0.891857 0.024300 0.035980

MOTIF 26-AAAAAWAMAAAAAWT STREME-26
letter-probability matrix: alength= 4 w= 15 nsites= 197 E= 1.0e-001
 0.855981 0.000260 0.029348 0.114411
 0.976050 0.017713 0.006078 0.000160
 0.941144 0.023531 0.000260 0.035066
 0.987685 0.000260 0.000260 0.011795
 0.868917 0.055034 0.040984 0.035066
 0.339507 0.020127 0.023531 0.616835
 0.946961 0.000260 0.029348 0.023431
 0.324468 0.599482 0.040984 0.035066
 0.935326 0.040984 0.023531 0.000160
 0.894602 0.052619 0.052619 0.000160
 0.999320 0.000260 0.000260 0.000160
 0.958597 0.029348 0.011895 0.000160
 0.917873 0.040984 0.000260 0.040884
 0.292359 0.061949 0.120328 0.525364
 0.256913 0.055640 0.052468 0.634979

MOTIF 27-AGCACCATGGACAG STREME-27
letter-probability matrix: alength= 4 w= 14 nsites= 121 E= 1.8e-001
 0.949005 0.000320 0.028982 0.021693
 0.007362 0.021816 0.963459 0.007362
 0.031832 0.845839 0.079140 0.043189
 0.949005 0.014651 0.014651 0.021693
 0.000197 0.963459 0.021816 0.014528
 0.007362 0.963459 0.007485 0.021693
 0.666580 0.060617 0.150794 0.122009
 0.057520 0.258275 0.071974 0.612231
 0.000197 0.007485 0.984955 0.007362
 0.021693 0.036147 0.927632 0.014528
 0.870186 0.079140 0.028982 0.021693
 0.021693 0.877474 0.071974 0.028858
 0.970501 0.000320 0.007485 0.021693
 0.028858 0.036147 0.934798 0.000197

MOTIF 28-GTCAYCRHS STREME-28
letter-probability matrix: alength= 4 w= 9 nsites= 1153 E= 3.1e-001
 0.245623 0.000131 0.754166 0.000080
 0.000080 0.000131 0.000131 0.999658
 0.036288 0.705289 0.000131 0.258293
 0.907991 0.000131 0.091798 0.000080
 0.036779 0.458649 0.000131 0.504441
 0.000080 0.999709 0.000131 0.000080
 0.318906 0.000131 0.487750 0.193213
 0.261036 0.399201 0.000131 0.339633
 0.090451 0.423874 0.428314 0.057361

MOTIF 29-CCCAGCCCCAGCC STREME-29
letter-probability matrix: alength= 4 w= 13 nsites= 761 E= 3.3e-001
 0.031291 0.897288 0.045368 0.026053
 0.012773 0.943194 0.022226 0.021807
 0.041168 0.854063 0.072815 0.031954
 0.922439 0.001519 0.042249 0.033792
 0.063770 0.069306 0.807179 0.059745
 0.039254 0.890680 0.029185 0.040881
 0.038501 0.853343 0.038538 0.069618
 0.045144 0.839882 0.047390 0.067584
 0.024649 0.826325 0.101528 0.047498
 0.658355 0.088861 0.160922 0.091862
 0.105001 0.147889 0.693715 0.053394
 0.049178 0.775644 0.127482 0.047697
 0.093553 0.740146 0.070065 0.096236

MOTIF 30-CTTTGATC STREME-30
letter-probability matrix: alength= 4 w= 8 nsites= 74 E= 3.5e-001
 0.017309 0.937236 0.028145 0.017309
 0.017309 0.028145 0.028145 0.926400
 0.017309 0.028145 0.028145 0.926400
 0.017309 0.028145 0.028145 0.926400
 0.017309 0.028145 0.937236 0.017309
 0.926400 0.028145 0.028145 0.017309
 0.017309 0.028145 0.028145 0.926400
 0.017309 0.937236 0.028145 0.017309

MOTIF 31-AAAACAAA STREME-31
letter-probability matrix: alength= 4 w= 8 nsites= 890 E= 3.7e-001
 0.882243 0.000478 0.097217 0.020062
 0.900780 0.033137 0.065789 0.000294
 0.910097 0.000478 0.000478 0.088948
 0.699813 0.098852 0.201042 0.000294
 0.000294 0.830486 0.000478 0.168743
 0.970843 0.000478 0.028385 0.000294
 0.998751 0.000478 0.000478 0.000294
 0.938807 0.000478 0.060421 0.000294

MOTIF 32-AGCAGCAGCAGC STREME-32
letter-probability matrix: alength= 4 w= 12 nsites= 255 E= 4.4e-001
 0.999336 0.000254 0.000254 0.000156
 0.090127 0.024083 0.840165 0.045625
 0.000156 0.955795 0.000254 0.043795
 0.919499 0.000254 0.080091 0.000156
 0.129912 0.006821 0.863111 0.000156
 0.039941 0.877972 0.000254 0.081833
 0.511608 0.134936 0.180468 0.172989
 0.064681 0.098365 0.831115 0.005840
 0.007461 0.972720 0.000254 0.019566
 0.875937 0.109490 0.014417 0.000156
 0.133011 0.005937 0.831949 0.029103
 0.041528 0.862407 0.000254 0.095811

MOTIF 33-AGTGCAGTGGYGCR STREME-33
letter-probability matrix: alength= 4 w= 14 nsites= 98 E= 4.8e-001
 0.977274 0.000480 0.021952 0.000295
 0.075447 0.000480 0.923778 0.000295
 0.000295 0.000480 0.000480 0.998746
 0.032503 0.000480 0.966723 0.000295
 0.000295 0.977459 0.011216 0.011031
 0.955802 0.000480 0.032688 0.011031
 0.000295 0.000480 0.998931 0.000295
 0.000295 0.043424 0.043424 0.912858
 0.000295 0.000480 0.988195 0.011031
 0.043239 0.000480 0.955987 0.000295
 0.011031 0.494337 0.011216 0.483416
 0.215016 0.032688 0.719794 0.032503
 0.011031 0.762738 0.043424 0.182807
 0.419000 0.064896 0.515809 0.000295

MOTIF 34-GGAAATGAA STREME-34
letter-probability matrix: alength= 4 w= 9 nsites= 332 E= 6.1e-001
 0.076564 0.013648 0.866961 0.042827
 0.093618 0.005764 0.895769 0.004849
 0.947175 0.007958 0.018672 0.026195
 0.937226 0.038836 0.019088 0.004849
 0.923253 0.051742 0.021376 0.003629
 0.000359 0.020982 0.139485 0.839174
 0.000359 0.025217 0.956880 0.017544
 0.884268 0.062990 0.029087 0.023656
 0.789278 0.091439 0.085095 0.034187

MOTIF 35-CCCGCAGCC STREME-35
letter-probability matrix: alength= 4 w= 9 nsites= 780 E= 1.1e+000
 0.000433 0.788834 0.210301 0.000433
 0.000433 0.656791 0.150148 0.192628
 0.000433 0.998432 0.000703 0.000433
 0.000433 0.000703 0.998432 0.000433
 0.049722 0.684940 0.000703 0.264634
 0.998161 0.000703 0.000703 0.000433
 0.000433 0.000703 0.998432 0.000433
 0.000433 0.998432 0.000703 0.000433
 0.000433 0.853414 0.000703 0.145450

MOTIF 36-CCCAGCCCTGCC STREME-36
letter-probability matrix: alength= 4 w= 12 nsites= 900 E= 1.2e+000
 0.087475 0.881124 0.008988 0.022413
 0.000049 0.946510 0.002682 0.050759
 0.039364 0.878355 0.018620 0.063661
 0.707484 0.110627 0.110054 0.071834
 0.223950 0.107864 0.592090 0.076096
 0.000049 0.985532 0.000080 0.014339
 0.159270 0.635870 0.087989 0.116871
 0.027476 0.885144 0.000423 0.086957
 0.105374 0.003168 0.049530 0.841928
 0.039288 0.000080 0.833860 0.126773
 0.018582 0.922977 0.000080 0.058361
 0.126075 0.648423 0.040478 0.185024

MOTIF 37-CCATGGCAAC STREME-37
letter-probability matrix: alength= 4 w= 10 nsites= 43 E= 1.4e+000
 0.000886 0.996789 0.001440 0.000886
 0.000886 0.886688 0.033680 0.078747
 0.996234 0.001440 0.001440 0.000886
 0.000886 0.001440 0.001440 0.996234
 0.162086 0.014821 0.822207 0.000886
 0.000886 0.001440 0.996789 0.000886
 0.000886 0.996789 0.001440 0.000886
 0.996234 0.001440 0.001440 0.000886
 0.996234 0.001440 0.001440 0.000886
 0.000886 0.996789 0.001440 0.000886

MOTIF 38-CAGGTGATCCGCC STREME-38
letter-probability matrix: alength= 4 w= 13 nsites= 41 E= 1.4e+000
 0.000772 0.997199 0.001256 0.000772
 0.968593 0.001256 0.029378 0.000772
 0.000772 0.001256 0.997199 0.000772
 0.085139 0.001256 0.884711 0.028895
 0.000772 0.085622 0.001256 0.912349
 0.000772 0.029378 0.969077 0.000772
 0.968593 0.029378 0.001256 0.000772
 0.000772 0.001256 0.001256 0.996715
 0.000772 0.997199 0.001256 0.000772
 0.012444 0.816795 0.001256 0.169505
 0.281993 0.001256 0.575368 0.141383
 0.085139 0.912833 0.001256 0.000772
 0.028895 0.969077 0.001256 0.000772

MOTIF 39-CCCTCCCCCA STREME-39
letter-probability matrix: alength= 4 w= 10 nsites= 327 E= 1.5e+000
 0.011971 0.987126 0.000559 0.000344
 0.010428 0.967146 0.022082 0.000344
 0.121144 0.781163 0.001632 0.096060
 0.058888 0.000559 0.010643 0.929909
 0.039687 0.818805 0.062484 0.079024
 0.039456 0.954159 0.006041 0.000344
 0.000633 0.980114 0.018909 0.000344
 0.000344 0.976643 0.022669 0.000344
 0.059768 0.783891 0.064638 0.091703
 0.998537 0.000559 0.000559 0.000344

MOTIF 40-RTGACTCA STREME-40
letter-probability matrix: alength= 4 w= 8 nsites= 290 E= 2.0e+000
 0.392176 0.000731 0.606644 0.000449
 0.000449 0.000731 0.000731 0.998089
 0.004233 0.000731 0.931224 0.063811
 0.998089 0.000731 0.000731 0.000449
 0.000449 0.998370 0.000731 0.000449
 0.000449 0.000731 0.049415 0.949405
 0.012414 0.983628 0.000731 0.003228
 0.889865 0.000731 0.108955 0.000449

MOTIF 41-CTGCAGCCGC STREME-41
letter-probability matrix: alength= 4 w= 10 nsites= 628 E= 2.1e+000
 0.015144 0.952445 0.028226 0.004185
 0.000310 0.018756 0.068408 0.912526
 0.000947 0.074368 0.920696 0.003990
 0.030775 0.950253 0.010479 0.008493
 0.844522 0.037799 0.079129 0.038550
 0.008007 0.036763 0.943643 0.011587
 0.022752 0.955821 0.003510 0.017918
 0.067680 0.885615 0.003118 0.043587
 0.078663 0.088603 0.815354 0.017380
 0.009243 0.890149 0.081480 0.019128

MOTIF 42-AATGAATGAATAW STREME-42
letter-probability matrix: alength= 4 w= 13 nsites= 265 E= 2.2e+000
 0.907025 0.011738 0.034869 0.046368
 0.905425 0.048035 0.046435 0.000106
 0.069500 0.034869 0.000172 0.895459
 0.135038 0.088842 0.718186 0.057934
 0.899314 0.000172 0.038724 0.061789
 0.826065 0.034869 0.069566 0.069500
 0.019382 0.004027 0.078876 0.897714
 0.096486 0.111973 0.695055 0.096486
 0.816755 0.102008 0.023303 0.057934
 0.583842 0.176857 0.061856 0.177445
 0.179046 0.159836 0.088842 0.572277
 0.537580 0.004027 0.239195 0.219198
 0.450510 0.088842 0.204498 0.256150

MOTIF 43-SCACGTGS STREME-43
letter-probability matrix: alength= 4 w= 8 nsites= 580 E= 4.0e+000
 0.185070 0.431394 0.383138 0.000398
 0.000398 0.972846 0.000647 0.026110
 0.998309 0.000647 0.000647 0.000398
 0.000398 0.998558 0.000647 0.000398
 0.000398 0.000647 0.998558 0.000398
 0.000398 0.000647 0.000647 0.998309
 0.026110 0.000647 0.972846 0.000398
 0.000398 0.383138 0.431394 0.185070

MOTIF 44-AGCTGGGYGTGGTG STREME-44
letter-probability matrix: alength= 4 w= 14 nsites= 81 E= 8.4e+000
 0.998532 0.000561 0.000561 0.000345
 0.088330 0.038269 0.847917 0.025484
 0.025484 0.935902 0.013131 0.025484
 0.000345 0.302223 0.000561 0.696870
 0.151176 0.025700 0.747363 0.075761
 0.113468 0.000561 0.885625 0.000345
 0.000345 0.025700 0.973610 0.000345
 0.012915 0.566177 0.000561 0.420347
 0.264299 0.000561 0.734794 0.000345
 0.000345 0.000561 0.000561 0.998532
 0.025484 0.038269 0.935902 0.000345
 0.000345 0.025700 0.973610 0.000345
 0.000345 0.000561 0.005778 0.993315
 0.050622 0.050838 0.898194 0.000345

MOTIF 45-AGGAAGRAAAGR STREME-45
letter-probability matrix: alength= 4 w= 12 nsites= 269 E= 8.8e+000
 0.953045 0.000223 0.041604 0.005128
 0.065022 0.000223 0.929627 0.005128
 0.104271 0.000223 0.863351 0.032155
 0.984444 0.000223 0.000223 0.015110
 0.925670 0.005214 0.068979 0.000137
 0.042138 0.022259 0.935466 0.000137
 0.637333 0.010205 0.352324 0.000137
 0.880643 0.030634 0.068621 0.020102
 0.842673 0.083114 0.074076 0.000137
 0.677445 0.172106 0.118293 0.032155
 0.205978 0.100159 0.604734 0.089129
 0.377873 0.010205 0.584131 0.027791

********************************************************************************
Stopped because 3 consecutive motifs exceeded the p-value threshold (0.05).
********************************************************************************
COMMAND:	streme --verbosity 1 --oc meme_out_incomplete_DL/HepG2_HINFP-human_ENCFF718SEF/streme_out -dna --seed 0 --p meme_out_incomplete_DL/HepG2_HINFP-human_ENCFF718SEF/seqs-centered --minw 6 --maxw 15 --time 6185 --order 2 --thresh 0.05 --align center --totallength 4000000 --parse-genomic-coord
********************************************************************************
CPU:		9f05ee173ae9
********************************************************************************
FINALTIME:	1240.36 seconds
********************************************************************************
