********************************************************************************
STREME - Sensitive, Thorough, Rapid, Enriched Motif Elicitation
********************************************************************************
MEME version 5.5.3 (Release date: Sat Jun 10 16:19:38 2023 -0700)

For further information on how to interpret these results please access http://localhost:8080/meme_5.5.3.
To get a copy of the MEME Suite software please access https://meme-suite.org.

********************************************************************************


********************************************************************************
REFERENCE
********************************************************************************
If you use this program in your research, please cite:

Timothy L. Bailey,
"STREME: accurate and versatile sequence motif discovery",
Bioinformatics, Mar. 24, 2021.
********************************************************************************


ALPHABET= ACGT

strands: + -

Background letter frequencies
A 0.207 C 0.293 G 0.293 T 0.207 

MOTIF 1-AGYAAAYA STREME-1
letter-probability matrix: alength= 4 w= 8 nsites= 3686 E= 2.8e-047
 0.568911 0.000042 0.171636 0.259411
 0.261329 0.000042 0.738600 0.000029
 0.000029 0.335250 0.000042 0.664679
 0.992651 0.007278 0.000042 0.000029
 0.999887 0.000042 0.000042 0.000029
 0.999887 0.000042 0.000042 0.000029
 0.000029 0.559514 0.000042 0.440415
 0.999887 0.000042 0.000042 0.000029

MOTIF 2-GCCCCGCCCCYN STREME-2
letter-probability matrix: alength= 4 w= 12 nsites= 3390 E= 9.4e-043
 0.124572 0.012540 0.692574 0.170314
 0.012797 0.895665 0.004231 0.087308
 0.015213 0.951253 0.000022 0.033511
 0.064825 0.935136 0.000022 0.000016
 0.000016 0.999946 0.000022 0.000016
 0.103031 0.000022 0.830083 0.066864
 0.017108 0.975731 0.001340 0.005820
 0.000016 0.999946 0.000022 0.000016
 0.000016 0.901146 0.000022 0.098816
 0.096271 0.834098 0.003111 0.066520
 0.034266 0.539078 0.136518 0.290138
 0.169388 0.300848 0.211108 0.318656

MOTIF 3-CCASYAGRKGGCRS STREME-3
letter-probability matrix: alength= 4 w= 14 nsites= 1708 E= 1.7e-035
 0.057739 0.859162 0.031099 0.052001
 0.000020 0.999930 0.000029 0.000020
 0.750945 0.004142 0.164680 0.080233
 0.008531 0.612518 0.378930 0.000020
 0.064936 0.568790 0.076928 0.289346
 0.999922 0.000029 0.000029 0.000020
 0.000020 0.000029 0.999930 0.000020
 0.404340 0.000029 0.595610 0.000020
 0.011273 0.000714 0.604901 0.383111
 0.000706 0.000029 0.999245 0.000020
 0.026754 0.000029 0.908629 0.064588
 0.091738 0.841151 0.000029 0.067081
 0.421593 0.003456 0.556138 0.018813
 0.060006 0.550808 0.341984 0.047202

MOTIF 4-VCCGGAAGTGV STREME-4
letter-probability matrix: alength= 4 w= 11 nsites= 3043 E= 7.1e-019
 0.426029 0.225968 0.295184 0.052820
 0.067672 0.751996 0.158385 0.021947
 0.214442 0.753830 0.029128 0.002600
 0.000724 0.002811 0.996190 0.000274
 0.001173 0.000027 0.984479 0.014321
 0.990890 0.001288 0.000027 0.007795
 0.962062 0.006050 0.000027 0.031862
 0.091808 0.006353 0.901820 0.000019
 0.003604 0.110171 0.000169 0.886056
 0.122413 0.108081 0.685944 0.083562
 0.399815 0.223467 0.310894 0.065824

MOTIF 5-ACTACAWYTCCCAG STREME-5
letter-probability matrix: alength= 4 w= 14 nsites= 583 E= 3.5e-016
 0.999772 0.000084 0.000084 0.000059
 0.000059 0.997803 0.000084 0.002053
 0.000059 0.024010 0.000084 0.975846
 0.914039 0.027997 0.037966 0.019997
 0.000059 0.999797 0.000084 0.000059
 0.868182 0.047935 0.075848 0.008035
 0.469426 0.077842 0.063885 0.388847
 0.073829 0.339027 0.144464 0.442679
 0.029966 0.041954 0.002078 0.926002
 0.002053 0.981025 0.000084 0.016837
 0.000059 0.999797 0.000084 0.000059
 0.002053 0.983846 0.000084 0.014016
 0.792418 0.000084 0.201456 0.006041
 0.079811 0.071860 0.755728 0.092601

MOTIF 6-CAAAGKTCA STREME-6
letter-probability matrix: alength= 4 w= 9 nsites= 3219 E= 8.1e-016
 0.000040 0.886020 0.039817 0.074124
 0.693021 0.306884 0.000056 0.000040
 0.895683 0.000056 0.088734 0.015526
 0.972390 0.000056 0.027515 0.000040
 0.000040 0.000056 0.999865 0.000040
 0.015316 0.000056 0.581465 0.403163
 0.056028 0.300882 0.034104 0.608985
 0.000040 0.942303 0.000056 0.057601
 0.999848 0.000056 0.000056 0.000040

MOTIF 7-GCGCATGCGC STREME-7
letter-probability matrix: alength= 4 w= 10 nsites= 1057 E= 1.3e-014
 0.072668 0.002261 0.923144 0.001926
 0.036101 0.958548 0.004709 0.000642
 0.008958 0.001144 0.989130 0.000769
 0.000438 0.999216 0.000156 0.000190
 0.734593 0.154752 0.080800 0.029855
 0.029855 0.080800 0.154752 0.734593
 0.000190 0.000156 0.999216 0.000438
 0.000769 0.989130 0.001144 0.008958
 0.000642 0.004709 0.958548 0.036101
 0.001926 0.923144 0.002261 0.072668

MOTIF 8-RRCCAATCRG STREME-8
letter-probability matrix: alength= 4 w= 10 nsites= 1074 E= 2.0e-013
 0.547438 0.000075 0.452434 0.000053
 0.354357 0.000075 0.594753 0.050815
 0.000053 0.999820 0.000075 0.000053
 0.000053 0.999820 0.000075 0.000053
 0.999798 0.000075 0.000075 0.000053
 0.999798 0.000075 0.000075 0.000053
 0.000053 0.000075 0.000075 0.999798
 0.107740 0.669362 0.222846 0.000053
 0.559946 0.000075 0.439927 0.000053
 0.045557 0.081147 0.809150 0.064146

MOTIF 9-RRTGASTCAYY STREME-9
letter-probability matrix: alength= 4 w= 11 nsites= 1202 E= 1.4e-012
 0.266893 0.165795 0.400731 0.166582
 0.428812 0.191323 0.322845 0.057020
 0.000042 0.000060 0.000060 0.999838
 0.005278 0.000060 0.899832 0.094830
 0.909065 0.090832 0.000060 0.000042
 0.053758 0.446242 0.446242 0.053758
 0.000042 0.000060 0.090832 0.909065
 0.094830 0.899832 0.000060 0.005278
 0.999838 0.000060 0.000060 0.000042
 0.057020 0.322845 0.191323 0.428812
 0.166582 0.400731 0.165795 0.266893

MOTIF 10-CAAGATGGCGGCSS STREME-10
letter-probability matrix: alength= 4 w= 14 nsites= 979 E= 3.9e-012
 0.103864 0.616618 0.203174 0.076343
 0.936101 0.003317 0.037656 0.022926
 0.935002 0.025221 0.002679 0.037098
 0.148746 0.189196 0.630411 0.031647
 0.992244 0.000046 0.007677 0.000033
 0.000033 0.008767 0.000046 0.991154
 0.000033 0.003317 0.995528 0.001123
 0.006573 0.001136 0.986807 0.005483
 0.023378 0.949927 0.000046 0.026649
 0.073978 0.082260 0.739713 0.104049
 0.093148 0.076172 0.770690 0.059991
 0.113408 0.777138 0.038654 0.070800
 0.123035 0.282950 0.433278 0.160737
 0.103412 0.273591 0.504138 0.118859

MOTIF 11-TKRTGCAATC STREME-11
letter-probability matrix: alength= 4 w= 10 nsites= 904 E= 2.1e-011
 0.000055 0.000078 0.011921 0.987945
 0.020085 0.000078 0.606575 0.373262
 0.488312 0.000078 0.391281 0.120328
 0.000055 0.193703 0.000078 0.806163
 0.000055 0.000078 0.999811 0.000055
 0.227337 0.608006 0.012110 0.152546
 0.997933 0.001933 0.000078 0.000055
 0.999788 0.000078 0.000078 0.000055
 0.000055 0.160215 0.000078 0.839651
 0.211038 0.530446 0.185589 0.072927

MOTIF 12-GGTSACGTSA STREME-12
letter-probability matrix: alength= 4 w= 10 nsites= 1566 E= 8.0e-011
 0.172734 0.215324 0.582160 0.029781
 0.169328 0.000050 0.813718 0.016905
 0.000035 0.077123 0.000050 0.922791
 0.004349 0.590961 0.356680 0.048010
 0.999864 0.000050 0.000050 0.000035
 0.000035 0.982368 0.000050 0.017546
 0.067621 0.000050 0.932293 0.000035
 0.000035 0.000050 0.000050 0.999864
 0.086261 0.338175 0.568251 0.007313
 0.603997 0.088139 0.279457 0.028408

MOTIF 13-AGGGARGGG STREME-13
letter-probability matrix: alength= 4 w= 9 nsites= 4570 E= 5.8e-009
 0.542437 0.055766 0.269001 0.132796
 0.000105 0.000149 0.999640 0.000105
 0.022950 0.000149 0.976795 0.000105
 0.034176 0.000149 0.958267 0.007408
 0.858509 0.000149 0.035946 0.105395
 0.592405 0.006250 0.393967 0.007378
 0.029831 0.000149 0.958212 0.011807
 0.144821 0.000149 0.854924 0.000105
 0.045882 0.000149 0.953863 0.000105

MOTIF 14-GCCGCCGCCGCCGCC STREME-14
letter-probability matrix: alength= 4 w= 15 nsites= 623 E= 3.7e-008
 0.033860 0.039038 0.924472 0.002630
 0.015395 0.946973 0.000072 0.037559
 0.052904 0.766464 0.000072 0.180560
 0.049436 0.000072 0.945326 0.005166
 0.000051 0.977662 0.000072 0.022215
 0.045939 0.731995 0.035680 0.186385
 0.126061 0.000072 0.853646 0.020220
 0.006871 0.849374 0.000072 0.143683
 0.001080 0.903205 0.062031 0.033684
 0.097650 0.000072 0.887309 0.014969
 0.042674 0.821243 0.006892 0.129191
 0.011985 0.831363 0.008597 0.148055
 0.011985 0.000072 0.869033 0.118909
 0.022215 0.952088 0.000072 0.025625
 0.000051 0.692702 0.157142 0.150104

MOTIF 15-GATCACTTGAGSYCA STREME-15
letter-probability matrix: alength= 4 w= 15 nsites= 193 E= 5.8e-008
 0.156486 0.000275 0.843045 0.000194
 0.992743 0.006788 0.000275 0.000194
 0.000194 0.000275 0.006788 0.992743
 0.000194 0.843045 0.026324 0.130437
 0.660623 0.032836 0.280298 0.026243
 0.000194 0.973287 0.000275 0.026243
 0.006706 0.165782 0.000275 0.827236
 0.000194 0.026324 0.006788 0.966694
 0.032755 0.013300 0.953751 0.000194
 0.947158 0.006788 0.026324 0.019731
 0.156486 0.032836 0.784435 0.026243
 0.006706 0.608607 0.325883 0.058804
 0.006706 0.660705 0.000275 0.332314
 0.013219 0.901654 0.013300 0.071828
 0.820724 0.013300 0.139733 0.026243

MOTIF 16-GAGGCBGAGGYGG STREME-16
letter-probability matrix: alength= 4 w= 13 nsites= 4122 E= 1.1e-007
 0.068716 0.000014 0.924894 0.006376
 0.891071 0.091083 0.017836 0.000010
 0.058771 0.100613 0.818311 0.022304
 0.047416 0.003388 0.937588 0.011608
 0.149500 0.683933 0.025284 0.141283
 0.138112 0.291850 0.285637 0.284401
 0.109200 0.000014 0.886891 0.003895
 0.587769 0.145167 0.185799 0.081265
 0.107195 0.076579 0.816216 0.000010
 0.063616 0.149600 0.763684 0.023100
 0.154088 0.539541 0.002256 0.304115
 0.224977 0.128797 0.493620 0.152606
 0.179836 0.043719 0.753582 0.022862

MOTIF 17-CCAGCCTGGGCAACA STREME-17
letter-probability matrix: alength= 4 w= 15 nsites= 271 E= 3.1e-007
 0.016253 0.959817 0.009636 0.014295
 0.009577 0.952339 0.004918 0.033167
 0.971152 0.019072 0.009636 0.000141
 0.028449 0.004918 0.938185 0.028449
 0.004859 0.947621 0.004918 0.042603
 0.019013 0.942903 0.009636 0.028449
 0.004859 0.004918 0.006876 0.983348
 0.052039 0.004918 0.928749 0.014295
 0.047321 0.000200 0.947621 0.004859
 0.037885 0.164794 0.785786 0.011535
 0.004859 0.777773 0.004918 0.212451
 0.661282 0.023790 0.306870 0.008058
 0.988066 0.002158 0.009636 0.000141
 0.014295 0.931509 0.030466 0.023731
 0.947562 0.014354 0.028508 0.009577

MOTIF 18-GCCTGTAATCCCAGC STREME-18
letter-probability matrix: alength= 4 w= 15 nsites= 340 E= 2.2e-006
 0.208187 0.013143 0.749310 0.029360
 0.016354 0.921635 0.003389 0.058622
 0.013103 0.937892 0.000138 0.048868
 0.004698 0.013143 0.003389 0.978770
 0.094388 0.003389 0.895623 0.006600
 0.000097 0.026149 0.009892 0.963862
 0.943005 0.013143 0.043755 0.000097
 0.693996 0.009892 0.296015 0.000097
 0.000097 0.009892 0.000138 0.989874
 0.013103 0.911881 0.013143 0.061874
 0.006600 0.941143 0.006640 0.045617
 0.003348 0.879366 0.000138 0.117148
 0.989874 0.000138 0.003389 0.006600
 0.055371 0.009892 0.931389 0.003348
 0.022857 0.934640 0.019646 0.022857

MOTIF 19-RGTTAATSATTAACY STREME-19
letter-probability matrix: alength= 4 w= 15 nsites= 302 E= 6.2e-005
 0.388798 0.024440 0.395782 0.190980
 0.123306 0.034852 0.789682 0.052161
 0.034808 0.060880 0.017499 0.886812
 0.100748 0.086909 0.050469 0.761875
 0.940605 0.005353 0.036587 0.017456
 0.876401 0.086909 0.003617 0.033073
 0.230891 0.040057 0.007088 0.721964
 0.159746 0.340254 0.340254 0.159746
 0.721964 0.007088 0.040057 0.230891
 0.033073 0.003617 0.086909 0.876401
 0.017456 0.036587 0.005353 0.940605
 0.761875 0.050469 0.086909 0.100748
 0.886812 0.017499 0.060880 0.034808
 0.052161 0.789682 0.034852 0.123306
 0.190980 0.395782 0.024440 0.388798

MOTIF 20-GAGACRGRGTCTYRC STREME-20
letter-probability matrix: alength= 4 w= 15 nsites= 214 E= 3.4e-004
 0.021639 0.000227 0.951125 0.027009
 0.994016 0.000227 0.000227 0.005530
 0.000160 0.010966 0.988713 0.000160
 0.977907 0.005597 0.000227 0.016269
 0.000160 0.773927 0.000227 0.225686
 0.623041 0.027075 0.322875 0.027009
 0.096814 0.000227 0.902798 0.000160
 0.376037 0.005597 0.618206 0.000160
 0.059227 0.000227 0.929647 0.010900
 0.000160 0.000227 0.005597 0.994016
 0.016269 0.687544 0.010966 0.285220
 0.000160 0.005597 0.021706 0.972537
 0.016269 0.628946 0.027075 0.327710
 0.457049 0.010966 0.467388 0.064596
 0.005530 0.918907 0.000227 0.075336

MOTIF 21-ACACACACACACAC STREME-21
letter-probability matrix: alength= 4 w= 14 nsites= 288 E= 6.2e-004
 0.927130 0.000172 0.072577 0.000122
 0.000122 0.902035 0.000172 0.097671
 0.830566 0.005936 0.108737 0.054762
 0.048998 0.840517 0.014992 0.095492
 0.958803 0.000172 0.040903 0.000122
 0.000122 0.903727 0.007685 0.088466
 0.775032 0.012391 0.204309 0.008268
 0.022946 0.809479 0.016465 0.151110
 0.846026 0.000172 0.100204 0.053598
 0.053071 0.779924 0.012107 0.154898
 0.754305 0.012391 0.171241 0.062063
 0.002581 0.837666 0.004245 0.155508
 0.903233 0.037995 0.004855 0.053917
 0.034841 0.870990 0.001923 0.092247

MOTIF 22-AAAAAAAAAAAAAAA STREME-22
letter-probability matrix: alength= 4 w= 15 nsites= 238 E= 6.9e-004
 0.800958 0.012117 0.000230 0.186695
 0.971348 0.000230 0.008440 0.019982
 0.890567 0.076397 0.005671 0.027365
 0.879686 0.000230 0.119921 0.000162
 0.972175 0.005671 0.005671 0.016484
 0.705591 0.179767 0.011111 0.103532
 0.906889 0.000230 0.000230 0.092651
 0.999377 0.000230 0.000230 0.000162
 0.794794 0.177611 0.000230 0.027365
 0.948599 0.000230 0.051008 0.000162
 0.820411 0.124792 0.000230 0.054567
 0.989662 0.000230 0.004505 0.005603
 0.868265 0.048406 0.083167 0.000162
 0.905748 0.004454 0.008028 0.081770
 0.974543 0.025064 0.000230 0.000162

MOTIF 23-CTTTGATCTC STREME-23
letter-probability matrix: alength= 4 w= 10 nsites= 885 E= 8.6e-004
 0.005212 0.943338 0.031141 0.020310
 0.061151 0.114432 0.012900 0.811517
 0.037920 0.001405 0.001860 0.958815
 0.013202 0.073023 0.001860 0.911915
 0.003130 0.083693 0.884264 0.028913
 0.909806 0.015547 0.019689 0.054957
 0.207382 0.041644 0.004453 0.746521
 0.067056 0.768249 0.136712 0.027982
 0.032867 0.074757 0.061593 0.830782
 0.095441 0.583791 0.098705 0.222063

MOTIF 24-RGCTCCGCCC STREME-24
letter-probability matrix: alength= 4 w= 10 nsites= 515 E= 1.4e-003
 0.448411 0.043810 0.485144 0.022635
 0.178701 0.000349 0.740269 0.080681
 0.000246 0.965953 0.000349 0.033452
 0.141658 0.000349 0.000349 0.857644
 0.047216 0.952189 0.000349 0.000246
 0.000246 0.976885 0.022623 0.000246
 0.092954 0.000349 0.906452 0.000246
 0.000246 0.999159 0.000349 0.000246
 0.000246 0.999159 0.000349 0.000246
 0.000246 0.999159 0.000349 0.000246

MOTIF 25-CAGCACCAYGGACAG STREME-25
letter-probability matrix: alength= 4 w= 15 nsites= 215 E= 4.0e-003
 0.000160 0.977963 0.000227 0.021649
 0.999385 0.000227 0.000227 0.000160
 0.010905 0.000227 0.988708 0.000160
 0.048510 0.741588 0.161393 0.048510
 0.999385 0.000227 0.000227 0.000160
 0.000160 0.999452 0.000227 0.000160
 0.000160 0.994080 0.000227 0.005532
 0.558867 0.075438 0.150648 0.215047
 0.032393 0.408513 0.080810 0.478284
 0.000160 0.000227 0.999452 0.000160
 0.000160 0.005599 0.994080 0.000160
 0.918803 0.075438 0.000227 0.005532
 0.000160 0.865148 0.107671 0.027021
 0.999385 0.000227 0.000227 0.000160
 0.005532 0.000227 0.988708 0.005532

MOTIF 26-CTGCAGCC STREME-26
letter-probability matrix: alength= 4 w= 8 nsites= 728 E= 4.2e-003
 0.018800 0.935745 0.026655 0.018800
 0.018800 0.026655 0.026655 0.927891
 0.018800 0.026655 0.935745 0.018800
 0.018800 0.935745 0.026655 0.018800
 0.927891 0.026655 0.026655 0.018800
 0.018800 0.026655 0.935745 0.018800
 0.018800 0.935745 0.026655 0.018800
 0.018800 0.935745 0.026655 0.018800

MOTIF 27-CCCAGCCCCG STREME-27
letter-probability matrix: alength= 4 w= 10 nsites= 934 E= 4.4e-003
 0.085726 0.844790 0.000325 0.069158
 0.000229 0.938935 0.033568 0.027268
 0.000229 0.979888 0.019653 0.000229
 0.820452 0.064293 0.080724 0.034530
 0.226659 0.022558 0.700105 0.050679
 0.000229 0.999217 0.000325 0.000229
 0.000229 0.999217 0.000325 0.000229
 0.000229 0.999217 0.000325 0.000229
 0.116078 0.736760 0.072213 0.074948
 0.000229 0.000325 0.925637 0.073809

MOTIF 28-RTCAATA STREME-28
letter-probability matrix: alength= 4 w= 7 nsites= 546 E= 5.5e-003
 0.422364 0.001579 0.574942 0.001114
 0.001114 0.001579 0.001579 0.995727
 0.001114 0.996192 0.001579 0.001114
 0.982703 0.001579 0.014604 0.001114
 0.995727 0.001579 0.001579 0.001114
 0.001114 0.001579 0.001579 0.995727
 0.995727 0.001579 0.001579 0.001114

MOTIF 29-AAGGTCA STREME-29
letter-probability matrix: alength= 4 w= 7 nsites= 614 E= 6.5e-003
 0.927891 0.026655 0.026655 0.018800
 0.927891 0.026655 0.026655 0.018800
 0.018800 0.026655 0.935745 0.018800
 0.018800 0.026655 0.935745 0.018800
 0.018800 0.026655 0.026655 0.927891
 0.018800 0.935745 0.026655 0.018800
 0.927891 0.026655 0.026655 0.018800

MOTIF 30-ATTGVBCAAT STREME-30
letter-probability matrix: alength= 4 w= 10 nsites= 294 E= 1.0e-002
 0.788113 0.076519 0.135133 0.000235
 0.040977 0.000334 0.048998 0.909691
 0.031794 0.000334 0.000334 0.967539
 0.039598 0.000334 0.909814 0.050254
 0.374485 0.371018 0.254262 0.000235
 0.000235 0.254262 0.371018 0.374485
 0.050254 0.909814 0.000334 0.039598
 0.967539 0.000334 0.000334 0.031794
 0.909691 0.048998 0.000334 0.040977
 0.000235 0.135133 0.076519 0.788113

MOTIF 31-AGGAAG STREME-31
letter-probability matrix: alength= 4 w= 6 nsites= 3266 E= 1.2e-002
 0.927891 0.026655 0.026655 0.018800
 0.018800 0.026655 0.935745 0.018800
 0.018800 0.026655 0.935745 0.018800
 0.927891 0.026655 0.026655 0.018800
 0.927891 0.026655 0.026655 0.018800
 0.018800 0.026655 0.935745 0.018800

MOTIF 32-AACAGGAAG STREME-32
letter-probability matrix: alength= 4 w= 9 nsites= 678 E= 1.2e-002
 0.855116 0.000419 0.083848 0.060617
 0.896009 0.025380 0.077637 0.000973
 0.000295 0.897470 0.092039 0.010196
 0.964308 0.026738 0.001425 0.007529
 0.008676 0.044224 0.941430 0.005669
 0.025260 0.006897 0.962488 0.005355
 0.988967 0.000419 0.000419 0.010196
 0.917368 0.026417 0.000419 0.055797
 0.166665 0.011767 0.813962 0.007607

MOTIF 33-AAWGTCAAYA STREME-33
letter-probability matrix: alength= 4 w= 10 nsites= 304 E= 1.5e-002
 0.786716 0.000251 0.000251 0.212783
 0.999321 0.000251 0.000251 0.000177
 0.537898 0.022850 0.026136 0.413116
 0.230619 0.000251 0.768954 0.000177
 0.000177 0.000251 0.000251 0.999321
 0.000177 0.999395 0.000251 0.000177
 0.943245 0.000251 0.000251 0.056253
 0.949875 0.000251 0.000251 0.049624
 0.000177 0.644852 0.000251 0.354720
 0.999321 0.000251 0.000251 0.000177

MOTIF 34-ACCCGGAAGC STREME-34
letter-probability matrix: alength= 4 w= 10 nsites= 756 E= 2.3e-002
 0.724889 0.095263 0.011572 0.168276
 0.083696 0.635207 0.141052 0.140045
 0.018317 0.977203 0.004355 0.000125
 0.021316 0.972064 0.000177 0.006443
 0.015032 0.004355 0.980488 0.000125
 0.009075 0.000177 0.981073 0.009675
 0.970335 0.007168 0.000177 0.022321
 0.885199 0.000177 0.000177 0.114448
 0.123824 0.087403 0.788648 0.000125
 0.151594 0.798155 0.050127 0.000125

MOTIF 35-RNTCTCGCGAGANY STREME-35
letter-probability matrix: alength= 4 w= 14 nsites= 220 E= 3.2e-002
 0.440496 0.136834 0.363230 0.059440
 0.305388 0.279675 0.238433 0.176505
 0.000154 0.083773 0.015684 0.900389
 0.144503 0.803572 0.051771 0.000154
 0.015620 0.028572 0.000218 0.955590
 0.000154 0.999474 0.000218 0.000154
 0.018197 0.000218 0.981431 0.000154
 0.000154 0.981431 0.000218 0.018197
 0.000154 0.000218 0.999474 0.000154
 0.955590 0.000218 0.028572 0.015620
 0.000154 0.051771 0.803572 0.144503
 0.900389 0.015684 0.083773 0.000154
 0.176505 0.238433 0.279675 0.305388
 0.059440 0.363230 0.136834 0.440496

MOTIF 36-CAGTGAGCYGWGATC STREME-36
letter-probability matrix: alength= 4 w= 15 nsites= 72 E= 6.5e-002
 0.016843 0.949268 0.000692 0.033197
 0.998128 0.000692 0.000692 0.000488
 0.000488 0.000692 0.981978 0.016843
 0.000488 0.000692 0.017047 0.981774
 0.016843 0.000692 0.981978 0.000488
 0.981774 0.000692 0.000692 0.016843
 0.016843 0.033401 0.949268 0.000488
 0.000488 0.965623 0.017047 0.016843
 0.016843 0.491335 0.017047 0.474776
 0.229455 0.000692 0.753011 0.016843
 0.605614 0.000692 0.000692 0.393002
 0.016843 0.000692 0.981978 0.000488
 0.981774 0.000692 0.017047 0.000488
 0.049552 0.000692 0.000692 0.949064
 0.000488 0.736656 0.033401 0.229455

MOTIF 37-AGGAAATG STREME-37
letter-probability matrix: alength= 4 w= 8 nsites= 937 E= 1.0e-001
 0.997869 0.000788 0.000788 0.000556
 0.000556 0.033243 0.965646 0.000556
 0.000556 0.074857 0.771476 0.153111
 0.997869 0.000788 0.000788 0.000556
 0.997869 0.000788 0.000788 0.000556
 0.997869 0.000788 0.000788 0.000556
 0.000556 0.254384 0.000788 0.744272
 0.171523 0.000788 0.827133 0.000556

MOTIF 38-ATTGGCTG STREME-38
letter-probability matrix: alength= 4 w= 8 nsites= 266 E= 1.2e-001
 0.927891 0.026655 0.026655 0.018800
 0.018800 0.026655 0.026655 0.927891
 0.018800 0.026655 0.026655 0.927891
 0.018800 0.026655 0.935745 0.018800
 0.018800 0.026655 0.935745 0.018800
 0.018800 0.935745 0.026655 0.018800
 0.018800 0.026655 0.026655 0.927891
 0.018800 0.026655 0.935745 0.018800

MOTIF 39-GTGAGCCACYGYGCC STREME-39
letter-probability matrix: alength= 4 w= 15 nsites= 169 E= 1.4e-001
 0.307095 0.019866 0.659785 0.013254
 0.000195 0.000276 0.000276 0.999253
 0.000195 0.013336 0.979745 0.006725
 0.999253 0.000276 0.000276 0.000195
 0.039374 0.000276 0.960155 0.000195
 0.000195 0.999334 0.000276 0.000195
 0.000195 0.960155 0.000276 0.039374
 0.999253 0.000276 0.000276 0.000195
 0.000195 0.999334 0.000276 0.000195
 0.058963 0.587957 0.026395 0.326684
 0.215678 0.000276 0.770791 0.013254
 0.026314 0.614077 0.019866 0.339744
 0.189559 0.000276 0.770791 0.039374
 0.000195 0.966685 0.000276 0.032844
 0.013254 0.914447 0.013336 0.058963

MOTIF 40-CTGGGAA STREME-40
letter-probability matrix: alength= 4 w= 7 nsites= 1224 E= 1.7e-001
 0.018800 0.935745 0.026655 0.018800
 0.018800 0.026655 0.026655 0.927891
 0.018800 0.026655 0.935745 0.018800
 0.018800 0.026655 0.935745 0.018800
 0.018800 0.026655 0.935745 0.018800
 0.927891 0.026655 0.026655 0.018800
 0.927891 0.026655 0.026655 0.018800

MOTIF 41-GACCTTGGCCC STREME-41
letter-probability matrix: alength= 4 w= 11 nsites= 87 E= 2.1e-001
 0.059693 0.000325 0.909614 0.030367
 0.999120 0.000325 0.000325 0.000229
 0.027454 0.959629 0.000325 0.012591
 0.000229 0.971475 0.028066 0.000229
 0.012075 0.000325 0.032967 0.954632
 0.011826 0.078701 0.000325 0.909148
 0.020822 0.057343 0.828616 0.093219
 0.252396 0.001807 0.721019 0.024779
 0.242480 0.654569 0.002629 0.100322
 0.023297 0.875664 0.044021 0.057018
 0.067823 0.630990 0.008015 0.293172

MOTIF 42-CACGTG STREME-42
letter-probability matrix: alength= 4 w= 6 nsites= 405 E= 2.1e-001
 0.018800 0.935745 0.026655 0.018800
 0.927891 0.026655 0.026655 0.018800
 0.018800 0.935745 0.026655 0.018800
 0.018800 0.026655 0.935745 0.018800
 0.018800 0.026655 0.026655 0.927891
 0.018800 0.026655 0.935745 0.018800

MOTIF 43-CACGTGGY STREME-43
letter-probability matrix: alength= 4 w= 8 nsites= 647 E= 3.0e-001
 0.010467 0.903799 0.022151 0.063583
 0.998722 0.000472 0.000472 0.000333
 0.000333 0.998861 0.000472 0.000333
 0.000333 0.000472 0.998861 0.000333
 0.000333 0.000472 0.000472 0.998722
 0.049455 0.027232 0.886455 0.036857
 0.083857 0.019426 0.814611 0.082107
 0.048938 0.537455 0.137073 0.276534

MOTIF 44-AGTGCAGTGGY STREME-44
letter-probability matrix: alength= 4 w= 11 nsites= 120 E= 3.9e-001
 0.998694 0.000483 0.000483 0.000341
 0.000341 0.000483 0.998836 0.000341
 0.000341 0.000483 0.000483 0.998694
 0.139514 0.000483 0.859662 0.000341
 0.000341 0.810403 0.000483 0.188774
 0.998694 0.000483 0.000483 0.000341
 0.129966 0.000483 0.844474 0.025077
 0.000341 0.000483 0.000483 0.998694
 0.022663 0.000483 0.849891 0.126963
 0.000341 0.000483 0.998836 0.000341
 0.000341 0.522576 0.000483 0.476601

MOTIF 45-CCATGGCRAC STREME-45
letter-probability matrix: alength= 4 w= 10 nsites= 152 E= 3.9e-001
 0.000380 0.998702 0.000538 0.000380
 0.000380 0.762466 0.083780 0.153375
 0.998544 0.000538 0.000538 0.000380
 0.000380 0.000538 0.000538 0.998544
 0.298196 0.015902 0.685522 0.000380
 0.000380 0.000538 0.998702 0.000380
 0.000380 0.775818 0.000538 0.223264
 0.506104 0.000538 0.492978 0.000380
 0.998544 0.000538 0.000538 0.000380
 0.000380 0.998702 0.000538 0.000380

MOTIF 46-AAACAAAG STREME-46
letter-probability matrix: alength= 4 w= 8 nsites= 1685 E= 4.1e-001
 0.998958 0.000385 0.000385 0.000272
 0.786405 0.000385 0.212938 0.000272
 0.912444 0.000385 0.086899 0.000272
 0.000272 0.842369 0.157087 0.000272
 0.858674 0.079687 0.061367 0.000272
 0.998958 0.000385 0.000385 0.000272
 0.998958 0.000385 0.000385 0.000272
 0.084507 0.204841 0.655387 0.055265

MOTIF 47-KAGATAA STREME-47
letter-probability matrix: alength= 4 w= 7 nsites= 652 E= 7.1e-001
 0.000584 0.000827 0.353270 0.645319
 0.945645 0.052944 0.000827 0.000584
 0.000584 0.000827 0.841274 0.157315
 0.997761 0.000827 0.000827 0.000584
 0.000584 0.000827 0.000827 0.997761
 0.997761 0.000827 0.000827 0.000584
 0.890528 0.064427 0.000827 0.044218

MOTIF 48-GTTTAAATAA STREME-48
letter-probability matrix: alength= 4 w= 10 nsites= 108 E= 7.1e-001
 0.011300 0.000464 0.987908 0.000327
 0.077236 0.000464 0.217818 0.704481
 0.000327 0.005018 0.000464 0.994190
 0.000327 0.180212 0.073744 0.745717
 0.980331 0.018878 0.000464 0.000327
 0.903310 0.095898 0.000464 0.000327
 0.727376 0.062662 0.198662 0.011301
 0.000327 0.000464 0.000464 0.998744
 0.998744 0.000464 0.000464 0.000327
 0.613193 0.070612 0.146506 0.169689

MOTIF 49-TCCCRGCATGCMSCG STREME-49
letter-probability matrix: alength= 4 w= 15 nsites= 232 E= 7.5e-001
 0.000150 0.000212 0.000212 0.999425
 0.000150 0.969359 0.000212 0.030279
 0.000150 0.999488 0.000212 0.000150
 0.005171 0.994466 0.000212 0.000150
 0.622814 0.000212 0.376824 0.000150
 0.010193 0.000212 0.803650 0.185945
 0.110622 0.582705 0.286437 0.020236
 0.758394 0.000212 0.241244 0.000150
 0.000150 0.045406 0.276394 0.678050
 0.055386 0.155878 0.788586 0.000150
 0.000150 0.999488 0.000212 0.000150
 0.492255 0.406953 0.000212 0.100579
 0.065429 0.537511 0.291459 0.105601
 0.015214 0.713263 0.010255 0.261267
 0.035300 0.005234 0.894037 0.065429

MOTIF 50-CCAAAGTCC STREME-50
letter-probability matrix: alength= 4 w= 9 nsites= 450 E= 9.0e-001
 0.078174 0.717670 0.102795 0.101361
 0.000344 0.983741 0.006630 0.009285
 0.836718 0.061455 0.049526 0.052301
 0.957719 0.000488 0.000488 0.041306
 0.930065 0.014441 0.050184 0.005310
 0.000344 0.107575 0.891737 0.000344
 0.006017 0.000488 0.000488 0.993008
 0.009172 0.973540 0.010390 0.006899
 0.029689 0.916676 0.009315 0.044320

MOTIF 51-GGAGTTCGAGA STREME-51
letter-probability matrix: alength= 4 w= 11 nsites= 101 E= 1.3e+000
 0.033978 0.017447 0.948076 0.000499
 0.017239 0.000708 0.964815 0.017239
 0.981345 0.017447 0.000708 0.000499
 0.033978 0.000708 0.936726 0.028589
 0.053941 0.000708 0.000708 0.944643
 0.000499 0.000708 0.041133 0.957659
 0.000499 0.782633 0.047419 0.169449
 0.184629 0.000708 0.814163 0.000499
 0.998084 0.000708 0.000708 0.000499
 0.067456 0.000708 0.931336 0.000499
 0.972297 0.000708 0.026495 0.000499

MOTIF 52-GTGACKCA STREME-52
letter-probability matrix: alength= 4 w= 8 nsites= 437 E= 1.3e+000
 0.219464 0.000502 0.779680 0.000354
 0.000354 0.000502 0.000502 0.998643
 0.000354 0.000502 0.842765 0.156379
 0.998643 0.000502 0.000502 0.000354
 0.000354 0.998790 0.000502 0.000354
 0.000354 0.000502 0.480618 0.518526
 0.182450 0.701304 0.000502 0.115744
 0.998643 0.000502 0.000502 0.000354

MOTIF 53-ATGGCGGCTGCG STREME-53
letter-probability matrix: alength= 4 w= 12 nsites= 377 E= 1.3e+000
 0.710922 0.050685 0.139059 0.099334
 0.007140 0.157418 0.012476 0.822966
 0.040622 0.063893 0.867084 0.028401
 0.045530 0.010232 0.940775 0.003463
 0.020592 0.944676 0.000142 0.034590
 0.026747 0.040763 0.908848 0.023642
 0.057527 0.053381 0.867417 0.021675
 0.022323 0.938396 0.024332 0.014949
 0.086138 0.123526 0.227092 0.563245
 0.060065 0.050916 0.821914 0.067105
 0.013952 0.907316 0.057057 0.021675
 0.063851 0.069374 0.780553 0.086223

MOTIF 54-AGAGAGAAAGAAA STREME-54
letter-probability matrix: alength= 4 w= 13 nsites= 259 E= 1.4e+000
 0.918818 0.000214 0.050429 0.030538
 0.045732 0.041276 0.887519 0.025474
 0.925944 0.000214 0.046267 0.027576
 0.000151 0.010343 0.974161 0.015345
 0.906157 0.025537 0.037768 0.030538
 0.046973 0.010343 0.912145 0.030538
 0.791394 0.017510 0.180816 0.010280
 0.752959 0.062677 0.174084 0.010280
 0.870590 0.015408 0.098657 0.015345
 0.047834 0.050860 0.865704 0.035603
 0.846304 0.040730 0.077363 0.035603
 0.717980 0.058094 0.188754 0.035172
 0.810163 0.040601 0.103505 0.045732

MOTIF 55-CCCGCCC STREME-55
letter-probability matrix: alength= 4 w= 7 nsites= 1977 E= 1.4e+000
 0.018800 0.935745 0.026655 0.018800
 0.018800 0.935745 0.026655 0.018800
 0.018800 0.935745 0.026655 0.018800
 0.018800 0.026655 0.935745 0.018800
 0.018800 0.935745 0.026655 0.018800
 0.018800 0.935745 0.026655 0.018800
 0.018800 0.935745 0.026655 0.018800

MOTIF 56-GATGACGCAA STREME-56
letter-probability matrix: alength= 4 w= 10 nsites= 383 E= 1.6e+000
 0.061966 0.059924 0.803817 0.074293
 0.853718 0.014919 0.080862 0.050501
 0.007267 0.075767 0.027265 0.889701
 0.053403 0.056330 0.791854 0.098412
 0.908354 0.015860 0.021586 0.054199
 0.057946 0.734974 0.074706 0.132373
 0.043818 0.052594 0.866013 0.037574
 0.073395 0.829437 0.061928 0.035240
 0.741169 0.083241 0.101667 0.073922
 0.808552 0.052770 0.092425 0.046254

MOTIF 57-CAAATA STREME-57
letter-probability matrix: alength= 4 w= 6 nsites= 814 E= 1.6e+000
 0.018800 0.935745 0.026655 0.018800
 0.927891 0.026655 0.026655 0.018800
 0.927891 0.026655 0.026655 0.018800
 0.927891 0.026655 0.026655 0.018800
 0.018800 0.026655 0.026655 0.927891
 0.927891 0.026655 0.026655 0.018800

MOTIF 58-CCCACCTCCCCC STREME-58
letter-probability matrix: alength= 4 w= 12 nsites= 630 E= 1.7e+000
 0.050775 0.830899 0.083375 0.034951
 0.000344 0.952800 0.001942 0.044913
 0.000084 0.938598 0.026071 0.035248
 0.939514 0.000118 0.060284 0.000084
 0.025495 0.954839 0.009955 0.009711
 0.069730 0.888340 0.029483 0.012447
 0.033043 0.000118 0.124660 0.842179
 0.087980 0.784939 0.042240 0.084841
 0.076264 0.835295 0.035209 0.053231
 0.056526 0.733231 0.147023 0.063221
 0.134418 0.635184 0.109435 0.120964
 0.055992 0.746983 0.126197 0.070827

MOTIF 59-AGATAA STREME-59
letter-probability matrix: alength= 4 w= 6 nsites= 578 E= 1.9e+000
 0.927891 0.026655 0.026655 0.018800
 0.018800 0.026655 0.935745 0.018800
 0.927891 0.026655 0.026655 0.018800
 0.018800 0.026655 0.026655 0.927891
 0.927891 0.026655 0.026655 0.018800
 0.927891 0.026655 0.026655 0.018800

MOTIF 60-CACCAYGCCYRGCTA STREME-60
letter-probability matrix: alength= 4 w= 15 nsites= 78 E= 2.1e+000
 0.013349 0.920902 0.013511 0.052238
 0.998517 0.000548 0.000548 0.000387
 0.013349 0.985715 0.000548 0.000387
 0.013349 0.920902 0.000548 0.065200
 0.985554 0.013511 0.000548 0.000387
 0.026312 0.635722 0.013511 0.324455
 0.259641 0.091287 0.648685 0.000387
 0.000387 0.907939 0.039437 0.052238
 0.000387 0.946827 0.026474 0.026312
 0.026312 0.648685 0.000548 0.324455
 0.505933 0.000548 0.493132 0.000387
 0.026312 0.065362 0.882014 0.026312
 0.026312 0.946827 0.000548 0.026312
 0.000387 0.000548 0.000548 0.998517
 0.972591 0.013511 0.000548 0.013349

MOTIF 61-TACTAAAAATACA STREME-61
letter-probability matrix: alength= 4 w= 13 nsites= 45 E= 2.1e+000
 0.026309 0.026627 0.001081 0.945983
 0.971530 0.001081 0.026627 0.000762
 0.000762 0.997395 0.001081 0.000762
 0.077402 0.001081 0.001081 0.920437
 0.945983 0.001081 0.052174 0.000762
 0.997077 0.001081 0.001081 0.000762
 0.920437 0.026627 0.026627 0.026309
 0.971530 0.001081 0.001081 0.026309
 0.894890 0.052174 0.052174 0.000762
 0.026309 0.026627 0.026627 0.920437
 0.971530 0.001081 0.026627 0.000762
 0.051855 0.920755 0.001081 0.026309
 0.971530 0.026627 0.001081 0.000762

MOTIF 62-ARCAGCAGCAGCWGC STREME-62
letter-probability matrix: alength= 4 w= 15 nsites= 185 E= 2.6e+000
 0.854783 0.046024 0.061978 0.037214
 0.591617 0.074321 0.333877 0.000184
 0.027432 0.846127 0.126256 0.000184
 0.826486 0.068150 0.012604 0.092759
 0.037214 0.043463 0.912967 0.006356
 0.006356 0.949997 0.031120 0.012528
 0.943749 0.018776 0.037291 0.000184
 0.039776 0.111351 0.830174 0.018699
 0.055729 0.845078 0.006433 0.092759
 0.906718 0.037291 0.012604 0.043386
 0.045947 0.064539 0.821441 0.068073
 0.018699 0.949997 0.031120 0.000184
 0.380612 0.064539 0.012604 0.542244
 0.175553 0.055806 0.712912 0.055729
 0.038882 0.797647 0.061978 0.101493

MOTIF 63-GTCAACA STREME-63
letter-probability matrix: alength= 4 w= 7 nsites= 430 E= 3.2e+000
 0.018800 0.026655 0.935745 0.018800
 0.018800 0.026655 0.026655 0.927891
 0.018800 0.935745 0.026655 0.018800
 0.927891 0.026655 0.026655 0.018800
 0.927891 0.026655 0.026655 0.018800
 0.018800 0.935745 0.026655 0.018800
 0.927891 0.026655 0.026655 0.018800

MOTIF 64-CAAGCCTCAGCAATG STREME-64
letter-probability matrix: alength= 4 w= 15 nsites= 46 E= 4.1e+000
 0.050564 0.947640 0.001054 0.000743
 0.947329 0.050874 0.001054 0.000743
 0.997149 0.001054 0.001054 0.000743
 0.075474 0.001054 0.897819 0.025653
 0.000743 0.947640 0.050874 0.000743
 0.000743 0.972550 0.001054 0.025653
 0.000743 0.050874 0.001054 0.947329
 0.025653 0.823089 0.150515 0.000743
 0.748048 0.025964 0.225245 0.000743
 0.000743 0.001054 0.997460 0.000743
 0.000743 0.748358 0.150515 0.100384
 0.972239 0.001054 0.001054 0.025653
 0.972239 0.001054 0.001054 0.025653
 0.000743 0.001054 0.001054 0.997149
 0.000743 0.001054 0.997460 0.000743

MOTIF 65-GGRTTCGAAYCC STREME-65
letter-probability matrix: alength= 4 w= 12 nsites= 43 E= 4.2e+000
 0.059019 0.088480 0.851920 0.000581
 0.000581 0.020303 0.978534 0.000581
 0.333603 0.000824 0.587075 0.078498
 0.214852 0.051398 0.000824 0.732926
 0.000581 0.000824 0.000824 0.997771
 0.000581 0.998014 0.000824 0.000581
 0.000581 0.000824 0.998014 0.000581
 0.997771 0.000824 0.000824 0.000581
 0.732926 0.000824 0.051398 0.214852
 0.078498 0.587075 0.000824 0.333603
 0.000581 0.978534 0.020303 0.000581
 0.000581 0.851920 0.088480 0.059019

MOTIF 66-ACCATAGAGACR STREME-66
letter-probability matrix: alength= 4 w= 12 nsites= 65 E= 2.1e+001
 0.961708 0.000766 0.018876 0.018650
 0.036759 0.845761 0.073204 0.044275
 0.000540 0.972528 0.026392 0.000540
 0.925489 0.055095 0.000766 0.018650
 0.000540 0.008282 0.008282 0.982896
 0.925489 0.055095 0.018876 0.000540
 0.000540 0.000766 0.980044 0.018650
 0.961708 0.018876 0.000766 0.018650
 0.008056 0.055095 0.928793 0.008056
 0.801800 0.018876 0.098830 0.080495
 0.018650 0.708400 0.000766 0.272184
 0.490860 0.109423 0.362957 0.036759

********************************************************************************
Stopped because 3 consecutive motifs exceeded the p-value threshold (0.05).
********************************************************************************
COMMAND:	streme --verbosity 1 --oc meme_out_incomplete_DL/HepG2_GATAD1-human_ENCFF903ULA/streme_out -dna --seed 0 --p meme_out_incomplete_DL/HepG2_GATAD1-human_ENCFF903ULA/seqs-centered --minw 6 --maxw 15 --time 6175 --order 2 --thresh 0.05 --align center --totallength 4000000 --parse-genomic-coord
********************************************************************************
CPU:		9f05ee173ae9
********************************************************************************
FINALTIME:	5752.88 seconds
********************************************************************************
