********************************************************************************
STREME - Sensitive, Thorough, Rapid, Enriched Motif Elicitation
********************************************************************************
MEME version 5.5.3 (Release date: Sat Jun 10 16:19:38 2023 -0700)

For further information on how to interpret these results please access http://localhost:8080/meme_5.5.3.
To get a copy of the MEME Suite software please access https://meme-suite.org.

********************************************************************************


********************************************************************************
REFERENCE
********************************************************************************
If you use this program in your research, please cite:

Timothy L. Bailey,
"STREME: accurate and versatile sequence motif discovery",
Bioinformatics, Mar. 24, 2021.
********************************************************************************


ALPHABET= ACGT

strands: + -

Background letter frequencies
A 0.209 C 0.291 G 0.291 T 0.209 

MOTIF 1-RTGACCTTGRVCH STREME-1
letter-probability matrix: alength= 4 w= 13 nsites= 4782 E= 4.4e-056
 0.217819 0.183945 0.408551 0.189685
 0.006179 0.056002 0.014635 0.923183
 0.057506 0.028206 0.911524 0.002763
 0.842005 0.039706 0.037611 0.080679
 0.049493 0.937586 0.000011 0.012910
 0.004768 0.981122 0.005626 0.008483
 0.005080 0.047024 0.000011 0.947886
 0.006772 0.047523 0.003065 0.942640
 0.019054 0.098569 0.658685 0.223692
 0.367245 0.059801 0.476188 0.096766
 0.249823 0.290844 0.341263 0.118071
 0.231320 0.486087 0.116067 0.166526
 0.287249 0.301505 0.094194 0.317052

MOTIF 2-AGTAAAYA STREME-2
letter-probability matrix: alength= 4 w= 8 nsites= 2562 E= 8.0e-023
 0.678007 0.000080 0.141288 0.180624
 0.152427 0.000080 0.834868 0.012625
 0.000057 0.225906 0.000080 0.773957
 0.999782 0.000080 0.000080 0.000057
 0.999782 0.000080 0.000080 0.000057
 0.981128 0.018734 0.000080 0.000057
 0.000057 0.627234 0.000080 0.372629
 0.995673 0.000080 0.004189 0.000057

MOTIF 3-CCCCGCCCCS STREME-3
letter-probability matrix: alength= 4 w= 10 nsites= 2720 E= 1.2e-015
 0.000044 0.944724 0.000061 0.055171
 0.000044 0.999851 0.000061 0.000044
 0.012751 0.969263 0.000061 0.017925
 0.096290 0.872630 0.000061 0.031019
 0.263321 0.000061 0.596496 0.140121
 0.050093 0.949803 0.000061 0.000044
 0.000044 0.999851 0.000061 0.000044
 0.000044 0.997881 0.000061 0.002014
 0.062805 0.854305 0.019418 0.063472
 0.133089 0.433176 0.254654 0.179080

MOTIF 4-YCAAAGTCCA STREME-4
letter-probability matrix: alength= 4 w= 10 nsites= 1501 E= 1.1e-014
 0.159703 0.432751 0.187619 0.219927
 0.009974 0.913146 0.010588 0.066293
 0.938838 0.010551 0.036231 0.014379
 0.840220 0.000049 0.144029 0.015701
 0.977065 0.010417 0.010512 0.002006
 0.001787 0.012875 0.956514 0.028824
 0.013982 0.001944 0.003005 0.981069
 0.078546 0.777171 0.120384 0.023900
 0.027958 0.935533 0.006762 0.029747
 0.764647 0.044721 0.023659 0.166973

MOTIF 5-CTCTGCCCT STREME-5
letter-probability matrix: alength= 4 w= 9 nsites= 4941 E= 5.9e-010
 0.005368 0.981272 0.000076 0.013284
 0.123540 0.116725 0.035401 0.724334
 0.028391 0.669564 0.031469 0.270576
 0.000055 0.058225 0.036455 0.905266
 0.045572 0.000076 0.909508 0.044844
 0.281134 0.613123 0.046979 0.058764
 0.063045 0.758256 0.002058 0.176641
 0.012025 0.971880 0.000076 0.016019
 0.000723 0.191049 0.005624 0.802603

MOTIF 6-CCAGCCTGGGYRACA STREME-6
letter-probability matrix: alength= 4 w= 15 nsites= 240 E= 2.2e-005
 0.009589 0.971178 0.004922 0.014312
 0.004865 0.931429 0.000199 0.063507
 0.999461 0.000199 0.000199 0.000142
 0.023758 0.009645 0.923942 0.042654
 0.006826 0.945600 0.009645 0.037929
 0.000142 0.977421 0.000199 0.022238
 0.004865 0.028539 0.004922 0.961674
 0.052101 0.021052 0.917259 0.009589
 0.042652 0.000199 0.952284 0.004865
 0.052099 0.203365 0.730225 0.014312
 0.004865 0.645101 0.004922 0.345112
 0.558052 0.004922 0.422714 0.014312
 0.990014 0.004922 0.000199 0.004865
 0.014312 0.914498 0.014368 0.056822
 0.947505 0.009645 0.028538 0.014312

MOTIF 7-GCGCATGCGCASD STREME-7
letter-probability matrix: alength= 4 w= 13 nsites= 268 E= 3.6e-005
 0.054172 0.008490 0.937213 0.000125
 0.022991 0.976709 0.000175 0.000125
 0.037543 0.000175 0.962157 0.000125
 0.000125 0.999575 0.000175 0.000125
 0.568497 0.197047 0.192756 0.041700
 0.024286 0.193896 0.117281 0.664537
 0.000125 0.000175 0.999575 0.000125
 0.000125 0.999575 0.000175 0.000125
 0.000125 0.000175 0.999575 0.000125
 0.000125 0.962158 0.000175 0.037542
 0.802197 0.000175 0.197504 0.000125
 0.041700 0.531275 0.418585 0.008440
 0.245522 0.174603 0.214374 0.365500

MOTIF 8-CASCAGRGGGCG STREME-8
letter-probability matrix: alength= 4 w= 12 nsites= 354 E= 3.8e-005
 0.000125 0.999576 0.000174 0.000125
 0.727144 0.000174 0.272557 0.000125
 0.000125 0.631207 0.368543 0.000125
 0.000125 0.785675 0.000174 0.214026
 0.982952 0.016749 0.000174 0.000125
 0.000125 0.000174 0.999576 0.000125
 0.364394 0.000174 0.635307 0.000125
 0.026370 0.000174 0.676834 0.296622
 0.000125 0.016750 0.983001 0.000125
 0.037419 0.000174 0.952275 0.010132
 0.000125 0.999576 0.000174 0.000125
 0.265532 0.000174 0.734169 0.000125

MOTIF 9-CAAGGTCA STREME-9
letter-probability matrix: alength= 4 w= 8 nsites= 1212 E= 7.2e-005
 0.042181 0.810835 0.080113 0.066871
 0.844030 0.000303 0.110092 0.045576
 0.905128 0.000303 0.094353 0.000217
 0.000217 0.226498 0.773069 0.000217
 0.000217 0.000303 0.999264 0.000217
 0.076681 0.120667 0.057558 0.745094
 0.000217 0.986412 0.000303 0.013069
 0.802314 0.118704 0.078765 0.000217

MOTIF 10-CCTCGGCCTC STREME-10
letter-probability matrix: alength= 4 w= 10 nsites= 814 E= 8.3e-005
 0.000135 0.957055 0.017720 0.025089
 0.000135 0.964145 0.014806 0.020913
 0.000135 0.000189 0.027504 0.972172
 0.013782 0.834259 0.000189 0.151770
 0.199030 0.130936 0.634650 0.035384
 0.022479 0.037334 0.908139 0.032048
 0.020090 0.932904 0.031201 0.015804
 0.000135 0.972899 0.002069 0.024897
 0.016961 0.035864 0.000189 0.946985
 0.006463 0.961783 0.019473 0.012280

MOTIF 11-GTCAAYA STREME-11
letter-probability matrix: alength= 4 w= 7 nsites= 843 E= 1.8e-004
 0.300545 0.000531 0.698543 0.000380
 0.000380 0.000531 0.000531 0.998557
 0.000380 0.881660 0.000531 0.117428
 0.971452 0.000531 0.027636 0.000380
 0.998557 0.000531 0.000531 0.000380
 0.000380 0.356060 0.000531 0.643029
 0.966163 0.000531 0.032926 0.000380

MOTIF 12-RTGASTCAY STREME-12
letter-probability matrix: alength= 4 w= 9 nsites= 740 E= 3.3e-004
 0.514562 0.148746 0.336535 0.000157
 0.000157 0.004708 0.000219 0.994916
 0.000157 0.000219 0.897217 0.102407
 0.999405 0.000219 0.000219 0.000157
 0.090460 0.409540 0.409540 0.090460
 0.000157 0.000219 0.000219 0.999405
 0.102407 0.897217 0.000219 0.000157
 0.994916 0.000219 0.004708 0.000157
 0.000157 0.336535 0.148746 0.514562

MOTIF 13-YCACTTCCGGY STREME-13
letter-probability matrix: alength= 4 w= 11 nsites= 884 E= 6.8e-004
 0.052827 0.478590 0.190678 0.277905
 0.061465 0.691535 0.123717 0.123284
 0.839969 0.000082 0.159891 0.000058
 0.000058 0.999802 0.000082 0.000058
 0.000058 0.000082 0.097165 0.902695
 0.000058 0.000082 0.000082 0.999778
 0.000058 0.999802 0.000082 0.000058
 0.000058 0.999802 0.000082 0.000058
 0.000058 0.000082 0.725577 0.274283
 0.058579 0.217905 0.683926 0.039590
 0.029418 0.423594 0.141644 0.405344

MOTIF 14-CAGAGGTCA STREME-14
letter-probability matrix: alength= 4 w= 9 nsites= 1769 E= 7.8e-004
 0.063803 0.745526 0.045566 0.145105
 0.738013 0.079965 0.028459 0.153563
 0.010658 0.004358 0.905486 0.079497
 0.935366 0.011893 0.048696 0.004045
 0.012182 0.129376 0.834548 0.023894
 0.057962 0.023791 0.801931 0.116316
 0.012166 0.030667 0.017352 0.939815
 0.032608 0.843782 0.026589 0.097021
 0.945206 0.013883 0.040376 0.000534

MOTIF 15-GGCGCGGTGGCTCAY STREME-15
letter-probability matrix: alength= 4 w= 15 nsites= 217 E= 1.4e-003
 0.020133 0.010202 0.964519 0.005146
 0.025129 0.000210 0.974510 0.000150
 0.045113 0.719707 0.015198 0.219983
 0.294922 0.000210 0.694726 0.010142
 0.020134 0.719716 0.000210 0.259940
 0.279933 0.025190 0.694727 0.000150
 0.000150 0.000210 0.999489 0.000150
 0.000150 0.000210 0.000210 0.999430
 0.025130 0.000210 0.974510 0.000150
 0.040116 0.000210 0.959523 0.000150
 0.005146 0.914561 0.000210 0.080083
 0.075088 0.000210 0.055164 0.869538
 0.000150 0.964519 0.000210 0.035121
 0.969455 0.000210 0.015197 0.015138
 0.020134 0.604802 0.045173 0.329892

MOTIF 16-ATTDCACAA STREME-16
letter-probability matrix: alength= 4 w= 9 nsites= 236 E= 2.6e-003
 0.998717 0.000473 0.000473 0.000338
 0.000338 0.000473 0.000473 0.998717
 0.000338 0.000473 0.000473 0.998717
 0.321909 0.000473 0.239127 0.438492
 0.000338 0.998851 0.000473 0.000338
 0.804831 0.000473 0.194358 0.000338
 0.000338 0.720591 0.000473 0.278599
 0.998717 0.000473 0.000473 0.000338
 0.998717 0.000473 0.000473 0.000338

MOTIF 17-GCCTGTAATCCCA STREME-17
letter-probability matrix: alength= 4 w= 13 nsites= 281 E= 9.4e-003
 0.096730 0.007911 0.881423 0.013935
 0.000138 0.971935 0.000193 0.027733
 0.009336 0.935141 0.009391 0.046131
 0.004737 0.018589 0.009391 0.967282
 0.082926 0.009391 0.902945 0.004737
 0.000138 0.023191 0.004792 0.971878
 0.977959 0.013991 0.007911 0.000138
 0.870659 0.004792 0.124411 0.000138
 0.000138 0.012510 0.000193 0.987158
 0.013935 0.944340 0.013991 0.027733
 0.009337 0.939738 0.013990 0.036935
 0.009337 0.912138 0.004792 0.073733
 0.976480 0.004792 0.018590 0.000138

MOTIF 18-AGTGAGCYRWGATYG STREME-18
letter-probability matrix: alength= 4 w= 15 nsites= 141 E= 1.2e-002
 0.915258 0.000321 0.084192 0.000229
 0.007854 0.023195 0.961097 0.007854
 0.000229 0.015570 0.007945 0.976256
 0.023103 0.000321 0.968722 0.007854
 0.976256 0.007945 0.007945 0.007854
 0.023103 0.007945 0.961097 0.007854
 0.007854 0.930597 0.007945 0.053604
 0.045978 0.434964 0.015570 0.503489
 0.404363 0.007945 0.579838 0.007854
 0.404373 0.030819 0.000321 0.564488
 0.030728 0.000321 0.968722 0.000229
 0.999129 0.000321 0.000321 0.000229
 0.007854 0.030820 0.000321 0.961005
 0.007854 0.320568 0.068943 0.602635
 0.213730 0.000321 0.785720 0.000229

MOTIF 19-ACTACAAYTCCCA STREME-19
letter-probability matrix: alength= 4 w= 13 nsites= 117 E= 1.2e-002
 0.998974 0.000378 0.000378 0.000270
 0.000270 0.981108 0.009365 0.009257
 0.000270 0.063286 0.009365 0.927079
 0.989987 0.000378 0.009365 0.000270
 0.000270 0.990095 0.000378 0.009257
 0.837208 0.036325 0.117210 0.009257
 0.575486 0.090250 0.099242 0.235022
 0.090140 0.395841 0.153161 0.360858
 0.036217 0.027338 0.000378 0.936067
 0.000270 0.999081 0.000378 0.000270
 0.018244 0.981107 0.000378 0.000270
 0.009257 0.990095 0.000378 0.000270
 0.791197 0.000378 0.190182 0.018244

MOTIF 20-CCATTTTACAGATGA STREME-20
letter-probability matrix: alength= 4 w= 15 nsites= 179 E= 1.2e-002
 0.018020 0.844766 0.006197 0.131016
 0.000179 0.922079 0.000250 0.077492
 0.880378 0.029986 0.089457 0.000179
 0.035862 0.077563 0.000250 0.886324
 0.000179 0.018091 0.000250 0.981480
 0.012073 0.024039 0.101352 0.862536
 0.029915 0.202456 0.018091 0.749538
 0.797117 0.041880 0.113247 0.047757
 0.035862 0.797187 0.041880 0.125071
 0.969585 0.000250 0.024039 0.006126
 0.101281 0.024039 0.862607 0.012073
 0.862536 0.018091 0.053774 0.065598
 0.023968 0.041880 0.089461 0.844691
 0.166700 0.018091 0.737716 0.077492
 0.725750 0.035933 0.202455 0.035862

MOTIF 21-GCCGCCGCCGCCGCC STREME-21
letter-probability matrix: alength= 4 w= 15 nsites= 442 E= 1.4e-002
 0.076101 0.079992 0.843834 0.000073
 0.000073 0.931990 0.000102 0.067835
 0.085000 0.780717 0.009782 0.124501
 0.063999 0.000102 0.909206 0.026693
 0.013177 0.956603 0.000102 0.030118
 0.039763 0.768060 0.120711 0.071467
 0.012174 0.000102 0.963657 0.024068
 0.007333 0.844403 0.000568 0.147696
 0.002780 0.829468 0.055558 0.112195
 0.123497 0.050923 0.817243 0.008338
 0.002493 0.886011 0.000102 0.111394
 0.059158 0.882997 0.000102 0.057743
 0.024273 0.000102 0.934822 0.040802
 0.000073 0.945159 0.032915 0.021853
 0.054318 0.699018 0.105643 0.141021

MOTIF 22-GGGAAGGGAADG STREME-22
letter-probability matrix: alength= 4 w= 12 nsites= 2395 E= 2.6e-002
 0.193830 0.032532 0.742789 0.030849
 0.216213 0.047285 0.688263 0.048239
 0.032992 0.000258 0.954818 0.011931
 0.901572 0.000024 0.016218 0.082186
 0.887267 0.042710 0.039195 0.030828
 0.030726 0.017826 0.892217 0.059230
 0.194146 0.060085 0.649672 0.096097
 0.248879 0.049531 0.627999 0.073591
 0.646847 0.105309 0.236369 0.011476
 0.583052 0.075989 0.236449 0.104510
 0.333622 0.107546 0.228585 0.330248
 0.026827 0.073637 0.776457 0.123079

MOTIF 23-RYCACGTGRY STREME-23
letter-probability matrix: alength= 4 w= 10 nsites= 1039 E= 2.9e-002
 0.309996 0.156239 0.402109 0.131656
 0.040380 0.547760 0.096094 0.315767
 0.030814 0.798548 0.016989 0.153649
 0.999598 0.000148 0.000148 0.000106
 0.000106 0.999640 0.000148 0.000106
 0.000106 0.000148 0.999640 0.000106
 0.000106 0.000148 0.000148 0.999598
 0.153649 0.016989 0.798548 0.030814
 0.315767 0.096094 0.547760 0.040380
 0.131656 0.402109 0.156239 0.309996

MOTIF 24-CAAGATGGCGGCG STREME-24
letter-probability matrix: alength= 4 w= 13 nsites= 293 E= 3.0e-002
 0.059573 0.634507 0.238913 0.067006
 0.812850 0.000156 0.186882 0.000112
 0.825542 0.087173 0.020280 0.067005
 0.042534 0.209816 0.747539 0.000112
 0.988427 0.007589 0.003872 0.000112
 0.000112 0.000156 0.000156 0.999576
 0.000112 0.007589 0.992188 0.000112
 0.003828 0.000156 0.973606 0.022409
 0.003828 0.988471 0.000156 0.007544
 0.073807 0.053728 0.782447 0.090019
 0.104168 0.092433 0.775731 0.027668
 0.078154 0.766124 0.047837 0.107884
 0.087130 0.264931 0.534079 0.113860

MOTIF 25-CAGTTTCCTCATC STREME-25
letter-probability matrix: alength= 4 w= 13 nsites= 163 E= 3.5e-002
 0.048828 0.850550 0.028074 0.072547
 0.804729 0.062802 0.041965 0.090503
 0.033756 0.062803 0.903231 0.000209
 0.000209 0.048912 0.014184 0.936695
 0.021046 0.000292 0.000292 0.978370
 0.027991 0.007238 0.051794 0.912978
 0.021046 0.749243 0.090585 0.139126
 0.166904 0.763139 0.035020 0.034937
 0.076611 0.062803 0.021129 0.839457
 0.083557 0.825650 0.007238 0.083556
 0.846403 0.014183 0.048911 0.090503
 0.014100 0.069749 0.104477 0.811673
 0.048829 0.888160 0.000292 0.062720

MOTIF 26-TKATGYAAC STREME-26
letter-probability matrix: alength= 4 w= 9 nsites= 163 E= 6.1e-002
 0.000403 0.000563 0.000563 0.998471
 0.000403 0.000563 0.573802 0.425232
 0.998471 0.000563 0.000563 0.000403
 0.000403 0.000563 0.000563 0.998471
 0.000403 0.000563 0.998631 0.000403
 0.000403 0.658207 0.000563 0.340827
 0.868410 0.000563 0.000563 0.130464
 0.998471 0.000563 0.000563 0.000403
 0.000403 0.668579 0.000563 0.330455

MOTIF 27-GAGYRAGACYCTGTC STREME-27
letter-probability matrix: alength= 4 w= 15 nsites= 111 E= 8.2e-002
 0.030873 0.051373 0.897070 0.020684
 0.998837 0.000428 0.000428 0.000307
 0.061440 0.020806 0.917448 0.000307
 0.000307 0.611773 0.030995 0.356925
 0.336545 0.020806 0.642342 0.000307
 0.988648 0.010617 0.000428 0.000307
 0.153145 0.010617 0.835931 0.000307
 0.886759 0.020806 0.010617 0.081817
 0.000307 0.948014 0.000428 0.051251
 0.000307 0.377423 0.010617 0.611653
 0.010495 0.784987 0.030995 0.173523
 0.000307 0.306100 0.020806 0.672788
 0.183707 0.081940 0.734046 0.000307
 0.000307 0.030995 0.000428 0.968270
 0.010495 0.856315 0.092128 0.041062

MOTIF 28-AAACCCYRTCTCTA STREME-28
letter-probability matrix: alength= 4 w= 14 nsites= 151 E= 9.4e-002
 0.958360 0.000286 0.041149 0.000205
 0.665495 0.020717 0.313582 0.000205
 0.944739 0.034338 0.007097 0.013826
 0.027447 0.924389 0.000286 0.047878
 0.013826 0.849472 0.000286 0.136416
 0.027447 0.794988 0.020717 0.156848
 0.034257 0.558795 0.013907 0.393041
 0.347550 0.034338 0.611097 0.007015
 0.000205 0.007097 0.013907 0.978791
 0.013826 0.931200 0.027528 0.027447
 0.034257 0.007097 0.007097 0.951549
 0.000205 0.958441 0.000286 0.041068
 0.156856 0.075201 0.020717 0.747225
 0.971981 0.007097 0.020717 0.000205

MOTIF 29-AGGATCRCTTGAGCC STREME-29
letter-probability matrix: alength= 4 w= 15 nsites= 198 E= 1.7e-001
 0.763600 0.112503 0.000236 0.123661
 0.101203 0.000236 0.898393 0.000169
 0.264008 0.000236 0.735587 0.000169
 0.954456 0.000236 0.045140 0.000169
 0.000169 0.000236 0.000236 0.999359
 0.022621 0.735604 0.011462 0.230314
 0.494145 0.028301 0.466159 0.011395
 0.022621 0.887167 0.005849 0.084363
 0.022621 0.123729 0.000236 0.853414
 0.000169 0.017075 0.005849 0.976907
 0.056299 0.011462 0.932071 0.000169
 0.982520 0.000236 0.011462 0.005782
 0.269620 0.000236 0.729975 0.000169
 0.005782 0.668244 0.235997 0.089977
 0.000169 0.746827 0.000236 0.252768

MOTIF 30-CCCGCCTCCC STREME-30
letter-probability matrix: alength= 4 w= 10 nsites= 419 E= 1.9e-001
 0.058819 0.920543 0.003535 0.017103
 0.050029 0.892042 0.031408 0.026521
 0.000383 0.988105 0.011130 0.000383
 0.000383 0.000535 0.998700 0.000383
 0.000383 0.998700 0.000535 0.000383
 0.001502 0.852542 0.070822 0.075134
 0.052473 0.001826 0.057561 0.888140
 0.044621 0.816320 0.047350 0.091709
 0.015965 0.897717 0.024776 0.061541
 0.022279 0.845029 0.002019 0.130674

MOTIF 31-YAAAAAAAAAAAAA STREME-31
letter-probability matrix: alength= 4 w= 14 nsites= 319 E= 1.9e-001
 0.071804 0.445801 0.056609 0.425786
 0.961331 0.020477 0.000168 0.018023
 0.999543 0.000168 0.000168 0.000121
 0.979037 0.004174 0.008656 0.008133
 0.967494 0.016192 0.016193 0.000121
 0.802526 0.149112 0.032217 0.016144
 0.630013 0.076285 0.030376 0.263326
 0.937448 0.012187 0.028212 0.022153
 0.724678 0.245328 0.013849 0.016145
 0.988206 0.001831 0.005837 0.004127
 0.873686 0.118013 0.008180 0.000121
 0.871558 0.112128 0.016192 0.000121
 0.926663 0.000168 0.008952 0.064217
 0.944690 0.030214 0.000168 0.024928

MOTIF 32-CCCAGCCCG STREME-32
letter-probability matrix: alength= 4 w= 9 nsites= 1831 E= 3.1e-001
 0.012247 0.971750 0.000572 0.015432
 0.005129 0.906196 0.072694 0.015981
 0.006062 0.693912 0.225564 0.074462
 0.842131 0.032330 0.066526 0.059013
 0.044932 0.021949 0.880163 0.052955
 0.003794 0.974215 0.021336 0.000655
 0.107695 0.844369 0.027567 0.020369
 0.045995 0.890746 0.004522 0.058736
 0.065426 0.016571 0.820369 0.097634

MOTIF 33-GCAGCAGCAGC STREME-33
letter-probability matrix: alength= 4 w= 11 nsites= 232 E= 3.5e-001
 0.126003 0.053845 0.819855 0.000297
 0.000297 0.895115 0.000415 0.104173
 0.998872 0.000415 0.000415 0.000297
 0.000297 0.021977 0.967554 0.010173
 0.128657 0.827974 0.000415 0.042954
 0.716658 0.126063 0.072828 0.084451
 0.000297 0.000415 0.998990 0.000297
 0.000297 0.873456 0.000415 0.125832
 0.843954 0.000415 0.000415 0.155215
 0.020743 0.000415 0.978544 0.000297
 0.000297 0.954179 0.000415 0.045109

MOTIF 34-AGATAASV STREME-34
letter-probability matrix: alength= 4 w= 8 nsites= 360 E= 4.6e-001
 0.998088 0.000704 0.000704 0.000504
 0.000504 0.000704 0.998288 0.000504
 0.998088 0.000704 0.000704 0.000504
 0.000504 0.000704 0.000704 0.998088
 0.998088 0.000704 0.000704 0.000504
 0.998088 0.000704 0.000704 0.000504
 0.000504 0.319260 0.631446 0.048790
 0.420623 0.348229 0.230644 0.000504

MOTIF 35-VATCGATB STREME-35
letter-probability matrix: alength= 4 w= 8 nsites= 96 E= 5.2e-001
 0.291934 0.209344 0.409311 0.089410
 0.996799 0.001179 0.001179 0.000844
 0.000844 0.001179 0.001179 0.996799
 0.000844 0.997134 0.001179 0.000844
 0.000844 0.001179 0.997134 0.000844
 0.996799 0.001179 0.001179 0.000844
 0.000844 0.001179 0.001179 0.996799
 0.089410 0.409311 0.209344 0.291934

MOTIF 36-ATATTTG STREME-36
letter-probability matrix: alength= 4 w= 7 nsites= 186 E= 5.8e-001
 0.928055 0.026491 0.026491 0.018964
 0.018964 0.026491 0.026491 0.928055
 0.928055 0.026491 0.026491 0.018964
 0.018964 0.026491 0.026491 0.928055
 0.018964 0.026491 0.026491 0.928055
 0.018964 0.026491 0.026491 0.928055
 0.018964 0.026491 0.935582 0.018964

MOTIF 37-CCCAGCTCC STREME-37
letter-probability matrix: alength= 4 w= 9 nsites= 3026 E= 6.0e-001
 0.003383 0.962505 0.000137 0.033975
 0.000098 0.917450 0.082354 0.000098
 0.000626 0.964721 0.012663 0.021991
 0.843833 0.000137 0.155932 0.000098
 0.058469 0.124792 0.641699 0.175040
 0.052420 0.923229 0.004913 0.019438
 0.129194 0.000137 0.068749 0.801921
 0.155329 0.591267 0.203354 0.050050
 0.041575 0.715425 0.030358 0.212642

MOTIF 38-AAACTGAGGC STREME-38
letter-probability matrix: alength= 4 w= 10 nsites= 52 E= 7.6e-001
 0.928055 0.026491 0.026491 0.018964
 0.928055 0.026491 0.026491 0.018964
 0.928055 0.026491 0.026491 0.018964
 0.018964 0.935582 0.026491 0.018964
 0.018964 0.026491 0.026491 0.928055
 0.018964 0.026491 0.935582 0.018964
 0.928055 0.026491 0.026491 0.018964
 0.018964 0.026491 0.935582 0.018964
 0.018964 0.026491 0.935582 0.018964
 0.018964 0.935582 0.026491 0.018964

MOTIF 39-AGCCCAG STREME-39
letter-probability matrix: alength= 4 w= 7 nsites= 1342 E= 9.8e-001
 0.928055 0.026491 0.026491 0.018964
 0.018964 0.026491 0.935582 0.018964
 0.018964 0.935582 0.026491 0.018964
 0.018964 0.935582 0.026491 0.018964
 0.018964 0.935582 0.026491 0.018964
 0.928055 0.026491 0.026491 0.018964
 0.018964 0.026491 0.935582 0.018964

MOTIF 40-CTGCAGCC STREME-40
letter-probability matrix: alength= 4 w= 8 nsites= 815 E= 1.5e+000
 0.018964 0.935582 0.026491 0.018964
 0.018964 0.026491 0.026491 0.928055
 0.018964 0.026491 0.935582 0.018964
 0.018964 0.935582 0.026491 0.018964
 0.928055 0.026491 0.026491 0.018964
 0.018964 0.026491 0.935582 0.018964
 0.018964 0.935582 0.026491 0.018964
 0.018964 0.935582 0.026491 0.018964

MOTIF 41-AGCACCRYGGACAG STREME-41
letter-probability matrix: alength= 4 w= 14 nsites= 75 E= 1.5e+000
 0.998382 0.000596 0.000596 0.000426
 0.014598 0.000596 0.941866 0.042941
 0.000426 0.956038 0.000596 0.042940
 0.998382 0.000596 0.000596 0.000426
 0.000426 0.998551 0.000596 0.000426
 0.000426 0.956037 0.000596 0.042941
 0.459825 0.000596 0.354921 0.184658
 0.071283 0.460018 0.071453 0.397246
 0.000426 0.028938 0.970209 0.000426
 0.000426 0.014767 0.984380 0.000426
 0.808272 0.190706 0.000596 0.000426
 0.000426 0.956038 0.043109 0.000426
 0.998382 0.000596 0.000596 0.000426
 0.057112 0.000596 0.941866 0.000426

MOTIF 42-CATTCATTC STREME-42
letter-probability matrix: alength= 4 w= 9 nsites= 70 E= 1.5e+000
 0.000863 0.997069 0.001205 0.000863
 0.848777 0.001205 0.149155 0.000863
 0.000863 0.001205 0.001205 0.996726
 0.000863 0.001205 0.001205 0.996726
 0.000863 0.997069 0.001205 0.000863
 0.968052 0.001205 0.029879 0.000863
 0.000863 0.001205 0.001205 0.996726
 0.000863 0.001205 0.001205 0.996726
 0.000863 0.997069 0.001205 0.000863

MOTIF 43-ACACACACACGCAC STREME-43
letter-probability matrix: alength= 4 w= 14 nsites= 167 E= 1.9e+000
 0.928055 0.026491 0.026491 0.018964
 0.018964 0.935582 0.026491 0.018964
 0.928055 0.026491 0.026491 0.018964
 0.018964 0.935582 0.026491 0.018964
 0.928055 0.026491 0.026491 0.018964
 0.018964 0.935582 0.026491 0.018964
 0.928055 0.026491 0.026491 0.018964
 0.018964 0.935582 0.026491 0.018964
 0.928055 0.026491 0.026491 0.018964
 0.018964 0.935582 0.026491 0.018964
 0.018964 0.026491 0.935582 0.018964
 0.018964 0.935582 0.026491 0.018964
 0.928055 0.026491 0.026491 0.018964
 0.018964 0.935582 0.026491 0.018964

MOTIF 44-CAAGGMCG STREME-44
letter-probability matrix: alength= 4 w= 8 nsites= 458 E= 1.9e+000
 0.000901 0.996938 0.001259 0.000901
 0.706465 0.001259 0.291375 0.000901
 0.996580 0.001259 0.001259 0.000901
 0.000901 0.024489 0.973708 0.000901
 0.000901 0.001259 0.996938 0.000901
 0.386257 0.611582 0.001259 0.000901
 0.000901 0.996938 0.001259 0.000901
 0.000901 0.001259 0.996938 0.000901

MOTIF 45-CTCTCTCTCTCTCTC STREME-45
letter-probability matrix: alength= 4 w= 15 nsites= 133 E= 1.9e+000
 0.009895 0.819544 0.087634 0.082928
 0.000289 0.029219 0.019614 0.950879
 0.000289 0.999018 0.000404 0.000289
 0.000289 0.144479 0.173296 0.681936
 0.000289 0.950994 0.019614 0.029104
 0.000289 0.019614 0.038823 0.941273
 0.077128 0.854944 0.067638 0.000289
 0.009894 0.182085 0.115664 0.692357
 0.000289 0.912573 0.086849 0.000289
 0.067523 0.023600 0.115663 0.793214
 0.029104 0.941387 0.010009 0.019501
 0.048314 0.268531 0.134873 0.548283
 0.000289 0.758878 0.010009 0.230824
 0.000289 0.029219 0.004390 0.966102
 0.038709 0.960598 0.000404 0.000289

MOTIF 46-CATTTCC STREME-46
letter-probability matrix: alength= 4 w= 7 nsites= 1217 E= 2.0e+000
 0.000573 0.793729 0.000800 0.204897
 0.889991 0.000800 0.108636 0.000573
 0.000573 0.000800 0.000800 0.997826
 0.014556 0.000800 0.000800 0.983843
 0.022011 0.000800 0.000800 0.976388
 0.127068 0.871558 0.000800 0.000573
 0.000573 0.986883 0.011971 0.000573

MOTIF 47-CCACGTGG STREME-47
letter-probability matrix: alength= 4 w= 8 nsites= 68 E= 2.9e+000
 0.134355 0.725784 0.098107 0.041754
 0.030239 0.952984 0.008137 0.008640
 0.905477 0.002020 0.060331 0.032172
 0.001446 0.995089 0.002020 0.001446
 0.001446 0.002020 0.995089 0.001446
 0.032172 0.060331 0.002020 0.905477
 0.008640 0.008137 0.952984 0.030239
 0.041754 0.098107 0.725784 0.134355

MOTIF 48-CTGCCCTTTGGACC STREME-48
letter-probability matrix: alength= 4 w= 14 nsites= 60 E= 2.4e+001
 0.068335 0.828702 0.068540 0.034423
 0.000510 0.017669 0.000713 0.981108
 0.170074 0.017669 0.811746 0.000510
 0.007547 0.974273 0.017669 0.000510
 0.000510 0.845659 0.000713 0.153118
 0.000510 0.998267 0.000713 0.000510
 0.000510 0.184352 0.017669 0.797469
 0.000510 0.153321 0.085494 0.760674
 0.000510 0.068538 0.017669 0.913283
 0.017467 0.000713 0.981310 0.000510
 0.051379 0.058619 0.838623 0.051379
 0.777627 0.136366 0.051583 0.034424
 0.051379 0.930441 0.000713 0.017467
 0.153123 0.760873 0.017669 0.068335

MOTIF 49-CTYGAACTCCTG STREME-49
letter-probability matrix: alength= 4 w= 12 nsites= 63 E= 4.9e+001
 0.000478 0.998377 0.000667 0.000478
 0.000478 0.016543 0.000667 0.982311
 0.000478 0.664872 0.000667 0.333983
 0.111620 0.048298 0.839604 0.000478
 0.982311 0.000667 0.016543 0.000478
 0.966435 0.000667 0.016543 0.016354
 0.016354 0.960036 0.016543 0.007067
 0.000478 0.016543 0.000667 0.982311
 0.079858 0.903121 0.016543 0.000478
 0.000478 0.975912 0.023132 0.000478
 0.048106 0.080053 0.016543 0.855298
 0.048106 0.000667 0.950749 0.000478

********************************************************************************
Stopped because 3 consecutive motifs exceeded the p-value threshold (0.05).
********************************************************************************
COMMAND:	streme --verbosity 1 --oc meme_out_incomplete_DL/HepG2_ESRRA-human_ENCFF022ALT/streme_out -dna --seed 0 --p meme_out_incomplete_DL/HepG2_ESRRA-human_ENCFF022ALT/seqs-centered --minw 6 --maxw 15 --time 6184 --order 2 --thresh 0.05 --align center --totallength 4000000 --parse-genomic-coord
********************************************************************************
CPU:		9f05ee173ae9
********************************************************************************
FINALTIME:	1751.29 seconds
********************************************************************************
