********************************************************************************
STREME - Sensitive, Thorough, Rapid, Enriched Motif Elicitation
********************************************************************************
MEME version 5.5.3 (Release date: Sat Jun 10 16:19:38 2023 -0700)

For further information on how to interpret these results please access http://localhost:8080/meme_5.5.3.
To get a copy of the MEME Suite software please access https://meme-suite.org.

********************************************************************************


********************************************************************************
REFERENCE
********************************************************************************
If you use this program in your research, please cite:

Timothy L. Bailey,
"STREME: accurate and versatile sequence motif discovery",
Bioinformatics, Mar. 24, 2021.
********************************************************************************


ALPHABET= ACGT

strands: + -

Background letter frequencies
A 0.192 C 0.308 G 0.308 T 0.192 

MOTIF 1-CCCCGCCCC STREME-1
letter-probability matrix: alength= 4 w= 9 nsites= 927 E= 5.6e-005
 0.051068 0.754833 0.000241 0.193857
 0.000151 0.999458 0.000241 0.000151
 0.038253 0.961356 0.000241 0.000151
 0.056512 0.943096 0.000241 0.000151
 0.230342 0.000241 0.718654 0.050763
 0.000151 0.917298 0.000241 0.082311
 0.000151 0.999458 0.000241 0.000151
 0.000151 0.759333 0.000241 0.240275
 0.000151 0.884237 0.000241 0.115372

MOTIF 2-GAGGCTGAGGC STREME-2
letter-probability matrix: alength= 4 w= 11 nsites= 1067 E= 3.6e-002
 0.089136 0.068412 0.820526 0.021925
 0.793825 0.101010 0.034107 0.071058
 0.100235 0.027636 0.826967 0.045162
 0.115664 0.000062 0.852791 0.031483
 0.051031 0.857531 0.052570 0.038867
 0.036869 0.173186 0.142394 0.647550
 0.036993 0.046637 0.906246 0.010125
 0.661127 0.167945 0.037361 0.133567
 0.128250 0.036225 0.803540 0.031986
 0.059983 0.034430 0.834131 0.071455
 0.096725 0.661766 0.061804 0.179705

MOTIF 3-CACTTCCGGGK STREME-3
letter-probability matrix: alength= 4 w= 11 nsites= 158 E= 1.9e-001
 0.071953 0.796104 0.033976 0.097967
 0.881621 0.000338 0.117829 0.000211
 0.000211 0.980832 0.000338 0.018619
 0.007831 0.000338 0.046054 0.945777
 0.000211 0.007957 0.000338 0.991493
 0.007831 0.984001 0.000338 0.007831
 0.000211 0.991620 0.000338 0.007831
 0.048749 0.015576 0.748819 0.186855
 0.045928 0.015576 0.855767 0.082729
 0.034501 0.240705 0.571983 0.152811
 0.102907 0.141584 0.361950 0.393560

MOTIF 4-CAASATGGC STREME-4
letter-probability matrix: alength= 4 w= 9 nsites= 107 E= 1.9e-001
 0.000379 0.998637 0.000606 0.000379
 0.691068 0.000606 0.307947 0.000379
 0.998410 0.000606 0.000606 0.000379
 0.000379 0.474641 0.524601 0.000379
 0.998410 0.000606 0.000606 0.000379
 0.000379 0.000606 0.000606 0.998410
 0.000379 0.191759 0.807484 0.000379
 0.000379 0.000606 0.889392 0.109623
 0.000379 0.746614 0.000606 0.252401

MOTIF 5-TGCGCATGCGCA STREME-5
letter-probability matrix: alength= 4 w= 12 nsites= 110 E= 2.0e-001
 0.085960 0.186820 0.166143 0.561078
 0.109608 0.000303 0.879640 0.010448
 0.027544 0.968544 0.003723 0.000190
 0.047478 0.000303 0.952028 0.000190
 0.000190 0.974722 0.024899 0.000190
 0.627646 0.225598 0.106115 0.040641
 0.040641 0.106115 0.225598 0.627646
 0.000190 0.024899 0.974722 0.000190
 0.000190 0.952028 0.000303 0.047478
 0.000190 0.003723 0.968544 0.027544
 0.010448 0.879640 0.000303 0.109608
 0.561078 0.166143 0.186820 0.085960

MOTIF 6-AAGCAA STREME-6
letter-probability matrix: alength= 4 w= 6 nsites= 722 E= 2.1e-001
 0.949060 0.001740 0.001740 0.047461
 0.809758 0.028689 0.001740 0.159813
 0.001088 0.127357 0.822834 0.048720
 0.001088 0.852539 0.001740 0.144633
 0.846490 0.001740 0.112860 0.038909
 0.995432 0.001740 0.001740 0.001088

MOTIF 7-CCTGTARTCCCAGCW STREME-7
letter-probability matrix: alength= 4 w= 15 nsites= 84 E= 2.9e-001
 0.000359 0.895113 0.026473 0.078055
 0.000359 0.921008 0.026473 0.052160
 0.000359 0.000575 0.000575 0.998491
 0.026261 0.000575 0.959855 0.013309
 0.000359 0.000575 0.000575 0.998491
 0.920796 0.013524 0.052372 0.013309
 0.622727 0.000575 0.363390 0.013309
 0.013309 0.000575 0.000575 0.985542
 0.000359 0.946906 0.000575 0.052160
 0.000359 0.959859 0.000575 0.039207
 0.000359 0.933959 0.000575 0.065107
 0.972593 0.000575 0.013524 0.013309
 0.039207 0.013524 0.908062 0.039207
 0.052163 0.933952 0.013526 0.000359
 0.596776 0.013524 0.013524 0.376176

MOTIF 8-TCCGTGGTGCTGAA STREME-8
letter-probability matrix: alength= 4 w= 14 nsites= 39 E= 2.9e-001
 0.000863 0.001380 0.063593 0.934163
 0.000863 0.996893 0.001380 0.000863
 0.000863 0.996893 0.001380 0.000863
 0.280832 0.032487 0.592499 0.094182
 0.094186 0.281353 0.001380 0.623080
 0.000863 0.001380 0.996893 0.000863
 0.000863 0.001380 0.996893 0.000863
 0.000863 0.001380 0.001380 0.996376
 0.063076 0.001380 0.841362 0.094182
 0.031970 0.965787 0.001380 0.000863
 0.031970 0.001380 0.094699 0.871951
 0.000863 0.001380 0.934680 0.063076
 0.778624 0.094699 0.125814 0.000863
 0.747518 0.032487 0.032487 0.187509

MOTIF 9-AGCTGCTGC STREME-9
letter-probability matrix: alength= 4 w= 9 nsites= 238 E= 4.3e-001
 0.914752 0.028707 0.010358 0.046184
 0.017400 0.041932 0.900372 0.040296
 0.097983 0.721699 0.090163 0.090155
 0.039953 0.020251 0.012410 0.927386
 0.055327 0.026128 0.913534 0.005011
 0.049214 0.912241 0.036564 0.001981
 0.018545 0.011226 0.011907 0.958321
 0.073892 0.040340 0.872090 0.013678
 0.010380 0.879548 0.099166 0.010906

MOTIF 10-CACGTGVTC STREME-10
letter-probability matrix: alength= 4 w= 9 nsites= 413 E= 4.7e-001
 0.068221 0.788080 0.055681 0.088018
 0.874750 0.000163 0.031511 0.093576
 0.086421 0.834457 0.072298 0.006823
 0.000267 0.014508 0.978161 0.007063
 0.041252 0.003829 0.000163 0.954757
 0.106678 0.070165 0.761092 0.062065
 0.366520 0.348007 0.224674 0.060800
 0.053429 0.103792 0.046727 0.796052
 0.080226 0.699575 0.120103 0.100096

MOTIF 11-GAGGTGA STREME-11
letter-probability matrix: alength= 4 w= 7 nsites= 466 E= 6.0e-001
 0.133239 0.000911 0.837630 0.028220
 0.997607 0.000911 0.000911 0.000570
 0.094966 0.018283 0.875809 0.010943
 0.057233 0.000911 0.878396 0.063459
 0.000570 0.000911 0.000911 0.997607
 0.101853 0.058978 0.789138 0.050031
 0.997607 0.000911 0.000911 0.000570

MOTIF 12-AAATAAAYAA STREME-12
letter-probability matrix: alength= 4 w= 10 nsites= 279 E= 6.1e-001
 0.792202 0.000194 0.085323 0.122282
 0.889348 0.000194 0.000194 0.110264
 0.798690 0.002009 0.199180 0.000121
 0.000121 0.278747 0.000194 0.720938
 0.897086 0.008940 0.093852 0.000121
 0.636096 0.248438 0.000194 0.115272
 0.918952 0.063238 0.017689 0.000121
 0.167492 0.354079 0.081143 0.397286
 0.919913 0.000194 0.079772 0.000121
 0.629193 0.075994 0.000194 0.294619

MOTIF 13-CCACCRCGCCCGGC STREME-13
letter-probability matrix: alength= 4 w= 14 nsites= 92 E= 6.5e-001
 0.000328 0.951522 0.024174 0.023976
 0.023976 0.927876 0.047820 0.000328
 0.986798 0.000525 0.000525 0.012152
 0.094922 0.868753 0.012349 0.023976
 0.000328 0.904225 0.024172 0.071275
 0.603426 0.059644 0.336602 0.000328
 0.012152 0.655904 0.047820 0.284124
 0.236820 0.024172 0.715031 0.023976
 0.035800 0.963347 0.000525 0.000328
 0.047624 0.904228 0.024172 0.023976
 0.000328 0.715028 0.024172 0.260471
 0.260470 0.005431 0.674652 0.059448
 0.035800 0.024172 0.939699 0.000328
 0.000328 0.963347 0.000525 0.035800

MOTIF 14-CCGCCATCK STREME-14
letter-probability matrix: alength= 4 w= 9 nsites= 87 E= 6.5e-001
 0.003860 0.944580 0.001418 0.050141
 0.000887 0.996807 0.001418 0.000887
 0.000887 0.001418 0.996807 0.000887
 0.054535 0.929896 0.001418 0.014151
 0.000887 0.937985 0.010987 0.050141
 0.996276 0.001418 0.001418 0.000887
 0.000887 0.001418 0.001418 0.996276
 0.014151 0.717864 0.267098 0.000887
 0.000887 0.001418 0.340194 0.657500

MOTIF 15-CCCCGCCCAC STREME-15
letter-probability matrix: alength= 4 w= 10 nsites= 95 E= 8.4e-001
 0.025237 0.972991 0.001090 0.000682
 0.138381 0.796179 0.064758 0.000682
 0.100960 0.897269 0.001090 0.000682
 0.000682 0.997547 0.001090 0.000682
 0.000682 0.001090 0.997547 0.000682
 0.010871 0.980007 0.001090 0.008032
 0.000682 0.852746 0.145891 0.000682
 0.008032 0.814069 0.005188 0.172711
 0.997139 0.001090 0.001090 0.000682
 0.000682 0.928978 0.001090 0.069251

MOTIF 16-CCCAGC STREME-16
letter-probability matrix: alength= 4 w= 6 nsites= 1151 E= 9.5e-001
 0.017491 0.937055 0.027964 0.017491
 0.017491 0.937055 0.027964 0.017491
 0.017491 0.937055 0.027964 0.017491
 0.926582 0.027964 0.027964 0.017491
 0.017491 0.027964 0.937055 0.017491
 0.017491 0.937055 0.027964 0.017491

MOTIF 17-AGCCTGGGCAACA STREME-17
letter-probability matrix: alength= 4 w= 13 nsites= 58 E= 2.4e+000
 0.979760 0.018933 0.000804 0.000503
 0.054888 0.037061 0.907548 0.000503
 0.000503 0.925676 0.000804 0.073016
 0.018632 0.943804 0.000804 0.036760
 0.000503 0.000804 0.018933 0.979760
 0.018632 0.000804 0.961933 0.018632
 0.091155 0.018933 0.871281 0.018632
 0.018632 0.109584 0.871281 0.000503
 0.018632 0.834961 0.018933 0.127475
 0.653328 0.018933 0.254723 0.073016
 0.889103 0.000804 0.109589 0.000503
 0.018632 0.853158 0.073318 0.054893
 0.925375 0.055189 0.018933 0.000503

MOTIF 18-RCCACTGCACTCC STREME-18
letter-probability matrix: alength= 4 w= 13 nsites= 44 E= 4.7e+000
 0.396236 0.001032 0.602086 0.000645
 0.163419 0.802001 0.001032 0.033548
 0.000645 0.997677 0.001032 0.000645
 0.848121 0.001032 0.001032 0.149815
 0.000645 0.927911 0.001032 0.070412
 0.000645 0.001032 0.001032 0.997291
 0.000645 0.001032 0.997677 0.000645
 0.023899 0.881410 0.047539 0.047152
 0.848121 0.057188 0.094046 0.000645
 0.000645 0.951170 0.001032 0.047152
 0.000645 0.001032 0.070792 0.927530
 0.000645 0.997677 0.001032 0.000645
 0.023899 0.974424 0.001032 0.000645

MOTIF 19-CCCGAGGCT STREME-19
letter-probability matrix: alength= 4 w= 9 nsites= 223 E= 6.9e+000
 0.083465 0.774841 0.084204 0.057489
 0.000398 0.805940 0.173061 0.020600
 0.000398 0.998567 0.000637 0.000398
 0.035986 0.000637 0.962979 0.000398
 0.922057 0.055941 0.000637 0.021365
 0.071580 0.030362 0.704799 0.193259
 0.143165 0.000637 0.845667 0.010531
 0.036856 0.942986 0.011043 0.009115
 0.000398 0.110435 0.022928 0.866238

********************************************************************************
Stopped because 3 consecutive motifs exceeded the p-value threshold (0.05).
********************************************************************************
COMMAND:	streme --verbosity 1 --oc meme_out_incomplete_DL/HepG2_KIAA2018-human_ENCFF168XTB/streme_out -dna --seed 0 --p meme_out_incomplete_DL/HepG2_KIAA2018-human_ENCFF168XTB/seqs-centered --minw 6 --maxw 15 --time 6193 --order 2 --thresh 0.05 --align center --totallength 4000000 --parse-genomic-coord
********************************************************************************
CPU:		9f05ee173ae9
********************************************************************************
FINALTIME:	135.94 seconds
********************************************************************************
