********************************************************************************
STREME - Sensitive, Thorough, Rapid, Enriched Motif Elicitation
********************************************************************************
MEME version 5.5.3 (Release date: Sat Jun 10 16:19:38 2023 -0700)

For further information on how to interpret these results please access http://localhost:8080/meme_5.5.3.
To get a copy of the MEME Suite software please access https://meme-suite.org.

********************************************************************************


********************************************************************************
REFERENCE
********************************************************************************
If you use this program in your research, please cite:

Timothy L. Bailey,
"STREME: accurate and versatile sequence motif discovery",
Bioinformatics, Mar. 24, 2021.
********************************************************************************


ALPHABET= ACGT

strands: + -

Background letter frequencies
A 0.22 C 0.28 G 0.28 T 0.22 

MOTIF 1-WGTAAAYA STREME-1
letter-probability matrix: alength= 4 w= 8 nsites= 4611 E= 1.2e-033
 0.558119 0.000033 0.161403 0.280444
 0.227795 0.000033 0.772145 0.000026
 0.000026 0.288292 0.000033 0.711648
 0.999907 0.000033 0.000033 0.000026
 0.999907 0.000033 0.000033 0.000026
 0.999907 0.000033 0.000033 0.000026
 0.000026 0.636367 0.000033 0.363574
 0.999907 0.000033 0.000033 0.000026

MOTIF 2-VCMGGAAGTGV STREME-2
letter-probability matrix: alength= 4 w= 11 nsites= 3456 E= 4.6e-024
 0.347268 0.271647 0.331615 0.049470
 0.092767 0.675430 0.170722 0.061080
 0.350883 0.647907 0.001192 0.000019
 0.000019 0.000024 0.999939 0.000019
 0.000019 0.000024 0.999939 0.000019
 0.991514 0.000024 0.000024 0.008439
 0.899276 0.051083 0.000024 0.049617
 0.071030 0.000024 0.928928 0.000019
 0.000019 0.165301 0.000024 0.834657
 0.140170 0.139103 0.615290 0.105437
 0.315669 0.224984 0.400597 0.058750

MOTIF 3-GGGGGCGGGGCBKG STREME-3
letter-probability matrix: alength= 4 w= 14 nsites= 3269 E= 1.7e-022
 0.203382 0.187998 0.547145 0.061474
 0.077146 0.047391 0.768857 0.106606
 0.170634 0.001144 0.828209 0.000012
 0.000012 0.000015 0.999961 0.000012
 0.000012 0.000015 0.992720 0.007253
 0.128460 0.725750 0.000015 0.145774
 0.000012 0.000015 0.999961 0.000012
 0.000012 0.000015 0.963948 0.036025
 0.085995 0.000015 0.901345 0.012645
 0.096426 0.000470 0.903093 0.000012
 0.119333 0.710924 0.064055 0.105688
 0.082144 0.420296 0.272675 0.224885
 0.167821 0.137155 0.436223 0.258800
 0.143701 0.238909 0.566498 0.050892

MOTIF 4-CAAAGKYCA STREME-4
letter-probability matrix: alength= 4 w= 9 nsites= 4173 E= 3.0e-019
 0.000027 0.815190 0.030578 0.154204
 0.702411 0.285338 0.006214 0.006038
 0.860125 0.000035 0.139027 0.000813
 0.990638 0.000035 0.009300 0.000027
 0.000027 0.006670 0.989100 0.004203
 0.041612 0.010597 0.576094 0.371697
 0.017881 0.310468 0.075368 0.596283
 0.000027 0.904485 0.004006 0.091482
 0.974067 0.000035 0.021319 0.004579

MOTIF 5-AGATGGCG STREME-5
letter-probability matrix: alength= 4 w= 8 nsites= 4229 E= 6.0e-013
 0.927765 0.072128 0.000060 0.000047
 0.030504 0.057930 0.903727 0.007839
 0.703690 0.000060 0.296202 0.000047
 0.000047 0.003357 0.246433 0.750163
 0.003566 0.027289 0.956388 0.012757
 0.135930 0.000060 0.851038 0.012972
 0.000047 0.926565 0.000060 0.073328
 0.205280 0.000060 0.782690 0.011970

MOTIF 6-RTTRTGYAAY STREME-6
letter-probability matrix: alength= 4 w= 10 nsites= 1959 E= 1.8e-012
 0.548445 0.081722 0.362183 0.007651
 0.001855 0.003039 0.006264 0.988843
 0.010016 0.009240 0.301904 0.678840
 0.480520 0.000050 0.382500 0.136930
 0.122733 0.023925 0.062454 0.790888
 0.017975 0.013345 0.968455 0.000226
 0.143796 0.563952 0.004338 0.287915
 0.990527 0.001293 0.002535 0.005645
 0.999860 0.000050 0.000050 0.000039
 0.000039 0.332825 0.071341 0.595795

MOTIF 7-RRTGASTCAYY STREME-7
letter-probability matrix: alength= 4 w= 11 nsites= 1059 E= 2.5e-011
 0.360446 0.135793 0.374625 0.129136
 0.426174 0.146622 0.410065 0.017140
 0.000038 0.004488 0.000049 0.995425
 0.023759 0.000049 0.854255 0.121937
 0.939005 0.003113 0.057843 0.000038
 0.089745 0.410255 0.410255 0.089745
 0.000038 0.057843 0.003113 0.939005
 0.121937 0.854255 0.000049 0.023759
 0.995425 0.000049 0.004488 0.000038
 0.017140 0.410065 0.146622 0.426174
 0.129136 0.374625 0.135793 0.360446

MOTIF 8-TGCGCATGCGCA STREME-8
letter-probability matrix: alength= 4 w= 12 nsites= 636 E= 6.6e-011
 0.034892 0.199550 0.090715 0.674843
 0.048976 0.010112 0.938413 0.002499
 0.038470 0.935204 0.017895 0.008432
 0.044571 0.001284 0.951056 0.003089
 0.001072 0.994749 0.000081 0.004097
 0.656610 0.184470 0.122329 0.036592
 0.036592 0.122329 0.184470 0.656610
 0.004097 0.000081 0.994749 0.001072
 0.003089 0.951056 0.001284 0.044571
 0.008432 0.017895 0.935204 0.038470
 0.002499 0.938413 0.010112 0.048976
 0.674843 0.090715 0.199550 0.034892

MOTIF 9-GAGGCBGAGGCRGGV STREME-9
letter-probability matrix: alength= 4 w= 15 nsites= 2313 E= 5.6e-010
 0.029578 0.018091 0.948389 0.003942
 0.660400 0.194664 0.074886 0.070050
 0.125138 0.017380 0.857469 0.000012
 0.044509 0.010165 0.929826 0.015500
 0.005121 0.968918 0.000016 0.025946
 0.089166 0.303749 0.211682 0.395404
 0.079087 0.039175 0.880939 0.000798
 0.548489 0.268002 0.113622 0.069887
 0.091594 0.034757 0.862242 0.011407
 0.070518 0.095063 0.820654 0.013765
 0.101773 0.610705 0.063403 0.224120
 0.264835 0.153873 0.453669 0.127624
 0.124764 0.094783 0.748747 0.031706
 0.103085 0.236214 0.639308 0.021394
 0.423745 0.244350 0.227134 0.104771

MOTIF 10-ACTACAWYTCCCAG STREME-10
letter-probability matrix: alength= 4 w= 14 nsites= 471 E= 1.0e-009
 0.976182 0.018938 0.002450 0.002430
 0.002430 0.997400 0.000095 0.000075
 0.000075 0.049556 0.000095 0.950274
 0.948117 0.026004 0.021093 0.004785
 0.000075 0.997400 0.002450 0.000075
 0.860770 0.040136 0.080177 0.018917
 0.466325 0.083517 0.080181 0.369978
 0.082513 0.322652 0.094310 0.500524
 0.044828 0.018937 0.009516 0.926718
 0.007141 0.964426 0.000095 0.028338
 0.000075 0.999755 0.000095 0.000075
 0.004785 0.995045 0.000095 0.000075
 0.824458 0.000095 0.175372 0.000075
 0.091934 0.047206 0.780704 0.080156

MOTIF 11-GTSACGTGRBC STREME-11
letter-probability matrix: alength= 4 w= 11 nsites= 1490 E= 2.9e-009
 0.265301 0.000037 0.718678 0.015985
 0.073053 0.147735 0.052349 0.726863
 0.002619 0.598515 0.341642 0.057223
 0.990138 0.000037 0.000495 0.009331
 0.000029 0.999905 0.000037 0.000029
 0.094334 0.000037 0.905600 0.000029
 0.059807 0.000037 0.002783 0.937373
 0.086892 0.268426 0.588607 0.056075
 0.488484 0.091250 0.398406 0.021860
 0.076423 0.305458 0.357856 0.260264
 0.142520 0.642057 0.131507 0.083916

MOTIF 12-CCCCWCCCC STREME-12
letter-probability matrix: alength= 4 w= 9 nsites= 3239 E= 2.4e-007
 0.000079 0.999741 0.000100 0.000079
 0.000079 0.813175 0.000100 0.186645
 0.000079 0.999741 0.000100 0.000079
 0.094683 0.716291 0.066945 0.122081
 0.623638 0.000100 0.050259 0.326002
 0.024580 0.858211 0.000100 0.117108
 0.000079 0.997279 0.002563 0.000079
 0.000079 0.825521 0.000100 0.174299
 0.025028 0.795222 0.000100 0.179650

MOTIF 13-AGDTCAAAGTYC STREME-13
letter-probability matrix: alength= 4 w= 12 nsites= 831 E= 3.4e-007
 0.790711 0.000061 0.159829 0.049399
 0.019581 0.000061 0.975803 0.004555
 0.375590 0.044654 0.270830 0.308926
 0.158267 0.027536 0.171871 0.642326
 0.000048 0.998341 0.000061 0.001550
 0.974544 0.010578 0.000061 0.014818
 0.883051 0.002999 0.000061 0.113889
 0.760625 0.003066 0.231754 0.004555
 0.000048 0.083764 0.895361 0.020827
 0.104352 0.038829 0.105517 0.751303
 0.099972 0.366707 0.093753 0.439567
 0.054285 0.703619 0.092846 0.149251

MOTIF 14-AGCCAATSRGM STREME-14
letter-probability matrix: alength= 4 w= 11 nsites= 607 E= 1.6e-006
 0.680991 0.011283 0.307637 0.000089
 0.322201 0.005708 0.652187 0.019904
 0.000089 0.999710 0.000113 0.000089
 0.000089 0.999710 0.000113 0.000089
 0.999686 0.000113 0.000113 0.000089
 0.999686 0.000113 0.000113 0.000089
 0.000089 0.000113 0.000113 0.999686
 0.007221 0.657675 0.335015 0.000089
 0.571082 0.000113 0.428716 0.000089
 0.052629 0.123126 0.750634 0.073612
 0.551241 0.328362 0.117515 0.002881

MOTIF 15-CAAAATGGCGGC STREME-15
letter-probability matrix: alength= 4 w= 12 nsites= 413 E= 2.7e-006
 0.032855 0.816022 0.062452 0.088670
 0.909774 0.022118 0.058583 0.009524
 0.844646 0.059574 0.047252 0.048528
 0.632068 0.098707 0.162846 0.106379
 0.996505 0.000127 0.000127 0.003241
 0.000100 0.007714 0.000127 0.992060
 0.000100 0.022118 0.970096 0.007687
 0.012666 0.000127 0.976380 0.010828
 0.061490 0.897151 0.003268 0.038091
 0.029920 0.182580 0.558183 0.229317
 0.101399 0.100127 0.689859 0.108615
 0.093047 0.839984 0.015301 0.051668

MOTIF 16-GCCTGTAATCCCAGC STREME-16
letter-probability matrix: alength= 4 w= 15 nsites= 417 E= 7.1e-006
 0.228835 0.015805 0.738491 0.016869
 0.005316 0.880889 0.010572 0.103223
 0.000083 0.936928 0.007955 0.055033
 0.000083 0.021039 0.002722 0.976156
 0.091670 0.002722 0.897675 0.007933
 0.000083 0.023655 0.010572 0.965689
 0.920121 0.015805 0.061374 0.002700
 0.748933 0.002722 0.248261 0.000083
 0.002700 0.055058 0.000106 0.942137
 0.002700 0.965712 0.000106 0.031483
 0.013166 0.915994 0.007956 0.062884
 0.002700 0.853183 0.002722 0.141395
 0.986623 0.000106 0.005339 0.007933
 0.047182 0.013189 0.939546 0.000083
 0.021016 0.926462 0.015805 0.036716

MOTIF 17-GRAAGAGGAA STREME-17
letter-probability matrix: alength= 4 w= 10 nsites= 2003 E= 1.0e-005
 0.016071 0.001469 0.982401 0.000059
 0.337414 0.112043 0.515126 0.035416
 0.726584 0.008888 0.242999 0.021529
 0.894874 0.000075 0.098404 0.006647
 0.168529 0.068326 0.705885 0.057260
 0.962071 0.003414 0.029991 0.004524
 0.014825 0.106121 0.772198 0.106855
 0.291310 0.046926 0.661706 0.000059
 0.886057 0.004318 0.062849 0.046776
 0.789889 0.001279 0.171548 0.037284

MOTIF 18-GGCGCGGTGGCTCAY STREME-18
letter-probability matrix: alength= 4 w= 15 nsites= 249 E= 1.3e-004
 0.022597 0.007754 0.969412 0.000237
 0.037503 0.007754 0.954506 0.000237
 0.007690 0.887423 0.015207 0.089680
 0.186594 0.000301 0.797962 0.015144
 0.037505 0.887422 0.000301 0.074772
 0.156777 0.022661 0.797965 0.022597
 0.007690 0.000301 0.976866 0.015143
 0.007690 0.000301 0.000301 0.991708
 0.007690 0.000301 0.991772 0.000237
 0.044958 0.007754 0.932145 0.015143
 0.000237 0.991772 0.000301 0.007690
 0.015143 0.000301 0.000301 0.984255
 0.007690 0.984319 0.000301 0.007690
 0.946988 0.007754 0.015207 0.030050
 0.015143 0.604183 0.007754 0.372919

MOTIF 19-ACTGCACTCCAGCCT STREME-19
letter-probability matrix: alength= 4 w= 15 nsites= 296 E= 1.9e-004
 0.963896 0.004122 0.031856 0.000126
 0.004088 0.912048 0.008084 0.075780
 0.008050 0.019970 0.004122 0.967859
 0.019935 0.004122 0.948083 0.027860
 0.000126 0.904500 0.023931 0.071443
 0.983707 0.004122 0.008084 0.004088
 0.012012 0.829185 0.004122 0.154682
 0.019935 0.016007 0.008084 0.955974
 0.008050 0.940160 0.016008 0.035783
 0.004088 0.932235 0.004122 0.059556
 0.971821 0.012046 0.012046 0.004088
 0.031822 0.023931 0.928274 0.015973
 0.023897 0.924309 0.012046 0.039748
 0.004088 0.952044 0.027894 0.015974
 0.015974 0.027893 0.000160 0.955973

MOTIF 20-CCCAGCCC STREME-20
letter-probability matrix: alength= 4 w= 8 nsites= 3441 E= 1.2e-003
 0.000514 0.988348 0.000351 0.010788
 0.018952 0.928469 0.029312 0.023267
 0.005995 0.947249 0.043694 0.003062
 0.784285 0.058042 0.026639 0.131034
 0.037723 0.009369 0.945714 0.007195
 0.018777 0.959105 0.017417 0.004701
 0.084814 0.749101 0.030447 0.135638
 0.029013 0.874811 0.011091 0.085084

MOTIF 21-ACCAGCCTGGSCAAC STREME-21
letter-probability matrix: alength= 4 w= 15 nsites= 134 E= 2.1e-003
 0.789878 0.000319 0.004266 0.205537
 0.000251 0.904438 0.016109 0.079202
 0.023936 0.967599 0.000319 0.008146
 0.983321 0.000319 0.016109 0.000251
 0.031831 0.000319 0.778094 0.189756
 0.000251 0.983389 0.000319 0.016041
 0.000251 0.991284 0.008214 0.000251
 0.008146 0.016109 0.000319 0.975426
 0.055516 0.000319 0.943914 0.000251
 0.071307 0.000319 0.928124 0.000251
 0.039727 0.478061 0.434591 0.047622
 0.016041 0.738613 0.000319 0.245028
 0.888572 0.000319 0.110859 0.000251
 0.999112 0.000319 0.000319 0.000251
 0.023936 0.888647 0.024004 0.063412

MOTIF 22-ATCRCTTGAGSCCAG STREME-22
letter-probability matrix: alength= 4 w= 15 nsites= 202 E= 2.6e-003
 0.977351 0.000222 0.022252 0.000175
 0.000175 0.011237 0.000222 0.988366
 0.005682 0.702017 0.060804 0.231496
 0.506919 0.000222 0.473876 0.018982
 0.000175 0.949861 0.005730 0.044234
 0.000175 0.187509 0.000222 0.812093
 0.000175 0.000222 0.011237 0.988366
 0.022204 0.000222 0.977398 0.000175
 0.993873 0.005730 0.000222 0.000175
 0.231496 0.005730 0.762599 0.000175
 0.022205 0.589545 0.308685 0.079565
 0.000175 0.724015 0.000222 0.275588
 0.005682 0.878260 0.000222 0.115836
 0.850672 0.000222 0.148930 0.000175
 0.011190 0.000222 0.988413 0.000175

MOTIF 23-CAAAAAAAAAAAAAA STREME-23
letter-probability matrix: alength= 4 w= 15 nsites= 434 E= 4.8e-003
 0.088686 0.608850 0.075134 0.227330
 0.805272 0.000120 0.000120 0.194488
 0.999667 0.000120 0.000120 0.000094
 0.990777 0.000120 0.000120 0.008984
 0.993740 0.003083 0.000120 0.003057
 0.795933 0.147551 0.026789 0.029727
 0.967575 0.013202 0.019129 0.000094
 0.737180 0.016165 0.057874 0.188780
 0.999667 0.000120 0.000120 0.000094
 0.808272 0.188551 0.000120 0.003057
 0.836718 0.144058 0.014936 0.004287
 0.987814 0.006046 0.006046 0.000094
 0.996703 0.000120 0.000120 0.003057
 0.939171 0.011973 0.032716 0.016140
 0.937753 0.000120 0.062033 0.000094

MOTIF 24-ACTTTGG STREME-24
letter-probability matrix: alength= 4 w= 7 nsites= 590 E= 5.1e-003
 0.929109 0.025436 0.025436 0.020018
 0.020018 0.934527 0.025436 0.020018
 0.020018 0.025436 0.025436 0.929109
 0.020018 0.025436 0.025436 0.929109
 0.020018 0.025436 0.025436 0.929109
 0.020018 0.025436 0.934527 0.020018
 0.020018 0.025436 0.934527 0.020018

MOTIF 25-AGACAGRGTCTCRCT STREME-25
letter-probability matrix: alength= 4 w= 15 nsites= 281 E= 5.2e-003
 0.975799 0.000160 0.008078 0.015963
 0.055557 0.012038 0.920402 0.012004
 0.956002 0.000160 0.035794 0.008044
 0.000126 0.859368 0.000160 0.140346
 0.678839 0.027875 0.277323 0.015963
 0.110988 0.004119 0.876848 0.008045
 0.538617 0.012038 0.433382 0.015963
 0.041362 0.015997 0.934597 0.008044
 0.012004 0.015997 0.019957 0.952043
 0.000126 0.817458 0.027875 0.154541
 0.004085 0.000160 0.008078 0.987677
 0.000126 0.754102 0.023916 0.221856
 0.435669 0.055591 0.443622 0.065118
 0.012004 0.892686 0.015997 0.079313
 0.000126 0.055592 0.012038 0.932245

MOTIF 26-GTCAATA STREME-26
letter-probability matrix: alength= 4 w= 7 nsites= 264 E= 7.9e-003
 0.020018 0.025436 0.934527 0.020018
 0.020018 0.025436 0.025436 0.929109
 0.020018 0.934527 0.025436 0.020018
 0.929109 0.025436 0.025436 0.020018
 0.929109 0.025436 0.025436 0.020018
 0.020018 0.025436 0.025436 0.929109
 0.929109 0.025436 0.025436 0.020018

MOTIF 27-AATGWTTAACT STREME-27
letter-probability matrix: alength= 4 w= 11 nsites= 264 E= 1.6e-002
 0.945573 0.007238 0.005174 0.042015
 0.974572 0.000201 0.000201 0.025027
 0.000158 0.010148 0.000201 0.989493
 0.205905 0.099918 0.600348 0.093829
 0.349070 0.021054 0.122100 0.507776
 0.024180 0.013520 0.023468 0.938832
 0.000158 0.013520 0.015122 0.971200
 0.981497 0.000201 0.018144 0.000158
 0.918437 0.005174 0.071257 0.005132
 0.011192 0.962594 0.019250 0.006965
 0.132216 0.155357 0.035016 0.677411

MOTIF 28-CATTCATTC STREME-28
letter-probability matrix: alength= 4 w= 9 nsites= 144 E= 2.5e-002
 0.000798 0.997391 0.001014 0.000798
 0.870910 0.001014 0.127279 0.000798
 0.000798 0.001014 0.001014 0.997175
 0.000798 0.001014 0.001014 0.997175
 0.000798 0.942720 0.055685 0.000798
 0.930393 0.001014 0.067795 0.000798
 0.000798 0.001014 0.001014 0.997175
 0.029997 0.001014 0.001014 0.967976
 0.285574 0.712615 0.001014 0.000798

MOTIF 29-AATCAATADH STREME-29
letter-probability matrix: alength= 4 w= 10 nsites= 260 E= 4.8e-002
 0.732574 0.000282 0.237455 0.029689
 0.999215 0.000282 0.000282 0.000222
 0.000222 0.000282 0.000282 0.999215
 0.000222 0.999275 0.000282 0.000222
 0.791194 0.000282 0.208303 0.000222
 0.837569 0.000282 0.000282 0.161868
 0.000222 0.000282 0.000282 0.999215
 0.999215 0.000282 0.000282 0.000222
 0.313342 0.127666 0.250032 0.308961
 0.271298 0.249682 0.125618 0.353403

MOTIF 30-CCACGTGG STREME-30
letter-probability matrix: alength= 4 w= 8 nsites= 393 E= 5.0e-002
 0.117670 0.790720 0.075002 0.016609
 0.047555 0.945351 0.003137 0.003958
 0.998022 0.000710 0.000710 0.000559
 0.000559 0.998173 0.000710 0.000559
 0.000559 0.000710 0.998173 0.000559
 0.000559 0.000710 0.000710 0.998022
 0.003958 0.003137 0.945351 0.047555
 0.016609 0.075002 0.790720 0.117670

MOTIF 31-CCACTAGRGGG STREME-31
letter-probability matrix: alength= 4 w= 11 nsites= 291 E= 6.2e-002
 0.022107 0.967282 0.000211 0.010399
 0.005399 0.988990 0.005444 0.000166
 0.980532 0.000211 0.000211 0.019046
 0.000166 0.875539 0.071795 0.052499
 0.074586 0.224647 0.005474 0.695293
 0.999411 0.000211 0.000211 0.000166
 0.000166 0.000211 0.999456 0.000166
 0.550784 0.027120 0.416697 0.005399
 0.038665 0.052543 0.609593 0.299199
 0.042908 0.000211 0.948653 0.008228
 0.000166 0.043715 0.854194 0.101924

MOTIF 32-TCAGCACCAYGGAC STREME-32
letter-probability matrix: alength= 4 w= 14 nsites= 139 E= 6.2e-002
 0.000248 0.023725 0.054936 0.921091
 0.000248 0.975780 0.000315 0.023657
 0.999122 0.000315 0.000315 0.000248
 0.000248 0.023725 0.960173 0.015854
 0.015854 0.827519 0.093954 0.062674
 0.991319 0.000315 0.000315 0.008051
 0.008051 0.983583 0.008118 0.000248
 0.000248 0.967976 0.000315 0.031461
 0.577722 0.047135 0.172009 0.203134
 0.117305 0.382719 0.093954 0.406021
 0.000248 0.008118 0.960173 0.031461
 0.015854 0.000315 0.975780 0.008051
 0.921091 0.039330 0.008118 0.031460
 0.000248 0.858730 0.109560 0.031461

MOTIF 33-CACACACACACACA STREME-33
letter-probability matrix: alength= 4 w= 14 nsites= 173 E= 6.2e-002
 0.040057 0.857065 0.007350 0.095529
 0.982391 0.000285 0.000285 0.017038
 0.000224 0.914491 0.056803 0.028482
 0.793983 0.000285 0.205507 0.000224
 0.010220 0.806193 0.000285 0.183302
 0.941346 0.000285 0.053269 0.005099
 0.000224 0.900364 0.035607 0.063804
 0.706017 0.014414 0.208697 0.070872
 0.000224 0.837043 0.012791 0.149942
 0.978011 0.000285 0.000285 0.021419
 0.035547 0.893299 0.000285 0.070868
 0.820631 0.021478 0.157666 0.000224
 0.000224 0.978071 0.000285 0.021419
 0.979941 0.014414 0.000285 0.005359

MOTIF 34-TCTCGCGAGAYT STREME-34
letter-probability matrix: alength= 4 w= 12 nsites= 160 E= 8.0e-002
 0.000226 0.135724 0.064440 0.799609
 0.164177 0.835309 0.000288 0.000226
 0.017441 0.092954 0.000288 0.889317
 0.000226 0.999259 0.000288 0.000226
 0.000226 0.000288 0.999259 0.000226
 0.000226 0.977874 0.000288 0.021611
 0.000226 0.000288 0.999259 0.000226
 0.999198 0.000288 0.000288 0.000226
 0.014482 0.043057 0.787991 0.154469
 0.923611 0.000288 0.068747 0.007354
 0.109537 0.424571 0.116367 0.349526
 0.007355 0.286424 0.104682 0.601539

MOTIF 35-GGTGAC STREME-35
letter-probability matrix: alength= 4 w= 6 nsites= 5977 E= 1.7e-001
 0.130585 0.053394 0.815646 0.000376
 0.136318 0.000477 0.699527 0.163678
 0.000376 0.070492 0.000477 0.928655
 0.027613 0.097464 0.865347 0.009577
 0.998670 0.000477 0.000477 0.000376
 0.000376 0.995364 0.000477 0.003783

MOTIF 36-CACCGCCC STREME-36
letter-probability matrix: alength= 4 w= 8 nsites= 300 E= 2.2e-001
 0.020018 0.934527 0.025436 0.020018
 0.929109 0.025436 0.025436 0.020018
 0.020018 0.934527 0.025436 0.020018
 0.020018 0.934527 0.025436 0.020018
 0.020018 0.025436 0.934527 0.020018
 0.020018 0.934527 0.025436 0.020018
 0.020018 0.934527 0.025436 0.020018
 0.020018 0.934527 0.025436 0.020018

MOTIF 37-CARGGTCA STREME-37
letter-probability matrix: alength= 4 w= 8 nsites= 459 E= 2.5e-001
 0.089532 0.843982 0.000734 0.065751
 0.997953 0.000734 0.000734 0.000578
 0.367241 0.000734 0.631447 0.000578
 0.000578 0.000734 0.998110 0.000578
 0.000578 0.000734 0.998110 0.000578
 0.000578 0.000734 0.000734 0.997953
 0.000578 0.998110 0.000734 0.000578
 0.744204 0.000734 0.254484 0.000578

MOTIF 38-CCAGCAGAGGGA STREME-38
letter-probability matrix: alength= 4 w= 12 nsites= 97 E= 2.5e-001
 0.035601 0.928820 0.033392 0.002187
 0.010026 0.936144 0.018229 0.035600
 0.967776 0.002338 0.002338 0.027548
 0.018077 0.000707 0.973388 0.007828
 0.018077 0.835788 0.145578 0.000557
 0.892897 0.053273 0.018229 0.035601
 0.000954 0.018228 0.980261 0.000557
 0.879581 0.018229 0.094362 0.007828
 0.018077 0.018229 0.945616 0.018078
 0.018078 0.070795 0.910570 0.000557
 0.021453 0.010177 0.960542 0.007828
 0.875671 0.049602 0.018228 0.056499

MOTIF 39-CTGASTCAG STREME-39
letter-probability matrix: alength= 4 w= 9 nsites= 318 E= 2.6e-001
 0.192263 0.609931 0.197110 0.000696
 0.000696 0.031291 0.000884 0.967129
 0.022884 0.000884 0.951303 0.024929
 0.972933 0.025486 0.000884 0.000696
 0.000696 0.499304 0.499304 0.000696
 0.000696 0.000884 0.025486 0.972933
 0.024929 0.951303 0.000884 0.022884
 0.967129 0.000884 0.031291 0.000696
 0.000696 0.197110 0.609931 0.192263

MOTIF 40-CCAGGAAGC STREME-40
letter-probability matrix: alength= 4 w= 9 nsites= 2210 E= 3.7e-001
 0.101028 0.714184 0.137353 0.047435
 0.000175 0.764223 0.000222 0.235380
 0.700804 0.066025 0.232996 0.000175
 0.011917 0.063710 0.924198 0.000175
 0.000175 0.000222 0.999429 0.000175
 0.990518 0.000222 0.000222 0.009038
 0.999381 0.000222 0.000222 0.000175
 0.203168 0.053013 0.743644 0.000175
 0.067298 0.865018 0.045685 0.021999

MOTIF 41-CATGGCGRC STREME-41
letter-probability matrix: alength= 4 w= 9 nsites= 117 E= 4.0e-001
 0.000807 0.997360 0.001026 0.000807
 0.997141 0.001026 0.001026 0.000807
 0.000807 0.001026 0.001026 0.997141
 0.000807 0.047989 0.950396 0.000807
 0.000807 0.001026 0.997360 0.000807
 0.000807 0.997360 0.001026 0.000807
 0.000807 0.001026 0.997360 0.000807
 0.461038 0.001026 0.537129 0.000807
 0.000807 0.997360 0.001026 0.000807

MOTIF 42-ATCTCGGCTCAC STREME-42
letter-probability matrix: alength= 4 w= 12 nsites= 156 E= 4.4e-001
 0.933178 0.002469 0.021624 0.042730
 0.000337 0.011025 0.011026 0.977613
 0.000337 0.988301 0.000428 0.010934
 0.106332 0.000428 0.000428 0.892812
 0.000337 0.797491 0.032222 0.169950
 0.180554 0.011026 0.776289 0.032131
 0.032130 0.000428 0.956508 0.010934
 0.000337 0.998899 0.000428 0.000337
 0.000337 0.032222 0.011026 0.956416
 0.000337 0.988301 0.000428 0.010934
 0.977613 0.000428 0.011026 0.010934
 0.000337 0.977703 0.000428 0.021532

MOTIF 43-ACATTCC STREME-43
letter-probability matrix: alength= 4 w= 7 nsites= 635 E= 4.4e-001
 0.929109 0.025436 0.025436 0.020018
 0.020018 0.934527 0.025436 0.020018
 0.929109 0.025436 0.025436 0.020018
 0.020018 0.025436 0.025436 0.929109
 0.020018 0.025436 0.025436 0.929109
 0.020018 0.934527 0.025436 0.020018
 0.020018 0.934527 0.025436 0.020018

MOTIF 44-AAATATTWAC STREME-44
letter-probability matrix: alength= 4 w= 10 nsites= 439 E= 5.0e-001
 0.810300 0.077004 0.000220 0.112477
 0.999387 0.000220 0.000220 0.000173
 0.999387 0.000220 0.000220 0.000173
 0.000173 0.231395 0.000220 0.768212
 0.999387 0.000220 0.000220 0.000173
 0.023324 0.015389 0.039533 0.921754
 0.000173 0.000220 0.103318 0.896289
 0.283793 0.031359 0.170960 0.513888
 0.566935 0.192811 0.240081 0.000173
 0.191868 0.726985 0.018226 0.062920

MOTIF 45-CTGGGA STREME-45
letter-probability matrix: alength= 4 w= 6 nsites= 3828 E= 5.4e-001
 0.020018 0.934527 0.025436 0.020018
 0.020018 0.025436 0.025436 0.929109
 0.020018 0.025436 0.934527 0.020018
 0.020018 0.025436 0.934527 0.020018
 0.020018 0.025436 0.934527 0.020018
 0.929109 0.025436 0.025436 0.020018

MOTIF 46-AACAAAGA STREME-46
letter-probability matrix: alength= 4 w= 8 nsites= 1369 E= 5.5e-001
 0.808164 0.000403 0.106163 0.085270
 0.876692 0.002158 0.089297 0.031853
 0.000317 0.949619 0.016823 0.033241
 0.951552 0.014194 0.004483 0.029770
 0.991339 0.000403 0.000403 0.007855
 0.889117 0.004820 0.000989 0.105074
 0.000317 0.000403 0.998963 0.000317
 0.701752 0.165678 0.101405 0.031165

MOTIF 47-TTTTAAAATG STREME-47
letter-probability matrix: alength= 4 w= 10 nsites= 371 E= 6.6e-001
 0.058313 0.101064 0.000627 0.839996
 0.000494 0.027336 0.040090 0.932080
 0.045944 0.059679 0.069568 0.824809
 0.000494 0.000627 0.075662 0.923217
 0.850546 0.051501 0.097459 0.000494
 0.998252 0.000627 0.000627 0.000494
 0.975563 0.000627 0.000627 0.023183
 0.900857 0.000627 0.056057 0.042458
 0.000494 0.037394 0.000627 0.961486
 0.103527 0.045922 0.850058 0.000494

MOTIF 48-CAGGAAG STREME-48
letter-probability matrix: alength= 4 w= 7 nsites= 676 E= 7.0e-001
 0.020018 0.934527 0.025436 0.020018
 0.929109 0.025436 0.025436 0.020018
 0.020018 0.025436 0.934527 0.020018
 0.020018 0.025436 0.934527 0.020018
 0.929109 0.025436 0.025436 0.020018
 0.929109 0.025436 0.025436 0.020018
 0.020018 0.025436 0.934527 0.020018

MOTIF 49-GGATTCGAACC STREME-49
letter-probability matrix: alength= 4 w= 11 nsites= 93 E= 7.4e-001
 0.000459 0.000583 0.998500 0.000459
 0.024684 0.000583 0.974274 0.000459
 0.920197 0.000583 0.043896 0.035324
 0.070196 0.058334 0.072774 0.798696
 0.000459 0.001926 0.000583 0.997032
 0.029333 0.810794 0.015019 0.144854
 0.024684 0.029457 0.945400 0.000459
 0.969501 0.000583 0.029457 0.000459
 0.955064 0.015020 0.000583 0.029333
 0.000459 0.984063 0.000583 0.014896
 0.014896 0.963635 0.015020 0.006450

MOTIF 50-AATTAGCCRGGCRT STREME-50
letter-probability matrix: alength= 4 w= 14 nsites= 56 E= 1.1e+000
 0.947379 0.001006 0.025915 0.025700
 0.997197 0.001006 0.001006 0.000791
 0.000791 0.001006 0.001006 0.997197
 0.000791 0.075734 0.025915 0.897560
 0.997197 0.001006 0.001006 0.000791
 0.025700 0.001006 0.972502 0.000791
 0.000791 0.947594 0.050824 0.000791
 0.000791 0.947593 0.001006 0.050610
 0.548827 0.075733 0.349740 0.025700
 0.075518 0.001006 0.897776 0.025700
 0.025700 0.001006 0.972502 0.000791
 0.025700 0.823047 0.025915 0.125338
 0.349555 0.025915 0.598830 0.025700
 0.000791 0.001006 0.001006 0.997197

MOTIF 51-TGGGTAAG STREME-51
letter-probability matrix: alength= 4 w= 8 nsites= 440 E= 1.1e+000
 0.000952 0.106153 0.001209 0.891686
 0.190611 0.036937 0.771500 0.000952
 0.000952 0.004188 0.993908 0.000952
 0.000952 0.001209 0.996887 0.000952
 0.000952 0.001209 0.001209 0.996629
 0.996629 0.001209 0.001209 0.000952
 0.822555 0.175284 0.001209 0.000952
 0.000952 0.183416 0.646935 0.168697

MOTIF 52-CTTCAAAG STREME-52
letter-probability matrix: alength= 4 w= 8 nsites= 261 E= 1.3e+000
 0.020018 0.934527 0.025436 0.020018
 0.020018 0.025436 0.025436 0.929109
 0.020018 0.025436 0.025436 0.929109
 0.020018 0.934527 0.025436 0.020018
 0.929109 0.025436 0.025436 0.020018
 0.929109 0.025436 0.025436 0.020018
 0.929109 0.025436 0.025436 0.020018
 0.020018 0.025436 0.934527 0.020018

MOTIF 53-AGGAAATGAAA STREME-53
letter-probability matrix: alength= 4 w= 11 nsites= 786 E= 1.5e+000
 0.861805 0.023782 0.046029 0.068384
 0.190618 0.079455 0.608359 0.121567
 0.043231 0.113041 0.733426 0.110302
 0.908870 0.042866 0.004222 0.044042
 0.949336 0.014437 0.022075 0.014152
 0.964126 0.027564 0.002926 0.005385
 0.036906 0.106861 0.061236 0.794997
 0.021442 0.027309 0.939295 0.011953
 0.783517 0.079649 0.091963 0.044871
 0.720265 0.085972 0.078124 0.115639
 0.796968 0.060070 0.065998 0.076964

MOTIF 54-CCGGAAG STREME-54
letter-probability matrix: alength= 4 w= 7 nsites= 683 E= 1.9e+000
 0.020018 0.934527 0.025436 0.020018
 0.020018 0.934527 0.025436 0.020018
 0.020018 0.025436 0.934527 0.020018
 0.020018 0.025436 0.934527 0.020018
 0.929109 0.025436 0.025436 0.020018
 0.929109 0.025436 0.025436 0.020018
 0.020018 0.025436 0.934527 0.020018

MOTIF 55-AGATAAGR STREME-55
letter-probability matrix: alength= 4 w= 8 nsites= 529 E= 1.9e+000
 0.997791 0.000792 0.000792 0.000624
 0.000624 0.000792 0.997960 0.000624
 0.997791 0.000792 0.000792 0.000624
 0.000624 0.000792 0.000792 0.997791
 0.997791 0.000792 0.000792 0.000624
 0.997791 0.000792 0.000792 0.000624
 0.000624 0.069929 0.928824 0.000624
 0.365873 0.116836 0.516668 0.000624

MOTIF 56-AGCAGCAGC STREME-56
letter-probability matrix: alength= 4 w= 9 nsites= 1232 E= 2.1e+000
 0.858638 0.000309 0.075758 0.065295
 0.082966 0.000309 0.916482 0.000243
 0.000243 0.965554 0.000309 0.033894
 0.873587 0.041458 0.000309 0.084647
 0.060004 0.038188 0.901565 0.000243
 0.000243 0.999205 0.000309 0.000243
 0.778267 0.049761 0.120723 0.051249
 0.000243 0.000309 0.982088 0.017360
 0.000243 0.999205 0.000309 0.000243

MOTIF 57-AGCCTTGACCTY STREME-57
letter-probability matrix: alength= 4 w= 12 nsites= 79 E= 2.2e+000
 0.965367 0.000662 0.000662 0.033309
 0.000521 0.017056 0.965509 0.016915
 0.016915 0.981903 0.000662 0.000521
 0.000521 0.998296 0.000662 0.000521
 0.000521 0.017056 0.000662 0.981762
 0.000521 0.017056 0.000662 0.981762
 0.016915 0.066241 0.916323 0.000521
 0.998155 0.000662 0.000662 0.000521
 0.066100 0.883535 0.033450 0.016915
 0.007324 0.984690 0.000662 0.007324
 0.016915 0.017056 0.000662 0.965368
 0.000521 0.574833 0.017056 0.407590

MOTIF 58-AGATGAGGAAAY STREME-58
letter-probability matrix: alength= 4 w= 12 nsites= 79 E= 2.2e+000
 0.846054 0.034282 0.108031 0.011632
 0.000358 0.023007 0.976277 0.000358
 0.976180 0.000455 0.000455 0.022909
 0.019279 0.000455 0.000455 0.979811
 0.000358 0.050238 0.887988 0.061416
 0.799398 0.034283 0.165961 0.000358
 0.000358 0.000455 0.998828 0.000358
 0.130812 0.005134 0.796041 0.068012
 0.908527 0.000455 0.023005 0.068012
 0.955546 0.027685 0.016410 0.000358
 0.814143 0.068109 0.106114 0.011634
 0.011634 0.440038 0.034282 0.514046

MOTIF 59-GCCACTGGAGGGC STREME-59
letter-probability matrix: alength= 4 w= 13 nsites= 34 E= 2.2e+000
 0.320897 0.001434 0.676540 0.001129
 0.001129 0.996308 0.001434 0.001129
 0.001129 0.960779 0.036963 0.001129
 0.996002 0.001434 0.001434 0.001129
 0.001129 0.996308 0.001434 0.001129
 0.001129 0.108022 0.036963 0.853886
 0.001129 0.001434 0.818660 0.178777
 0.001129 0.001434 0.996308 0.001129
 0.996002 0.001434 0.001434 0.001129
 0.001129 0.001434 0.854190 0.143246
 0.001129 0.001434 0.996308 0.001129
 0.001129 0.001434 0.996308 0.001129
 0.001129 0.783131 0.001434 0.214306

MOTIF 60-MCTGCCTCTVTAGA STREME-60
letter-probability matrix: alength= 4 w= 14 nsites= 36 E= 2.2e+000
 0.544393 0.320566 0.134194 0.000846
 0.027469 0.970610 0.001075 0.000846
 0.000846 0.001075 0.001075 0.997004
 0.000846 0.001075 0.997233 0.000846
 0.000846 0.997233 0.001075 0.000846
 0.000846 0.997233 0.001075 0.000846
 0.000846 0.001075 0.054322 0.943757
 0.000846 0.826442 0.001075 0.171637
 0.000846 0.001075 0.001075 0.997004
 0.320336 0.278381 0.347190 0.054093
 0.000846 0.001075 0.001075 0.997004
 0.943757 0.001075 0.054322 0.000846
 0.000846 0.054322 0.943986 0.000846
 0.730761 0.134194 0.134199 0.000846

MOTIF 61-ACAAAG STREME-61
letter-probability matrix: alength= 4 w= 6 nsites= 1500 E= 2.2e+000
 0.929109 0.025436 0.025436 0.020018
 0.020018 0.934527 0.025436 0.020018
 0.929109 0.025436 0.025436 0.020018
 0.929109 0.025436 0.025436 0.020018
 0.929109 0.025436 0.025436 0.020018
 0.020018 0.025436 0.934527 0.020018

MOTIF 62-AGGGAAGAGA STREME-62
letter-probability matrix: alength= 4 w= 10 nsites= 388 E= 2.4e+000
 0.887376 0.014822 0.032642 0.065161
 0.010784 0.007136 0.981766 0.000314
 0.015274 0.005220 0.969322 0.010183
 0.040155 0.113025 0.843378 0.003442
 0.828939 0.123745 0.000399 0.046917
 0.819065 0.116259 0.064362 0.000314
 0.000314 0.000399 0.983176 0.016112
 0.590744 0.221616 0.167169 0.020471
 0.017929 0.009719 0.968910 0.003442
 0.944471 0.000399 0.031049 0.024081

MOTIF 63-CCGCCTCC STREME-63
letter-probability matrix: alength= 4 w= 8 nsites= 2966 E= 2.5e+000
 0.000428 0.998599 0.000544 0.000428
 0.000428 0.998599 0.000544 0.000428
 0.108093 0.000544 0.890934 0.000428
 0.213311 0.615015 0.092752 0.078922
 0.000428 0.998599 0.000544 0.000428
 0.185902 0.000544 0.165296 0.648258
 0.013106 0.709397 0.000544 0.276953
 0.000428 0.998599 0.000544 0.000428

MOTIF 64-TGTRYACA STREME-64
letter-probability matrix: alength= 4 w= 8 nsites= 230 E= 2.5e+000
 0.020018 0.025436 0.025436 0.929109
 0.020018 0.025436 0.934527 0.020018
 0.020018 0.025436 0.025436 0.929109
 0.474564 0.025436 0.479982 0.020018
 0.020018 0.479982 0.025436 0.474564
 0.929109 0.025436 0.025436 0.020018
 0.020018 0.934527 0.025436 0.020018
 0.929109 0.025436 0.025436 0.020018

MOTIF 65-CATTTCC STREME-65
letter-probability matrix: alength= 4 w= 7 nsites= 625 E= 3.1e+000
 0.020018 0.934527 0.025436 0.020018
 0.929109 0.025436 0.025436 0.020018
 0.020018 0.025436 0.025436 0.929109
 0.020018 0.025436 0.025436 0.929109
 0.020018 0.025436 0.025436 0.929109
 0.020018 0.934527 0.025436 0.020018
 0.020018 0.934527 0.025436 0.020018

MOTIF 66-CTTCCTCCC STREME-66
letter-probability matrix: alength= 4 w= 9 nsites= 196 E= 3.2e+000
 0.020018 0.934527 0.025436 0.020018
 0.020018 0.025436 0.025436 0.929109
 0.020018 0.025436 0.025436 0.929109
 0.020018 0.934527 0.025436 0.020018
 0.020018 0.934527 0.025436 0.020018
 0.020018 0.025436 0.025436 0.929109
 0.020018 0.934527 0.025436 0.020018
 0.020018 0.934527 0.025436 0.020018
 0.020018 0.934527 0.025436 0.020018

MOTIF 67-AGAGAGAGAGAGAGA STREME-67
letter-probability matrix: alength= 4 w= 15 nsites= 112 E= 6.2e+000
 0.942166 0.052950 0.004550 0.000334
 0.099240 0.000424 0.900002 0.000334
 0.830735 0.105475 0.063456 0.000334
 0.010839 0.010929 0.893857 0.084375
 0.773848 0.010929 0.214889 0.000334
 0.031849 0.073960 0.893857 0.000334
 0.914777 0.052950 0.031939 0.000334
 0.000334 0.094970 0.893858 0.010839
 0.721324 0.000424 0.214888 0.063364
 0.010839 0.189516 0.799311 0.000334
 0.809726 0.042445 0.042444 0.105385
 0.094881 0.000424 0.872846 0.031849
 0.689811 0.151855 0.136990 0.021344
 0.000334 0.000424 0.998908 0.000334
 0.924035 0.021435 0.000424 0.054106

MOTIF 68-CTGAGGCTTGAGTAG STREME-68
letter-probability matrix: alength= 4 w= 15 nsites= 50 E= 1.7e+001
 0.023906 0.951252 0.000935 0.023906
 0.000736 0.024105 0.000935 0.974223
 0.000736 0.024105 0.974422 0.000736
 0.997393 0.000935 0.000935 0.000736
 0.023906 0.000935 0.974422 0.000736
 0.023906 0.000935 0.974422 0.000736
 0.000736 0.951251 0.047276 0.000736
 0.000736 0.000935 0.000935 0.997393
 0.023906 0.070446 0.000935 0.904712
 0.023906 0.024105 0.904912 0.047076
 0.974223 0.024105 0.000935 0.000736
 0.000736 0.000935 0.997592 0.000736
 0.000736 0.000935 0.000935 0.997393
 0.974223 0.024105 0.000935 0.000736
 0.162926 0.000935 0.835403 0.000736

MOTIF 69-AGACTGCTGTGCTAG STREME-69
letter-probability matrix: alength= 4 w= 15 nsites= 45 E= 1.7e+001
 0.997392 0.000936 0.000936 0.000736
 0.000736 0.000936 0.997592 0.000736
 0.951042 0.024111 0.024111 0.000736
 0.000736 0.904889 0.070463 0.023912
 0.000736 0.000936 0.000936 0.997392
 0.000736 0.000936 0.951240 0.047088
 0.000736 0.951240 0.000936 0.047088
 0.000736 0.000936 0.024111 0.974217
 0.023912 0.024111 0.904890 0.047087
 0.023912 0.163168 0.047286 0.765634
 0.116616 0.024111 0.858537 0.000736
 0.000736 0.974416 0.024111 0.000736
 0.000736 0.000936 0.000936 0.997392
 0.719274 0.024111 0.232703 0.023912
 0.000736 0.000936 0.997592 0.000736

********************************************************************************
Stopped because 3 consecutive motifs exceeded the p-value threshold (0.05).
********************************************************************************
COMMAND:	streme --verbosity 1 --oc meme_out_incomplete_DL/HepG2_KAT8-human_ENCFF688NGY/streme_out -dna --seed 0 --p meme_out_incomplete_DL/HepG2_KAT8-human_ENCFF688NGY/seqs-centered --minw 6 --maxw 15 --time 6166 --order 2 --thresh 0.05 --align center --totallength 4000000 --parse-genomic-coord
********************************************************************************
CPU:		9f05ee173ae9
********************************************************************************
FINALTIME:	4024.35 seconds
********************************************************************************
