********************************************************************************
STREME - Sensitive, Thorough, Rapid, Enriched Motif Elicitation
********************************************************************************
MEME version 5.5.3 (Release date: Sat Jun 10 16:19:38 2023 -0700)

For further information on how to interpret these results please access http://localhost:8080/meme_5.5.3.
To get a copy of the MEME Suite software please access https://meme-suite.org.

********************************************************************************


********************************************************************************
REFERENCE
********************************************************************************
If you use this program in your research, please cite:

Timothy L. Bailey,
"STREME: accurate and versatile sequence motif discovery",
Bioinformatics, Mar. 24, 2021.
********************************************************************************


ALPHABET= ACGT

strands: + -

Background letter frequencies
A 0.216 C 0.284 G 0.284 T 0.216 

MOTIF 1-CCASCAGRKGGCRS STREME-1
letter-probability matrix: alength= 4 w= 14 nsites= 1552 E= 8.3e-022
 0.062263 0.855125 0.036463 0.046149
 0.000025 0.996694 0.003256 0.000025
 0.753433 0.011803 0.154486 0.080279
 0.003248 0.634195 0.360115 0.002442
 0.072252 0.571768 0.086569 0.269412
 0.967285 0.000033 0.018959 0.013722
 0.000025 0.001644 0.998305 0.000025
 0.385473 0.004062 0.606411 0.004054
 0.028560 0.015694 0.591965 0.363781
 0.005665 0.000839 0.989108 0.004388
 0.016474 0.006007 0.924357 0.053162
 0.062245 0.898019 0.000033 0.039703
 0.465279 0.003590 0.525937 0.005194
 0.051195 0.524222 0.380715 0.043868

MOTIF 2-RTAAAYAH STREME-2
letter-probability matrix: alength= 4 w= 8 nsites= 5768 E= 1.0e-021
 0.347665 0.000037 0.652271 0.000028
 0.095931 0.217975 0.000037 0.686058
 0.880825 0.042635 0.000037 0.076503
 0.970650 0.000037 0.020593 0.008721
 0.960058 0.000037 0.000037 0.039868
 0.000028 0.390389 0.000037 0.609547
 0.999899 0.000037 0.000037 0.000028
 0.333288 0.230523 0.052030 0.384159

MOTIF 3-CTGGGATTACAGGCR STREME-3
letter-probability matrix: alength= 4 w= 15 nsites= 922 E= 2.9e-019
 0.003591 0.931847 0.011204 0.053358
 0.002999 0.005972 0.000049 0.990980
 0.058094 0.003603 0.938266 0.000037
 0.039136 0.011896 0.945376 0.003591
 0.055724 0.007157 0.932342 0.004776
 0.988018 0.000049 0.008342 0.003591
 0.002406 0.162394 0.002418 0.832781
 0.000037 0.024931 0.005973 0.969059
 0.977355 0.004788 0.015451 0.002406
 0.001222 0.925226 0.003603 0.069950
 0.980910 0.005972 0.013081 0.000037
 0.032027 0.005972 0.950116 0.011885
 0.034396 0.000049 0.954855 0.010700
 0.021364 0.756360 0.003603 0.218674
 0.402708 0.027303 0.548623 0.021366

MOTIF 4-CCAGCCTGGSCAACA STREME-4
letter-probability matrix: alength= 4 w= 15 nsites= 787 E= 4.6e-018
 0.026542 0.939886 0.007030 0.026542
 0.008411 0.958015 0.000057 0.033517
 0.984501 0.004241 0.007030 0.004227
 0.026542 0.007030 0.895246 0.071181
 0.007016 0.964411 0.006214 0.022358
 0.005622 0.938489 0.005636 0.050253
 0.002833 0.020977 0.002846 0.973344
 0.070908 0.001452 0.922019 0.005622
 0.143730 0.004241 0.846408 0.005622
 0.039094 0.412887 0.524266 0.023753
 0.015384 0.807558 0.000057 0.177001
 0.772873 0.008189 0.214711 0.004227
 0.973344 0.004241 0.018187 0.004227
 0.009806 0.917570 0.022372 0.050252
 0.956029 0.004820 0.026556 0.012595

MOTIF 5-CCTCRGCCTCCCAA STREME-5
letter-probability matrix: alength= 4 w= 14 nsites= 859 E= 2.6e-017
 0.005736 0.952565 0.011665 0.030034
 0.005201 0.964494 0.002633 0.027672
 0.001330 0.006504 0.002633 0.989532
 0.008318 0.792161 0.007795 0.191727
 0.479393 0.031557 0.444600 0.044450
 0.017348 0.000053 0.981268 0.001330
 0.000040 0.953101 0.002633 0.044226
 0.001866 0.949229 0.001343 0.047562
 0.001866 0.001343 0.000053 0.996738
 0.007781 0.945140 0.005749 0.041329
 0.003911 0.951080 0.002633 0.042376
 0.020684 0.847983 0.007794 0.123539
 0.723980 0.009085 0.255282 0.011653
 0.918463 0.011665 0.061555 0.008317

MOTIF 6-CCCCGCCCC STREME-6
letter-probability matrix: alength= 4 w= 9 nsites= 5207 E= 9.5e-016
 0.000031 0.955802 0.000041 0.044126
 0.012233 0.964983 0.000041 0.022743
 0.021506 0.978422 0.000041 0.000031
 0.096481 0.814514 0.017342 0.071663
 0.260308 0.000041 0.581165 0.158486
 0.035817 0.964111 0.000041 0.000031
 0.000031 0.999897 0.000041 0.000031
 0.000031 0.959301 0.000041 0.040627
 0.044031 0.918052 0.000041 0.037876

MOTIF 7-GAGACRGGGTYTCRC STREME-7
letter-probability matrix: alength= 4 w= 15 nsites= 653 E= 5.6e-014
 0.016687 0.013376 0.944931 0.025005
 0.981513 0.003395 0.000068 0.015024
 0.023341 0.008386 0.963231 0.005042
 0.991494 0.000068 0.000068 0.008369
 0.013360 0.700620 0.005059 0.280961
 0.453321 0.006722 0.526597 0.013360
 0.084892 0.015040 0.891698 0.008369
 0.314493 0.008386 0.667089 0.010033
 0.041641 0.008386 0.933286 0.016687
 0.006706 0.009076 0.001732 0.982486
 0.000052 0.441642 0.005059 0.553248
 0.003379 0.000068 0.005059 0.991494
 0.000052 0.793536 0.011713 0.194699
 0.584870 0.016704 0.356785 0.041641
 0.003379 0.946594 0.005059 0.044968

MOTIF 8-AACTCCTGRSCTCAR STREME-8
letter-probability matrix: alength= 4 w= 15 nsites= 686 E= 1.5e-013
 0.989635 0.002312 0.003241 0.004813
 0.815607 0.092170 0.006416 0.085806
 0.003225 0.969667 0.000065 0.027043
 0.000049 0.015943 0.001653 0.982354
 0.006401 0.934733 0.011180 0.047686
 0.004813 0.936323 0.008004 0.050860
 0.004813 0.065170 0.001653 0.928364
 0.046097 0.000065 0.942674 0.011164
 0.612294 0.004829 0.376476 0.006401
 0.049273 0.601201 0.319306 0.030219
 0.000049 0.891858 0.008004 0.100089
 0.007988 0.011180 0.000065 0.980767
 0.000049 0.929968 0.006416 0.063566
 0.844187 0.017531 0.130293 0.007988
 0.541661 0.012768 0.285120 0.160451

MOTIF 9-GAGCCACCRYGCCYG STREME-9
letter-probability matrix: alength= 4 w= 15 nsites= 780 E= 5.6e-012
 0.077263 0.050744 0.871950 0.000042
 0.734770 0.167818 0.000056 0.097356
 0.102213 0.000056 0.897689 0.000042
 0.006816 0.947025 0.005475 0.040685
 0.001397 0.971410 0.005475 0.021718
 0.976816 0.000056 0.023086 0.000042
 0.000042 0.976829 0.000056 0.023073
 0.015507 0.703370 0.032570 0.248554
 0.426126 0.000056 0.556165 0.017654
 0.031201 0.620165 0.000056 0.348578
 0.231491 0.000056 0.748090 0.020364
 0.002752 0.964637 0.000056 0.032556
 0.012235 0.959218 0.002765 0.025782
 0.020364 0.601526 0.008184 0.369927
 0.307359 0.000056 0.676286 0.016299

MOTIF 10-AGTGCAGTGGCGCRA STREME-10
letter-probability matrix: alength= 4 w= 15 nsites= 414 E= 1.0e-010
 0.958214 0.010479 0.018259 0.013047
 0.062321 0.026039 0.903780 0.007860
 0.007860 0.015666 0.018259 0.958214
 0.046760 0.007886 0.929713 0.015640
 0.010454 0.963426 0.007886 0.018234
 0.965994 0.007886 0.026039 0.000081
 0.150497 0.007886 0.836350 0.005267
 0.008937 0.031226 0.013073 0.946765
 0.013047 0.010479 0.953053 0.023420
 0.064914 0.020853 0.908966 0.005267
 0.026013 0.662555 0.033819 0.277612
 0.269823 0.023446 0.693683 0.013047
 0.031200 0.709254 0.023446 0.236099
 0.334686 0.059752 0.579548 0.026013
 0.937468 0.020853 0.036412 0.005267

MOTIF 11-AATSATTAACY STREME-11
letter-probability matrix: alength= 4 w= 11 nsites= 572 E= 1.4e-010
 0.924815 0.000094 0.047190 0.027901
 0.918494 0.023217 0.000094 0.058195
 0.068120 0.000094 0.000094 0.931692
 0.025960 0.347616 0.626352 0.000071
 0.704400 0.000094 0.020712 0.274794
 0.014199 0.000094 0.042727 0.942980
 0.000071 0.013839 0.000094 0.985995
 0.928416 0.000094 0.000094 0.071396
 0.973467 0.000094 0.026368 0.000071
 0.031890 0.909017 0.018422 0.040672
 0.173954 0.370225 0.009529 0.446292

MOTIF 12-CAAAGKYCA STREME-12
letter-probability matrix: alength= 4 w= 9 nsites= 2569 E= 2.9e-010
 0.000053 0.968526 0.000069 0.031352
 0.720060 0.255559 0.024328 0.000053
 0.807622 0.000069 0.179473 0.012836
 0.999809 0.000069 0.000069 0.000053
 0.000053 0.000069 0.999825 0.000053
 0.011638 0.000069 0.395801 0.592492
 0.061271 0.435922 0.000069 0.502737
 0.000053 0.977065 0.000069 0.022813
 0.928469 0.000069 0.000069 0.071392

MOTIF 13-AGGTTGCAGTGAGCY STREME-13
letter-probability matrix: alength= 4 w= 15 nsites= 367 E= 4.3e-010
 0.981231 0.003196 0.012407 0.003166
 0.033869 0.012407 0.944417 0.009306
 0.015447 0.067683 0.892211 0.024658
 0.006236 0.298116 0.009337 0.686311
 0.003166 0.030829 0.006266 0.959739
 0.046151 0.000126 0.947487 0.006236
 0.009306 0.952353 0.003196 0.035144
 0.938247 0.015477 0.030829 0.015447
 0.015447 0.006266 0.965910 0.012377
 0.003166 0.015477 0.012407 0.968950
 0.030799 0.015477 0.950558 0.003166
 0.983027 0.006266 0.007541 0.003166
 0.021588 0.009337 0.962840 0.006236
 0.006236 0.947488 0.012407 0.033869
 0.052292 0.451698 0.030829 0.465181

MOTIF 14-GCGCATGCGC STREME-14
letter-probability matrix: alength= 4 w= 10 nsites= 513 E= 5.9e-010
 0.007661 0.001202 0.990000 0.001137
 0.030955 0.961211 0.005713 0.002121
 0.022934 0.000572 0.975421 0.001073
 0.000900 0.979606 0.013719 0.005775
 0.734537 0.161073 0.071855 0.032535
 0.032535 0.071855 0.161073 0.734537
 0.005775 0.013719 0.979606 0.000900
 0.001073 0.975421 0.000572 0.022934
 0.002121 0.005713 0.961211 0.030955
 0.001137 0.990000 0.001202 0.007661

MOTIF 15-CACTTCCKG STREME-15
letter-probability matrix: alength= 4 w= 9 nsites= 1556 E= 9.7e-009
 0.084755 0.720160 0.072774 0.122311
 0.933395 0.000097 0.066433 0.000074
 0.000074 0.943652 0.000097 0.056177
 0.030582 0.000097 0.000097 0.969224
 0.000074 0.000097 0.000097 0.999731
 0.000074 0.999755 0.000097 0.000074
 0.000074 0.999755 0.000097 0.000074
 0.000074 0.038140 0.566826 0.394960
 0.043579 0.165801 0.758171 0.032449

MOTIF 16-RTGASTCAY STREME-16
letter-probability matrix: alength= 4 w= 9 nsites= 829 E= 1.1e-007
 0.374741 0.182114 0.443007 0.000139
 0.000139 0.000183 0.000183 0.999496
 0.000139 0.000183 0.956745 0.042934
 0.999496 0.000183 0.000183 0.000139
 0.000139 0.499861 0.499861 0.000139
 0.000139 0.000183 0.000183 0.999496
 0.042934 0.956745 0.000183 0.000139
 0.999496 0.000183 0.000183 0.000139
 0.000139 0.443007 0.182114 0.374741

MOTIF 17-ACTACAWYTCCCAG STREME-17
letter-probability matrix: alength= 4 w= 14 nsites= 288 E= 3.5e-006
 0.983970 0.011852 0.000160 0.004019
 0.004019 0.995700 0.000160 0.000121
 0.000121 0.035236 0.000160 0.964483
 0.882636 0.043033 0.054723 0.019608
 0.000121 0.991803 0.007954 0.000121
 0.826457 0.023544 0.126494 0.023505
 0.444452 0.078109 0.079726 0.397713
 0.074171 0.329179 0.085901 0.510749
 0.042992 0.050825 0.004057 0.902126
 0.000121 0.968419 0.004057 0.027402
 0.000121 0.999598 0.000160 0.000121
 0.000121 0.999598 0.000160 0.000121
 0.839766 0.004057 0.156056 0.000121
 0.039095 0.097595 0.785242 0.078068

MOTIF 18-RAGATCAAAG STREME-18
letter-probability matrix: alength= 4 w= 10 nsites= 626 E= 1.8e-005
 0.451564 0.130652 0.354481 0.063303
 0.822611 0.046528 0.116582 0.014279
 0.010814 0.095828 0.877996 0.015362
 0.906141 0.007183 0.000153 0.086523
 0.071276 0.028180 0.091459 0.809085
 0.032908 0.863753 0.077622 0.025717
 0.996307 0.001878 0.000153 0.001663
 0.919924 0.002916 0.039277 0.037882
 0.989076 0.000153 0.010655 0.000116
 0.001496 0.047113 0.945004 0.006387

MOTIF 19-CAAGCGATTCTCC STREME-19
letter-probability matrix: alength= 4 w= 13 nsites= 294 E= 3.4e-005
 0.011588 0.930790 0.007803 0.049819
 0.966917 0.021339 0.011626 0.000119
 0.934570 0.053686 0.000157 0.011588
 0.007765 0.003980 0.984313 0.003942
 0.036114 0.665360 0.015449 0.283076
 0.286895 0.062918 0.634775 0.015412
 0.975042 0.000157 0.003980 0.020821
 0.000119 0.011626 0.003980 0.984275
 0.000119 0.275435 0.007803 0.716643
 0.000119 0.953728 0.000157 0.045996
 0.030703 0.003980 0.046033 0.919284
 0.003942 0.946082 0.007803 0.042173
 0.023057 0.915498 0.011626 0.049820

MOTIF 20-CCCAGCCC STREME-20
letter-probability matrix: alength= 4 w= 8 nsites= 4338 E= 9.4e-005
 0.000203 0.962942 0.000268 0.036588
 0.095060 0.904470 0.000268 0.000203
 0.026649 0.957407 0.015741 0.000203
 0.761081 0.098289 0.029517 0.111112
 0.000203 0.000268 0.953199 0.046331
 0.000203 0.999327 0.000268 0.000203
 0.097609 0.792836 0.040103 0.069451
 0.045510 0.890660 0.000268 0.063562

MOTIF 21-AAAAATTAGC STREME-21
letter-probability matrix: alength= 4 w= 10 nsites= 253 E= 6.3e-004
 0.928691 0.025855 0.025855 0.019600
 0.928691 0.025855 0.025855 0.019600
 0.928691 0.025855 0.025855 0.019600
 0.928691 0.025855 0.025855 0.019600
 0.928691 0.025855 0.025855 0.019600
 0.019600 0.025855 0.025855 0.928691
 0.019600 0.025855 0.025855 0.928691
 0.928691 0.025855 0.025855 0.019600
 0.019600 0.025855 0.934945 0.019600
 0.019600 0.934945 0.025855 0.019600

MOTIF 22-CCTCCTCCC STREME-22
letter-probability matrix: alength= 4 w= 9 nsites= 3383 E= 2.1e-003
 0.000121 0.876465 0.059798 0.063615
 0.013787 0.868014 0.000159 0.118039
 0.103878 0.000159 0.220839 0.675124
 0.061229 0.938491 0.000159 0.000121
 0.033299 0.858525 0.000159 0.108016
 0.000121 0.000159 0.000159 0.999561
 0.099653 0.613933 0.000159 0.286255
 0.000121 0.902365 0.051784 0.045730
 0.000121 0.999599 0.000159 0.000121

MOTIF 23-ACCCGGGAC STREME-23
letter-probability matrix: alength= 4 w= 9 nsites= 513 E= 2.7e-003
 0.834161 0.000592 0.000592 0.164656
 0.000448 0.998511 0.000592 0.000448
 0.000448 0.963180 0.000592 0.035780
 0.000448 0.998511 0.000592 0.000448
 0.000448 0.000592 0.998511 0.000448
 0.141540 0.000592 0.857420 0.000448
 0.000448 0.000592 0.947456 0.051504
 0.825815 0.088052 0.000592 0.085541
 0.105096 0.834493 0.000592 0.059819

MOTIF 24-GTTAAWNWTTAAC STREME-24
letter-probability matrix: alength= 4 w= 13 nsites= 290 E= 3.7e-003
 0.052668 0.028504 0.859508 0.059320
 0.013020 0.005355 0.016711 0.964914
 0.024376 0.018215 0.007927 0.949482
 0.935117 0.020788 0.038792 0.005304
 0.733412 0.167410 0.018215 0.080963
 0.457569 0.092367 0.023360 0.426705
 0.247710 0.252290 0.252290 0.247710
 0.426705 0.023360 0.092367 0.457569
 0.080963 0.018215 0.167410 0.733412
 0.005304 0.038792 0.020788 0.935117
 0.949482 0.007927 0.018215 0.024376
 0.964914 0.016711 0.005355 0.013020
 0.059320 0.859508 0.028504 0.052668

MOTIF 25-GAGAGAGARAGAGA STREME-25
letter-probability matrix: alength= 4 w= 14 nsites= 693 E= 6.4e-003
 0.072411 0.000040 0.907805 0.019744
 0.918006 0.054986 0.022627 0.004382
 0.133158 0.056129 0.750726 0.059988
 0.737231 0.062545 0.120523 0.079701
 0.090423 0.132949 0.768713 0.007916
 0.793691 0.028866 0.128131 0.049313
 0.063695 0.128342 0.799639 0.008325
 0.722632 0.045895 0.170090 0.061383
 0.256386 0.168994 0.509704 0.064916
 0.732426 0.108642 0.133441 0.025490
 0.251890 0.103134 0.622276 0.022701
 0.645692 0.099665 0.181841 0.072801
 0.053088 0.081756 0.844017 0.021138
 0.926033 0.045213 0.018951 0.009803

MOTIF 26-CAAGGTCA STREME-26
letter-probability matrix: alength= 4 w= 8 nsites= 2614 E= 1.0e-002
 0.044285 0.875246 0.047544 0.032924
 0.849129 0.003191 0.083094 0.064586
 0.881368 0.018030 0.100270 0.000332
 0.040051 0.118887 0.818488 0.022573
 0.002603 0.000269 0.984913 0.012215
 0.056133 0.086348 0.015097 0.842422
 0.007984 0.940442 0.007105 0.044469
 0.901593 0.034632 0.046566 0.017209

MOTIF 27-AAGATGGCGGC STREME-27
letter-probability matrix: alength= 4 w= 11 nsites= 260 E= 1.8e-002
 0.980409 0.000195 0.019247 0.000148
 0.932778 0.004958 0.000195 0.062069
 0.136777 0.166936 0.696139 0.000148
 0.999461 0.000195 0.000195 0.000148
 0.000148 0.008823 0.000195 0.990834
 0.000148 0.009721 0.989983 0.000148
 0.000148 0.000195 0.989983 0.009674
 0.000148 0.976501 0.000195 0.023155
 0.036091 0.025655 0.890471 0.047783
 0.114466 0.071185 0.749049 0.065299
 0.040830 0.920722 0.014484 0.023964

MOTIF 28-ATTTCCYAA STREME-28
letter-probability matrix: alength= 4 w= 9 nsites= 532 E= 1.8e-002
 0.813877 0.000450 0.185333 0.000341
 0.000341 0.000450 0.000450 0.998760
 0.000341 0.000450 0.000450 0.998760
 0.000341 0.000450 0.125004 0.874206
 0.000341 0.998869 0.000450 0.000341
 0.022269 0.861582 0.036901 0.079248
 0.000341 0.613522 0.054849 0.331288
 0.906633 0.053378 0.000450 0.039539
 0.824419 0.000450 0.142637 0.032494

MOTIF 29-GGGYGGATCAC STREME-29
letter-probability matrix: alength= 4 w= 11 nsites= 333 E= 2.7e-002
 0.189391 0.005090 0.805366 0.000152
 0.030433 0.000201 0.964324 0.005042
 0.030432 0.000201 0.964325 0.005042
 0.139081 0.420504 0.000201 0.440214
 0.160796 0.000201 0.833962 0.005042
 0.000152 0.000201 0.999495 0.000152
 0.999447 0.000201 0.000201 0.000152
 0.000152 0.000201 0.000201 0.999447
 0.000152 0.999495 0.000201 0.000152
 0.992304 0.000201 0.000201 0.007295
 0.000152 0.950421 0.012009 0.037417

MOTIF 30-CCACGTGG STREME-30
letter-probability matrix: alength= 4 w= 8 nsites= 558 E= 3.2e-002
 0.074500 0.724309 0.200486 0.000705
 0.138003 0.805758 0.050212 0.006027
 0.997433 0.000931 0.000931 0.000705
 0.000705 0.997658 0.000931 0.000705
 0.000705 0.000931 0.997658 0.000705
 0.000705 0.000931 0.000931 0.997433
 0.006027 0.050212 0.805758 0.138003
 0.000705 0.200486 0.724309 0.074500

MOTIF 31-CAGCAGCAGCMGC STREME-31
letter-probability matrix: alength= 4 w= 13 nsites= 309 E= 4.3e-002
 0.041200 0.944489 0.003659 0.010652
 0.626013 0.130409 0.111327 0.132252
 0.022145 0.002851 0.973137 0.001866
 0.081801 0.902430 0.007173 0.008596
 0.760039 0.096867 0.049113 0.093981
 0.019139 0.000144 0.944006 0.036711
 0.027092 0.963869 0.003658 0.005381
 0.682022 0.093843 0.104897 0.119238
 0.068339 0.017716 0.902616 0.011329
 0.022653 0.955330 0.003658 0.018358
 0.333331 0.436692 0.162210 0.067767
 0.091679 0.036066 0.851385 0.020870
 0.023122 0.961772 0.001603 0.013503

MOTIF 32-AGGGCAGAGR STREME-32
letter-probability matrix: alength= 4 w= 10 nsites= 420 E= 4.9e-002
 0.998464 0.000557 0.000557 0.000422
 0.000422 0.000557 0.998599 0.000422
 0.000422 0.000557 0.998599 0.000422
 0.000422 0.000557 0.998599 0.000422
 0.000422 0.873626 0.000557 0.125395
 0.998464 0.000557 0.000557 0.000422
 0.295567 0.000557 0.703454 0.000422
 0.766763 0.232258 0.000557 0.000422
 0.000422 0.039175 0.959980 0.000422
 0.316819 0.000557 0.517898 0.164726

MOTIF 33-AAAAMAAAAAAAA STREME-33
letter-probability matrix: alength= 4 w= 13 nsites= 488 E= 4.9e-002
 0.964857 0.000129 0.000129 0.034885
 0.964920 0.000129 0.012788 0.022162
 0.900981 0.027953 0.067816 0.003250
 0.933680 0.024969 0.041253 0.000098
 0.490871 0.324647 0.181231 0.003250
 0.910396 0.021770 0.067736 0.000098
 0.971990 0.000129 0.027783 0.000098
 0.917695 0.082077 0.000129 0.000098
 0.956099 0.000129 0.032909 0.010863
 0.639187 0.308117 0.035529 0.017167
 0.742257 0.207097 0.050547 0.000098
 0.988541 0.000129 0.011232 0.000098
 0.999643 0.000129 0.000129 0.000098

MOTIF 34-CCTCAGTTTCCYCAT STREME-34
letter-probability matrix: alength= 4 w= 15 nsites= 178 E= 6.2e-002
 0.057601 0.867335 0.017462 0.057601
 0.011663 0.913275 0.017462 0.057600
 0.000179 0.005978 0.000236 0.993608
 0.000179 0.953470 0.017462 0.028889
 0.884507 0.005978 0.103595 0.005921
 0.005921 0.000236 0.993665 0.000179
 0.011663 0.046173 0.000236 0.941929
 0.017405 0.063400 0.011720 0.907475
 0.017405 0.040431 0.005978 0.936187
 0.034632 0.850110 0.000236 0.115023
 0.034632 0.867337 0.017462 0.080569
 0.023147 0.614674 0.017462 0.344717
 0.000179 0.867337 0.000236 0.132249
 0.666301 0.166761 0.069141 0.097797
 0.057601 0.132306 0.126565 0.683529

MOTIF 35-CAGCCAATSG STREME-35
letter-probability matrix: alength= 4 w= 10 nsites= 113 E= 6.6e-002
 0.036822 0.835064 0.022607 0.105507
 0.822754 0.008754 0.168024 0.000468
 0.015520 0.000959 0.974916 0.008605
 0.000468 0.983394 0.000618 0.015520
 0.000468 0.980879 0.003132 0.015520
 0.995397 0.000618 0.003517 0.000468
 0.998297 0.000618 0.000618 0.000468
 0.000468 0.000618 0.000618 0.998297
 0.140741 0.549529 0.309261 0.000468
 0.000468 0.000618 0.998446 0.000468

MOTIF 36-ACACACACACAC STREME-36
letter-probability matrix: alength= 4 w= 12 nsites= 353 E= 7.3e-002
 0.999351 0.000235 0.000235 0.000179
 0.023688 0.880478 0.000235 0.095598
 0.940301 0.000235 0.059285 0.000179
 0.000179 0.852645 0.021930 0.125247
 0.798100 0.062318 0.139403 0.000179
 0.000179 0.822724 0.077756 0.099342
 0.990619 0.000235 0.008967 0.000179
 0.000179 0.846688 0.029432 0.123701
 0.914121 0.000235 0.073886 0.011757
 0.000179 0.923757 0.000235 0.075829
 0.879850 0.069963 0.050009 0.000179
 0.062044 0.827298 0.000235 0.110422

MOTIF 37-RGCCAATCAGAR STREME-37
letter-probability matrix: alength= 4 w= 12 nsites= 283 E= 8.6e-002
 0.634186 0.010808 0.354855 0.000151
 0.288701 0.000199 0.626228 0.084872
 0.000151 0.999500 0.000199 0.000151
 0.028362 0.961612 0.009876 0.000151
 0.984936 0.000199 0.014715 0.000151
 0.999452 0.000199 0.000199 0.000151
 0.000151 0.000199 0.009876 0.989775
 0.029634 0.696751 0.273464 0.000151
 0.850268 0.029232 0.115511 0.004989
 0.000151 0.104867 0.856121 0.038861
 0.552694 0.229752 0.217404 0.000151
 0.480137 0.000199 0.398429 0.121235

MOTIF 38-AGATAA STREME-38
letter-probability matrix: alength= 4 w= 6 nsites= 720 E= 9.3e-002
 0.928691 0.025855 0.025855 0.019600
 0.019600 0.025855 0.934945 0.019600
 0.928691 0.025855 0.025855 0.019600
 0.019600 0.025855 0.025855 0.928691
 0.928691 0.025855 0.025855 0.019600
 0.928691 0.025855 0.025855 0.019600

MOTIF 39-CCAGGCTGGTCTCG STREME-39
letter-probability matrix: alength= 4 w= 14 nsites= 103 E= 1.2e-001
 0.000372 0.926962 0.024425 0.048241
 0.036274 0.855158 0.084261 0.024307
 0.909908 0.012458 0.048360 0.029273
 0.000372 0.012458 0.986797 0.000372
 0.096111 0.000491 0.843189 0.060209
 0.036274 0.891060 0.036392 0.036274
 0.012339 0.072294 0.036392 0.878974
 0.012339 0.060327 0.914994 0.012339
 0.120044 0.036392 0.831224 0.012339
 0.000372 0.000491 0.012458 0.986679
 0.012339 0.962863 0.024426 0.000372
 0.000372 0.012458 0.000491 0.986679
 0.000372 0.771381 0.048361 0.179885
 0.280601 0.048360 0.670667 0.000372

MOTIF 40-RTTGYRCAAY STREME-40
letter-probability matrix: alength= 4 w= 10 nsites= 486 E= 1.2e-001
 0.500066 0.000193 0.499595 0.000146
 0.000146 0.000193 0.000193 0.999467
 0.000146 0.000193 0.000193 0.999467
 0.200500 0.000193 0.601099 0.198208
 0.115478 0.524980 0.000193 0.359348
 0.359348 0.000193 0.524980 0.115478
 0.198208 0.601099 0.000193 0.200500
 0.999467 0.000193 0.000193 0.000146
 0.999467 0.000193 0.000193 0.000146
 0.000146 0.499595 0.000193 0.500066

MOTIF 41-CCACGTGACN STREME-41
letter-probability matrix: alength= 4 w= 10 nsites= 587 E= 1.6e-001
 0.042324 0.551553 0.147093 0.259030
 0.011093 0.725505 0.117509 0.145893
 0.999586 0.000150 0.000150 0.000114
 0.000114 0.999622 0.000150 0.000114
 0.000114 0.000150 0.999622 0.000114
 0.000114 0.000150 0.000150 0.999586
 0.000114 0.000150 0.999622 0.000114
 0.680340 0.000150 0.229217 0.090292
 0.000114 0.845700 0.000150 0.154036
 0.195795 0.349304 0.231529 0.223373

MOTIF 42-RTGACGTCAY STREME-42
letter-probability matrix: alength= 4 w= 10 nsites= 492 E= 1.7e-001
 0.394033 0.086346 0.509625 0.009996
 0.031415 0.000167 0.000167 0.968251
 0.000126 0.000167 0.775828 0.223879
 0.966348 0.000167 0.033359 0.000126
 0.000126 0.687193 0.075849 0.236832
 0.236832 0.075849 0.687193 0.000126
 0.000126 0.033359 0.000167 0.966348
 0.223879 0.775828 0.000167 0.000126
 0.968251 0.000167 0.000167 0.031415
 0.009996 0.509625 0.086346 0.394033

MOTIF 43-AGGAAGCMG STREME-43
letter-probability matrix: alength= 4 w= 9 nsites= 1299 E= 3.5e-001
 0.801671 0.197775 0.000315 0.000239
 0.000239 0.123386 0.876137 0.000239
 0.000239 0.000315 0.999207 0.000239
 0.999131 0.000315 0.000315 0.000239
 0.745772 0.253673 0.000315 0.000239
 0.000239 0.000315 0.999207 0.000239
 0.000239 0.860507 0.000315 0.138939
 0.251663 0.463025 0.054281 0.231030
 0.147403 0.000315 0.852043 0.000239

MOTIF 44-AGTCCCAGCTAC STREME-44
letter-probability matrix: alength= 4 w= 12 nsites= 68 E= 4.0e-001
 0.856331 0.000647 0.111005 0.032018
 0.110848 0.047939 0.840722 0.000490
 0.016254 0.000647 0.000647 0.982453
 0.000490 0.963808 0.003683 0.032018
 0.032018 0.919553 0.000647 0.047783
 0.016254 0.903788 0.016410 0.063548
 0.919392 0.000647 0.000647 0.079314
 0.007033 0.000647 0.991830 0.000490
 0.016254 0.951081 0.032174 0.000490
 0.000490 0.000647 0.027100 0.971763
 0.998216 0.000647 0.000647 0.000490
 0.000490 0.935317 0.016410 0.047783

MOTIF 45-CCCGAGGCC STREME-45
letter-probability matrix: alength= 4 w= 9 nsites= 592 E= 5.9e-001
 0.039440 0.794999 0.165087 0.000475
 0.000475 0.998425 0.000626 0.000475
 0.000475 0.998425 0.000626 0.000475
 0.000475 0.000626 0.998425 0.000475
 0.998274 0.000626 0.000626 0.000475
 0.060017 0.000626 0.938882 0.000475
 0.039700 0.000626 0.660926 0.298748
 0.000475 0.948901 0.000626 0.049999
 0.159808 0.704631 0.000626 0.134935

MOTIF 46-GGTGAC STREME-46
letter-probability matrix: alength= 4 w= 6 nsites= 2530 E= 6.9e-001
 0.019600 0.025855 0.934945 0.019600
 0.019600 0.025855 0.934945 0.019600
 0.019600 0.025855 0.025855 0.928691
 0.019600 0.025855 0.934945 0.019600
 0.928691 0.025855 0.025855 0.019600
 0.019600 0.934945 0.025855 0.019600

MOTIF 47-CATTTCC STREME-47
letter-probability matrix: alength= 4 w= 7 nsites= 648 E= 8.3e-001
 0.019600 0.934945 0.025855 0.019600
 0.928691 0.025855 0.025855 0.019600
 0.019600 0.025855 0.025855 0.928691
 0.019600 0.025855 0.025855 0.928691
 0.019600 0.025855 0.025855 0.928691
 0.019600 0.934945 0.025855 0.019600
 0.019600 0.934945 0.025855 0.019600

MOTIF 48-CTGCAGCC STREME-48
letter-probability matrix: alength= 4 w= 8 nsites= 692 E= 9.1e-001
 0.019600 0.934945 0.025855 0.019600
 0.019600 0.025855 0.025855 0.928691
 0.019600 0.025855 0.934945 0.019600
 0.019600 0.934945 0.025855 0.019600
 0.928691 0.025855 0.025855 0.019600
 0.019600 0.025855 0.934945 0.019600
 0.019600 0.934945 0.025855 0.019600
 0.019600 0.934945 0.025855 0.019600

MOTIF 49-ACCCAG STREME-49
letter-probability matrix: alength= 4 w= 6 nsites= 3787 E= 1.0e+000
 0.928691 0.025855 0.025855 0.019600
 0.019600 0.934945 0.025855 0.019600
 0.019600 0.934945 0.025855 0.019600
 0.019600 0.934945 0.025855 0.019600
 0.928691 0.025855 0.025855 0.019600
 0.019600 0.025855 0.934945 0.019600

MOTIF 50-AAAGCAAA STREME-50
letter-probability matrix: alength= 4 w= 8 nsites= 1681 E= 1.2e+000
 0.909879 0.000344 0.089517 0.000260
 0.983596 0.000344 0.000344 0.015716
 0.830275 0.000344 0.060236 0.109145
 0.179076 0.093237 0.727426 0.000260
 0.000260 0.974295 0.000344 0.025101
 0.937599 0.000344 0.061797 0.000260
 0.999052 0.000344 0.000344 0.000260
 0.870633 0.000344 0.048157 0.080866

MOTIF 51-ACTTTGGGAGGCCGA STREME-51
letter-probability matrix: alength= 4 w= 15 nsites= 89 E= 1.3e+000
 0.987787 0.011422 0.000450 0.000341
 0.000341 0.976924 0.000450 0.022284
 0.000341 0.000450 0.000450 0.998758
 0.000341 0.121137 0.022393 0.856128
 0.033256 0.033365 0.044336 0.889043
 0.022284 0.000450 0.976924 0.000341
 0.132000 0.066279 0.757494 0.044227
 0.121028 0.000450 0.834294 0.044227
 0.867100 0.022393 0.033365 0.077142
 0.066170 0.000450 0.889152 0.044228
 0.044227 0.033365 0.889152 0.033256
 0.033256 0.867209 0.055308 0.044227
 0.066171 0.647775 0.011422 0.274632
 0.230744 0.099197 0.603888 0.066172
 0.801271 0.055308 0.121137 0.022284

MOTIF 52-CTGTTGACA STREME-52
letter-probability matrix: alength= 4 w= 9 nsites= 152 E= 1.4e+000
 0.000614 0.644632 0.088116 0.266639
 0.000614 0.010575 0.037609 0.951203
 0.120403 0.000809 0.878174 0.000614
 0.000614 0.000809 0.000809 0.997768
 0.000614 0.020533 0.000809 0.978044
 0.000614 0.000809 0.997964 0.000614
 0.997768 0.000809 0.000809 0.000614
 0.000614 0.972723 0.000809 0.025854
 0.968142 0.000809 0.030435 0.000614

MOTIF 53-GCCGCCGCCGCCGCC STREME-53
letter-probability matrix: alength= 4 w= 15 nsites= 257 E= 1.5e+000
 0.030614 0.031724 0.902694 0.034968
 0.023713 0.820953 0.037640 0.117694
 0.059368 0.827416 0.054040 0.059175
 0.046468 0.000179 0.951411 0.001942
 0.004489 0.958557 0.000179 0.036775
 0.039322 0.744995 0.132820 0.082863
 0.024341 0.004533 0.939996 0.031131
 0.010650 0.871477 0.004533 0.113340
 0.013198 0.915016 0.041172 0.030614
 0.089024 0.000179 0.910662 0.000135
 0.004489 0.889633 0.010694 0.095184
 0.004489 0.872764 0.039882 0.082865
 0.021906 0.000179 0.864567 0.113349
 0.017551 0.948704 0.011839 0.021906
 0.043676 0.677504 0.104675 0.174144

MOTIF 54-CCCCTCCC STREME-54
letter-probability matrix: alength= 4 w= 8 nsites= 609 E= 1.6e+000
 0.019600 0.934945 0.025855 0.019600
 0.019600 0.934945 0.025855 0.019600
 0.019600 0.934945 0.025855 0.019600
 0.019600 0.934945 0.025855 0.019600
 0.019600 0.025855 0.025855 0.928691
 0.019600 0.934945 0.025855 0.019600
 0.019600 0.934945 0.025855 0.019600
 0.019600 0.934945 0.025855 0.019600

MOTIF 55-AGATGA STREME-55
letter-probability matrix: alength= 4 w= 6 nsites= 1536 E= 2.0e+000
 0.928691 0.025855 0.025855 0.019600
 0.019600 0.025855 0.934945 0.019600
 0.928691 0.025855 0.025855 0.019600
 0.019600 0.025855 0.025855 0.928691
 0.019600 0.025855 0.934945 0.019600
 0.928691 0.025855 0.025855 0.019600

MOTIF 56-AACCCRGGAGGCAG STREME-56
letter-probability matrix: alength= 4 w= 14 nsites= 70 E= 2.1e+000
 0.982916 0.000630 0.000630 0.015825
 0.998263 0.000630 0.000630 0.000477
 0.000477 0.952373 0.000630 0.046520
 0.000477 0.998416 0.000630 0.000477
 0.000477 0.921676 0.000630 0.077217
 0.629886 0.000630 0.369007 0.000477
 0.015825 0.000630 0.967721 0.015825
 0.000477 0.000630 0.998416 0.000477
 0.967569 0.000630 0.000630 0.031172
 0.061867 0.000630 0.937026 0.000477
 0.031172 0.000630 0.967721 0.000477
 0.000477 0.998416 0.000630 0.000477
 0.737305 0.000630 0.261588 0.000477
 0.000477 0.000630 0.998416 0.000477

MOTIF 57-CCTCCTCCTCCTCCT STREME-57
letter-probability matrix: alength= 4 w= 15 nsites= 70 E= 2.1e+000
 0.014203 0.913072 0.055663 0.017062
 0.041751 0.915933 0.028114 0.014203
 0.027977 0.020056 0.041888 0.910080
 0.027977 0.918273 0.011998 0.041752
 0.055525 0.819512 0.069436 0.055526
 0.000428 0.000565 0.069437 0.929570
 0.019919 0.896440 0.055664 0.027977
 0.055525 0.874610 0.041888 0.027977
 0.041751 0.000565 0.055662 0.902022
 0.014203 0.929707 0.028114 0.027977
 0.033693 0.896442 0.055662 0.014203
 0.014203 0.000565 0.055662 0.929570
 0.000428 0.957255 0.000565 0.041751
 0.041751 0.874609 0.069436 0.014203
 0.000428 0.000565 0.124533 0.874473

MOTIF 58-CCCATCTCTACT STREME-58
letter-probability matrix: alength= 4 w= 12 nsites= 52 E= 2.4e+000
 0.024564 0.892358 0.000977 0.082100
 0.000741 0.878422 0.000977 0.119859
 0.000741 0.997541 0.000977 0.000741
 0.759058 0.000977 0.239224 0.000741
 0.000741 0.000977 0.000977 0.997304
 0.000741 0.973718 0.024800 0.000741
 0.024564 0.000977 0.000977 0.973481
 0.000741 0.949894 0.000977 0.048388
 0.000741 0.000977 0.000977 0.997304
 0.997304 0.000977 0.000977 0.000741
 0.129747 0.773241 0.048624 0.048388
 0.296515 0.000977 0.024800 0.677707

MOTIF 59-TGGGGACA STREME-59
letter-probability matrix: alength= 4 w= 8 nsites= 625 E= 2.6e+000
 0.000627 0.000828 0.000828 0.997717
 0.000627 0.009911 0.988834 0.000627
 0.000627 0.000828 0.997918 0.000627
 0.000627 0.013508 0.985237 0.000627
 0.000627 0.000828 0.844245 0.154300
 0.997717 0.000828 0.000828 0.000627
 0.000627 0.997918 0.000828 0.000627
 0.691874 0.000828 0.306671 0.000627

MOTIF 60-TGAATGAATGAAT STREME-60
letter-probability matrix: alength= 4 w= 13 nsites= 138 E= 2.6e+000
 0.054938 0.039388 0.078457 0.827217
 0.070565 0.042631 0.855307 0.031497
 0.925550 0.019191 0.039389 0.015870
 0.905353 0.031575 0.039389 0.023684
 0.000243 0.023761 0.039389 0.936607
 0.086193 0.015948 0.866363 0.031497
 0.960048 0.000321 0.023761 0.015870
 0.960048 0.000321 0.039389 0.000243
 0.031498 0.086270 0.008134 0.874098
 0.047125 0.039388 0.897617 0.015870
 0.909925 0.023761 0.042631 0.023684
 0.889725 0.015948 0.078457 0.015870
 0.042554 0.109712 0.140968 0.706766

MOTIF 61-ATTGCAACA STREME-61
letter-probability matrix: alength= 4 w= 9 nsites= 162 E= 2.7e+000
 0.933895 0.000588 0.065072 0.000445
 0.017696 0.000588 0.000588 0.981129
 0.140231 0.003813 0.091685 0.764271
 0.001745 0.000588 0.997222 0.000445
 0.000445 0.987757 0.000588 0.011210
 0.955005 0.000588 0.004484 0.039924
 0.779893 0.066087 0.000588 0.153432
 0.000445 0.974984 0.023385 0.001185
 0.909369 0.023385 0.057883 0.009363

MOTIF 62-AGGAAG STREME-62
letter-probability matrix: alength= 4 w= 6 nsites= 2873 E= 2.8e+000
 0.928691 0.025855 0.025855 0.019600
 0.019600 0.025855 0.934945 0.019600
 0.019600 0.025855 0.934945 0.019600
 0.928691 0.025855 0.025855 0.019600
 0.928691 0.025855 0.025855 0.019600
 0.019600 0.025855 0.934945 0.019600

MOTIF 63-AGAKAAG STREME-63
letter-probability matrix: alength= 4 w= 7 nsites= 1803 E= 3.2e+000
 0.947548 0.050749 0.000969 0.000734
 0.000734 0.000969 0.983825 0.014472
 0.957691 0.040606 0.000969 0.000734
 0.000734 0.000969 0.661248 0.337049
 0.997328 0.000969 0.000969 0.000734
 0.818268 0.180029 0.000969 0.000734
 0.000734 0.000969 0.997562 0.000734

MOTIF 64-GGAAAGGAAA STREME-64
letter-probability matrix: alength= 4 w= 10 nsites= 645 E= 3.2e+000
 0.083425 0.055733 0.860667 0.000175
 0.119893 0.031207 0.818074 0.030826
 0.858309 0.000231 0.055759 0.085702
 0.931578 0.000231 0.060064 0.008127
 0.858692 0.120466 0.020668 0.000175
 0.000175 0.070241 0.671618 0.257967
 0.073615 0.000231 0.911865 0.014290
 0.903579 0.000231 0.096016 0.000175
 0.980647 0.000231 0.000231 0.018892
 0.727630 0.000231 0.207283 0.064857

MOTIF 65-CTCCACCCTC STREME-65
letter-probability matrix: alength= 4 w= 10 nsites= 468 E= 3.3e+000
 0.000306 0.963688 0.035699 0.000306
 0.000306 0.137431 0.056524 0.805738
 0.000306 0.998983 0.000404 0.000306
 0.000306 0.897240 0.000404 0.102049
 0.762827 0.000404 0.236462 0.000306
 0.000306 0.870830 0.000404 0.128459
 0.000306 0.945395 0.053992 0.000306
 0.000306 0.931144 0.068243 0.000306
 0.254378 0.000404 0.195510 0.549708
 0.156556 0.842733 0.000404 0.000306

MOTIF 66-CCACSMCCACC STREME-66
letter-probability matrix: alength= 4 w= 11 nsites= 319 E= 1.3e+001
 0.000183 0.999393 0.000241 0.000183
 0.048135 0.697106 0.211564 0.043196
 0.999335 0.000241 0.000241 0.000183
 0.000183 0.999393 0.000241 0.000183
 0.050029 0.420678 0.514087 0.015206
 0.360393 0.509122 0.092612 0.037872
 0.026123 0.911446 0.062248 0.000183
 0.017808 0.877976 0.064474 0.039742
 0.954293 0.000241 0.045283 0.000183
 0.000183 0.814256 0.000241 0.185321
 0.102819 0.791609 0.064910 0.040661

MOTIF 67-CACCACCATGCCTG STREME-67
letter-probability matrix: alength= 4 w= 14 nsites= 71 E= 2.1e+001
 0.064662 0.857296 0.039085 0.038957
 0.908578 0.000527 0.077642 0.013252
 0.000400 0.908706 0.013380 0.077515
 0.013252 0.895853 0.000527 0.090367
 0.795089 0.013380 0.103348 0.088183
 0.005734 0.890519 0.026232 0.077515
 0.013252 0.895853 0.000527 0.090367
 0.941802 0.057271 0.000527 0.000400
 0.038957 0.090495 0.064791 0.805758
 0.000400 0.114016 0.854145 0.031439
 0.000400 0.947263 0.013380 0.038957
 0.038957 0.934411 0.013380 0.013252
 0.038957 0.141906 0.013380 0.805757
 0.108555 0.026232 0.826256 0.038957

MOTIF 68-TCTYGGCTCACTGCA STREME-68
letter-probability matrix: alength= 4 w= 15 nsites= 100 E= 2.3e+001
 0.000419 0.014040 0.000553 0.984987
 0.000419 0.998608 0.000553 0.000419
 0.216204 0.000553 0.000553 0.782690
 0.013906 0.486094 0.027526 0.472474
 0.229700 0.000553 0.701892 0.067855
 0.000419 0.027526 0.971635 0.000419
 0.000419 0.958149 0.000553 0.040879
 0.000419 0.054499 0.000553 0.944528
 0.040879 0.904203 0.000553 0.054365
 0.931041 0.027526 0.041013 0.000419
 0.000419 0.904203 0.054499 0.040879
 0.027392 0.094959 0.000553 0.877096
 0.067851 0.000553 0.931176 0.000419
 0.040879 0.917689 0.000553 0.040879
 0.984987 0.000553 0.014040 0.000419

********************************************************************************
Stopped because 3 consecutive motifs exceeded the p-value threshold (0.05).
********************************************************************************
COMMAND:	streme --verbosity 1 --oc meme_out_incomplete_DL/HepG2_HNF1B-human_ENCFF890HTY/streme_out -dna --seed 0 --p meme_out_incomplete_DL/HepG2_HNF1B-human_ENCFF890HTY/seqs-centered --minw 6 --maxw 15 --time 6166 --order 2 --thresh 0.05 --align center --totallength 4000000 --parse-genomic-coord
********************************************************************************
CPU:		9f05ee173ae9
********************************************************************************
FINALTIME:	3644.18 seconds
********************************************************************************
