********************************************************************************
STREME - Sensitive, Thorough, Rapid, Enriched Motif Elicitation
********************************************************************************
MEME version 5.5.3 (Release date: Sat Jun 10 16:19:38 2023 -0700)

For further information on how to interpret these results please access http://localhost:8080/meme_5.5.3.
To get a copy of the MEME Suite software please access https://meme-suite.org.

********************************************************************************


********************************************************************************
REFERENCE
********************************************************************************
If you use this program in your research, please cite:

Timothy L. Bailey,
"STREME: accurate and versatile sequence motif discovery",
Bioinformatics, Mar. 24, 2021.
********************************************************************************


ALPHABET= ACGT

strands: + -

Background letter frequencies
A 0.228 C 0.272 G 0.272 T 0.228 

MOTIF 1-CTGTARTCCCAGCTA STREME-1
letter-probability matrix: alength= 4 w= 15 nsites= 10681 E= 9.8e-305
 0.005143 0.965796 0.003780 0.025281
 0.005248 0.010912 0.002312 0.981528
 0.043322 0.006297 0.948070 0.002311
 0.002101 0.022660 0.000004 0.975235
 0.971511 0.005563 0.018307 0.004618
 0.520348 0.003990 0.471043 0.004618
 0.002206 0.009173 0.001577 0.987044
 0.005038 0.965271 0.003990 0.025701
 0.006506 0.950377 0.007032 0.036085
 0.002626 0.965166 0.001473 0.030735
 0.977542 0.004514 0.013325 0.004618
 0.028952 0.005563 0.962754 0.002731
 0.007975 0.964013 0.007346 0.020666
 0.277535 0.011542 0.014688 0.696235
 0.677679 0.283925 0.027589 0.010807

MOTIF 2-CCTCAGCCTCCCRAG STREME-2
letter-probability matrix: alength= 4 w= 15 nsites= 10698 E= 1.1e-294
 0.005247 0.953494 0.005292 0.035967
 0.001484 0.963965 0.005982 0.028569
 0.002311 0.003046 0.000424 0.994220
 0.000842 0.920614 0.000004 0.078539
 0.715422 0.029044 0.240594 0.014940
 0.008499 0.003885 0.985726 0.001891
 0.004094 0.981845 0.003255 0.010806
 0.001367 0.977187 0.000948 0.020498
 0.003779 0.004514 0.001557 0.990150
 0.001891 0.971256 0.005139 0.021713
 0.002730 0.970015 0.003150 0.024104
 0.016788 0.797529 0.022972 0.162711
 0.461881 0.020246 0.504659 0.013215
 0.941417 0.010535 0.041857 0.006191
 0.317079 0.004243 0.675424 0.003255

MOTIF 3-CCAKCCTGGSYAACA STREME-3
letter-probability matrix: alength= 4 w= 15 nsites= 10048 E= 1.3e-290
 0.008285 0.956153 0.009517 0.026044
 0.003473 0.960323 0.001683 0.034520
 0.980738 0.006048 0.010636 0.002578
 0.015112 0.006943 0.643675 0.334269
 0.005301 0.966442 0.005759 0.022499
 0.004639 0.969678 0.004369 0.021314
 0.002578 0.029998 0.001683 0.965741
 0.026015 0.005376 0.964688 0.003921
 0.070259 0.005264 0.920109 0.004368
 0.024560 0.515974 0.445025 0.014441
 0.013434 0.552592 0.013398 0.420576
 0.694611 0.005792 0.296134 0.003464
 0.982064 0.005094 0.011196 0.001646
 0.021939 0.926199 0.013359 0.038503
 0.959922 0.002355 0.031565 0.006159

MOTIF 4-GAGACGGRGTTTC STREME-4
letter-probability matrix: alength= 4 w= 13 nsites= 9665 E= 2.3e-262
 0.017297 0.011212 0.960141 0.011350
 0.986707 0.003043 0.006806 0.003444
 0.017092 0.007887 0.968409 0.006611
 0.977513 0.000864 0.017562 0.004061
 0.007886 0.737212 0.005274 0.249627
 0.221421 0.004410 0.767746 0.006423
 0.035109 0.008421 0.951597 0.004873
 0.333890 0.007254 0.651806 0.007050
 0.032639 0.003590 0.956419 0.007352
 0.000284 0.005991 0.008302 0.985424
 0.001705 0.288479 0.003151 0.706665
 0.000815 0.005801 0.002545 0.990839
 0.003018 0.862617 0.007589 0.126776

MOTIF 5-CGTGGTGGCGGGCGC STREME-5
letter-probability matrix: alength= 4 w= 15 nsites= 7855 E= 1.2e-213
 0.011743 0.810057 0.007403 0.170797
 0.232497 0.011328 0.740757 0.015419
 0.015419 0.084295 0.003787 0.896499
 0.046671 0.007163 0.936654 0.009512
 0.027346 0.005588 0.958329 0.008737
 0.001496 0.031414 0.002642 0.964448
 0.035505 0.003012 0.956897 0.004585
 0.019162 0.001151 0.974672 0.005015
 0.005074 0.810745 0.002439 0.181741
 0.206890 0.005542 0.706709 0.080859
 0.014633 0.285165 0.636209 0.063992
 0.226759 0.008881 0.754621 0.009739
 0.012888 0.685547 0.003441 0.298124
 0.158094 0.006304 0.825803 0.009798
 0.008021 0.969781 0.001580 0.020618

MOTIF 6-AGAATSGCKTGAA STREME-6
letter-probability matrix: alength= 4 w= 13 nsites= 7399 E= 2.8e-211
 0.982854 0.001097 0.014426 0.001623
 0.013919 0.005744 0.974579 0.005757
 0.956562 0.002066 0.039749 0.001623
 0.990730 0.003832 0.005433 0.000005
 0.002373 0.024554 0.005920 0.967153
 0.016485 0.340819 0.529727 0.112969
 0.118122 0.006480 0.860973 0.014425
 0.004713 0.940477 0.004334 0.050476
 0.037296 0.012660 0.492935 0.457109
 0.002524 0.014526 0.015409 0.967542
 0.020899 0.008013 0.966522 0.004566
 0.991159 0.002568 0.003325 0.002948
 0.940708 0.003684 0.051777 0.003831

MOTIF 7-GCGCCACTGCAC STREME-7
letter-probability matrix: alength= 4 w= 12 nsites= 8080 E= 3.8e-210
 0.066484 0.021235 0.909825 0.002456
 0.268950 0.686965 0.001543 0.042542
 0.047845 0.000005 0.952145 0.000005
 0.002128 0.988366 0.002382 0.007124
 0.001321 0.984861 0.000240 0.013579
 0.994200 0.001161 0.004634 0.000005
 0.001879 0.865359 0.001943 0.130819
 0.003507 0.241594 0.000846 0.754053
 0.015661 0.000005 0.982232 0.002101
 0.004100 0.950885 0.000695 0.044320
 0.729126 0.005268 0.263147 0.002458
 0.001134 0.956375 0.014408 0.028083

MOTIF 8-AAAAAATTAGCCGGG STREME-8
letter-probability matrix: alength= 4 w= 15 nsites= 7208 E= 1.9e-201
 0.701239 0.275553 0.010472 0.012736
 0.923250 0.065871 0.006837 0.004042
 0.981973 0.006527 0.009166 0.002334
 0.985699 0.006682 0.004819 0.002800
 0.974366 0.012271 0.006682 0.006681
 0.967224 0.009787 0.015066 0.007923
 0.011357 0.012430 0.006371 0.969842
 0.003265 0.019341 0.008765 0.968629
 0.984636 0.003266 0.009298 0.002800
 0.012209 0.006216 0.971789 0.009786
 0.005038 0.969645 0.006061 0.019256
 0.011749 0.677785 0.022715 0.287751
 0.260216 0.006992 0.718503 0.014288
 0.025202 0.006682 0.961249 0.006866
 0.025932 0.013422 0.948841 0.011804

MOTIF 9-ATCTCGGCTCACTGC STREME-9
letter-probability matrix: alength= 4 w= 15 nsites= 6847 E= 2.8e-196
 0.972186 0.004016 0.019732 0.004067
 0.005204 0.010729 0.000006 0.984061
 0.006829 0.970415 0.007480 0.015277
 0.029641 0.009592 0.010309 0.950459
 0.008291 0.759541 0.014303 0.217865
 0.208228 0.046727 0.704152 0.040893
 0.035747 0.006085 0.951990 0.006179
 0.003092 0.965216 0.004718 0.026974
 0.001630 0.009916 0.007480 0.980974
 0.003904 0.959368 0.005368 0.031360
 0.965053 0.004718 0.027300 0.002930
 0.003092 0.966678 0.005530 0.024699
 0.004879 0.074686 0.010566 0.909868
 0.044115 0.002118 0.948888 0.004879
 0.009333 0.964012 0.004068 0.022587

MOTIF 10-GTCAGGAGWTCGAGA STREME-10
letter-probability matrix: alength= 4 w= 15 nsites= 5377 E= 2.0e-156
 0.028024 0.011717 0.954607 0.005652
 0.002098 0.025517 0.000008 0.972378
 0.002307 0.957912 0.003185 0.036597
 0.947915 0.002099 0.046425 0.003561
 0.061060 0.004399 0.930353 0.004189
 0.020915 0.010672 0.965479 0.002934
 0.981786 0.003981 0.010253 0.003979
 0.027606 0.003981 0.962134 0.006279
 0.589875 0.020289 0.008163 0.381673
 0.001261 0.008163 0.001890 0.988686
 0.016734 0.771449 0.055416 0.156402
 0.200310 0.021422 0.772198 0.006070
 0.984086 0.007326 0.004817 0.003770
 0.021124 0.010253 0.965270 0.003352
 0.981700 0.002308 0.013685 0.002307

MOTIF 11-AAGCTCCGCCTCCCG STREME-11
letter-probability matrix: alength= 4 w= 15 nsites= 5364 E= 3.4e-155
 0.980941 0.010651 0.007155 0.001253
 0.968237 0.002500 0.028632 0.000630
 0.032860 0.293567 0.648766 0.024807
 0.005406 0.961264 0.004369 0.028960
 0.002707 0.014170 0.005635 0.977488
 0.002084 0.985856 0.002500 0.009560
 0.001668 0.830012 0.001047 0.167274
 0.219947 0.007363 0.765414 0.007276
 0.005199 0.971942 0.000839 0.022021
 0.001461 0.953666 0.002916 0.041958
 0.005406 0.021277 0.003331 0.969985
 0.008937 0.939747 0.007571 0.043745
 0.008729 0.956695 0.009561 0.025014
 0.021190 0.686745 0.012469 0.279597
 0.236607 0.010600 0.730772 0.022021

MOTIF 12-TACTAAAAATA STREME-12
letter-probability matrix: alength= 4 w= 11 nsites= 5712 E= 2.2e-151
 0.001799 0.015214 0.000276 0.982711
 0.984707 0.002091 0.009503 0.003699
 0.010367 0.965510 0.005188 0.018936
 0.006371 0.018369 0.002815 0.972444
 0.971958 0.001004 0.023741 0.003298
 0.989269 0.005822 0.003416 0.001493
 0.983758 0.004419 0.005020 0.006803
 0.985543 0.004218 0.005020 0.005219
 0.971550 0.006968 0.018335 0.003147
 0.000007 0.026803 0.000499 0.972692
 0.980593 0.001339 0.013370 0.004698

MOTIF 13-CGGGCGGATCACGAG STREME-13
letter-probability matrix: alength= 4 w= 15 nsites= 4586 E= 2.0e-126
 0.016850 0.811559 0.012744 0.158846
 0.183000 0.008361 0.774982 0.033657
 0.014963 0.003783 0.981010 0.000244
 0.027837 0.002839 0.966015 0.003309
 0.062700 0.649365 0.006377 0.281558
 0.167688 0.002603 0.823805 0.005904
 0.023120 0.002603 0.971675 0.002602
 0.989499 0.001424 0.009069 0.000008
 0.001659 0.006849 0.000245 0.991248
 0.004725 0.973561 0.005198 0.016516
 0.971530 0.002368 0.022557 0.003545
 0.004489 0.867901 0.006756 0.120854
 0.116276 0.170052 0.585035 0.128637
 0.696821 0.020861 0.006377 0.275942
 0.023827 0.008028 0.962477 0.005668

MOTIF 14-AAAAAAAAAAAAAAA STREME-14
letter-probability matrix: alength= 4 w= 15 nsites= 3601 E= 3.6e-054
 0.996443 0.000866 0.000168 0.002523
 0.997489 0.001205 0.000348 0.000959
 0.955760 0.026261 0.010527 0.007451
 0.910637 0.065575 0.006228 0.017560
 0.900117 0.040404 0.023951 0.035528
 0.887274 0.069066 0.013263 0.030396
 0.927557 0.038314 0.017019 0.017110
 0.876105 0.080715 0.012644 0.030536
 0.918229 0.029361 0.025395 0.027014
 0.902469 0.062280 0.020260 0.014991
 0.918613 0.035634 0.029834 0.015920
 0.788892 0.116944 0.049362 0.044802
 0.813020 0.043715 0.103077 0.040188
 0.969030 0.004111 0.019529 0.007329
 0.985822 0.002767 0.010364 0.001047

MOTIF 15-GAGCRAGACTCYGT STREME-15
letter-probability matrix: alength= 4 w= 14 nsites= 827 E= 4.4e-019
 0.033062 0.014382 0.945632 0.006924
 0.992968 0.002805 0.001430 0.002797
 0.089466 0.002805 0.907683 0.000045
 0.006924 0.807256 0.006933 0.178887
 0.390513 0.060351 0.536709 0.012427
 0.973708 0.008308 0.015187 0.002797
 0.091413 0.013006 0.885905 0.009675
 0.932880 0.002805 0.058767 0.005548
 0.016554 0.914562 0.008308 0.060576
 0.024808 0.019314 0.019314 0.936564
 0.016554 0.836146 0.111487 0.035814
 0.019305 0.537851 0.026193 0.416652
 0.200456 0.143128 0.610402 0.046015
 0.035814 0.076289 0.037769 0.850128

MOTIF 16-AGTGCAGTGGCG STREME-16
letter-probability matrix: alength= 4 w= 12 nsites= 516 E= 6.2e-015
 0.979975 0.010957 0.006981 0.002087
 0.041856 0.023141 0.904187 0.030816
 0.054485 0.013044 0.023538 0.908934
 0.047829 0.028239 0.892181 0.031751
 0.020276 0.907429 0.017475 0.054820
 0.942900 0.041533 0.005739 0.009828
 0.115171 0.054833 0.813372 0.016623
 0.030291 0.147901 0.048427 0.773381
 0.068435 0.027191 0.885514 0.018860
 0.078540 0.019107 0.871926 0.030427
 0.025157 0.748656 0.039578 0.186610
 0.164455 0.058687 0.764170 0.012687

MOTIF 17-TACTAAAAAW STREME-17
letter-probability matrix: alength= 4 w= 10 nsites= 844 E= 1.3e-012
 0.000064 0.000077 0.000077 0.999782
 0.999782 0.000077 0.000077 0.000064
 0.000064 0.999794 0.000077 0.000064
 0.000064 0.000077 0.000159 0.999700
 0.998400 0.000077 0.000077 0.001446
 0.998907 0.000343 0.000077 0.000673
 0.993824 0.000343 0.005768 0.000064
 0.992444 0.002700 0.002834 0.002023
 0.892343 0.000451 0.000539 0.106667
 0.554743 0.010010 0.010005 0.425242

MOTIF 18-CCTGCCTCAGCCTCC STREME-18
letter-probability matrix: alength= 4 w= 15 nsites= 547 E= 8.8e-012
 0.009959 0.976046 0.000078 0.013917
 0.047558 0.908764 0.011951 0.031727
 0.021833 0.041634 0.002057 0.934477
 0.002044 0.000078 0.997813 0.000065
 0.013917 0.896891 0.007993 0.081199
 0.013917 0.916679 0.015909 0.053495
 0.013917 0.029761 0.025803 0.930519
 0.007981 0.890954 0.061423 0.039643
 0.954265 0.006014 0.023824 0.015896
 0.055474 0.019866 0.898869 0.025790
 0.017875 0.900467 0.039655 0.042003
 0.017875 0.926574 0.006014 0.049537
 0.033706 0.075275 0.009972 0.881047
 0.029748 0.851376 0.045592 0.073284
 0.032108 0.797565 0.019866 0.150460

MOTIF 19-CCCAGGCTGGA STREME-19
letter-probability matrix: alength= 4 w= 11 nsites= 715 E= 2.3e-011
 0.049949 0.735669 0.200656 0.013725
 0.001645 0.996977 0.001310 0.000068
 0.024524 0.968123 0.001536 0.005816
 0.998860 0.000273 0.000127 0.000740
 0.007231 0.008480 0.978473 0.005816
 0.006764 0.001407 0.958233 0.033596
 0.003241 0.981579 0.002717 0.012463
 0.000700 0.027527 0.033645 0.938129
 0.023121 0.000128 0.972610 0.004142
 0.007898 0.025011 0.966917 0.000174
 0.997619 0.000081 0.000777 0.001523

MOTIF 20-GGCYAACAYGGT STREME-20
letter-probability matrix: alength= 4 w= 12 nsites= 429 E= 1.0e-009
 0.024887 0.002863 0.969404 0.002846
 0.097666 0.020538 0.881706 0.000091
 0.000091 0.955628 0.019395 0.024887
 0.000091 0.383989 0.000108 0.615812
 0.996938 0.000108 0.000108 0.002846
 0.994183 0.000108 0.000108 0.005601
 0.005992 0.898989 0.030415 0.064603
 0.970998 0.002863 0.024905 0.001234
 0.033153 0.486004 0.000108 0.480735
 0.145329 0.009751 0.831053 0.013867
 0.031541 0.000108 0.965505 0.002846
 0.000091 0.000108 0.000108 0.999693

MOTIF 21-CGTGAGCCACYGCGC STREME-21
letter-probability matrix: alength= 4 w= 15 nsites= 457 E= 7.7e-009
 0.000079 0.920829 0.000094 0.078999
 0.129221 0.000094 0.863432 0.007253
 0.000079 0.000094 0.000094 0.999734
 0.033560 0.000094 0.947135 0.019211
 0.978210 0.000094 0.021618 0.000079
 0.033560 0.026401 0.932786 0.007253
 0.067041 0.765380 0.028792 0.138787
 0.019211 0.918437 0.014443 0.047909
 0.784497 0.040750 0.150760 0.023994
 0.033560 0.858649 0.014443 0.093348
 0.134004 0.456874 0.153151 0.255971
 0.000079 0.014443 0.985400 0.000079
 0.019211 0.758205 0.009660 0.212924
 0.126829 0.055099 0.753422 0.064650
 0.023994 0.923220 0.012052 0.040734

MOTIF 22-CTCARGTGATCC STREME-22
letter-probability matrix: alength= 4 w= 12 nsites= 263 E= 8.1e-007
 0.000164 0.999476 0.000196 0.000164
 0.000164 0.000196 0.000196 0.999444
 0.000164 0.917483 0.000196 0.082156
 0.999444 0.000196 0.000196 0.000164
 0.474245 0.000196 0.525395 0.000164
 0.069447 0.000196 0.905218 0.025139
 0.000164 0.287593 0.107548 0.604694
 0.273027 0.002896 0.723912 0.000164
 0.999444 0.000196 0.000196 0.000164
 0.000164 0.000196 0.000196 0.999444
 0.000164 0.999476 0.000196 0.000164
 0.028174 0.720749 0.035161 0.215916

MOTIF 23-AAACCATCAGATCTC STREME-23
letter-probability matrix: alength= 4 w= 15 nsites= 233 E= 2.5e-005
 0.951653 0.004969 0.014532 0.028845
 0.989905 0.004969 0.004969 0.000157
 0.889495 0.076690 0.033657 0.000157
 0.000157 0.932559 0.014532 0.052752
 0.095785 0.851275 0.009751 0.043190
 0.961216 0.000188 0.038439 0.000157
 0.000157 0.095816 0.000188 0.903840
 0.004939 0.946903 0.000188 0.047971
 0.970779 0.000188 0.019313 0.009720
 0.024064 0.014532 0.951684 0.009720
 0.937309 0.033657 0.024095 0.004939
 0.024064 0.014532 0.000188 0.961216
 0.000157 0.980372 0.009751 0.009720
 0.014501 0.009751 0.009751 0.965998
 0.000157 0.803461 0.009751 0.186631

MOTIF 24-GGGTTTCACCR STREME-24
letter-probability matrix: alength= 4 w= 11 nsites= 190 E= 5.1e-005
 0.000192 0.000229 0.999386 0.000192
 0.000192 0.000229 0.999386 0.000192
 0.000192 0.000229 0.999386 0.000192
 0.000192 0.000229 0.011916 0.987663
 0.006035 0.000229 0.000229 0.993506
 0.000192 0.000229 0.000229 0.999349
 0.000192 0.999386 0.000229 0.000192
 0.999349 0.000229 0.000229 0.000192
 0.006035 0.946799 0.000229 0.046936
 0.000192 0.958485 0.000229 0.041093
 0.613709 0.000229 0.385869 0.000192

MOTIF 25-CAGGAGAATSGC STREME-25
letter-probability matrix: alength= 4 w= 12 nsites= 233 E= 1.6e-004
 0.022557 0.977039 0.000220 0.000184
 0.965817 0.000220 0.033780 0.000184
 0.033744 0.022593 0.915512 0.028151
 0.036322 0.000220 0.963275 0.000184
 0.981519 0.000220 0.018077 0.000184
 0.000184 0.025214 0.974418 0.000184
 0.999377 0.000220 0.000220 0.000184
 0.999377 0.000220 0.000220 0.000184
 0.000184 0.066389 0.000220 0.933207
 0.019285 0.337713 0.516922 0.126080
 0.086406 0.000220 0.860529 0.052845
 0.000184 0.945280 0.000220 0.054317

MOTIF 26-GAGWTCGAGA STREME-26
letter-probability matrix: alength= 4 w= 10 nsites= 362 E= 2.6e-004
 0.008772 0.013260 0.968258 0.009710
 0.976452 0.004534 0.004941 0.014073
 0.026322 0.016219 0.944227 0.013232
 0.336511 0.000764 0.015271 0.647454
 0.000143 0.000381 0.000221 0.999255
 0.012048 0.809679 0.009930 0.168343
 0.089345 0.009930 0.875809 0.024917
 0.977699 0.008897 0.013260 0.000143
 0.004506 0.018030 0.968595 0.008869
 0.961923 0.001788 0.034334 0.001954

MOTIF 27-GCGCGCGCACACACA STREME-27
letter-probability matrix: alength= 4 w= 15 nsites= 173 E= 8.1e-004
 0.146385 0.000332 0.853005 0.000278
 0.000278 0.922922 0.000332 0.076467
 0.133841 0.008798 0.857082 0.000278
 0.000278 0.956784 0.000332 0.042605
 0.111623 0.000332 0.887766 0.000278
 0.008744 0.910944 0.017263 0.063050
 0.000278 0.000332 0.999111 0.000278
 0.008744 0.965249 0.008798 0.017209
 0.999057 0.000332 0.000332 0.000278
 0.000278 0.999111 0.000332 0.000278
 0.999057 0.000332 0.000332 0.000278
 0.000278 0.990646 0.000332 0.008744
 0.956730 0.000332 0.042660 0.000278
 0.000278 0.999111 0.000332 0.000278
 0.977105 0.000332 0.022284 0.000278

MOTIF 28-CCCGGGAGGCGGA STREME-28
letter-probability matrix: alength= 4 w= 13 nsites= 192 E= 1.0e-003
 0.000227 0.992360 0.000272 0.007141
 0.000227 0.961835 0.037711 0.000227
 0.014055 0.801481 0.000272 0.184192
 0.233285 0.000272 0.752388 0.014055
 0.023839 0.000272 0.975663 0.000227
 0.041711 0.007186 0.950876 0.000227
 0.978488 0.007186 0.014099 0.000227
 0.052363 0.000272 0.947139 0.000227
 0.007141 0.007186 0.985446 0.000227
 0.000227 0.889163 0.007185 0.103424
 0.194462 0.007186 0.791211 0.007141
 0.007141 0.014099 0.978532 0.000227
 0.946451 0.011874 0.041448 0.000227

MOTIF 29-ACAATCATGGCGGAA STREME-29
letter-probability matrix: alength= 4 w= 15 nsites= 190 E= 1.6e-003
 0.926662 0.018404 0.042625 0.012310
 0.018365 0.805594 0.127399 0.048642
 0.981159 0.012348 0.000238 0.006254
 0.926662 0.000238 0.060791 0.012310
 0.006254 0.036570 0.012348 0.944828
 0.000199 0.969088 0.000238 0.030476
 0.981159 0.012348 0.006293 0.000199
 0.012310 0.024459 0.000238 0.962994
 0.018365 0.000238 0.981198 0.000199
 0.018365 0.000238 0.981198 0.000199
 0.006254 0.787428 0.000238 0.206080
 0.139471 0.000238 0.860092 0.000199
 0.012310 0.018404 0.956977 0.012310
 0.823721 0.006293 0.151621 0.018365
 0.993270 0.000238 0.000238 0.006254

MOTIF 30-AATTAGCCRGG STREME-30
letter-probability matrix: alength= 4 w= 11 nsites= 174 E= 2.1e-003
 0.998771 0.000433 0.000433 0.000363
 0.998771 0.000433 0.000433 0.000363
 0.000363 0.000433 0.000433 0.998771
 0.000363 0.000433 0.000433 0.998771
 0.998771 0.000433 0.000433 0.000363
 0.000363 0.000433 0.998842 0.000363
 0.000363 0.998842 0.000433 0.000363
 0.004941 0.972202 0.000433 0.022424
 0.469302 0.022494 0.507841 0.000363
 0.000363 0.005011 0.994264 0.000363
 0.000363 0.000433 0.998842 0.000363

MOTIF 31-ACCCCGTCTC STREME-31
letter-probability matrix: alength= 4 w= 10 nsites= 277 E= 2.6e-003
 0.974736 0.018276 0.001618 0.005369
 0.055138 0.939071 0.000422 0.005369
 0.009869 0.964046 0.001618 0.024467
 0.000186 0.989043 0.005403 0.005369
 0.039417 0.888126 0.007521 0.064936
 0.151933 0.000204 0.830009 0.017854
 0.016768 0.016919 0.001106 0.965208
 0.000171 0.968263 0.005403 0.026163
 0.014677 0.009144 0.000204 0.975975
 0.008179 0.817366 0.171474 0.002981

MOTIF 32-GTAATCCCAGCA STREME-32
letter-probability matrix: alength= 4 w= 12 nsites= 226 E= 4.0e-003
 0.061597 0.016284 0.806071 0.116048
 0.005204 0.070735 0.095578 0.828483
 0.999439 0.000198 0.000198 0.000166
 0.873010 0.000198 0.126626 0.000166
 0.005204 0.005236 0.005236 0.984324
 0.010242 0.944049 0.005236 0.040473
 0.012333 0.936919 0.000198 0.050549
 0.000166 0.979318 0.000198 0.020319
 0.982232 0.005236 0.002289 0.010242
 0.045511 0.005236 0.949087 0.000166
 0.000166 0.951565 0.008653 0.039616
 0.716237 0.024534 0.000198 0.259032

MOTIF 33-TCACTATCAYGAGAA STREME-33
letter-probability matrix: alength= 4 w= 15 nsites= 228 E= 6.4e-003
 0.000160 0.019690 0.014815 0.965335
 0.005035 0.945867 0.005066 0.044032
 0.955585 0.005066 0.039188 0.000160
 0.000160 0.926369 0.029439 0.044032
 0.009909 0.029439 0.005066 0.955585
 0.940962 0.009941 0.034314 0.014784
 0.009909 0.170803 0.014815 0.804472
 0.005035 0.921494 0.014815 0.058656
 0.950711 0.014815 0.019690 0.014784
 0.053781 0.502277 0.053812 0.390130
 0.258515 0.000191 0.726510 0.014784
 0.960460 0.005066 0.034314 0.000160
 0.019659 0.009941 0.960491 0.009909
 0.979958 0.000191 0.014815 0.005035
 0.975084 0.009941 0.014815 0.000160

MOTIF 34-GAGCGAGACTC STREME-34
letter-probability matrix: alength= 4 w= 11 nsites= 141 E= 6.5e-003
 0.063661 0.029255 0.906787 0.000297
 0.998992 0.000355 0.000355 0.000297
 0.018401 0.000355 0.980946 0.000297
 0.000297 0.718441 0.000355 0.280906
 0.255494 0.000355 0.743853 0.000297
 0.998992 0.000355 0.000355 0.000297
 0.051859 0.000355 0.947488 0.000297
 0.998992 0.000355 0.000355 0.000297
 0.000297 0.999050 0.000355 0.000297
 0.000297 0.000355 0.000355 0.998992
 0.000297 0.926634 0.000355 0.072713

MOTIF 35-AGCGAGACCACGAA STREME-35
letter-probability matrix: alength= 4 w= 14 nsites= 154 E= 6.5e-003
 0.969121 0.015316 0.015316 0.000247
 0.000247 0.007806 0.991701 0.000247
 0.000247 0.781403 0.015316 0.203034
 0.067843 0.007806 0.916594 0.007757
 0.961610 0.022827 0.015316 0.000247
 0.015268 0.007806 0.976679 0.000247
 0.991653 0.000295 0.000295 0.007757
 0.000247 0.984190 0.007806 0.007757
 0.007757 0.961658 0.000295 0.030289
 0.976631 0.007806 0.015316 0.000247
 0.188013 0.668743 0.015316 0.127928
 0.015268 0.007806 0.976679 0.000247
 0.991653 0.000295 0.007806 0.000247
 0.863972 0.015316 0.120465 0.000247

MOTIF 36-CCTCGGCCTCCCA STREME-36
letter-probability matrix: alength= 4 w= 13 nsites= 243 E= 8.3e-003
 0.000120 0.966689 0.000144 0.033047
 0.000120 0.946538 0.021473 0.031869
 0.000120 0.000144 0.064139 0.935597
 0.164920 0.476143 0.136145 0.222792
 0.117572 0.007461 0.871189 0.003779
 0.136788 0.000144 0.851973 0.011096
 0.033047 0.932245 0.034588 0.000120
 0.000120 0.937421 0.022095 0.040364
 0.018413 0.044386 0.000144 0.937057
 0.000120 0.948397 0.000144 0.051339
 0.000120 0.959372 0.040387 0.000120
 0.058656 0.911974 0.029249 0.000120
 0.883698 0.031892 0.040387 0.044022

MOTIF 37-GCCTTGGCCAGCCC STREME-37
letter-probability matrix: alength= 4 w= 14 nsites= 56 E= 1.3e-002
 0.020709 0.024745 0.933836 0.020709
 0.020709 0.933836 0.024745 0.020709
 0.020709 0.933836 0.024745 0.020709
 0.020709 0.024745 0.024745 0.929800
 0.020709 0.024745 0.024745 0.929800
 0.020709 0.024745 0.933836 0.020709
 0.020709 0.024745 0.933836 0.020709
 0.020709 0.933836 0.024745 0.020709
 0.020709 0.933836 0.024745 0.020709
 0.929800 0.024745 0.024745 0.020709
 0.020709 0.024745 0.933836 0.020709
 0.020709 0.933836 0.024745 0.020709
 0.020709 0.933836 0.024745 0.020709
 0.020709 0.933836 0.024745 0.020709

MOTIF 38-GAGAGAGAGARAG STREME-38
letter-probability matrix: alength= 4 w= 13 nsites= 183 E= 1.5e-002
 0.241849 0.000336 0.757535 0.000281
 0.999048 0.000336 0.000336 0.000281
 0.000281 0.000336 0.999103 0.000281
 0.999048 0.000336 0.000336 0.000281
 0.130922 0.000336 0.868461 0.000281
 0.726013 0.256281 0.017425 0.000281
 0.234344 0.000336 0.765040 0.000281
 0.999048 0.000336 0.000336 0.000281
 0.000281 0.000336 0.999103 0.000281
 0.600587 0.214024 0.185108 0.000281
 0.442489 0.000336 0.556895 0.000281
 0.912978 0.000336 0.077861 0.008826
 0.000281 0.000336 0.999103 0.000281

MOTIF 39-CTGTARTCCCA STREME-39
letter-probability matrix: alength= 4 w= 11 nsites= 140 E= 2.6e-002
 0.000282 0.999099 0.000337 0.000282
 0.000282 0.000337 0.000337 0.999044
 0.077501 0.000337 0.921880 0.000282
 0.000282 0.000337 0.000337 0.999044
 0.973305 0.000337 0.000337 0.026022
 0.573418 0.000337 0.408803 0.017442
 0.000282 0.000337 0.000337 0.999044
 0.000282 0.999099 0.000337 0.000282
 0.000282 0.999099 0.000337 0.000282
 0.000282 0.950986 0.000337 0.048395
 0.875365 0.000337 0.124016 0.000282

MOTIF 40-GAAGGGCTCCTCA STREME-40
letter-probability matrix: alength= 4 w= 13 nsites= 98 E= 2.6e-002
 0.000384 0.012158 0.987073 0.000384
 0.993842 0.005315 0.000459 0.000384
 0.717937 0.000459 0.281219 0.000384
 0.012083 0.000459 0.975375 0.012083
 0.000384 0.000459 0.987073 0.012083
 0.000384 0.000459 0.987073 0.012083
 0.000384 0.963677 0.012158 0.023781
 0.012083 0.000459 0.000459 0.986998
 0.000384 0.987073 0.000459 0.012083
 0.000384 0.998772 0.000459 0.000384
 0.000384 0.000459 0.023856 0.975300
 0.000384 0.963677 0.035554 0.000384
 0.911953 0.058951 0.023856 0.005240

MOTIF 41-ATKTGGGTGGGGACA STREME-41
letter-probability matrix: alength= 4 w= 15 nsites= 140 E= 2.6e-002
 0.967407 0.016166 0.016166 0.000261
 0.000261 0.095440 0.008239 0.896060
 0.079535 0.000311 0.380828 0.539326
 0.008188 0.000311 0.000311 0.991189
 0.016115 0.000311 0.975385 0.008188
 0.016115 0.000311 0.951603 0.031970
 0.016115 0.000311 0.983313 0.000261
 0.039898 0.150933 0.008239 0.800931
 0.071607 0.000311 0.927821 0.000261
 0.024043 0.000311 0.975385 0.000261
 0.000261 0.000311 0.999168 0.000261
 0.024043 0.000311 0.975385 0.000261
 0.658237 0.325336 0.000311 0.016115
 0.031970 0.951603 0.000311 0.016115
 0.967407 0.008239 0.024094 0.000261

MOTIF 42-GAAAGGGGCTCCCAC STREME-42
letter-probability matrix: alength= 4 w= 15 nsites= 76 E= 2.6e-002
 0.017173 0.000653 0.981627 0.000546
 0.948268 0.000653 0.050533 0.000546
 0.765374 0.000653 0.233427 0.000546
 0.948268 0.017280 0.033906 0.000546
 0.000546 0.000653 0.998254 0.000546
 0.000546 0.000653 0.965001 0.033800
 0.017173 0.000653 0.981627 0.000546
 0.000546 0.000653 0.998254 0.000546
 0.033800 0.965001 0.000653 0.000546
 0.000546 0.000653 0.000653 0.998148
 0.017173 0.981627 0.000653 0.000546
 0.000546 0.998254 0.000653 0.000546
 0.000546 0.998254 0.000653 0.000546
 0.931641 0.050533 0.017280 0.000546
 0.017173 0.931747 0.017280 0.033800

MOTIF 43-CGCGAAGGTCTGCA STREME-43
letter-probability matrix: alength= 4 w= 14 nsites= 146 E= 5.2e-002
 0.014716 0.883419 0.000284 0.101581
 0.050910 0.000284 0.948568 0.000238
 0.014716 0.832747 0.036478 0.116059
 0.000238 0.000284 0.984762 0.014716
 0.999194 0.000284 0.000284 0.000238
 0.738596 0.007523 0.253643 0.000238
 0.058148 0.000284 0.941329 0.000238
 0.094342 0.000284 0.905135 0.000238
 0.000238 0.000284 0.000284 0.999194
 0.000238 0.984762 0.014762 0.000238
 0.000238 0.311553 0.014762 0.673447
 0.058148 0.014762 0.926852 0.000238
 0.000238 0.897897 0.000284 0.101581
 0.673447 0.000284 0.326031 0.000238

MOTIF 44-GAGGCCTCCCCAGC STREME-44
letter-probability matrix: alength= 4 w= 14 nsites= 133 E= 5.2e-002
 0.027281 0.000353 0.963075 0.009291
 0.990003 0.000353 0.009348 0.000296
 0.000296 0.018344 0.981065 0.000296
 0.018286 0.000353 0.972070 0.009291
 0.000296 0.963075 0.000353 0.036276
 0.009291 0.927094 0.000353 0.063262
 0.000296 0.000353 0.009348 0.990003
 0.009291 0.963075 0.000353 0.027281
 0.000296 0.999056 0.000353 0.000296
 0.018286 0.972070 0.009348 0.000296
 0.000296 0.963075 0.000353 0.036276
 0.963017 0.027339 0.009348 0.000296
 0.000296 0.018344 0.981065 0.000296
 0.091084 0.899272 0.009348 0.000296

MOTIF 45-CCCYTCCCC STREME-45
letter-probability matrix: alength= 4 w= 9 nsites= 563 E= 5.4e-002
 0.000465 0.998516 0.000555 0.000465
 0.000465 0.998516 0.000555 0.000465
 0.000465 0.998516 0.000555 0.000465
 0.000465 0.560316 0.114569 0.324650
 0.000465 0.000555 0.000555 0.998425
 0.029263 0.713759 0.000555 0.256423
 0.000465 0.998516 0.000555 0.000465
 0.000465 0.998516 0.000555 0.000465
 0.000465 0.998516 0.000555 0.000465

MOTIF 46-ATTCTCCTG STREME-46
letter-probability matrix: alength= 4 w= 9 nsites= 140 E= 7.0e-002
 0.929800 0.024745 0.024745 0.020709
 0.020709 0.024745 0.024745 0.929800
 0.020709 0.024745 0.024745 0.929800
 0.020709 0.933836 0.024745 0.020709
 0.020709 0.024745 0.024745 0.929800
 0.020709 0.933836 0.024745 0.020709
 0.020709 0.933836 0.024745 0.020709
 0.020709 0.024745 0.024745 0.929800
 0.020709 0.024745 0.933836 0.020709

MOTIF 47-AARGAACAAA STREME-47
letter-probability matrix: alength= 4 w= 10 nsites= 244 E= 8.0e-002
 0.999400 0.000212 0.000212 0.000177
 0.999400 0.000212 0.000212 0.000177
 0.314603 0.157232 0.458527 0.069638
 0.000177 0.000212 0.999434 0.000177
 0.999400 0.000212 0.000212 0.000177
 0.999400 0.000212 0.000212 0.000177
 0.000177 0.674268 0.273440 0.052114
 0.861124 0.000212 0.138488 0.000177
 0.997164 0.000212 0.000212 0.002413
 0.786667 0.196781 0.000212 0.016340

MOTIF 48-ATAAGTCTCA STREME-48
letter-probability matrix: alength= 4 w= 10 nsites= 99 E= 1.0e-001
 0.998434 0.000552 0.000552 0.000462
 0.000462 0.000552 0.000552 0.998434
 0.998434 0.000552 0.000552 0.000462
 0.970322 0.028664 0.000552 0.000462
 0.000462 0.000552 0.998524 0.000462
 0.000462 0.000552 0.000552 0.998434
 0.014518 0.984468 0.000552 0.000462
 0.000462 0.000552 0.003260 0.995726
 0.014518 0.935604 0.000552 0.049326
 0.942210 0.000552 0.056776 0.000462

MOTIF 49-CAAGCTGAGGGAGC STREME-49
letter-probability matrix: alength= 4 w= 14 nsites= 80 E= 1.0e-001
 0.000475 0.969556 0.029493 0.000475
 0.998389 0.000568 0.000568 0.000475
 0.983926 0.000568 0.000568 0.014938
 0.000475 0.000568 0.998481 0.000475
 0.000475 0.998481 0.000568 0.000475
 0.246338 0.000568 0.000568 0.752526
 0.029400 0.000568 0.969556 0.000475
 0.998389 0.000568 0.000568 0.000475
 0.000475 0.000568 0.998481 0.000475
 0.000475 0.000568 0.984019 0.014938
 0.014938 0.000568 0.984019 0.000475
 0.983926 0.000568 0.000568 0.014938
 0.029400 0.000568 0.969556 0.000475
 0.000475 0.868319 0.000568 0.130638

MOTIF 50-CCAAAGTGGGAGCCC STREME-50
letter-probability matrix: alength= 4 w= 15 nsites= 41 E= 1.0e-001
 0.020709 0.933836 0.024745 0.020709
 0.020709 0.933836 0.024745 0.020709
 0.929800 0.024745 0.024745 0.020709
 0.929800 0.024745 0.024745 0.020709
 0.929800 0.024745 0.024745 0.020709
 0.020709 0.024745 0.933836 0.020709
 0.020709 0.024745 0.024745 0.929800
 0.020709 0.024745 0.933836 0.020709
 0.020709 0.024745 0.933836 0.020709
 0.020709 0.024745 0.933836 0.020709
 0.929800 0.024745 0.024745 0.020709
 0.020709 0.024745 0.933836 0.020709
 0.020709 0.933836 0.024745 0.020709
 0.020709 0.933836 0.024745 0.020709
 0.020709 0.933836 0.024745 0.020709

MOTIF 51-CGCCACCAC STREME-51
letter-probability matrix: alength= 4 w= 9 nsites= 193 E= 1.2e-001
 0.020709 0.933836 0.024745 0.020709
 0.020709 0.024745 0.933836 0.020709
 0.020709 0.933836 0.024745 0.020709
 0.020709 0.933836 0.024745 0.020709
 0.929800 0.024745 0.024745 0.020709
 0.020709 0.933836 0.024745 0.020709
 0.020709 0.933836 0.024745 0.020709
 0.929800 0.024745 0.024745 0.020709
 0.020709 0.933836 0.024745 0.020709

MOTIF 52-AAAGAGGTTTAAT STREME-52
letter-probability matrix: alength= 4 w= 13 nsites= 108 E= 1.2e-001
 0.966744 0.021797 0.011108 0.000351
 0.983685 0.004856 0.011108 0.000351
 0.988121 0.000420 0.011108 0.000351
 0.053793 0.000420 0.902682 0.043105
 0.977432 0.000420 0.011108 0.011040
 0.053793 0.000420 0.891994 0.053793
 0.053793 0.011108 0.924059 0.011040
 0.011040 0.011108 0.000420 0.977432
 0.000351 0.000420 0.000420 0.998809
 0.000351 0.000420 0.000420 0.998809
 0.977432 0.021797 0.000420 0.000351
 0.902614 0.021797 0.011108 0.064482
 0.032416 0.011108 0.011108 0.945367

MOTIF 53-ACACACACACACACR STREME-53
letter-probability matrix: alength= 4 w= 15 nsites= 242 E= 1.6e-001
 0.998690 0.000462 0.000462 0.000386
 0.000386 0.998766 0.000462 0.000386
 0.980582 0.000462 0.018571 0.000386
 0.000386 0.987011 0.000462 0.012141
 0.993812 0.000462 0.005340 0.000386
 0.000386 0.996501 0.000462 0.002651
 0.975181 0.000462 0.023971 0.000386
 0.000386 0.998766 0.000462 0.000386
 0.975181 0.000462 0.023971 0.000386
 0.000386 0.987011 0.000462 0.012141
 0.991593 0.000462 0.007559 0.000386
 0.000386 0.987011 0.000462 0.012141
 0.998690 0.000462 0.000462 0.000386
 0.000386 0.998766 0.000462 0.000386
 0.542580 0.022859 0.434174 0.000386

MOTIF 54-CTCGTGATCCGC STREME-54
letter-probability matrix: alength= 4 w= 12 nsites= 125 E= 2.1e-001
 0.000322 0.979383 0.000385 0.019911
 0.000322 0.000385 0.019973 0.979320
 0.010116 0.925117 0.000385 0.064382
 0.059088 0.000385 0.930411 0.010116
 0.010116 0.004450 0.010179 0.975255
 0.000322 0.000385 0.989177 0.010116
 0.989115 0.000385 0.000385 0.010116
 0.000322 0.010179 0.000385 0.989115
 0.000322 0.979383 0.010179 0.010116
 0.010116 0.852057 0.000385 0.137443
 0.186414 0.019973 0.783496 0.010116
 0.000322 0.998972 0.000385 0.000322

MOTIF 55-CAGTTCCACATG STREME-55
letter-probability matrix: alength= 4 w= 12 nsites= 85 E= 2.1e-001
 0.027265 0.891295 0.000527 0.080914
 0.971682 0.000527 0.027351 0.000441
 0.000441 0.000527 0.998592 0.000441
 0.000441 0.000527 0.000527 0.998506
 0.000441 0.000527 0.000527 0.998506
 0.000441 0.998592 0.000527 0.000441
 0.027265 0.966201 0.000527 0.006007
 0.931445 0.000527 0.067587 0.000441
 0.000441 0.944943 0.000527 0.054089
 0.837560 0.000527 0.161472 0.000441
 0.000441 0.000527 0.000527 0.998506
 0.000441 0.000527 0.998592 0.000441

MOTIF 56-ATCCCAGCAC STREME-56
letter-probability matrix: alength= 4 w= 10 nsites= 89 E= 2.3e-001
 0.929800 0.024745 0.024745 0.020709
 0.020709 0.024745 0.024745 0.929800
 0.020709 0.933836 0.024745 0.020709
 0.020709 0.933836 0.024745 0.020709
 0.020709 0.933836 0.024745 0.020709
 0.929800 0.024745 0.024745 0.020709
 0.020709 0.024745 0.933836 0.020709
 0.020709 0.933836 0.024745 0.020709
 0.929800 0.024745 0.024745 0.020709
 0.020709 0.933836 0.024745 0.020709

MOTIF 57-TAAAAATA STREME-57
letter-probability matrix: alength= 4 w= 8 nsites= 640 E= 2.4e-001
 0.000517 0.000618 0.000618 0.998248
 0.998248 0.000618 0.000618 0.000517
 0.970959 0.000618 0.000618 0.027806
 0.730243 0.026704 0.049840 0.193212
 0.679908 0.063790 0.149834 0.106468
 0.998248 0.000618 0.000618 0.000517
 0.000517 0.000618 0.000618 0.998248
 0.998248 0.000618 0.000618 0.000517

MOTIF 58-GCAGTGAGCCGA STREME-58
letter-probability matrix: alength= 4 w= 12 nsites= 151 E= 3.4e-001
 0.008532 0.008585 0.974350 0.008532
 0.000271 0.990872 0.000324 0.008532
 0.970869 0.000324 0.020274 0.008532
 0.016793 0.000324 0.974350 0.008532
 0.008532 0.000324 0.001916 0.989228
 0.008532 0.000324 0.990872 0.000271
 0.990819 0.000324 0.000324 0.008532
 0.016793 0.000324 0.982611 0.000271
 0.000271 0.970922 0.003753 0.025054
 0.017966 0.813487 0.023376 0.145170
 0.144641 0.029042 0.817785 0.008532
 0.945708 0.012392 0.033368 0.008532

MOTIF 59-GCTGTAACACTCAC STREME-59
letter-probability matrix: alength= 4 w= 14 nsites= 168 E= 3.4e-001
 0.145645 0.006572 0.847576 0.000208
 0.000208 0.942426 0.012895 0.044471
 0.012854 0.038188 0.000248 0.948709
 0.082411 0.012895 0.898163 0.006531
 0.000208 0.000248 0.000248 0.999296
 0.974002 0.000248 0.025542 0.000208
 0.986649 0.000248 0.012895 0.000208
 0.000208 0.955073 0.000248 0.044471
 0.961355 0.000248 0.038188 0.000208
 0.025501 0.955073 0.000248 0.019178
 0.000208 0.012895 0.006572 0.980326
 0.000208 0.923456 0.038188 0.038148
 0.961355 0.000248 0.025542 0.012854
 0.025501 0.967719 0.000248 0.006531

MOTIF 60-AGCAAGATTTATTG STREME-60
letter-probability matrix: alength= 4 w= 14 nsites= 96 E= 3.4e-001
 0.952821 0.011926 0.023401 0.011852
 0.023328 0.023401 0.941419 0.011852
 0.000377 0.952894 0.034876 0.011852
 0.998722 0.000451 0.000451 0.000377
 0.964296 0.000451 0.034876 0.000377
 0.034803 0.046352 0.906993 0.011852
 0.895445 0.011926 0.080777 0.011852
 0.023328 0.046352 0.023401 0.906920
 0.023328 0.023401 0.023401 0.929870
 0.000377 0.023401 0.000451 0.975771
 0.952821 0.023401 0.023401 0.000377
 0.011852 0.046352 0.023401 0.918395
 0.000377 0.046352 0.000451 0.952821
 0.092179 0.000451 0.906993 0.000377

MOTIF 61-CTCTGTCGCCCAGGC STREME-61
letter-probability matrix: alength= 4 w= 15 nsites= 149 E= 3.4e-001
 0.007418 0.963336 0.021828 0.007418
 0.007418 0.014646 0.000282 0.977654
 0.007418 0.927426 0.029010 0.036146
 0.014600 0.014646 0.000282 0.970472
 0.007418 0.000282 0.901010 0.091290
 0.000236 0.036192 0.007464 0.956108
 0.021782 0.780806 0.108012 0.089401
 0.129512 0.014646 0.762241 0.093602
 0.000236 0.977700 0.000282 0.021782
 0.028964 0.891516 0.036192 0.043328
 0.043328 0.884334 0.029010 0.043328
 0.948926 0.007464 0.021828 0.021782
 0.014600 0.043374 0.920244 0.021782
 0.075037 0.014646 0.866989 0.043328
 0.000236 0.941790 0.036192 0.021782

MOTIF 62-ATCATGGGGGYRGKT STREME-62
letter-probability matrix: alength= 4 w= 15 nsites= 154 E= 3.4e-001
 0.938496 0.000265 0.061017 0.000222
 0.000222 0.000265 0.000265 0.999248
 0.020472 0.925039 0.007015 0.047473
 0.945247 0.000265 0.054266 0.000222
 0.000222 0.061017 0.000265 0.938496
 0.074474 0.027266 0.898039 0.000222
 0.074474 0.007015 0.918289 0.000222
 0.081224 0.047516 0.850787 0.020472
 0.087974 0.013765 0.877788 0.020472
 0.067724 0.013765 0.884538 0.033973
 0.033973 0.560530 0.027266 0.378232
 0.391732 0.000265 0.607781 0.000222
 0.081224 0.007015 0.857538 0.054223
 0.155476 0.007015 0.344524 0.492985
 0.000222 0.047516 0.020516 0.931746

MOTIF 63-GCGTGAGCC STREME-63
letter-probability matrix: alength= 4 w= 9 nsites= 172 E= 4.0e-001
 0.020709 0.024745 0.933836 0.020709
 0.020709 0.933836 0.024745 0.020709
 0.020709 0.024745 0.933836 0.020709
 0.020709 0.024745 0.024745 0.929800
 0.020709 0.024745 0.933836 0.020709
 0.929800 0.024745 0.024745 0.020709
 0.020709 0.024745 0.933836 0.020709
 0.020709 0.933836 0.024745 0.020709
 0.020709 0.933836 0.024745 0.020709

MOTIF 64-GGCCTCCCAAA STREME-64
letter-probability matrix: alength= 4 w= 11 nsites= 94 E= 4.1e-001
 0.000511 0.000610 0.998368 0.000511
 0.000511 0.000610 0.998368 0.000511
 0.000511 0.998368 0.000610 0.000511
 0.000511 0.848812 0.024556 0.126121
 0.000511 0.000610 0.000610 0.998268
 0.000511 0.998368 0.000610 0.000511
 0.000511 0.998368 0.000610 0.000511
 0.000511 0.998368 0.000610 0.000511
 0.982725 0.000610 0.016154 0.000511
 0.998268 0.000610 0.000610 0.000511
 0.998268 0.000610 0.000610 0.000511

MOTIF 65-CTCCTCACTTCC STREME-65
letter-probability matrix: alength= 4 w= 12 nsites= 89 E= 4.1e-001
 0.013922 0.971627 0.014008 0.000443
 0.000443 0.000529 0.000529 0.998498
 0.108274 0.890753 0.000529 0.000443
 0.067837 0.863796 0.027487 0.040880
 0.000443 0.000529 0.000529 0.998498
 0.027401 0.944669 0.000529 0.027401
 0.998498 0.000529 0.000529 0.000443
 0.000443 0.998585 0.000529 0.000443
 0.000443 0.000529 0.027487 0.971541
 0.000443 0.000529 0.000529 0.998498
 0.000443 0.998585 0.000529 0.000443
 0.000443 0.998585 0.000529 0.000443

MOTIF 66-CCATGTAAGAHGT STREME-66
letter-probability matrix: alength= 4 w= 13 nsites= 119 E= 4.1e-001
 0.000287 0.978002 0.000343 0.021368
 0.009016 0.929251 0.035259 0.026474
 0.885549 0.043988 0.061447 0.009016
 0.017745 0.087634 0.000343 0.894278
 0.000287 0.000343 0.999083 0.000287
 0.017745 0.000343 0.009072 0.972840
 0.955382 0.009072 0.035259 0.000287
 0.955382 0.043988 0.000343 0.000287
 0.043932 0.009072 0.937980 0.009016
 0.972840 0.000343 0.017801 0.009016
 0.222137 0.419340 0.000343 0.358180
 0.265783 0.000343 0.724858 0.009016
 0.009016 0.017801 0.000343 0.972840

MOTIF 67-AATGSACCAATCAG STREME-67
letter-probability matrix: alength= 4 w= 14 nsites= 98 E= 4.1e-001
 0.987806 0.000431 0.000431 0.011332
 0.965863 0.033346 0.000431 0.000361
 0.000361 0.121119 0.000431 0.878090
 0.000361 0.000431 0.998848 0.000361
 0.011332 0.395409 0.592898 0.000361
 0.976834 0.000431 0.022374 0.000361
 0.000361 0.998848 0.000431 0.000361
 0.000361 0.987876 0.000431 0.011332
 0.998778 0.000431 0.000431 0.000361
 0.976834 0.000431 0.022374 0.000361
 0.000361 0.022374 0.000431 0.976834
 0.000361 0.987876 0.011402 0.000361
 0.987806 0.000431 0.011402 0.000361
 0.022304 0.000431 0.976905 0.000361

MOTIF 68-AGCCCCGGTTCCCGC STREME-68
letter-probability matrix: alength= 4 w= 15 nsites= 69 E= 4.1e-001
 0.933841 0.016724 0.032815 0.016620
 0.016620 0.032815 0.933944 0.016620
 0.016620 0.966127 0.000632 0.016620
 0.000529 0.950036 0.016724 0.032712
 0.000529 0.982219 0.016724 0.000529
 0.000529 0.805211 0.081090 0.113170
 0.193628 0.000632 0.805211 0.000529
 0.048804 0.016724 0.933944 0.000529
 0.000529 0.016724 0.000632 0.982116
 0.000529 0.000632 0.000632 0.998207
 0.000529 0.966127 0.016724 0.016620
 0.000529 0.966127 0.000632 0.032712
 0.032712 0.773028 0.000632 0.193628
 0.097078 0.032815 0.853486 0.016620
 0.016620 0.950036 0.000632 0.032712

MOTIF 69-AAGATAA STREME-69
letter-probability matrix: alength= 4 w= 7 nsites= 251 E= 6.0e-001
 0.929800 0.024745 0.024745 0.020709
 0.929800 0.024745 0.024745 0.020709
 0.020709 0.024745 0.933836 0.020709
 0.929800 0.024745 0.024745 0.020709
 0.020709 0.024745 0.024745 0.929800
 0.929800 0.024745 0.024745 0.020709
 0.929800 0.024745 0.024745 0.020709

MOTIF 70-GAAATGCA STREME-70
letter-probability matrix: alength= 4 w= 8 nsites= 174 E= 7.8e-001
 0.020709 0.024745 0.933836 0.020709
 0.929800 0.024745 0.024745 0.020709
 0.929800 0.024745 0.024745 0.020709
 0.929800 0.024745 0.024745 0.020709
 0.020709 0.024745 0.024745 0.929800
 0.020709 0.024745 0.933836 0.020709
 0.020709 0.933836 0.024745 0.020709
 0.929800 0.024745 0.024745 0.020709

MOTIF 71-CTCGTGATCC STREME-71
letter-probability matrix: alength= 4 w= 10 nsites= 46 E= 8.3e-001
 0.020709 0.933836 0.024745 0.020709
 0.020709 0.024745 0.024745 0.929800
 0.020709 0.933836 0.024745 0.020709
 0.020709 0.024745 0.933836 0.020709
 0.020709 0.024745 0.024745 0.929800
 0.020709 0.024745 0.933836 0.020709
 0.929800 0.024745 0.024745 0.020709
 0.020709 0.024745 0.024745 0.929800
 0.020709 0.933836 0.024745 0.020709
 0.020709 0.933836 0.024745 0.020709

MOTIF 72-CTCCAGACGCGCCRC STREME-72
letter-probability matrix: alength= 4 w= 15 nsites= 87 E= 8.3e-001
 0.000391 0.998752 0.000467 0.000391
 0.000391 0.000467 0.012351 0.986792
 0.000391 0.974983 0.012351 0.012275
 0.000391 0.998752 0.000467 0.000391
 0.832295 0.012351 0.154963 0.000391
 0.000391 0.000467 0.998752 0.000391
 0.986792 0.012351 0.000467 0.000391
 0.000391 0.796718 0.024235 0.178656
 0.249962 0.000467 0.749181 0.000391
 0.000391 0.963099 0.000467 0.036044
 0.059812 0.012351 0.927446 0.000391
 0.012275 0.974983 0.012351 0.000391
 0.000391 0.701643 0.000467 0.297499
 0.440112 0.000467 0.559031 0.000391
 0.012275 0.963099 0.012351 0.012275

MOTIF 73-CTGCAATCGCAGGCA STREME-73
letter-probability matrix: alength= 4 w= 15 nsites= 60 E= 8.3e-001
 0.000630 0.997986 0.000753 0.000630
 0.000630 0.019931 0.019931 0.959508
 0.000630 0.000753 0.997986 0.000630
 0.000630 0.978809 0.000753 0.019808
 0.997863 0.000753 0.000753 0.000630
 0.978686 0.019931 0.000753 0.000630
 0.000630 0.000753 0.000753 0.997863
 0.000630 0.902099 0.000753 0.096518
 0.058163 0.211706 0.710323 0.019808
 0.000630 0.997986 0.000753 0.000630
 0.959508 0.000753 0.039108 0.000630
 0.000630 0.019931 0.978809 0.000630
 0.000630 0.000753 0.997986 0.000630
 0.000630 0.978809 0.019931 0.000630
 0.978686 0.000753 0.019931 0.000630

MOTIF 74-GTTCCCCTGCACAMG STREME-74
letter-probability matrix: alength= 4 w= 15 nsites= 59 E= 8.3e-001
 0.021909 0.043256 0.934138 0.000697
 0.000697 0.043256 0.000833 0.955214
 0.021909 0.022044 0.000833 0.955214
 0.000697 0.743235 0.000833 0.255235
 0.000697 0.976561 0.000833 0.021909
 0.021909 0.955350 0.000833 0.021909
 0.000697 0.955350 0.000833 0.043120
 0.000697 0.022044 0.000833 0.976425
 0.021909 0.000833 0.976561 0.000697
 0.000697 0.997773 0.000833 0.000697
 0.997637 0.000833 0.000833 0.000697
 0.021909 0.955350 0.022044 0.000697
 0.934002 0.022044 0.022044 0.021909
 0.318869 0.552332 0.000833 0.127966
 0.149178 0.000833 0.849292 0.000697

MOTIF 75-CCCACCAATTCCGG STREME-75
letter-probability matrix: alength= 4 w= 14 nsites= 53 E= 1.7e+000
 0.000819 0.997384 0.000978 0.000819
 0.025729 0.972474 0.000978 0.000819
 0.025729 0.947564 0.000978 0.025729
 0.947405 0.000978 0.025888 0.025729
 0.025729 0.947564 0.000978 0.025729
 0.000819 0.922654 0.050799 0.025729
 0.972315 0.000978 0.025888 0.000819
 0.997225 0.000978 0.000978 0.000819
 0.000819 0.000978 0.000978 0.997225
 0.000819 0.000978 0.000978 0.997225
 0.000819 0.997384 0.000978 0.000819
 0.000819 0.922654 0.000978 0.075549
 0.125369 0.000978 0.847923 0.025729
 0.050639 0.000978 0.947564 0.000819

MOTIF 76-ATAAGGGAATAAAAG STREME-76
letter-probability matrix: alength= 4 w= 15 nsites= 88 E= 1.7e+000
 0.986303 0.000484 0.012808 0.000405
 0.025052 0.012808 0.000484 0.961656
 0.998627 0.000484 0.000484 0.000405
 0.998627 0.000484 0.000484 0.000405
 0.037376 0.012808 0.937087 0.012729
 0.296175 0.000484 0.678289 0.025052
 0.037376 0.037455 0.924764 0.000405
 0.973980 0.000484 0.000484 0.025052
 0.986303 0.000484 0.012808 0.000405
 0.000405 0.000484 0.000484 0.998627
 0.998627 0.000484 0.000484 0.000405
 0.986303 0.000484 0.012808 0.000405
 0.986303 0.000484 0.000484 0.012729
 0.937008 0.025131 0.025131 0.012729
 0.086671 0.025131 0.863145 0.025052

MOTIF 77-GGAGGTGTGGAGGGA STREME-77
letter-probability matrix: alength= 4 w= 15 nsites= 80 E= 1.7e+000
 0.054392 0.000530 0.931148 0.013930
 0.027418 0.027504 0.944635 0.000443
 0.998497 0.000530 0.000530 0.000443
 0.027418 0.000530 0.971609 0.000443
 0.000443 0.000530 0.985097 0.013930
 0.013930 0.014017 0.000530 0.971523
 0.027418 0.000530 0.944635 0.027418
 0.013930 0.000530 0.014017 0.971523
 0.027418 0.000530 0.971609 0.000443
 0.000443 0.000530 0.998584 0.000443
 0.998497 0.000530 0.000530 0.000443
 0.013930 0.000530 0.985097 0.000443
 0.040905 0.000530 0.958122 0.000443
 0.000443 0.000530 0.998584 0.000443
 0.998497 0.000530 0.000530 0.000443

MOTIF 78-CACTCTTTGGGTCCR STREME-78
letter-probability matrix: alength= 4 w= 15 nsites= 77 E= 1.7e+000
 0.000475 0.897244 0.015030 0.087250
 0.983926 0.000568 0.015030 0.000475
 0.000475 0.926169 0.029493 0.043863
 0.000475 0.015030 0.015030 0.969464
 0.000475 0.955094 0.043955 0.000475
 0.000475 0.000568 0.000568 0.998389
 0.000475 0.000568 0.000568 0.998389
 0.000475 0.000568 0.000568 0.998389
 0.000475 0.015030 0.984019 0.000475
 0.014938 0.000568 0.984019 0.000475
 0.000475 0.000568 0.998481 0.000475
 0.000475 0.000568 0.000568 0.998389
 0.000475 0.984019 0.000568 0.014938
 0.000475 0.781544 0.000568 0.217413
 0.550051 0.015030 0.434443 0.000475

MOTIF 79-ACACATCYGAACATC STREME-79
letter-probability matrix: alength= 4 w= 15 nsites= 73 E= 1.7e+000
 0.998316 0.000594 0.000594 0.000497
 0.000497 0.968176 0.000594 0.030734
 0.983197 0.000594 0.015712 0.000497
 0.000497 0.968176 0.000594 0.030734
 0.937842 0.000594 0.061068 0.000497
 0.015615 0.000594 0.000594 0.983197
 0.000497 0.937939 0.045949 0.015615
 0.000497 0.469266 0.015712 0.514525
 0.045852 0.000594 0.953057 0.000497
 0.998316 0.000594 0.000594 0.000497
 0.998316 0.000594 0.000594 0.000497
 0.000497 0.968176 0.000594 0.030734
 0.952960 0.000594 0.045949 0.000497
 0.015615 0.015712 0.015712 0.952960
 0.000497 0.983294 0.000594 0.015615

MOTIF 80-AATACGAAAACCAGT STREME-80
letter-probability matrix: alength= 4 w= 15 nsites= 62 E= 1.7e+000
 0.929800 0.024745 0.024745 0.020709
 0.929800 0.024745 0.024745 0.020709
 0.020709 0.024745 0.024745 0.929800
 0.929800 0.024745 0.024745 0.020709
 0.020709 0.933836 0.024745 0.020709
 0.020709 0.024745 0.933836 0.020709
 0.929800 0.024745 0.024745 0.020709
 0.929800 0.024745 0.024745 0.020709
 0.929800 0.024745 0.024745 0.020709
 0.929800 0.024745 0.024745 0.020709
 0.020709 0.933836 0.024745 0.020709
 0.020709 0.933836 0.024745 0.020709
 0.929800 0.024745 0.024745 0.020709
 0.020709 0.024745 0.933836 0.020709
 0.020709 0.024745 0.024745 0.929800

MOTIF 81-GCAGCGGCAACCCGC STREME-81
letter-probability matrix: alength= 4 w= 15 nsites= 74 E= 1.7e+000
 0.000561 0.017747 0.981130 0.000561
 0.017638 0.981130 0.000671 0.000561
 0.929791 0.017747 0.034824 0.017638
 0.017638 0.000671 0.946977 0.034715
 0.017638 0.793286 0.034824 0.154252
 0.144262 0.000671 0.837429 0.017638
 0.017638 0.034824 0.912823 0.034715
 0.017638 0.929900 0.034824 0.017638
 0.981021 0.000671 0.017747 0.000561
 0.827330 0.034824 0.120208 0.017638
 0.000561 0.895747 0.034824 0.068868
 0.000561 0.929900 0.034824 0.034715
 0.017638 0.769122 0.017747 0.195492
 0.137175 0.000671 0.861593 0.000561
 0.000561 0.912823 0.017747 0.068868

MOTIF 82-ATGAGAATCTAATGC STREME-82
letter-probability matrix: alength= 4 w= 15 nsites= 41 E= 1.7e+000
 0.824617 0.069972 0.104284 0.001128
 0.001128 0.035660 0.001347 0.961865
 0.001128 0.001347 0.962085 0.035440
 0.996177 0.001347 0.001347 0.001128
 0.001128 0.001347 0.996397 0.001128
 0.996177 0.001347 0.001347 0.001128
 0.961865 0.035660 0.001347 0.001128
 0.001128 0.001347 0.001347 0.996177
 0.001128 0.927773 0.069972 0.001128
 0.001128 0.001347 0.035660 0.961865
 0.927553 0.001347 0.069972 0.001128
 0.927553 0.035660 0.035660 0.001128
 0.001128 0.172908 0.001347 0.824617
 0.001128 0.001347 0.996397 0.001128
 0.001128 0.962085 0.035660 0.001128

MOTIF 83-ACCATGTTRG STREME-83
letter-probability matrix: alength= 4 w= 10 nsites= 113 E= 1.9e+000
 0.741597 0.000342 0.160731 0.097330
 0.000286 0.999086 0.000342 0.000286
 0.000286 0.980875 0.014942 0.003897
 0.763711 0.000342 0.235662 0.000286
 0.000286 0.000342 0.000342 0.999031
 0.040756 0.000342 0.958617 0.000286
 0.000286 0.000342 0.000342 0.999031
 0.000286 0.002301 0.000342 0.997071
 0.350197 0.020350 0.629167 0.000286
 0.024566 0.042367 0.875950 0.057117

MOTIF 84-GCTTCAYTCYTGA STREME-84
letter-probability matrix: alength= 4 w= 13 nsites= 168 E= 1.9e+000
 0.014006 0.000271 0.985497 0.000226
 0.000226 0.964828 0.007160 0.027785
 0.000226 0.000271 0.000271 0.999232
 0.000226 0.000271 0.000271 0.999232
 0.007116 0.971718 0.000271 0.020896
 0.971674 0.000271 0.027829 0.000226
 0.000226 0.579005 0.014050 0.406719
 0.000226 0.000271 0.007160 0.992343
 0.000226 0.971718 0.000271 0.027785
 0.000226 0.537667 0.000271 0.461836
 0.007116 0.000271 0.007160 0.985453
 0.007116 0.048498 0.944159 0.000226
 0.971674 0.027829 0.000271 0.000226

MOTIF 85-AGCCTCAACCTCCTG STREME-85
letter-probability matrix: alength= 4 w= 15 nsites= 107 E= 1.9e+000
 0.922524 0.046067 0.015753 0.015656
 0.000498 0.000595 0.998408 0.000498
 0.000498 0.983251 0.000595 0.015656
 0.015656 0.937779 0.000595 0.045970
 0.000498 0.000595 0.000595 0.998311
 0.000498 0.846834 0.000595 0.152072
 0.664848 0.030910 0.273429 0.030813
 0.983154 0.000595 0.000595 0.015656
 0.152072 0.712994 0.030910 0.104024
 0.037104 0.855701 0.030910 0.076285
 0.015656 0.000595 0.000595 0.983154
 0.000498 0.937779 0.000595 0.061128
 0.000498 0.922621 0.030910 0.045970
 0.030813 0.076382 0.061225 0.831580
 0.000498 0.000595 0.907464 0.091443

MOTIF 86-TAGCTGGGA STREME-86
letter-probability matrix: alength= 4 w= 9 nsites= 167 E= 2.0e+000
 0.020709 0.024745 0.024745 0.929800
 0.929800 0.024745 0.024745 0.020709
 0.020709 0.024745 0.933836 0.020709
 0.020709 0.933836 0.024745 0.020709
 0.020709 0.024745 0.024745 0.929800
 0.020709 0.024745 0.933836 0.020709
 0.020709 0.024745 0.933836 0.020709
 0.020709 0.024745 0.933836 0.020709
 0.929800 0.024745 0.024745 0.020709

MOTIF 87-CAATYACCTCCC STREME-87
letter-probability matrix: alength= 4 w= 12 nsites= 100 E= 2.0e+000
 0.000448 0.984936 0.000535 0.014081
 0.957582 0.000535 0.014168 0.027714
 0.704820 0.014168 0.280564 0.000448
 0.000448 0.000535 0.000535 0.998481
 0.014081 0.344792 0.000535 0.640592
 0.998481 0.000535 0.000535 0.000448
 0.000448 0.839362 0.000535 0.159655
 0.000448 0.998569 0.000535 0.000448
 0.000448 0.000535 0.014168 0.984848
 0.000448 0.984936 0.014168 0.000448
 0.000448 0.992910 0.006194 0.000448
 0.027714 0.957670 0.000535 0.014081

MOTIF 88-AGGCCGAGG STREME-88
letter-probability matrix: alength= 4 w= 9 nsites= 147 E= 2.2e+000
 0.929800 0.024745 0.024745 0.020709
 0.020709 0.024745 0.933836 0.020709
 0.020709 0.024745 0.933836 0.020709
 0.020709 0.933836 0.024745 0.020709
 0.020709 0.933836 0.024745 0.020709
 0.020709 0.024745 0.933836 0.020709
 0.929800 0.024745 0.024745 0.020709
 0.020709 0.024745 0.933836 0.020709
 0.020709 0.024745 0.933836 0.020709

MOTIF 89-AAAATTAGCC STREME-89
letter-probability matrix: alength= 4 w= 10 nsites= 89 E= 3.0e+000
 0.929800 0.024745 0.024745 0.020709
 0.929800 0.024745 0.024745 0.020709
 0.929800 0.024745 0.024745 0.020709
 0.929800 0.024745 0.024745 0.020709
 0.020709 0.024745 0.024745 0.929800
 0.020709 0.024745 0.024745 0.929800
 0.929800 0.024745 0.024745 0.020709
 0.020709 0.024745 0.933836 0.020709
 0.020709 0.933836 0.024745 0.020709
 0.020709 0.933836 0.024745 0.020709

MOTIF 90-TCAGTGCTCA STREME-90
letter-probability matrix: alength= 4 w= 10 nsites= 66 E= 3.3e+000
 0.020709 0.024745 0.024745 0.929800
 0.020709 0.933836 0.024745 0.020709
 0.929800 0.024745 0.024745 0.020709
 0.020709 0.024745 0.933836 0.020709
 0.020709 0.024745 0.024745 0.929800
 0.020709 0.024745 0.933836 0.020709
 0.020709 0.933836 0.024745 0.020709
 0.020709 0.024745 0.024745 0.929800
 0.020709 0.933836 0.024745 0.020709
 0.929800 0.024745 0.024745 0.020709

MOTIF 91-GAAAGAAAGAAA STREME-91
letter-probability matrix: alength= 4 w= 12 nsites= 58 E= 3.3e+000
 0.020709 0.024745 0.933836 0.020709
 0.929800 0.024745 0.024745 0.020709
 0.929800 0.024745 0.024745 0.020709
 0.929800 0.024745 0.024745 0.020709
 0.020709 0.024745 0.933836 0.020709
 0.929800 0.024745 0.024745 0.020709
 0.929800 0.024745 0.024745 0.020709
 0.929800 0.024745 0.024745 0.020709
 0.020709 0.024745 0.933836 0.020709
 0.929800 0.024745 0.024745 0.020709
 0.929800 0.024745 0.024745 0.020709
 0.929800 0.024745 0.024745 0.020709

MOTIF 92-ACTTTTTAATGA STREME-92
letter-probability matrix: alength= 4 w= 12 nsites= 42 E= 3.3e+000
 0.997001 0.001057 0.001057 0.000885
 0.000885 0.997173 0.001057 0.000885
 0.027807 0.001057 0.001057 0.970079
 0.000885 0.001057 0.027979 0.970079
 0.000885 0.001057 0.001057 0.997001
 0.000885 0.001057 0.001057 0.997001
 0.000885 0.027979 0.027979 0.943157
 0.997001 0.001057 0.001057 0.000885
 0.997001 0.001057 0.001057 0.000885
 0.000885 0.054901 0.001057 0.943157
 0.000885 0.001057 0.997173 0.000885
 0.997001 0.001057 0.001057 0.000885

MOTIF 93-AGTTCCGGGTGGG STREME-93
letter-probability matrix: alength= 4 w= 13 nsites= 53 E= 3.3e+000
 0.997686 0.000816 0.000816 0.000683
 0.000683 0.021587 0.977048 0.000683
 0.000683 0.000816 0.000816 0.997686
 0.021454 0.000816 0.000816 0.976915
 0.000683 0.997819 0.000816 0.000683
 0.021454 0.852423 0.000816 0.125308
 0.166850 0.000816 0.831652 0.000683
 0.021454 0.000816 0.977048 0.000683
 0.000683 0.000816 0.977048 0.021454
 0.000683 0.000816 0.000816 0.997686
 0.000683 0.000816 0.977048 0.021454
 0.000683 0.000816 0.997819 0.000683
 0.021454 0.000816 0.956277 0.021454

MOTIF 94-CCAGCCTGGCCAA STREME-94
letter-probability matrix: alength= 4 w= 13 nsites= 51 E= 3.3e+000
 0.000786 0.997488 0.000939 0.000786
 0.010714 0.977632 0.000939 0.010714
 0.973414 0.024860 0.000939 0.000786
 0.000786 0.000939 0.949646 0.048628
 0.000786 0.949646 0.000939 0.048628
 0.000786 0.949646 0.024860 0.024707
 0.000786 0.024860 0.000939 0.973414
 0.010714 0.024860 0.953711 0.010714
 0.120391 0.072702 0.806121 0.000786
 0.120391 0.806121 0.024860 0.048628
 0.000786 0.973567 0.000939 0.024707
 0.997335 0.000939 0.000939 0.000786
 0.997335 0.000939 0.000939 0.000786

MOTIF 95-CAKCGTCTGGGAWG STREME-95
letter-probability matrix: alength= 4 w= 14 nsites= 61 E= 3.3e+000
 0.018234 0.962838 0.000693 0.018234
 0.998033 0.000693 0.000693 0.000580
 0.000580 0.000693 0.371428 0.627298
 0.000580 0.971665 0.018347 0.009407
 0.159467 0.000693 0.839260 0.000580
 0.000580 0.000693 0.000693 0.998033
 0.000580 0.998146 0.000693 0.000580
 0.000580 0.000693 0.000693 0.998033
 0.018234 0.000693 0.980492 0.000580
 0.106504 0.000693 0.892222 0.000580
 0.000580 0.000693 0.998146 0.000580
 0.998033 0.000693 0.000693 0.000580
 0.406623 0.053655 0.000693 0.539028
 0.000580 0.000693 0.998146 0.000580

MOTIF 96-CCTTGGTCTAGCGG STREME-96
letter-probability matrix: alength= 4 w= 14 nsites= 53 E= 3.3e+000
 0.000712 0.954382 0.044193 0.000712
 0.000712 0.932711 0.065865 0.000712
 0.000712 0.000851 0.152549 0.845888
 0.000712 0.000851 0.000851 0.997586
 0.000712 0.000851 0.997725 0.000712
 0.000712 0.000851 0.976053 0.022383
 0.000712 0.022522 0.000851 0.975915
 0.000712 0.997725 0.000851 0.000712
 0.130739 0.022522 0.000851 0.845888
 0.954243 0.000851 0.044193 0.000712
 0.022383 0.000851 0.976053 0.000712
 0.000712 0.824355 0.022522 0.152410
 0.022383 0.000851 0.976053 0.000712
 0.000712 0.022522 0.976053 0.000712

MOTIF 97-CTGTGTCTAGCTAA STREME-97
letter-probability matrix: alength= 4 w= 14 nsites= 57 E= 3.3e+000
 0.000744 0.907009 0.000890 0.091356
 0.000744 0.000890 0.000890 0.997476
 0.046050 0.023543 0.929662 0.000744
 0.000744 0.000890 0.000890 0.997476
 0.159315 0.000890 0.839050 0.000744
 0.000744 0.000890 0.023543 0.974823
 0.000744 0.929662 0.046196 0.023397
 0.000744 0.000890 0.000890 0.997476
 0.974823 0.000890 0.000890 0.023397
 0.023397 0.000890 0.974968 0.000744
 0.023397 0.952315 0.000890 0.023397
 0.000744 0.000890 0.000890 0.997476
 0.929517 0.046196 0.023543 0.000744
 0.929517 0.068849 0.000890 0.000744

MOTIF 98-TACAATTCAAGATGA STREME-98
letter-probability matrix: alength= 4 w= 15 nsites= 62 E= 3.3e+000
 0.000546 0.067160 0.000653 0.931641
 0.931641 0.000653 0.067160 0.000546
 0.017173 0.865241 0.000653 0.116933
 0.931641 0.033906 0.033906 0.000546
 0.865134 0.000653 0.050533 0.083680
 0.050427 0.083786 0.000653 0.865134
 0.017173 0.000653 0.050533 0.931641
 0.017173 0.948374 0.033906 0.000546
 0.898388 0.017280 0.067160 0.017173
 0.898388 0.017280 0.083786 0.000546
 0.017173 0.250053 0.715600 0.017173
 0.831881 0.017280 0.100413 0.050427
 0.017173 0.000653 0.017280 0.964894
 0.033800 0.000653 0.965001 0.000546
 0.998148 0.000653 0.000653 0.000546

MOTIF 99-CTGTAATCC STREME-99
letter-probability matrix: alength= 4 w= 9 nsites= 77 E= 3.7e+000
 0.020709 0.933836 0.024745 0.020709
 0.020709 0.024745 0.024745 0.929800
 0.020709 0.024745 0.933836 0.020709
 0.020709 0.024745 0.024745 0.929800
 0.929800 0.024745 0.024745 0.020709
 0.929800 0.024745 0.024745 0.020709
 0.020709 0.024745 0.024745 0.929800
 0.020709 0.933836 0.024745 0.020709
 0.020709 0.933836 0.024745 0.020709

MOTIF 100-GGCGGCCGGGCAGA STREME-100
letter-probability matrix: alength= 4 w= 14 nsites= 87 E= 3.7e+000
 0.013217 0.038893 0.947469 0.000421
 0.000421 0.000503 0.998656 0.000421
 0.000421 0.985859 0.000503 0.013217
 0.026014 0.000503 0.973063 0.000421
 0.000421 0.000503 0.998656 0.000421
 0.000421 0.998656 0.000503 0.000421
 0.013217 0.921875 0.000503 0.064405
 0.013217 0.000503 0.985859 0.000421
 0.026014 0.000503 0.973063 0.000421
 0.000421 0.000503 0.998656 0.000421
 0.064405 0.934672 0.000503 0.000421
 0.972981 0.000503 0.026096 0.000421
 0.000421 0.000503 0.998656 0.000421
 0.998574 0.000503 0.000503 0.000421

MOTIF 101-GTTGTGGGAGGGACC STREME-101
letter-probability matrix: alength= 4 w= 15 nsites= 72 E= 3.7e+000
 0.000512 0.000612 0.998363 0.000512
 0.000512 0.016202 0.000612 0.982673
 0.000512 0.187691 0.016202 0.795595
 0.172001 0.000612 0.826875 0.000512
 0.047282 0.062972 0.016202 0.873544
 0.000512 0.000612 0.998363 0.000512
 0.031692 0.016202 0.936004 0.016102
 0.062872 0.000612 0.936004 0.000512
 0.982673 0.000612 0.016202 0.000512
 0.031692 0.016202 0.951593 0.000512
 0.062872 0.000612 0.936004 0.000512
 0.062872 0.031792 0.858054 0.047282
 0.998263 0.000612 0.000612 0.000512
 0.203180 0.780105 0.000612 0.016102
 0.000512 0.811285 0.078562 0.109641

MOTIF 102-CGCTTGCGGGCCAGC STREME-102
letter-probability matrix: alength= 4 w= 15 nsites= 43 E= 3.7e+000
 0.000935 0.797833 0.001117 0.200114
 0.029389 0.001117 0.940104 0.029389
 0.000935 0.997012 0.001117 0.000935
 0.000935 0.001117 0.001117 0.996830
 0.000935 0.029572 0.001117 0.968376
 0.000935 0.001117 0.997012 0.000935
 0.000935 0.968558 0.001117 0.029389
 0.086298 0.001117 0.911650 0.000935
 0.029389 0.001117 0.968558 0.000935
 0.000935 0.001117 0.997012 0.000935
 0.000935 0.940104 0.001117 0.057843
 0.000935 0.997012 0.001117 0.000935
 0.996830 0.001117 0.001117 0.000935
 0.000935 0.001117 0.997012 0.000935
 0.000935 0.968558 0.001117 0.029389

MOTIF 103-CGACAGAGC STREME-103
letter-probability matrix: alength= 4 w= 9 nsites= 94 E= 4.2e+000
 0.020709 0.933836 0.024745 0.020709
 0.020709 0.024745 0.933836 0.020709
 0.929800 0.024745 0.024745 0.020709
 0.020709 0.933836 0.024745 0.020709
 0.929800 0.024745 0.024745 0.020709
 0.020709 0.024745 0.933836 0.020709
 0.929800 0.024745 0.024745 0.020709
 0.020709 0.024745 0.933836 0.020709
 0.020709 0.933836 0.024745 0.020709

MOTIF 104-GTCTGCTAAGTARYG STREME-104
letter-probability matrix: alength= 4 w= 15 nsites= 43 E= 6.6e+000
 0.000819 0.000978 0.972474 0.025729
 0.000819 0.000978 0.025888 0.972315
 0.050639 0.897744 0.000978 0.050639
 0.050639 0.075709 0.000978 0.872674
 0.025729 0.000978 0.947564 0.025729
 0.000819 0.947564 0.000978 0.050639
 0.025729 0.000978 0.000978 0.972315
 0.947405 0.025888 0.000978 0.025729
 0.947405 0.025888 0.025888 0.000819
 0.025729 0.000978 0.947564 0.025729
 0.000819 0.000978 0.025888 0.972315
 0.922494 0.050799 0.025888 0.000819
 0.349561 0.000978 0.648642 0.000819
 0.000819 0.623732 0.025888 0.349561
 0.125369 0.025888 0.847923 0.000819

MOTIF 105-AACTCCTGRSCTCA STREME-105
letter-probability matrix: alength= 4 w= 14 nsites= 92 E= 1.2e+001
 0.998673 0.000468 0.000468 0.000391
 0.939131 0.060010 0.000468 0.000391
 0.000391 0.898540 0.000468 0.100601
 0.000391 0.024284 0.012376 0.962948
 0.012300 0.843940 0.083826 0.059933
 0.012300 0.939208 0.000468 0.048025
 0.000391 0.024284 0.000468 0.974857
 0.036117 0.000468 0.963024 0.000391
 0.369552 0.012376 0.617681 0.000391
 0.190926 0.315028 0.493654 0.000391
 0.000391 0.927299 0.012376 0.059933
 0.000391 0.000468 0.000468 0.998673
 0.000391 0.850906 0.083826 0.064876
 0.946097 0.017318 0.036193 0.000391

MOTIF 106-GTGCCGAGATTGCA STREME-106
letter-probability matrix: alength= 4 w= 14 nsites= 60 E= 1.3e+001
 0.040540 0.040668 0.918136 0.000655
 0.020598 0.020726 0.000783 0.957893
 0.000655 0.000783 0.997906 0.000655
 0.000655 0.977964 0.000783 0.020598
 0.020598 0.898194 0.080553 0.000655
 0.100368 0.000783 0.898194 0.000655
 0.918008 0.020726 0.060611 0.000655
 0.000655 0.000783 0.997906 0.000655
 0.937951 0.000783 0.040668 0.020598
 0.000655 0.020726 0.000783 0.977836
 0.000655 0.000783 0.040668 0.957893
 0.040540 0.000783 0.958021 0.000655
 0.040540 0.958021 0.000783 0.000655
 0.957893 0.000783 0.000783 0.040540

********************************************************************************
Stopped because 3 consecutive motifs exceeded the p-value threshold (0.05).
********************************************************************************
COMMAND:	streme --verbosity 1 --oc meme/meme_out_incomplete_DL/K562_ZBTB33-human_ENCFF747BIJ/streme_out -dna --seed 0 --p meme/meme_out_incomplete_DL/K562_ZBTB33-human_ENCFF747BIJ/seqs-centered --minw 6 --maxw 15 --time 6152 --order 2 --thresh 0.05 --align center --totallength 4000000 --parse-genomic-coord
********************************************************************************
CPU:		9f05ee173ae9
********************************************************************************
FINALTIME:	5359.79 seconds
********************************************************************************
