********************************************************************************
STREME - Sensitive, Thorough, Rapid, Enriched Motif Elicitation
********************************************************************************
MEME version 5.5.3 (Release date: Sat Jun 10 16:19:38 2023 -0700)

For further information on how to interpret these results please access http://localhost:8080/meme_5.5.3.
To get a copy of the MEME Suite software please access https://meme-suite.org.

********************************************************************************


********************************************************************************
REFERENCE
********************************************************************************
If you use this program in your research, please cite:

Timothy L. Bailey,
"STREME: accurate and versatile sequence motif discovery",
Bioinformatics, Mar. 24, 2021.
********************************************************************************


ALPHABET= ACGT

strands: + -

Background letter frequencies
A 0.216 C 0.284 G 0.284 T 0.216 

MOTIF 1-GCCCCGCCCCCN STREME-1
letter-probability matrix: alength= 4 w= 12 nsites= 3097 E= 2.1e-027
 0.134218 0.000023 0.777571 0.088188
 0.000018 0.877344 0.000023 0.122615
 0.040599 0.865319 0.000023 0.094059
 0.067895 0.932065 0.000023 0.000018
 0.000018 0.999942 0.000023 0.000018
 0.130430 0.000023 0.839920 0.029627
 0.005592 0.994368 0.000023 0.000018
 0.000018 0.999942 0.000023 0.000018
 0.000018 0.839900 0.000023 0.160059
 0.130231 0.803467 0.000023 0.066279
 0.041116 0.595293 0.146699 0.216892
 0.198386 0.259055 0.201832 0.340727

MOTIF 2-AGTAAAYA STREME-2
letter-probability matrix: alength= 4 w= 8 nsites= 3638 E= 1.4e-018
 0.590053 0.000046 0.154128 0.255773
 0.259783 0.000046 0.740137 0.000035
 0.000035 0.323844 0.000046 0.676076
 0.966811 0.033109 0.000046 0.000035
 0.999874 0.000046 0.000046 0.000035
 0.999874 0.000046 0.000046 0.000035
 0.000035 0.555394 0.000046 0.444526
 0.999874 0.000046 0.000046 0.000035

MOTIF 3-CCAGCCTGGGCRACA STREME-3
letter-probability matrix: alength= 4 w= 15 nsites= 796 E= 1.4e-017
 0.012894 0.929891 0.012909 0.044306
 0.020036 0.918464 0.001486 0.060014
 0.992700 0.004342 0.001486 0.001472
 0.027173 0.020047 0.874189 0.078591
 0.001472 0.972725 0.004342 0.021461
 0.004328 0.953687 0.004342 0.037643
 0.007183 0.012908 0.007197 0.972711
 0.034311 0.008625 0.945598 0.011467
 0.100680 0.002914 0.884939 0.011467
 0.050018 0.298226 0.641717 0.010039
 0.034313 0.684557 0.012073 0.269057
 0.640259 0.020048 0.329654 0.010039
 0.979257 0.000059 0.020047 0.000637
 0.012894 0.872777 0.027187 0.087142
 0.911314 0.008625 0.067167 0.012894

MOTIF 4-CCTGTAATCCCAGCW STREME-4
letter-probability matrix: alength= 4 w= 15 nsites= 794 E= 6.7e-016
 0.010079 0.932475 0.005793 0.051653
 0.005779 0.952543 0.001492 0.040186
 0.005779 0.008660 0.001492 0.984069
 0.062287 0.004359 0.920407 0.012946
 0.000045 0.018695 0.005793 0.975467
 0.932460 0.008660 0.048801 0.010079
 0.758874 0.000059 0.233855 0.007212
 0.007212 0.022156 0.000654 0.969978
 0.010079 0.931038 0.002926 0.055957
 0.001478 0.933906 0.004359 0.060256
 0.007213 0.916702 0.000059 0.076026
 0.976902 0.005793 0.011527 0.005779
 0.070299 0.012717 0.909772 0.007212
 0.022026 0.920529 0.022995 0.034450
 0.560334 0.024430 0.018695 0.396541

MOTIF 5-CTGATTGGCY STREME-5
letter-probability matrix: alength= 4 w= 10 nsites= 1542 E= 1.4e-015
 0.038759 0.737244 0.153149 0.070849
 0.000043 0.294825 0.015329 0.689802
 0.002529 0.224174 0.771689 0.001607
 0.997638 0.000057 0.002261 0.000043
 0.000043 0.000057 0.000057 0.999842
 0.003467 0.000904 0.000057 0.995572
 0.005437 0.000057 0.993069 0.001437
 0.001205 0.000057 0.998695 0.000043
 0.058919 0.701252 0.034855 0.204974
 0.000043 0.385261 0.050316 0.564379

MOTIF 6-RCCTCNRYYTCC STREME-6
letter-probability matrix: alength= 4 w= 12 nsites= 2239 E= 7.2e-014
 0.480926 0.000029 0.519023 0.000022
 0.102489 0.630927 0.059140 0.207444
 0.000022 0.714638 0.015298 0.270042
 0.145833 0.000029 0.000029 0.854108
 0.000022 0.807713 0.000029 0.192236
 0.201033 0.323598 0.213696 0.261672
 0.354117 0.000029 0.645831 0.000022
 0.000022 0.656140 0.000029 0.343808
 0.015658 0.632259 0.000029 0.352054
 0.000022 0.000029 0.000029 0.999919
 0.000022 0.922683 0.000029 0.077266
 0.000022 0.666779 0.056670 0.276529

MOTIF 7-CACTTCCGGB STREME-7
letter-probability matrix: alength= 4 w= 10 nsites= 1140 E= 9.0e-013
 0.063393 0.797130 0.085427 0.054050
 0.915363 0.003813 0.076073 0.004751
 0.000063 0.973472 0.005351 0.021114
 0.032403 0.000083 0.000083 0.967430
 0.002097 0.000083 0.000083 0.997736
 0.002097 0.990047 0.004440 0.003415
 0.000063 0.999790 0.000083 0.000063
 0.000063 0.000083 0.923648 0.076205
 0.024896 0.094206 0.816349 0.064548
 0.029353 0.357085 0.222776 0.390786

MOTIF 8-GAGGCYGAGGCRGG STREME-8
letter-probability matrix: alength= 4 w= 14 nsites= 665 E= 9.6e-013
 0.033038 0.000068 0.961895 0.005000
 0.973387 0.005333 0.012982 0.008298
 0.051181 0.005015 0.937155 0.006648
 0.016544 0.013262 0.970143 0.000051
 0.006648 0.966160 0.008314 0.018878
 0.013246 0.409771 0.000068 0.576915
 0.174779 0.014600 0.810569 0.000051
 0.975074 0.005015 0.018210 0.001701
 0.041834 0.003366 0.954748 0.000051
 0.035237 0.000068 0.961346 0.003350
 0.004241 0.678629 0.000068 0.317062
 0.460287 0.000068 0.534646 0.004999
 0.053516 0.003366 0.926574 0.016545
 0.023828 0.001717 0.967807 0.006648

MOTIF 9-CAAAGTYCAV STREME-9
letter-probability matrix: alength= 4 w= 10 nsites= 1802 E= 2.7e-012
 0.000049 0.927075 0.000065 0.072810
 0.963947 0.000065 0.035939 0.000049
 0.858595 0.000065 0.127094 0.014246
 0.941268 0.005297 0.053386 0.000049
 0.000049 0.000065 0.999836 0.000049
 0.026658 0.000065 0.159790 0.813487
 0.050717 0.503667 0.045533 0.400083
 0.038525 0.918356 0.000065 0.043054
 0.922515 0.000065 0.000065 0.077355
 0.275514 0.232763 0.335571 0.156152

MOTIF 10-TGCGCATGCGCA STREME-10
letter-probability matrix: alength= 4 w= 12 nsites= 653 E= 1.4e-011
 0.045810 0.250926 0.128348 0.574916
 0.081844 0.005084 0.913009 0.000062
 0.040080 0.946770 0.013087 0.000062
 0.021485 0.000082 0.978370 0.000062
 0.000062 0.999793 0.000082 0.000062
 0.706767 0.177228 0.096697 0.019308
 0.019308 0.096697 0.177228 0.706767
 0.000062 0.000082 0.999793 0.000062
 0.000062 0.978370 0.000082 0.021485
 0.000062 0.013087 0.946770 0.040080
 0.000062 0.913009 0.005084 0.081844
 0.574916 0.128348 0.250926 0.045810

MOTIF 11-AACTCCTGRSCTCAA STREME-11
letter-probability matrix: alength= 4 w= 15 nsites= 481 E= 1.6e-011
 0.990714 0.000093 0.009123 0.000070
 0.783356 0.090414 0.006866 0.119365
 0.006843 0.928842 0.000093 0.064223
 0.018131 0.009123 0.002350 0.970395
 0.002328 0.941067 0.011381 0.045224
 0.002328 0.943325 0.009123 0.045224
 0.000070 0.004608 0.000093 0.995229
 0.022647 0.004608 0.972675 0.000070
 0.561119 0.002350 0.418400 0.018131
 0.074583 0.593695 0.309075 0.022647
 0.004586 0.940131 0.006866 0.048418
 0.009101 0.020412 0.000093 0.970395
 0.004586 0.931097 0.000093 0.064225
 0.827197 0.007802 0.153642 0.011359
 0.551621 0.011381 0.253091 0.183907

MOTIF 12-RACTACAWYTCCCAG STREME-12
letter-probability matrix: alength= 4 w= 15 nsites= 432 E= 1.6e-011
 0.537366 0.023540 0.433805 0.005288
 0.984083 0.013125 0.002710 0.000081
 0.000081 0.991920 0.002710 0.005289
 0.000081 0.046974 0.000107 0.952838
 0.934613 0.020937 0.015729 0.028722
 0.000081 0.994524 0.000107 0.005288
 0.885142 0.031351 0.080822 0.002685
 0.475225 0.092319 0.057389 0.375067
 0.057364 0.309319 0.102018 0.531299
 0.039137 0.026144 0.007918 0.926802
 0.005289 0.971090 0.000107 0.023515
 0.000081 0.997127 0.000107 0.002685
 0.002685 0.991920 0.000107 0.005288
 0.788801 0.000107 0.211012 0.000081
 0.092080 0.059992 0.741092 0.106835

MOTIF 13-GCAGTGAGCYRAGAT STREME-13
letter-probability matrix: alength= 4 w= 15 nsites= 422 E= 6.2e-011
 0.086900 0.005369 0.894495 0.013236
 0.010605 0.944482 0.002739 0.042174
 0.923410 0.005369 0.071139 0.000082
 0.031651 0.005369 0.960267 0.002713
 0.000082 0.047462 0.002739 0.949717
 0.052697 0.002739 0.941851 0.002713
 0.989179 0.002739 0.005369 0.002713
 0.036913 0.010631 0.949744 0.002713
 0.000082 0.935497 0.002739 0.061683
 0.036913 0.590803 0.023785 0.348500
 0.353764 0.014353 0.613385 0.018497
 0.682898 0.008000 0.005369 0.303732
 0.018497 0.013262 0.960267 0.007974
 0.976026 0.000108 0.018523 0.005343
 0.005343 0.035399 0.002739 0.956519

MOTIF 14-CRTGAGCCACCRCGC STREME-14
letter-probability matrix: alength= 4 w= 15 nsites= 415 E= 9.1e-011
 0.007985 0.817957 0.002742 0.171316
 0.416330 0.000108 0.562404 0.021157
 0.013254 0.010645 0.000108 0.975993
 0.015888 0.000108 0.983922 0.000082
 0.841638 0.097580 0.002742 0.058039
 0.089649 0.000108 0.910161 0.000082
 0.000082 0.978654 0.000108 0.021156
 0.002716 0.965482 0.000108 0.031694
 0.989165 0.000108 0.010645 0.000082
 0.000082 0.991825 0.000108 0.007985
 0.007985 0.700934 0.003836 0.287246
 0.337286 0.000108 0.645624 0.016981
 0.021157 0.659878 0.000108 0.318857
 0.247718 0.010645 0.704675 0.036962
 0.000082 0.944407 0.000108 0.055403

MOTIF 15-AGTGCAGTGGCGCR STREME-15
letter-probability matrix: alength= 4 w= 14 nsites= 421 E= 2.0e-010
 0.979978 0.002930 0.017004 0.000088
 0.068813 0.014189 0.914096 0.002902
 0.008532 0.009728 0.014189 0.967551
 0.037849 0.008560 0.942245 0.011347
 0.008532 0.965932 0.000115 0.025420
 0.979978 0.002930 0.014189 0.002902
 0.171315 0.002930 0.825667 0.000088
 0.011347 0.014189 0.014189 0.960275
 0.022606 0.000115 0.960303 0.016976
 0.039494 0.000115 0.960303 0.000088
 0.011347 0.713049 0.011374 0.264230
 0.291208 0.014189 0.669182 0.025420
 0.016976 0.753636 0.008560 0.220828
 0.489942 0.055935 0.450053 0.004071

MOTIF 16-CCCRCCYC STREME-16
letter-probability matrix: alength= 4 w= 8 nsites= 6570 E= 3.2e-010
 0.018296 0.928889 0.000094 0.052721
 0.000072 0.999763 0.000094 0.000072
 0.000072 0.999763 0.000094 0.000072
 0.415100 0.000094 0.584734 0.000072
 0.013033 0.644872 0.205407 0.136688
 0.000072 0.999763 0.000094 0.000072
 0.037592 0.590787 0.000094 0.371527
 0.000072 0.910838 0.000094 0.088996

MOTIF 17-AGAATCGCTTGAACC STREME-17
letter-probability matrix: alength= 4 w= 15 nsites= 284 E= 3.7e-010
 0.969174 0.000156 0.022953 0.007717
 0.022915 0.015354 0.957813 0.003918
 0.809586 0.015354 0.174941 0.000118
 0.980573 0.003955 0.011554 0.003918
 0.011517 0.011554 0.000156 0.976773
 0.022916 0.634811 0.110352 0.231921
 0.209122 0.011554 0.767807 0.011517
 0.022915 0.866621 0.007755 0.102709
 0.030516 0.019153 0.098952 0.851379
 0.000118 0.019153 0.019153 0.961575
 0.053312 0.019153 0.919817 0.007717
 0.953976 0.003955 0.022953 0.019116
 0.813386 0.015354 0.163542 0.007717
 0.045713 0.881820 0.007755 0.064712
 0.019116 0.927416 0.007755 0.045713

MOTIF 18-AAAAAWACAAAAA STREME-18
letter-probability matrix: alength= 4 w= 13 nsites= 663 E= 4.0e-010
 0.947092 0.011126 0.022518 0.019264
 0.967140 0.006201 0.014359 0.012300
 0.952212 0.034559 0.000084 0.013146
 0.959994 0.008431 0.017237 0.014339
 0.953739 0.003506 0.033152 0.009603
 0.373702 0.041337 0.004162 0.580799
 0.968984 0.008905 0.021655 0.000456
 0.304989 0.618011 0.054094 0.022906
 0.972033 0.015205 0.010470 0.002293
 0.976150 0.014700 0.000084 0.009067
 0.954751 0.014859 0.015205 0.015186
 0.948498 0.019526 0.017638 0.014339
 0.916447 0.030180 0.000930 0.052443

MOTIF 19-GAGACRGRGTCTCRC STREME-19
letter-probability matrix: alength= 4 w= 15 nsites= 506 E= 3.1e-009
 0.049044 0.012864 0.914601 0.023491
 0.986982 0.004346 0.008605 0.000066
 0.038397 0.021382 0.910342 0.029879
 0.972076 0.004346 0.019252 0.004325
 0.006455 0.746365 0.010735 0.236446
 0.616438 0.021382 0.353596 0.008584
 0.151260 0.008605 0.825162 0.014973
 0.532475 0.004346 0.454595 0.008584
 0.068210 0.008605 0.908213 0.014973
 0.010714 0.008605 0.000087 0.980594
 0.006455 0.666664 0.004346 0.322535
 0.000066 0.006476 0.004346 0.989112
 0.000066 0.670937 0.014994 0.314003
 0.451567 0.042678 0.488653 0.017102
 0.012843 0.915847 0.002217 0.069093

MOTIF 20-GGTSACGTSACC STREME-20
letter-probability matrix: alength= 4 w= 12 nsites= 1457 E= 1.2e-008
 0.131911 0.221540 0.551501 0.095048
 0.239107 0.122607 0.591158 0.047128
 0.023446 0.156116 0.067332 0.753106
 0.011344 0.567248 0.365484 0.055923
 0.988220 0.000048 0.004707 0.007025
 0.023008 0.907177 0.001213 0.068603
 0.068603 0.001213 0.907177 0.023008
 0.007025 0.004707 0.000048 0.988220
 0.055923 0.365484 0.567248 0.011344
 0.753106 0.067332 0.156116 0.023446
 0.047128 0.591158 0.122607 0.239107
 0.095048 0.551501 0.221540 0.131911

MOTIF 21-CCASCAGRGGGCGC STREME-21
letter-probability matrix: alength= 4 w= 14 nsites= 512 E= 3.1e-008
 0.047207 0.887886 0.030907 0.034000
 0.000069 0.993169 0.006694 0.000069
 0.743449 0.026505 0.167429 0.062617
 0.003183 0.522953 0.473795 0.000069
 0.039690 0.673552 0.064741 0.222017
 0.999751 0.000090 0.000090 0.000069
 0.000069 0.000090 0.999773 0.000069
 0.463399 0.002291 0.524523 0.009787
 0.008873 0.015499 0.670246 0.305382
 0.000069 0.000090 0.999773 0.000069
 0.015477 0.000090 0.959238 0.025195
 0.031799 0.943829 0.000090 0.024282
 0.320425 0.000090 0.664008 0.015477
 0.054724 0.714431 0.224173 0.006672

MOTIF 22-CAAGATGGCGGCS STREME-22
letter-probability matrix: alength= 4 w= 13 nsites= 386 E= 2.7e-007
 0.096765 0.613999 0.195900 0.093336
 0.979162 0.000120 0.020626 0.000091
 0.973304 0.008908 0.000120 0.017668
 0.176135 0.167820 0.641307 0.014739
 0.999669 0.000120 0.000120 0.000091
 0.000091 0.000120 0.000120 0.999669
 0.000091 0.000120 0.999697 0.000091
 0.000091 0.000120 0.996768 0.003021
 0.011809 0.987980 0.000120 0.000091
 0.066971 0.110498 0.750146 0.072385
 0.111411 0.113427 0.728199 0.046963
 0.055751 0.838577 0.038203 0.067469
 0.145623 0.273291 0.445022 0.136064

MOTIF 23-RTKRTGCAAY STREME-23
letter-probability matrix: alength= 4 w= 10 nsites= 711 E= 1.9e-006
 0.552187 0.096360 0.351369 0.000084
 0.000084 0.000110 0.000110 0.999695
 0.000084 0.000110 0.447235 0.552571
 0.590243 0.000110 0.409563 0.000084
 0.000084 0.082958 0.000110 0.916848
 0.005602 0.000110 0.994204 0.000084
 0.191077 0.555729 0.000110 0.253084
 0.999695 0.000110 0.000110 0.000084
 0.999695 0.000110 0.000110 0.000084
 0.000084 0.398677 0.020094 0.581145

MOTIF 24-CAGGAAGH STREME-24
letter-probability matrix: alength= 4 w= 8 nsites= 3012 E= 2.6e-006
 0.210194 0.581824 0.207785 0.000197
 0.724496 0.275047 0.000260 0.000197
 0.000197 0.000260 0.999345 0.000197
 0.000197 0.000260 0.999345 0.000197
 0.999283 0.000260 0.000260 0.000197
 0.999283 0.000260 0.000260 0.000197
 0.000197 0.000260 0.999345 0.000197
 0.378208 0.303379 0.000260 0.318153

MOTIF 25-GCCGCCGCCGCCGC STREME-25
letter-probability matrix: alength= 4 w= 14 nsites= 1140 E= 6.3e-005
 0.013048 0.111060 0.875858 0.000034
 0.000034 0.910505 0.000044 0.089417
 0.100819 0.673821 0.074229 0.151130
 0.182681 0.000044 0.817241 0.000034
 0.000034 0.888316 0.017108 0.094543
 0.142130 0.666338 0.104579 0.086952
 0.050638 0.000044 0.949284 0.000034
 0.038443 0.777965 0.007809 0.175784
 0.004914 0.731596 0.097173 0.166317
 0.125764 0.000044 0.856861 0.017331
 0.037993 0.812687 0.000044 0.149276
 0.110655 0.820045 0.050966 0.018334
 0.143687 0.049120 0.692339 0.114854
 0.021725 0.743122 0.124708 0.110446

MOTIF 26-CCAAGGTCA STREME-26
letter-probability matrix: alength= 4 w= 9 nsites= 1020 E= 1.4e-004
 0.079515 0.625488 0.036511 0.258486
 0.000140 0.817503 0.160704 0.021653
 0.999491 0.000184 0.000184 0.000140
 0.999491 0.000184 0.000184 0.000140
 0.000140 0.000184 0.999535 0.000140
 0.048444 0.000184 0.951231 0.000140
 0.053843 0.075262 0.000184 0.870710
 0.000140 0.939286 0.000184 0.060389
 0.935715 0.000184 0.063960 0.000140

MOTIF 27-CAYGCCYGGCTAA STREME-27
letter-probability matrix: alength= 4 w= 13 nsites= 245 E= 4.5e-003
 0.027778 0.875170 0.009400 0.087652
 0.958028 0.000189 0.027823 0.013960
 0.000143 0.479362 0.021735 0.498760
 0.187185 0.000189 0.787543 0.025083
 0.000143 0.914710 0.052762 0.032384
 0.000143 0.958073 0.000189 0.041594
 0.013960 0.531941 0.014006 0.440093
 0.302357 0.000189 0.690794 0.006660
 0.050807 0.000189 0.948861 0.000143
 0.000143 0.981102 0.014006 0.004749
 0.009355 0.000189 0.000189 0.990268
 0.988356 0.000189 0.000189 0.011266
 0.979145 0.004794 0.014006 0.002055

MOTIF 28-ARTATTGAY STREME-28
letter-probability matrix: alength= 4 w= 9 nsites= 206 E= 5.5e-003
 0.998460 0.000558 0.000558 0.000424
 0.442430 0.000558 0.395828 0.161184
 0.000424 0.000558 0.000558 0.998460
 0.998460 0.000558 0.000558 0.000424
 0.000424 0.000558 0.000558 0.998460
 0.000424 0.082245 0.000558 0.916773
 0.178651 0.000558 0.658131 0.162660
 0.998460 0.000558 0.000558 0.000424
 0.000424 0.619265 0.000558 0.379753

MOTIF 29-GGCGGGAA STREME-29
letter-probability matrix: alength= 4 w= 8 nsites= 349 E= 7.6e-003
 0.019627 0.025827 0.934918 0.019627
 0.019627 0.025827 0.934918 0.019627
 0.019627 0.934918 0.025827 0.019627
 0.019627 0.025827 0.934918 0.019627
 0.019627 0.025827 0.934918 0.019627
 0.019627 0.025827 0.934918 0.019627
 0.928718 0.025827 0.025827 0.019627
 0.928718 0.025827 0.025827 0.019627

MOTIF 30-ATTTCAAA STREME-30
letter-probability matrix: alength= 4 w= 8 nsites= 2283 E= 1.2e-002
 0.886049 0.063753 0.049989 0.000209
 0.061090 0.078405 0.148742 0.711763
 0.000209 0.000275 0.000275 0.999240
 0.000209 0.000275 0.000275 0.999240
 0.082223 0.626577 0.100378 0.190822
 0.999240 0.000275 0.000275 0.000209
 0.974771 0.000275 0.000275 0.024678
 0.969187 0.030329 0.000275 0.000209

MOTIF 31-RAGGTCA STREME-31
letter-probability matrix: alength= 4 w= 7 nsites= 2329 E= 1.8e-002
 0.581220 0.000474 0.417947 0.000360
 0.746095 0.000474 0.253071 0.000360
 0.000360 0.118934 0.880346 0.000360
 0.000360 0.000474 0.937428 0.061738
 0.000360 0.000474 0.000474 0.998692
 0.000360 0.998806 0.000474 0.000360
 0.866906 0.000474 0.132260 0.000360

MOTIF 32-TCTCGCGAGADYT STREME-32
letter-probability matrix: alength= 4 w= 13 nsites= 145 E= 2.9e-002
 0.000245 0.090220 0.023948 0.885586
 0.173506 0.786550 0.023949 0.015996
 0.000245 0.000323 0.016073 0.983359
 0.000245 0.999187 0.000323 0.000245
 0.000245 0.000323 0.991311 0.008120
 0.000245 0.967686 0.000323 0.031746
 0.000245 0.000323 0.999187 0.000245
 0.948590 0.000323 0.042967 0.008120
 0.031747 0.023949 0.881057 0.063248
 0.999109 0.000323 0.000323 0.000245
 0.334290 0.149960 0.216234 0.299516
 0.008120 0.346853 0.102705 0.542322
 0.094752 0.079078 0.086952 0.739219

MOTIF 33-CATTTCC STREME-33
letter-probability matrix: alength= 4 w= 7 nsites= 812 E= 3.2e-002
 0.019627 0.934918 0.025827 0.019627
 0.928718 0.025827 0.025827 0.019627
 0.019627 0.025827 0.025827 0.928718
 0.019627 0.025827 0.025827 0.928718
 0.019627 0.025827 0.025827 0.928718
 0.019627 0.934918 0.025827 0.019627
 0.019627 0.934918 0.025827 0.019627

MOTIF 34-GGGTCAGGGA STREME-34
letter-probability matrix: alength= 4 w= 10 nsites= 219 E= 6.1e-002
 0.025092 0.012831 0.930567 0.031510
 0.000299 0.015669 0.955737 0.028296
 0.000299 0.051803 0.947599 0.000299
 0.030414 0.000393 0.000393 0.968800
 0.000299 0.946035 0.053367 0.000299
 0.908977 0.000393 0.090330 0.000299
 0.072043 0.000393 0.898714 0.028849
 0.136217 0.000393 0.847075 0.016315
 0.043551 0.020135 0.889657 0.046657
 0.647718 0.061593 0.000393 0.290296

MOTIF 35-AATSATTAAC STREME-35
letter-probability matrix: alength= 4 w= 10 nsites= 368 E= 7.4e-002
 0.984947 0.005033 0.000198 0.009821
 0.953627 0.010556 0.015637 0.020180
 0.091647 0.000198 0.019541 0.888614
 0.150729 0.454110 0.306817 0.088345
 0.768649 0.000198 0.074206 0.156946
 0.044434 0.021547 0.055546 0.878473
 0.000151 0.000198 0.000198 0.999453
 0.961762 0.000198 0.030825 0.007214
 0.980866 0.004926 0.012484 0.001725
 0.046997 0.904291 0.005871 0.042841

MOTIF 36-VTGASTCAB STREME-36
letter-probability matrix: alength= 4 w= 9 nsites= 376 E= 1.1e-001
 0.450602 0.235017 0.314006 0.000375
 0.000375 0.000494 0.000494 0.998637
 0.000375 0.000494 0.998756 0.000375
 0.998637 0.000494 0.000494 0.000375
 0.032064 0.467936 0.467936 0.032064
 0.000375 0.000494 0.000494 0.998637
 0.000375 0.998756 0.000494 0.000375
 0.998637 0.000494 0.000494 0.000375
 0.000375 0.314006 0.235017 0.450602

MOTIF 37-GGGAGGGGAMGG STREME-37
letter-probability matrix: alength= 4 w= 12 nsites= 3828 E= 1.3e-001
 0.088317 0.046852 0.864815 0.000017
 0.001769 0.073932 0.919242 0.005057
 0.164697 0.006603 0.640830 0.187870
 0.841094 0.055666 0.000022 0.103218
 0.112619 0.001112 0.886252 0.000017
 0.040420 0.004794 0.939888 0.014898
 0.106280 0.065379 0.755521 0.072819
 0.148177 0.136161 0.663288 0.052374
 0.624641 0.076010 0.264720 0.034629
 0.565379 0.324858 0.084428 0.025336
 0.173709 0.048270 0.746734 0.031288
 0.236878 0.068024 0.538218 0.156881

MOTIF 38-CTTCCC STREME-38
letter-probability matrix: alength= 4 w= 6 nsites= 3486 E= 1.4e-001
 0.019627 0.934918 0.025827 0.019627
 0.019627 0.025827 0.025827 0.928718
 0.019627 0.025827 0.025827 0.928718
 0.019627 0.934918 0.025827 0.019627
 0.019627 0.934918 0.025827 0.019627
 0.019627 0.934918 0.025827 0.019627

MOTIF 39-TTTAAA STREME-39
letter-probability matrix: alength= 4 w= 6 nsites= 904 E= 3.7e-001
 0.019627 0.025827 0.025827 0.928718
 0.019627 0.025827 0.025827 0.928718
 0.019627 0.025827 0.025827 0.928718
 0.928718 0.025827 0.025827 0.019627
 0.928718 0.025827 0.025827 0.019627
 0.928718 0.025827 0.025827 0.019627

MOTIF 40-CAAAGGGCA STREME-40
letter-probability matrix: alength= 4 w= 9 nsites= 114 E= 3.8e-001
 0.019627 0.934918 0.025827 0.019627
 0.928718 0.025827 0.025827 0.019627
 0.928718 0.025827 0.025827 0.019627
 0.928718 0.025827 0.025827 0.019627
 0.019627 0.025827 0.934918 0.019627
 0.019627 0.025827 0.934918 0.019627
 0.019627 0.025827 0.934918 0.019627
 0.019627 0.934918 0.025827 0.019627
 0.928718 0.025827 0.025827 0.019627

MOTIF 41-ACCCGGAGCC STREME-41
letter-probability matrix: alength= 4 w= 10 nsites= 52 E= 4.7e-001
 0.995560 0.001609 0.001609 0.001223
 0.001223 0.995946 0.001609 0.001223
 0.001223 0.995946 0.001609 0.001223
 0.001223 0.995946 0.001609 0.001223
 0.001223 0.001609 0.995946 0.001223
 0.202374 0.001609 0.773578 0.022440
 0.995560 0.001609 0.001609 0.001223
 0.001223 0.001609 0.995946 0.001223
 0.001223 0.995946 0.001609 0.001223
 0.001223 0.995946 0.001609 0.001223

MOTIF 42-RCCACGTG STREME-42
letter-probability matrix: alength= 4 w= 8 nsites= 668 E= 6.5e-001
 0.515887 0.074391 0.305353 0.104368
 0.082941 0.757920 0.034112 0.125026
 0.089619 0.887102 0.014522 0.008757
 0.967183 0.000348 0.000348 0.032121
 0.000265 0.999123 0.000348 0.000265
 0.000265 0.000348 0.999123 0.000265
 0.000265 0.000348 0.044256 0.955131
 0.000265 0.000348 0.999123 0.000265

MOTIF 43-AGAGAGAGAGAGAG STREME-43
letter-probability matrix: alength= 4 w= 14 nsites= 98 E= 6.7e-001
 0.824420 0.102059 0.073070 0.000451
 0.010987 0.000594 0.944482 0.043937
 0.998360 0.000594 0.000594 0.000451
 0.000451 0.152790 0.831812 0.014946
 0.925885 0.000594 0.073069 0.000451
 0.029443 0.000594 0.969511 0.000451
 0.779586 0.000594 0.219368 0.000451
 0.000451 0.102059 0.853553 0.043937
 0.879388 0.102063 0.018098 0.000451
 0.064449 0.029584 0.905515 0.000451
 0.998360 0.000594 0.000594 0.000451
 0.184224 0.000594 0.814731 0.000451
 0.998360 0.000594 0.000594 0.000451
 0.164676 0.009346 0.753052 0.072926

MOTIF 44-ACTCGG STREME-44
letter-probability matrix: alength= 4 w= 6 nsites= 1256 E= 8.6e-001
 0.928718 0.025827 0.025827 0.019627
 0.019627 0.934918 0.025827 0.019627
 0.019627 0.025827 0.025827 0.928718
 0.019627 0.934918 0.025827 0.019627
 0.019627 0.025827 0.934918 0.019627
 0.019627 0.025827 0.934918 0.019627

MOTIF 45-GGATTCAAAC STREME-45
letter-probability matrix: alength= 4 w= 10 nsites= 58 E= 9.3e-001
 0.019627 0.025827 0.934918 0.019627
 0.019627 0.025827 0.934918 0.019627
 0.928718 0.025827 0.025827 0.019627
 0.019627 0.025827 0.025827 0.928718
 0.019627 0.025827 0.025827 0.928718
 0.019627 0.934918 0.025827 0.019627
 0.928718 0.025827 0.025827 0.019627
 0.928718 0.025827 0.025827 0.019627
 0.928718 0.025827 0.025827 0.019627
 0.019627 0.934918 0.025827 0.019627

MOTIF 46-YAGCCAATRG STREME-46
letter-probability matrix: alength= 4 w= 10 nsites= 222 E= 1.0e+000
 0.000284 0.650831 0.000374 0.348512
 0.730976 0.000374 0.268366 0.000284
 0.194299 0.000374 0.805043 0.000284
 0.000284 0.999059 0.000374 0.000284
 0.000284 0.999059 0.000374 0.000284
 0.998969 0.000374 0.000374 0.000284
 0.998969 0.000374 0.000374 0.000284
 0.000284 0.000374 0.000374 0.998969
 0.497618 0.000374 0.501725 0.000284
 0.000284 0.000374 0.999059 0.000284

MOTIF 47-CATTTTACAGA STREME-47
letter-probability matrix: alength= 4 w= 11 nsites= 81 E= 1.1e+000
 0.014954 0.958621 0.015097 0.011328
 0.973506 0.000594 0.025447 0.000452
 0.024789 0.007304 0.053805 0.914102
 0.000452 0.015097 0.003388 0.981064
 0.014954 0.029600 0.001944 0.953501
 0.000452 0.072161 0.003017 0.924370
 0.983857 0.000594 0.015096 0.000452
 0.000452 0.925984 0.015097 0.058468
 0.894778 0.029600 0.044104 0.031518
 0.116489 0.046899 0.807154 0.029458
 0.935024 0.015097 0.034925 0.014954

MOTIF 48-GTCAACA STREME-48
letter-probability matrix: alength= 4 w= 7 nsites= 444 E= 1.3e+000
 0.019627 0.025827 0.934918 0.019627
 0.019627 0.025827 0.025827 0.928718
 0.019627 0.934918 0.025827 0.019627
 0.928718 0.025827 0.025827 0.019627
 0.928718 0.025827 0.025827 0.019627
 0.019627 0.934918 0.025827 0.019627
 0.928718 0.025827 0.025827 0.019627

MOTIF 49-CYGCAGCC STREME-49
letter-probability matrix: alength= 4 w= 8 nsites= 1905 E= 1.6e+000
 0.000408 0.998649 0.000536 0.000408
 0.000408 0.412302 0.000536 0.586754
 0.000408 0.000536 0.998649 0.000408
 0.000408 0.998649 0.000536 0.000408
 0.998520 0.000536 0.000536 0.000408
 0.028307 0.000536 0.970749 0.000408
 0.000408 0.902004 0.000536 0.097052
 0.000408 0.802167 0.000536 0.196889

MOTIF 50-ACACACACACACAC STREME-50
letter-probability matrix: alength= 4 w= 14 nsites= 252 E= 1.8e+000
 0.981747 0.000283 0.017756 0.000215
 0.007109 0.944132 0.000283 0.048476
 0.885719 0.000283 0.113784 0.000215
 0.011867 0.818116 0.034755 0.135263
 0.905479 0.000283 0.042315 0.051923
 0.000215 0.912884 0.000283 0.086618
 0.848511 0.011852 0.118740 0.020898
 0.020899 0.860579 0.055439 0.063083
 0.878333 0.000283 0.042469 0.078916
 0.004972 0.915765 0.000283 0.078980
 0.829965 0.000283 0.141960 0.027792
 0.046997 0.877405 0.004879 0.070719
 0.988430 0.000283 0.011072 0.000215
 0.003550 0.960521 0.013118 0.022811

MOTIF 51-CTACTCAAGCCTCAG STREME-51
letter-probability matrix: alength= 4 w= 15 nsites= 56 E= 1.9e+000
 0.000675 0.997762 0.000888 0.000675
 0.000675 0.044219 0.000888 0.954218
 0.997549 0.000888 0.000888 0.000675
 0.000675 0.932765 0.000888 0.065672
 0.022340 0.000888 0.022553 0.954219
 0.000675 0.954432 0.000888 0.044005
 0.910889 0.000888 0.087549 0.000675
 0.975884 0.000888 0.000888 0.022340
 0.022340 0.022553 0.954432 0.000675
 0.000675 0.976097 0.000888 0.022340
 0.000675 0.976097 0.000888 0.022340
 0.000675 0.000888 0.000888 0.997549
 0.044006 0.911102 0.044218 0.000675
 0.932553 0.000888 0.065884 0.000675
 0.000675 0.000888 0.976097 0.022340

MOTIF 52-CAGCAGCAGCAGCAG STREME-52
letter-probability matrix: alength= 4 w= 15 nsites= 299 E= 1.9e+000
 0.070942 0.727860 0.130256 0.070942
 0.926744 0.017491 0.003612 0.052153
 0.013987 0.014021 0.958005 0.013987
 0.041744 0.881672 0.017491 0.059093
 0.999607 0.000142 0.000142 0.000108
 0.138306 0.024430 0.816338 0.020926
 0.003578 0.940657 0.000142 0.055623
 0.889167 0.039749 0.070976 0.000108
 0.184002 0.087735 0.672640 0.055623
 0.031335 0.721805 0.225933 0.020926
 0.586748 0.094969 0.150779 0.167504
 0.161154 0.181711 0.589663 0.067472
 0.001548 0.764292 0.195885 0.038275
 0.761378 0.069536 0.103643 0.065442
 0.134836 0.136900 0.631004 0.097260

MOTIF 53-AGATCAAAG STREME-53
letter-probability matrix: alength= 4 w= 9 nsites= 527 E= 1.9e+000
 0.955238 0.001401 0.016003 0.027357
 0.001969 0.056545 0.935798 0.005688
 0.959671 0.026881 0.013230 0.000217
 0.130955 0.016035 0.109818 0.743193
 0.024985 0.819221 0.148602 0.007191
 0.956172 0.017376 0.005213 0.021238
 0.978558 0.004448 0.012978 0.004017
 0.946258 0.007261 0.027416 0.019065
 0.008926 0.106125 0.884175 0.000774

MOTIF 54-AAAACAAA STREME-54
letter-probability matrix: alength= 4 w= 8 nsites= 508 E= 2.0e+000
 0.996455 0.001284 0.001284 0.000976
 0.996455 0.001284 0.001284 0.000976
 0.996455 0.001284 0.001284 0.000976
 0.996455 0.001284 0.001284 0.000976
 0.000976 0.996763 0.001284 0.000976
 0.746633 0.001284 0.251106 0.000976
 0.996455 0.001284 0.001284 0.000976
 0.996455 0.001284 0.001284 0.000976

MOTIF 55-AGATAA STREME-55
letter-probability matrix: alength= 4 w= 6 nsites= 1252 E= 2.6e+000
 0.928718 0.025827 0.025827 0.019627
 0.019627 0.025827 0.934918 0.019627
 0.928718 0.025827 0.025827 0.019627
 0.019627 0.025827 0.025827 0.928718
 0.928718 0.025827 0.025827 0.019627
 0.928718 0.025827 0.025827 0.019627

MOTIF 56-AAGAAAGAAAA STREME-56
letter-probability matrix: alength= 4 w= 11 nsites= 710 E= 2.6e+000
 0.744047 0.025832 0.167533 0.062588
 0.918693 0.037760 0.019104 0.024442
 0.031303 0.034650 0.870742 0.063305
 0.876074 0.034170 0.000150 0.089605
 0.988032 0.000735 0.000150 0.011083
 0.899397 0.003806 0.015778 0.081018
 0.090539 0.040264 0.771923 0.097274
 0.850577 0.001835 0.092841 0.054747
 0.657739 0.089832 0.137540 0.114890
 0.897962 0.001309 0.080489 0.020240
 0.848070 0.057775 0.023093 0.071062

MOTIF 57-AATGAATGAAW STREME-57
letter-probability matrix: alength= 4 w= 11 nsites= 297 E= 2.6e+000
 0.938350 0.000208 0.005288 0.056154
 0.969660 0.029974 0.000208 0.000158
 0.000158 0.027716 0.020529 0.951596
 0.060859 0.116744 0.776782 0.045615
 0.983150 0.005761 0.010931 0.000158
 0.954019 0.000208 0.009940 0.035833
 0.030982 0.056087 0.000208 0.912722
 0.178314 0.000208 0.811159 0.010318
 0.763481 0.176883 0.023877 0.035759
 0.633288 0.064386 0.162972 0.139355
 0.415951 0.117371 0.073201 0.393477

MOTIF 58-ACTGCTGTGCTAGCA STREME-58
letter-probability matrix: alength= 4 w= 15 nsites= 59 E= 3.7e+000
 0.997789 0.000801 0.000801 0.000609
 0.020156 0.978434 0.000801 0.000609
 0.000609 0.059446 0.000801 0.939144
 0.000609 0.000801 0.978434 0.020156
 0.000609 0.997981 0.000801 0.000609
 0.000609 0.000801 0.020349 0.978241
 0.020156 0.020349 0.939339 0.020156
 0.020156 0.118091 0.000801 0.860951
 0.059252 0.000801 0.939338 0.000609
 0.000609 0.978434 0.000801 0.020156
 0.000609 0.000801 0.000801 0.997789
 0.841393 0.020349 0.137650 0.000609
 0.000609 0.000801 0.978434 0.020156
 0.000609 0.978434 0.000801 0.020156
 0.958694 0.000801 0.020349 0.020156

MOTIF 59-CAAGGCGGCAGCGA STREME-59
letter-probability matrix: alength= 4 w= 14 nsites= 84 E= 8.7e+000
 0.000399 0.921900 0.038914 0.038788
 0.857791 0.128490 0.013321 0.000399
 0.870589 0.102896 0.000525 0.025991
 0.051584 0.013321 0.934697 0.000399
 0.000399 0.000525 0.985882 0.013195
 0.051584 0.793936 0.000525 0.153955
 0.153958 0.166879 0.640375 0.038788
 0.000399 0.013321 0.960289 0.025991
 0.000399 0.998678 0.000525 0.000399
 0.844995 0.051710 0.090099 0.013195
 0.013195 0.038914 0.947493 0.000399
 0.000399 0.704357 0.026117 0.269127
 0.000399 0.051710 0.845120 0.102771
 0.921774 0.000525 0.026117 0.051584

MOTIF 60-GCATGCTGGGA STREME-60
letter-probability matrix: alength= 4 w= 11 nsites= 109 E= 1.3e+001
 0.000446 0.040524 0.924022 0.035008
 0.000446 0.963960 0.000587 0.035008
 0.963819 0.000587 0.035149 0.000446
 0.000446 0.028889 0.000587 0.970079
 0.014756 0.125323 0.672241 0.187679
 0.014756 0.953891 0.016596 0.014756
 0.030087 0.184390 0.000587 0.784936
 0.014756 0.043519 0.906717 0.035008
 0.000446 0.000587 0.998522 0.000446
 0.000446 0.000587 0.998522 0.000446
 0.966351 0.000587 0.032617 0.000446

********************************************************************************
Stopped because 3 consecutive motifs exceeded the p-value threshold (0.05).
********************************************************************************
COMMAND:	streme --verbosity 1 --oc meme_out_incomplete_DL/HepG2_LIN54-human_ENCFF582HAZ/streme_out -dna --seed 0 --p meme_out_incomplete_DL/HepG2_LIN54-human_ENCFF582HAZ/seqs-centered --minw 6 --maxw 15 --time 6136 --order 2 --thresh 0.05 --align center --totallength 4000000 --parse-genomic-coord
********************************************************************************
CPU:		9f05ee173ae9
********************************************************************************
FINALTIME:	3858.94 seconds
********************************************************************************
