********************************************************************************
STREME - Sensitive, Thorough, Rapid, Enriched Motif Elicitation
********************************************************************************
MEME version 5.5.3 (Release date: Sat Jun 10 16:19:38 2023 -0700)

For further information on how to interpret these results please access http://localhost:8080/meme_5.5.3.
To get a copy of the MEME Suite software please access https://meme-suite.org.

********************************************************************************


********************************************************************************
REFERENCE
********************************************************************************
If you use this program in your research, please cite:

Timothy L. Bailey,
"STREME: accurate and versatile sequence motif discovery",
Bioinformatics, Mar. 24, 2021.
********************************************************************************


ALPHABET= ACGT

strands: + -

Background letter frequencies
A 0.176 C 0.324 G 0.324 T 0.176 

MOTIF 1-CAGCACCAYGGACAG STREME-1
letter-probability matrix: alength= 4 w= 15 nsites= 154 E= 2.3e-004
 0.008166 0.951442 0.000373 0.040020
 0.959235 0.008336 0.032227 0.000202
 0.008166 0.024263 0.967369 0.000202
 0.024093 0.903660 0.032227 0.040020
 0.983126 0.000373 0.000373 0.016129
 0.016129 0.983296 0.000373 0.000202
 0.008166 0.967369 0.000373 0.024093
 0.624762 0.064082 0.191500 0.119657
 0.087802 0.494119 0.095936 0.322143
 0.016129 0.016300 0.967369 0.000202
 0.016129 0.024263 0.943478 0.016129
 0.903489 0.064082 0.008336 0.024093
 0.008166 0.903660 0.072045 0.016129
 0.943307 0.032227 0.024263 0.000202
 0.024093 0.000373 0.967369 0.008166

MOTIF 2-CCGCCGCCGCC STREME-2
letter-probability matrix: alength= 4 w= 11 nsites= 139 E= 1.7e-002
 0.028409 0.910660 0.060665 0.000267
 0.000267 0.998975 0.000492 0.000267
 0.000267 0.000492 0.960425 0.038817
 0.098589 0.831778 0.000492 0.069142
 0.000267 0.687376 0.178907 0.133451
 0.178920 0.000492 0.820322 0.000267
 0.000267 0.820322 0.000492 0.178920
 0.000267 0.935921 0.000492 0.063321
 0.052812 0.000492 0.946430 0.000267
 0.000267 0.998975 0.000492 0.000267
 0.000267 0.941702 0.000492 0.057540

MOTIF 3-CAGCAGCAGCRVCAG STREME-3
letter-probability matrix: alength= 4 w= 15 nsites= 61 E= 3.9e-002
 0.010555 0.813705 0.124009 0.051731
 0.957600 0.031363 0.010776 0.000261
 0.000261 0.072539 0.926938 0.000261
 0.020849 0.916645 0.010776 0.051731
 0.762015 0.051951 0.072539 0.113495
 0.020849 0.000482 0.978408 0.000261
 0.000261 0.998996 0.000482 0.000261
 0.741427 0.051951 0.144597 0.062025
 0.134083 0.113715 0.741647 0.010555
 0.103201 0.710765 0.175479 0.010555
 0.237022 0.165185 0.422534 0.175259
 0.206140 0.299007 0.350476 0.144377
 0.020849 0.823999 0.041657 0.113495
 0.556135 0.134303 0.144597 0.164965
 0.020849 0.165185 0.690177 0.123789

MOTIF 4-AGGGGCGGGG STREME-4
letter-probability matrix: alength= 4 w= 10 nsites= 171 E= 4.8e-002
 0.816361 0.077390 0.103369 0.002881
 0.006592 0.030639 0.947419 0.015349
 0.017674 0.043592 0.936961 0.001773
 0.012353 0.024634 0.959750 0.003263
 0.015348 0.055613 0.868781 0.060258
 0.026950 0.912091 0.000700 0.060258
 0.060853 0.010678 0.867616 0.060853
 0.029980 0.030301 0.931249 0.008471
 0.004101 0.047730 0.939699 0.008471
 0.024313 0.025819 0.924370 0.025498

MOTIF 5-AGGTGCTGAAG STREME-5
letter-probability matrix: alength= 4 w= 11 nsites= 88 E= 8.0e-002
 0.751583 0.075317 0.053872 0.119227
 0.022283 0.034946 0.931463 0.011308
 0.020949 0.050129 0.901048 0.027874
 0.039006 0.051670 0.037356 0.871968
 0.037672 0.055721 0.903558 0.003049
 0.016899 0.937661 0.025668 0.019772
 0.055572 0.058751 0.055720 0.829957
 0.007100 0.061468 0.917407 0.014025
 0.721478 0.138043 0.084907 0.055572
 0.713623 0.065313 0.114147 0.106918
 0.083271 0.104192 0.778916 0.033621

MOTIF 6-GAGGCCGAGGCY STREME-6
letter-probability matrix: alength= 4 w= 12 nsites= 225 E= 3.0e-001
 0.000137 0.000252 0.945540 0.054071
 0.999359 0.000252 0.000252 0.000137
 0.054071 0.051031 0.889368 0.005530
 0.086431 0.084430 0.829002 0.000137
 0.093146 0.830958 0.021826 0.054071
 0.164176 0.778224 0.057463 0.000137
 0.121151 0.144957 0.669035 0.064857
 0.719022 0.143517 0.043399 0.094062
 0.010924 0.005646 0.967114 0.016317
 0.088669 0.000252 0.824647 0.086431
 0.029342 0.679266 0.124060 0.167332
 0.158783 0.281750 0.128776 0.430691

MOTIF 7-AGCCCSAG STREME-7
letter-probability matrix: alength= 4 w= 8 nsites= 243 E= 4.2e-001
 0.997202 0.001101 0.001101 0.000597
 0.116672 0.060410 0.602968 0.219950
 0.000597 0.997706 0.001101 0.000597
 0.000597 0.997706 0.001101 0.000597
 0.000597 0.997706 0.001101 0.000597
 0.000597 0.373592 0.497500 0.128311
 0.997202 0.001101 0.001101 0.000597
 0.158259 0.001101 0.813724 0.026916

MOTIF 8-AAGATGGCGGCVG STREME-8
letter-probability matrix: alength= 4 w= 13 nsites= 121 E= 4.7e-001
 0.800989 0.000421 0.198362 0.000228
 0.809986 0.189364 0.000421 0.000228
 0.072207 0.216356 0.675219 0.036217
 0.998930 0.000421 0.000421 0.000228
 0.099199 0.000421 0.000421 0.899960
 0.000228 0.036410 0.963133 0.000228
 0.054212 0.000421 0.909150 0.036217
 0.171177 0.675219 0.000421 0.153183
 0.018223 0.054405 0.819176 0.108196
 0.171177 0.000421 0.729203 0.099199
 0.171177 0.648227 0.054405 0.126191
 0.252153 0.216356 0.405300 0.126191
 0.108196 0.207359 0.558254 0.126191

MOTIF 9-CCATGTCCTA STREME-9
letter-probability matrix: alength= 4 w= 10 nsites= 100 E= 1.8e+000
 0.055985 0.930498 0.000590 0.012928
 0.025536 0.923122 0.025806 0.025536
 0.818898 0.025806 0.011055 0.144242
 0.099042 0.111920 0.013198 0.775841
 0.000320 0.000590 0.986162 0.012928
 0.030768 0.111920 0.151887 0.705425
 0.000320 0.948339 0.051021 0.000320
 0.000320 0.837008 0.088847 0.073825
 0.158637 0.149744 0.074095 0.617524
 0.639993 0.079646 0.274809 0.005552

MOTIF 10-TGCGCATGCGCA STREME-10
letter-probability matrix: alength= 4 w= 12 nsites= 31 E= 2.7e+000
 0.125260 0.072724 0.037193 0.764822
 0.160792 0.001662 0.836645 0.000901
 0.071964 0.801114 0.054959 0.071964
 0.071964 0.001662 0.925473 0.000901
 0.000901 0.996535 0.001662 0.000901
 0.906947 0.054959 0.001662 0.036432
 0.036432 0.001662 0.054959 0.906947
 0.000901 0.001662 0.996535 0.000901
 0.000901 0.925473 0.001662 0.071964
 0.071964 0.054959 0.801114 0.071964
 0.000901 0.836645 0.001662 0.160792
 0.764822 0.037193 0.072724 0.125260

MOTIF 11-ACTCACCT STREME-11
letter-probability matrix: alength= 4 w= 8 nsites= 212 E= 3.2e+000
 0.735132 0.114413 0.101484 0.048971
 0.000488 0.943980 0.055044 0.000488
 0.090921 0.153638 0.000900 0.754541
 0.019719 0.967208 0.000900 0.012173
 0.997713 0.000900 0.000900 0.000488
 0.000488 0.998125 0.000900 0.000488
 0.022708 0.903795 0.012585 0.060912
 0.044448 0.080056 0.099431 0.776064

********************************************************************************
Stopped because 3 consecutive motifs exceeded the p-value threshold (0.05).
********************************************************************************
COMMAND:	streme --verbosity 1 --oc meme_out_incomplete_DL/HepG2_ATAD3A-human_ENCFF253ECF/streme_out -dna --seed 0 --p meme_out_incomplete_DL/HepG2_ATAD3A-human_ENCFF253ECF/seqs-centered --minw 6 --maxw 15 --time 6195 --order 2 --thresh 0.05 --align center --totallength 4000000 --parse-genomic-coord
********************************************************************************
CPU:		9f05ee173ae9
********************************************************************************
FINALTIME:	34.86 seconds
********************************************************************************
