********************************************************************************
STREME - Sensitive, Thorough, Rapid, Enriched Motif Elicitation
********************************************************************************
MEME version 5.5.3 (Release date: Sat Jun 10 16:19:38 2023 -0700)

For further information on how to interpret these results please access http://localhost:8080/meme_5.5.3.
To get a copy of the MEME Suite software please access https://meme-suite.org.

********************************************************************************


********************************************************************************
REFERENCE
********************************************************************************
If you use this program in your research, please cite:

Timothy L. Bailey,
"STREME: accurate and versatile sequence motif discovery",
Bioinformatics, Mar. 24, 2021.
********************************************************************************


ALPHABET= ACGT

strands: + -

Background letter frequencies
A 0.178 C 0.322 G 0.322 T 0.178 

MOTIF 1-CCCCGCCCC STREME-1
letter-probability matrix: alength= 4 w= 9 nsites= 2496 E= 3.3e-007
 0.000099 0.911319 0.000180 0.088403
 0.000099 0.999622 0.000180 0.000099
 0.033064 0.944562 0.000180 0.022194
 0.161314 0.838408 0.000180 0.000099
 0.261538 0.000180 0.584250 0.154032
 0.098110 0.901611 0.000180 0.000099
 0.030282 0.924205 0.045414 0.000099
 0.000099 0.960124 0.000180 0.039598
 0.000099 0.999622 0.000180 0.000099

MOTIF 2-GCCGCCGCCGCCGCC STREME-2
letter-probability matrix: alength= 4 w= 15 nsites= 667 E= 2.3e-006
 0.038000 0.057322 0.881918 0.022760
 0.013590 0.915171 0.001628 0.069610
 0.041766 0.844208 0.031965 0.082061
 0.050557 0.017012 0.901204 0.031227
 0.011897 0.922930 0.020399 0.044774
 0.041387 0.872836 0.048899 0.036878
 0.101358 0.019409 0.836153 0.043081
 0.005124 0.889494 0.022795 0.082587
 0.016977 0.794776 0.053979 0.134268
 0.113212 0.040144 0.800554 0.046090
 0.018670 0.873194 0.017012 0.091123
 0.043783 0.822346 0.015319 0.118552
 0.053944 0.043116 0.815363 0.087577
 0.000043 0.908536 0.050736 0.040684
 0.049151 0.755609 0.074156 0.121084

MOTIF 3-CCTGTAATCCCAGCW STREME-3
letter-probability matrix: alength= 4 w= 15 nsites= 240 E= 1.4e-003
 0.042717 0.910107 0.000198 0.046978
 0.021413 0.931411 0.000198 0.046978
 0.004370 0.017241 0.004459 0.973930
 0.059760 0.008720 0.931411 0.000109
 0.004370 0.012980 0.017241 0.965408
 0.927061 0.000198 0.051327 0.021413
 0.777934 0.012980 0.200454 0.008631
 0.000109 0.030024 0.000198 0.969669
 0.000109 0.918629 0.000198 0.081064
 0.017152 0.905250 0.021502 0.056096
 0.004370 0.910107 0.000198 0.085325
 0.956887 0.000198 0.042806 0.000109
 0.064021 0.030024 0.901586 0.004370
 0.000109 0.965497 0.004459 0.029935
 0.571649 0.019010 0.004459 0.404882

MOTIF 4-CCTCAGCCTCC STREME-4
letter-probability matrix: alength= 4 w= 11 nsites= 556 E= 6.6e-003
 0.033431 0.933891 0.000128 0.032549
 0.000071 0.978503 0.018413 0.003013
 0.000071 0.000128 0.000128 0.999672
 0.003977 0.920015 0.000128 0.075880
 0.666999 0.000128 0.291129 0.041743
 0.046141 0.032273 0.854413 0.067173
 0.002831 0.796681 0.000128 0.200359
 0.015253 0.721961 0.006447 0.256339
 0.000071 0.000128 0.000128 0.999672
 0.025834 0.928463 0.024549 0.021153
 0.015361 0.876073 0.102136 0.006430

MOTIF 5-TCAGCACCAYGGACA STREME-5
letter-probability matrix: alength= 4 w= 15 nsites= 123 E= 9.6e-003
 0.000236 0.110967 0.147813 0.740984
 0.000236 0.995276 0.004252 0.000236
 0.989696 0.000428 0.000428 0.009448
 0.000236 0.000428 0.999100 0.000236
 0.000236 0.888561 0.074121 0.037082
 0.971272 0.000428 0.000428 0.027871
 0.009448 0.971465 0.009640 0.009448
 0.000236 0.953042 0.037275 0.009448
 0.497660 0.055698 0.212294 0.234348
 0.101563 0.442583 0.092544 0.363310
 0.000236 0.000428 0.980676 0.018659
 0.009448 0.064909 0.879349 0.046294
 0.814676 0.166236 0.000428 0.018659
 0.000236 0.866315 0.124002 0.009448
 0.989696 0.000428 0.009640 0.000236

MOTIF 6-GGCTGCRG STREME-6
letter-probability matrix: alength= 4 w= 8 nsites= 2229 E= 2.0e-002
 0.300871 0.000426 0.698468 0.000235
 0.000235 0.000426 0.966148 0.033192
 0.000235 0.945285 0.054245 0.000235
 0.000235 0.000426 0.000426 0.998913
 0.139503 0.000426 0.859836 0.000235
 0.000235 0.963437 0.000426 0.035902
 0.567857 0.000426 0.431482 0.000235
 0.215963 0.000426 0.783377 0.000235

MOTIF 7-GCCCGGCCCTG STREME-7
letter-probability matrix: alength= 4 w= 11 nsites= 806 E= 2.6e-002
 0.081315 0.011294 0.712861 0.194530
 0.005257 0.990641 0.003512 0.000590
 0.006774 0.931505 0.013073 0.048648
 0.000086 0.999318 0.000510 0.000086
 0.137113 0.000156 0.785113 0.077617
 0.059089 0.000579 0.923434 0.016899
 0.016165 0.852058 0.097692 0.034086
 0.017134 0.762504 0.112513 0.107850
 0.029770 0.821595 0.056407 0.092227
 0.012641 0.025966 0.217558 0.743834
 0.075076 0.120813 0.719476 0.084635

MOTIF 8-YGCGCATGCGCR STREME-8
letter-probability matrix: alength= 4 w= 12 nsites= 182 E= 2.8e-002
 0.014451 0.304673 0.121033 0.559843
 0.047825 0.003899 0.948093 0.000183
 0.032287 0.927961 0.039570 0.000183
 0.003750 0.000332 0.992168 0.003750
 0.007317 0.992168 0.000332 0.000183
 0.768471 0.156458 0.074888 0.000183
 0.000183 0.074888 0.156458 0.768471
 0.000183 0.000332 0.992168 0.007317
 0.003750 0.992168 0.000332 0.003750
 0.000183 0.039570 0.927961 0.032287
 0.000183 0.948093 0.003899 0.047825
 0.559843 0.121033 0.304673 0.014451

MOTIF 9-GTCTCTACWAAAAAW STREME-9
letter-probability matrix: alength= 4 w= 15 nsites= 167 E= 3.4e-002
 0.284069 0.000254 0.699157 0.016520
 0.011060 0.033015 0.016634 0.939290
 0.000140 0.972165 0.022095 0.005600
 0.021981 0.011174 0.005714 0.961131
 0.016520 0.895723 0.038475 0.049281
 0.213087 0.060316 0.000254 0.726343
 0.922910 0.005714 0.060316 0.011060
 0.234927 0.720997 0.005714 0.038361
 0.393273 0.082157 0.033015 0.491556
 0.928370 0.022095 0.027555 0.021981
 0.917450 0.049396 0.016634 0.016520
 0.917450 0.033015 0.016634 0.032901
 0.933830 0.027555 0.005714 0.032901
 0.901069 0.011174 0.043935 0.043821
 0.349591 0.022095 0.027555 0.600759

MOTIF 10-CCACTTCCGGS STREME-10
letter-probability matrix: alength= 4 w= 11 nsites= 150 E= 4.4e-002
 0.008252 0.596100 0.205692 0.189956
 0.084001 0.773190 0.021921 0.120889
 0.981847 0.000374 0.017573 0.000206
 0.002616 0.981999 0.012769 0.002616
 0.024343 0.000374 0.000557 0.974726
 0.011591 0.000374 0.000374 0.987661
 0.019636 0.979783 0.000374 0.000206
 0.000206 0.999213 0.000374 0.000206
 0.000206 0.024511 0.975077 0.000206
 0.061980 0.002784 0.863987 0.071249
 0.008252 0.297556 0.505825 0.188368

MOTIF 11-CAGCAGCAGCAGC STREME-11
letter-probability matrix: alength= 4 w= 13 nsites= 226 E= 6.9e-002
 0.000133 0.820125 0.132948 0.046794
 0.929034 0.000241 0.017947 0.052778
 0.012654 0.057272 0.893649 0.036425
 0.104308 0.842397 0.006502 0.046794
 0.938051 0.000241 0.000241 0.061467
 0.056282 0.026164 0.901867 0.015687
 0.015687 0.968175 0.003044 0.013094
 0.759410 0.141514 0.043870 0.055207
 0.013632 0.112270 0.837672 0.036425
 0.036425 0.928671 0.004545 0.030359
 0.838495 0.005426 0.056831 0.099248
 0.057163 0.000241 0.900986 0.041610
 0.051979 0.856053 0.029621 0.062348

MOTIF 12-AAATTAGCYGGGCRT STREME-12
letter-probability matrix: alength= 4 w= 15 nsites= 117 E= 7.2e-002
 0.970619 0.019280 0.009859 0.000241
 0.942355 0.038123 0.000438 0.019084
 0.914092 0.000438 0.075807 0.009663
 0.009663 0.009859 0.028702 0.951777
 0.000241 0.056965 0.019280 0.923513
 0.970619 0.009859 0.009859 0.009663
 0.028505 0.028702 0.923710 0.019084
 0.000241 0.923710 0.028702 0.047347
 0.009663 0.565707 0.038123 0.386508
 0.282876 0.000438 0.697603 0.019084
 0.075611 0.019280 0.904868 0.000241
 0.037926 0.000438 0.961394 0.000241
 0.000241 0.735287 0.028702 0.235770
 0.367666 0.019280 0.575128 0.037926
 0.019084 0.038123 0.028702 0.914092

MOTIF 13-CACGTGATCS STREME-13
letter-probability matrix: alength= 4 w= 10 nsites= 405 E= 1.0e-001
 0.061177 0.752805 0.119994 0.066025
 0.950518 0.000146 0.009499 0.039837
 0.131878 0.745402 0.097605 0.025116
 0.022262 0.007746 0.966158 0.003834
 0.003227 0.003293 0.000146 0.993333
 0.062822 0.151454 0.721401 0.064324
 0.849352 0.013027 0.100150 0.037472
 0.025114 0.122273 0.012048 0.840565
 0.131935 0.712998 0.068090 0.086977
 0.095040 0.322051 0.426145 0.156763

MOTIF 14-CAASATGGCG STREME-14
letter-probability matrix: alength= 4 w= 10 nsites= 327 E= 1.1e-001
 0.043160 0.673659 0.239506 0.043675
 0.999576 0.000166 0.000166 0.000092
 0.899648 0.100095 0.000166 0.000092
 0.086569 0.329774 0.557060 0.026597
 0.999576 0.000166 0.000166 0.000092
 0.000092 0.000166 0.000166 0.999576
 0.000092 0.005673 0.994144 0.000092
 0.000092 0.000166 0.942458 0.057284
 0.054042 0.723335 0.014464 0.208158
 0.011279 0.000166 0.969902 0.018653

MOTIF 15-CCCAGGCCC STREME-15
letter-probability matrix: alength= 4 w= 9 nsites= 487 E= 1.8e-001
 0.046296 0.952322 0.000891 0.000491
 0.000491 0.972420 0.026598 0.000491
 0.105809 0.882776 0.004232 0.007183
 0.997727 0.000891 0.000891 0.000491
 0.173080 0.179457 0.645561 0.001902
 0.000491 0.000891 0.944464 0.054154
 0.000491 0.998127 0.000891 0.000491
 0.000491 0.998127 0.000891 0.000491
 0.000491 0.932402 0.066616 0.000491

MOTIF 16-CCASCAGGGGGCG STREME-16
letter-probability matrix: alength= 4 w= 13 nsites= 223 E= 2.0e-001
 0.000144 0.918678 0.052959 0.028219
 0.000144 0.999451 0.000261 0.000144
 0.689551 0.048593 0.242537 0.019319
 0.000144 0.390130 0.609582 0.000144
 0.000144 0.785560 0.101853 0.112443
 0.993719 0.005876 0.000261 0.000144
 0.000144 0.000261 0.999451 0.000144
 0.315958 0.000261 0.683637 0.000144
 0.036164 0.000261 0.677702 0.285873
 0.005759 0.000261 0.993836 0.000144
 0.022604 0.003069 0.951724 0.022604
 0.030549 0.969046 0.000261 0.000144
 0.216473 0.005876 0.777507 0.000144

MOTIF 17-GTGAGCCACYGCGC STREME-17
letter-probability matrix: alength= 4 w= 14 nsites= 111 E= 2.2e-001
 0.162815 0.035365 0.755088 0.046731
 0.000297 0.023757 0.000540 0.975406
 0.011906 0.000540 0.987257 0.000297
 0.975406 0.012148 0.012148 0.000297
 0.023514 0.012148 0.952431 0.011906
 0.000297 0.975648 0.000540 0.023514
 0.000297 0.940823 0.035365 0.023514
 0.987014 0.012148 0.000540 0.000297
 0.000297 0.987257 0.012148 0.000297
 0.023514 0.453269 0.012148 0.511068
 0.058340 0.035365 0.905998 0.000297
 0.023514 0.801522 0.000540 0.174424
 0.127990 0.023757 0.836347 0.011906
 0.023514 0.929215 0.023757 0.023514

MOTIF 18-AGGAGTTCGAGACCA STREME-18
letter-probability matrix: alength= 4 w= 15 nsites= 140 E= 2.2e-001
 0.889822 0.015970 0.086204 0.008004
 0.031415 0.039381 0.921200 0.008004
 0.015807 0.015970 0.968022 0.000200
 0.983467 0.008167 0.008167 0.000200
 0.031415 0.015970 0.952415 0.000200
 0.054826 0.031578 0.031578 0.882019
 0.008004 0.008167 0.008167 0.975663
 0.031415 0.679285 0.062793 0.226507
 0.195293 0.070596 0.702696 0.031415
 0.960056 0.008167 0.008167 0.023611
 0.031415 0.015970 0.952415 0.000200
 0.975663 0.000363 0.015970 0.008004
 0.023611 0.921200 0.023774 0.031415
 0.008004 0.960219 0.000363 0.031415
 0.999074 0.000363 0.000363 0.000200

MOTIF 19-ACTACAWYTCCCA STREME-19
letter-probability matrix: alength= 4 w= 13 nsites= 88 E= 2.9e-001
 0.987892 0.000503 0.011327 0.000277
 0.000277 0.966471 0.000503 0.032749
 0.000277 0.076270 0.011327 0.912126
 0.875162 0.022151 0.026643 0.076044
 0.011101 0.951155 0.015819 0.021925
 0.929281 0.000503 0.069938 0.000277
 0.333974 0.097917 0.080762 0.487346
 0.065220 0.336040 0.106902 0.491839
 0.011101 0.065446 0.032975 0.890478
 0.000277 0.944823 0.011327 0.043572
 0.000277 0.977294 0.011327 0.011101
 0.065220 0.879881 0.022151 0.032749
 0.890478 0.000503 0.108741 0.000277

MOTIF 20-SCACGTGS STREME-20
letter-probability matrix: alength= 4 w= 8 nsites= 733 E= 3.3e-001
 0.069819 0.605243 0.324671 0.000267
 0.089436 0.758889 0.060928 0.090747
 0.998764 0.000485 0.000485 0.000267
 0.045185 0.954063 0.000485 0.000267
 0.000267 0.000485 0.954063 0.045185
 0.000267 0.000485 0.000485 0.998764
 0.090747 0.060928 0.758889 0.089436
 0.000267 0.324671 0.605243 0.069819

MOTIF 21-AGGTRA STREME-21
letter-probability matrix: alength= 4 w= 6 nsites= 2916 E= 3.9e-001
 0.998394 0.000629 0.000629 0.000347
 0.000347 0.086546 0.912761 0.000347
 0.000347 0.000629 0.998677 0.000347
 0.000347 0.000629 0.000629 0.998394
 0.308534 0.162234 0.528886 0.000347
 0.998394 0.000629 0.000629 0.000347

MOTIF 22-GGCSGCSGCC STREME-22
letter-probability matrix: alength= 4 w= 10 nsites= 420 E= 4.1e-001
 0.000631 0.248991 0.749748 0.000631
 0.047396 0.001145 0.929768 0.021691
 0.028595 0.903375 0.001145 0.066885
 0.000631 0.499369 0.499369 0.000631
 0.002281 0.001145 0.995944 0.000631
 0.000631 0.995944 0.001145 0.002281
 0.000631 0.499369 0.499369 0.000631
 0.066885 0.001145 0.903375 0.028595
 0.021691 0.929768 0.001145 0.047396
 0.000631 0.749748 0.248991 0.000631

MOTIF 23-CCGCTTCCY STREME-23
letter-probability matrix: alength= 4 w= 9 nsites= 1366 E= 6.0e-001
 0.009650 0.983123 0.000292 0.006935
 0.029405 0.736145 0.042184 0.192266
 0.122843 0.220930 0.538336 0.117891
 0.006436 0.932516 0.052423 0.008625
 0.000161 0.022109 0.101440 0.876290
 0.081168 0.000292 0.000292 0.918248
 0.004867 0.973530 0.000292 0.021311
 0.000161 0.989303 0.002334 0.008202
 0.013648 0.327696 0.115301 0.543355

MOTIF 24-CCCGAGGCC STREME-24
letter-probability matrix: alength= 4 w= 9 nsites= 1413 E= 1.0e+000
 0.112298 0.693392 0.194169 0.000142
 0.000142 0.981105 0.007412 0.011342
 0.000142 0.999458 0.000258 0.000142
 0.000142 0.000258 0.991095 0.008505
 0.999342 0.000258 0.000258 0.000142
 0.039132 0.152315 0.805149 0.003404
 0.152746 0.204000 0.498313 0.144941
 0.136016 0.736056 0.052287 0.075640
 0.000142 0.887229 0.000258 0.112371

MOTIF 25-GGAGGAGGAGGA STREME-25
letter-probability matrix: alength= 4 w= 12 nsites= 827 E= 1.1e+000
 0.004694 0.179231 0.778407 0.037667
 0.116467 0.007560 0.812906 0.063067
 0.999201 0.000070 0.000070 0.000660
 0.024763 0.303305 0.623047 0.048885
 0.000038 0.003815 0.962337 0.033810
 0.792250 0.059558 0.005104 0.143088
 0.168695 0.119286 0.633749 0.078269
 0.157816 0.000819 0.753821 0.087544
 0.544433 0.188071 0.106620 0.160876
 0.035240 0.198554 0.662037 0.104169
 0.146653 0.000070 0.846626 0.006652
 0.765993 0.025408 0.008900 0.199699

MOTIF 26-CTGTCACCCA STREME-26
letter-probability matrix: alength= 4 w= 10 nsites= 83 E= 1.2e+000
 0.073068 0.891427 0.000806 0.034700
 0.000444 0.000806 0.027491 0.971259
 0.000444 0.000806 0.998307 0.000444
 0.000444 0.000806 0.000806 0.997945
 0.000444 0.957306 0.041806 0.000444
 0.699942 0.000806 0.298808 0.000444
 0.054869 0.926560 0.000806 0.017766
 0.000444 0.811856 0.000806 0.186895
 0.189838 0.791590 0.018127 0.000444
 0.997945 0.000806 0.000806 0.000444

MOTIF 27-CAGTGAGCCGAGAT STREME-27
letter-probability matrix: alength= 4 w= 14 nsites= 95 E= 1.2e+000
 0.013209 0.947224 0.013478 0.026088
 0.959834 0.000599 0.026358 0.013209
 0.013209 0.039237 0.947224 0.000330
 0.000330 0.052116 0.000599 0.946955
 0.045407 0.026358 0.927905 0.000330
 0.946955 0.000599 0.039237 0.013209
 0.013209 0.013478 0.960103 0.013209
 0.000330 0.947224 0.000599 0.051847
 0.064726 0.734716 0.026358 0.174200
 0.180640 0.026358 0.792673 0.000330
 0.869679 0.026358 0.000599 0.103364
 0.038968 0.013478 0.947224 0.000330
 0.959834 0.013478 0.013478 0.013209
 0.013209 0.026358 0.013478 0.946955

MOTIF 28-GGCTGGAGTGCAGTG STREME-28
letter-probability matrix: alength= 4 w= 15 nsites= 84 E= 1.2e+000
 0.051515 0.000595 0.921968 0.025922
 0.000328 0.013392 0.973155 0.013125
 0.013125 0.960358 0.000595 0.025922
 0.013125 0.000595 0.038986 0.947294
 0.038718 0.000595 0.960358 0.000328
 0.025922 0.013392 0.960358 0.000328
 0.998482 0.000595 0.000595 0.000328
 0.089906 0.000595 0.909171 0.000328
 0.013125 0.013392 0.000595 0.972888
 0.013125 0.000595 0.973155 0.013125
 0.000328 0.985952 0.013392 0.000328
 0.972888 0.000595 0.013392 0.013125
 0.205077 0.038986 0.755609 0.000328
 0.013125 0.038986 0.013392 0.934497
 0.000328 0.026189 0.973155 0.000328

MOTIF 29-CCGGGA STREME-29
letter-probability matrix: alength= 4 w= 6 nsites= 2109 E= 1.2e+000
 0.016145 0.938400 0.029309 0.016145
 0.016145 0.938400 0.029309 0.016145
 0.016145 0.029309 0.938400 0.016145
 0.016145 0.029309 0.938400 0.016145
 0.016145 0.029309 0.938400 0.016145
 0.925236 0.029309 0.029309 0.016145

MOTIF 30-AAAACAAA STREME-30
letter-probability matrix: alength= 4 w= 8 nsites= 792 E= 1.2e+000
 0.825561 0.050518 0.031116 0.092805
 0.861173 0.103802 0.031930 0.003095
 0.935221 0.026021 0.024401 0.014358
 0.905781 0.037273 0.034809 0.022137
 0.000200 0.775500 0.082258 0.142041
 0.915559 0.064360 0.007437 0.012645
 0.999072 0.000364 0.000364 0.000200
 0.865029 0.017549 0.117222 0.000200

MOTIF 31-CAACATAGYGAGA STREME-31
letter-probability matrix: alength= 4 w= 13 nsites= 55 E= 1.3e+000
 0.000709 0.997295 0.001287 0.000709
 0.886050 0.001287 0.111954 0.000709
 0.969050 0.001287 0.001287 0.028376
 0.000709 0.858961 0.056621 0.083710
 0.996717 0.001287 0.001287 0.000709
 0.139043 0.167288 0.139621 0.554047
 0.886050 0.028954 0.028954 0.056043
 0.028376 0.001287 0.969628 0.000709
 0.028376 0.305623 0.111954 0.554047
 0.000709 0.028954 0.969628 0.000709
 0.996717 0.001287 0.001287 0.000709
 0.222044 0.001287 0.775960 0.000709
 0.996717 0.001287 0.001287 0.000709

MOTIF 32-GAGAATYGCTTGAAC STREME-32
letter-probability matrix: alength= 4 w= 15 nsites= 96 E= 1.3e+000
 0.035535 0.059270 0.904894 0.000301
 0.986862 0.000546 0.012291 0.000301
 0.000301 0.024036 0.975362 0.000301
 0.728477 0.000546 0.270676 0.000301
 0.975117 0.000546 0.024036 0.000301
 0.000301 0.024036 0.000546 0.975117
 0.012046 0.540806 0.153228 0.293920
 0.070770 0.035781 0.881404 0.012046
 0.000301 0.904894 0.000546 0.094259
 0.000301 0.012291 0.094504 0.892904
 0.035535 0.012291 0.000546 0.951627
 0.000301 0.012291 0.975362 0.012046
 0.998607 0.000546 0.000546 0.000301
 0.704987 0.024036 0.270676 0.000301
 0.000301 0.928383 0.035781 0.035535

MOTIF 33-ACACGCACACACAC STREME-33
letter-probability matrix: alength= 4 w= 14 nsites= 197 E= 1.6e+000
 0.925236 0.029309 0.029309 0.016145
 0.016145 0.938400 0.029309 0.016145
 0.925236 0.029309 0.029309 0.016145
 0.016145 0.938400 0.029309 0.016145
 0.016145 0.029309 0.938400 0.016145
 0.016145 0.938400 0.029309 0.016145
 0.925236 0.029309 0.029309 0.016145
 0.016145 0.938400 0.029309 0.016145
 0.925236 0.029309 0.029309 0.016145
 0.016145 0.938400 0.029309 0.016145
 0.925236 0.029309 0.029309 0.016145
 0.016145 0.938400 0.029309 0.016145
 0.925236 0.029309 0.029309 0.016145
 0.016145 0.938400 0.029309 0.016145

MOTIF 34-TCCCCA STREME-34
letter-probability matrix: alength= 4 w= 6 nsites= 1808 E= 1.8e+000
 0.016145 0.029309 0.029309 0.925236
 0.016145 0.938400 0.029309 0.016145
 0.016145 0.938400 0.029309 0.016145
 0.016145 0.938400 0.029309 0.016145
 0.016145 0.938400 0.029309 0.016145
 0.925236 0.029309 0.029309 0.016145

MOTIF 35-GCCATGGCCAC STREME-35
letter-probability matrix: alength= 4 w= 11 nsites= 478 E= 4.0e+000
 0.125859 0.033303 0.659249 0.181589
 0.135872 0.812155 0.000413 0.051560
 0.170880 0.791634 0.026744 0.010741
 0.972100 0.000138 0.011920 0.015843
 0.000076 0.045915 0.000138 0.953872
 0.056971 0.107063 0.824568 0.011399
 0.231652 0.035806 0.727912 0.004630
 0.056587 0.692088 0.024226 0.227099
 0.226938 0.526539 0.170161 0.076362
 0.906234 0.061873 0.031817 0.000076
 0.145859 0.734431 0.082907 0.036803

MOTIF 36-CACTCACCG STREME-36
letter-probability matrix: alength= 4 w= 9 nsites= 151 E= 5.3e+000
 0.000453 0.671108 0.000822 0.327617
 0.997904 0.000822 0.000822 0.000453
 0.000453 0.852163 0.000822 0.146563
 0.000453 0.000822 0.000822 0.997904
 0.000453 0.998273 0.000822 0.000453
 0.997904 0.000822 0.000822 0.000453
 0.071105 0.927621 0.000822 0.000453
 0.000453 0.998273 0.000822 0.000453
 0.306757 0.000822 0.691968 0.000453

MOTIF 37-AGAGAAAGAGA STREME-37
letter-probability matrix: alength= 4 w= 11 nsites= 209 E= 7.1e+000
 0.914058 0.006078 0.039057 0.040806
 0.008368 0.036090 0.822794 0.132749
 0.909778 0.011886 0.046735 0.031600
 0.002559 0.124652 0.812148 0.060641
 0.794784 0.096152 0.068258 0.040806
 0.876001 0.018814 0.041147 0.064038
 0.871266 0.023503 0.070234 0.034998
 0.011272 0.127672 0.725897 0.135160
 0.605961 0.131730 0.056958 0.205351
 0.038527 0.092881 0.790526 0.078065
 0.929072 0.050674 0.014297 0.005957

********************************************************************************
Stopped because 3 consecutive motifs exceeded the p-value threshold (0.05).
********************************************************************************
COMMAND:	streme --verbosity 1 --oc meme_out_incomplete_DL/HepG2_EED-human_ENCFF481KFX/streme_out -dna --seed 0 --p meme_out_incomplete_DL/HepG2_EED-human_ENCFF481KFX/seqs-centered --minw 6 --maxw 15 --time 6188 --order 2 --thresh 0.05 --align center --totallength 4000000 --parse-genomic-coord
********************************************************************************
CPU:		9f05ee173ae9
********************************************************************************
FINALTIME:	821.99 seconds
********************************************************************************
