********************************************************************************
STREME - Sensitive, Thorough, Rapid, Enriched Motif Elicitation
********************************************************************************
MEME version 5.5.3 (Release date: Sat Jun 10 16:19:38 2023 -0700)

For further information on how to interpret these results please access http://localhost:8080/meme_5.5.3.
To get a copy of the MEME Suite software please access https://meme-suite.org.

********************************************************************************


********************************************************************************
REFERENCE
********************************************************************************
If you use this program in your research, please cite:

Timothy L. Bailey,
"STREME: accurate and versatile sequence motif discovery",
Bioinformatics, Mar. 24, 2021.
********************************************************************************


ALPHABET= ACGT

strands: + -

Background letter frequencies
A 0.161 C 0.339 G 0.339 T 0.161 

MOTIF 1-RGGGGCGGGGCCD STREME-1
letter-probability matrix: alength= 4 w= 13 nsites= 4024 E= 1.2e-035
 0.271931 0.203507 0.449862 0.074700
 0.034920 0.000022 0.863443 0.101615
 0.082775 0.000022 0.917193 0.000010
 0.000010 0.000022 0.999958 0.000010
 0.000010 0.000022 0.990482 0.009486
 0.000010 0.935766 0.000022 0.064202
 0.000891 0.000022 0.999078 0.000010
 0.000010 0.000022 0.931908 0.068060
 0.083592 0.000022 0.881307 0.035079
 0.076890 0.000022 0.910276 0.012812
 0.132310 0.738599 0.024804 0.104287
 0.057719 0.517021 0.184531 0.240729
 0.248966 0.067572 0.339070 0.344392

MOTIF 2-RGGAGGMGGVGGVGG STREME-2
letter-probability matrix: alength= 4 w= 15 nsites= 9610 E= 6.1e-015
 0.551648 0.000006 0.448343 0.000003
 0.000241 0.000006 0.999632 0.000122
 0.231612 0.000006 0.703664 0.064719
 0.727002 0.046752 0.000006 0.226240
 0.249243 0.056260 0.681373 0.013124
 0.054791 0.000888 0.944318 0.000003
 0.406115 0.259866 0.163569 0.170450
 0.231362 0.021627 0.713527 0.033483
 0.251939 0.071956 0.651177 0.024928
 0.369935 0.284126 0.225005 0.120934
 0.237507 0.123535 0.543555 0.095402
 0.174317 0.169024 0.610499 0.046160
 0.399476 0.220587 0.220017 0.159920
 0.282880 0.031351 0.655910 0.029860
 0.234138 0.108543 0.563767 0.093552

MOTIF 3-STGCGCATGCGCAS STREME-3
letter-probability matrix: alength= 4 w= 14 nsites= 867 E= 1.8e-014
 0.097267 0.434121 0.331659 0.136953
 0.016414 0.248720 0.130119 0.604747
 0.076319 0.000068 0.923580 0.000033
 0.030431 0.969468 0.000068 0.000033
 0.043830 0.000068 0.956069 0.000033
 0.000033 0.999867 0.000068 0.000033
 0.700706 0.174490 0.105866 0.018938
 0.018938 0.105866 0.174490 0.700706
 0.000033 0.000068 0.999867 0.000033
 0.000033 0.956069 0.000068 0.043830
 0.000033 0.000068 0.969468 0.030431
 0.000033 0.923580 0.000068 0.076319
 0.604747 0.130119 0.248720 0.016414
 0.136953 0.331659 0.434121 0.097267

MOTIF 4-GCCGCCGCCGCCGCC STREME-4
letter-probability matrix: alength= 4 w= 15 nsites= 1581 E= 3.4e-014
 0.052519 0.033119 0.909453 0.004909
 0.003770 0.920112 0.000796 0.075322
 0.022970 0.928587 0.000034 0.048410
 0.066842 0.002108 0.928482 0.002568
 0.006239 0.969071 0.000034 0.024656
 0.078000 0.755074 0.025639 0.141287
 0.128277 0.000034 0.855645 0.016044
 0.011366 0.891004 0.000725 0.096904
 0.028738 0.901259 0.018196 0.051807
 0.133258 0.009441 0.789302 0.067999
 0.030323 0.915522 0.000725 0.053430
 0.034878 0.790729 0.011789 0.162604
 0.049720 0.025123 0.784816 0.140341
 0.002091 0.921960 0.020578 0.055371
 0.043645 0.791275 0.065063 0.100017

MOTIF 5-CCRSCAGGGGGCGCY STREME-5
letter-probability matrix: alength= 4 w= 15 nsites= 845 E= 2.0e-012
 0.047407 0.888739 0.028486 0.035368
 0.000031 0.997197 0.002741 0.000031
 0.593422 0.014553 0.337928 0.054097
 0.010733 0.592106 0.397129 0.000031
 0.040719 0.778816 0.062713 0.117752
 0.991812 0.000065 0.005416 0.002707
 0.000031 0.000065 0.998535 0.001369
 0.317527 0.000065 0.682376 0.000031
 0.021990 0.040753 0.753595 0.183661
 0.008315 0.000065 0.990250 0.001369
 0.008058 0.005416 0.954389 0.032137
 0.052452 0.912115 0.000065 0.035368
 0.211422 0.002741 0.782873 0.002964
 0.027896 0.711540 0.209143 0.051420
 0.067731 0.469832 0.176321 0.286116

MOTIF 6-ASGTVA STREME-6
letter-probability matrix: alength= 4 w= 6 nsites= 6704 E= 1.1e-011
 0.999599 0.000162 0.000162 0.000077
 0.141052 0.479962 0.365347 0.013639
 0.000077 0.000162 0.999684 0.000077
 0.000077 0.000162 0.000162 0.999599
 0.258880 0.332563 0.392538 0.016019
 0.975411 0.000162 0.024350 0.000077

MOTIF 7-RACTACAWYTCCCAG STREME-7
letter-probability matrix: alength= 4 w= 15 nsites= 358 E= 2.3e-009
 0.429341 0.028353 0.510901 0.031405
 0.974555 0.025219 0.000153 0.000073
 0.000073 0.999701 0.000153 0.000073
 0.003206 0.040886 0.000153 0.955755
 0.911889 0.025220 0.047152 0.015739
 0.000073 0.990301 0.000153 0.009473
 0.868024 0.031486 0.100417 0.000073
 0.542147 0.094151 0.075352 0.288350
 0.062738 0.351094 0.178751 0.407417
 0.037672 0.053419 0.000153 0.908755
 0.006339 0.943303 0.006420 0.043938
 0.000073 0.999701 0.000153 0.000073
 0.003206 0.980902 0.000153 0.015739
 0.705088 0.000153 0.288420 0.006339
 0.056471 0.065952 0.783507 0.094070

MOTIF 8-CCCAGCCCCG STREME-8
letter-probability matrix: alength= 4 w= 10 nsites= 6495 E= 1.3e-008
 0.028730 0.905563 0.013586 0.052121
 0.006588 0.870541 0.111905 0.010965
 0.044961 0.693308 0.160173 0.101558
 0.957949 0.004751 0.026916 0.010384
 0.196690 0.071546 0.643027 0.088737
 0.070668 0.836259 0.020257 0.072815
 0.060900 0.908593 0.023885 0.006621
 0.056758 0.880627 0.008254 0.054361
 0.063128 0.726094 0.121644 0.089134
 0.173113 0.003917 0.804486 0.018484

MOTIF 9-AWACAAA STREME-9
letter-probability matrix: alength= 4 w= 7 nsites= 3396 E= 1.6e-007
 0.662533 0.091896 0.115815 0.129756
 0.637446 0.000206 0.039952 0.322396
 0.909534 0.000206 0.090162 0.000098
 0.000098 0.655204 0.068054 0.276644
 0.917791 0.056789 0.000206 0.025214
 0.999490 0.000206 0.000206 0.000098
 0.893198 0.106498 0.000206 0.000098

MOTIF 10-RGCCAATCRGA STREME-10
letter-probability matrix: alength= 4 w= 11 nsites= 1038 E= 2.1e-006
 0.587627 0.012295 0.353206 0.046872
 0.280963 0.005704 0.650631 0.062703
 0.000033 0.999866 0.000069 0.000033
 0.002397 0.997502 0.000069 0.000033
 0.999829 0.000069 0.000069 0.000033
 0.999829 0.000069 0.000069 0.000033
 0.000033 0.000069 0.000069 0.999829
 0.075991 0.634754 0.263864 0.025390
 0.634706 0.008601 0.356660 0.000033
 0.127341 0.161956 0.648404 0.062299
 0.523791 0.256424 0.149663 0.070122

MOTIF 11-CGCAGCCGC STREME-11
letter-probability matrix: alength= 4 w= 9 nsites= 3580 E= 2.1e-005
 0.037958 0.858924 0.006858 0.096260
 0.000713 0.009622 0.987442 0.002223
 0.003462 0.938930 0.029470 0.028138
 0.870172 0.083054 0.046633 0.000141
 0.000275 0.000753 0.996914 0.002058
 0.053845 0.748426 0.171730 0.025999
 0.006879 0.933321 0.016310 0.043490
 0.047847 0.052949 0.828813 0.070391
 0.023093 0.961189 0.011354 0.004364

MOTIF 12-CCATGGCAACS STREME-12
letter-probability matrix: alength= 4 w= 11 nsites= 233 E= 3.4e-004
 0.000142 0.917705 0.000298 0.081856
 0.030598 0.941191 0.000298 0.027913
 0.938538 0.000298 0.000298 0.060866
 0.000142 0.035716 0.000298 0.963845
 0.196317 0.000298 0.803243 0.000142
 0.057219 0.000298 0.942342 0.000142
 0.006233 0.850068 0.000298 0.143401
 0.691545 0.000298 0.226300 0.081857
 0.999263 0.000298 0.000298 0.000142
 0.000142 0.987236 0.000298 0.012324
 0.134012 0.471154 0.310234 0.084600

MOTIF 13-CAASATGGCGGC STREME-13
letter-probability matrix: alength= 4 w= 12 nsites= 427 E= 4.4e-004
 0.102556 0.715174 0.089533 0.092737
 0.977478 0.000136 0.019549 0.002838
 0.869789 0.074544 0.000136 0.055531
 0.141529 0.283405 0.532250 0.042815
 0.999664 0.000136 0.000136 0.000064
 0.000064 0.000136 0.000136 0.999664
 0.000064 0.040842 0.959029 0.000064
 0.002838 0.005682 0.991416 0.000064
 0.000064 0.994189 0.000136 0.005611
 0.037269 0.122886 0.753908 0.085937
 0.117695 0.104127 0.736513 0.041665
 0.117694 0.829413 0.016776 0.036117

MOTIF 14-CCGGGACCCGG STREME-14
letter-probability matrix: alength= 4 w= 11 nsites= 4978 E= 6.7e-004
 0.044038 0.771273 0.024585 0.160103
 0.122949 0.680346 0.152482 0.044223
 0.052573 0.028930 0.880342 0.038155
 0.102788 0.046921 0.825081 0.025210
 0.033389 0.000143 0.901614 0.064855
 0.999913 0.000035 0.000035 0.000017
 0.060395 0.745774 0.048420 0.145411
 0.052909 0.663300 0.126204 0.157587
 0.090760 0.658776 0.035929 0.214535
 0.125977 0.134928 0.617627 0.121468
 0.228969 0.076379 0.651549 0.043103

MOTIF 15-CAGCAGCAGCAGC STREME-15
letter-probability matrix: alength= 4 w= 13 nsites= 1033 E= 5.0e-003
 0.000028 0.801975 0.123555 0.074442
 0.843658 0.000059 0.135929 0.020354
 0.111906 0.090767 0.796089 0.001237
 0.013478 0.952108 0.006277 0.028137
 0.858959 0.027612 0.001385 0.112044
 0.116700 0.077000 0.794654 0.011646
 0.021916 0.869582 0.047413 0.061090
 0.715520 0.140077 0.073757 0.070646
 0.125974 0.158382 0.709068 0.006576
 0.013626 0.896873 0.009250 0.080252
 0.736364 0.100105 0.034557 0.128974
 0.150013 0.040132 0.761043 0.048812
 0.039108 0.900651 0.039624 0.020616

MOTIF 16-CACRCACRCACACA STREME-16
letter-probability matrix: alength= 4 w= 14 nsites= 436 E= 5.8e-003
 0.052496 0.878989 0.068409 0.000106
 0.869999 0.000222 0.129673 0.000106
 0.089829 0.813075 0.006651 0.090445
 0.422809 0.077098 0.366906 0.133187
 0.019415 0.955269 0.020667 0.004649
 0.869330 0.000222 0.130342 0.000106
 0.024708 0.762047 0.072861 0.140384
 0.404762 0.016233 0.454072 0.124934
 0.062781 0.796198 0.000222 0.140798
 0.929016 0.000222 0.025591 0.045170
 0.068226 0.846867 0.037863 0.047044
 0.782470 0.004766 0.157113 0.055651
 0.005052 0.977219 0.000222 0.017506
 0.856477 0.000222 0.114671 0.028629

MOTIF 17-VTGASTCAB STREME-17
letter-probability matrix: alength= 4 w= 9 nsites= 538 E= 1.8e-002
 0.313889 0.250427 0.435557 0.000127
 0.000127 0.000268 0.000268 0.999338
 0.000127 0.043557 0.826149 0.130167
 0.937198 0.062407 0.000268 0.000127
 0.103781 0.396219 0.396219 0.103781
 0.000127 0.000268 0.062407 0.937198
 0.130167 0.826149 0.043557 0.000127
 0.999338 0.000268 0.000268 0.000127
 0.000127 0.435557 0.250427 0.313889

MOTIF 18-CCCGCCCCTYCCB STREME-18
letter-probability matrix: alength= 4 w= 13 nsites= 1325 E= 2.0e-002
 0.032984 0.936206 0.010263 0.020547
 0.074153 0.831026 0.033429 0.061391
 0.130019 0.794888 0.015264 0.059830
 0.132366 0.000058 0.833120 0.034456
 0.035642 0.825440 0.091448 0.047470
 0.002913 0.969705 0.027354 0.000028
 0.003612 0.926766 0.013761 0.055861
 0.016499 0.912668 0.033163 0.037670
 0.103982 0.106052 0.034143 0.755822
 0.071407 0.299870 0.085293 0.543429
 0.018760 0.813917 0.113727 0.053596
 0.036368 0.832877 0.083689 0.047067
 0.002417 0.395335 0.247047 0.355200

MOTIF 19-RCCGGAAGTG STREME-19
letter-probability matrix: alength= 4 w= 10 nsites= 492 E= 2.5e-002
 0.438833 0.216821 0.294314 0.050032
 0.011153 0.852217 0.136530 0.000101
 0.056712 0.942976 0.000212 0.000101
 0.000101 0.018354 0.981445 0.000101
 0.017410 0.000212 0.982278 0.000101
 0.999476 0.000212 0.000212 0.000101
 0.999476 0.000212 0.000212 0.000101
 0.016707 0.000212 0.982981 0.000101
 0.000101 0.000212 0.000212 0.999476
 0.144256 0.028240 0.688159 0.139345

MOTIF 20-CCAGGCCCAG STREME-20
letter-probability matrix: alength= 4 w= 10 nsites= 709 E= 6.8e-002
 0.001570 0.904607 0.084480 0.009344
 0.011056 0.913332 0.055877 0.019734
 0.946004 0.020673 0.016787 0.016536
 0.022859 0.045861 0.920221 0.011059
 0.047793 0.018179 0.920879 0.013149
 0.048729 0.892661 0.011274 0.047337
 0.005679 0.967655 0.020488 0.006177
 0.002829 0.911450 0.028832 0.056889
 0.785642 0.088259 0.013472 0.112627
 0.011921 0.005454 0.966619 0.016006

MOTIF 21-AGTSACT STREME-21
letter-probability matrix: alength= 4 w= 7 nsites= 717 E= 9.6e-002
 0.628663 0.094576 0.089248 0.187512
 0.039843 0.018124 0.940619 0.001414
 0.028847 0.003510 0.001517 0.966126
 0.002722 0.497278 0.497278 0.002722
 0.966126 0.001517 0.003510 0.028847
 0.001414 0.940619 0.018124 0.039843
 0.187512 0.089248 0.094576 0.628663

MOTIF 22-CTCGGCCTC STREME-22
letter-probability matrix: alength= 4 w= 9 nsites= 1062 E= 1.4e-001
 0.089051 0.853224 0.047272 0.010454
 0.001729 0.014636 0.015003 0.968632
 0.011481 0.945407 0.013913 0.029198
 0.076995 0.029508 0.869589 0.023908
 0.037875 0.005985 0.938893 0.017247
 0.030103 0.933731 0.008895 0.027270
 0.036091 0.758948 0.156283 0.048677
 0.005991 0.131104 0.032274 0.830632
 0.036952 0.924510 0.026971 0.011568

MOTIF 23-CACTCACC STREME-23
letter-probability matrix: alength= 4 w= 8 nsites= 616 E= 1.8e-001
 0.074576 0.722155 0.056996 0.146273
 0.998773 0.000496 0.000496 0.000235
 0.000235 0.965517 0.000496 0.033752
 0.000235 0.000496 0.000496 0.998773
 0.014576 0.842104 0.000496 0.142825
 0.998773 0.000496 0.000496 0.000235
 0.000235 0.999034 0.000496 0.000235
 0.000235 0.687672 0.000496 0.311597

MOTIF 24-CTCGCTCGCTC STREME-24
letter-probability matrix: alength= 4 w= 11 nsites= 94 E= 2.2e-001
 0.000410 0.964352 0.021242 0.013996
 0.000410 0.000863 0.000863 0.997865
 0.038192 0.897930 0.000863 0.063015
 0.027582 0.000863 0.971145 0.000410
 0.000410 0.994920 0.004260 0.000410
 0.000410 0.000863 0.000863 0.997865
 0.049633 0.929362 0.000863 0.020142
 0.002006 0.000863 0.996722 0.000410
 0.000410 0.959387 0.028035 0.012168
 0.016959 0.230651 0.000863 0.751527
 0.011126 0.889027 0.099437 0.000410

MOTIF 25-CCATTGGC STREME-25
letter-probability matrix: alength= 4 w= 8 nsites= 394 E= 2.8e-001
 0.000419 0.998279 0.000882 0.000419
 0.000419 0.720831 0.100397 0.178353
 0.997816 0.000882 0.000882 0.000419
 0.000419 0.000882 0.000882 0.997816
 0.000419 0.000882 0.000882 0.997816
 0.000419 0.000882 0.998279 0.000419
 0.063929 0.000882 0.934769 0.000419
 0.000419 0.759486 0.000882 0.239212

MOTIF 26-CTGCAGCCCCGG STREME-26
letter-probability matrix: alength= 4 w= 12 nsites= 946 E= 3.3e-001
 0.034204 0.899507 0.006448 0.059840
 0.001734 0.000156 0.008225 0.989886
 0.050476 0.000156 0.906000 0.043368
 0.000687 0.937944 0.029593 0.031777
 0.975447 0.000205 0.017473 0.006875
 0.015442 0.014550 0.934238 0.035770
 0.053089 0.849138 0.045199 0.052574
 0.041233 0.806856 0.079396 0.072515
 0.064277 0.828159 0.001334 0.106229
 0.094831 0.723622 0.075013 0.106534
 0.198595 0.131445 0.607669 0.062290
 0.133664 0.106695 0.738828 0.020813

MOTIF 27-GAGCCGAGC STREME-27
letter-probability matrix: alength= 4 w= 9 nsites= 178 E= 4.5e-001
 0.014636 0.030818 0.939909 0.014636
 0.923727 0.030818 0.030818 0.014636
 0.014636 0.030818 0.939909 0.014636
 0.014636 0.939909 0.030818 0.014636
 0.014636 0.939909 0.030818 0.014636
 0.014636 0.030818 0.939909 0.014636
 0.923727 0.030818 0.030818 0.014636
 0.014636 0.030818 0.939909 0.014636
 0.014636 0.939909 0.030818 0.014636

MOTIF 28-CCCCGCCC STREME-28
letter-probability matrix: alength= 4 w= 8 nsites= 1043 E= 4.6e-001
 0.014636 0.939909 0.030818 0.014636
 0.014636 0.939909 0.030818 0.014636
 0.014636 0.939909 0.030818 0.014636
 0.014636 0.939909 0.030818 0.014636
 0.014636 0.030818 0.939909 0.014636
 0.014636 0.939909 0.030818 0.014636
 0.014636 0.939909 0.030818 0.014636
 0.014636 0.939909 0.030818 0.014636

MOTIF 29-CTCAGTTTCCA STREME-29
letter-probability matrix: alength= 4 w= 11 nsites= 435 E= 5.5e-001
 0.039443 0.846998 0.028600 0.084959
 0.028175 0.001688 0.111672 0.858464
 0.065844 0.897184 0.017475 0.019498
 0.726026 0.175330 0.091066 0.007578
 0.003575 0.000237 0.976240 0.019948
 0.059744 0.013761 0.000237 0.926259
 0.024345 0.075519 0.017035 0.883101
 0.067137 0.031326 0.020073 0.881464
 0.049026 0.825763 0.045096 0.080115
 0.029190 0.932514 0.009106 0.029190
 0.516679 0.194455 0.061153 0.227713

MOTIF 30-GBCCCTTTAA STREME-30
letter-probability matrix: alength= 4 w= 10 nsites= 109 E= 7.3e-001
 0.015157 0.000725 0.983774 0.000344
 0.025202 0.308698 0.241257 0.424843
 0.044786 0.954145 0.000725 0.000344
 0.000344 0.740499 0.030353 0.228804
 0.000344 0.990581 0.008731 0.000344
 0.000344 0.000725 0.000725 0.998207
 0.015158 0.000725 0.000725 0.983393
 0.000344 0.000725 0.000725 0.998207
 0.998207 0.000725 0.000725 0.000344
 0.962431 0.036500 0.000725 0.000344

MOTIF 31-CCTGTAATCCCAGCW STREME-31
letter-probability matrix: alength= 4 w= 15 nsites= 77 E= 1.2e+000
 0.000322 0.915519 0.000678 0.083481
 0.014182 0.860078 0.056118 0.069622
 0.000322 0.000678 0.014538 0.984462
 0.041902 0.000678 0.929379 0.028042
 0.014182 0.042258 0.042258 0.901302
 0.929023 0.014538 0.056118 0.000322
 0.804276 0.000678 0.194724 0.000322
 0.014182 0.000678 0.000678 0.984462
 0.000322 0.943238 0.014538 0.041902
 0.014182 0.929379 0.000678 0.055762
 0.000322 0.915518 0.000678 0.083482
 0.956742 0.000678 0.028398 0.014182
 0.069622 0.014538 0.915518 0.000322
 0.028042 0.943238 0.028398 0.000322
 0.568646 0.069977 0.042258 0.319118

MOTIF 32-CCAATCAS STREME-32
letter-probability matrix: alength= 4 w= 8 nsites= 154 E= 1.2e+000
 0.000743 0.996949 0.001565 0.000743
 0.000743 0.996949 0.001565 0.000743
 0.996127 0.001565 0.001565 0.000743
 0.996127 0.001565 0.001565 0.000743
 0.000743 0.001565 0.001565 0.996127
 0.000743 0.996949 0.001565 0.000743
 0.996127 0.001565 0.001565 0.000743
 0.000743 0.393274 0.535575 0.070408

MOTIF 33-TCCCCTCCCCCRS STREME-33
letter-probability matrix: alength= 4 w= 13 nsites= 151 E= 1.4e+000
 0.024606 0.000469 0.202302 0.772623
 0.000223 0.979889 0.000469 0.019418
 0.000223 0.999085 0.000469 0.000223
 0.000223 0.979449 0.020105 0.000223
 0.038614 0.893292 0.000469 0.067624
 0.000223 0.000469 0.000469 0.998838
 0.077005 0.912706 0.010066 0.000223
 0.000223 0.979890 0.019664 0.000223
 0.000223 0.999085 0.000469 0.000223
 0.000223 0.947112 0.000469 0.052196
 0.130314 0.868994 0.000469 0.000223
 0.446313 0.063245 0.304090 0.186352
 0.038614 0.603129 0.334856 0.023401

MOTIF 34-CAGCTCCGCGCCC STREME-34
letter-probability matrix: alength= 4 w= 13 nsites= 166 E= 1.8e+000
 0.001625 0.978706 0.004437 0.015232
 0.945962 0.000368 0.053495 0.000175
 0.018355 0.045541 0.890758 0.045346
 0.060403 0.935930 0.003492 0.000175
 0.014896 0.049615 0.021377 0.914112
 0.030289 0.965099 0.004437 0.000175
 0.007703 0.863292 0.105543 0.023462
 0.062247 0.000368 0.937210 0.000175
 0.150168 0.673330 0.126186 0.050316
 0.032439 0.022954 0.936905 0.007702
 0.102114 0.805686 0.064867 0.027333
 0.051593 0.736183 0.067187 0.145036
 0.007703 0.889475 0.097745 0.005076

MOTIF 35-CGGSGTCK STREME-35
letter-probability matrix: alength= 4 w= 8 nsites= 613 E= 1.8e+000
 0.000739 0.996967 0.001555 0.000739
 0.000739 0.001555 0.996967 0.000739
 0.000739 0.001555 0.923167 0.074539
 0.000739 0.369730 0.628793 0.000739
 0.000739 0.001555 0.996967 0.000739
 0.000739 0.001555 0.001555 0.996150
 0.007330 0.990376 0.001555 0.000739
 0.000739 0.001555 0.386759 0.610947

MOTIF 36-TCTCGCGAGA STREME-36
letter-probability matrix: alength= 4 w= 10 nsites= 67 E= 2.4e+000
 0.000458 0.000965 0.000965 0.997611
 0.247172 0.751405 0.000965 0.000458
 0.000458 0.000965 0.000965 0.997611
 0.000458 0.998118 0.000965 0.000458
 0.000458 0.000965 0.998118 0.000458
 0.000458 0.998118 0.000965 0.000458
 0.000458 0.000965 0.998118 0.000458
 0.997611 0.000965 0.000965 0.000458
 0.000458 0.000965 0.751405 0.247172
 0.997611 0.000965 0.000965 0.000458

MOTIF 37-CACGTG STREME-37
letter-probability matrix: alength= 4 w= 6 nsites= 903 E= 2.5e+000
 0.000871 0.836932 0.001833 0.160365
 0.995464 0.001833 0.001833 0.000871
 0.000871 0.996426 0.001833 0.000871
 0.000871 0.001833 0.996426 0.000871
 0.000871 0.001833 0.001833 0.995464
 0.160365 0.001833 0.836932 0.000871

MOTIF 38-TRTWWAYA STREME-38
letter-probability matrix: alength= 4 w= 8 nsites= 816 E= 3.2e+000
 0.081352 0.087854 0.069450 0.761344
 0.377794 0.025233 0.596833 0.000139
 0.021925 0.042426 0.053391 0.882257
 0.440424 0.055476 0.017260 0.486840
 0.486840 0.017260 0.055476 0.440424
 0.882257 0.053391 0.042426 0.021925
 0.000139 0.596833 0.025233 0.377794
 0.761344 0.069450 0.087854 0.081352

********************************************************************************
Stopped because 3 consecutive motifs exceeded the p-value threshold (0.05).
********************************************************************************
COMMAND:	streme --verbosity 1 --oc meme_out_incomplete_DL/HepG2_HNRNPLL-human_ENCFF925TIA/streme_out -dna --seed 0 --p meme_out_incomplete_DL/HepG2_HNRNPLL-human_ENCFF925TIA/seqs-centered --minw 6 --maxw 15 --time 6176 --order 2 --thresh 0.05 --align center --totallength 4000000 --parse-genomic-coord
********************************************************************************
CPU:		9f05ee173ae9
********************************************************************************
FINALTIME:	2448.03 seconds
********************************************************************************
