********************************************************************************
STREME - Sensitive, Thorough, Rapid, Enriched Motif Elicitation
********************************************************************************
MEME version 5.5.3 (Release date: Sat Jun 10 16:19:38 2023 -0700)

For further information on how to interpret these results please access http://localhost:8080/meme_5.5.3.
To get a copy of the MEME Suite software please access https://meme-suite.org.

********************************************************************************


********************************************************************************
REFERENCE
********************************************************************************
If you use this program in your research, please cite:

Timothy L. Bailey,
"STREME: accurate and versatile sequence motif discovery",
Bioinformatics, Mar. 24, 2021.
********************************************************************************


ALPHABET= ACGT

strands: + -

Background letter frequencies
A 0.292 C 0.208 G 0.208 T 0.292 

MOTIF 1-AAAACGAAAYMA STREME-1
letter-probability matrix: alength= 4 w= 12 nsites= 528 E= 3.1e-005
 0.793178 0.133216 0.031689 0.041918
 0.708274 0.180880 0.004644 0.106202
 0.973957 0.000097 0.025811 0.000135
 0.943697 0.000097 0.000097 0.056110
 0.000135 0.999633 0.000097 0.000135
 0.239981 0.036069 0.712838 0.011111
 0.993244 0.000097 0.006524 0.000135
 0.999672 0.000097 0.000097 0.000135
 0.631271 0.105894 0.000097 0.262738
 0.178349 0.230721 0.152627 0.438303
 0.489746 0.280122 0.041605 0.188527
 0.604282 0.095603 0.094942 0.205172

MOTIF 2-AAAAAAAAAAARAAA STREME-2
letter-probability matrix: alength= 4 w= 15 nsites= 79 E= 1.3e-002
 0.998189 0.000533 0.000533 0.000746
 0.998189 0.000533 0.000533 0.000746
 0.945016 0.018255 0.000533 0.036196
 0.927265 0.000533 0.071457 0.000746
 0.945016 0.035983 0.018255 0.000746
 0.909505 0.000533 0.089217 0.000746
 0.945010 0.000533 0.053711 0.000746
 0.927256 0.000533 0.071465 0.000746
 0.919940 0.071428 0.000533 0.008099
 0.980466 0.000533 0.000533 0.018468
 0.998189 0.000533 0.000533 0.000746
 0.334673 0.000533 0.664049 0.000746
 0.998189 0.000533 0.000533 0.000746
 0.909566 0.000533 0.000533 0.089369
 0.998189 0.000533 0.000533 0.000746

MOTIF 3-TATTTTTAAAA STREME-3
letter-probability matrix: alength= 4 w= 11 nsites= 150 E= 4.5e-002
 0.074303 0.047459 0.061639 0.816600
 0.939303 0.037035 0.023202 0.000460
 0.077046 0.011274 0.002436 0.909244
 0.006375 0.053249 0.044130 0.896246
 0.000460 0.001967 0.011274 0.986299
 0.000460 0.006978 0.001967 0.990595
 0.077046 0.009710 0.011274 0.901969
 0.982426 0.006244 0.000837 0.010493
 0.940860 0.011274 0.044130 0.003736
 0.922778 0.003302 0.018700 0.055221
 0.799780 0.048401 0.077018 0.074801

MOTIF 4-AGARAGAGRGAGRGA STREME-4
letter-probability matrix: alength= 4 w= 15 nsites= 107 E= 8.1e-002
 0.915562 0.000313 0.073265 0.010860
 0.094238 0.000313 0.905010 0.000438
 0.884297 0.031578 0.083686 0.000438
 0.625779 0.000313 0.373469 0.000438
 0.754023 0.036789 0.208750 0.000438
 0.000438 0.146228 0.842473 0.010860
 0.889504 0.015946 0.094111 0.000438
 0.167190 0.000313 0.821637 0.010860
 0.623739 0.000313 0.323398 0.052550
 0.302688 0.052423 0.644450 0.000438
 0.967670 0.000313 0.031578 0.000438
 0.062973 0.062843 0.852898 0.021285
 0.415299 0.062850 0.510991 0.010860
 0.174598 0.062847 0.762117 0.000438
 0.884293 0.000313 0.114955 0.000438

MOTIF 5-AGGCTGAGGCAGGAG STREME-5
letter-probability matrix: alength= 4 w= 15 nsites= 107 E= 8.5e-002
 0.941540 0.000428 0.028933 0.029099
 0.000599 0.014678 0.969873 0.014849
 0.000599 0.057428 0.898624 0.043349
 0.086113 0.870110 0.014678 0.029099
 0.143112 0.043180 0.000428 0.813279
 0.029099 0.071682 0.884369 0.014849
 0.884536 0.028933 0.071682 0.014849
 0.029099 0.000428 0.941373 0.029099
 0.029099 0.000428 0.927123 0.043349
 0.071849 0.784625 0.057428 0.086099
 0.770544 0.014678 0.142929 0.071849
 0.029099 0.043178 0.927123 0.000599
 0.100348 0.085928 0.727607 0.086117
 0.756289 0.071685 0.100177 0.071849
 0.086103 0.014678 0.855869 0.043349

MOTIF 6-CCCCACCCCC STREME-6
letter-probability matrix: alength= 4 w= 10 nsites= 187 E= 9.8e-002
 0.063136 0.875588 0.000222 0.061055
 0.159189 0.763191 0.076624 0.000996
 0.007684 0.957796 0.022355 0.012164
 0.020843 0.825198 0.082772 0.071187
 0.914994 0.000559 0.066029 0.018418
 0.027627 0.847770 0.066687 0.057916
 0.021051 0.918510 0.052755 0.007684
 0.068175 0.787990 0.082049 0.061786
 0.068905 0.837579 0.044477 0.049040
 0.009793 0.903121 0.063217 0.023869

MOTIF 7-GCCTGTAATCCCAGC STREME-7
letter-probability matrix: alength= 4 w= 15 nsites= 61 E= 1.1e-001
 0.115810 0.038909 0.786976 0.058305
 0.000806 0.921146 0.000576 0.077471
 0.000806 0.997811 0.000576 0.000806
 0.039139 0.019743 0.000576 0.940542
 0.058305 0.019743 0.844475 0.077478
 0.019973 0.019743 0.000576 0.959709
 0.863877 0.058075 0.019743 0.058305
 0.806366 0.038909 0.153919 0.000806
 0.000806 0.000576 0.000576 0.998041
 0.000806 0.806148 0.038909 0.154136
 0.058311 0.825308 0.019743 0.096638
 0.000806 0.940312 0.000576 0.058305
 0.959702 0.000576 0.000576 0.039145
 0.077471 0.019743 0.901980 0.000806
 0.039139 0.901980 0.000576 0.058305

MOTIF 8-CCAGCCTGGSCRACA STREME-8
letter-probability matrix: alength= 4 w= 15 nsites= 66 E= 4.6e-001
 0.048165 0.903195 0.000476 0.048165
 0.000666 0.919026 0.000476 0.079832
 0.903395 0.000476 0.032138 0.063991
 0.079827 0.000476 0.855706 0.063991
 0.000666 0.966530 0.000476 0.032328
 0.000666 0.998192 0.000476 0.000666
 0.000666 0.032138 0.000476 0.966720
 0.063991 0.000476 0.919036 0.016497
 0.016497 0.000476 0.966530 0.016497
 0.111515 0.285546 0.554779 0.048160
 0.048160 0.760714 0.047975 0.143152
 0.665808 0.000476 0.333050 0.000666
 0.950888 0.000476 0.047970 0.000666
 0.048160 0.934867 0.000476 0.016497
 0.935057 0.047970 0.016307 0.000666

MOTIF 9-ACACACACAYACACA STREME-9
letter-probability matrix: alength= 4 w= 15 nsites= 67 E= 4.6e-001
 0.878149 0.000562 0.019257 0.102031
 0.000786 0.829585 0.000562 0.169067
 0.941998 0.056653 0.000562 0.000786
 0.000786 0.773478 0.075361 0.150375
 0.960699 0.000562 0.019257 0.019482
 0.075567 0.911139 0.000562 0.012732
 0.829803 0.000562 0.056653 0.112981
 0.000786 0.866984 0.000562 0.131667
 0.867199 0.000562 0.131452 0.000786
 0.150359 0.493036 0.000562 0.356042
 0.811120 0.000562 0.056647 0.131670
 0.000786 0.923085 0.000562 0.075567
 0.960699 0.000562 0.019257 0.019482
 0.019482 0.829572 0.019257 0.131689
 0.885907 0.094050 0.000562 0.019482

MOTIF 10-CAGGAGTTYGAGA STREME-10
letter-probability matrix: alength= 4 w= 13 nsites= 46 E= 4.6e-001
 0.001164 0.941519 0.028493 0.028825
 0.941851 0.000832 0.028493 0.028825
 0.001164 0.000832 0.886170 0.111834
 0.028825 0.028493 0.941519 0.001164
 0.969512 0.000832 0.000832 0.028825
 0.056485 0.083841 0.830848 0.028825
 0.084146 0.000832 0.028493 0.886529
 0.001164 0.000832 0.000832 0.997173
 0.056485 0.360478 0.028493 0.554544
 0.084173 0.028493 0.886170 0.001164
 0.941851 0.000832 0.000832 0.056485
 0.028825 0.028493 0.886197 0.056485
 0.914190 0.028493 0.028493 0.028825

MOTIF 11-AAAATAA STREME-11
letter-probability matrix: alength= 4 w= 7 nsites= 1632 E= 4.8e-001
 0.641215 0.046932 0.090725 0.221128
 0.997395 0.000766 0.000766 0.001072
 0.997395 0.000766 0.000766 0.001072
 0.975004 0.000766 0.023157 0.001072
 0.001072 0.000766 0.000766 0.997395
 0.804367 0.071691 0.122869 0.001072
 0.918404 0.028209 0.000766 0.052621

MOTIF 12-AGCCGAGGM STREME-12
letter-probability matrix: alength= 4 w= 9 nsites= 153 E= 6.8e-001
 0.758473 0.131263 0.080486 0.029777
 0.021444 0.077423 0.859605 0.041529
 0.091642 0.771561 0.100821 0.035975
 0.023070 0.973947 0.000302 0.002680
 0.001356 0.047900 0.920078 0.030665
 0.869220 0.077077 0.015665 0.038038
 0.000422 0.041408 0.909760 0.048409
 0.082340 0.036548 0.860606 0.020507
 0.433333 0.283091 0.107654 0.175921

MOTIF 13-CCACCATGCCCRGCT STREME-13
letter-probability matrix: alength= 4 w= 15 nsites= 50 E= 1.9e+000
 0.001132 0.916167 0.000809 0.081892
 0.054972 0.808462 0.108514 0.028052
 0.970329 0.000809 0.027729 0.001132
 0.001132 0.943086 0.000809 0.054972
 0.001132 0.862318 0.135417 0.001132
 0.781865 0.027729 0.162354 0.028052
 0.054972 0.189265 0.000809 0.754954
 0.108820 0.027729 0.862318 0.001132
 0.108811 0.754622 0.081595 0.054972
 0.135766 0.727685 0.054649 0.081900
 0.028052 0.808479 0.000809 0.162659
 0.539588 0.054649 0.377711 0.028052
 0.028052 0.000809 0.916167 0.054972
 0.028052 0.943086 0.000809 0.028052
 0.001132 0.270041 0.000809 0.728017

MOTIF 14-GTARYTAC STREME-14
letter-probability matrix: alength= 4 w= 8 nsites= 158 E= 2.6e+000
 0.144032 0.026576 0.758141 0.071252
 0.048452 0.028673 0.019968 0.902907
 0.922777 0.037426 0.008108 0.031688
 0.644722 0.001228 0.338286 0.015764
 0.015764 0.338286 0.001228 0.644722
 0.031688 0.008108 0.037426 0.922777
 0.902907 0.019968 0.028673 0.048452
 0.071252 0.758141 0.026576 0.144032

MOTIF 15-ACATTTTCCW STREME-15
letter-probability matrix: alength= 4 w= 10 nsites= 71 E= 4.7e+000
 0.813784 0.000504 0.185007 0.000705
 0.000705 0.998086 0.000504 0.000705
 0.813853 0.000504 0.184938 0.000705
 0.000705 0.040996 0.000504 0.957795
 0.028835 0.084321 0.009560 0.877284
 0.000705 0.017263 0.000504 0.981528
 0.000705 0.104347 0.000504 0.894444
 0.155873 0.842918 0.000504 0.000705
 0.000705 0.967717 0.000504 0.031074
 0.613954 0.000504 0.000504 0.385038

********************************************************************************
Stopped because 3 consecutive motifs exceeded the p-value threshold (0.05).
********************************************************************************
COMMAND:	streme --verbosity 1 --oc meme_out_incomplete_DL/HepG2_CBX2-human_ENCFF670RQW/streme_out -dna --seed 0 --p meme_out_incomplete_DL/HepG2_CBX2-human_ENCFF670RQW/seqs-centered --minw 6 --maxw 15 --time 6194 --order 2 --thresh 0.05 --align center --totallength 4000000 --parse-genomic-coord
********************************************************************************
CPU:		9f05ee173ae9
********************************************************************************
FINALTIME:	72.62 seconds
********************************************************************************
