********************************************************************************
STREME - Sensitive, Thorough, Rapid, Enriched Motif Elicitation
********************************************************************************
MEME version 5.5.3 (Release date: Sat Jun 10 16:19:38 2023 -0700)

For further information on how to interpret these results please access http://localhost:8080/meme_5.5.3.
To get a copy of the MEME Suite software please access https://meme-suite.org.

********************************************************************************


********************************************************************************
REFERENCE
********************************************************************************
If you use this program in your research, please cite:

Timothy L. Bailey,
"STREME: accurate and versatile sequence motif discovery",
Bioinformatics, Mar. 24, 2021.
********************************************************************************


ALPHABET= ACGT

strands: + -

Background letter frequencies
A 0.213 C 0.287 G 0.287 T 0.213 

MOTIF 1-AGTAAACA STREME-1
letter-probability matrix: alength= 4 w= 8 nsites= 4400 E= 2.6e-030
 0.588784 0.002372 0.186425 0.222420
 0.201221 0.000033 0.790658 0.008087
 0.000025 0.251882 0.000033 0.748060
 0.920217 0.079724 0.000033 0.000025
 0.995081 0.004860 0.000033 0.000025
 0.999908 0.000033 0.000033 0.000025
 0.000025 0.691400 0.000033 0.308542
 0.993838 0.000033 0.006104 0.000025

MOTIF 2-CCASYAGRKGGCR STREME-2
letter-probability matrix: alength= 4 w= 13 nsites= 2185 E= 2.7e-030
 0.069638 0.847368 0.043319 0.039674
 0.000017 0.997153 0.002254 0.000575
 0.776756 0.014255 0.136693 0.072297
 0.014753 0.636199 0.338432 0.010616
 0.097715 0.546881 0.054779 0.300625
 0.974849 0.002254 0.002254 0.020642
 0.003922 0.003370 0.990786 0.001922
 0.432090 0.001697 0.566196 0.000017
 0.022572 0.002486 0.587046 0.387896
 0.007269 0.003370 0.986881 0.002480
 0.024590 0.016848 0.901139 0.057424
 0.050497 0.903973 0.000023 0.045507
 0.461722 0.012867 0.496068 0.029342

MOTIF 3-GCCCCGCCCCC STREME-3
letter-probability matrix: alength= 4 w= 11 nsites= 2590 E= 1.6e-029
 0.053482 0.000038 0.813432 0.133048
 0.005775 0.948790 0.000038 0.045398
 0.011107 0.945001 0.000038 0.043855
 0.058141 0.941794 0.000038 0.000028
 0.000028 0.999907 0.000038 0.000028
 0.097908 0.000038 0.805767 0.096287
 0.009291 0.990644 0.000038 0.000028
 0.000028 0.999907 0.000038 0.000028
 0.000028 0.939313 0.000038 0.060622
 0.104296 0.831070 0.006147 0.058487
 0.051999 0.571122 0.191320 0.185559

MOTIF 4-CMAAGKTCA STREME-4
letter-probability matrix: alength= 4 w= 9 nsites= 4122 E= 1.5e-023
 0.000027 0.822694 0.021947 0.155331
 0.610279 0.369496 0.009573 0.010652
 0.827829 0.000037 0.145990 0.026145
 0.986520 0.000037 0.013415 0.000027
 0.000027 0.005844 0.994101 0.000027
 0.043754 0.000037 0.581615 0.374595
 0.036571 0.281672 0.058066 0.623691
 0.000027 0.932192 0.000037 0.067744
 0.981523 0.000037 0.018413 0.000027

MOTIF 5-CTGGGATTACAGGCR STREME-5
letter-probability matrix: alength= 4 w= 15 nsites= 465 E= 6.2e-013
 0.008527 0.937808 0.005744 0.047921
 0.000087 0.008557 0.000116 0.991240
 0.053547 0.002930 0.943436 0.000087
 0.034186 0.011371 0.943102 0.011341
 0.039479 0.008557 0.949064 0.002900
 0.982799 0.000116 0.016998 0.000087
 0.000087 0.180552 0.016999 0.802363
 0.005714 0.036696 0.019812 0.937778
 0.971544 0.014185 0.011371 0.002900
 0.008527 0.926552 0.011371 0.053550
 0.977172 0.008557 0.005744 0.008528
 0.031037 0.005744 0.960319 0.002900
 0.028224 0.011371 0.949064 0.011341
 0.019784 0.861795 0.014185 0.104236
 0.529603 0.033881 0.419547 0.016968

MOTIF 6-GGAAGTGR STREME-6
letter-probability matrix: alength= 4 w= 8 nsites= 6228 E= 1.3e-009
 0.000053 0.000072 0.999821 0.000053
 0.000053 0.000072 0.999821 0.000053
 0.999803 0.000072 0.000072 0.000053
 0.859908 0.000072 0.139967 0.000053
 0.231112 0.000072 0.768763 0.000053
 0.064080 0.094581 0.063650 0.777689
 0.061207 0.066374 0.872366 0.000053
 0.466685 0.085833 0.447428 0.000053

MOTIF 7-RTGACTCA STREME-7
letter-probability matrix: alength= 4 w= 8 nsites= 1429 E= 2.3e-009
 0.339792 0.000124 0.659991 0.000093
 0.000093 0.001143 0.000124 0.998640
 0.000658 0.023977 0.939128 0.036238
 0.999659 0.000124 0.000124 0.000093
 0.007504 0.873767 0.098378 0.020352
 0.000093 0.000124 0.060279 0.939504
 0.046154 0.934520 0.000124 0.019203
 0.983863 0.000124 0.015920 0.000093

MOTIF 8-CCTCRGCCTCCCAAR STREME-8
letter-probability matrix: alength= 4 w= 15 nsites= 389 E= 1.9e-008
 0.015066 0.930809 0.009109 0.045016
 0.000092 0.975733 0.009108 0.015066
 0.006082 0.003119 0.012103 0.978696
 0.006082 0.888830 0.003119 0.101969
 0.616191 0.042054 0.317700 0.024055
 0.000092 0.000124 0.999692 0.000092
 0.015066 0.975733 0.003119 0.006082
 0.000092 0.945784 0.009108 0.045015
 0.006082 0.000124 0.000124 0.993671
 0.009077 0.954769 0.009108 0.027046
 0.009077 0.939795 0.018093 0.033036
 0.012072 0.864904 0.015099 0.107925
 0.670170 0.042051 0.269718 0.018061
 0.868844 0.018093 0.112971 0.000092
 0.485415 0.009108 0.478430 0.027046

MOTIF 9-GCGCVTGCGCR STREME-9
letter-probability matrix: alength= 4 w= 11 nsites= 542 E= 3.7e-008
 0.091707 0.000122 0.908080 0.000091
 0.144986 0.854801 0.000122 0.000091
 0.000091 0.000122 0.999696 0.000091
 0.000091 0.999696 0.000122 0.000091
 0.377179 0.396334 0.226396 0.000091
 0.000091 0.000122 0.000122 0.999665
 0.000091 0.000122 0.999696 0.000091
 0.000091 0.999696 0.000122 0.000091
 0.000091 0.000122 0.999696 0.000091
 0.000091 0.926810 0.000122 0.072977
 0.658530 0.000122 0.341258 0.000091

MOTIF 10-AGATCAAAG STREME-10
letter-probability matrix: alength= 4 w= 9 nsites= 1406 E= 8.8e-008
 0.819837 0.016003 0.144142 0.020018
 0.000099 0.238151 0.761651 0.000099
 0.774163 0.000133 0.000133 0.225571
 0.191989 0.000133 0.072983 0.734896
 0.017652 0.885146 0.097102 0.000099
 0.989529 0.000133 0.010239 0.000099
 0.970439 0.000133 0.029329 0.000099
 0.969640 0.000133 0.030128 0.000099
 0.000099 0.030191 0.969611 0.000099

MOTIF 11-CACGTGAYCS STREME-11
letter-probability matrix: alength= 4 w= 10 nsites= 1332 E= 1.1e-007
 0.007273 0.832940 0.095990 0.063797
 0.933730 0.000062 0.000062 0.066146
 0.093845 0.906046 0.000062 0.000046
 0.000046 0.000062 0.999845 0.000046
 0.000046 0.000062 0.000062 0.999829
 0.006394 0.116570 0.853455 0.023582
 0.728150 0.000062 0.246189 0.025599
 0.000046 0.591020 0.000062 0.408872
 0.041848 0.577275 0.177428 0.203449
 0.120607 0.479728 0.270184 0.129481

MOTIF 12-TTRCAYAA STREME-12
letter-probability matrix: alength= 4 w= 8 nsites= 1195 E= 3.2e-007
 0.000115 0.004643 0.006553 0.988689
 0.000115 0.000155 0.000155 0.999575
 0.637502 0.000155 0.362228 0.000115
 0.097157 0.867256 0.008107 0.027480
 0.868481 0.033635 0.081087 0.016797
 0.000115 0.388357 0.000155 0.611373
 0.869184 0.130546 0.000155 0.000115
 0.982283 0.000155 0.017447 0.000115

MOTIF 13-AAGATGGCGGCG STREME-13
letter-probability matrix: alength= 4 w= 12 nsites= 529 E= 4.7e-007
 0.905506 0.004534 0.087670 0.002290
 0.816005 0.089150 0.016826 0.078019
 0.149879 0.201856 0.639312 0.008953
 0.995305 0.000092 0.004534 0.000068
 0.000068 0.014341 0.000092 0.985499
 0.002290 0.004534 0.993108 0.000068
 0.017838 0.000092 0.970896 0.011174
 0.020060 0.975338 0.000092 0.004511
 0.030484 0.089185 0.769329 0.111003
 0.109783 0.036982 0.782086 0.071148
 0.116974 0.797108 0.006756 0.079162
 0.117497 0.228997 0.474029 0.179477

MOTIF 14-GGYGACAGAGYRAGA STREME-14
letter-probability matrix: alength= 4 w= 15 nsites= 270 E= 1.5e-006
 0.077059 0.008724 0.905538 0.008679
 0.025774 0.008724 0.965371 0.000132
 0.021500 0.493452 0.021545 0.463503
 0.322450 0.017271 0.660147 0.000132
 0.990968 0.008724 0.000177 0.000132
 0.017226 0.978192 0.004450 0.000132
 0.990968 0.004450 0.000177 0.004405
 0.061737 0.048961 0.820790 0.068512
 0.961052 0.000177 0.038640 0.000132
 0.044642 0.025819 0.929408 0.000132
 0.021500 0.643047 0.008724 0.326729
 0.403659 0.042914 0.544748 0.008679
 0.982420 0.004450 0.000177 0.012953
 0.047143 0.017271 0.926907 0.008679
 0.909766 0.012998 0.064284 0.012953

MOTIF 15-ACTGCACTCCAGCCT STREME-15
letter-probability matrix: alength= 4 w= 15 nsites= 300 E= 3.1e-006
 0.956163 0.003768 0.039958 0.000111
 0.014586 0.869342 0.018242 0.097830
 0.010967 0.007387 0.003768 0.977878
 0.029060 0.003768 0.948968 0.018204
 0.010967 0.901921 0.018242 0.068869
 0.974259 0.011005 0.011006 0.003730
 0.007349 0.840368 0.014624 0.137660
 0.003730 0.007387 0.011005 0.977878
 0.007349 0.912780 0.047191 0.032680
 0.007349 0.948966 0.000150 0.043536
 0.985115 0.003768 0.003768 0.007349
 0.010967 0.011005 0.956205 0.021823
 0.014586 0.948965 0.000150 0.036300
 0.007349 0.959823 0.007387 0.025441
 0.021823 0.014624 0.014624 0.948929

MOTIF 16-YGTCTCWAMAAAAAA STREME-16
letter-probability matrix: alength= 4 w= 15 nsites= 319 E= 3.1e-006
 0.003576 0.401482 0.000143 0.594799
 0.156225 0.012902 0.830766 0.000107
 0.000107 0.024425 0.000143 0.975324
 0.003576 0.964954 0.017488 0.013982
 0.007045 0.000143 0.000143 0.992669
 0.048670 0.919860 0.010550 0.020920
 0.527782 0.024427 0.014019 0.433773
 0.957980 0.003612 0.024425 0.013982
 0.638786 0.354026 0.007081 0.000107
 0.732453 0.031363 0.007081 0.229103
 0.909416 0.041769 0.041770 0.007044
 0.892070 0.059116 0.017488 0.031326
 0.951043 0.024425 0.020956 0.003576
 0.923292 0.024425 0.014019 0.038264
 0.932258 0.024425 0.022396 0.020920

MOTIF 17-GGCRCGGTGGCTCA STREME-17
letter-probability matrix: alength= 4 w= 14 nsites= 217 E= 6.2e-006
 0.057325 0.005412 0.931906 0.005357
 0.046932 0.010608 0.942300 0.000160
 0.026144 0.737451 0.031396 0.205009
 0.343193 0.005412 0.630449 0.020947
 0.031341 0.744805 0.000215 0.223639
 0.301608 0.021002 0.654286 0.023104
 0.000160 0.000215 0.999465 0.000160
 0.000160 0.000215 0.000215 0.999410
 0.036537 0.000215 0.957891 0.005357
 0.000160 0.000215 0.999465 0.000160
 0.000160 0.942300 0.010609 0.046931
 0.000160 0.000215 0.000215 0.999410
 0.000160 0.994268 0.000215 0.005357
 0.999410 0.000215 0.000215 0.000160

MOTIF 18-AGGACTTTGNCC STREME-18
letter-probability matrix: alength= 4 w= 12 nsites= 261 E= 6.3e-006
 0.712923 0.172700 0.114249 0.000127
 0.000127 0.000171 0.983016 0.016686
 0.078780 0.001889 0.878512 0.040819
 0.999530 0.000171 0.000171 0.000127
 0.000127 0.999574 0.000171 0.000127
 0.041616 0.066790 0.041566 0.850027
 0.078778 0.017528 0.000171 0.903523
 0.026682 0.073058 0.091215 0.809044
 0.059799 0.000171 0.939903 0.000127
 0.247479 0.229056 0.337850 0.185615
 0.260601 0.526097 0.085919 0.127383
 0.041523 0.894365 0.000171 0.063941

MOTIF 19-GCCGCCGCCGCCG STREME-19
letter-probability matrix: alength= 4 w= 13 nsites= 471 E= 1.0e-005
 0.005782 0.015507 0.978615 0.000096
 0.000096 0.946032 0.000129 0.053742
 0.066209 0.919090 0.000129 0.014571
 0.000096 0.000129 0.971535 0.028240
 0.003594 0.985083 0.000129 0.011193
 0.020390 0.782498 0.113823 0.083289
 0.072093 0.000129 0.927681 0.000096
 0.009962 0.949190 0.000129 0.040718
 0.000096 0.989646 0.000129 0.010128
 0.085790 0.000129 0.867620 0.046461
 0.001138 0.945567 0.000129 0.053165
 0.000096 0.929306 0.046540 0.024058
 0.126848 0.080188 0.613108 0.179856

MOTIF 20-CCCMGCCCC STREME-20
letter-probability matrix: alength= 4 w= 9 nsites= 4940 E= 2.1e-005
 0.000077 0.999743 0.000103 0.000077
 0.000077 0.999743 0.000103 0.000077
 0.026961 0.972859 0.000103 0.000077
 0.465230 0.386783 0.000103 0.147884
 0.267810 0.024870 0.543489 0.163830
 0.085576 0.862764 0.000103 0.051557
 0.000077 0.999743 0.000103 0.000077
 0.000077 0.937903 0.000103 0.061917
 0.118663 0.640815 0.073240 0.167283

MOTIF 21-ATCTCGGCTCACTGC STREME-21
letter-probability matrix: alength= 4 w= 15 nsites= 245 E= 2.5e-005
 0.970576 0.000246 0.020572 0.008605
 0.012087 0.035958 0.000246 0.951708
 0.006135 0.987483 0.006198 0.000183
 0.178763 0.012150 0.024054 0.785033
 0.006135 0.818335 0.018102 0.157428
 0.300329 0.030007 0.621864 0.047801
 0.053752 0.000246 0.945819 0.000183
 0.006135 0.975579 0.000246 0.018039
 0.000183 0.024054 0.006198 0.969564
 0.000183 0.951771 0.012150 0.035895
 0.933851 0.018102 0.047864 0.000183
 0.006135 0.945818 0.006198 0.041848
 0.012087 0.030006 0.000246 0.957660
 0.047800 0.000246 0.939867 0.012087
 0.029943 0.939867 0.000246 0.029944

MOTIF 22-AAASAAAACAAAA STREME-22
letter-probability matrix: alength= 4 w= 13 nsites= 298 E= 2.8e-005
 0.974721 0.011870 0.004545 0.008864
 0.940952 0.000180 0.000180 0.058687
 0.981269 0.011092 0.000180 0.007459
 0.166190 0.438985 0.325597 0.069229
 0.927901 0.032502 0.013274 0.026323
 0.986411 0.004545 0.000180 0.008864
 0.934034 0.017639 0.000180 0.048146
 0.902606 0.022004 0.066526 0.008864
 0.270495 0.565129 0.082097 0.082279
 0.800032 0.156748 0.004545 0.038675
 0.939803 0.008910 0.008910 0.042377
 0.930541 0.008910 0.042956 0.017593
 0.888027 0.048193 0.054916 0.008864

MOTIF 23-CAAGGTCA STREME-23
letter-probability matrix: alength= 4 w= 8 nsites= 1746 E= 6.8e-005
 0.008602 0.803291 0.178209 0.009898
 0.909623 0.027859 0.040339 0.022178
 0.891605 0.000525 0.100659 0.007211
 0.058641 0.021580 0.883198 0.036582
 0.000786 0.000460 0.998132 0.000622
 0.084963 0.066585 0.014771 0.833681
 0.007398 0.980118 0.009507 0.002978
 0.839796 0.064009 0.040156 0.056039

MOTIF 24-AAATTAGCCRGGCRT STREME-24
letter-probability matrix: alength= 4 w= 15 nsites= 162 E= 1.0e-004
 0.932569 0.015104 0.029902 0.022425
 0.939968 0.007705 0.037301 0.015026
 0.932569 0.029902 0.022503 0.015026
 0.022425 0.037301 0.007705 0.932569
 0.007627 0.015104 0.037301 0.939968
 0.999160 0.000306 0.000306 0.000228
 0.029824 0.015104 0.954844 0.000228
 0.007627 0.969642 0.015104 0.007627
 0.029824 0.755050 0.007705 0.207421
 0.532985 0.015104 0.422087 0.029824
 0.044622 0.000306 0.940046 0.015026
 0.037223 0.022503 0.925248 0.015026
 0.022425 0.799463 0.015104 0.163008
 0.355417 0.044700 0.555261 0.044622
 0.015026 0.029902 0.052099 0.902973

MOTIF 25-AGRATYGCTTGARC STREME-25
letter-probability matrix: alength= 4 w= 14 nsites= 190 E= 2.0e-004
 0.946754 0.006084 0.041139 0.006022
 0.041078 0.000242 0.946815 0.011865
 0.619537 0.017769 0.356672 0.006022
 0.999337 0.000242 0.000242 0.000180
 0.000180 0.041141 0.000242 0.958438
 0.006022 0.467683 0.111254 0.415041
 0.046921 0.046984 0.882545 0.023550
 0.029393 0.853334 0.017769 0.099504
 0.041079 0.041139 0.058668 0.859114
 0.006022 0.011927 0.035297 0.946754
 0.029392 0.000242 0.970186 0.000180
 0.993494 0.006084 0.000242 0.000180
 0.584482 0.023612 0.374199 0.017707
 0.076133 0.800752 0.017769 0.105346

MOTIF 26-ACTACAAYTCCC STREME-26
letter-probability matrix: alength= 4 w= 12 nsites= 271 E= 2.9e-004
 0.979972 0.015829 0.004078 0.000121
 0.000121 0.995680 0.000162 0.004037
 0.000121 0.016843 0.007995 0.975041
 0.979972 0.000162 0.019746 0.000121
 0.000121 0.999597 0.000162 0.000121
 0.927429 0.005704 0.058913 0.007954
 0.619523 0.070679 0.078505 0.231294
 0.090213 0.422067 0.152930 0.334790
 0.027538 0.054998 0.004078 0.913385
 0.007954 0.958805 0.005704 0.027537
 0.015787 0.980014 0.000162 0.004037
 0.000121 0.991764 0.000162 0.007954

MOTIF 27-GTTAATSATTAAC STREME-27
letter-probability matrix: alength= 4 w= 13 nsites= 387 E= 2.1e-003
 0.122149 0.027725 0.745332 0.104795
 0.050691 0.028516 0.049367 0.871426
 0.108323 0.113501 0.035611 0.742565
 0.949647 0.001464 0.046100 0.002788
 0.839494 0.067512 0.006875 0.086119
 0.181435 0.045309 0.001464 0.771791
 0.127028 0.372972 0.372972 0.127028
 0.771791 0.001464 0.045309 0.181435
 0.086119 0.006875 0.067512 0.839494
 0.002788 0.046100 0.001464 0.949647
 0.742565 0.035611 0.113501 0.108323
 0.871426 0.049367 0.028516 0.050691
 0.104795 0.745332 0.027725 0.122149

MOTIF 28-CAGGAGTTCRAGAC STREME-28
letter-probability matrix: alength= 4 w= 14 nsites= 228 E= 2.3e-003
 0.015109 0.944648 0.000206 0.040036
 0.934624 0.000206 0.065017 0.000153
 0.064964 0.000206 0.934676 0.000153
 0.030066 0.020147 0.949633 0.000153
 0.984478 0.005191 0.010177 0.000153
 0.059978 0.005191 0.929692 0.005139
 0.129786 0.020148 0.164750 0.685317
 0.000153 0.000206 0.000206 0.999434
 0.005139 0.797986 0.000206 0.196669
 0.468848 0.030119 0.495894 0.005139
 0.984478 0.010177 0.005191 0.000153
 0.000153 0.000206 0.989516 0.010124
 0.683240 0.000206 0.304361 0.012193
 0.000153 0.924707 0.000206 0.074934

MOTIF 29-CAGCACCAYGGACAG STREME-29
letter-probability matrix: alength= 4 w= 15 nsites= 248 E= 3.9e-003
 0.008708 0.960963 0.000177 0.030151
 0.999513 0.000177 0.000177 0.000132
 0.004420 0.000177 0.990982 0.004420
 0.051593 0.785135 0.120257 0.043016
 0.990937 0.000177 0.000177 0.008708
 0.000132 0.999559 0.000177 0.000132
 0.000132 0.978117 0.000177 0.021573
 0.579197 0.013042 0.206063 0.201698
 0.034439 0.454871 0.064504 0.446186
 0.008709 0.000177 0.990982 0.000132
 0.000132 0.004466 0.995270 0.000132
 0.935187 0.055927 0.000177 0.008708
 0.000132 0.862328 0.111678 0.025862
 0.999513 0.000177 0.000177 0.000132
 0.008709 0.000177 0.990982 0.000132

MOTIF 30-CAGCCAATCR STREME-30
letter-probability matrix: alength= 4 w= 10 nsites= 574 E= 4.3e-003
 0.005474 0.741480 0.107419 0.145627
 0.683676 0.000157 0.316050 0.000117
 0.204507 0.000157 0.739020 0.056316
 0.000117 0.999608 0.000157 0.000117
 0.000117 0.999608 0.000157 0.000117
 0.999568 0.000157 0.000157 0.000117
 0.999568 0.000157 0.000157 0.000117
 0.000117 0.000157 0.000157 0.999568
 0.038124 0.709035 0.252724 0.000117
 0.452146 0.034822 0.481446 0.031586

MOTIF 31-AGAGAGAGAGARAG STREME-31
letter-probability matrix: alength= 4 w= 14 nsites= 161 E= 5.9e-003
 0.989146 0.000344 0.010254 0.000256
 0.018071 0.025325 0.914713 0.041890
 0.915788 0.041978 0.000344 0.041890
 0.130192 0.091939 0.769286 0.008583
 0.879024 0.000344 0.091940 0.028692
 0.016910 0.025324 0.957509 0.000256
 0.957421 0.000344 0.041978 0.000256
 0.144066 0.100266 0.755412 0.000256
 0.883189 0.008671 0.104428 0.003712
 0.041891 0.050305 0.882568 0.025236
 0.890808 0.091937 0.016998 0.000256
 0.508043 0.104430 0.378944 0.008583
 0.990728 0.000344 0.000344 0.008583
 0.122538 0.000344 0.876861 0.000256

MOTIF 32-CTCCGCCTCC STREME-32
letter-probability matrix: alength= 4 w= 10 nsites= 868 E= 8.8e-003
 0.030858 0.968670 0.000271 0.000202
 0.118729 0.000271 0.000271 0.880729
 0.051233 0.936208 0.000271 0.012288
 0.049872 0.691100 0.157479 0.101549
 0.000202 0.000271 0.777465 0.222062
 0.043030 0.937030 0.000271 0.019670
 0.000202 0.905698 0.093898 0.000202
 0.000202 0.000271 0.000271 0.999256
 0.112102 0.857112 0.000271 0.030515
 0.000202 0.944985 0.054611 0.000202

MOTIF 33-AATCAATAA STREME-33
letter-probability matrix: alength= 4 w= 9 nsites= 342 E= 2.8e-002
 0.940869 0.012175 0.030138 0.016817
 0.970025 0.000483 0.000483 0.029008
 0.000360 0.028356 0.000483 0.970801
 0.000360 0.941401 0.057048 0.001191
 0.972973 0.002538 0.023867 0.000622
 0.910107 0.000729 0.000483 0.088681
 0.000360 0.080335 0.000483 0.918822
 0.854162 0.071778 0.071673 0.002387
 0.684837 0.112897 0.151155 0.051111

MOTIF 34-CTTCCTGB STREME-34
letter-probability matrix: alength= 4 w= 8 nsites= 2764 E= 4.5e-002
 0.028409 0.971047 0.000312 0.000232
 0.000232 0.000312 0.000312 0.999143
 0.000232 0.000312 0.000312 0.999143
 0.000232 0.976138 0.023398 0.000232
 0.000232 0.999223 0.000312 0.000232
 0.000232 0.051485 0.000312 0.947970
 0.065232 0.232982 0.676681 0.025105
 0.020773 0.441704 0.227734 0.309788

MOTIF 35-AAATATTT STREME-35
letter-probability matrix: alength= 4 w= 8 nsites= 252 E= 5.0e-002
 0.916924 0.000872 0.000872 0.081331
 0.974058 0.000872 0.000872 0.024198
 0.915027 0.083452 0.000872 0.000649
 0.000649 0.000872 0.000872 0.997606
 0.997606 0.000872 0.000872 0.000649
 0.000649 0.000872 0.083452 0.915027
 0.024198 0.000872 0.000872 0.974058
 0.081331 0.000872 0.000872 0.916924

MOTIF 36-GTGACGTCAC STREME-36
letter-probability matrix: alength= 4 w= 10 nsites= 1124 E= 5.2e-002
 0.173796 0.110546 0.701906 0.013752
 0.000161 0.165448 0.007863 0.826527
 0.017207 0.000216 0.907796 0.074781
 0.965097 0.000216 0.007359 0.027328
 0.000161 0.835205 0.058146 0.106488
 0.106488 0.058146 0.835205 0.000161
 0.027328 0.007359 0.000216 0.965097
 0.074781 0.907796 0.000216 0.017207
 0.826527 0.007863 0.165448 0.000161
 0.013752 0.701906 0.110546 0.173796

MOTIF 37-CAACATGGTGAAAC STREME-37
letter-probability matrix: alength= 4 w= 14 nsites= 133 E= 9.3e-002
 0.008369 0.763685 0.016574 0.211372
 0.958483 0.000336 0.016574 0.024608
 0.966601 0.000336 0.032814 0.000250
 0.048966 0.853011 0.016574 0.081449
 0.917886 0.008455 0.065290 0.008369
 0.000250 0.138378 0.008455 0.852917
 0.105803 0.000336 0.844896 0.048965
 0.016488 0.008455 0.966688 0.008369
 0.024608 0.154611 0.008455 0.812326
 0.122046 0.000336 0.869249 0.008369
 0.999079 0.000336 0.000336 0.000250
 0.982840 0.000336 0.008455 0.008369
 0.990959 0.008455 0.000336 0.000250
 0.000250 0.934209 0.008455 0.057086

MOTIF 38-CCCGGAAGYH STREME-38
letter-probability matrix: alength= 4 w= 10 nsites= 686 E= 1.4e-001
 0.230968 0.466172 0.230248 0.072611
 0.000115 0.999616 0.000154 0.000115
 0.000115 0.889344 0.110427 0.000115
 0.000115 0.000154 0.999616 0.000115
 0.000115 0.000154 0.999616 0.000115
 0.932474 0.000154 0.067257 0.000115
 0.993434 0.000154 0.000154 0.006258
 0.000115 0.064158 0.935613 0.000115
 0.000115 0.533791 0.071217 0.394878
 0.241045 0.244421 0.127190 0.387344

MOTIF 39-AGATAA STREME-39
letter-probability matrix: alength= 4 w= 6 nsites= 1244 E= 1.7e-001
 0.928491 0.026055 0.026055 0.019400
 0.019400 0.026055 0.935145 0.019400
 0.928491 0.026055 0.026055 0.019400
 0.019400 0.026055 0.026055 0.928491
 0.928491 0.026055 0.026055 0.019400
 0.928491 0.026055 0.026055 0.019400

MOTIF 40-CTCAGGTGATCCRCC STREME-40
letter-probability matrix: alength= 4 w= 15 nsites= 76 E= 2.1e-001
 0.000458 0.983575 0.015508 0.000458
 0.000458 0.000616 0.000616 0.998310
 0.000458 0.968683 0.000616 0.030242
 0.998310 0.000616 0.000616 0.000458
 0.208947 0.000616 0.789979 0.000458
 0.060027 0.000616 0.909115 0.030242
 0.000458 0.134644 0.015508 0.849390
 0.134486 0.000616 0.864439 0.000458
 0.998310 0.000616 0.000616 0.000458
 0.000458 0.075076 0.000616 0.923850
 0.015350 0.953791 0.030400 0.000458
 0.000458 0.715498 0.000616 0.283428
 0.432379 0.000616 0.387830 0.179175
 0.000458 0.953791 0.030400 0.015350
 0.015350 0.953791 0.000616 0.030242

MOTIF 41-GCTGGGA STREME-41
letter-probability matrix: alength= 4 w= 7 nsites= 1445 E= 5.4e-001
 0.019400 0.026055 0.935145 0.019400
 0.019400 0.935145 0.026055 0.019400
 0.019400 0.026055 0.026055 0.928491
 0.019400 0.026055 0.935145 0.019400
 0.019400 0.026055 0.935145 0.019400
 0.019400 0.026055 0.935145 0.019400
 0.928491 0.026055 0.026055 0.019400

MOTIF 42-AAACAAAG STREME-42
letter-probability matrix: alength= 4 w= 8 nsites= 2241 E= 7.6e-001
 0.931029 0.000446 0.052066 0.016459
 0.790467 0.112507 0.077802 0.019224
 0.742577 0.000446 0.256645 0.000332
 0.000332 0.961927 0.000446 0.037295
 0.940308 0.049020 0.010340 0.000332
 0.998775 0.000446 0.000446 0.000332
 0.965881 0.000446 0.000446 0.033227
 0.037835 0.221200 0.705554 0.035411

MOTIF 43-GCGGCTGCA STREME-43
letter-probability matrix: alength= 4 w= 9 nsites= 1064 E= 9.2e-001
 0.000846 0.105624 0.865747 0.027783
 0.000294 0.874942 0.064898 0.059866
 0.068423 0.007733 0.899880 0.023964
 0.025347 0.007492 0.946960 0.020201
 0.004893 0.981149 0.012641 0.001317
 0.051300 0.091156 0.015529 0.842015
 0.002748 0.000809 0.985450 0.010994
 0.000612 0.947196 0.037228 0.014964
 0.868216 0.020442 0.088966 0.022376

MOTIF 44-CACGTG STREME-44
letter-probability matrix: alength= 4 w= 6 nsites= 581 E= 1.3e+000
 0.019400 0.935145 0.026055 0.019400
 0.928491 0.026055 0.026055 0.019400
 0.019400 0.935145 0.026055 0.019400
 0.019400 0.026055 0.935145 0.019400
 0.019400 0.026055 0.026055 0.928491
 0.019400 0.026055 0.935145 0.019400

MOTIF 45-TCGCGAGAHTT STREME-45
letter-probability matrix: alength= 4 w= 11 nsites= 49 E= 1.7e+000
 0.000714 0.000958 0.000958 0.997370
 0.000714 0.997615 0.000958 0.000714
 0.000714 0.000958 0.997615 0.000714
 0.000714 0.997615 0.000958 0.000714
 0.000714 0.000958 0.997615 0.000714
 0.997370 0.000958 0.000958 0.000714
 0.000714 0.000958 0.951262 0.047066
 0.904664 0.000958 0.093665 0.000714
 0.278848 0.232744 0.093665 0.394744
 0.000714 0.209562 0.000958 0.788766
 0.093418 0.000958 0.000958 0.904665

MOTIF 46-GGCTCCACCCA STREME-46
letter-probability matrix: alength= 4 w= 11 nsites= 40 E= 1.7e+000
 0.019400 0.026055 0.935145 0.019400
 0.019400 0.026055 0.935145 0.019400
 0.019400 0.935145 0.026055 0.019400
 0.019400 0.026055 0.026055 0.928491
 0.019400 0.935145 0.026055 0.019400
 0.019400 0.935145 0.026055 0.019400
 0.928491 0.026055 0.026055 0.019400
 0.019400 0.935145 0.026055 0.019400
 0.019400 0.935145 0.026055 0.019400
 0.019400 0.935145 0.026055 0.019400
 0.928491 0.026055 0.026055 0.019400

MOTIF 47-CCACCACCACC STREME-47
letter-probability matrix: alength= 4 w= 11 nsites= 116 E= 1.8e+000
 0.000314 0.847504 0.000422 0.151760
 0.017799 0.890495 0.071845 0.019861
 0.842077 0.000422 0.157187 0.000314
 0.028789 0.836488 0.000422 0.134301
 0.000314 0.947933 0.020828 0.030925
 0.806967 0.000422 0.192297 0.000314
 0.000314 0.903183 0.000422 0.096081
 0.000314 0.975633 0.010625 0.013428
 0.998842 0.000422 0.000422 0.000314
 0.000314 0.754020 0.000422 0.245244
 0.000314 0.998950 0.000422 0.000314

MOTIF 48-AGCAGCAGCAGC STREME-48
letter-probability matrix: alength= 4 w= 12 nsites= 673 E= 1.9e+000
 0.755067 0.170500 0.074344 0.000089
 0.014154 0.000120 0.985637 0.000089
 0.091290 0.866279 0.000120 0.042311
 0.758789 0.041975 0.111149 0.088087
 0.183443 0.018555 0.797913 0.000089
 0.000089 0.988264 0.000710 0.010937
 0.708243 0.178473 0.005210 0.108075
 0.000089 0.029333 0.967251 0.003327
 0.050758 0.911198 0.000120 0.037925
 0.687745 0.089492 0.196763 0.026000
 0.183121 0.039783 0.756116 0.020979
 0.000089 0.958335 0.020627 0.020948

MOTIF 49-ATTTCATCATC STREME-49
letter-probability matrix: alength= 4 w= 11 nsites= 89 E= 1.9e+000
 0.730039 0.000570 0.268967 0.000424
 0.027983 0.000570 0.028129 0.943318
 0.014203 0.083247 0.014349 0.888200
 0.000424 0.000570 0.000570 0.998436
 0.014203 0.984803 0.000570 0.000424
 0.998436 0.000570 0.000570 0.000424
 0.170384 0.000570 0.000570 0.828476
 0.000424 0.998582 0.000570 0.000424
 0.998436 0.000570 0.000570 0.000424
 0.041764 0.158721 0.000570 0.798945
 0.023547 0.682383 0.082347 0.211723

MOTIF 50-CAGCCCCG STREME-50
letter-probability matrix: alength= 4 w= 8 nsites= 475 E= 2.3e+000
 0.019400 0.935145 0.026055 0.019400
 0.928491 0.026055 0.026055 0.019400
 0.019400 0.026055 0.935145 0.019400
 0.019400 0.935145 0.026055 0.019400
 0.019400 0.935145 0.026055 0.019400
 0.019400 0.935145 0.026055 0.019400
 0.019400 0.935145 0.026055 0.019400
 0.019400 0.026055 0.935145 0.019400

MOTIF 51-GTCAACA STREME-51
letter-probability matrix: alength= 4 w= 7 nsites= 396 E= 2.5e+000
 0.019400 0.026055 0.935145 0.019400
 0.019400 0.026055 0.026055 0.928491
 0.019400 0.935145 0.026055 0.019400
 0.928491 0.026055 0.026055 0.019400
 0.928491 0.026055 0.026055 0.019400
 0.019400 0.935145 0.026055 0.019400
 0.928491 0.026055 0.026055 0.019400

MOTIF 52-CACACACACACACAC STREME-52
letter-probability matrix: alength= 4 w= 15 nsites= 199 E= 2.5e+000
 0.113892 0.748411 0.031907 0.105790
 0.983556 0.005500 0.010781 0.000163
 0.000163 0.883266 0.031907 0.084665
 0.738420 0.002410 0.227319 0.031851
 0.005444 0.867422 0.074158 0.052976
 0.888491 0.000218 0.063595 0.047696
 0.000163 0.846296 0.047751 0.105790
 0.828932 0.005500 0.154843 0.010725
 0.016007 0.751230 0.037188 0.195575
 0.962431 0.000218 0.037188 0.000163
 0.031851 0.907481 0.042469 0.018199
 0.782864 0.021344 0.179786 0.016007
 0.037134 0.849385 0.000218 0.113263
 0.846240 0.016063 0.095283 0.042414
 0.048323 0.935452 0.010781 0.005444

MOTIF 53-TGCGCATGCGCA STREME-53
letter-probability matrix: alength= 4 w= 12 nsites= 87 E= 3.4e+000
 0.000487 0.095198 0.207471 0.696845
 0.008394 0.024377 0.966742 0.000487
 0.000487 0.974650 0.024377 0.000487
 0.088475 0.000654 0.910384 0.000487
 0.024209 0.943021 0.000654 0.032117
 0.635452 0.178943 0.000654 0.184951
 0.184951 0.000654 0.178943 0.635452
 0.032117 0.000654 0.943021 0.024209
 0.000487 0.910384 0.000654 0.088475
 0.000487 0.024377 0.974650 0.000487
 0.000487 0.966742 0.024377 0.008394
 0.696845 0.207471 0.095198 0.000487

MOTIF 54-CCATGGCAACS STREME-54
letter-probability matrix: alength= 4 w= 11 nsites= 195 E= 6.5e+000
 0.013286 0.960074 0.000270 0.026370
 0.000201 0.881975 0.059298 0.058525
 0.936402 0.000270 0.063126 0.000201
 0.069482 0.023523 0.000270 0.906724
 0.236481 0.019897 0.743421 0.000201
 0.000201 0.000270 0.961184 0.038344
 0.068524 0.674881 0.000270 0.256325
 0.617078 0.055086 0.264611 0.063226
 0.999258 0.000270 0.000270 0.000201
 0.000201 0.999327 0.000270 0.000201
 0.042917 0.484294 0.399362 0.073427

MOTIF 55-AAGCCTCAGCAATGG STREME-55
letter-probability matrix: alength= 4 w= 15 nsites= 51 E= 1.4e+001
 0.977348 0.000841 0.021184 0.000626
 0.997691 0.000841 0.000841 0.000626
 0.000626 0.021184 0.977563 0.000626
 0.000626 0.997906 0.000841 0.000626
 0.000626 0.977563 0.000841 0.020969
 0.000626 0.021184 0.000841 0.977348
 0.000626 0.835153 0.122908 0.041313
 0.875625 0.000841 0.122908 0.000626
 0.000626 0.000841 0.997906 0.000626
 0.000626 0.774109 0.041528 0.183737
 0.997691 0.000841 0.000841 0.000626
 0.977348 0.000841 0.000841 0.020969
 0.000626 0.000841 0.000841 0.997691
 0.041313 0.000841 0.957220 0.000626
 0.000626 0.000841 0.997906 0.000626

********************************************************************************
Stopped because 3 consecutive motifs exceeded the p-value threshold (0.05).
********************************************************************************
COMMAND:	streme --verbosity 1 --oc meme_out_incomplete_DL/HepG2_ERF-human_ENCFF487FCZ/streme_out -dna --seed 0 --p meme_out_incomplete_DL/HepG2_ERF-human_ENCFF487FCZ/seqs-centered --minw 6 --maxw 15 --time 6170 --order 2 --thresh 0.05 --align center --totallength 4000000 --parse-genomic-coord
********************************************************************************
CPU:		9f05ee173ae9
********************************************************************************
FINALTIME:	3192.54 seconds
********************************************************************************
