********************************************************************************
STREME - Sensitive, Thorough, Rapid, Enriched Motif Elicitation
********************************************************************************
MEME version 5.5.3 (Release date: Sat Jun 10 16:19:38 2023 -0700)

For further information on how to interpret these results please access http://localhost:8080/meme_5.5.3.
To get a copy of the MEME Suite software please access https://meme-suite.org.

********************************************************************************


********************************************************************************
REFERENCE
********************************************************************************
If you use this program in your research, please cite:

Timothy L. Bailey,
"STREME: accurate and versatile sequence motif discovery",
Bioinformatics, Mar. 24, 2021.
********************************************************************************


ALPHABET= ACGT

strands: + -

Background letter frequencies
A 0.246 C 0.254 G 0.254 T 0.246 

MOTIF 1-RGDBCAAAGTYCA STREME-1
letter-probability matrix: alength= 4 w= 13 nsites= 11912 E= 6.5e-212
 0.478370 0.026855 0.373338 0.121437
 0.095207 0.026592 0.802420 0.075781
 0.204927 0.071148 0.326370 0.397555
 0.156846 0.309648 0.219181 0.314324
 0.000004 0.945236 0.000203 0.054557
 0.969030 0.001714 0.029252 0.000004
 0.835230 0.005096 0.132663 0.027010
 0.896929 0.001802 0.096831 0.004438
 0.000004 0.003024 0.986036 0.010937
 0.034107 0.004301 0.294001 0.667592
 0.056594 0.472537 0.090065 0.380804
 0.008487 0.900491 0.003267 0.087755
 0.741858 0.078854 0.067486 0.111802

MOTIF 2-ARTAAAYA STREME-2
letter-probability matrix: alength= 4 w= 8 nsites= 5908 E= 1.4e-027
 0.702224 0.000027 0.119057 0.178692
 0.354311 0.000027 0.645636 0.000026
 0.000026 0.296775 0.000027 0.703172
 0.942030 0.057917 0.000027 0.000026
 0.999920 0.000027 0.000027 0.000026
 0.999920 0.000027 0.000027 0.000026
 0.000026 0.505262 0.000027 0.494685
 0.995414 0.000027 0.004533 0.000026

MOTIF 3-CCCCDCCCCC STREME-3
letter-probability matrix: alength= 4 w= 10 nsites= 2416 E= 5.6e-017
 0.000048 0.999855 0.000049 0.000048
 0.008969 0.990934 0.000049 0.000048
 0.000048 0.999855 0.000049 0.000048
 0.089718 0.823219 0.000049 0.087014
 0.294476 0.000049 0.407673 0.297802
 0.009194 0.990709 0.000049 0.000048
 0.000048 0.999855 0.000049 0.000048
 0.008031 0.866312 0.000049 0.125607
 0.083682 0.916221 0.000049 0.000048
 0.091002 0.705508 0.112617 0.090873

MOTIF 4-YCAAGGTCA STREME-4
letter-probability matrix: alength= 4 w= 9 nsites= 3189 E= 1.5e-013
 0.033960 0.571668 0.076023 0.318348
 0.208158 0.688337 0.065294 0.038210
 0.927413 0.000051 0.072486 0.000049
 0.953722 0.000051 0.046177 0.000049
 0.000049 0.023563 0.976338 0.000049
 0.000049 0.000051 0.989376 0.010523
 0.032534 0.167406 0.000051 0.800009
 0.000049 0.896009 0.011577 0.092365
 0.886232 0.015568 0.070793 0.027407

MOTIF 5-CCTGTAATCCCAGCW STREME-5
letter-probability matrix: alength= 4 w= 15 nsites= 414 E= 2.7e-011
 0.011110 0.875821 0.024877 0.088192
 0.022121 0.939139 0.002854 0.035886
 0.011110 0.030383 0.000101 0.958406
 0.093698 0.002854 0.892339 0.011110
 0.000098 0.038642 0.002854 0.958406
 0.947395 0.013866 0.024877 0.013862
 0.705381 0.000101 0.280655 0.013862
 0.008357 0.011113 0.008360 0.972171
 0.011110 0.936386 0.005607 0.046898
 0.000098 0.963915 0.008360 0.027627
 0.008357 0.900067 0.000101 0.091475
 0.985936 0.000101 0.008360 0.005604
 0.068921 0.005607 0.914362 0.011110
 0.019368 0.930880 0.013866 0.035886
 0.528663 0.022124 0.019371 0.429842

MOTIF 6-RTTRCGYAAY STREME-6
letter-probability matrix: alength= 4 w= 10 nsites= 1380 E= 2.5e-010
 0.426361 0.000057 0.573527 0.000055
 0.000055 0.000057 0.000057 0.999831
 0.000055 0.000057 0.177924 0.821964
 0.347942 0.000057 0.651946 0.000055
 0.067955 0.628476 0.000057 0.303512
 0.303512 0.000057 0.628476 0.067955
 0.000055 0.651946 0.000057 0.347942
 0.821964 0.177924 0.000057 0.000055
 0.999831 0.000057 0.000057 0.000055
 0.000055 0.573527 0.000057 0.426361

MOTIF 7-CTTTGATCTC STREME-7
letter-probability matrix: alength= 4 w= 10 nsites= 2451 E= 4.4e-009
 0.024012 0.964886 0.010487 0.000615
 0.044059 0.104104 0.033081 0.818755
 0.025459 0.032030 0.045203 0.897308
 0.016373 0.047705 0.001406 0.934516
 0.007989 0.097214 0.877965 0.016833
 0.821707 0.036325 0.026915 0.115052
 0.226506 0.136998 0.036484 0.600012
 0.001522 0.914662 0.073420 0.010396
 0.052425 0.118599 0.040673 0.788303
 0.051654 0.604410 0.084973 0.258963

MOTIF 8-CCAGCCTGGGYRACA STREME-8
letter-probability matrix: alength= 4 w= 15 nsites= 441 E= 1.4e-008
 0.006945 0.910523 0.016100 0.066433
 0.013809 0.921963 0.000084 0.064145
 0.972295 0.006948 0.020676 0.000081
 0.043553 0.009236 0.942554 0.004657
 0.009233 0.965434 0.006948 0.018385
 0.000081 0.962197 0.000084 0.037638
 0.004657 0.018388 0.000084 0.976871
 0.038240 0.004660 0.949205 0.007895
 0.061857 0.000084 0.928826 0.009233
 0.061857 0.048131 0.869339 0.020673
 0.037638 0.506889 0.013812 0.441661
 0.430434 0.012473 0.550148 0.006945
 0.981447 0.002372 0.016100 0.000081
 0.038977 0.880779 0.034403 0.045841
 0.962194 0.004660 0.026201 0.006945

MOTIF 9-CAAAGTCCA STREME-9
letter-probability matrix: alength= 4 w= 9 nsites= 1054 E= 2.1e-007
 0.029578 0.865673 0.086586 0.018163
 0.769103 0.113835 0.056805 0.060257
 0.877349 0.038937 0.076769 0.006945
 0.953620 0.005900 0.007647 0.032833
 0.003447 0.031422 0.917214 0.047917
 0.002752 0.023451 0.000102 0.973695
 0.038493 0.905300 0.019550 0.036657
 0.006013 0.966625 0.023282 0.004080
 0.874548 0.016361 0.024211 0.084880

MOTIF 10-GGAGGATCRCTTGA STREME-10
letter-probability matrix: alength= 4 w= 14 nsites= 319 E= 4.5e-007
 0.059535 0.014107 0.898276 0.028082
 0.059535 0.000128 0.940213 0.000124
 0.859830 0.066528 0.000128 0.073514
 0.052545 0.003623 0.929729 0.014103
 0.293682 0.000128 0.706066 0.000124
 0.968167 0.003623 0.024591 0.003619
 0.000124 0.000128 0.000128 0.999620
 0.010608 0.692087 0.038570 0.258735
 0.471914 0.024591 0.471918 0.031577
 0.010608 0.894782 0.003623 0.090987
 0.000124 0.115454 0.010612 0.873809
 0.000124 0.007117 0.028086 0.964672
 0.063029 0.010612 0.926234 0.000124
 0.971662 0.000128 0.024591 0.003619

MOTIF 11-AATNATTAACY STREME-11
letter-probability matrix: alength= 4 w= 11 nsites= 568 E= 4.5e-006
 0.890806 0.000077 0.066382 0.042734
 0.886364 0.063498 0.012914 0.037224
 0.101152 0.000077 0.000077 0.898694
 0.189363 0.240546 0.337413 0.232679
 0.787255 0.031196 0.047436 0.134112
 0.014770 0.008146 0.073399 0.903685
 0.000075 0.032084 0.000077 0.967764
 0.962205 0.000077 0.000077 0.037641
 0.920553 0.008504 0.047588 0.023355
 0.017035 0.929258 0.012383 0.041324
 0.164266 0.428323 0.027286 0.380125

MOTIF 12-ACCTTTGCMCY STREME-12
letter-probability matrix: alength= 4 w= 11 nsites= 647 E= 1.2e-005
 0.881107 0.118728 0.000084 0.000081
 0.000081 0.999753 0.000084 0.000081
 0.000081 0.999753 0.000084 0.000081
 0.042280 0.019182 0.021663 0.916874
 0.000081 0.145414 0.000084 0.854421
 0.000081 0.070453 0.000084 0.929381
 0.080724 0.000084 0.919111 0.000081
 0.000081 0.560859 0.264243 0.174816
 0.369513 0.547946 0.000084 0.082457
 0.000081 0.807954 0.000084 0.191881
 0.153800 0.400927 0.000084 0.445189

MOTIF 13-RTTTCACAAY STREME-13
letter-probability matrix: alength= 4 w= 10 nsites= 1095 E= 2.3e-005
 0.659629 0.000109 0.340157 0.000105
 0.000105 0.000109 0.000109 0.999677
 0.000105 0.000109 0.000109 0.999677
 0.000105 0.000109 0.000109 0.999677
 0.000105 0.999680 0.000109 0.000105
 0.518359 0.247666 0.152770 0.081205
 0.208737 0.539227 0.000109 0.251927
 0.765555 0.234230 0.000109 0.000105
 0.999677 0.000109 0.000109 0.000105
 0.000105 0.451284 0.157733 0.390877

MOTIF 14-ASAGATAAG STREME-14
letter-probability matrix: alength= 4 w= 9 nsites= 598 E= 3.1e-005
 0.653533 0.010758 0.256039 0.079671
 0.118281 0.323335 0.406463 0.151921
 0.826861 0.021619 0.000158 0.151362
 0.000153 0.000158 0.997645 0.002044
 0.999531 0.000158 0.000158 0.000153
 0.000153 0.000158 0.000158 0.999531
 0.979832 0.000158 0.000158 0.019852
 0.961467 0.024400 0.000158 0.013975
 0.000153 0.122886 0.810216 0.066746

MOTIF 15-CAGTGAGCYRTG STREME-15
letter-probability matrix: alength= 4 w= 12 nsites= 258 E= 4.5e-005
 0.001842 0.948810 0.028764 0.020584
 0.975905 0.000150 0.000150 0.023796
 0.032847 0.004237 0.962770 0.000145
 0.010530 0.000150 0.036245 0.953075
 0.018706 0.000150 0.980999 0.000145
 0.999555 0.000150 0.000150 0.000145
 0.063946 0.027993 0.895653 0.012408
 0.000145 0.925980 0.000150 0.073725
 0.001370 0.355453 0.000150 0.643028
 0.557853 0.000150 0.437764 0.004233
 0.259577 0.036940 0.004237 0.699246
 0.000933 0.000150 0.994685 0.004233

MOTIF 16-AAAAAAAAAAAAAAA STREME-16
letter-probability matrix: alength= 4 w= 15 nsites= 586 E= 8.4e-005
 0.941091 0.016318 0.007783 0.034808
 0.997479 0.002333 0.000095 0.000092
 0.976914 0.000095 0.019755 0.003236
 0.950843 0.000095 0.030968 0.018093
 0.865012 0.094282 0.035408 0.005299
 0.840448 0.022245 0.112784 0.024523
 0.974177 0.000095 0.020429 0.005299
 0.986701 0.000095 0.010508 0.002696
 0.987417 0.001578 0.007905 0.003100
 0.878249 0.097324 0.020275 0.004152
 0.923535 0.027704 0.048669 0.000092
 0.877763 0.008367 0.080159 0.033711
 0.866417 0.043274 0.054160 0.036149
 0.967697 0.000095 0.016459 0.015749
 0.973953 0.012538 0.001902 0.011607

MOTIF 17-AGACYCTGTCTC STREME-17
letter-probability matrix: alength= 4 w= 12 nsites= 421 E= 9.1e-005
 0.958138 0.009825 0.000119 0.031919
 0.186527 0.013060 0.800298 0.000115
 0.999648 0.000119 0.000119 0.000115
 0.000115 0.949778 0.000119 0.049989
 0.006586 0.547078 0.003354 0.442982
 0.013057 0.810655 0.013060 0.163228
 0.000115 0.221909 0.006589 0.771387
 0.134748 0.000119 0.865019 0.000115
 0.000115 0.000119 0.000119 0.999648
 0.000115 0.975661 0.000119 0.024106
 0.000115 0.000119 0.000119 0.999648
 0.046753 0.945200 0.000119 0.007929

MOTIF 18-CCCTGCCC STREME-18
letter-probability matrix: alength= 4 w= 8 nsites= 2973 E= 9.5e-005
 0.006244 0.917698 0.000633 0.075425
 0.032987 0.828917 0.039768 0.098328
 0.026651 0.947765 0.014951 0.010633
 0.095889 0.067898 0.041888 0.794326
 0.036998 0.051703 0.827728 0.083572
 0.050040 0.948939 0.000274 0.000748
 0.025145 0.966507 0.003443 0.004906
 0.000265 0.992513 0.006957 0.000265

MOTIF 19-ACTTCCKG STREME-19
letter-probability matrix: alength= 4 w= 8 nsites= 515 E= 5.6e-004
 0.998097 0.000641 0.000641 0.000621
 0.000621 0.998117 0.000641 0.000621
 0.000621 0.000641 0.007901 0.990837
 0.000621 0.000641 0.000641 0.998097
 0.000621 0.998117 0.000641 0.000621
 0.000621 0.972878 0.025879 0.000621
 0.000621 0.036921 0.434636 0.527822
 0.000621 0.000641 0.998117 0.000621

MOTIF 20-CTCAGCCTCCYRART STREME-20
letter-probability matrix: alength= 4 w= 15 nsites= 317 E= 8.9e-003
 0.017298 0.900008 0.003561 0.079133
 0.003557 0.000126 0.000126 0.996191
 0.000122 0.992760 0.000126 0.006992
 0.687019 0.051655 0.195935 0.065392
 0.013863 0.000126 0.979019 0.006992
 0.010428 0.930925 0.010432 0.048215
 0.000122 0.879397 0.006996 0.113485
 0.003557 0.000126 0.006996 0.989321
 0.003557 0.934361 0.013867 0.048215
 0.020733 0.903596 0.000126 0.075545
 0.065392 0.578673 0.044784 0.311151
 0.467316 0.010432 0.470602 0.051651
 0.882828 0.006996 0.110054 0.000122
 0.333341 0.020737 0.645800 0.000122
 0.006992 0.013867 0.271510 0.707630

MOTIF 21-CACGTG STREME-21
letter-probability matrix: alength= 4 w= 6 nsites= 423 E= 9.3e-003
 0.022373 0.932173 0.023082 0.022373
 0.931464 0.023082 0.023082 0.022373
 0.022373 0.932173 0.023082 0.022373
 0.022373 0.023082 0.932173 0.022373
 0.022373 0.023082 0.023082 0.931464
 0.022373 0.023082 0.932173 0.022373

MOTIF 22-AGACTTTGSMCT STREME-22
letter-probability matrix: alength= 4 w= 12 nsites= 235 E= 1.1e-002
 0.938708 0.016063 0.000205 0.045024
 0.000199 0.000205 0.976984 0.022612
 0.999391 0.000205 0.000205 0.000199
 0.003228 0.912569 0.033824 0.050379
 0.022612 0.000205 0.005808 0.971375
 0.000199 0.039949 0.000205 0.959647
 0.000199 0.011412 0.022618 0.965771
 0.047350 0.000205 0.952246 0.000199
 0.098482 0.372138 0.446836 0.082544
 0.280932 0.503417 0.061840 0.153810
 0.044930 0.885102 0.000205 0.069763
 0.162068 0.194742 0.047356 0.595834

MOTIF 23-AGATAA STREME-23
letter-probability matrix: alength= 4 w= 6 nsites= 1548 E= 1.3e-002
 0.931464 0.023082 0.023082 0.022373
 0.022373 0.023082 0.932173 0.022373
 0.931464 0.023082 0.023082 0.022373
 0.022373 0.023082 0.023082 0.931464
 0.931464 0.023082 0.023082 0.022373
 0.931464 0.023082 0.023082 0.022373

MOTIF 24-RTGAGCCACYGYGCC STREME-24
letter-probability matrix: alength= 4 w= 15 nsites= 213 E= 1.4e-002
 0.394822 0.008989 0.591618 0.004571
 0.000157 0.022231 0.004576 0.973037
 0.039881 0.000162 0.959800 0.000157
 0.889174 0.044300 0.000162 0.066365
 0.053123 0.000162 0.946559 0.000157
 0.004571 0.924489 0.000162 0.070778
 0.000157 0.981869 0.000162 0.017812
 0.950968 0.008989 0.039886 0.000157
 0.004571 0.995111 0.000162 0.000157
 0.024058 0.582791 0.013403 0.379748
 0.251746 0.008989 0.730280 0.008984
 0.000157 0.619933 0.013403 0.366507
 0.262406 0.004576 0.697551 0.035468
 0.008984 0.990697 0.000162 0.000157
 0.000157 0.977456 0.004576 0.017812

MOTIF 25-ACATTCC STREME-25
letter-probability matrix: alength= 4 w= 7 nsites= 750 E= 1.5e-002
 0.931464 0.023082 0.023082 0.022373
 0.022373 0.932173 0.023082 0.022373
 0.931464 0.023082 0.023082 0.022373
 0.022373 0.023082 0.023082 0.931464
 0.022373 0.023082 0.023082 0.931464
 0.022373 0.932173 0.023082 0.022373
 0.022373 0.932173 0.023082 0.022373

MOTIF 26-TGACCTCA STREME-26
letter-probability matrix: alength= 4 w= 8 nsites= 520 E= 2.7e-002
 0.000902 0.059931 0.000930 0.938237
 0.000902 0.000930 0.997266 0.000902
 0.997238 0.000930 0.000930 0.000902
 0.000902 0.997266 0.000930 0.000902
 0.000902 0.904704 0.093492 0.000902
 0.000902 0.000930 0.128452 0.869715
 0.172408 0.825759 0.000930 0.000902
 0.997238 0.000930 0.000930 0.000902

MOTIF 27-RGTGACTCA STREME-27
letter-probability matrix: alength= 4 w= 9 nsites= 799 E= 3.2e-002
 0.494622 0.106661 0.398484 0.000233
 0.206509 0.000241 0.793017 0.000233
 0.000233 0.000241 0.000241 0.999286
 0.050506 0.000241 0.879882 0.069372
 0.999286 0.000241 0.000241 0.000233
 0.000233 0.830902 0.168632 0.000233
 0.000233 0.036293 0.053986 0.909488
 0.017792 0.964176 0.000241 0.017792
 0.939333 0.000241 0.060193 0.000233

MOTIF 28-GGACTTCAGMCY STREME-28
letter-probability matrix: alength= 4 w= 12 nsites= 212 E= 6.6e-002
 0.000238 0.000245 0.936206 0.063310
 0.135837 0.064159 0.782747 0.017257
 0.999271 0.000245 0.000245 0.000238
 0.000238 0.965783 0.000245 0.033733
 0.000238 0.000245 0.000245 0.999271
 0.000238 0.000245 0.000245 0.999271
 0.000238 0.910276 0.089248 0.000238
 0.999271 0.000245 0.000245 0.000238
 0.177347 0.061489 0.686612 0.074552
 0.300560 0.498850 0.000245 0.200345
 0.006937 0.992580 0.000245 0.000238
 0.013636 0.353269 0.000245 0.632850

MOTIF 29-TTRCGYAA STREME-29
letter-probability matrix: alength= 4 w= 8 nsites= 1416 E= 1.1e-001
 0.000374 0.000386 0.000386 0.998854
 0.000374 0.000386 0.012781 0.986459
 0.619711 0.000386 0.331012 0.048891
 0.000374 0.710708 0.159652 0.129266
 0.129266 0.159652 0.710708 0.000374
 0.048891 0.331012 0.000386 0.619711
 0.986459 0.012781 0.000386 0.000374
 0.998854 0.000386 0.000386 0.000374

MOTIF 30-ACACACACACACAC STREME-30
letter-probability matrix: alength= 4 w= 14 nsites= 231 E= 1.2e-001
 0.993866 0.000307 0.005530 0.000298
 0.009343 0.948146 0.000307 0.042204
 0.911085 0.004498 0.084120 0.000298
 0.000298 0.995220 0.000307 0.004175
 0.972950 0.000307 0.000307 0.026436
 0.009846 0.901121 0.044095 0.044938
 0.889270 0.008688 0.081669 0.020373
 0.000298 0.967390 0.004902 0.027411
 0.986019 0.004995 0.008688 0.000298
 0.005232 0.914099 0.000307 0.080362
 0.930756 0.004498 0.051133 0.013613
 0.059108 0.925957 0.014637 0.000298
 0.984032 0.002771 0.006892 0.006304
 0.009826 0.956767 0.000307 0.033100

MOTIF 31-CAAAGRGCA STREME-31
letter-probability matrix: alength= 4 w= 9 nsites= 358 E= 1.5e-001
 0.000308 0.923359 0.049310 0.027023
 0.955288 0.013430 0.030511 0.000770
 0.984528 0.000318 0.000318 0.014836
 0.988462 0.000936 0.000361 0.010242
 0.000308 0.027715 0.949353 0.022624
 0.616449 0.006968 0.316448 0.060135
 0.036998 0.008794 0.895675 0.058534
 0.033963 0.945833 0.003315 0.016889
 0.947888 0.018308 0.007360 0.026444

MOTIF 32-CCACCCCCACC STREME-32
letter-probability matrix: alength= 4 w= 11 nsites= 1303 E= 1.9e-001
 0.024038 0.949913 0.010052 0.015997
 0.068961 0.726165 0.109637 0.095236
 0.741093 0.003507 0.185858 0.069541
 0.065217 0.821882 0.015287 0.097613
 0.034726 0.756253 0.171060 0.037960
 0.135543 0.652637 0.151340 0.060480
 0.024590 0.820856 0.070941 0.083613
 0.018807 0.780535 0.109224 0.091434
 0.796331 0.000047 0.180839 0.022783
 0.063692 0.786929 0.064108 0.085271
 0.047080 0.805799 0.084970 0.062152

MOTIF 33-CTCRAACTCCTGRSC STREME-33
letter-probability matrix: alength= 4 w= 15 nsites= 88 E= 2.2e-001
 0.000414 0.847270 0.000427 0.151889
 0.000414 0.000427 0.000427 0.998733
 0.000414 0.858922 0.000427 0.140237
 0.602565 0.047035 0.349986 0.000414
 0.998733 0.000427 0.000427 0.000414
 0.792748 0.136499 0.070339 0.000414
 0.000414 0.905530 0.000427 0.093630
 0.000414 0.000427 0.000427 0.998733
 0.000414 0.917182 0.058687 0.023718
 0.000414 0.975442 0.012079 0.012066
 0.000414 0.000427 0.000427 0.998733
 0.035370 0.000427 0.963790 0.000414
 0.361625 0.012079 0.625883 0.000414
 0.175193 0.384942 0.404495 0.035370
 0.000414 0.987094 0.000427 0.012066

MOTIF 34-GTCAAYA STREME-34
letter-probability matrix: alength= 4 w= 7 nsites= 1011 E= 2.9e-001
 0.000704 0.000727 0.997865 0.000704
 0.000704 0.000727 0.000727 0.997843
 0.000704 0.997865 0.000727 0.000704
 0.997812 0.000727 0.000757 0.000704
 0.997843 0.000727 0.000727 0.000704
 0.000704 0.574963 0.000727 0.423607
 0.990098 0.000727 0.008471 0.000704

MOTIF 35-GATCAATA STREME-35
letter-probability matrix: alength= 4 w= 8 nsites= 119 E= 3.0e-001
 0.022373 0.023082 0.932173 0.022373
 0.931464 0.023082 0.023082 0.022373
 0.022373 0.023082 0.023082 0.931464
 0.022373 0.932173 0.023082 0.022373
 0.931464 0.023082 0.023082 0.022373
 0.931464 0.023082 0.023082 0.022373
 0.022373 0.023082 0.023082 0.931464
 0.931464 0.023082 0.023082 0.022373

MOTIF 36-CTCTCTCTCTCTCC STREME-36
letter-probability matrix: alength= 4 w= 14 nsites= 200 E= 3.0e-001
 0.012309 0.884227 0.031757 0.071706
 0.028788 0.071599 0.000261 0.899352
 0.000253 0.927513 0.064847 0.007387
 0.043056 0.047619 0.081693 0.827632
 0.000253 0.862844 0.057331 0.079571
 0.000253 0.057331 0.014529 0.927887
 0.028788 0.932068 0.038891 0.000253
 0.007387 0.036777 0.028796 0.927040
 0.007387 0.827104 0.100162 0.065347
 0.000253 0.083068 0.014529 0.902150
 0.017482 0.846463 0.028796 0.107259
 0.035922 0.000261 0.000261 0.963555
 0.048737 0.808148 0.105914 0.037201
 0.044904 0.714257 0.033103 0.207736

MOTIF 37-GCGCATGCGC STREME-37
letter-probability matrix: alength= 4 w= 10 nsites= 85 E= 4.4e-001
 0.058542 0.024937 0.904465 0.012056
 0.000799 0.962208 0.036194 0.000799
 0.045826 0.000825 0.952550 0.000799
 0.000799 0.997577 0.000825 0.000799
 0.845002 0.097390 0.056809 0.000799
 0.000799 0.056809 0.097390 0.845002
 0.000799 0.000825 0.997577 0.000799
 0.000799 0.952550 0.000825 0.045826
 0.000799 0.036194 0.962208 0.000799
 0.012056 0.904465 0.024937 0.058542

MOTIF 38-CTGTGTAC STREME-38
letter-probability matrix: alength= 4 w= 8 nsites= 238 E= 4.7e-001
 0.022373 0.932173 0.023082 0.022373
 0.022373 0.023082 0.023082 0.931464
 0.022373 0.023082 0.932173 0.022373
 0.022373 0.023082 0.023082 0.931464
 0.022373 0.023082 0.932173 0.022373
 0.022373 0.023082 0.023082 0.931464
 0.931464 0.023082 0.023082 0.022373
 0.022373 0.932173 0.023082 0.022373

MOTIF 39-CCCAGC STREME-39
letter-probability matrix: alength= 4 w= 6 nsites= 3879 E= 6.1e-001
 0.022373 0.932173 0.023082 0.022373
 0.022373 0.932173 0.023082 0.022373
 0.022373 0.932173 0.023082 0.022373
 0.931464 0.023082 0.023082 0.022373
 0.022373 0.023082 0.932173 0.022373
 0.022373 0.932173 0.023082 0.022373

MOTIF 40-ATTGCAAAA STREME-40
letter-probability matrix: alength= 4 w= 9 nsites= 598 E= 6.6e-001
 0.999053 0.000319 0.000319 0.000309
 0.000309 0.000319 0.000319 0.999053
 0.000309 0.000319 0.000319 0.999053
 0.000309 0.000319 0.999063 0.000309
 0.000309 0.999063 0.000319 0.000309
 0.755946 0.000319 0.197816 0.045918
 0.630669 0.182010 0.000319 0.187002
 0.667977 0.331395 0.000319 0.000309
 0.999053 0.000319 0.000319 0.000309

MOTIF 41-MATCGATK STREME-41
letter-probability matrix: alength= 4 w= 8 nsites= 195 E= 6.8e-001
 0.476028 0.265918 0.159168 0.098886
 0.957969 0.000708 0.001208 0.040115
 0.000687 0.000708 0.000708 0.997896
 0.000687 0.997918 0.000708 0.000687
 0.000687 0.000708 0.997918 0.000687
 0.997896 0.000708 0.000708 0.000687
 0.040115 0.001208 0.000708 0.957969
 0.098886 0.159168 0.265918 0.476028

MOTIF 42-CACGTGGCT STREME-42
letter-probability matrix: alength= 4 w= 9 nsites= 246 E= 6.8e-001
 0.004944 0.966814 0.017968 0.010274
 0.966187 0.000363 0.003205 0.030245
 0.000352 0.998932 0.000363 0.000352
 0.000352 0.000363 0.998932 0.000352
 0.029287 0.058208 0.000363 0.912141
 0.044383 0.040051 0.902777 0.012790
 0.128143 0.030657 0.830785 0.010415
 0.039233 0.854358 0.078099 0.028310
 0.015163 0.263042 0.013523 0.708272

MOTIF 43-CCTCCTCCC STREME-43
letter-probability matrix: alength= 4 w= 9 nsites= 1356 E= 7.4e-001
 0.016188 0.774932 0.112340 0.096541
 0.007341 0.839620 0.038926 0.114112
 0.056803 0.000247 0.046975 0.895975
 0.009897 0.967969 0.000247 0.021887
 0.009171 0.862415 0.040978 0.087436
 0.043157 0.000247 0.019438 0.937158
 0.015218 0.914948 0.000247 0.069587
 0.000892 0.980846 0.018023 0.000239
 0.000239 0.994164 0.005357 0.000239

MOTIF 44-AAAAATACAAAAAT STREME-44
letter-probability matrix: alength= 4 w= 14 nsites= 76 E= 8.7e-001
 0.894777 0.000542 0.074551 0.030129
 0.968786 0.000542 0.015344 0.015327
 0.983588 0.000542 0.015344 0.000526
 0.939183 0.044948 0.000542 0.015327
 0.918238 0.015344 0.021487 0.044931
 0.015327 0.030146 0.030146 0.924381
 0.983588 0.015344 0.000542 0.000526
 0.000526 0.924398 0.000542 0.074535
 0.953985 0.015344 0.030146 0.000526
 0.953985 0.000542 0.015344 0.030129
 0.968786 0.000542 0.000542 0.030129
 0.968786 0.015344 0.015344 0.000526
 0.968786 0.000542 0.015344 0.015327
 0.118940 0.000542 0.015344 0.865174

MOTIF 45-CATTTAC STREME-45
letter-probability matrix: alength= 4 w= 7 nsites= 519 E= 1.0e+000
 0.022373 0.932173 0.023082 0.022373
 0.931464 0.023082 0.023082 0.022373
 0.022373 0.023082 0.023082 0.931464
 0.022373 0.023082 0.023082 0.931464
 0.022373 0.023082 0.023082 0.931464
 0.931464 0.023082 0.023082 0.022373
 0.022373 0.932173 0.023082 0.022373

MOTIF 46-ACAAAGATCAC STREME-46
letter-probability matrix: alength= 4 w= 11 nsites= 105 E= 1.1e+000
 0.873718 0.032508 0.066784 0.026990
 0.000471 0.892495 0.027005 0.080029
 0.998558 0.000486 0.000486 0.000471
 0.934513 0.000486 0.064531 0.000471
 0.998558 0.000486 0.000486 0.000471
 0.000471 0.000486 0.998573 0.000471
 0.998558 0.000486 0.000486 0.000471
 0.000471 0.000486 0.000486 0.998558
 0.000471 0.724148 0.274911 0.000471
 0.998558 0.000486 0.000486 0.000471
 0.170069 0.700406 0.129054 0.000471

MOTIF 47-AGTGCAGTGGC STREME-47
letter-probability matrix: alength= 4 w= 11 nsites= 173 E= 1.2e+000
 0.981969 0.017415 0.000313 0.000304
 0.141750 0.000313 0.857634 0.000304
 0.000304 0.000313 0.000313 0.999070
 0.053255 0.000313 0.946128 0.000304
 0.000304 0.999080 0.000313 0.000304
 0.990519 0.000313 0.008864 0.000304
 0.100631 0.000313 0.898753 0.000304
 0.000304 0.061815 0.000313 0.937568
 0.008854 0.017415 0.973428 0.000304
 0.012795 0.000313 0.986588 0.000304
 0.000304 0.729340 0.000313 0.270044

MOTIF 48-GCAGCCGCAG STREME-48
letter-probability matrix: alength= 4 w= 10 nsites= 391 E= 1.6e+000
 0.019145 0.027642 0.946443 0.006770
 0.004822 0.940762 0.045305 0.009111
 0.966520 0.006276 0.016304 0.010900
 0.010900 0.014027 0.964173 0.010900
 0.000643 0.917370 0.076401 0.005586
 0.166581 0.774955 0.016821 0.041643
 0.027843 0.148099 0.818479 0.005578
 0.067900 0.907170 0.001227 0.023703
 0.769231 0.108171 0.091527 0.031071
 0.005515 0.030974 0.961109 0.002402

MOTIF 49-GAATGAATGA STREME-49
letter-probability matrix: alength= 4 w= 10 nsites= 207 E= 1.7e+000
 0.055736 0.038160 0.886480 0.019623
 0.898200 0.024779 0.067025 0.009996
 0.972981 0.016441 0.008789 0.001790
 0.009106 0.057275 0.014573 0.919045
 0.054280 0.029966 0.915412 0.000342
 0.862152 0.079336 0.056559 0.001953
 0.895728 0.076998 0.026658 0.000617
 0.004384 0.136035 0.015406 0.844175
 0.022552 0.026081 0.944746 0.006621
 0.859507 0.046873 0.033798 0.059822

MOTIF 50-CTCATCTGTAAA STREME-50
letter-probability matrix: alength= 4 w= 12 nsites= 88 E= 1.7e+000
 0.000494 0.929000 0.014410 0.056097
 0.023820 0.028311 0.000509 0.947360
 0.028295 0.970702 0.000509 0.000494
 0.970686 0.000509 0.000509 0.028295
 0.000494 0.044890 0.000509 0.954108
 0.000494 0.887297 0.042212 0.069998
 0.014394 0.000509 0.000509 0.984587
 0.056097 0.014410 0.905673 0.023820
 0.034065 0.042212 0.034080 0.889644
 0.881512 0.056112 0.056112 0.006263
 0.928984 0.056112 0.000509 0.014394
 0.887281 0.028311 0.028311 0.056097

MOTIF 51-CACTAGAGGGCA STREME-51
letter-probability matrix: alength= 4 w= 12 nsites= 77 E= 2.0e+000
 0.041250 0.906433 0.037259 0.015058
 0.932945 0.007669 0.047727 0.011659
 0.037251 0.883744 0.016491 0.062514
 0.000263 0.101507 0.022464 0.875767
 0.977002 0.015066 0.000271 0.007660
 0.015058 0.000271 0.984408 0.000263
 0.771125 0.044657 0.146967 0.037251
 0.069912 0.003341 0.759241 0.167506
 0.044649 0.029862 0.903034 0.022456
 0.037251 0.022464 0.888239 0.052046
 0.032924 0.740118 0.022464 0.204495
 0.761046 0.029862 0.171842 0.037251

MOTIF 52-CTCTGCTC STREME-52
letter-probability matrix: alength= 4 w= 8 nsites= 542 E= 2.0e+000
 0.022373 0.932173 0.023082 0.022373
 0.022373 0.023082 0.023082 0.931464
 0.022373 0.932173 0.023082 0.022373
 0.022373 0.023082 0.023082 0.931464
 0.022373 0.023082 0.932173 0.022373
 0.022373 0.932173 0.023082 0.022373
 0.022373 0.023082 0.023082 0.931464
 0.022373 0.932173 0.023082 0.022373

MOTIF 53-AAATTAGCCAGGCRT STREME-53
letter-probability matrix: alength= 4 w= 15 nsites= 43 E= 6.9e+000
 0.997221 0.000936 0.000936 0.000907
 0.920582 0.000936 0.026482 0.052000
 0.997221 0.000936 0.000936 0.000907
 0.000907 0.052029 0.000936 0.946128
 0.000907 0.026482 0.052029 0.920582
 0.997221 0.000936 0.000936 0.000907
 0.000907 0.026482 0.971704 0.000907
 0.000907 0.971704 0.026482 0.000907
 0.000907 0.971704 0.000936 0.026454
 0.792849 0.128668 0.077575 0.000907
 0.052000 0.000936 0.920611 0.026454
 0.026454 0.000936 0.971704 0.000907
 0.026454 0.665145 0.052029 0.256372
 0.333012 0.077575 0.460773 0.128640
 0.000907 0.052029 0.052029 0.895035

MOTIF 54-CTTGGCCTCCCAA STREME-54
letter-probability matrix: alength= 4 w= 13 nsites= 59 E= 1.0e+001
 0.000668 0.960341 0.000689 0.038301
 0.019485 0.038323 0.000689 0.941503
 0.000668 0.057139 0.075956 0.866236
 0.019485 0.000689 0.960341 0.019485
 0.019485 0.000689 0.979158 0.000668
 0.000668 0.922708 0.000689 0.075935
 0.038301 0.960341 0.000689 0.000668
 0.000668 0.000689 0.000689 0.997953
 0.000668 0.979158 0.000689 0.019485
 0.057118 0.866258 0.019506 0.057118
 0.019485 0.960341 0.000689 0.019485
 0.979137 0.000689 0.019506 0.000668
 0.941503 0.000689 0.057139 0.000668

MOTIF 55-AGGCTGAAGTGAA STREME-55
letter-probability matrix: alength= 4 w= 13 nsites= 98 E= 1.9e+001
 0.988358 0.000385 0.000385 0.010872
 0.028372 0.000385 0.949872 0.021372
 0.000373 0.000385 0.998870 0.000373
 0.052870 0.914874 0.031883 0.000373
 0.000373 0.000385 0.000385 0.998858
 0.103584 0.000385 0.895659 0.000373
 0.521043 0.240090 0.238494 0.000373
 0.931503 0.000385 0.000385 0.067728
 0.021372 0.000385 0.977871 0.000373
 0.082585 0.031883 0.081001 0.804531
 0.010872 0.000385 0.973513 0.015230
 0.584041 0.220875 0.142214 0.052870
 0.757369 0.031883 0.168377 0.042371

********************************************************************************
Stopped because 3 consecutive motifs exceeded the p-value threshold (0.05).
********************************************************************************
COMMAND:	streme --verbosity 1 --oc meme_out_incomplete_DL/HepG2_HNF4G-human_ENCFF492RBE/streme_out -dna --seed 0 --p meme_out_incomplete_DL/HepG2_HNF4G-human_ENCFF492RBE/seqs-centered --minw 6 --maxw 15 --time 6179 --order 2 --thresh 0.05 --align center --totallength 4000000 --parse-genomic-coord
********************************************************************************
CPU:		9f05ee173ae9
********************************************************************************
FINALTIME:	2767.33 seconds
********************************************************************************
