DB 1 MOTIF	8-TCCGTGGTGCTGAA	STREME-8
-281.0	0
-280.0	0
-279.0	0
-278.0	0
-277.0	0
-276.0	0
-275.0	0
-274.0	1
-273.0	0
-272.0	0
-271.0	0
-270.0	0
-269.0	1
-268.0	0
-267.0	1
-266.0	1
-265.0	0
-264.0	0
-263.0	0
-262.0	0
-261.0	0
-260.0	1
-259.0	0
-258.0	0
-257.0	1
-256.0	2
-255.0	0
-254.0	1
-253.0	0
-252.0	1
-251.0	0
-250.0	0
-249.0	0
-248.0	0
-247.0	0
-246.0	0
-245.0	0
-244.0	1
-243.0	1
-242.0	1
-241.0	2
-240.0	1
-239.0	1
-238.0	0
-237.0	1
-236.0	0
-235.0	1
-234.0	2
-233.0	1
-232.0	1
-231.0	1
-230.0	0
-229.0	0
-228.0	0
-227.0	1
-226.0	0
-225.0	0
-224.0	1
-223.0	0
-222.0	0
-221.0	1
-220.0	1
-219.0	0
-218.0	0
-217.0	1
-216.0	0
-215.0	1
-214.0	1
-213.0	0
-212.0	2
-211.0	0
-210.0	0
-209.0	0
-208.0	1
-207.0	0
-206.0	1
-205.0	0
-204.0	0
-203.0	0
-202.0	1
-201.0	1
-200.0	1
-199.0	1
-198.0	0
-197.0	1
-196.0	0
-195.0	0
-194.0	0
-193.0	2
-192.0	1
-191.0	0
-190.0	1
-189.0	0
-188.0	0
-187.0	1
-186.0	0
-185.0	0
-184.0	0
-183.0	0
-182.0	0
-181.0	0
-180.0	0
-179.0	0
-178.0	1
-177.0	0
-176.0	0
-175.0	2
-174.0	0
-173.0	2
-172.0	1
-171.0	0
-170.0	0
-169.0	1
-168.0	0
-167.0	0
-166.0	0
-165.0	1
-164.0	2
-163.0	1
-162.0	0
-161.0	1
-160.0	0
-159.0	0
-158.0	0
-157.0	1
-156.0	0
-155.0	1
-154.0	1
-153.0	0
-152.0	1
-151.0	0
-150.0	1
-149.0	2
-148.0	1
-147.0	1
-146.0	0
-145.0	0
-144.0	1
-143.0	1
-142.0	0
-141.0	1
-140.0	2
-139.0	0
-138.0	2
-137.0	0
-136.0	1
-135.0	1
-134.0	0
-133.0	0
-132.0	0
-131.0	0
-130.0	2
-129.0	0
-128.0	0
-127.0	0
-126.0	1
-125.0	1
-124.0	1
-123.0	0
-122.0	0
-121.0	0
-120.0	1
-119.0	0
-118.0	0
-117.0	1
-116.0	0
-115.0	1
-114.0	1
-113.0	1
-112.0	0
-111.0	1
-110.0	1
-109.0	0
-108.0	0
-107.0	0
-106.0	0
-105.0	0
-104.0	1
-103.0	0
-102.0	1
-101.0	0
-100.0	0
 -99.0	0
 -98.0	0
 -97.0	1
 -96.0	0
 -95.0	0
 -94.0	0
 -93.0	1
 -92.0	0
 -91.0	0
 -90.0	1
 -89.0	1
 -88.0	0
 -87.0	2
 -86.0	0
 -85.0	1
 -84.0	0
 -83.0	1
 -82.0	0
 -81.0	3
 -80.0	1
 -79.0	1
 -78.0	0
 -77.0	1
 -76.0	0
 -75.0	2
 -74.0	2
 -73.0	2
 -72.0	0
 -71.0	1
 -70.0	0
 -69.0	1
 -68.0	4
 -67.0	0
 -66.0	1
 -65.0	1
 -64.0	2
 -63.0	1
 -62.0	0
 -61.0	1
 -60.0	2
 -59.0	0
 -58.0	1
 -57.0	0.5
 -56.0	0
 -55.0	0
 -54.0	2
 -53.0	0
 -52.0	0
 -51.0	1
 -50.0	1
 -49.0	0
 -48.0	0
 -47.0	0
 -46.0	2
 -45.0	0
 -44.0	1
 -43.0	1
 -42.0	0
 -41.0	1.33333
 -40.0	0
 -39.0	1
 -38.0	3
 -37.0	0
 -36.0	0
 -35.0	0
 -34.0	0
 -33.0	1
 -32.0	1
 -31.0	2
 -30.0	1
 -29.0	0
 -28.0	0
 -27.0	1
 -26.0	2.5
 -25.0	1
 -24.0	1
 -23.0	0.5
 -22.0	0
 -21.0	0
 -20.0	3
 -19.0	0
 -18.0	0
 -17.0	1
 -16.0	0
 -15.0	0
 -14.0	0
 -13.0	2.33333
 -12.0	0
 -11.0	0
 -10.0	2
  -9.0	0
  -8.0	1
  -7.0	0
  -6.0	0
  -5.0	0
  -4.0	0
  -3.0	2
  -2.0	0
  -1.0	1
   0.0	1
   1.0	4
   2.0	0
   3.0	1
   4.0	1
   5.0	0.5
   6.0	0
   7.0	0
   8.0	0.5
   9.0	0
  10.0	0
  11.0	0
  12.0	0
  13.0	0
  14.0	1
  15.0	0
  16.0	0.333333
  17.0	2
  18.0	1
  19.0	1
  20.0	1.5
  21.0	1
  22.0	0
  23.0	1
  24.0	0
  25.0	0
  26.0	0
  27.0	3
  28.0	0
  29.0	0
  30.0	3
  31.0	1
  32.0	1
  33.0	6
  34.0	0
  35.0	0
  36.0	1
  37.0	1
  38.0	2
  39.0	1
  40.0	1
  41.0	3
  42.0	1
  43.0	1
  44.0	0.5
  45.0	1
  46.0	1
  47.0	1
  48.0	1
  49.0	1
  50.0	1
  51.0	1
  52.0	0
  53.0	0
  54.0	1
  55.0	2
  56.0	2
  57.0	1
  58.0	1
  59.0	2
  60.0	1
  61.0	0
  62.0	3.5
  63.0	1
  64.0	1
  65.0	1
  66.0	1
  67.0	1
  68.0	0
  69.0	2
  70.0	0
  71.0	0
  72.0	2
  73.0	2.5
  74.0	0
  75.0	0
  76.0	0
  77.0	1
  78.0	1
  79.0	1
  80.0	0
  81.0	0
  82.0	2
  83.0	0
  84.0	1
  85.0	0
  86.0	0
  87.0	0
  88.0	0
  89.0	0
  90.0	0
  91.0	0
  92.0	2
  93.0	0
  94.0	0
  95.0	0
  96.0	1
  97.0	0
  98.0	1
  99.0	1
 100.0	0
 101.0	1.5
 102.0	0
 103.0	0
 104.0	0
 105.0	2
 106.0	1
 107.0	0
 108.0	0
 109.0	0
 110.0	0
 111.0	0
 112.0	1
 113.0	0
 114.0	0
 115.0	0
 116.0	0
 117.0	0
 118.0	0
 119.0	0
 120.0	0
 121.0	0
 122.0	0
 123.0	0
 124.0	0
 125.0	0
 126.0	1
 127.0	2
 128.0	0
 129.0	0
 130.0	0
 131.0	1
 132.0	0
 133.0	1
 134.0	2
 135.0	1
 136.0	0
 137.0	2
 138.0	2
 139.0	0
 140.0	0
 141.0	1
 142.0	0
 143.0	0
 144.0	0
 145.0	3
 146.0	1
 147.0	1
 148.0	1
 149.0	0
 150.0	0
 151.0	0
 152.0	1
 153.0	0
 154.0	2
 155.0	1
 156.0	2
 157.0	0
 158.0	0
 159.0	1
 160.0	0
 161.0	0
 162.0	2
 163.0	2
 164.0	0
 165.0	0
 166.0	0
 167.0	0
 168.0	1
 169.0	0
 170.0	0
 171.0	0
 172.0	0
 173.0	0
 174.0	1
 175.0	2
 176.0	0
 177.0	1
 178.0	0
 179.0	1
 180.0	0
 181.0	0
 182.0	0
 183.0	0
 184.0	0
 185.0	1
 186.0	0
 187.0	2
 188.0	1
 189.0	0
 190.0	0
 191.0	0
 192.0	0
 193.0	0
 194.0	0
 195.0	0
 196.0	0
 197.0	2
 198.0	2
 199.0	1
 200.0	0
 201.0	0
 202.0	2
 203.0	1
 204.0	0
 205.0	0
 206.0	0
 207.0	0
 208.0	0
 209.0	0
 210.0	0
 211.0	2
 212.0	1
 213.0	0
 214.0	0
 215.0	0
 216.0	0
 217.0	1
 218.0	2
 219.0	0
 220.0	0
 221.0	0
 222.0	0
 223.0	0
 224.0	1
 225.0	0
 226.0	1
 227.0	0
 228.0	0
 229.0	1
 230.0	0
 231.0	3
 232.0	0
 233.0	0
 234.0	2
 235.0	2
 236.0	0
 237.0	0
 238.0	1
 239.0	0
 240.0	0
 241.0	0
 242.0	0
 243.0	1
 244.0	1
 245.0	1
 246.0	0
 247.0	0
 248.0	1
 249.0	0
 250.0	2
 251.0	1
 252.0	0
 253.0	2
 254.0	0
 255.0	0
 256.0	0
 257.0	0
 258.0	1
 259.0	3
 260.0	0
 261.0	1
 262.0	1
 263.0	0
 264.0	1
 265.0	0
 266.0	0
 267.0	1
 268.0	0
 269.0	0
 270.0	0
 271.0	1
 272.0	3
 273.0	0
 274.0	0
 275.0	0
 276.0	0
 277.0	0
 278.0	0
 279.0	0
 280.0	1
 281.0	0
DB 2 MOTIF	CTCF_HUMAN.H11MO.0.A
-278.5	4
-277.5	2
-276.5	1
-275.5	1
-274.5	1
-273.5	1
-272.5	3
-271.5	2
-270.5	7
-269.5	6
-268.5	1
-267.5	3
-266.5	3
-265.5	1
-264.5	1
-263.5	3
-262.5	3
-261.5	3
-260.5	2
-259.5	5
-258.5	3
-257.5	4
-256.5	4
-255.5	0
-254.5	2
-253.5	1
-252.5	1
-251.5	4
-250.5	3
-249.5	2
-248.5	2
-247.5	1
-246.5	2
-245.5	6
-244.5	3
-243.5	1
-242.5	1
-241.5	2
-240.5	1
-239.5	1
-238.5	2
-237.5	3
-236.5	5
-235.5	2
-234.5	2
-233.5	3
-232.5	3
-231.5	2
-230.5	3
-229.5	2
-228.5	5
-227.5	1
-226.5	3
-225.5	3
-224.5	2
-223.5	1
-222.5	2
-221.5	1
-220.5	3
-219.5	2
-218.5	3
-217.5	2
-216.5	2
-215.5	3.5
-214.5	1
-213.5	3
-212.5	0
-211.5	6
-210.5	3
-209.5	4
-208.5	3
-207.5	4
-206.5	3
-205.5	2
-204.5	1
-203.5	3
-202.5	2
-201.5	1
-200.5	0
-199.5	3
-198.5	5
-197.5	2
-196.5	5
-195.5	2
-194.5	2
-193.5	4
-192.5	1
-191.5	1
-190.5	3
-189.5	5
-188.5	2
-187.5	1.5
-186.5	2
-185.5	4
-184.5	2
-183.5	1
-182.5	2
-181.5	6
-180.5	3
-179.5	4
-178.5	5
-177.5	1
-176.5	0
-175.5	2
-174.5	3
-173.5	6
-172.5	2
-171.5	5
-170.5	2
-169.5	3
-168.5	5
-167.5	4
-166.5	3
-165.5	2
-164.5	2
-163.5	1
-162.5	2
-161.5	3
-160.5	0
-159.5	5
-158.5	0
-157.5	3
-156.5	1
-155.5	2
-154.5	2
-153.5	2
-152.5	2
-151.5	3
-150.5	1
-149.5	0
-148.5	4
-147.5	4
-146.5	4
-145.5	4
-144.5	1
-143.5	4
-142.5	0
-141.5	6
-140.5	4
-139.5	6
-138.5	3
-137.5	1
-136.5	0
-135.5	2
-134.5	1
-133.5	1
-132.5	3
-131.5	0
-130.5	6
-129.5	2
-128.5	2
-127.5	1
-126.5	3
-125.5	3
-124.5	1
-123.5	3
-122.5	4
-121.5	4
-120.5	2
-119.5	7
-118.5	1
-117.5	1
-116.5	2
-115.5	5
-114.5	2
-113.5	0
-112.5	4
-111.5	2
-110.5	4
-109.5	0
-108.5	2
-107.5	3
-106.5	3
-105.5	5
-104.5	2
-103.5	4
-102.5	5
-101.5	3
-100.5	0
 -99.5	0
 -98.5	4
 -97.5	2
 -96.5	1
 -95.5	4
 -94.5	4
 -93.5	6
 -92.5	2
 -91.5	6
 -90.5	3
 -89.5	6
 -88.5	5
 -87.5	1
 -86.5	3
 -85.5	1
 -84.5	3
 -83.5	2
 -82.5	5
 -81.5	1
 -80.5	3
 -79.5	2
 -78.5	4
 -77.5	3
 -76.5	3
 -75.5	3
 -74.5	3
 -73.5	1
 -72.5	3
 -71.5	6
 -70.5	5
 -69.5	1
 -68.5	6
 -67.5	1
 -66.5	3
 -65.5	1
 -64.5	2
 -63.5	3
 -62.5	4
 -61.5	5
 -60.5	7
 -59.5	2
 -58.5	2
 -57.5	1
 -56.5	4
 -55.5	3
 -54.5	7
 -53.5	3
 -52.5	5
 -51.5	5
 -50.5	3
 -49.5	6
 -48.5	2
 -47.5	4
 -46.5	2
 -45.5	2
 -44.5	5
 -43.5	6
 -42.5	0
 -41.5	3
 -40.5	5
 -39.5	5
 -38.5	4
 -37.5	5
 -36.5	4
 -35.5	4
 -34.5	4
 -33.5	5
 -32.5	3
 -31.5	3
 -30.5	5
 -29.5	3
 -28.5	3
 -27.5	9
 -26.5	3
 -25.5	3
 -24.5	2
 -23.5	1
 -22.5	7
 -21.5	1
 -20.5	4
 -19.5	4
 -18.5	5
 -17.5	3
 -16.5	3
 -15.5	1
 -14.5	5
 -13.5	1
 -12.5	3
 -11.5	3
 -10.5	0
  -9.5	5
  -8.5	2
  -7.5	5
  -6.5	5
  -5.5	6
  -4.5	3
  -3.5	3
  -2.5	3
  -1.5	1
  -0.5	5
   0.5	3.5
   1.5	3
   2.5	3
   3.5	4
   4.5	2
   5.5	3
   6.5	3
   7.5	2
   8.5	3
   9.5	1
  10.5	3
  11.5	6
  12.5	3.5
  13.5	6
  14.5	4
  15.5	5
  16.5	3
  17.5	5
  18.5	3
  19.5	3
  20.5	4
  21.5	3
  22.5	6
  23.5	0
  24.5	3
  25.5	3
  26.5	7
  27.5	1
  28.5	7
  29.5	7
  30.5	3
  31.5	0
  32.5	7
  33.5	1
  34.5	2
  35.5	6
  36.5	4
  37.5	4
  38.5	2
  39.5	1
  40.5	1
  41.5	4
  42.5	3
  43.5	2
  44.5	6
  45.5	1
  46.5	6
  47.5	6
  48.5	8
  49.5	3
  50.5	4
  51.5	3
  52.5	1
  53.5	1
  54.5	2
  55.5	2
  56.5	4
  57.5	3
  58.5	6
  59.5	4
  60.5	8
  61.5	4
  62.5	2
  63.5	2
  64.5	4
  65.5	2
  66.5	1
  67.5	3
  68.5	2
  69.5	4
  70.5	1
  71.5	1
  72.5	7
  73.5	0
  74.5	2
  75.5	2
  76.5	7
  77.5	1
  78.5	4
  79.5	4
  80.5	3
  81.5	1
  82.5	2
  83.5	3
  84.5	5
  85.5	0
  86.5	2
  87.5	3
  88.5	4
  89.5	1
  90.5	3
  91.5	2
  92.5	3
  93.5	3
  94.5	4
  95.5	1
  96.5	2
  97.5	3
  98.5	5
  99.5	2
 100.5	4
 101.5	1
 102.5	0
 103.5	3
 104.5	3
 105.5	2
 106.5	2
 107.5	1
 108.5	3
 109.5	4
 110.5	4
 111.5	4
 112.5	3
 113.5	0
 114.5	1
 115.5	3
 116.5	6
 117.5	5
 118.5	1
 119.5	2
 120.5	2
 121.5	1
 122.5	5
 123.5	3
 124.5	5
 125.5	3
 126.5	1
 127.5	5
 128.5	1
 129.5	1
 130.5	0
 131.5	2
 132.5	2
 133.5	1
 134.5	3
 135.5	2
 136.5	4
 137.5	3
 138.5	2
 139.5	1
 140.5	2
 141.5	4
 142.5	3
 143.5	2
 144.5	6
 145.5	2
 146.5	6
 147.5	5
 148.5	5
 149.5	3
 150.5	0
 151.5	3
 152.5	1
 153.5	6
 154.5	2
 155.5	1
 156.5	2
 157.5	6
 158.5	1
 159.5	5
 160.5	2
 161.5	2
 162.5	2
 163.5	2
 164.5	1
 165.5	2
 166.5	0
 167.5	0
 168.5	1
 169.5	2
 170.5	7
 171.5	6
 172.5	2
 173.5	5
 174.5	5.5
 175.5	1
 176.5	2
 177.5	2
 178.5	2
 179.5	4
 180.5	2
 181.5	1
 182.5	4
 183.5	0
 184.5	5
 185.5	1
 186.5	3
 187.5	5
 188.5	2
 189.5	2
 190.5	0
 191.5	5
 192.5	2
 193.5	3
 194.5	4
 195.5	5
 196.5	2
 197.5	4
 198.5	3
 199.5	2
 200.5	0
 201.5	6
 202.5	3
 203.5	3
 204.5	3
 205.5	2
 206.5	2
 207.5	4
 208.5	1
 209.5	2
 210.5	3
 211.5	2
 212.5	1
 213.5	3
 214.5	2
 215.5	2
 216.5	4
 217.5	2
 218.5	3
 219.5	1
 220.5	3
 221.5	1
 222.5	1
 223.5	3
 224.5	2
 225.5	0
 226.5	2
 227.5	2
 228.5	5.5
 229.5	4
 230.5	2
 231.5	2
 232.5	4
 233.5	2
 234.5	2
 235.5	3
 236.5	3
 237.5	3
 238.5	1
 239.5	2
 240.5	3
 241.5	2
 242.5	2
 243.5	6
 244.5	1
 245.5	6
 246.5	0
 247.5	3
 248.5	2
 249.5	1
 250.5	4
 251.5	4
 252.5	3
 253.5	6
 254.5	3
 255.5	1
 256.5	2
 257.5	4
 258.5	2
 259.5	4
 260.5	1
 261.5	1
 262.5	2
 263.5	1
 264.5	1
 265.5	4
 266.5	3
 267.5	2
 268.5	1
 269.5	1
 270.5	4
 271.5	1
 272.5	4
 273.5	2
 274.5	1
 275.5	3
 276.5	4
 277.5	1
 278.5	4
DB 2 MOTIF	MITF_HUMAN.H11MO.0.A
-283.0	5
-282.0	4
-281.0	4
-280.0	3
-279.0	2
-278.0	1
-277.0	4
-276.0	4
-275.0	4
-274.0	0
-273.0	2
-272.0	3
-271.0	2
-270.0	3
-269.0	0
-268.0	3
-267.0	5
-266.0	2
-265.0	2.5
-264.0	3
-263.0	2
-262.0	0
-261.0	2.5
-260.0	5
-259.0	1
-258.0	2
-257.0	1
-256.0	1
-255.0	1
-254.0	1
-253.0	1.5
-252.0	5.5
-251.0	4.5
-250.0	0.5
-249.0	1
-248.0	2
-247.0	0
-246.0	0
-245.0	2
-244.0	3
-243.0	2
-242.0	1
-241.0	3
-240.0	4.5
-239.0	4
-238.0	2
-237.0	3
-236.0	2
-235.0	6
-234.0	4
-233.0	3
-232.0	5
-231.0	0
-230.0	5
-229.0	4
-228.0	5
-227.0	2
-226.0	5
-225.0	3
-224.0	0
-223.0	2
-222.0	1
-221.0	4
-220.0	2
-219.0	2
-218.0	1
-217.0	4
-216.0	2
-215.0	4
-214.0	0
-213.0	3
-212.0	2
-211.0	4
-210.0	3.5
-209.0	5
-208.0	0
-207.0	3
-206.0	2
-205.0	3
-204.0	2
-203.0	3
-202.0	5
-201.0	6
-200.0	2
-199.0	3
-198.0	2
-197.0	2.5
-196.0	6
-195.0	0.5
-194.0	4
-193.0	3
-192.0	4
-191.0	1
-190.0	5.5
-189.0	4
-188.0	3.5
-187.0	3
-186.0	2.5
-185.0	4
-184.0	1
-183.0	3
-182.0	3
-181.0	2
-180.0	3
-179.0	2
-178.0	5
-177.0	4
-176.0	4
-175.0	1
-174.0	3
-173.0	1
-172.0	2
-171.0	3
-170.0	0
-169.0	4
-168.0	4
-167.0	2
-166.0	7
-165.0	3
-164.0	1
-163.0	6
-162.0	1
-161.0	1
-160.0	3
-159.0	5
-158.0	2
-157.0	1
-156.0	1
-155.0	2
-154.0	3
-153.0	2
-152.0	2
-151.0	1
-150.0	2
-149.0	3
-148.0	3
-147.0	3
-146.0	2
-145.0	4
-144.0	2
-143.0	0
-142.0	0
-141.0	4
-140.0	3
-139.0	1
-138.0	0
-137.0	3
-136.0	2
-135.0	2
-134.0	0
-133.0	4
-132.0	1
-131.0	5
-130.0	6
-129.0	3.5
-128.0	2
-127.0	4.5
-126.0	3
-125.0	1
-124.0	4
-123.0	3
-122.0	1
-121.0	2
-120.0	2
-119.0	6
-118.0	3
-117.0	3
-116.0	2
-115.0	1
-114.0	3
-113.0	5
-112.0	2
-111.0	3
-110.0	4
-109.0	2
-108.0	2
-107.0	4
-106.0	1
-105.0	3
-104.0	3.5
-103.0	4
-102.0	2.5
-101.0	4
-100.0	2
 -99.0	6
 -98.0	2
 -97.0	1
 -96.0	5
 -95.0	0
 -94.0	3
 -93.0	4
 -92.0	3
 -91.0	5.33333
 -90.0	3
 -89.0	1
 -88.0	2
 -87.0	4
 -86.0	1.5
 -85.0	5
 -84.0	1.5
 -83.0	4
 -82.0	2
 -81.0	1
 -80.0	2
 -79.0	4
 -78.0	4
 -77.0	4
 -76.0	5
 -75.0	1.33333
 -74.0	5
 -73.0	0
 -72.0	4
 -71.0	6
 -70.0	4
 -69.0	3
 -68.0	4
 -67.0	2
 -66.0	8
 -65.0	7
 -64.0	5
 -63.0	4
 -62.0	5
 -61.0	2
 -60.0	5
 -59.0	3.33333
 -58.0	4
 -57.0	2
 -56.0	4
 -55.0	7
 -54.0	1
 -53.0	6
 -52.0	1
 -51.0	6
 -50.0	1
 -49.0	3
 -48.0	2
 -47.0	4.5
 -46.0	7
 -45.0	1.5
 -44.0	1
 -43.0	4
 -42.0	3
 -41.0	0
 -40.0	3
 -39.0	4
 -38.0	1
 -37.0	3
 -36.0	3
 -35.0	5
 -34.0	4
 -33.0	2
 -32.0	6
 -31.0	5
 -30.0	2
 -29.0	5
 -28.0	1
 -27.0	4
 -26.0	3.5
 -25.0	4
 -24.0	5
 -23.0	4
 -22.0	1
 -21.0	2
 -20.0	2
 -19.0	1
 -18.0	1
 -17.0	2
 -16.0	3
 -15.0	3
 -14.0	3
 -13.0	3
 -12.0	3
 -11.0	1.5
 -10.0	2
  -9.0	6
  -8.0	3
  -7.0	5
  -6.0	2
  -5.0	1
  -4.0	7
  -3.0	6
  -2.0	3
  -1.0	3
   0.0	3
   1.0	1
   2.0	4
   3.0	1
   4.0	4
   5.0	4.33333
   6.0	5
   7.0	3
   8.0	5
   9.0	4
  10.0	0
  11.0	4
  12.0	1
  13.0	4
  14.0	3
  15.0	3.5
  16.0	4
  17.0	1.83333
  18.0	2
  19.0	4
  20.0	8
  21.0	2.5
  22.0	2
  23.0	5
  24.0	6
  25.0	4
  26.0	2
  27.0	3
  28.0	4
  29.0	5
  30.0	4
  31.0	1
  32.0	4
  33.0	2.5
  34.0	6
  35.0	8
  36.0	7
  37.0	2
  38.0	0
  39.0	4
  40.0	1
  41.0	5
  42.0	1
  43.0	1.33333
  44.0	2
  45.0	2
  46.0	3
  47.0	4
  48.0	4
  49.0	3
  50.0	2
  51.0	3
  52.0	1
  53.0	2
  54.0	4
  55.0	1
  56.0	2
  57.0	3
  58.0	2
  59.0	6
  60.0	3.5
  61.0	3
  62.0	0.5
  63.0	5
  64.0	3
  65.0	3
  66.0	6
  67.0	4
  68.0	2
  69.0	1
  70.0	0
  71.0	4
  72.0	2
  73.0	2
  74.0	1
  75.0	2
  76.0	3
  77.0	1
  78.0	1
  79.0	3
  80.0	3
  81.0	0
  82.0	3
  83.0	3
  84.0	5
  85.0	3
  86.0	1
  87.0	2
  88.0	3.33333
  89.0	6
  90.0	4
  91.0	4
  92.0	4
  93.0	1
  94.0	4
  95.0	3
  96.0	5
  97.0	3
  98.0	3
  99.0	3
 100.0	5
 101.0	6
 102.0	3
 103.0	1
 104.0	0
 105.0	1
 106.0	1
 107.0	0
 108.0	2
 109.0	3
 110.0	2
 111.0	2
 112.0	2
 113.0	4
 114.0	3
 115.0	2
 116.0	7
 117.0	3
 118.0	1
 119.0	1
 120.0	2
 121.0	7
 122.0	1
 123.0	4
 124.0	2
 125.0	1
 126.0	4
 127.0	1
 128.0	2
 129.0	6
 130.0	1
 131.0	4
 132.0	0
 133.0	5
 134.0	2
 135.0	2.5
 136.0	4
 137.0	1.5
 138.0	4.33333
 139.0	2
 140.0	6.33333
 141.0	4
 142.0	3
 143.0	1
 144.0	7
 145.0	1
 146.0	2
 147.0	4
 148.0	3
 149.0	3
 150.0	3
 151.0	4
 152.0	3
 153.0	2
 154.0	2
 155.0	1
 156.0	1.5
 157.0	2
 158.0	4
 159.0	5
 160.0	2
 161.0	2
 162.0	2
 163.0	4
 164.0	1
 165.0	5
 166.0	3
 167.0	4
 168.0	2
 169.0	1
 170.0	4
 171.0	2
 172.0	2
 173.0	1.5
 174.0	3
 175.0	2.5
 176.0	1
 177.0	2
 178.0	6
 179.0	2
 180.0	1
 181.0	2
 182.0	4
 183.0	3
 184.0	4
 185.0	2
 186.0	1
 187.0	6
 188.0	3
 189.0	0
 190.0	2
 191.0	4
 192.0	0
 193.0	3
 194.0	4
 195.0	1
 196.0	2
 197.0	1
 198.0	0
 199.0	6
 200.0	5
 201.0	1
 202.0	1
 203.0	6.33333
 204.0	1
 205.0	0
 206.0	0
 207.0	3
 208.0	0
 209.0	2
 210.0	3
 211.0	2
 212.0	3
 213.0	4
 214.0	2
 215.0	0
 216.0	4
 217.0	3
 218.0	4
 219.0	2.33333
 220.0	2
 221.0	3.5
 222.0	4
 223.0	1.5
 224.0	0
 225.0	2.5
 226.0	2
 227.0	1.5
 228.0	1
 229.0	1
 230.0	2
 231.0	1
 232.0	4
 233.0	0
 234.0	4
 235.0	2.33333
 236.0	2
 237.0	3
 238.0	1
 239.0	2
 240.0	2
 241.0	5
 242.0	3
 243.0	2
 244.0	2
 245.0	0
 246.0	0
 247.0	1
 248.0	4
 249.0	2
 250.0	4
 251.0	8
 252.0	4
 253.0	2
 254.0	3
 255.0	3
 256.0	3
 257.0	1
 258.0	1
 259.0	3
 260.0	4
 261.0	2
 262.0	4
 263.0	3
 264.0	2
 265.0	1
 266.0	4
 267.0	3
 268.0	3
 269.0	5
 270.0	3
 271.0	1
 272.0	2
 273.0	0
 274.0	1.5
 275.0	2
 276.0	4.5
 277.0	1
 278.0	2
 279.0	2
 280.0	3
 281.0	1
 282.0	4
 283.0	3
DB 2 MOTIF	MLX_HUMAN.H11MO.0.D
-282.5	2
-281.5	2
-280.5	2
-279.5	3
-278.5	1
-277.5	0
-276.5	0
-275.5	1
-274.5	1
-273.5	1
-272.5	1
-271.5	0
-270.5	0
-269.5	2
-268.5	1
-267.5	1
-266.5	0
-265.5	0
-264.5	1
-263.5	1
-262.5	0
-261.5	1
-260.5	0
-259.5	0
-258.5	2
-257.5	0
-256.5	1
-255.5	0
-254.5	1
-253.5	0
-252.5	0
-251.5	2
-250.5	0
-249.5	1
-248.5	0
-247.5	1
-246.5	0
-245.5	1
-244.5	0
-243.5	1
-242.5	0
-241.5	0
-240.5	1
-239.5	0
-238.5	2
-237.5	0
-236.5	2
-235.5	1
-234.5	1
-233.5	0
-232.5	1
-231.5	0
-230.5	0
-229.5	0
-228.5	3
-227.5	2
-226.5	0
-225.5	2
-224.5	1
-223.5	1
-222.5	0
-221.5	1
-220.5	1
-219.5	0
-218.5	1
-217.5	0
-216.5	3
-215.5	0
-214.5	3
-213.5	1
-212.5	0
-211.5	1
-210.5	0
-209.5	1
-208.5	0
-207.5	1
-206.5	1
-205.5	1
-204.5	0
-203.5	2
-202.5	0
-201.5	1
-200.5	3
-199.5	3
-198.5	0
-197.5	1.5
-196.5	1
-195.5	1
-194.5	0.5
-193.5	0
-192.5	0
-191.5	1
-190.5	3
-189.5	3
-188.5	0
-187.5	1
-186.5	0
-185.5	2
-184.5	0
-183.5	1
-182.5	3
-181.5	3
-180.5	1
-179.5	1
-178.5	1
-177.5	1
-176.5	0
-175.5	1
-174.5	0
-173.5	0
-172.5	1
-171.5	0
-170.5	0
-169.5	0
-168.5	4
-167.5	0
-166.5	0
-165.5	1
-164.5	1
-163.5	1
-162.5	1
-161.5	1
-160.5	1
-159.5	1
-158.5	1
-157.5	1
-156.5	0
-155.5	0
-154.5	0
-153.5	0
-152.5	1
-151.5	1
-150.5	0
-149.5	1
-148.5	1
-147.5	0
-146.5	1
-145.5	2
-144.5	1
-143.5	0
-142.5	0
-141.5	1
-140.5	1
-139.5	0
-138.5	1
-137.5	4
-136.5	0
-135.5	1.5
-134.5	0
-133.5	0
-132.5	1.5
-131.5	2
-130.5	1
-129.5	1.5
-128.5	1
-127.5	0
-126.5	1.5
-125.5	1
-124.5	0
-123.5	2
-122.5	0
-121.5	1
-120.5	0
-119.5	0
-118.5	2
-117.5	1
-116.5	1
-115.5	1
-114.5	2
-113.5	1
-112.5	1
-111.5	1
-110.5	1
-109.5	1
-108.5	1
-107.5	0
-106.5	1.5
-105.5	0
-104.5	1.5
-103.5	1
-102.5	1
-101.5	1.5
-100.5	1
 -99.5	0
 -98.5	2
 -97.5	1
 -96.5	2
 -95.5	0
 -94.5	2
 -93.5	0
 -92.5	0
 -91.5	1
 -90.5	1
 -89.5	2
 -88.5	0
 -87.5	2
 -86.5	1
 -85.5	1
 -84.5	1
 -83.5	2
 -82.5	0
 -81.5	2
 -80.5	1
 -79.5	2
 -78.5	1
 -77.5	2
 -76.5	3
 -75.5	1
 -74.5	3
 -73.5	2
 -72.5	1
 -71.5	1
 -70.5	0
 -69.5	0
 -68.5	2
 -67.5	1
 -66.5	1
 -65.5	2
 -64.5	2
 -63.5	0
 -62.5	1
 -61.5	1
 -60.5	2
 -59.5	0
 -58.5	0
 -57.5	2
 -56.5	1
 -55.5	3
 -54.5	1
 -53.5	0
 -52.5	1
 -51.5	1
 -50.5	1
 -49.5	2
 -48.5	1.5
 -47.5	3
 -46.5	2
 -45.5	0.5
 -44.5	1
 -43.5	1
 -42.5	2
 -41.5	0
 -40.5	1
 -39.5	1
 -38.5	1
 -37.5	2
 -36.5	0
 -35.5	3
 -34.5	0
 -33.5	1
 -32.5	1
 -31.5	0
 -30.5	2
 -29.5	1
 -28.5	3
 -27.5	1
 -26.5	1
 -25.5	0.5
 -24.5	2
 -23.5	1
 -22.5	4.5
 -21.5	1
 -20.5	0
 -19.5	0
 -18.5	0
 -17.5	1
 -16.5	0
 -15.5	0
 -14.5	1
 -13.5	2
 -12.5	0
 -11.5	0
 -10.5	2
  -9.5	4
  -8.5	2
  -7.5	2
  -6.5	2
  -5.5	0
  -4.5	2
  -3.5	2
  -2.5	1
  -1.5	0
  -0.5	2
   0.5	0
   1.5	1
   2.5	2
   3.5	0
   4.5	3
   5.5	3
   6.5	0
   7.5	2
   8.5	4
   9.5	3
  10.5	1
  11.5	1
  12.5	1
  13.5	2
  14.5	2
  15.5	1
  16.5	3
  17.5	2
  18.5	0
  19.5	2
  20.5	3
  21.5	1
  22.5	0
  23.5	0
  24.5	2
  25.5	1
  26.5	2
  27.5	1
  28.5	2
  29.5	2
  30.5	2
  31.5	2
  32.5	0
  33.5	1
  34.5	3
  35.5	0
  36.5	1
  37.5	0
  38.5	0
  39.5	2
  40.5	1
  41.5	1
  42.5	1
  43.5	1
  44.5	0
  45.5	1
  46.5	1
  47.5	1
  48.5	1
  49.5	0
  50.5	0
  51.5	0
  52.5	1
  53.5	0
  54.5	0
  55.5	0
  56.5	0
  57.5	2
  58.5	1
  59.5	1
  60.5	1
  61.5	2
  62.5	1
  63.5	1
  64.5	0
  65.5	0.5
  66.5	2
  67.5	0
  68.5	0.5
  69.5	1
  70.5	0
  71.5	0.5
  72.5	1
  73.5	0
  74.5	0
  75.5	2
  76.5	1
  77.5	1
  78.5	1
  79.5	1
  80.5	0
  81.5	0
  82.5	1
  83.5	0
  84.5	1
  85.5	2
  86.5	1
  87.5	0
  88.5	0
  89.5	1
  90.5	3
  91.5	3
  92.5	1
  93.5	2
  94.5	3
  95.5	1
  96.5	1
  97.5	1
  98.5	1
  99.5	1
 100.5	2
 101.5	1
 102.5	0
 103.5	1
 104.5	1
 105.5	1
 106.5	1
 107.5	0
 108.5	1
 109.5	1
 110.5	0
 111.5	0
 112.5	0
 113.5	3
 114.5	1
 115.5	1
 116.5	3
 117.5	0
 118.5	1
 119.5	0
 120.5	0
 121.5	3
 122.5	3
 123.5	1
 124.5	0
 125.5	1
 126.5	0
 127.5	0
 128.5	2
 129.5	0
 130.5	1
 131.5	1
 132.5	0
 133.5	0
 134.5	0
 135.5	1
 136.5	0
 137.5	4
 138.5	2
 139.5	2
 140.5	0
 141.5	2
 142.5	1
 143.5	2
 144.5	2
 145.5	0
 146.5	3
 147.5	0
 148.5	0
 149.5	1
 150.5	0
 151.5	1
 152.5	0
 153.5	0
 154.5	1
 155.5	1
 156.5	1
 157.5	2
 158.5	1
 159.5	0
 160.5	1
 161.5	0
 162.5	1
 163.5	0
 164.5	3
 165.5	0
 166.5	2
 167.5	0
 168.5	0
 169.5	1
 170.5	0
 171.5	0
 172.5	0
 173.5	1
 174.5	1.5
 175.5	2
 176.5	0
 177.5	1.5
 178.5	1
 179.5	1
 180.5	1
 181.5	0
 182.5	0
 183.5	0
 184.5	1
 185.5	1
 186.5	0
 187.5	1
 188.5	0
 189.5	0
 190.5	3
 191.5	0
 192.5	0
 193.5	2
 194.5	0
 195.5	0
 196.5	0
 197.5	0
 198.5	3
 199.5	0
 200.5	1
 201.5	0
 202.5	1
 203.5	0
 204.5	0
 205.5	0
 206.5	0
 207.5	1
 208.5	0
 209.5	3
 210.5	0
 211.5	0
 212.5	0
 213.5	0
 214.5	1
 215.5	1
 216.5	2
 217.5	1
 218.5	1
 219.5	0
 220.5	1
 221.5	2
 222.5	1
 223.5	0
 224.5	0.5
 225.5	1
 226.5	0
 227.5	0.5
 228.5	0
 229.5	2
 230.5	0
 231.5	5
 232.5	1
 233.5	0
 234.5	0
 235.5	0
 236.5	2
 237.5	0
 238.5	1
 239.5	1
 240.5	1
 241.5	0
 242.5	0
 243.5	0
 244.5	0
 245.5	0
 246.5	2
 247.5	2
 248.5	0
 249.5	0
 250.5	0
 251.5	1
 252.5	1
 253.5	0
 254.5	0
 255.5	1
 256.5	0
 257.5	0
 258.5	0
 259.5	0
 260.5	1
 261.5	1
 262.5	1
 263.5	1
 264.5	2
 265.5	1
 266.5	1
 267.5	3
 268.5	0
 269.5	0
 270.5	0
 271.5	1
 272.5	0
 273.5	1
 274.5	0
 275.5	0
 276.5	3
 277.5	0
 278.5	0
 279.5	0
 280.5	1
 281.5	1
 282.5	0
DB 2 MOTIF	MXI1_HUMAN.H11MO.0.A
-280.5	3
-279.5	8
-278.5	2
-277.5	5
-276.5	5
-275.5	7
-274.5	4
-273.5	2.33333
-272.5	8
-271.5	6
-270.5	3
-269.5	1
-268.5	4
-267.5	2
-266.5	3
-265.5	4
-264.5	6
-263.5	3
-262.5	5
-261.5	5
-260.5	4
-259.5	3
-258.5	2
-257.5	5
-256.5	6
-255.5	9
-254.5	4
-253.5	5
-252.5	2
-251.5	4
-250.5	2
-249.5	3
-248.5	2
-247.5	7
-246.5	5
-245.5	4
-244.5	4
-243.5	6
-242.5	4
-241.5	7
-240.5	6
-239.5	4
-238.5	6
-237.5	7
-236.5	7
-235.5	2
-234.5	5
-233.5	5
-232.5	3
-231.5	2
-230.5	2
-229.5	9
-228.5	2
-227.5	6
-226.5	3.5
-225.5	4
-224.5	6
-223.5	3
-222.5	5
-221.5	4
-220.5	7
-219.5	4.5
-218.5	3
-217.5	5
-216.5	4
-215.5	4
-214.5	8
-213.5	4
-212.5	9
-211.5	5.5
-210.5	6
-209.5	4
-208.5	7
-207.5	0
-206.5	7
-205.5	5
-204.5	4.5
-203.5	4
-202.5	11
-201.5	2
-200.5	6
-199.5	5
-198.5	6
-197.5	4
-196.5	4
-195.5	3
-194.5	7
-193.5	5
-192.5	3
-191.5	3
-190.5	3
-189.5	2
-188.5	4
-187.5	6
-186.5	11
-185.5	6
-184.5	3
-183.5	5
-182.5	2
-181.5	2
-180.5	2
-179.5	4
-178.5	5
-177.5	6
-176.5	6
-175.5	4
-174.5	7
-173.5	6
-172.5	3
-171.5	4
-170.5	7
-169.5	5
-168.5	4
-167.5	4
-166.5	6
-165.5	4
-164.5	4
-163.5	6
-162.5	5
-161.5	4
-160.5	5
-159.5	3
-158.5	3
-157.5	4
-156.5	5
-155.5	0
-154.5	3
-153.5	4
-152.5	3
-151.5	6
-150.5	9
-149.5	0
-148.5	3
-147.5	2
-146.5	8
-145.5	7
-144.5	9.33333
-143.5	4
-142.5	8
-141.5	4
-140.5	2
-139.5	4
-138.5	8
-137.5	2
-136.5	3
-135.5	3
-134.5	6
-133.5	6
-132.5	2
-131.5	4
-130.5	5
-129.5	4
-128.5	6
-127.5	4
-126.5	8
-125.5	4
-124.5	7
-123.5	6
-122.5	3
-121.5	7
-120.5	3
-119.5	2
-118.5	3
-117.5	4
-116.5	5
-115.5	1
-114.5	7
-113.5	8
-112.5	3
-111.5	3
-110.5	2
-109.5	5
-108.5	3
-107.5	8
-106.5	6
-105.5	3.5
-104.5	2
-103.5	3
-102.5	4
-101.5	2
-100.5	5
 -99.5	4
 -98.5	3
 -97.5	3
 -96.5	8
 -95.5	4
 -94.5	4
 -93.5	2
 -92.5	6
 -91.5	7
 -90.5	2
 -89.5	4
 -88.5	5
 -87.5	4
 -86.5	7
 -85.5	7
 -84.5	11
 -83.5	7
 -82.5	2
 -81.5	1
 -80.5	4
 -79.5	6.33333
 -78.5	8
 -77.5	2
 -76.5	4
 -75.5	2
 -74.5	4
 -73.5	8
 -72.5	11
 -71.5	6
 -70.5	5
 -69.5	3
 -68.5	5
 -67.5	4
 -66.5	7
 -65.5	6.5
 -64.5	3
 -63.5	9
 -62.5	7
 -61.5	4
 -60.5	8
 -59.5	9
 -58.5	5
 -57.5	5
 -56.5	4
 -55.5	10
 -54.5	8
 -53.5	4
 -52.5	6
 -51.5	3
 -50.5	2
 -49.5	6
 -48.5	3.5
 -47.5	7
 -46.5	3
 -45.5	5
 -44.5	9
 -43.5	7
 -42.5	9
 -41.5	8
 -40.5	3
 -39.5	5
 -38.5	4
 -37.5	7
 -36.5	2
 -35.5	9
 -34.5	3.5
 -33.5	7
 -32.5	2
 -31.5	5
 -30.5	5
 -29.5	8
 -28.5	9
 -27.5	9
 -26.5	5
 -25.5	3
 -24.5	7
 -23.5	3
 -22.5	5.5
 -21.5	2
 -20.5	3
 -19.5	6
 -18.5	1
 -17.5	8
 -16.5	3
 -15.5	6
 -14.5	6
 -13.5	6
 -12.5	5.5
 -11.5	5
 -10.5	4
  -9.5	4
  -8.5	6
  -7.5	10
  -6.5	3
  -5.5	6
  -4.5	5
  -3.5	2
  -2.5	5
  -1.5	5
  -0.5	2
   0.5	4
   1.5	6
   2.5	8.5
   3.5	4
   4.5	5
   5.5	5
   6.5	3
   7.5	4
   8.5	5
   9.5	7
  10.5	3
  11.5	3
  12.5	6
  13.5	5
  14.5	3
  15.5	7
  16.5	4
  17.5	6
  18.5	6
  19.5	5
  20.5	6
  21.5	8
  22.5	4
  23.5	6
  24.5	1
  25.5	6
  26.5	5
  27.5	8
  28.5	1
  29.5	6
  30.5	6
  31.5	7
  32.5	10
  33.5	5
  34.5	5
  35.5	9
  36.5	5
  37.5	4.5
  38.5	5
  39.5	4
  40.5	3
  41.5	3
  42.5	8
  43.5	6
  44.5	4
  45.5	6
  46.5	6
  47.5	3
  48.5	5
  49.5	8
  50.5	2
  51.5	4
  52.5	8
  53.5	4
  54.5	7
  55.5	6
  56.5	9
  57.5	5
  58.5	5
  59.5	4
  60.5	2
  61.5	4
  62.5	7.5
  63.5	7
  64.5	6
  65.5	3
  66.5	2
  67.5	1
  68.5	2
  69.5	11
  70.5	4
  71.5	4
  72.5	2
  73.5	2
  74.5	4
  75.5	4
  76.5	6
  77.5	3
  78.5	1
  79.5	5
  80.5	4
  81.5	4
  82.5	3
  83.5	2
  84.5	5
  85.5	6.5
  86.5	8
  87.5	4
  88.5	8.5
  89.5	8
  90.5	3
  91.5	6
  92.5	4
  93.5	8
  94.5	4
  95.5	6.5
  96.5	7
  97.5	8
  98.5	6
  99.5	3
 100.5	6
 101.5	3
 102.5	7
 103.5	5
 104.5	5
 105.5	6.5
 106.5	3
 107.5	3
 108.5	5.5
 109.5	2
 110.5	9
 111.5	5
 112.5	5
 113.5	4
 114.5	2
 115.5	6
 116.5	4.5
 117.5	5
 118.5	3
 119.5	7
 120.5	1
 121.5	6
 122.5	4
 123.5	4.5
 124.5	5
 125.5	3
 126.5	4
 127.5	4
 128.5	9
 129.5	9
 130.5	9
 131.5	1
 132.5	6
 133.5	5
 134.5	1
 135.5	7
 136.5	4
 137.5	5
 138.5	4
 139.5	5
 140.5	2
 141.5	4
 142.5	6
 143.5	7
 144.5	4
 145.5	3
 146.5	4
 147.5	2
 148.5	5
 149.5	1
 150.5	1
 151.5	3
 152.5	4
 153.5	4
 154.5	3
 155.5	7
 156.5	5
 157.5	5
 158.5	3
 159.5	6
 160.5	6
 161.5	3
 162.5	2
 163.5	2
 164.5	5
 165.5	5
 166.5	6
 167.5	4
 168.5	4
 169.5	5
 170.5	7
 171.5	2
 172.5	3
 173.5	9
 174.5	7
 175.5	2
 176.5	5
 177.5	3
 178.5	7
 179.5	4
 180.5	1
 181.5	4
 182.5	4
 183.5	1
 184.5	2
 185.5	4
 186.5	1
 187.5	5.5
 188.5	3
 189.5	2
 190.5	4.5
 191.5	5
 192.5	4
 193.5	4
 194.5	4
 195.5	8
 196.5	2
 197.5	9
 198.5	5
 199.5	3.5
 200.5	4
 201.5	6
 202.5	6
 203.5	9
 204.5	3
 205.5	4
 206.5	2
 207.5	5
 208.5	1
 209.5	2
 210.5	4
 211.5	3
 212.5	5
 213.5	5
 214.5	5
 215.5	6
 216.5	3
 217.5	4
 218.5	2
 219.5	0
 220.5	3
 221.5	2
 222.5	5
 223.5	2
 224.5	6
 225.5	3
 226.5	8
 227.5	3
 228.5	3
 229.5	3
 230.5	4
 231.5	5
 232.5	3
 233.5	3
 234.5	5
 235.5	6
 236.5	7
 237.5	3
 238.5	5
 239.5	7
 240.5	5
 241.5	5
 242.5	0
 243.5	4
 244.5	4
 245.5	4
 246.5	6
 247.5	2
 248.5	3
 249.5	1
 250.5	5
 251.5	4
 252.5	6
 253.5	5
 254.5	8
 255.5	5
 256.5	8
 257.5	1
 258.5	4
 259.5	5
 260.5	11
 261.5	4
 262.5	1
 263.5	5
 264.5	5
 265.5	3.5
 266.5	4
 267.5	6
 268.5	4
 269.5	5
 270.5	2
 271.5	4
 272.5	6
 273.5	2
 274.5	2
 275.5	4
 276.5	5
 277.5	3
 278.5	2
 279.5	6
 280.5	4
DB 2 MOTIF	MYC_HUMAN.H11MO.0.A
-282.5	7
-281.5	6
-280.5	3
-279.5	4.5
-278.5	5.5
-277.5	4
-276.5	1
-275.5	4
-274.5	3
-273.5	2
-272.5	2
-271.5	1
-270.5	6
-269.5	5
-268.5	4
-267.5	0
-266.5	4
-265.5	6
-264.5	1.5
-263.5	5
-262.5	3
-261.5	1.5
-260.5	3
-259.5	7
-258.5	5
-257.5	2
-256.5	5
-255.5	5
-254.5	3
-253.5	6
-252.5	2
-251.5	6.5
-250.5	5.5
-249.5	4
-248.5	0
-247.5	3
-246.5	3
-245.5	5
-244.5	5
-243.5	1
-242.5	2
-241.5	7
-240.5	3
-239.5	5
-238.5	3
-237.5	5
-236.5	3
-235.5	3
-234.5	3
-233.5	5
-232.5	5
-231.5	2
-230.5	5
-229.5	2
-228.5	2
-227.5	1
-226.5	5
-225.5	3
-224.5	4
-223.5	4
-222.5	3
-221.5	7
-220.5	5
-219.5	3
-218.5	0
-217.5	4
-216.5	8.5
-215.5	7
-214.5	2
-213.5	4
-212.5	7
-211.5	1
-210.5	2
-209.5	5
-208.5	7
-207.5	5
-206.5	5
-205.5	4
-204.5	2
-203.5	6
-202.5	7
-201.5	5
-200.5	3
-199.5	4
-198.5	4.5
-197.5	8
-196.5	7
-195.5	4
-194.5	1
-193.5	3
-192.5	4
-191.5	2.5
-190.5	3.5
-189.5	5
-188.5	3
-187.5	4
-186.5	5
-185.5	2
-184.5	4
-183.5	3
-182.5	3
-181.5	7
-180.5	4
-179.5	4
-178.5	5
-177.5	3
-176.5	2
-175.5	4
-174.5	2
-173.5	7
-172.5	2
-171.5	6
-170.5	5
-169.5	3
-168.5	2
-167.5	6
-166.5	7
-165.5	7
-164.5	2
-163.5	3
-162.5	7
-161.5	3
-160.5	3
-159.5	0
-158.5	2
-157.5	3
-156.5	0.5
-155.5	4.5
-154.5	5
-153.5	5
-152.5	0
-151.5	1
-150.5	4
-149.5	8
-148.5	6
-147.5	3
-146.5	9
-145.5	4
-144.5	1
-143.5	5
-142.5	3
-141.5	4
-140.5	5
-139.5	6
-138.5	6
-137.5	3
-136.5	1
-135.5	5
-134.5	2.5
-133.5	1.5
-132.5	4
-131.5	4
-130.5	8
-129.5	4
-128.5	4.5
-127.5	7.5
-126.5	5
-125.5	7
-124.5	2
-123.5	4
-122.5	5
-121.5	5
-120.5	6
-119.5	9
-118.5	4
-117.5	3
-116.5	6.5
-115.5	3
-114.5	2
-113.5	5
-112.5	6
-111.5	4
-110.5	2
-109.5	8
-108.5	1
-107.5	2.5
-106.5	1
-105.5	3
-104.5	2
-103.5	2
-102.5	5
-101.5	5
-100.5	3
 -99.5	6
 -98.5	3
 -97.5	1
 -96.5	2
 -95.5	4
 -94.5	2
 -93.5	5
 -92.5	6
 -91.5	5
 -90.5	4
 -89.5	2
 -88.5	5
 -87.5	4
 -86.5	1
 -85.5	4
 -84.5	3
 -83.5	5
 -82.5	5
 -81.5	7
 -80.5	9
 -79.5	2
 -78.5	2
 -77.5	6
 -76.5	4
 -75.5	8
 -74.5	5
 -73.5	7
 -72.5	3
 -71.5	5
 -70.5	5
 -69.5	4
 -68.5	5
 -67.5	2
 -66.5	4
 -65.5	4
 -64.5	4
 -63.5	8
 -62.5	6
 -61.5	4
 -60.5	4
 -59.5	7
 -58.5	2
 -57.5	5
 -56.5	4
 -55.5	6
 -54.5	3
 -53.5	4
 -52.5	1
 -51.5	9
 -50.5	4
 -49.5	5
 -48.5	5
 -47.5	6
 -46.5	9
 -45.5	5
 -44.5	4
 -43.5	5
 -42.5	1
 -41.5	5
 -40.5	10
 -39.5	3
 -38.5	3
 -37.5	3
 -36.5	3
 -35.5	4
 -34.5	3
 -33.5	6
 -32.5	2
 -31.5	9
 -30.5	2
 -29.5	6
 -28.5	2
 -27.5	3
 -26.5	3
 -25.5	3
 -24.5	5
 -23.5	5
 -22.5	3
 -21.5	4
 -20.5	6
 -19.5	5
 -18.5	5
 -17.5	4
 -16.5	4
 -15.5	4
 -14.5	4
 -13.5	4
 -12.5	2
 -11.5	6
 -10.5	6
  -9.5	4
  -8.5	6
  -7.5	3
  -6.5	4
  -5.5	3
  -4.5	3
  -3.5	10
  -2.5	2
  -1.5	4
  -0.5	1.5
   0.5	5
   1.5	1
   2.5	6.5
   3.5	5
   4.5	3
   5.5	6
   6.5	8
   7.5	4
   8.5	7.5
   9.5	3.5
  10.5	4
  11.5	5
  12.5	3
  13.5	5
  14.5	4
  15.5	5
  16.5	4
  17.5	6
  18.5	6
  19.5	7
  20.5	2
  21.5	4
  22.5	4
  23.5	3
  24.5	6
  25.5	4
  26.5	5
  27.5	0
  28.5	4.5
  29.5	5
  30.5	4
  31.5	5
  32.5	3
  33.5	7
  34.5	2
  35.5	6
  36.5	5
  37.5	4
  38.5	2
  39.5	8.5
  40.5	2
  41.5	6
  42.5	1.5
  43.5	3
  44.5	1
  45.5	4
  46.5	5
  47.5	1
  48.5	6
  49.5	3
  50.5	5
  51.5	5
  52.5	2
  53.5	3
  54.5	5
  55.5	3
  56.5	6
  57.5	2
  58.5	9
  59.5	4
  60.5	9.5
  61.5	5.5
  62.5	3
  63.5	0
  64.5	2
  65.5	4
  66.5	3.5
  67.5	4.5
  68.5	7
  69.5	1
  70.5	0.5
  71.5	3
  72.5	1
  73.5	4
  74.5	6
  75.5	7
  76.5	7
  77.5	5
  78.5	0
  79.5	3
  80.5	3
  81.5	4
  82.5	3
  83.5	6
  84.5	5
  85.5	3.5
  86.5	5
  87.5	3
  88.5	5
  89.5	5
  90.5	5
  91.5	6
  92.5	4
  93.5	6
  94.5	4
  95.5	2
  96.5	7
  97.5	2
  98.5	1
  99.5	8
 100.5	8
 101.5	3
 102.5	5
 103.5	4
 104.5	6
 105.5	4
 106.5	9
 107.5	4
 108.5	3
 109.5	4
 110.5	2
 111.5	3
 112.5	6
 113.5	4
 114.5	5
 115.5	7
 116.5	1
 117.5	4
 118.5	3
 119.5	5
 120.5	4
 121.5	4
 122.5	5
 123.5	7
 124.5	6
 125.5	4
 126.5	8
 127.5	2
 128.5	5
 129.5	2
 130.5	2
 131.5	6
 132.5	2
 133.5	6
 134.5	3
 135.5	3.5
 136.5	1.5
 137.5	4
 138.5	2
 139.5	7
 140.5	4
 141.5	5.5
 142.5	5
 143.5	5
 144.5	6
 145.5	4
 146.5	1
 147.5	6
 148.5	7
 149.5	7
 150.5	9
 151.5	4
 152.5	3
 153.5	4
 154.5	0
 155.5	2
 156.5	2
 157.5	5
 158.5	2
 159.5	1
 160.5	3
 161.5	3
 162.5	3
 163.5	1
 164.5	7
 165.5	4.5
 166.5	3
 167.5	2
 168.5	5.5
 169.5	4
 170.5	2
 171.5	1
 172.5	3
 173.5	2
 174.5	3
 175.5	2
 176.5	4
 177.5	5
 178.5	2
 179.5	1
 180.5	2
 181.5	4
 182.5	2
 183.5	3
 184.5	6
 185.5	3
 186.5	3
 187.5	1
 188.5	2
 189.5	5
 190.5	4
 191.5	5.5
 192.5	3
 193.5	2
 194.5	1
 195.5	4
 196.5	2
 197.5	2
 198.5	6.5
 199.5	7
 200.5	6
 201.5	2
 202.5	6
 203.5	3
 204.5	2
 205.5	5
 206.5	0
 207.5	3
 208.5	4
 209.5	3
 210.5	2
 211.5	3
 212.5	4
 213.5	0
 214.5	5
 215.5	5
 216.5	2
 217.5	3
 218.5	3
 219.5	1
 220.5	6
 221.5	4
 222.5	4.5
 223.5	5
 224.5	5
 225.5	2.5
 226.5	8
 227.5	3
 228.5	3
 229.5	4
 230.5	6
 231.5	3
 232.5	4
 233.5	4
 234.5	4
 235.5	3.5
 236.5	2
 237.5	4
 238.5	3
 239.5	6
 240.5	4
 241.5	4
 242.5	3
 243.5	1
 244.5	2.5
 245.5	2
 246.5	4
 247.5	4.5
 248.5	7
 249.5	2
 250.5	2
 251.5	2
 252.5	4
 253.5	3
 254.5	7
 255.5	4
 256.5	3
 257.5	4.5
 258.5	4
 259.5	3
 260.5	6
 261.5	3
 262.5	4
 263.5	4
 264.5	6
 265.5	0
 266.5	4
 267.5	1
 268.5	2
 269.5	3
 270.5	1
 271.5	6
 272.5	2
 273.5	4
 274.5	1
 275.5	3
 276.5	6
 277.5	2
 278.5	6
 279.5	0
 280.5	7
 281.5	4
 282.5	1
DB 2 MOTIF	USF1_HUMAN.H11MO.0.A
-282.0	2
-281.0	1
-280.0	2
-279.0	0
-278.0	2
-277.0	2
-276.0	1
-275.0	0
-274.0	4
-273.0	3
-272.0	0
-271.0	2
-270.0	0
-269.0	4
-268.0	4
-267.0	0
-266.0	1
-265.0	0
-264.0	0.5
-263.0	1
-262.0	2.5
-261.0	1
-260.0	1
-259.0	3
-258.0	0
-257.0	2
-256.0	2
-255.0	1
-254.0	1
-253.0	3.5
-252.0	3
-251.0	1
-250.0	0
-249.0	3
-248.0	0
-247.0	0
-246.0	1
-245.0	2
-244.0	1
-243.0	0
-242.0	3
-241.0	3
-240.0	3
-239.0	0
-238.0	3
-237.0	3
-236.0	1
-235.0	0
-234.0	2
-233.0	3
-232.0	0
-231.0	3
-230.0	1
-229.0	3
-228.0	1
-227.0	4
-226.0	2
-225.0	1
-224.0	1
-223.0	0
-222.0	3
-221.0	0
-220.0	1
-219.0	0
-218.0	2
-217.0	0
-216.0	3
-215.0	1
-214.0	2
-213.0	1
-212.0	1
-211.0	2
-210.0	1
-209.0	0
-208.0	3
-207.0	0
-206.0	3
-205.0	0
-204.0	2
-203.0	1
-202.0	2
-201.0	1
-200.0	3
-199.0	1
-198.0	2
-197.0	3
-196.0	3
-195.0	1
-194.0	0
-193.0	2
-192.0	3
-191.0	5
-190.0	0
-189.0	5
-188.0	4
-187.0	0
-186.0	0
-185.0	0
-184.0	3
-183.0	3
-182.0	1
-181.0	4
-180.0	0
-179.0	2
-178.0	4
-177.0	0
-176.0	2
-175.0	2
-174.0	1
-173.0	1
-172.0	0
-171.0	2
-170.0	2
-169.0	0
-168.0	0
-167.0	3
-166.0	2
-165.0	2
-164.0	2
-163.0	2
-162.0	2
-161.0	0
-160.0	1
-159.0	0
-158.0	1
-157.0	2
-156.0	2
-155.0	0
-154.0	2
-153.0	1
-152.0	1
-151.0	0
-150.0	1
-149.0	2
-148.0	2
-147.0	3
-146.0	0
-145.0	1
-144.0	2
-143.0	1
-142.0	1
-141.0	1
-140.0	1
-139.0	3
-138.0	0
-137.0	1
-136.0	2
-135.0	0
-134.0	0.5
-133.0	0
-132.0	1
-131.0	1
-130.0	7
-129.0	5
-128.0	2
-127.0	2
-126.0	1
-125.0	1
-124.0	0
-123.0	3
-122.0	1
-121.0	0
-120.0	3
-119.0	2
-118.0	3
-117.0	0
-116.0	2
-115.0	1
-114.0	3
-113.0	1
-112.0	0
-111.0	0
-110.0	1
-109.0	2.5
-108.0	3
-107.0	0.5
-106.0	1
-105.0	0
-104.0	0
-103.0	2
-102.0	3
-101.0	2
-100.0	4
 -99.0	1
 -98.0	1
 -97.0	2
 -96.0	0
 -95.0	3
 -94.0	0
 -93.0	1
 -92.0	2
 -91.0	2
 -90.0	3.33333
 -89.0	1
 -88.0	1
 -87.0	1
 -86.0	2
 -85.0	2
 -84.0	0
 -83.0	2
 -82.0	3
 -81.0	1
 -80.0	2
 -79.0	0
 -78.0	1
 -77.0	2
 -76.0	3
 -75.0	4
 -74.0	0.333333
 -73.0	3
 -72.0	1
 -71.0	3
 -70.0	2
 -69.0	1
 -68.0	0
 -67.0	3
 -66.0	3
 -65.0	5
 -64.0	4
 -63.0	5
 -62.0	0
 -61.0	3
 -60.0	2
 -59.0	3
 -58.0	1.33333
 -57.0	4
 -56.0	3
 -55.0	1
 -54.0	3
 -53.0	0
 -52.0	3
 -51.0	2
 -50.0	3
 -49.0	1
 -48.0	1
 -47.0	2
 -46.0	2
 -45.0	3
 -44.0	3
 -43.0	1
 -42.0	0
 -41.0	2
 -40.0	2
 -39.0	3
 -38.0	2
 -37.0	1
 -36.0	2
 -35.0	2
 -34.0	2
 -33.0	2
 -32.0	5
 -31.0	4
 -30.0	0
 -29.0	0
 -28.0	2
 -27.0	1
 -26.0	0
 -25.0	3
 -24.0	2
 -23.0	1
 -22.0	1
 -21.0	2
 -20.0	1
 -19.0	1
 -18.0	0
 -17.0	2
 -16.0	3
 -15.0	1
 -14.0	1
 -13.0	1
 -12.0	4
 -11.0	2
 -10.0	1
  -9.0	4
  -8.0	3
  -7.0	1
  -6.0	3
  -5.0	2
  -4.0	2
  -3.0	4
  -2.0	2
  -1.0	2
   0.0	1
   1.0	4
   2.0	0
   3.0	3
   4.0	0
   5.0	1
   6.0	4.5
   7.0	4
   8.0	2
   9.0	2
  10.0	2
  11.0	0
  12.0	2
  13.0	1
  14.0	1
  15.0	0
  16.0	3
  17.0	3
  18.0	4.5
  19.0	5
  20.0	1
  21.0	1
  22.0	1.5
  23.0	3
  24.0	3
  25.0	4
  26.0	1
  27.0	2
  28.0	1
  29.0	4
  30.0	4
  31.0	2
  32.0	0
  33.0	5
  34.0	4
  35.0	4
  36.0	3
  37.0	0
  38.0	1
  39.0	0
  40.0	1
  41.0	2
  42.0	1
  43.0	0
  44.0	1
  45.0	2
  46.0	2
  47.0	3
  48.0	2
  49.0	2
  50.0	1
  51.0	0
  52.0	0
  53.0	2
  54.0	1
  55.0	0
  56.0	2
  57.0	0
  58.0	2
  59.0	4
  60.0	4
  61.0	2
  62.0	3
  63.0	0
  64.0	0
  65.0	3
  66.0	0
  67.0	3
  68.0	2
  69.0	0
  70.0	3
  71.0	1
  72.0	0
  73.0	2
  74.0	2
  75.0	0
  76.0	1
  77.0	1
  78.0	1
  79.0	0
  80.0	2
  81.0	2
  82.0	1
  83.0	2
  84.0	2
  85.0	3
  86.0	2
  87.0	1
  88.0	1
  89.0	5
  90.0	4
  91.0	1
  92.0	2
  93.0	4
  94.0	2
  95.0	1
  96.0	1
  97.0	2
  98.0	3
  99.0	2
 100.0	4
 101.0	3
 102.0	0
 103.0	0
 104.0	2
 105.0	0
 106.0	1
 107.0	1
 108.0	3
 109.0	1
 110.0	1
 111.0	1
 112.0	1
 113.0	2
 114.0	3
 115.0	2
 116.0	2
 117.0	2
 118.0	1
 119.0	0
 120.0	4
 121.0	2
 122.0	4
 123.0	1
 124.0	3
 125.0	1
 126.0	1
 127.0	3
 128.0	1
 129.0	0
 130.0	0
 131.0	1
 132.0	2
 133.0	1
 134.0	4
 135.0	3
 136.0	1
 137.0	1
 138.0	0
 139.0	5
 140.0	2
 141.0	1
 142.0	0
 143.0	2
 144.0	1
 145.0	3
 146.0	0
 147.0	0
 148.0	2
 149.0	3
 150.0	5
 151.0	2
 152.0	2
 153.0	1
 154.0	0
 155.0	0
 156.0	1
 157.0	1.5
 158.0	1
 159.0	3
 160.0	3
 161.0	1
 162.0	3
 163.0	1
 164.0	2
 165.0	2
 166.0	4
 167.0	0
 168.0	0
 169.0	1
 170.0	0
 171.0	4
 172.0	1
 173.0	1
 174.0	4
 175.0	1
 176.0	0
 177.0	3
 178.0	1
 179.0	1
 180.0	1
 181.0	1
 182.0	1
 183.0	2
 184.0	3
 185.0	1
 186.0	2
 187.0	1
 188.0	1
 189.0	3
 190.0	1
 191.0	0
 192.0	2
 193.0	1
 194.0	0
 195.0	4
 196.0	0
 197.0	0
 198.0	2
 199.0	1
 200.0	2
 201.0	4
 202.0	0
 203.0	0
 204.0	2.33333
 205.0	0
 206.0	2
 207.0	0
 208.0	1
 209.0	1
 210.0	0
 211.0	1
 212.0	0
 213.0	0
 214.0	1
 215.0	2
 216.0	0
 217.0	2
 218.0	2
 219.0	1
 220.0	1.33333
 221.0	1
 222.0	1
 223.0	3
 224.0	2
 225.0	0
 226.0	2
 227.0	1
 228.0	0
 229.0	0
 230.0	2
 231.0	1
 232.0	0
 233.0	3
 234.0	0
 235.0	0
 236.0	0.333333
 237.0	0
 238.0	2
 239.0	0
 240.0	2
 241.0	3
 242.0	2
 243.0	2
 244.0	0
 245.0	0
 246.0	0
 247.0	0
 248.0	2
 249.0	1
 250.0	3
 251.0	1
 252.0	0
 253.0	2
 254.0	1
 255.0	1
 256.0	1
 257.0	1
 258.0	3
 259.0	1
 260.0	2
 261.0	2
 262.0	1
 263.0	4
 264.0	2
 265.0	0
 266.0	0
 267.0	2
 268.0	2
 269.0	2
 270.0	1
 271.0	2
 272.0	1
 273.0	1
 274.0	1
 275.0	2
 276.0	1
 277.0	3
 278.0	2
 279.0	2
 280.0	1
 281.0	0
 282.0	2
DB 2 MOTIF	USF2_HUMAN.H11MO.0.A
-278.5	2
-277.5	2
-276.5	3
-275.5	2
-274.5	0
-273.5	1
-272.5	2
-271.5	4
-270.5	2
-269.5	1
-268.5	2
-267.5	0
-266.5	4
-265.5	2
-264.5	1
-263.5	2
-262.5	2
-261.5	2
-260.5	1
-259.5	1
-258.5	1
-257.5	0
-256.5	3
-255.5	2
-254.5	3
-253.5	2
-252.5	1
-251.5	1
-250.5	1
-249.5	1
-248.5	1
-247.5	1
-246.5	2
-245.5	1
-244.5	3
-243.5	2
-242.5	3
-241.5	1
-240.5	4
-239.5	1
-238.5	2
-237.5	0
-236.5	1
-235.5	0
-234.5	2
-233.5	2
-232.5	1
-231.5	2
-230.5	1
-229.5	2
-228.5	2
-227.5	0
-226.5	1
-225.5	1
-224.5	5
-223.5	3
-222.5	1
-221.5	2
-220.5	2
-219.5	2
-218.5	1
-217.5	1
-216.5	1
-215.5	3
-214.5	0
-213.5	3
-212.5	1
-211.5	1
-210.5	3
-209.5	2
-208.5	2
-207.5	1
-206.5	1
-205.5	2
-204.5	2
-203.5	2
-202.5	2
-201.5	1
-200.5	0
-199.5	3
-198.5	1
-197.5	3
-196.5	0
-195.5	3
-194.5	2
-193.5	4
-192.5	1
-191.5	1
-190.5	1
-189.5	1
-188.5	3
-187.5	0
-186.5	4
-185.5	4
-184.5	1
-183.5	2
-182.5	0
-181.5	3
-180.5	3
-179.5	0
-178.5	2
-177.5	2
-176.5	2
-175.5	2
-174.5	1
-173.5	2
-172.5	4
-171.5	0
-170.5	2
-169.5	2
-168.5	2
-167.5	0
-166.5	1
-165.5	1
-164.5	2
-163.5	2
-162.5	3
-161.5	0
-160.5	0
-159.5	2
-158.5	1
-157.5	0
-156.5	3
-155.5	3
-154.5	2
-153.5	1
-152.5	3
-151.5	1
-150.5	4
-149.5	1
-148.5	0
-147.5	4
-146.5	2
-145.5	0
-144.5	2
-143.5	0
-142.5	1
-141.5	3
-140.5	1
-139.5	3
-138.5	2
-137.5	2
-136.5	3
-135.5	0
-134.5	1
-133.5	2
-132.5	3
-131.5	3
-130.5	3
-129.5	1
-128.5	0
-127.5	6
-126.5	2
-125.5	1
-124.5	1
-123.5	2
-122.5	4
-121.5	1
-120.5	3
-119.5	2
-118.5	0
-117.5	2
-116.5	2
-115.5	3
-114.5	1
-113.5	3
-112.5	1
-111.5	3
-110.5	0
-109.5	1
-108.5	2
-107.5	1
-106.5	2
-105.5	3
-104.5	1
-103.5	1
-102.5	3
-101.5	1
-100.5	1
 -99.5	2
 -98.5	4
 -97.5	2
 -96.5	1
 -95.5	2
 -94.5	1
 -93.5	3
 -92.5	4
 -91.5	0
 -90.5	1
 -89.5	3
 -88.5	2
 -87.5	3.5
 -86.5	1
 -85.5	2
 -84.5	1
 -83.5	2
 -82.5	2
 -81.5	0
 -80.5	2
 -79.5	3
 -78.5	0
 -77.5	4
 -76.5	1
 -75.5	1
 -74.5	2
 -73.5	3
 -72.5	5
 -71.5	0.5
 -70.5	2
 -69.5	3
 -68.5	4
 -67.5	2
 -66.5	2
 -65.5	2
 -64.5	3
 -63.5	1
 -62.5	3
 -61.5	5
 -60.5	3
 -59.5	1
 -58.5	4
 -57.5	2
 -56.5	4
 -55.5	0
 -54.5	6
 -53.5	1
 -52.5	1
 -51.5	1
 -50.5	1
 -49.5	3
 -48.5	1
 -47.5	2
 -46.5	2
 -45.5	1
 -44.5	1
 -43.5	3
 -42.5	2
 -41.5	2
 -40.5	1
 -39.5	2
 -38.5	1
 -37.5	2
 -36.5	3
 -35.5	3
 -34.5	3
 -33.5	2
 -32.5	1
 -31.5	0
 -30.5	3
 -29.5	3
 -28.5	2
 -27.5	0
 -26.5	2
 -25.5	2
 -24.5	2
 -23.5	1
 -22.5	2
 -21.5	0
 -20.5	1
 -19.5	2
 -18.5	3
 -17.5	1
 -16.5	0
 -15.5	0
 -14.5	4
 -13.5	2
 -12.5	3
 -11.5	6
 -10.5	4
  -9.5	3
  -8.5	2
  -7.5	1
  -6.5	2
  -5.5	3
  -4.5	1
  -3.5	2
  -2.5	1
  -1.5	2
  -0.5	1
   0.5	4
   1.5	2
   2.5	3
   3.5	4
   4.5	3
   5.5	3
   6.5	2
   7.5	2
   8.5	2
   9.5	4
  10.5	2
  11.5	2
  12.5	0
  13.5	1
  14.5	0
  15.5	4
  16.5	5
  17.5	3
  18.5	3
  19.5	3
  20.5	3
  21.5	2
  22.5	1
  23.5	1
  24.5	1
  25.5	3
  26.5	1
  27.5	5
  28.5	3
  29.5	1
  30.5	6
  31.5	5
  32.5	6
  33.5	4
  34.5	1
  35.5	2
  36.5	1
  37.5	2
  38.5	2
  39.5	0
  40.5	0
  41.5	0
  42.5	1
  43.5	2
  44.5	2
  45.5	0
  46.5	1
  47.5	3
  48.5	0
  49.5	2
  50.5	3
  51.5	1
  52.5	1
  53.5	2
  54.5	1
  55.5	2
  56.5	2
  57.5	2
  58.5	2
  59.5	2
  60.5	0
  61.5	2
  62.5	6
  63.5	1
  64.5	1
  65.5	1
  66.5	0
  67.5	1
  68.5	1
  69.5	3
  70.5	1
  71.5	1
  72.5	0
  73.5	2
  74.5	1
  75.5	2
  76.5	1
  77.5	1
  78.5	0
  79.5	1
  80.5	1
  81.5	3
  82.5	2
  83.5	3
  84.5	5
  85.5	3
  86.5	4
  87.5	4
  88.5	1
  89.5	2
  90.5	3
  91.5	2
  92.5	3
  93.5	2
  94.5	2
  95.5	0
  96.5	3
  97.5	2
  98.5	1
  99.5	6
 100.5	2
 101.5	3
 102.5	4
 103.5	5
 104.5	2
 105.5	2
 106.5	0
 107.5	1
 108.5	1
 109.5	1
 110.5	2
 111.5	1
 112.5	2
 113.5	2
 114.5	2
 115.5	1
 116.5	1
 117.5	2
 118.5	2
 119.5	5
 120.5	1
 121.5	0
 122.5	2
 123.5	0
 124.5	0
 125.5	2
 126.5	3
 127.5	1
 128.5	2
 129.5	0
 130.5	2
 131.5	0
 132.5	2
 133.5	2
 134.5	0
 135.5	0
 136.5	7
 137.5	3
 138.5	0
 139.5	1
 140.5	0
 141.5	1
 142.5	4
 143.5	1
 144.5	0
 145.5	3
 146.5	3
 147.5	4
 148.5	0
 149.5	2
 150.5	4
 151.5	2
 152.5	2
 153.5	2
 154.5	0
 155.5	1
 156.5	0
 157.5	1
 158.5	0
 159.5	0
 160.5	1
 161.5	4
 162.5	2
 163.5	2
 164.5	1
 165.5	1
 166.5	1
 167.5	1
 168.5	3
 169.5	0
 170.5	0
 171.5	4
 172.5	0
 173.5	4
 174.5	2
 175.5	1
 176.5	2
 177.5	2
 178.5	1
 179.5	0
 180.5	1
 181.5	2
 182.5	0
 183.5	3
 184.5	2
 185.5	1
 186.5	3
 187.5	2
 188.5	1
 189.5	2
 190.5	0
 191.5	3
 192.5	0
 193.5	0
 194.5	2
 195.5	0
 196.5	2
 197.5	2
 198.5	2
 199.5	0
 200.5	0
 201.5	1
 202.5	2
 203.5	4
 204.5	0
 205.5	1
 206.5	3.5
 207.5	0
 208.5	1
 209.5	1
 210.5	0
 211.5	0
 212.5	2
 213.5	0
 214.5	4
 215.5	1
 216.5	1
 217.5	0
 218.5	1
 219.5	1
 220.5	1
 221.5	3
 222.5	0.5
 223.5	1
 224.5	2
 225.5	2
 226.5	3
 227.5	1
 228.5	2
 229.5	1
 230.5	2
 231.5	1
 232.5	2
 233.5	1
 234.5	0
 235.5	2
 236.5	0
 237.5	1
 238.5	3
 239.5	2
 240.5	1
 241.5	1
 242.5	2
 243.5	1
 244.5	1
 245.5	4
 246.5	1
 247.5	1
 248.5	0
 249.5	0
 250.5	2
 251.5	0
 252.5	0
 253.5	2
 254.5	1
 255.5	3
 256.5	1
 257.5	0
 258.5	1
 259.5	2
 260.5	4
 261.5	3
 262.5	2
 263.5	0
 264.5	0
 265.5	2
 266.5	1
 267.5	0
 268.5	0
 269.5	2
 270.5	2
 271.5	0
 272.5	2
 273.5	1
 274.5	0
 275.5	3
 276.5	2
 277.5	1
 278.5	2
DB 2 MOTIF	ZF64A_HUMAN.H11MO.0.D
-280.0	7
-279.0	2
-278.0	1
-277.0	6
-276.0	2
-275.0	5
-274.0	2
-273.0	3
-272.0	5.5
-271.0	2
-270.0	4
-269.0	4
-268.0	6.5
-267.0	1
-266.0	7
-265.0	8
-264.0	8
-263.0	4
-262.0	3
-261.0	7
-260.0	4
-259.0	10
-258.0	5
-257.0	5
-256.0	6
-255.0	3
-254.0	4
-253.0	5
-252.0	4
-251.0	3
-250.0	2
-249.0	5
-248.0	5
-247.0	3
-246.0	8
-245.0	6
-244.0	3
-243.0	2
-242.0	5
-241.0	4
-240.0	4
-239.0	2
-238.0	3
-237.0	5
-236.0	7
-235.0	2
-234.0	4
-233.0	6
-232.0	4
-231.0	4
-230.0	7
-229.0	5
-228.0	5
-227.0	2
-226.0	9
-225.0	2
-224.0	2
-223.0	4
-222.0	8.5
-221.0	2
-220.0	3
-219.0	4
-218.0	4
-217.0	7
-216.0	9
-215.0	2
-214.0	5
-213.0	4
-212.0	8
-211.0	5
-210.0	0
-209.0	7
-208.0	3
-207.0	4
-206.0	3
-205.0	5
-204.0	4
-203.0	5
-202.0	6
-201.0	5
-200.0	7
-199.0	2
-198.0	4
-197.0	4
-196.0	4
-195.0	1
-194.0	9
-193.0	4
-192.0	6
-191.0	6
-190.0	3
-189.0	2
-188.0	6
-187.0	2
-186.0	3
-185.0	6
-184.0	6
-183.0	5
-182.0	8
-181.0	3
-180.0	2
-179.0	8
-178.0	4.5
-177.0	5.5
-176.0	7
-175.0	5
-174.0	8
-173.0	7
-172.0	5
-171.0	4
-170.0	4
-169.0	4
-168.0	4
-167.0	10
-166.0	7
-165.0	2
-164.0	5
-163.0	6
-162.0	3
-161.0	6
-160.0	6
-159.0	4
-158.0	5
-157.0	1
-156.0	3
-155.0	6
-154.0	3
-153.0	5
-152.0	2
-151.0	7
-150.0	6
-149.0	7
-148.0	5
-147.0	4
-146.0	3
-145.0	3
-144.0	8.5
-143.0	4
-142.0	3.5
-141.0	12
-140.0	8
-139.0	4
-138.0	7
-137.0	5
-136.0	4
-135.0	4
-134.0	5
-133.0	2
-132.0	5
-131.0	2
-130.0	4
-129.0	5
-128.0	2
-127.0	6
-126.0	3
-125.0	5
-124.0	5
-123.0	5
-122.0	6
-121.0	4
-120.0	2
-119.0	5
-118.0	7
-117.0	3
-116.0	2
-115.0	10
-114.0	3
-113.0	9
-112.0	6
-111.0	5
-110.0	5
-109.0	7
-108.0	3
-107.0	3.5
-106.0	3
-105.0	6
-104.0	3
-103.0	6
-102.0	5
-101.0	8
-100.0	5
 -99.0	7
 -98.0	12
 -97.0	2
 -96.0	4
 -95.0	3.25
 -94.0	1
 -93.0	4
 -92.0	5
 -91.0	7
 -90.0	5
 -89.0	5
 -88.0	4
 -87.0	5
 -86.0	3
 -85.0	7
 -84.0	3
 -83.0	6
 -82.0	5
 -81.0	6
 -80.0	6
 -79.0	5
 -78.0	5
 -77.0	7
 -76.0	6
 -75.0	4
 -74.0	4
 -73.0	6
 -72.0	13
 -71.0	5
 -70.0	8
 -69.0	9
 -68.0	1.5
 -67.0	10
 -66.0	2
 -65.0	3
 -64.0	7
 -63.0	4
 -62.0	10
 -61.0	10
 -60.0	6
 -59.0	5.25
 -58.0	6
 -57.0	3
 -56.0	7
 -55.0	3
 -54.0	2
 -53.0	4
 -52.0	5
 -51.0	8
 -50.0	5
 -49.0	5
 -48.0	1
 -47.0	4
 -46.0	13
 -45.0	5
 -44.0	4
 -43.0	11
 -42.0	9
 -41.0	5
 -40.0	3
 -39.0	4
 -38.0	3
 -37.0	3
 -36.0	7
 -35.0	4
 -34.0	4
 -33.0	6.5
 -32.0	5
 -31.0	7
 -30.0	2
 -29.0	3
 -28.0	6
 -27.0	5
 -26.0	5.5
 -25.0	6
 -24.0	1
 -23.0	3.25
 -22.0	4
 -21.0	4.5
 -20.0	4.5
 -19.0	5
 -18.0	8
 -17.0	6
 -16.0	6
 -15.0	9
 -14.0	2
 -13.0	4
 -12.0	6
 -11.0	4
 -10.0	4
  -9.0	4
  -8.0	6
  -7.0	9
  -6.0	9
  -5.0	6
  -4.0	7
  -3.0	4
  -2.0	9
  -1.0	5
   0.0	8
   1.0	5
   2.0	8
   3.0	4
   4.0	9
   5.0	7
   6.0	7
   7.0	4
   8.0	6
   9.0	6
  10.0	5
  11.0	7
  12.0	8
  13.0	3
  14.0	5
  15.0	7
  16.0	5
  17.0	2
  18.0	5
  19.0	4
  20.0	5
  21.0	2
  22.0	4
  23.0	9
  24.0	6
  25.0	2
  26.0	5
  27.0	4
  28.0	4
  29.0	7
  30.0	7
  31.0	5
  32.0	4
  33.0	5
  34.0	8
  35.0	6
  36.0	5
  37.0	4
  38.0	7
  39.0	4
  40.0	6
  41.0	10.5
  42.0	5
  43.0	6
  44.0	4
  45.0	5
  46.0	8
  47.0	4
  48.0	3
  49.0	3.25
  50.0	7
  51.0	6
  52.0	3
  53.0	6
  54.0	5
  55.0	4
  56.0	1
  57.0	5
  58.0	5
  59.0	3
  60.0	4
  61.0	8
  62.0	4
  63.0	2
  64.0	3
  65.0	10
  66.0	3
  67.0	4
  68.0	4
  69.0	4
  70.0	4
  71.0	3
  72.0	5
  73.0	5
  74.0	6
  75.0	3
  76.0	8
  77.0	6
  78.0	6
  79.0	5
  80.0	6
  81.0	2
  82.0	3
  83.0	5
  84.0	4
  85.0	4
  86.0	7
  87.0	8
  88.0	2
  89.0	7
  90.0	4
  91.0	1
  92.0	6
  93.0	4
  94.0	9
  95.0	2
  96.0	7
  97.0	6.5
  98.0	6
  99.0	8
 100.0	3
 101.0	4
 102.0	3
 103.0	5
 104.0	3
 105.0	4
 106.0	3
 107.0	7.33333
 108.0	6
 109.0	6
 110.0	3
 111.0	9
 112.0	10
 113.0	3
 114.0	9
 115.0	14
 116.0	3
 117.0	9
 118.0	10
 119.0	3
 120.0	5
 121.0	4
 122.0	4
 123.0	9
 124.0	3
 125.0	6
 126.0	2
 127.0	3
 128.0	7
 129.0	5
 130.0	6
 131.0	4
 132.0	4
 133.0	5
 134.0	6
 135.0	3
 136.0	2.33333
 137.0	2.5
 138.0	4
 139.0	7.5
 140.0	7
 141.0	4
 142.0	5
 143.0	7
 144.0	3
 145.0	3
 146.0	5
 147.0	3
 148.0	1
 149.0	5
 150.0	1
 151.0	7
 152.0	7
 153.0	3
 154.0	3
 155.0	1
 156.0	5
 157.0	5
 158.0	4
 159.0	5
 160.0	9
 161.0	4
 162.0	5
 163.0	6
 164.0	8
 165.0	6.33333
 166.0	4
 167.0	6
 168.0	6
 169.0	5.5
 170.0	3
 171.0	7
 172.0	3
 173.0	2
 174.0	10
 175.0	5
 176.0	5.5
 177.0	7
 178.0	5
 179.0	3
 180.0	0
 181.0	3
 182.0	3
 183.0	1
 184.0	3
 185.0	5
 186.0	4
 187.0	3
 188.0	6
 189.0	3
 190.0	7
 191.0	3
 192.0	2
 193.0	4
 194.0	6
 195.0	2
 196.0	2
 197.0	4
 198.0	2
 199.0	6
 200.0	3
 201.0	4.5
 202.0	4
 203.0	3
 204.0	6
 205.0	6
 206.0	4
 207.0	6
 208.0	6
 209.0	11
 210.0	7
 211.0	6
 212.0	4
 213.0	6
 214.0	6
 215.0	7
 216.0	1
 217.0	3
 218.0	1
 219.0	2
 220.0	5
 221.0	7
 222.0	4
 223.0	4
 224.0	5
 225.0	4
 226.0	5
 227.0	6
 228.0	2
 229.0	4
 230.0	3
 231.0	4
 232.0	3
 233.0	2
 234.0	4
 235.0	6
 236.0	3
 237.0	6.5
 238.0	4
 239.0	4
 240.0	5
 241.0	5
 242.0	6
 243.0	6
 244.0	2
 245.0	0
 246.0	5
 247.0	4
 248.0	3
 249.0	7
 250.0	3
 251.0	4
 252.0	3
 253.0	3
 254.0	3
 255.0	3
 256.0	0
 257.0	3
 258.0	2
 259.0	2
 260.0	2
 261.0	9
 262.0	6
 263.0	6
 264.0	3
 265.0	6
 266.0	3
 267.0	5
 268.0	4
 269.0	2
 270.0	4
 271.0	2
 272.0	8
 273.0	7.5
 274.0	6
 275.0	7
 276.0	3
 277.0	3
 278.0	5
 279.0	2
 280.0	6
