********************************************************************************
STREME - Sensitive, Thorough, Rapid, Enriched Motif Elicitation
********************************************************************************
MEME version 5.5.3 (Release date: Sat Jun 10 16:19:38 2023 -0700)

For further information on how to interpret these results please access http://localhost:8080/meme_5.5.3.
To get a copy of the MEME Suite software please access https://meme-suite.org.

********************************************************************************


********************************************************************************
REFERENCE
********************************************************************************
If you use this program in your research, please cite:

Timothy L. Bailey,
"STREME: accurate and versatile sequence motif discovery",
Bioinformatics, Mar. 24, 2021.
********************************************************************************


ALPHABET= ACGT

strands: + -

Background letter frequencies
A 0.255 C 0.245 G 0.245 T 0.255 

MOTIF 1-KATTGCRYMAY STREME-1
letter-probability matrix: alength= 4 w= 11 nsites= 12800 E= 8.8e-265
 0.135917 0.114036 0.487041 0.263006
 0.663344 0.110774 0.219820 0.006062
 0.000004 0.000004 0.000004 0.999988
 0.000004 0.000004 0.004502 0.995490
 0.116567 0.000004 0.753455 0.129974
 0.000004 0.999159 0.000004 0.000833
 0.511084 0.067896 0.305476 0.115543
 0.114472 0.465045 0.000004 0.420479
 0.491872 0.508011 0.000114 0.000004
 0.999878 0.000004 0.000114 0.000004
 0.004301 0.484904 0.111665 0.399130

MOTIF 2-GCTCACTGCAACCTC STREME-2
letter-probability matrix: alength= 4 w= 15 nsites= 2200 E= 2.5e-064
 0.051297 0.010471 0.935228 0.003005
 0.003503 0.945676 0.008479 0.042341
 0.001512 0.007982 0.002009 0.988498
 0.004996 0.938379 0.008977 0.047647
 0.973725 0.003004 0.018772 0.004498
 0.004000 0.948255 0.004995 0.042749
 0.015450 0.041835 0.007982 0.934734
 0.058760 0.004000 0.933738 0.003503
 0.017938 0.887937 0.005991 0.088134
 0.976552 0.006489 0.010968 0.005991
 0.661242 0.008479 0.321300 0.008978
 0.020929 0.863736 0.079471 0.035864
 0.007983 0.941200 0.004995 0.045822
 0.006489 0.021422 0.003004 0.969085
 0.009476 0.715433 0.013956 0.261135

MOTIF 3-CCCAGGCTGGAGTGC STREME-3
letter-probability matrix: alength= 4 w= 15 nsites= 2223 E= 2.3e-063
 0.034356 0.872297 0.034241 0.059106
 0.007657 0.932803 0.005619 0.053921
 0.008675 0.942908 0.007147 0.041270
 0.974994 0.003582 0.014785 0.006638
 0.037713 0.004601 0.949011 0.008675
 0.042500 0.011221 0.938113 0.008166
 0.017332 0.948514 0.010711 0.023443
 0.005111 0.016078 0.002564 0.976248
 0.071083 0.002564 0.920224 0.006129
 0.031084 0.018050 0.942191 0.008675
 0.977032 0.007146 0.008675 0.007147
 0.149624 0.011729 0.832307 0.006340
 0.003583 0.009904 0.013767 0.972746
 0.052985 0.006637 0.932000 0.008377
 0.011530 0.940861 0.007358 0.040251

MOTIF 4-AGCTGGGAYTACAGG STREME-4
letter-probability matrix: alength= 4 w= 15 nsites= 2062 E= 1.6e-056
 0.763141 0.007708 0.017414 0.211737
 0.030776 0.009354 0.949966 0.009904
 0.002766 0.961500 0.007158 0.028576
 0.010454 0.008256 0.000569 0.980721
 0.084050 0.003863 0.910968 0.001119
 0.057688 0.007158 0.925798 0.009356
 0.062077 0.002765 0.928000 0.007159
 0.969739 0.004961 0.021435 0.003864
 0.006061 0.454281 0.007707 0.531951
 0.008806 0.075095 0.010680 0.905418
 0.956330 0.006609 0.033746 0.003315
 0.004962 0.907124 0.008256 0.079657
 0.970838 0.004961 0.017591 0.006610
 0.042855 0.008256 0.943926 0.004962
 0.065377 0.012100 0.907676 0.014847

MOTIF 5-CTTGARCCCRGGAGG STREME-5
letter-probability matrix: alength= 4 w= 15 nsites= 1756 E= 4.0e-050
 0.011442 0.929513 0.007000 0.052045
 0.039359 0.030158 0.052685 0.877798
 0.003195 0.007635 0.018420 0.970750
 0.032377 0.009538 0.954256 0.003830
 0.982541 0.002560 0.009801 0.005098
 0.620619 0.009538 0.358915 0.010929
 0.005098 0.904188 0.017729 0.072985
 0.013345 0.915925 0.010806 0.059924
 0.023498 0.683692 0.012076 0.280734
 0.494544 0.006366 0.483841 0.015249
 0.035548 0.007000 0.951085 0.006367
 0.046332 0.010807 0.935226 0.007636
 0.972654 0.001925 0.017785 0.007636
 0.042155 0.003194 0.950187 0.004464
 0.031108 0.012075 0.771523 0.185294

MOTIF 6-GAGGCTGAGGCAGGA STREME-6
letter-probability matrix: alength= 4 w= 15 nsites= 2006 E= 6.8e-050
 0.056434 0.019246 0.908918 0.015402
 0.955621 0.003315 0.029508 0.011556
 0.073637 0.002766 0.920830 0.002767
 0.039023 0.007161 0.946655 0.007161
 0.007161 0.969045 0.004642 0.019152
 0.007162 0.088369 0.009358 0.895111
 0.059482 0.002766 0.933337 0.004415
 0.978289 0.002766 0.016178 0.002767
 0.067957 0.007160 0.921567 0.003316
 0.061005 0.003315 0.929617 0.006063
 0.009586 0.710034 0.011006 0.269373
 0.681791 0.013109 0.291896 0.013204
 0.066173 0.028587 0.879398 0.025842
 0.080247 0.006062 0.903783 0.009908
 0.869840 0.049461 0.037924 0.042775

MOTIF 7-YGTCTCAAAAAAAAA STREME-7
letter-probability matrix: alength= 4 w= 15 nsites= 1755 E= 5.0e-049
 0.016354 0.348966 0.004652 0.630028
 0.204456 0.008250 0.784658 0.002636
 0.002636 0.029675 0.000023 0.967667
 0.003941 0.957220 0.005246 0.033592
 0.001600 0.000023 0.000675 0.997702
 0.039546 0.920580 0.007205 0.032669
 0.793332 0.031363 0.009163 0.166142
 0.952266 0.000023 0.029404 0.018306
 0.886697 0.097317 0.008780 0.007206
 0.900026 0.036586 0.013733 0.049654
 0.904986 0.053834 0.018957 0.022223
 0.861500 0.092747 0.016998 0.028755
 0.888775 0.050455 0.023527 0.037242
 0.891807 0.043895 0.020262 0.044036
 0.882346 0.053561 0.029676 0.034416

MOTIF 8-GACAGAGYGAGACTC STREME-8
letter-probability matrix: alength= 4 w= 15 nsites= 1602 E= 5.4e-038
 0.188298 0.011486 0.787571 0.012645
 0.981909 0.004939 0.009849 0.003304
 0.012305 0.949173 0.013940 0.024581
 0.978296 0.004460 0.006576 0.010668
 0.040948 0.039313 0.915617 0.004122
 0.973725 0.002484 0.015577 0.008214
 0.037674 0.012304 0.945081 0.004940
 0.037674 0.569746 0.047835 0.344745
 0.307888 0.044221 0.625766 0.022126
 0.961111 0.006096 0.017214 0.015579
 0.043403 0.014759 0.938535 0.003304
 0.951291 0.006576 0.029828 0.012305
 0.013123 0.907096 0.023761 0.056019
 0.034401 0.242497 0.012304 0.710799
 0.019670 0.875520 0.036854 0.067955

MOTIF 9-GCCACCAYGCCYRGC STREME-9
letter-probability matrix: alength= 4 w= 15 nsites= 1417 E= 1.1e-033
 0.223560 0.008703 0.759034 0.008704
 0.002395 0.923416 0.009491 0.064698
 0.002395 0.965214 0.003182 0.029209
 0.978622 0.000028 0.016589 0.004761
 0.005549 0.942344 0.006337 0.045770
 0.014224 0.815500 0.015801 0.154475
 0.701589 0.006337 0.282254 0.009820
 0.016591 0.594945 0.009492 0.378973
 0.285414 0.008703 0.692910 0.012973
 0.007915 0.935246 0.007126 0.049713
 0.005549 0.938863 0.003182 0.052405
 0.024477 0.601247 0.007126 0.367150
 0.374087 0.011857 0.595100 0.018956
 0.050040 0.013434 0.934919 0.001606
 0.011859 0.942344 0.005548 0.040250

MOTIF 10-WWTRTTTRYWTW STREME-10
letter-probability matrix: alength= 4 w= 12 nsites= 4717 E= 3.9e-032
 0.421400 0.136233 0.148294 0.294073
 0.434810 0.114310 0.149676 0.301204
 0.000011 0.018951 0.000011 0.981026
 0.527688 0.000011 0.472289 0.000011
 0.000011 0.000011 0.000011 0.999967
 0.028990 0.000011 0.000011 0.970988
 0.002524 0.000011 0.102634 0.894831
 0.632942 0.000011 0.367035 0.000011
 0.000339 0.659880 0.000011 0.339770
 0.281226 0.154777 0.003190 0.560807
 0.128467 0.234443 0.141812 0.495278
 0.518647 0.005221 0.014811 0.461320

MOTIF 11-CAAAGKTCA STREME-11
letter-probability matrix: alength= 4 w= 9 nsites= 2873 E= 4.6e-019
 0.028352 0.857340 0.036710 0.077597
 0.667412 0.302714 0.010047 0.019827
 0.892957 0.000033 0.095320 0.011689
 0.983676 0.005187 0.011103 0.000035
 0.001787 0.000236 0.997943 0.000035
 0.054011 0.002282 0.626976 0.316730
 0.054768 0.182886 0.095704 0.666641
 0.006689 0.943233 0.002985 0.047093
 0.962417 0.002566 0.026220 0.008797

MOTIF 12-CCCCRCCCCC STREME-12
letter-probability matrix: alength= 4 w= 10 nsites= 2256 E= 4.7e-009
 0.000056 0.963273 0.000054 0.036617
 0.000056 0.971606 0.000054 0.028283
 0.000056 0.999833 0.000054 0.000056
 0.075958 0.923932 0.000054 0.000056
 0.301066 0.000054 0.480745 0.218135
 0.000056 0.999833 0.000054 0.000056
 0.022024 0.960603 0.017317 0.000056
 0.000056 0.907078 0.000054 0.092811
 0.097408 0.773392 0.039033 0.090167
 0.086874 0.589843 0.104857 0.218426

MOTIF 13-RTGASTCAY STREME-13
letter-probability matrix: alength= 4 w= 9 nsites= 1010 E= 8.6e-009
 0.401574 0.133738 0.450466 0.014221
 0.000133 0.001919 0.000127 0.997821
 0.000133 0.000127 0.961079 0.038661
 0.999613 0.000127 0.000127 0.000133
 0.042108 0.457892 0.457892 0.042108
 0.000133 0.000127 0.000127 0.999613
 0.038661 0.961079 0.000127 0.000133
 0.997821 0.000127 0.001919 0.000133
 0.014221 0.450466 0.133738 0.401574

MOTIF 14-AAAAAAAAAAAAA STREME-14
letter-probability matrix: alength= 4 w= 13 nsites= 979 E= 2.6e-008
 0.999748 0.000083 0.000083 0.000086
 0.999748 0.000083 0.000083 0.000086
 0.984289 0.002915 0.012710 0.000086
 0.636739 0.170269 0.178710 0.014282
 0.988151 0.003814 0.006779 0.001256
 0.780505 0.000455 0.044761 0.174279
 0.950762 0.004603 0.039035 0.005600
 0.789310 0.174371 0.005240 0.031080
 0.803240 0.136350 0.038373 0.022037
 0.927609 0.001174 0.071097 0.000119
 0.788979 0.018264 0.181532 0.011225
 0.999748 0.000083 0.000083 0.000086
 0.999748 0.000083 0.000083 0.000086

MOTIF 15-CCACYAGRKGG STREME-15
letter-probability matrix: alength= 4 w= 11 nsites= 827 E= 6.9e-007
 0.040350 0.959497 0.000075 0.000078
 0.000078 0.996771 0.000075 0.003076
 0.928698 0.006132 0.035944 0.029226
 0.020906 0.691414 0.266982 0.020697
 0.117970 0.294791 0.003477 0.583763
 0.973695 0.000075 0.026152 0.000078
 0.000078 0.010671 0.989173 0.000078
 0.596509 0.000075 0.403338 0.000078
 0.004317 0.014547 0.464918 0.516219
 0.000078 0.000075 0.999769 0.000078
 0.005746 0.033501 0.896939 0.063814

MOTIF 16-ATCACYTGAGSYCAG STREME-16
letter-probability matrix: alength= 4 w= 15 nsites= 352 E= 3.9e-006
 0.941926 0.027461 0.027461 0.003151
 0.003151 0.003147 0.000107 0.993594
 0.000112 0.937622 0.003147 0.059119
 0.782621 0.000107 0.217160 0.000112
 0.000112 0.908489 0.012265 0.079135
 0.009230 0.420902 0.009225 0.560642
 0.012269 0.036579 0.057854 0.893297
 0.057859 0.012265 0.929764 0.000112
 0.966241 0.000107 0.018343 0.015309
 0.158159 0.018343 0.808189 0.015309
 0.027466 0.456010 0.428271 0.088253
 0.000112 0.511978 0.003147 0.484763
 0.012269 0.823386 0.039618 0.124726
 0.764384 0.027461 0.176390 0.031765
 0.104708 0.009225 0.879876 0.006191

MOTIF 17-CAGGCTGGTCTYGAA STREME-17
letter-probability matrix: alength= 4 w= 15 nsites= 205 E= 8.6e-006
 0.005919 0.953707 0.005910 0.034463
 0.993677 0.000202 0.005910 0.000211
 0.034463 0.000202 0.947998 0.017337
 0.023045 0.000202 0.953708 0.023045
 0.114388 0.856657 0.000202 0.028754
 0.011628 0.011619 0.000202 0.976551
 0.040173 0.005910 0.936580 0.017337
 0.045880 0.005910 0.930873 0.017337
 0.005919 0.125806 0.000202 0.868073
 0.005919 0.965124 0.000202 0.028755
 0.005919 0.011619 0.023036 0.959425
 0.000211 0.542610 0.011619 0.445560
 0.228601 0.057289 0.713899 0.000211
 0.982260 0.000202 0.017328 0.000211
 0.856665 0.017328 0.040162 0.085845

MOTIF 18-CACTTCCKGB STREME-18
letter-probability matrix: alength= 4 w= 10 nsites= 1363 E= 1.8e-005
 0.132936 0.586530 0.131433 0.149101
 0.802614 0.010915 0.186386 0.000085
 0.000085 0.999749 0.000081 0.000085
 0.030933 0.000081 0.000081 0.968904
 0.007941 0.000081 0.000081 0.991897
 0.000085 0.999749 0.000081 0.000085
 0.000085 0.999749 0.000081 0.000085
 0.000085 0.000081 0.611232 0.388602
 0.015263 0.183170 0.705687 0.095880
 0.100650 0.327989 0.251232 0.320128

MOTIF 19-GGGAAGGGA STREME-19
letter-probability matrix: alength= 4 w= 9 nsites= 1832 E= 2.8e-005
 0.080408 0.007877 0.911523 0.000193
 0.032549 0.000184 0.967074 0.000193
 0.036825 0.000184 0.962798 0.000193
 0.750012 0.172645 0.070571 0.006771
 0.994347 0.005276 0.000184 0.000193
 0.098211 0.000184 0.901412 0.000193
 0.000193 0.056251 0.719726 0.223831
 0.000193 0.000184 0.999430 0.000193
 0.707090 0.045160 0.225207 0.022543

MOTIF 20-CTTTGAACTC STREME-20
letter-probability matrix: alength= 4 w= 10 nsites= 1016 E= 6.7e-005
 0.001041 0.950769 0.048077 0.000112
 0.001490 0.202379 0.000390 0.795741
 0.078202 0.000108 0.000108 0.921582
 0.002186 0.008514 0.001234 0.988066
 0.002080 0.001159 0.996649 0.000112
 0.770215 0.000108 0.121758 0.107920
 0.687779 0.118883 0.000108 0.193231
 0.003144 0.872846 0.121100 0.002910
 0.033171 0.041813 0.000693 0.924322
 0.118133 0.579669 0.099322 0.202877

MOTIF 21-ACAAGAGYRAAACTC STREME-21
letter-probability matrix: alength= 4 w= 15 nsites= 212 E= 2.0e-004
 0.967373 0.000189 0.021557 0.010881
 0.016223 0.945995 0.000189 0.037592
 0.994083 0.005531 0.000189 0.000197
 0.999425 0.000189 0.000189 0.000197
 0.032251 0.053610 0.913942 0.000197
 0.988741 0.000189 0.010873 0.000197
 0.074987 0.005531 0.908601 0.010881
 0.026908 0.550554 0.016215 0.406323
 0.331485 0.010873 0.652103 0.005539
 0.978057 0.000189 0.005531 0.016224
 0.839161 0.000189 0.160453 0.000197
 0.994083 0.005531 0.000189 0.000197
 0.000197 0.908598 0.037586 0.053618
 0.016224 0.048268 0.005531 0.929978
 0.000197 0.940654 0.005531 0.053618

MOTIF 22-DTTRCGYAAH STREME-22
letter-probability matrix: alength= 4 w= 10 nsites= 315 E= 3.2e-004
 0.266277 0.000253 0.473637 0.259834
 0.000264 0.026642 0.007408 0.965686
 0.000264 0.003830 0.000253 0.995652
 0.481816 0.000253 0.428053 0.089879
 0.094800 0.788750 0.112608 0.003842
 0.003842 0.112608 0.788750 0.094800
 0.089879 0.428053 0.000253 0.481816
 0.995652 0.000253 0.003830 0.000264
 0.965686 0.007408 0.026642 0.000264
 0.259834 0.473637 0.000253 0.266277

MOTIF 23-AATSATTAAC STREME-23
letter-probability matrix: alength= 4 w= 10 nsites= 391 E= 5.2e-004
 0.974669 0.006214 0.000160 0.018956
 0.989095 0.010577 0.000160 0.000167
 0.096983 0.069545 0.000160 0.833311
 0.115175 0.263003 0.494442 0.127380
 0.800605 0.000160 0.017927 0.181307
 0.070646 0.011854 0.017076 0.900424
 0.006536 0.005940 0.000160 0.987364
 0.985341 0.000160 0.014331 0.000167
 0.939771 0.000160 0.017264 0.042805
 0.029016 0.964606 0.006211 0.000167

MOTIF 24-AGTGGCRYRATCWY STREME-24
letter-probability matrix: alength= 4 w= 14 nsites= 136 E= 5.5e-004
 0.982009 0.000302 0.017374 0.000315
 0.162498 0.000302 0.836885 0.000315
 0.000315 0.000302 0.000302 0.999081
 0.034460 0.008838 0.956387 0.000315
 0.077143 0.000302 0.905168 0.017387
 0.000315 0.768583 0.000302 0.230800
 0.614939 0.000302 0.350300 0.034460
 0.000315 0.580788 0.000302 0.418596
 0.444218 0.000302 0.555165 0.000315
 0.990545 0.000302 0.008838 0.000315
 0.000315 0.000302 0.000302 0.999081
 0.000315 0.990532 0.008838 0.000315
 0.555187 0.000302 0.000302 0.444210
 0.017387 0.461262 0.000302 0.521049

MOTIF 25-ACTYRGGAGGCTGAG STREME-25
letter-probability matrix: alength= 4 w= 15 nsites= 206 E= 1.8e-003
 0.946960 0.013077 0.039766 0.000197
 0.000197 0.983404 0.000189 0.016210
 0.000197 0.042891 0.016202 0.940710
 0.005535 0.485679 0.048229 0.460557
 0.341567 0.010864 0.604669 0.042899
 0.000197 0.000189 0.999417 0.000197
 0.119841 0.016202 0.837071 0.026886
 0.881994 0.016202 0.053567 0.048238
 0.135855 0.000189 0.826395 0.037561
 0.149655 0.010864 0.823270 0.016210
 0.032224 0.826396 0.023753 0.117628
 0.053575 0.021540 0.069580 0.855305
 0.171006 0.007739 0.810382 0.010873
 0.919359 0.010864 0.064242 0.005535
 0.106953 0.074918 0.791243 0.026886

MOTIF 26-RTGACGTCAYCS STREME-26
letter-probability matrix: alength= 4 w= 12 nsites= 306 E= 4.1e-003
 0.404308 0.181759 0.362100 0.051833
 0.000147 0.049502 0.000141 0.950210
 0.000147 0.000141 0.999566 0.000147
 0.930329 0.000141 0.000141 0.069390
 0.000147 0.765554 0.000141 0.234159
 0.203796 0.137692 0.658365 0.000147
 0.068710 0.000141 0.000141 0.931009
 0.000147 0.999566 0.000141 0.000147
 0.971739 0.000141 0.027974 0.000147
 0.000147 0.574945 0.042315 0.382594
 0.051837 0.720548 0.227468 0.000147
 0.178758 0.418407 0.223777 0.179057

MOTIF 27-GAGTAGCTGGGAC STREME-27
letter-probability matrix: alength= 4 w= 13 nsites= 213 E= 4.4e-003
 0.213260 0.031294 0.708590 0.046856
 0.963147 0.000183 0.036479 0.000191
 0.005376 0.005368 0.989064 0.000191
 0.000191 0.026108 0.000183 0.973517
 0.968332 0.005368 0.020923 0.005376
 0.052044 0.010553 0.932026 0.005376
 0.031301 0.926845 0.005368 0.036486
 0.000191 0.000183 0.005368 0.994257
 0.031301 0.000183 0.936218 0.032298
 0.064562 0.017888 0.896620 0.020931
 0.084143 0.010553 0.899928 0.005376
 0.906115 0.000183 0.083145 0.010557
 0.067595 0.610053 0.034802 0.287550

MOTIF 28-ACTTTGGGAGGCCRA STREME-28
letter-probability matrix: alength= 4 w= 15 nsites= 160 E= 5.3e-003
 0.992525 0.006988 0.000239 0.000249
 0.006998 0.952019 0.020486 0.020497
 0.000249 0.000239 0.000239 0.999274
 0.000249 0.087979 0.000239 0.911533
 0.000249 0.040733 0.000239 0.958779
 0.054243 0.000239 0.938520 0.006998
 0.054242 0.006988 0.938521 0.000249
 0.054243 0.006988 0.938520 0.000249
 0.979026 0.013737 0.000239 0.006998
 0.067741 0.000239 0.925022 0.006998
 0.040744 0.013737 0.945270 0.000249
 0.000249 0.911523 0.013737 0.074491
 0.040744 0.695541 0.047484 0.216231
 0.479552 0.040734 0.459217 0.020497
 0.891287 0.020486 0.047483 0.040744

MOTIF 29-CAAGGTCA STREME-29
letter-probability matrix: alength= 4 w= 8 nsites= 852 E= 9.8e-003
 0.000334 0.756162 0.195358 0.048147
 0.878064 0.000320 0.084154 0.037462
 0.961397 0.014710 0.000320 0.023573
 0.000334 0.000760 0.998572 0.000334
 0.000359 0.000320 0.998988 0.000334
 0.000334 0.000320 0.000320 0.999027
 0.034887 0.942252 0.000320 0.022541
 0.723150 0.169418 0.065569 0.041862

MOTIF 30-GAATGTACTTAATRC STREME-30
letter-probability matrix: alength= 4 w= 15 nsites= 124 E= 1.8e-002
 0.000319 0.000306 0.964441 0.034933
 0.973108 0.017613 0.000306 0.008973
 0.947148 0.026266 0.026266 0.000319
 0.008973 0.052227 0.008959 0.929841
 0.190698 0.000306 0.808677 0.000319
 0.008973 0.017613 0.000306 0.973108
 0.808692 0.034920 0.138762 0.017626
 0.008973 0.787784 0.078187 0.125056
 0.086854 0.026266 0.008959 0.877920
 0.185631 0.112802 0.060881 0.640687
 0.947148 0.000306 0.052227 0.000319
 0.886573 0.026267 0.069534 0.017626
 0.095509 0.182032 0.043573 0.678886
 0.346462 0.052227 0.540417 0.060894
 0.060894 0.857012 0.026266 0.055828

MOTIF 31-CATTTCC STREME-31
letter-probability matrix: alength= 4 w= 7 nsites= 994 E= 2.5e-002
 0.023218 0.931327 0.022236 0.023218
 0.932309 0.022236 0.022236 0.023218
 0.023218 0.022236 0.022236 0.932309
 0.023218 0.022236 0.022236 0.932309
 0.023218 0.022236 0.022236 0.932309
 0.023218 0.931327 0.022236 0.023218
 0.023218 0.931327 0.022236 0.023218

MOTIF 32-AACTYTGTACCC STREME-32
letter-probability matrix: alength= 4 w= 12 nsites= 131 E= 2.6e-002
 0.952404 0.000329 0.037604 0.009663
 0.877852 0.000329 0.056242 0.065576
 0.000344 0.998983 0.000329 0.000344
 0.069440 0.074882 0.000329 0.855349
 0.037619 0.575767 0.018967 0.367647
 0.000344 0.048714 0.028285 0.922657
 0.190588 0.000329 0.790101 0.018982
 0.018982 0.000329 0.041458 0.939231
 0.932464 0.029586 0.037606 0.000344
 0.000344 0.998983 0.000329 0.000344
 0.000344 0.971046 0.000329 0.028281
 0.056257 0.896477 0.009648 0.037619

MOTIF 33-GAGAGAGAGAGAGA STREME-33
letter-probability matrix: alength= 4 w= 14 nsites= 186 E= 5.5e-002
 0.011628 0.010664 0.977460 0.000248
 0.907685 0.000237 0.074112 0.017965
 0.083624 0.087544 0.825800 0.003032
 0.926460 0.000237 0.042837 0.030466
 0.113270 0.053964 0.823018 0.009748
 0.940219 0.003022 0.036365 0.020395
 0.000248 0.000237 0.999267 0.000248
 0.752957 0.000237 0.246558 0.000248
 0.057096 0.184347 0.751594 0.006964
 0.858246 0.013669 0.074111 0.053974
 0.187361 0.003592 0.795367 0.013679
 0.897152 0.053964 0.048636 0.000248
 0.044121 0.000237 0.955393 0.000248
 0.999277 0.000237 0.000237 0.000248

MOTIF 34-AAGATGGCGGC STREME-34
letter-probability matrix: alength= 4 w= 11 nsites= 118 E= 6.7e-002
 0.905605 0.000359 0.073358 0.020677
 0.968453 0.000359 0.000359 0.030829
 0.000375 0.319311 0.659637 0.020677
 0.998908 0.000359 0.000359 0.000375
 0.000375 0.000359 0.000359 0.998908
 0.010526 0.000359 0.988741 0.000375
 0.000375 0.000359 0.988741 0.010526
 0.000375 0.998892 0.000359 0.000375
 0.000375 0.134273 0.864978 0.000375
 0.071435 0.081574 0.836474 0.010517
 0.164742 0.805816 0.000359 0.029083

MOTIF 35-ACAYACACACAC STREME-35
letter-probability matrix: alength= 4 w= 12 nsites= 241 E= 8.4e-002
 0.999320 0.000223 0.000223 0.000233
 0.054098 0.930380 0.000223 0.015298
 0.749312 0.000223 0.092257 0.158208
 0.000233 0.455888 0.023640 0.520239
 0.936366 0.000223 0.063177 0.000233
 0.006551 0.976947 0.000223 0.016279
 0.974049 0.000223 0.025495 0.000233
 0.007295 0.847894 0.012858 0.131952
 0.999320 0.000223 0.000223 0.000233
 0.238296 0.761247 0.000223 0.000233
 0.921080 0.044228 0.034458 0.000233
 0.006545 0.883046 0.000223 0.110186

MOTIF 36-TGCGCMKGCGCA STREME-36
letter-probability matrix: alength= 4 w= 12 nsites= 177 E= 9.0e-002
 0.055497 0.077630 0.132603 0.734271
 0.027583 0.005784 0.962634 0.003999
 0.010551 0.985192 0.000263 0.003994
 0.015174 0.006509 0.978042 0.000275
 0.001819 0.967903 0.016774 0.013504
 0.585186 0.348930 0.024548 0.041336
 0.041336 0.024548 0.348930 0.585186
 0.013504 0.016774 0.967903 0.001819
 0.000275 0.978042 0.006509 0.015174
 0.003994 0.000263 0.985192 0.010551
 0.003999 0.962634 0.005784 0.027583
 0.734271 0.132603 0.077630 0.055497

MOTIF 37-CCACGTGAC STREME-37
letter-probability matrix: alength= 4 w= 9 nsites= 638 E= 1.0e-001
 0.055370 0.699455 0.102172 0.143004
 0.080367 0.901565 0.003987 0.014082
 0.999331 0.000220 0.000220 0.000229
 0.046505 0.859322 0.000220 0.093953
 0.000229 0.000220 0.999322 0.000229
 0.000229 0.000220 0.000220 0.999331
 0.000229 0.000220 0.999322 0.000229
 0.686494 0.000220 0.295082 0.018204
 0.000229 0.745924 0.090998 0.162849

MOTIF 38-ACTCGG STREME-38
letter-probability matrix: alength= 4 w= 6 nsites= 822 E= 1.1e-001
 0.932309 0.022236 0.022236 0.023218
 0.023218 0.931327 0.022236 0.023218
 0.023218 0.022236 0.022236 0.932309
 0.023218 0.931327 0.022236 0.023218
 0.023218 0.022236 0.931327 0.023218
 0.023218 0.022236 0.931327 0.023218

MOTIF 39-CCAAAGTCC STREME-39
letter-probability matrix: alength= 4 w= 9 nsites= 448 E= 1.3e-001
 0.060094 0.739901 0.069557 0.130448
 0.016518 0.870514 0.008061 0.104907
 0.872791 0.026203 0.046491 0.054515
 0.991025 0.000350 0.000350 0.008276
 0.954282 0.044019 0.000350 0.001349
 0.000365 0.000350 0.964516 0.034769
 0.011422 0.000350 0.000350 0.987879
 0.019982 0.855213 0.120740 0.004064
 0.006810 0.959052 0.001266 0.032873

MOTIF 40-ACTACAAYTCCCA STREME-40
letter-probability matrix: alength= 4 w= 13 nsites= 94 E= 1.4e-001
 0.959285 0.020174 0.020174 0.000366
 0.000366 0.969182 0.010262 0.020190
 0.020190 0.000350 0.030086 0.949374
 0.965088 0.020174 0.014372 0.000366
 0.000366 0.979094 0.020174 0.000366
 0.840341 0.030087 0.109383 0.020190
 0.790766 0.119307 0.000350 0.089576
 0.109399 0.420790 0.201794 0.268016
 0.000366 0.059823 0.020174 0.919637
 0.020190 0.949358 0.010262 0.020190
 0.010278 0.989006 0.000350 0.000366
 0.000366 0.989006 0.010262 0.000366
 0.701567 0.000350 0.277893 0.020190

MOTIF 41-CGCCGCCGCCGCC STREME-41
letter-probability matrix: alength= 4 w= 13 nsites= 213 E= 2.2e-001
 0.000200 0.988553 0.011046 0.000200
 0.000200 0.000192 0.999407 0.000200
 0.113287 0.815457 0.002904 0.068352
 0.011271 0.835826 0.152702 0.000200
 0.089319 0.033812 0.811517 0.065352
 0.000200 0.934255 0.011050 0.054494
 0.027347 0.800830 0.133618 0.038205
 0.161327 0.035018 0.774057 0.029598
 0.054493 0.735228 0.089311 0.120968
 0.000200 0.991266 0.000192 0.008342
 0.010595 0.011690 0.920759 0.056956
 0.023418 0.870347 0.040883 0.065352
 0.043168 0.673717 0.266626 0.016488

MOTIF 42-GAACTCCTGGGC STREME-42
letter-probability matrix: alength= 4 w= 12 nsites= 125 E= 2.3e-001
 0.000354 0.000339 0.998952 0.000354
 0.998967 0.000339 0.000339 0.000354
 0.659266 0.320832 0.000339 0.019562
 0.057969 0.825885 0.011789 0.104357
 0.009518 0.000339 0.000339 0.989803
 0.000354 0.918140 0.004321 0.077185
 0.000354 0.882836 0.048358 0.068452
 0.145272 0.013925 0.000339 0.840464
 0.071564 0.000339 0.927742 0.000354
 0.074948 0.000339 0.924358 0.000354
 0.090762 0.118910 0.750689 0.039639
 0.026053 0.930865 0.029142 0.013940

MOTIF 43-AGGAAG STREME-43
letter-probability matrix: alength= 4 w= 6 nsites= 3271 E= 2.6e-001
 0.932309 0.022236 0.022236 0.023218
 0.023218 0.022236 0.931327 0.023218
 0.023218 0.022236 0.931327 0.023218
 0.932309 0.022236 0.022236 0.023218
 0.932309 0.022236 0.022236 0.023218
 0.023218 0.022236 0.931327 0.023218

MOTIF 44-AAAAATAAAA STREME-44
letter-probability matrix: alength= 4 w= 10 nsites= 131 E= 2.8e-001
 0.932309 0.022236 0.022236 0.023218
 0.932309 0.022236 0.022236 0.023218
 0.932309 0.022236 0.022236 0.023218
 0.932309 0.022236 0.022236 0.023218
 0.932309 0.022236 0.022236 0.023218
 0.023218 0.022236 0.022236 0.932309
 0.932309 0.022236 0.022236 0.023218
 0.932309 0.022236 0.022236 0.023218
 0.932309 0.022236 0.022236 0.023218
 0.932309 0.022236 0.022236 0.023218

MOTIF 45-CAAGGACA STREME-45
letter-probability matrix: alength= 4 w= 8 nsites= 323 E= 3.4e-001
 0.023218 0.931327 0.022236 0.023218
 0.932309 0.022236 0.022236 0.023218
 0.932309 0.022236 0.022236 0.023218
 0.023218 0.022236 0.931327 0.023218
 0.023218 0.022236 0.931327 0.023218
 0.932309 0.022236 0.022236 0.023218
 0.023218 0.931327 0.022236 0.023218
 0.932309 0.022236 0.022236 0.023218

MOTIF 46-AATATTTAC STREME-46
letter-probability matrix: alength= 4 w= 9 nsites= 360 E= 4.1e-001
 0.923076 0.022311 0.026807 0.027807
 0.936708 0.001161 0.044001 0.018130
 0.000349 0.103119 0.006813 0.889719
 0.964758 0.000819 0.034073 0.000349
 0.006817 0.011725 0.060562 0.920897
 0.012276 0.009746 0.081766 0.896212
 0.021361 0.001919 0.068077 0.908643
 0.791835 0.053325 0.079408 0.075431
 0.007365 0.948684 0.026390 0.017561

MOTIF 47-AATCGATT STREME-47
letter-probability matrix: alength= 4 w= 8 nsites= 69 E= 4.3e-001
 0.932309 0.022236 0.022236 0.023218
 0.932309 0.022236 0.022236 0.023218
 0.023218 0.022236 0.022236 0.932309
 0.023218 0.931327 0.022236 0.023218
 0.023218 0.022236 0.931327 0.023218
 0.932309 0.022236 0.022236 0.023218
 0.023218 0.022236 0.022236 0.932309
 0.023218 0.022236 0.022236 0.932309

MOTIF 48-GCAAACA STREME-48
letter-probability matrix: alength= 4 w= 7 nsites= 798 E= 4.3e-001
 0.023218 0.022236 0.931327 0.023218
 0.023218 0.931327 0.022236 0.023218
 0.932309 0.022236 0.022236 0.023218
 0.932309 0.022236 0.022236 0.023218
 0.932309 0.022236 0.022236 0.023218
 0.023218 0.931327 0.022236 0.023218
 0.932309 0.022236 0.022236 0.023218

MOTIF 49-GGTGGGAGGAK STREME-49
letter-probability matrix: alength= 4 w= 11 nsites= 140 E= 4.7e-001
 0.000466 0.174166 0.824902 0.000466
 0.017692 0.000446 0.981396 0.000466
 0.000466 0.130832 0.000446 0.868256
 0.000466 0.000446 0.998622 0.000466
 0.000466 0.013065 0.986004 0.000466
 0.000466 0.000446 0.998622 0.000466
 0.791896 0.029703 0.000446 0.177956
 0.000466 0.007255 0.991814 0.000466
 0.040063 0.000446 0.937866 0.021625
 0.760219 0.238870 0.000446 0.000466
 0.000466 0.018846 0.592209 0.388479

MOTIF 50-ATGGTATAGCCTAYT STREME-50
letter-probability matrix: alength= 4 w= 15 nsites= 66 E= 5.7e-001
 0.808970 0.052202 0.103797 0.035031
 0.000635 0.035005 0.000608 0.963752
 0.035031 0.017806 0.929330 0.017833
 0.000635 0.017806 0.946528 0.035031
 0.035031 0.052202 0.000608 0.912159
 0.877762 0.000608 0.120996 0.000635
 0.000635 0.120996 0.035005 0.843365
 0.929356 0.017806 0.052203 0.000635
 0.035031 0.017806 0.946528 0.000635
 0.000635 0.980924 0.000608 0.017833
 0.017833 0.929330 0.000608 0.052229
 0.000635 0.000608 0.000608 0.998149
 0.808966 0.035004 0.138197 0.017833
 0.000635 0.430572 0.017806 0.550987
 0.035032 0.017806 0.000608 0.946554

MOTIF 51-ATGAATGAATGA STREME-51
letter-probability matrix: alength= 4 w= 12 nsites= 75 E= 5.7e-001
 0.844967 0.085734 0.000602 0.068697
 0.042866 0.000602 0.017627 0.938905
 0.068697 0.000602 0.930073 0.000628
 0.930065 0.017627 0.051679 0.000628
 0.964118 0.034652 0.000602 0.000628
 0.000628 0.034652 0.000602 0.964118
 0.017654 0.017627 0.930041 0.034679
 0.913043 0.034652 0.017627 0.034678
 0.981142 0.000602 0.017628 0.000628
 0.000628 0.000602 0.017627 0.981143
 0.017654 0.034652 0.947066 0.000628
 0.857121 0.000602 0.119794 0.022484

MOTIF 52-CGATTC STREME-52
letter-probability matrix: alength= 4 w= 6 nsites= 552 E= 6.2e-001
 0.023218 0.931327 0.022236 0.023218
 0.023218 0.022236 0.931327 0.023218
 0.932309 0.022236 0.022236 0.023218
 0.023218 0.022236 0.022236 0.932309
 0.023218 0.022236 0.022236 0.932309
 0.023218 0.931327 0.022236 0.023218

MOTIF 53-GGAAACYGA STREME-53
letter-probability matrix: alength= 4 w= 9 nsites= 147 E= 7.0e-001
 0.001145 0.010365 0.987344 0.001145
 0.001145 0.001097 0.965677 0.032080
 0.948923 0.001097 0.001097 0.048883
 0.979919 0.001097 0.001097 0.017888
 0.996661 0.001097 0.001097 0.001145
 0.001145 0.996613 0.001097 0.001145
 0.001145 0.361250 0.135330 0.502275
 0.001145 0.001097 0.996613 0.001145
 0.996661 0.001097 0.001097 0.001145

MOTIF 54-AAACAAA STREME-54
letter-probability matrix: alength= 4 w= 7 nsites= 1468 E= 7.1e-001
 0.932309 0.022236 0.022236 0.023218
 0.932309 0.022236 0.022236 0.023218
 0.932309 0.022236 0.022236 0.023218
 0.023218 0.931327 0.022236 0.023218
 0.932309 0.022236 0.022236 0.023218
 0.932309 0.022236 0.022236 0.023218
 0.932309 0.022236 0.022236 0.023218

MOTIF 55-GAATTGCTTGARCC STREME-55
letter-probability matrix: alength= 4 w= 14 nsites= 121 E= 7.9e-001
 0.026279 0.000306 0.973095 0.000319
 0.670239 0.000306 0.329135 0.000319
 0.999069 0.000306 0.000306 0.000319
 0.008973 0.043572 0.000306 0.947150
 0.043585 0.263492 0.060879 0.632044
 0.116400 0.017612 0.865668 0.000319
 0.026279 0.791377 0.034919 0.147425
 0.008973 0.000306 0.008959 0.981762
 0.000319 0.000306 0.034919 0.964456
 0.069545 0.026266 0.843297 0.060892
 0.947150 0.000306 0.026266 0.026279
 0.580119 0.008959 0.384643 0.026279
 0.017626 0.869257 0.052225 0.060892
 0.017626 0.903869 0.008959 0.069546

MOTIF 56-AGATAA STREME-56
letter-probability matrix: alength= 4 w= 6 nsites= 2044 E= 8.3e-001
 0.932309 0.022236 0.022236 0.023218
 0.023218 0.022236 0.931327 0.023218
 0.932309 0.022236 0.022236 0.023218
 0.023218 0.022236 0.022236 0.932309
 0.932309 0.022236 0.022236 0.023218
 0.932309 0.022236 0.022236 0.023218

MOTIF 57-ACATTCC STREME-57
letter-probability matrix: alength= 4 w= 7 nsites= 717 E= 9.7e-001
 0.932309 0.022236 0.022236 0.023218
 0.023218 0.931327 0.022236 0.023218
 0.932309 0.022236 0.022236 0.023218
 0.023218 0.022236 0.022236 0.932309
 0.023218 0.022236 0.022236 0.932309
 0.023218 0.931327 0.022236 0.023218
 0.023218 0.931327 0.022236 0.023218

MOTIF 58-GTAAACA STREME-58
letter-probability matrix: alength= 4 w= 7 nsites= 518 E= 1.1e+000
 0.023218 0.022236 0.931327 0.023218
 0.023218 0.022236 0.022236 0.932309
 0.932309 0.022236 0.022236 0.023218
 0.932309 0.022236 0.022236 0.023218
 0.932309 0.022236 0.022236 0.023218
 0.023218 0.931327 0.022236 0.023218
 0.932309 0.022236 0.022236 0.023218

MOTIF 59-TGTACACTTAAAA STREME-59
letter-probability matrix: alength= 4 w= 13 nsites= 58 E= 1.1e+000
 0.040618 0.000705 0.000705 0.957972
 0.000736 0.000705 0.977883 0.020677
 0.020677 0.000705 0.000705 0.977914
 0.957972 0.000705 0.040587 0.000736
 0.020677 0.977883 0.000705 0.000736
 0.957973 0.020645 0.020645 0.000736
 0.000736 0.977883 0.000705 0.020677
 0.020659 0.020645 0.020645 0.938050
 0.000736 0.040587 0.000705 0.957972
 0.778492 0.060527 0.020645 0.140335
 0.918090 0.000705 0.080469 0.000736
 0.957972 0.000705 0.040587 0.000736
 0.938033 0.020645 0.020645 0.020677

MOTIF 60-AAAGAAAGAAA STREME-60
letter-probability matrix: alength= 4 w= 11 nsites= 63 E= 1.1e+000
 0.932309 0.022236 0.022236 0.023218
 0.932309 0.022236 0.022236 0.023218
 0.932309 0.022236 0.022236 0.023218
 0.023218 0.022236 0.931327 0.023218
 0.932309 0.022236 0.022236 0.023218
 0.932309 0.022236 0.022236 0.023218
 0.932309 0.022236 0.022236 0.023218
 0.023218 0.022236 0.931327 0.023218
 0.932309 0.022236 0.022236 0.023218
 0.932309 0.022236 0.022236 0.023218
 0.932309 0.022236 0.022236 0.023218

MOTIF 61-TAATTTTTAAA STREME-61
letter-probability matrix: alength= 4 w= 11 nsites= 45 E= 1.1e+000
 0.001395 0.001336 0.001336 0.995932
 0.995932 0.001336 0.001336 0.001395
 0.995932 0.001336 0.001336 0.001395
 0.001395 0.001336 0.001336 0.995932
 0.001395 0.001336 0.001336 0.995932
 0.114818 0.190381 0.001336 0.693464
 0.001395 0.001336 0.001336 0.995932
 0.001395 0.001336 0.001336 0.995932
 0.995932 0.001336 0.001336 0.001395
 0.995932 0.001336 0.001336 0.001395
 0.995932 0.001336 0.001336 0.001395

MOTIF 62-TAATTTTTGTA STREME-62
letter-probability matrix: alength= 4 w= 11 nsites= 98 E= 2.3e+000
 0.023218 0.022236 0.022236 0.932309
 0.932309 0.022236 0.022236 0.023218
 0.932309 0.022236 0.022236 0.023218
 0.023218 0.022236 0.022236 0.932309
 0.023218 0.022236 0.022236 0.932309
 0.023218 0.022236 0.022236 0.932309
 0.023218 0.022236 0.022236 0.932309
 0.023218 0.022236 0.022236 0.932309
 0.023218 0.022236 0.931327 0.023218
 0.023218 0.022236 0.022236 0.932309
 0.932309 0.022236 0.022236 0.023218

MOTIF 63-ACAGAGCAAGAC STREME-63
letter-probability matrix: alength= 4 w= 12 nsites= 93 E= 2.3e+000
 0.916454 0.000416 0.035679 0.047451
 0.031898 0.955498 0.000416 0.012188
 0.928208 0.000416 0.070942 0.000434
 0.023943 0.000416 0.911563 0.064079
 0.970353 0.000416 0.023925 0.005307
 0.023943 0.012170 0.963453 0.000434
 0.000434 0.998717 0.000416 0.000434
 0.735246 0.129725 0.134595 0.000434
 0.951717 0.000416 0.000416 0.047452
 0.000434 0.082702 0.845901 0.070963
 0.939959 0.000416 0.059191 0.000434
 0.000434 0.970347 0.028785 0.000434

MOTIF 64-ATGCCTGTAATCC STREME-64
letter-probability matrix: alength= 4 w= 13 nsites= 67 E= 2.3e+000
 0.742976 0.000531 0.255939 0.000555
 0.000555 0.277201 0.000531 0.721714
 0.000555 0.000531 0.962084 0.036830
 0.000555 0.863146 0.000531 0.135768
 0.000555 0.908218 0.000531 0.090697
 0.000555 0.000531 0.000531 0.998383
 0.165818 0.000531 0.818073 0.015578
 0.000555 0.000531 0.000531 0.998383
 0.998383 0.000531 0.000531 0.000555
 0.848143 0.000531 0.120724 0.030602
 0.000555 0.015555 0.000531 0.983359
 0.000555 0.893193 0.060627 0.045625
 0.015578 0.818073 0.000531 0.165818

MOTIF 65-CACCACCATGCC STREME-65
letter-probability matrix: alength= 4 w= 12 nsites= 59 E= 2.3e+000
 0.000726 0.997852 0.000695 0.000726
 0.886197 0.000695 0.112381 0.000726
 0.000726 0.958504 0.000695 0.040074
 0.000726 0.919156 0.000695 0.079423
 0.997883 0.000695 0.000695 0.000726
 0.000726 0.919156 0.000695 0.079423
 0.000726 0.958505 0.040043 0.000726
 0.997883 0.000695 0.000695 0.000726
 0.000726 0.289469 0.000695 0.709110
 0.000726 0.000695 0.997852 0.000726
 0.040074 0.879809 0.000695 0.079422
 0.000726 0.997852 0.000695 0.000726

MOTIF 66-ATTAGCCAGGYRTG STREME-66
letter-probability matrix: alength= 4 w= 14 nsites= 90 E= 2.6e+000
 0.970862 0.028303 0.000408 0.000426
 0.000426 0.023514 0.000408 0.975652
 0.000426 0.000408 0.000408 0.998757
 0.998757 0.000408 0.000408 0.000426
 0.058190 0.011961 0.917870 0.011979
 0.023532 0.952528 0.000408 0.023532
 0.000426 0.709923 0.000408 0.289243
 0.617520 0.069724 0.266119 0.046637
 0.196822 0.000408 0.802344 0.000426
 0.115954 0.000408 0.848553 0.035085
 0.058189 0.617499 0.000408 0.323903
 0.467330 0.011961 0.416309 0.104400
 0.000426 0.000408 0.000408 0.998757
 0.069742 0.011961 0.837002 0.081295

MOTIF 67-GATGGTGGTGA STREME-67
letter-probability matrix: alength= 4 w= 11 nsites= 57 E= 2.6e+000
 0.000903 0.000865 0.997329 0.000903
 0.997368 0.000865 0.000865 0.000903
 0.000903 0.000865 0.000865 0.997368
 0.098707 0.000865 0.899525 0.000903
 0.147690 0.000865 0.850543 0.000903
 0.000903 0.049790 0.000865 0.948442
 0.025365 0.000865 0.972867 0.000903
 0.221096 0.000865 0.777137 0.000903
 0.000903 0.005567 0.000865 0.992666
 0.049828 0.000865 0.948404 0.000903
 0.997368 0.000865 0.000865 0.000903

MOTIF 68-ACAGAGTGAGAC STREME-68
letter-probability matrix: alength= 4 w= 12 nsites= 65 E= 2.6e+000
 0.998085 0.000629 0.000629 0.000657
 0.008036 0.990678 0.000629 0.000657
 0.917307 0.000629 0.054024 0.028040
 0.043633 0.071825 0.800646 0.083896
 0.998085 0.000629 0.000629 0.000657
 0.018439 0.000629 0.980275 0.000657
 0.000657 0.000629 0.057422 0.941292
 0.008036 0.000629 0.990678 0.000657
 0.980287 0.000629 0.018427 0.000657
 0.119499 0.043586 0.800663 0.036253
 0.802297 0.036226 0.071825 0.089651
 0.000657 0.945134 0.035770 0.018439

MOTIF 69-TTGGGAAAGA STREME-69
letter-probability matrix: alength= 4 w= 10 nsites= 283 E= 2.6e+000
 0.006466 0.000468 0.138545 0.854521
 0.025111 0.003433 0.084921 0.886536
 0.077169 0.013681 0.908662 0.000488
 0.053565 0.022644 0.910144 0.013647
 0.000488 0.005572 0.928246 0.065694
 0.881962 0.031897 0.023538 0.062602
 0.991759 0.004571 0.000468 0.003203
 0.951533 0.005950 0.010781 0.031735
 0.000488 0.065373 0.835830 0.098308
 0.943777 0.019639 0.015878 0.020705

MOTIF 70-AGGKGGCGCTG STREME-70
letter-probability matrix: alength= 4 w= 11 nsites= 136 E= 3.5e+000
 0.998653 0.000442 0.000442 0.000462
 0.000462 0.012958 0.986119 0.000462
 0.000462 0.000442 0.998634 0.000462
 0.000462 0.146412 0.552251 0.300875
 0.000462 0.000442 0.998634 0.000462
 0.000462 0.000442 0.881218 0.117878
 0.000462 0.998634 0.000442 0.000462
 0.000462 0.000442 0.998634 0.000462
 0.000462 0.794290 0.142209 0.063039
 0.000462 0.072756 0.000442 0.926340
 0.209191 0.063898 0.726450 0.000462

MOTIF 71-ACACACCTAGGCT STREME-71
letter-probability matrix: alength= 4 w= 13 nsites= 43 E= 4.6e+000
 0.916344 0.054791 0.027871 0.000994
 0.027913 0.835535 0.000952 0.135600
 0.997103 0.000952 0.000952 0.000994
 0.000994 0.970142 0.000952 0.027913
 0.970184 0.000952 0.027871 0.000994
 0.000994 0.970142 0.027871 0.000994
 0.108677 0.835540 0.027871 0.027913
 0.000994 0.000952 0.000952 0.997103
 0.943264 0.000952 0.000952 0.054833
 0.000994 0.000952 0.997061 0.000994
 0.027913 0.027871 0.943223 0.000994
 0.000994 0.970142 0.000952 0.027913
 0.027913 0.000952 0.000952 0.970184

MOTIF 72-CCCAGCCCC STREME-72
letter-probability matrix: alength= 4 w= 9 nsites= 1023 E= 5.4e+000
 0.000538 0.932376 0.011375 0.055711
 0.000407 0.978980 0.008031 0.012582
 0.005814 0.960298 0.028400 0.005487
 0.860676 0.033484 0.033828 0.072012
 0.036094 0.006140 0.902448 0.055318
 0.037120 0.916081 0.000390 0.046409
 0.013562 0.848832 0.033046 0.104560
 0.004721 0.862871 0.096438 0.035970
 0.109697 0.760036 0.013240 0.117027

MOTIF 73-GGTAYGTGACWGGG STREME-73
letter-probability matrix: alength= 4 w= 14 nsites= 45 E= 1.8e+001
 0.072057 0.000839 0.878774 0.048330
 0.000876 0.000839 0.997410 0.000876
 0.000876 0.000839 0.024566 0.973720
 0.973720 0.024566 0.000839 0.000876
 0.000876 0.617765 0.072019 0.309340
 0.048330 0.000839 0.949956 0.000876
 0.000876 0.000839 0.000839 0.997447
 0.000876 0.000839 0.997410 0.000876
 0.973720 0.000839 0.024566 0.000876
 0.024603 0.949956 0.024566 0.000876
 0.499168 0.024566 0.072019 0.404247
 0.072056 0.000839 0.902502 0.024603
 0.072056 0.000839 0.926229 0.000876
 0.024603 0.024566 0.949956 0.000876

********************************************************************************
Stopped because 3 consecutive motifs exceeded the p-value threshold (0.05).
********************************************************************************
COMMAND:	streme --verbosity 1 --oc meme_out_incomplete_DL/HepG2_CEBPG-human_ENCFF642FIX/streme_out -dna --seed 0 --p meme_out_incomplete_DL/HepG2_CEBPG-human_ENCFF642FIX/seqs-centered --minw 6 --maxw 15 --time 6164 --order 2 --thresh 0.05 --align center --totallength 4000000 --parse-genomic-coord
********************************************************************************
CPU:		9f05ee173ae9
********************************************************************************
FINALTIME:	3781.92 seconds
********************************************************************************
