********************************************************************************
STREME - Sensitive, Thorough, Rapid, Enriched Motif Elicitation
********************************************************************************
MEME version 5.5.3 (Release date: Sat Jun 10 16:19:38 2023 -0700)

For further information on how to interpret these results please access http://localhost:8080/meme_5.5.3.
To get a copy of the MEME Suite software please access https://meme-suite.org.

********************************************************************************


********************************************************************************
REFERENCE
********************************************************************************
If you use this program in your research, please cite:

Timothy L. Bailey,
"STREME: accurate and versatile sequence motif discovery",
Bioinformatics, Mar. 24, 2021.
********************************************************************************


ALPHABET= ACGT

strands: + -

Background letter frequencies
A 0.205 C 0.295 G 0.295 T 0.205 

MOTIF 1-CCCCGCCCCC STREME-1
letter-probability matrix: alength= 4 w= 10 nsites= 1363 E= 1.9e-011
 0.000071 0.966879 0.000102 0.032947
 0.000071 0.974684 0.000102 0.025142
 0.061072 0.938755 0.000102 0.000071
 0.000071 0.999756 0.000102 0.000071
 0.073747 0.000102 0.832220 0.093931
 0.037012 0.928898 0.023851 0.010238
 0.000071 0.999756 0.000102 0.000071
 0.000071 0.930625 0.016110 0.053195
 0.047714 0.923275 0.000102 0.028909
 0.060455 0.534548 0.208793 0.196205

MOTIF 2-CCACGTGAYC STREME-2
letter-probability matrix: alength= 4 w= 10 nsites= 746 E= 1.5e-006
 0.014498 0.602171 0.174253 0.209078
 0.076727 0.661907 0.084998 0.176369
 0.945156 0.000106 0.000106 0.054632
 0.000073 0.945662 0.000106 0.054159
 0.000073 0.000106 0.999747 0.000073
 0.000073 0.000106 0.000106 0.999714
 0.040845 0.204330 0.752031 0.002794
 0.627303 0.123438 0.199236 0.050023
 0.054723 0.521428 0.020325 0.403524
 0.088612 0.745190 0.089101 0.077097

MOTIF 3-GTAAAYA STREME-3
letter-probability matrix: alength= 4 w= 7 nsites= 1978 E= 3.2e-006
 0.220007 0.000142 0.734074 0.045777
 0.000098 0.297468 0.000142 0.702292
 0.985484 0.014276 0.000142 0.000098
 0.994839 0.000142 0.000142 0.004878
 0.999618 0.000142 0.000142 0.000098
 0.000098 0.579583 0.000142 0.420177
 0.999618 0.000142 0.000142 0.000098

MOTIF 4-TCAGCACCAYGGACA STREME-4
letter-probability matrix: alength= 4 w= 15 nsites= 270 E= 6.0e-006
 0.000122 0.074491 0.066235 0.859152
 0.008379 0.950038 0.000176 0.041408
 0.999526 0.000176 0.000176 0.000122
 0.012507 0.008433 0.978938 0.000122
 0.057923 0.755976 0.124045 0.062056
 0.995398 0.000176 0.000176 0.004250
 0.008379 0.983066 0.000176 0.008379
 0.012507 0.962423 0.004304 0.020765
 0.582457 0.095140 0.148861 0.173542
 0.099227 0.330656 0.070369 0.499748
 0.000122 0.000176 0.995452 0.004250
 0.004250 0.000176 0.991323 0.004250
 0.929338 0.049722 0.004304 0.016636
 0.000122 0.871589 0.091008 0.037281
 0.999526 0.000176 0.000176 0.000122

MOTIF 5-CCTGTAATCCCAGC STREME-5
letter-probability matrix: alength= 4 w= 14 nsites= 237 E= 2.3e-005
 0.005086 0.900680 0.015032 0.079201
 0.005086 0.930327 0.005151 0.059436
 0.000146 0.005151 0.000211 0.994492
 0.049557 0.015032 0.930324 0.005086
 0.000146 0.034798 0.049619 0.915437
 0.959907 0.010092 0.024915 0.005086
 0.791887 0.005151 0.197875 0.005086
 0.014968 0.064442 0.005151 0.915439
 0.010027 0.935265 0.005151 0.049557
 0.000146 0.964913 0.005151 0.029790
 0.005086 0.895733 0.005151 0.094030
 0.974730 0.000211 0.015032 0.010027
 0.034730 0.029854 0.925388 0.010027
 0.044612 0.895743 0.015033 0.044612

MOTIF 6-ATGACTMAY STREME-6
letter-probability matrix: alength= 4 w= 9 nsites= 556 E= 4.3e-004
 0.662452 0.105612 0.207211 0.024726
 0.000123 0.158938 0.000177 0.840763
 0.027314 0.086037 0.876577 0.010072
 0.999523 0.000177 0.000177 0.000123
 0.109768 0.656016 0.104125 0.130090
 0.000123 0.000177 0.060005 0.939696
 0.374409 0.579650 0.002268 0.043673
 0.937291 0.000177 0.024175 0.038357
 0.034460 0.566317 0.098905 0.300318

MOTIF 7-CMGGAAGTG STREME-7
letter-probability matrix: alength= 4 w= 9 nsites= 610 E= 6.1e-004
 0.000146 0.764097 0.233560 0.002197
 0.334226 0.665417 0.000211 0.000146
 0.000146 0.000211 0.999498 0.000146
 0.000146 0.000211 0.923090 0.076553
 0.999433 0.000211 0.000211 0.000146
 0.999433 0.000211 0.000211 0.000146
 0.000146 0.000211 0.999498 0.000146
 0.000146 0.000211 0.000211 0.999433
 0.218497 0.104457 0.624509 0.052537

MOTIF 8-CCAGCCTGGGCAACA STREME-8
letter-probability matrix: alength= 4 w= 15 nsites= 167 E= 9.8e-004
 0.013176 0.940911 0.013261 0.032652
 0.006684 0.986356 0.000277 0.006684
 0.992763 0.000277 0.006769 0.000192
 0.019668 0.006769 0.966879 0.006684
 0.000192 0.927927 0.013261 0.058621
 0.000192 0.973372 0.019753 0.006684
 0.019668 0.015955 0.000277 0.964101
 0.026160 0.000277 0.960387 0.013176
 0.078108 0.000277 0.908440 0.013176
 0.039146 0.247095 0.694091 0.019668
 0.041839 0.762829 0.032737 0.162596
 0.704295 0.028939 0.247098 0.019668
 0.953811 0.019753 0.019753 0.006684
 0.013176 0.940912 0.013261 0.032652
 0.973287 0.006769 0.013261 0.006684

MOTIF 9-CCASCAGGGGGCGCY STREME-9
letter-probability matrix: alength= 4 w= 15 nsites= 395 E= 2.7e-003
 0.042905 0.868732 0.050497 0.037866
 0.000074 0.997224 0.002627 0.000074
 0.647778 0.022783 0.275410 0.054029
 0.027788 0.583220 0.376320 0.012672
 0.032827 0.696790 0.096893 0.173490
 0.962347 0.029913 0.007666 0.000074
 0.000074 0.005146 0.994705 0.000074
 0.329701 0.000107 0.667597 0.002594
 0.028834 0.033906 0.626242 0.311018
 0.000074 0.007666 0.992186 0.000074
 0.030309 0.031387 0.897918 0.040386
 0.052983 0.888887 0.000107 0.058022
 0.283304 0.000107 0.716514 0.000074
 0.070619 0.649963 0.254149 0.025269
 0.083218 0.381659 0.160499 0.374624

MOTIF 10-AGRGARRGARRGARG STREME-10
letter-probability matrix: alength= 4 w= 15 nsites= 741 E= 2.8e-003
 0.735336 0.000051 0.252664 0.011950
 0.000035 0.016731 0.983199 0.000035
 0.432125 0.068952 0.440278 0.058645
 0.265322 0.014348 0.613065 0.107265
 0.971269 0.028645 0.000051 0.000035
 0.386849 0.069154 0.530361 0.013635
 0.512649 0.075606 0.381924 0.029821
 0.007184 0.076100 0.889277 0.027438
 0.550600 0.211723 0.237642 0.000035
 0.495005 0.002434 0.489420 0.013141
 0.430237 0.146396 0.371606 0.051762
 0.203772 0.152353 0.643840 0.000035
 0.868310 0.064883 0.000051 0.066756
 0.311496 0.118498 0.550908 0.019098
 0.239808 0.003625 0.622596 0.133971

MOTIF 11-GCCTCRGCCTCCB STREME-11
letter-probability matrix: alength= 4 w= 13 nsites= 1591 E= 4.9e-003
 0.191532 0.068440 0.665650 0.074378
 0.047807 0.916867 0.001017 0.034309
 0.000310 0.965121 0.026705 0.007864
 0.049861 0.054092 0.235515 0.660533
 0.000021 0.942782 0.000030 0.057168
 0.423664 0.117922 0.367797 0.090617
 0.082312 0.062125 0.788432 0.067130
 0.033872 0.812099 0.024716 0.129313
 0.010364 0.737743 0.042469 0.209423
 0.002810 0.027223 0.169487 0.800480
 0.004087 0.910395 0.044276 0.041243
 0.033640 0.757876 0.128664 0.079821
 0.098129 0.407445 0.223599 0.270827

MOTIF 12-GGCGCGGTGGCTCAC STREME-12
letter-probability matrix: alength= 4 w= 15 nsites= 139 E= 8.0e-003
 0.039863 0.016190 0.935787 0.008160
 0.016086 0.000338 0.983343 0.000234
 0.000234 0.737620 0.024115 0.238031
 0.269724 0.000338 0.713852 0.016086
 0.000234 0.682139 0.000338 0.317289
 0.206326 0.008264 0.761398 0.024012
 0.024012 0.000338 0.967491 0.008160
 0.000234 0.016190 0.008264 0.975313
 0.016086 0.000338 0.967491 0.016086
 0.031937 0.008264 0.943713 0.016086
 0.000234 0.935787 0.008264 0.055716
 0.063643 0.016190 0.063746 0.856422
 0.000234 0.999194 0.000338 0.000234
 0.983239 0.000338 0.016190 0.000234
 0.016086 0.713855 0.000338 0.269722

MOTIF 13-AACTCCTGRCCTCAR STREME-13
letter-probability matrix: alength= 4 w= 15 nsites= 101 E= 8.0e-003
 0.952244 0.012101 0.035312 0.000343
 0.929030 0.046920 0.012101 0.011949
 0.000343 0.940787 0.000495 0.058375
 0.011949 0.035313 0.012101 0.940637
 0.000343 0.975608 0.012101 0.011949
 0.000343 0.964001 0.000495 0.035161
 0.000343 0.023708 0.012101 0.963849
 0.035161 0.000495 0.964001 0.000343
 0.627178 0.000495 0.371985 0.000343
 0.035161 0.743418 0.221078 0.000343
 0.000343 0.929184 0.058525 0.011949
 0.000343 0.012101 0.000495 0.987062
 0.000343 0.998820 0.000495 0.000343
 0.963849 0.000495 0.000495 0.035161
 0.580753 0.012101 0.360377 0.046769

MOTIF 14-GCGCATGCGCACTB STREME-14
letter-probability matrix: alength= 4 w= 14 nsites= 238 E= 3.8e-002
 0.042457 0.000225 0.957161 0.000156
 0.005444 0.994175 0.000225 0.000156
 0.010731 0.000225 0.988887 0.000156
 0.000156 0.994175 0.005513 0.000156
 0.716201 0.161797 0.111271 0.010731
 0.042457 0.195876 0.137710 0.623957
 0.000156 0.010801 0.988887 0.000156
 0.000156 0.967737 0.000225 0.031882
 0.000156 0.010801 0.962449 0.026594
 0.010731 0.962449 0.000225 0.026594
 0.695507 0.090117 0.142835 0.071541
 0.063608 0.705990 0.161507 0.068895
 0.087405 0.087473 0.174723 0.650400
 0.150856 0.214382 0.380794 0.253967

MOTIF 15-AGCAGCAGCAGCAGC STREME-15
letter-probability matrix: alength= 4 w= 15 nsites= 199 E= 4.2e-002
 0.839295 0.107686 0.037073 0.015947
 0.010683 0.100236 0.888925 0.000155
 0.010683 0.967882 0.021280 0.000155
 0.825689 0.058127 0.116029 0.000155
 0.052794 0.037071 0.909980 0.000155
 0.073848 0.878398 0.047599 0.000155
 0.560312 0.063391 0.255074 0.121224
 0.000155 0.026543 0.973146 0.000155
 0.031738 0.904716 0.063390 0.000155
 0.626558 0.184458 0.151981 0.037003
 0.010684 0.079181 0.909980 0.000155
 0.084376 0.836287 0.073918 0.005419
 0.670855 0.031807 0.239280 0.058057
 0.047530 0.052862 0.873134 0.026474
 0.042266 0.825760 0.094972 0.037002

MOTIF 16-CCGAGGCCG STREME-16
letter-probability matrix: alength= 4 w= 9 nsites= 773 E= 5.7e-002
 0.058247 0.896243 0.045035 0.000476
 0.120493 0.878344 0.000687 0.000476
 0.037521 0.000687 0.867161 0.094631
 0.938670 0.060167 0.000687 0.000476
 0.000476 0.040268 0.958780 0.000476
 0.000476 0.074990 0.879193 0.045341
 0.014582 0.951086 0.000687 0.033646
 0.030461 0.968376 0.000687 0.000476
 0.140708 0.114288 0.709293 0.035711

MOTIF 17-AGTGCAGTGGYGCGA STREME-17
letter-probability matrix: alength= 4 w= 15 nsites= 106 E= 6.5e-002
 0.988574 0.000437 0.000437 0.010552
 0.102801 0.061934 0.834962 0.000303
 0.000303 0.000437 0.031186 0.968075
 0.123297 0.020936 0.855464 0.000303
 0.010552 0.916961 0.010686 0.061800
 0.988574 0.000437 0.010686 0.000303
 0.215548 0.000437 0.783712 0.000303
 0.010552 0.000437 0.010686 0.978325
 0.031051 0.000437 0.947710 0.020802
 0.031051 0.010686 0.957960 0.000303
 0.000303 0.650456 0.000437 0.348804
 0.266805 0.025190 0.697453 0.010552
 0.010552 0.646203 0.031186 0.312059
 0.297556 0.061935 0.640207 0.000303
 0.968075 0.010686 0.020936 0.000303

MOTIF 18-CAAGATGGCGGC STREME-18
letter-probability matrix: alength= 4 w= 12 nsites= 289 E= 6.6e-002
 0.071403 0.668365 0.196344 0.063888
 0.935700 0.000209 0.044335 0.019756
 0.888249 0.068849 0.000209 0.042693
 0.114956 0.171444 0.693843 0.019756
 0.999437 0.000209 0.000209 0.000145
 0.019757 0.000209 0.000209 0.979825
 0.005048 0.019820 0.974988 0.000145
 0.000145 0.010015 0.979890 0.009950
 0.063882 0.879798 0.000209 0.056111
 0.092467 0.005112 0.861017 0.041404
 0.080626 0.086177 0.780699 0.052498
 0.113280 0.590155 0.049239 0.247326

MOTIF 19-AMAAAAAAWAMAAAA STREME-19
letter-probability matrix: alength= 4 w= 15 nsites= 252 E= 7.2e-002
 0.900342 0.000169 0.000169 0.099320
 0.649922 0.333921 0.000169 0.015988
 0.606287 0.022540 0.091427 0.279746
 0.924163 0.020006 0.016039 0.039792
 0.938049 0.035876 0.006120 0.019955
 0.924155 0.071590 0.004137 0.000117
 0.856708 0.000169 0.099363 0.043760
 0.888455 0.075551 0.035877 0.000117
 0.646181 0.000169 0.016039 0.337610
 0.936737 0.017685 0.031912 0.013666
 0.534686 0.344930 0.043812 0.076572
 0.875470 0.021079 0.099366 0.004085
 0.892420 0.012073 0.047780 0.047727
 0.957533 0.000169 0.014409 0.027890
 0.991608 0.000169 0.000169 0.008054

MOTIF 20-TCWCRGCTCACTGCA STREME-20
letter-probability matrix: alength= 4 w= 15 nsites= 87 E= 1.3e-001
 0.000378 0.000545 0.000545 0.998532
 0.000378 0.985904 0.013340 0.000378
 0.345865 0.000545 0.026135 0.627454
 0.000378 0.729989 0.000545 0.269088
 0.461051 0.000545 0.499641 0.038763
 0.089943 0.038932 0.870748 0.000378
 0.013173 0.921926 0.000545 0.064356
 0.025968 0.000545 0.026135 0.947352
 0.013173 0.960314 0.013340 0.013173
 0.908966 0.013340 0.051725 0.025968
 0.025968 0.883544 0.026135 0.064353
 0.000378 0.051725 0.000545 0.947352
 0.038763 0.000545 0.960314 0.000378
 0.025968 0.883541 0.000545 0.089946
 0.985737 0.013340 0.000545 0.000378

MOTIF 21-GARACCCYGTCTC STREME-21
letter-probability matrix: alength= 4 w= 13 nsites= 96 E= 2.0e-001
 0.148782 0.000487 0.850394 0.000337
 0.998690 0.000487 0.000487 0.000337
 0.633275 0.000487 0.365902 0.000337
 0.975852 0.000487 0.023324 0.000337
 0.000337 0.873232 0.000487 0.125945
 0.034592 0.793295 0.000487 0.171626
 0.000337 0.918908 0.000487 0.080269
 0.005076 0.354581 0.046161 0.594182
 0.011755 0.023323 0.964585 0.000337
 0.000337 0.034742 0.000487 0.964434
 0.000337 0.987421 0.000487 0.011755
 0.000337 0.000487 0.000487 0.998690
 0.000337 0.998839 0.000487 0.000337

MOTIF 22-CAGGAAG STREME-22
letter-probability matrix: alength= 4 w= 7 nsites= 2077 E= 2.9e-001
 0.025012 0.786092 0.127497 0.061400
 0.661124 0.131987 0.206365 0.000523
 0.004966 0.002318 0.989327 0.003389
 0.000523 0.032628 0.944367 0.022482
 0.984223 0.000756 0.000756 0.014265
 0.943488 0.019104 0.000756 0.036653
 0.000523 0.015249 0.970427 0.013801

MOTIF 23-YCAAGGTCA STREME-23
letter-probability matrix: alength= 4 w= 9 nsites= 531 E= 3.7e-001
 0.170447 0.398516 0.000203 0.430834
 0.000140 0.853464 0.102626 0.043770
 0.954826 0.000203 0.025286 0.019685
 0.944795 0.000203 0.054862 0.000140
 0.016684 0.021312 0.938066 0.023938
 0.000140 0.000203 0.999517 0.000140
 0.021694 0.129320 0.000203 0.848783
 0.000140 0.936336 0.000203 0.063321
 0.914023 0.000203 0.072225 0.013549

MOTIF 24-CCCAGCCC STREME-24
letter-probability matrix: alength= 4 w= 8 nsites= 2532 E= 4.5e-001
 0.000188 0.999353 0.000271 0.000188
 0.000188 0.999353 0.000271 0.000188
 0.000188 0.999353 0.000271 0.000188
 0.726231 0.152909 0.120673 0.000188
 0.233039 0.029771 0.588454 0.148736
 0.000188 0.878515 0.121110 0.000188
 0.035307 0.797248 0.000271 0.167174
 0.000188 0.999353 0.000271 0.000188

MOTIF 25-AATGAATGAATKA STREME-25
letter-probability matrix: alength= 4 w= 13 nsites= 110 E= 5.3e-001
 0.858258 0.028533 0.056666 0.056543
 0.920011 0.041802 0.037910 0.000277
 0.124484 0.019155 0.000400 0.855961
 0.028410 0.028533 0.858382 0.084676
 0.877014 0.009777 0.000400 0.112809
 0.980169 0.000400 0.000400 0.019032
 0.019032 0.056666 0.009777 0.914525
 0.047165 0.094176 0.727095 0.131564
 0.732458 0.103554 0.060557 0.103431
 0.839502 0.028533 0.131688 0.000277
 0.195615 0.131687 0.004291 0.668406
 0.203397 0.000400 0.495840 0.300363
 0.659030 0.037910 0.009777 0.293282

MOTIF 26-AGAATYGCTTGAACC STREME-26
letter-probability matrix: alength= 4 w= 15 nsites= 88 E= 6.6e-001
 0.998568 0.000532 0.000532 0.000368
 0.050272 0.000532 0.898924 0.050272
 0.724092 0.037960 0.237580 0.000368
 0.998568 0.000532 0.000532 0.000368
 0.012844 0.050436 0.025484 0.911236
 0.025320 0.599447 0.050436 0.324797
 0.224953 0.000532 0.749194 0.025321
 0.000368 0.849013 0.037960 0.112659
 0.012844 0.050436 0.025484 0.911236
 0.025320 0.000532 0.000532 0.973616
 0.025320 0.013008 0.961304 0.000368
 0.986092 0.013008 0.000532 0.000368
 0.736568 0.025484 0.225104 0.012844
 0.012844 0.886445 0.000532 0.100180
 0.012844 0.886448 0.000532 0.100176

MOTIF 27-CAAAGTYCANN STREME-27
letter-probability matrix: alength= 4 w= 11 nsites= 785 E= 7.7e-001
 0.000053 0.869621 0.000076 0.130249
 0.938628 0.011577 0.020600 0.029195
 0.857456 0.000076 0.107608 0.034860
 0.915764 0.014418 0.069766 0.000053
 0.000053 0.000076 0.919652 0.080219
 0.105514 0.000076 0.116561 0.777849
 0.025569 0.620368 0.000076 0.353986
 0.039407 0.887267 0.009040 0.064286
 0.932638 0.002613 0.000076 0.064673
 0.268641 0.235539 0.290504 0.205316
 0.268830 0.224125 0.292573 0.214473

MOTIF 28-CACACACACACACRC STREME-28
letter-probability matrix: alength= 4 w= 15 nsites= 162 E= 8.7e-001
 0.038006 0.778743 0.063302 0.119949
 0.756597 0.000269 0.183066 0.060068
 0.012793 0.948933 0.000269 0.038006
 0.860603 0.019179 0.063302 0.056916
 0.006489 0.848079 0.063302 0.082129
 0.690412 0.038089 0.252403 0.019097
 0.000186 0.866988 0.031785 0.101041
 0.791266 0.088516 0.088515 0.031703
 0.021712 0.782429 0.120033 0.075826
 0.631066 0.000269 0.271314 0.097352
 0.038006 0.917416 0.000269 0.044309
 0.857987 0.084828 0.000269 0.056916
 0.082129 0.829169 0.075909 0.012793
 0.356613 0.104530 0.488244 0.050613
 0.025399 0.693648 0.056999 0.223954

MOTIF 29-CACCAYGCCYRGCTA STREME-29
letter-probability matrix: alength= 4 w= 15 nsites= 64 E= 1.1e+000
 0.017705 0.895062 0.000733 0.086500
 0.980829 0.000733 0.017931 0.000508
 0.052100 0.929461 0.000733 0.017705
 0.017705 0.981054 0.000733 0.000508
 0.963631 0.000733 0.000733 0.034903
 0.000508 0.568293 0.035128 0.396071
 0.258487 0.017931 0.723075 0.000508
 0.000508 0.912264 0.000733 0.086496
 0.017705 0.963857 0.000733 0.017705
 0.017705 0.619900 0.000733 0.361662
 0.413294 0.000733 0.585465 0.000508
 0.052100 0.000733 0.929461 0.017705
 0.034903 0.929461 0.000733 0.034903
 0.034903 0.052327 0.000733 0.912037
 0.998027 0.000733 0.000733 0.000508

MOTIF 30-GACTACAACTCCC STREME-30
letter-probability matrix: alength= 4 w= 13 nsites= 113 E= 1.2e+000
 0.261002 0.034480 0.681520 0.022999
 0.948669 0.039182 0.011815 0.000334
 0.000334 0.998848 0.000483 0.000334
 0.000334 0.091146 0.000483 0.908036
 0.874044 0.011815 0.102474 0.011667
 0.011667 0.953520 0.023147 0.011667
 0.896710 0.045811 0.057144 0.000334
 0.738051 0.102478 0.079809 0.079661
 0.068329 0.639850 0.121490 0.170331
 0.011667 0.053497 0.027850 0.906986
 0.000334 0.953520 0.023147 0.022999
 0.000334 0.998848 0.000483 0.000334
 0.000334 0.998848 0.000483 0.000334

MOTIF 31-CAGCCAATSRGMR STREME-31
letter-probability matrix: alength= 4 w= 13 nsites= 146 E= 1.3e+000
 0.020319 0.672943 0.198434 0.108304
 0.663108 0.000354 0.286420 0.050118
 0.075054 0.000354 0.916034 0.008557
 0.000245 0.999155 0.000354 0.000245
 0.000245 0.999155 0.000354 0.000245
 0.999046 0.000354 0.000354 0.000245
 0.999046 0.000354 0.000354 0.000245
 0.000245 0.000354 0.000354 0.999046
 0.016869 0.442936 0.539949 0.000245
 0.434516 0.000354 0.564884 0.000245
 0.025182 0.266343 0.666669 0.041806
 0.447694 0.290580 0.203296 0.058430
 0.388799 0.008666 0.602289 0.000245

MOTIF 32-CATCTGTAAARTGGG STREME-32
letter-probability matrix: alength= 4 w= 15 nsites= 47 E= 1.1e+001
 0.000948 0.868303 0.033477 0.097273
 0.835774 0.065585 0.033477 0.065164
 0.000948 0.001368 0.001368 0.996316
 0.033056 0.932519 0.033477 0.000948
 0.033056 0.001368 0.001368 0.964207
 0.129381 0.033477 0.836194 0.000948
 0.033056 0.033477 0.001368 0.932099
 0.835765 0.001368 0.129810 0.033056
 0.899990 0.033477 0.065585 0.000948
 0.835774 0.001368 0.129802 0.033056
 0.482582 0.033477 0.418777 0.065164
 0.000948 0.065585 0.033477 0.899990
 0.097273 0.065585 0.804086 0.033056
 0.129381 0.033477 0.771978 0.065164
 0.033056 0.065585 0.836194 0.065164

MOTIF 33-GCGGCGGCGVCGSS STREME-33
letter-probability matrix: alength= 4 w= 14 nsites= 137 E= 1.7e+001
 0.000221 0.000320 0.991737 0.007722
 0.045228 0.931728 0.000320 0.022724
 0.015223 0.067829 0.916727 0.000221
 0.105237 0.000320 0.894222 0.000221
 0.015223 0.864219 0.037825 0.082732
 0.007722 0.007821 0.984236 0.000221
 0.187749 0.000320 0.811710 0.000221
 0.022725 0.954229 0.022825 0.000221
 0.000221 0.060331 0.939226 0.000221
 0.435287 0.336024 0.228467 0.000221
 0.070843 0.838597 0.045329 0.045231
 0.063344 0.055940 0.779867 0.100849
 0.090234 0.315370 0.564171 0.030225
 0.015223 0.412309 0.527240 0.045228

MOTIF 34-GGGTTCGAATCCCA STREME-34
letter-probability matrix: alength= 4 w= 14 nsites= 49 E= 1.7e+001
 0.000601 0.061909 0.896196 0.041295
 0.041295 0.021214 0.896196 0.041295
 0.020948 0.021214 0.957237 0.000601
 0.081991 0.041561 0.000867 0.875580
 0.000601 0.000867 0.021214 0.977318
 0.000601 0.957237 0.021214 0.020948
 0.061642 0.000867 0.916543 0.020948
 0.875580 0.041561 0.082258 0.000601
 0.692445 0.041561 0.163652 0.102342
 0.041295 0.204351 0.102603 0.651751
 0.000601 0.936890 0.041561 0.020948
 0.020948 0.875849 0.061909 0.041295
 0.081991 0.814805 0.082256 0.020948
 0.712796 0.021214 0.245042 0.020948

********************************************************************************
Stopped because 3 consecutive motifs exceeded the p-value threshold (0.05).
********************************************************************************
COMMAND:	streme --verbosity 1 --oc meme_out_incomplete_DL/HepG2_BRCA1-human_ENCFF237LPI/streme_out -dna --seed 0 --p meme_out_incomplete_DL/HepG2_BRCA1-human_ENCFF237LPI/seqs-centered --minw 6 --maxw 15 --time 6189 --order 2 --thresh 0.05 --align center --totallength 4000000 --parse-genomic-coord
********************************************************************************
CPU:		9f05ee173ae9
********************************************************************************
FINALTIME:	751.87 seconds
********************************************************************************
