DB 0 MOTIF	AWAAATWWWHWWAWA	MEME-2
-207.5	2
-206.5	1
-205.5	4
-204.5	2
-203.5	1
-202.5	1
-201.5	1.14286
-200.5	1.47619
-199.5	1.47619
-198.5	1.47619
-197.5	2.14286
-196.5	2.14286
-195.5	2.14286
-194.5	0
-193.5	2.25
-192.5	1
-191.5	1
-190.5	0
-189.5	1
-188.5	3.25
-187.5	0
-186.5	1
-185.5	1
-184.5	1
-183.5	1.25
-182.5	0
-181.5	0
-180.5	0
-179.5	2
-178.5	2.25
-177.5	2
-176.5	1
-175.5	1
-174.5	2
-173.5	1
-172.5	2
-171.5	3
-170.5	1
-169.5	0
-168.5	2
-167.5	0
-166.5	1
-165.5	2
-164.5	1
-163.5	2
-162.5	1
-161.5	2
-160.5	1
-159.5	0
-158.5	0
-157.5	2
-156.5	0
-155.5	1
-154.5	2
-153.5	3
-152.5	0.333333
-151.5	0.333333
-150.5	0.583333
-149.5	4.25
-148.5	1.25
-147.5	1.25
-146.5	2
-145.5	2
-144.5	2
-143.5	3
-142.5	1.2
-141.5	0.2
-140.5	0.2
-139.5	1.2
-138.5	3.2
-137.5	1.33333
-136.5	0.333333
-135.5	2.33333
-134.5	1
-133.5	1
-132.5	0.125
-131.5	2.125
-130.5	0.125
-129.5	1.125
-128.5	1.125
-127.5	0.125
-126.5	1.125
-125.5	0.125
-124.5	1
-123.5	1
-122.5	1
-121.5	3
-120.5	0.25
-119.5	0.25
-118.5	2.25
-117.5	1.25
-116.5	1
-115.5	0
-114.5	0
-113.5	2
-112.5	0
-111.5	2
-110.5	2
-109.5	1
-108.5	1
-107.5	2
-106.5	1
-105.5	3
-104.5	0
-103.5	0
-102.5	1
-101.5	1
-100.5	2
 -99.5	2
 -98.5	1
 -97.5	0
 -96.5	2.5
 -95.5	0.5
 -94.5	0.25
 -93.5	3.25
 -92.5	0.25
 -91.5	0.25
 -90.5	1
 -89.5	3
 -88.5	2
 -87.5	1
 -86.5	1
 -85.5	0
 -84.5	3
 -83.5	1
 -82.5	0
 -81.5	1
 -80.5	2
 -79.5	0
 -78.5	0
 -77.5	1
 -76.5	1
 -75.5	0
 -74.5	0
 -73.5	0
 -72.5	0
 -71.5	0
 -70.5	1
 -69.5	0
 -68.5	0
 -67.5	1
 -66.5	1
 -65.5	1
 -64.5	2
 -63.5	3
 -62.5	2
 -61.5	1
 -60.5	3
 -59.5	4
 -58.5	2
 -57.5	5
 -56.5	1
 -55.5	0
 -54.5	2
 -53.5	0
 -52.5	0
 -51.5	1
 -50.5	0
 -49.5	4
 -48.5	0
 -47.5	1
 -46.5	3
 -45.5	2
 -44.5	1
 -43.5	1
 -42.5	2
 -41.5	2
 -40.5	1
 -39.5	2
 -38.5	4
 -37.5	1
 -36.5	1
 -35.5	2
 -34.5	0
 -33.5	5
 -32.5	1
 -31.5	1
 -30.5	3
 -29.5	2
 -28.5	0
 -27.5	0
 -26.5	3
 -25.5	0
 -24.5	2
 -23.5	0
 -22.5	1
 -21.5	1
 -20.5	2
 -19.5	2
 -18.5	2
 -17.5	1
 -16.5	2
 -15.5	2
 -14.5	2
 -13.5	1
 -12.5	5
 -11.5	4
 -10.5	1
  -9.5	6
  -8.5	2
  -7.5	0
  -6.5	2
  -5.5	4
  -4.5	1
  -3.5	0
  -2.5	2
  -1.5	2
  -0.5	2
   0.5	3
   1.5	3
   2.5	4
   3.5	0
   4.5	1.14286
   5.5	3.47619
   6.5	2.47619
   7.5	4.47619
   8.5	0.142857
   9.5	4.14286
  10.5	1.14286
  11.5	3
  12.5	0
  13.5	0
  14.5	3
  15.5	1
  16.5	0
  17.5	1
  18.5	2
  19.5	3
  20.5	1
  21.5	2
  22.5	0
  23.5	7
  24.5	1
  25.5	1
  26.5	2
  27.5	3
  28.5	1
  29.5	1
  30.5	2
  31.5	1
  32.5	0
  33.5	1
  34.5	1
  35.5	1
  36.5	2
  37.5	2
  38.5	1
  39.5	0
  40.5	1
  41.5	1
  42.5	1
  43.5	2
  44.5	0
  45.5	1
  46.5	4
  47.5	1
  48.5	3
  49.5	1
  50.5	2
  51.5	1
  52.5	3
  53.5	3
  54.5	2
  55.5	1
  56.5	1
  57.5	2
  58.5	0.5
  59.5	0.5
  60.5	3
  61.5	2
  62.5	2
  63.5	3.25
  64.5	0.25
  65.5	0.25
  66.5	0.583333
  67.5	2.33333
  68.5	6.33333
  69.5	3
  70.5	2
  71.5	0
  72.5	0
  73.5	2
  74.5	0
  75.5	0.2
  76.5	0.2
  77.5	2.2
  78.5	1.2
  79.5	0.2
  80.5	0
  81.5	3
  82.5	1
  83.5	0
  84.5	1
  85.5	1
  86.5	0
  87.5	3
  88.5	0
  89.5	4
  90.5	3
  91.5	2
  92.5	0
  93.5	1
  94.5	1
  95.5	0
  96.5	0.2
  97.5	2.2
  98.5	1.2
  99.5	3.2
 100.5	1.2
 101.5	0
 102.5	1
 103.5	1
 104.5	0
 105.5	3
 106.5	2
 107.5	0
 108.5	0.5
 109.5	3.5
 110.5	0
 111.5	0
 112.5	0
 113.5	0
 114.5	1
 115.5	0
 116.5	0
 117.5	1
 118.5	0
 119.5	1
 120.5	3.125
 121.5	1.125
 122.5	2.125
 123.5	1.125
 124.5	0.125
 125.5	1.125
 126.5	0.125
 127.5	2.125
 128.5	1
 129.5	3
 130.5	0
 131.5	0
 132.5	1
 133.5	0
 134.5	1
 135.5	4
 136.5	2
 137.5	1
 138.5	0
 139.5	1
 140.5	1
 141.5	0
 142.5	0
 143.5	1
 144.5	3
 145.5	1
 146.5	0
 147.5	0
 148.5	2
 149.5	0
 150.5	2
 151.5	1
 152.5	1.25
 153.5	1.25
 154.5	1.25
 155.5	1.25
 156.5	2
 157.5	2
 158.5	0
 159.5	0
 160.5	3
 161.5	0
 162.5	0
 163.5	0
 164.5	1
 165.5	1
 166.5	1
 167.5	2
 168.5	0
 169.5	3
 170.5	0.25
 171.5	2.25
 172.5	3.25
 173.5	1.25
 174.5	2
 175.5	0.166667
 176.5	3.16667
 177.5	1.16667
 178.5	1.16667
 179.5	1.36667
 180.5	2.36667
 181.5	2.2
 182.5	0.2
 183.5	2.2
 184.5	0.333333
 185.5	3.33333
 186.5	3.33333
 187.5	1
 188.5	1.5
 189.5	3.5
 190.5	1
 191.5	3
 192.5	1
 193.5	2
 194.5	2
 195.5	2
 196.5	1
 197.5	6
 198.5	1
 199.5	6
 200.5	2
 201.5	1
 202.5	2
 203.5	1
 204.5	0
 205.5	1
 206.5	0
 207.5	1
DB 2 MOTIF	CPEB1_HUMAN.H11MO.0.D
-206.5	2
-205.5	1
-204.5	0
-203.5	2
-202.5	2
-201.5	1
-200.5	0.2
-199.5	1.2
-198.5	0.2
-197.5	0.2
-196.5	0.2
-195.5	3
-194.5	0.25
-193.5	2.5
-192.5	1
-191.5	0
-190.5	0
-189.5	1.25
-188.5	1
-187.5	2
-186.5	3
-185.5	1
-184.5	0.25
-183.5	1
-182.5	0
-181.5	0
-180.5	0
-179.5	1.25
-178.5	2
-177.5	2
-176.5	0
-175.5	1
-174.5	0
-173.5	0
-172.5	1
-171.5	0
-170.5	1
-169.5	2
-168.5	0
-167.5	2
-166.5	1
-165.5	0
-164.5	1
-163.5	0
-162.5	0
-161.5	1
-160.5	1
-159.5	2
-158.5	0
-157.5	2
-156.5	1
-155.5	0
-154.5	0
-153.5	2
-152.5	2
-151.5	2
-150.5	0
-149.5	0
-148.5	1
-147.5	0
-146.5	2
-145.5	1
-144.5	1
-143.5	1
-142.5	3
-141.5	0.333333
-140.5	2.33333
-139.5	0.333333
-138.5	1
-137.5	1
-136.5	1
-135.5	2
-134.5	1
-133.5	2
-132.5	1
-131.5	1.16667
-130.5	0.166667
-129.5	0.166667
-128.5	1.16667
-127.5	1.16667
-126.5	2.16667
-125.5	2
-124.5	0
-123.5	2
-122.5	1
-121.5	2
-120.5	1
-119.5	0
-118.5	2
-117.5	1
-116.5	1
-115.5	3
-114.5	1
-113.5	0
-112.5	0
-111.5	2
-110.5	1
-109.5	0
-108.5	0
-107.5	1
-106.5	2
-105.5	0
-104.5	1
-103.5	1
-102.5	1
-101.5	1
-100.5	1
 -99.5	1
 -98.5	0
 -97.5	3
 -96.5	1
 -95.5	3
 -94.5	2
 -93.5	1.5
 -92.5	2.5
 -91.5	0
 -90.5	1
 -89.5	0
 -88.5	2
 -87.5	0
 -86.5	0
 -85.5	2
 -84.5	4
 -83.5	0
 -82.5	1
 -81.5	3
 -80.5	1
 -79.5	1
 -78.5	2
 -77.5	0
 -76.5	0
 -75.5	1
 -74.5	2
 -73.5	0
 -72.5	1
 -71.5	1
 -70.5	0
 -69.5	2
 -68.5	0
 -67.5	1
 -66.5	0
 -65.5	1
 -64.5	0
 -63.5	3
 -62.5	1
 -61.5	1
 -60.5	0
 -59.5	0
 -58.5	2
 -57.5	2
 -56.5	1
 -55.5	1
 -54.5	4
 -53.5	0
 -52.5	0
 -51.5	0
 -50.5	2
 -49.5	0
 -48.5	2
 -47.5	0
 -46.5	1
 -45.5	3
 -44.5	2
 -43.5	1
 -42.5	0
 -41.5	2
 -40.5	0
 -39.5	2
 -38.5	1
 -37.5	2
 -36.5	2
 -35.5	1
 -34.5	1
 -33.5	3
 -32.5	2
 -31.5	1
 -30.5	3
 -29.5	2
 -28.5	0
 -27.5	1
 -26.5	0
 -25.5	0
 -24.5	0
 -23.5	0
 -22.5	1
 -21.5	2
 -20.5	2
 -19.5	1
 -18.5	2
 -17.5	0
 -16.5	1
 -15.5	3
 -14.5	3
 -13.5	1
 -12.5	1
 -11.5	2
 -10.5	3
  -9.5	1
  -8.5	1
  -7.5	0
  -6.5	2
  -5.5	2
  -4.5	0
  -3.5	3
  -2.5	3
  -1.5	0
  -0.5	4
   0.5	2
   1.5	4
   2.5	2
   3.5	0
   4.5	1
   5.5	0.2
   6.5	4.2
   7.5	2.2
   8.5	1.2
   9.5	4.2
  10.5	2
  11.5	4
  12.5	2
  13.5	3
  14.5	0
  15.5	2
  16.5	1
  17.5	0
  18.5	0
  19.5	2
  20.5	1
  21.5	0
  22.5	0
  23.5	1
  24.5	4
  25.5	0
  26.5	0
  27.5	1
  28.5	0
  29.5	1
  30.5	1
  31.5	0
  32.5	0
  33.5	0
  34.5	1
  35.5	2
  36.5	1
  37.5	1
  38.5	0
  39.5	1
  40.5	0
  41.5	0
  42.5	0
  43.5	2
  44.5	0
  45.5	0
  46.5	1
  47.5	0
  48.5	0
  49.5	1
  50.5	0
  51.5	1
  52.5	1
  53.5	1
  54.5	1
  55.5	0
  56.5	0
  57.5	2
  58.5	0
  59.5	1
  60.5	3
  61.5	1
  62.5	0
  63.5	2
  64.5	0
  65.5	2
  66.5	1
  67.5	4
  68.5	1
  69.5	2
  70.5	1
  71.5	0
  72.5	2
  73.5	1
  74.5	0
  75.5	0
  76.5	1.33333
  77.5	0.333333
  78.5	0.333333
  79.5	1
  80.5	1
  81.5	0
  82.5	1
  83.5	0
  84.5	1
  85.5	2
  86.5	2
  87.5	1
  88.5	3
  89.5	2
  90.5	0
  91.5	1
  92.5	1
  93.5	0
  94.5	1
  95.5	0
  96.5	2
  97.5	1.33333
  98.5	1.33333
  99.5	1.33333
 100.5	0
 101.5	1
 102.5	1
 103.5	1
 104.5	0
 105.5	1
 106.5	1
 107.5	0
 108.5	1
 109.5	2
 110.5	1
 111.5	1
 112.5	2
 113.5	1
 114.5	1
 115.5	1
 116.5	2
 117.5	2
 118.5	1
 119.5	2
 120.5	0
 121.5	1.16667
 122.5	0.166667
 123.5	1.16667
 124.5	1.16667
 125.5	0.166667
 126.5	1.16667
 127.5	0
 128.5	0
 129.5	0.0625
 130.5	2.0625
 131.5	1.0625
 132.5	3.0625
 133.5	0.0625
 134.5	1.0625
 135.5	2.0625
 136.5	0.0625
 137.5	2.0625
 138.5	0.0625
 139.5	2.0625
 140.5	3.0625
 141.5	1.0625
 142.5	0.0625
 143.5	0.0625
 144.5	1.0625
 145.5	1
 146.5	1
 147.5	0
 148.5	0
 149.5	2
 150.5	0
 151.5	0
 152.5	0
 153.5	3
 154.5	0
 155.5	1
 156.5	0
 157.5	0
 158.5	0
 159.5	0
 160.5	0
 161.5	0
 162.5	3
 163.5	1
 164.5	0
 165.5	2
 166.5	1
 167.5	2
 168.5	3
 169.5	0
 170.5	0
 171.5	2.5
 172.5	1.5
 173.5	0
 174.5	1
 175.5	0
 176.5	1
 177.5	3
 178.5	1
 179.5	0
 180.5	1.33333
 181.5	0.333333
 182.5	0.333333
 183.5	0
 184.5	0
 185.5	4
 186.5	0
 187.5	0
 188.5	0.5
 189.5	4
 190.5	4
 191.5	4
 192.5	2
 193.5	2
 194.5	3
 195.5	3
 196.5	0
 197.5	1
 198.5	0
 199.5	2
 200.5	2
 201.5	2
 202.5	3
 203.5	1
 204.5	1
 205.5	1
 206.5	0
DB 2 MOTIF	HMGA1_HUMAN.H11MO.0.D
-211.5	2
-210.5	0.5
-209.5	4
-208.5	2.5
-207.5	0.5
-206.5	4
-205.5	0
-204.5	1.33333
-203.5	0
-202.5	0.5
-201.5	2
-200.5	1.75
-199.5	2.5
-198.5	2
-197.5	2
-196.5	0.5
-195.5	2.5
-194.5	0
-193.5	3.5
-192.5	1.5
-191.5	2
-190.5	2
-189.5	2
-188.5	2
-187.5	0.25
-186.5	2
-185.5	2
-184.5	2.5
-183.5	2
-182.5	2.5
-181.5	1
-180.5	3.5
-179.5	1.5
-178.5	2
-177.5	3
-176.5	1
-175.5	0
-174.5	0
-173.5	1
-172.5	2
-171.5	0
-170.5	0
-169.5	2
-168.5	0
-167.5	0.333333
-166.5	1.5
-165.5	2
-164.5	0
-163.5	3
-162.5	2.5
-161.5	2
-160.5	1
-159.5	1.5
-158.5	1.33333
-157.5	2
-156.5	2.5
-155.5	2.33333
-154.5	2
-153.5	2.5
-152.5	3.5
-151.5	2.25
-150.5	2
-149.5	5
-148.5	1
-147.5	0
-146.5	3
-145.5	1.25
-144.5	1
-143.5	1.5
-142.5	5.5
-141.5	1.5
-140.5	2.5
-139.5	1.5
-138.5	1
-137.5	1
-136.5	1
-135.5	2.25
-134.5	1
-133.5	2
-132.5	1.5
-131.5	2.33333
-130.5	1
-129.5	1
-128.5	2
-127.5	1.5
-126.5	2
-125.5	2
-124.5	2
-123.5	2.5
-122.5	2
-121.5	3.33333
-120.5	0
-119.5	1
-118.5	1
-117.5	1
-116.5	1
-115.5	2
-114.5	0.333333
-113.5	2.33333
-112.5	3.83333
-111.5	1
-110.5	2.5
-109.5	3
-108.5	2.66667
-107.5	1.5
-106.5	3
-105.5	1.5
-104.5	3
-103.5	2.5
-102.5	3
-101.5	3
-100.5	0
 -99.5	3
 -98.5	2.5
 -97.5	3
 -96.5	2.5
 -95.5	1
 -94.5	1
 -93.5	2.5
 -92.5	1
 -91.5	2
 -90.5	1
 -89.5	0
 -88.5	1.5
 -87.5	1.33333
 -86.5	2.08333
 -85.5	1.33333
 -84.5	0
 -83.5	1
 -82.5	1.5
 -81.5	2.25
 -80.5	0
 -79.5	2
 -78.5	1
 -77.5	1
 -76.5	5
 -75.5	2
 -74.5	2.5
 -73.5	3
 -72.5	0
 -71.5	1
 -70.5	1.5
 -69.5	1.5
 -68.5	0
 -67.5	1
 -66.5	1
 -65.5	2.33333
 -64.5	2
 -63.5	2
 -62.5	3
 -61.5	3
 -60.5	2
 -59.5	0.5
 -58.5	1.33333
 -57.5	3
 -56.5	1
 -55.5	1
 -54.5	2
 -53.5	1
 -52.5	2.83333
 -51.5	3
 -50.5	0.333333
 -49.5	0
 -48.5	2
 -47.5	3
 -46.5	1.5
 -45.5	3.66667
 -44.5	2
 -43.5	5
 -42.5	4.83333
 -41.5	0
 -40.5	2.5
 -39.5	1
 -38.5	4
 -37.5	1.5
 -36.5	1
 -35.5	3.5
 -34.5	1.5
 -33.5	2
 -32.5	1
 -31.5	5.33333
 -30.5	0
 -29.5	1.5
 -28.5	0
 -27.5	3.33333
 -26.5	0
 -25.5	1.5
 -24.5	1
 -23.5	3.5
 -22.5	2
 -21.5	4
 -20.5	3
 -19.5	5.5
 -18.5	1.5
 -17.5	1
 -16.5	0.5
 -15.5	2
 -14.5	1
 -13.5	3.83333
 -12.5	2
 -11.5	2.5
 -10.5	0.5
  -9.5	5.5
  -8.5	4
  -7.5	0
  -6.5	4
  -5.5	1.5
  -4.5	4
  -3.5	4
  -2.5	1.5
  -1.5	1.58333
  -0.5	4
   0.5	0.5
   1.5	4
   2.5	0.5
   3.5	3.25
   4.5	6.5
   5.5	2
   6.5	1
   7.5	2
   8.5	3
   9.5	1
  10.5	1
  11.5	3
  12.5	1.25
  13.5	4
  14.5	1
  15.5	1
  16.5	3.5
  17.5	2
  18.5	2.58333
  19.5	4.5
  20.5	0.5
  21.5	1.5
  22.5	1
  23.5	4.33333
  24.5	0
  25.5	2
  26.5	1
  27.5	3
  28.5	3
  29.5	2
  30.5	1
  31.5	2
  32.5	0.5
  33.5	1
  34.5	3
  35.5	2.5
  36.5	2
  37.5	2.5
  38.5	1.83333
  39.5	1
  40.5	1
  41.5	0
  42.5	4.25
  43.5	3.33333
  44.5	0
  45.5	3.75
  46.5	2.5
  47.5	2.5
  48.5	0.833333
  49.5	2
  50.5	1.5
  51.5	3
  52.5	2.5
  53.5	3.5
  54.5	2.33333
  55.5	2
  56.5	0
  57.5	2.33333
  58.5	2
  59.5	0
  60.5	1.5
  61.5	1
  62.5	2
  63.5	1
  64.5	3.5
  65.5	0
  66.5	2.5
  67.5	2
  68.5	1
  69.5	0
  70.5	1
  71.5	0
  72.5	1
  73.5	3.5
  74.5	2
  75.5	0
  76.5	1.5
  77.5	1
  78.5	1.5
  79.5	2
  80.5	1.5
  81.5	0
  82.5	1
  83.5	0
  84.5	3
  85.5	1
  86.5	1
  87.5	0.333333
  88.5	2.5
  89.5	3
  90.5	1.5
  91.5	2.5
  92.5	2.5
  93.5	0
  94.5	1
  95.5	2
  96.5	1.5
  97.5	0.5
  98.5	3
  99.5	1
 100.5	1
 101.5	0
 102.5	0
 103.5	3.5
 104.5	2
 105.5	2
 106.5	0
 107.5	0
 108.5	3
 109.5	0.5
 110.5	0
 111.5	3.5
 112.5	4
 113.5	1.5
 114.5	0
 115.5	0
 116.5	1
 117.5	0
 118.5	0.5
 119.5	3
 120.5	4
 121.5	1
 122.5	0.5
 123.5	1.5
 124.5	0
 125.5	0
 126.5	2.5
 127.5	2
 128.5	1
 129.5	1
 130.5	0
 131.5	3
 132.5	1.5
 133.5	0
 134.5	0
 135.5	2
 136.5	1
 137.5	2
 138.5	1
 139.5	1
 140.5	0
 141.5	1
 142.5	1
 143.5	2
 144.5	0
 145.5	3
 146.5	1.5
 147.5	3
 148.5	2.5
 149.5	2
 150.5	1.25
 151.5	1
 152.5	1
 153.5	2
 154.5	1.5
 155.5	1
 156.5	0.5
 157.5	1.5
 158.5	0
 159.5	2
 160.5	3
 161.5	0
 162.5	3
 163.5	2.5
 164.5	0
 165.5	2
 166.5	1.5
 167.5	3.25
 168.5	1
 169.5	3
 170.5	3
 171.5	2
 172.5	1
 173.5	0.5
 174.5	2
 175.5	0
 176.5	2
 177.5	0.5
 178.5	3
 179.5	0.5
 180.5	1
 181.5	1
 182.5	1
 183.5	0
 184.5	4
 185.5	1
 186.5	1
 187.5	0.25
 188.5	1.5
 189.5	2.25
 190.5	2.25
 191.5	4.75
 192.5	4
 193.5	2
 194.5	1
 195.5	0
 196.5	1.83333
 197.5	1
 198.5	4.25
 199.5	2
 200.5	1.5
 201.5	2
 202.5	0.5
 203.5	1.5
 204.5	1.66667
 205.5	0
 206.5	1
 207.5	0.5
 208.5	2.5
 209.5	1
 210.5	1
 211.5	0
DB 2 MOTIF	HXD11_HUMAN.H11MO.0.D
-209.5	1
-208.5	1
-207.5	3
-206.5	2
-205.5	5
-204.5	3
-203.5	2
-202.5	1
-201.5	1
-200.5	2
-199.5	0
-198.5	4
-197.5	1
-196.5	1
-195.5	3
-194.5	1
-193.5	2
-192.5	1
-191.5	1
-190.5	0
-189.5	1
-188.5	1
-187.5	0
-186.5	0
-185.5	2.5
-184.5	2
-183.5	1
-182.5	0
-181.5	3
-180.5	2
-179.5	1
-178.5	2
-177.5	0
-176.5	0
-175.5	1
-174.5	3
-173.5	1
-172.5	2
-171.5	0
-170.5	2
-169.5	0.5
-168.5	2
-167.5	1
-166.5	2
-165.5	1
-164.5	2
-163.5	0
-162.5	0
-161.5	5
-160.5	0
-159.5	3
-158.5	3
-157.5	4
-156.5	3
-155.5	0
-154.5	0
-153.5	2
-152.5	1
-151.5	4
-150.5	3
-149.5	1
-148.5	2
-147.5	1.5
-146.5	1
-145.5	0
-144.5	2
-143.5	0
-142.5	1
-141.5	1
-140.5	1
-139.5	2
-138.5	1
-137.5	2
-136.5	4
-135.5	1
-134.5	0
-133.5	4
-132.5	3
-131.5	0
-130.5	2
-129.5	0
-128.5	3
-127.5	1
-126.5	1
-125.5	0
-124.5	1
-123.5	0
-122.5	0
-121.5	3
-120.5	1
-119.5	5
-118.5	2
-117.5	1
-116.5	1
-115.5	0
-114.5	0
-113.5	2
-112.5	5
-111.5	0
-110.5	2
-109.5	2.33333
-108.5	1
-107.5	1
-106.5	2
-105.5	2
-104.5	1
-103.5	2
-102.5	3
-101.5	1
-100.5	2
 -99.5	0
 -98.5	2
 -97.5	2
 -96.5	0.5
 -95.5	1
 -94.5	2
 -93.5	0
 -92.5	3
 -91.5	4
 -90.5	0
 -89.5	1
 -88.5	1
 -87.5	1
 -86.5	2
 -85.5	1
 -84.5	2
 -83.5	4.33333
 -82.5	4
 -81.5	2
 -80.5	1
 -79.5	0
 -78.5	6
 -77.5	1
 -76.5	1
 -75.5	6.5
 -74.5	0
 -73.5	3
 -72.5	5
 -71.5	3
 -70.5	1
 -69.5	0
 -68.5	1
 -67.5	0
 -66.5	0
 -65.5	1
 -64.5	3
 -63.5	1
 -62.5	3
 -61.5	4
 -60.5	3
 -59.5	1
 -58.5	1
 -57.5	3
 -56.5	2.5
 -55.5	3
 -54.5	2
 -53.5	2
 -52.5	1.5
 -51.5	1
 -50.5	0
 -49.5	2
 -48.5	1
 -47.5	2
 -46.5	0
 -45.5	5
 -44.5	3
 -43.5	1
 -42.5	1
 -41.5	3
 -40.5	2.33333
 -39.5	5
 -38.5	4
 -37.5	2
 -36.5	0
 -35.5	2
 -34.5	3
 -33.5	1
 -32.5	3
 -31.5	2
 -30.5	1
 -29.5	1
 -28.5	3
 -27.5	1
 -26.5	2
 -25.5	4
 -24.5	2
 -23.5	2
 -22.5	1
 -21.5	2
 -20.5	3
 -19.5	1
 -18.5	2
 -17.5	2
 -16.5	4
 -15.5	1
 -14.5	2
 -13.5	3
 -12.5	2
 -11.5	1
 -10.5	3
  -9.5	3
  -8.5	3
  -7.5	2
  -6.5	3
  -5.5	4
  -4.5	1
  -3.5	1
  -2.5	1
  -1.5	2.5
  -0.5	3
   0.5	5
   1.5	0
   2.5	1
   3.5	2
   4.5	4
   5.5	2
   6.5	2
   7.5	1.83333
   8.5	1.5
   9.5	3
  10.5	3
  11.5	0.5
  12.5	5
  13.5	3
  14.5	5
  15.5	1
  16.5	2
  17.5	2
  18.5	3
  19.5	1
  20.5	1
  21.5	1
  22.5	3
  23.5	0
  24.5	1
  25.5	0
  26.5	2
  27.5	4
  28.5	3
  29.5	2
  30.5	1
  31.5	1
  32.5	1
  33.5	1
  34.5	0
  35.5	3
  36.5	0
  37.5	2
  38.5	3
  39.5	4
  40.5	2
  41.5	3
  42.5	1
  43.5	1
  44.5	3
  45.5	0
  46.5	3
  47.5	0
  48.5	4
  49.5	1
  50.5	2
  51.5	2
  52.5	6
  53.5	1.33333
  54.5	2
  55.5	2
  56.5	3
  57.5	1
  58.5	2
  59.5	1
  60.5	2
  61.5	2
  62.5	0
  63.5	4
  64.5	1
  65.5	2
  66.5	0
  67.5	5
  68.5	0
  69.5	2
  70.5	2
  71.5	3
  72.5	3
  73.5	1
  74.5	3
  75.5	0
  76.5	1
  77.5	3
  78.5	1
  79.5	0.5
  80.5	2
  81.5	0
  82.5	1
  83.5	1
  84.5	1
  85.5	0
  86.5	1
  87.5	1
  88.5	1
  89.5	2
  90.5	1
  91.5	3
  92.5	2
  93.5	1
  94.5	0
  95.5	1
  96.5	2
  97.5	1
  98.5	0
  99.5	3
 100.5	2
 101.5	0
 102.5	3
 103.5	1
 104.5	3
 105.5	2
 106.5	1
 107.5	2.33333
 108.5	2
 109.5	3
 110.5	3
 111.5	0
 112.5	2
 113.5	1
 114.5	3
 115.5	2
 116.5	1
 117.5	1
 118.5	1
 119.5	0
 120.5	0
 121.5	1
 122.5	1
 123.5	4
 124.5	1
 125.5	1
 126.5	1
 127.5	0
 128.5	4
 129.5	1
 130.5	0
 131.5	1
 132.5	1.5
 133.5	2
 134.5	1
 135.5	1
 136.5	0
 137.5	5
 138.5	2
 139.5	0
 140.5	0
 141.5	0
 142.5	0
 143.5	1
 144.5	0
 145.5	2
 146.5	1
 147.5	0
 148.5	0
 149.5	2
 150.5	1
 151.5	4.5
 152.5	1
 153.5	1
 154.5	1
 155.5	1
 156.5	2
 157.5	1
 158.5	0
 159.5	4
 160.5	0
 161.5	2
 162.5	0
 163.5	4
 164.5	2
 165.5	4
 166.5	1
 167.5	1
 168.5	0
 169.5	1
 170.5	3
 171.5	5
 172.5	2
 173.5	1
 174.5	3
 175.5	1
 176.5	0
 177.5	1
 178.5	2
 179.5	0
 180.5	6
 181.5	2
 182.5	0
 183.5	1
 184.5	1
 185.5	2
 186.5	1.5
 187.5	3
 188.5	0
 189.5	1
 190.5	0
 191.5	1.5
 192.5	3
 193.5	0
 194.5	1
 195.5	0
 196.5	4
 197.5	3
 198.5	0
 199.5	3.5
 200.5	1
 201.5	1
 202.5	2
 203.5	0
 204.5	2
 205.5	2
 206.5	1.5
 207.5	1
 208.5	2
 209.5	2
