********************************************************************************
STREME - Sensitive, Thorough, Rapid, Enriched Motif Elicitation
********************************************************************************
MEME version 5.5.3 (Release date: Sat Jun 10 16:19:38 2023 -0700)

For further information on how to interpret these results please access http://localhost:8080/meme_5.5.3.
To get a copy of the MEME Suite software please access https://meme-suite.org.

********************************************************************************


********************************************************************************
REFERENCE
********************************************************************************
If you use this program in your research, please cite:

Timothy L. Bailey,
"STREME: accurate and versatile sequence motif discovery",
Bioinformatics, Mar. 24, 2021.
********************************************************************************


ALPHABET= ACGT

strands: + -

Background letter frequencies
A 0.181 C 0.319 G 0.319 T 0.181 

MOTIF 1-GGGGCGGGGCYD STREME-1
letter-probability matrix: alength= 4 w= 12 nsites= 1372 E= 3.7e-017
 0.091891 0.006311 0.811676 0.090122
 0.124942 0.000044 0.874989 0.000025
 0.000025 0.000044 0.999906 0.000025
 0.000025 0.000044 0.999906 0.000025
 0.000025 0.979508 0.000044 0.020423
 0.000025 0.000044 0.999906 0.000025
 0.000025 0.000044 0.916968 0.082963
 0.101299 0.000044 0.883757 0.014900
 0.110544 0.002390 0.875111 0.011955
 0.064255 0.847397 0.010108 0.078240
 0.078677 0.499492 0.165846 0.255985
 0.266442 0.107175 0.298371 0.328013

MOTIF 2-ACTACAWYTCCCAGV STREME-2
letter-probability matrix: alength= 4 w= 15 nsites= 586 E= 1.7e-016
 0.986471 0.013392 0.000088 0.000050
 0.000050 0.999813 0.000088 0.000050
 0.000050 0.057106 0.000088 0.942757
 0.895241 0.041901 0.032398 0.030459
 0.000050 0.988410 0.001988 0.009553
 0.868633 0.041901 0.081814 0.007652
 0.524620 0.083715 0.087516 0.304149
 0.083677 0.353603 0.140733 0.421987
 0.057068 0.049504 0.017193 0.876235
 0.003851 0.963702 0.001988 0.030459
 0.000050 0.996012 0.000088 0.003851
 0.003851 0.992211 0.000088 0.003851
 0.804012 0.000088 0.186348 0.009553
 0.070372 0.079914 0.745130 0.104584
 0.351664 0.414423 0.211056 0.022857

MOTIF 3-VCCGGAAGTGV STREME-3
letter-probability matrix: alength= 4 w= 11 nsites= 830 E= 9.2e-010
 0.318840 0.292634 0.356839 0.031687
 0.048851 0.807047 0.144056 0.000046
 0.104855 0.895019 0.000080 0.000046
 0.000046 0.000080 0.999829 0.000046
 0.000046 0.000080 0.999829 0.000046
 0.999794 0.000080 0.000080 0.000046
 0.981903 0.000080 0.000080 0.017936
 0.035450 0.024716 0.939788 0.000046
 0.000046 0.180359 0.000080 0.819515
 0.169990 0.091505 0.609401 0.129104
 0.271305 0.236780 0.404851 0.087065

MOTIF 4-RGCCAATSRGM STREME-4
letter-probability matrix: alength= 4 w= 11 nsites= 729 E= 1.1e-008
 0.580917 0.009073 0.384745 0.025265
 0.251421 0.004162 0.691939 0.052479
 0.001735 0.980531 0.000078 0.017656
 0.003139 0.986593 0.001769 0.008499
 0.993036 0.001769 0.001769 0.003426
 0.993700 0.000780 0.005477 0.000044
 0.000746 0.038426 0.003460 0.957368
 0.101044 0.544572 0.314331 0.040053
 0.556739 0.066297 0.362690 0.014274
 0.162249 0.174420 0.618061 0.045270
 0.481607 0.241537 0.198573 0.078283

MOTIF 5-GTGACGTVA STREME-5
letter-probability matrix: alength= 4 w= 9 nsites= 894 E= 1.3e-007
 0.270608 0.000083 0.729262 0.000047
 0.000047 0.000083 0.000083 0.999788
 0.007197 0.276866 0.668336 0.047601
 0.999788 0.000083 0.000083 0.000047
 0.000047 0.902678 0.000083 0.097193
 0.000047 0.000083 0.999824 0.000047
 0.000047 0.098364 0.000083 0.901507
 0.278558 0.383753 0.308885 0.028805
 0.660237 0.021261 0.227982 0.090519

MOTIF 6-YGCGCATGCGC STREME-6
letter-probability matrix: alength= 4 w= 11 nsites= 521 E= 2.0e-007
 0.000085 0.592900 0.011772 0.395242
 0.051726 0.000151 0.948038 0.000085
 0.044698 0.955066 0.000151 0.000085
 0.017277 0.000151 0.965651 0.016921
 0.000085 0.999678 0.000151 0.000085
 0.736146 0.232202 0.031567 0.000085
 0.017590 0.135366 0.145846 0.701198
 0.000085 0.000151 0.999678 0.000085
 0.000085 0.989852 0.000151 0.009911
 0.000085 0.000151 0.932512 0.067251
 0.000085 0.927506 0.000151 0.072258

MOTIF 7-AAGATGGCGGCSSC STREME-7
letter-probability matrix: alength= 4 w= 14 nsites= 424 E= 2.6e-006
 0.999688 0.000121 0.000121 0.000069
 0.915304 0.047587 0.018580 0.018528
 0.172568 0.229540 0.582001 0.015891
 0.999688 0.000121 0.000121 0.000069
 0.000069 0.000121 0.000121 0.999688
 0.000069 0.000121 0.999741 0.000069
 0.000069 0.000121 0.986556 0.013254
 0.021165 0.952275 0.000121 0.026439
 0.050172 0.107790 0.765497 0.076542
 0.124008 0.097690 0.733853 0.044450
 0.116097 0.725494 0.044950 0.113460
 0.127739 0.343577 0.383580 0.145103
 0.163562 0.266010 0.443783 0.126645
 0.154109 0.528615 0.186900 0.130376

MOTIF 8-CCCCGCCCCT STREME-8
letter-probability matrix: alength= 4 w= 10 nsites= 721 E= 2.5e-004
 0.084221 0.784833 0.077680 0.053266
 0.056937 0.861705 0.000988 0.080370
 0.064062 0.895097 0.015978 0.024863
 0.013660 0.942624 0.016161 0.027554
 0.025743 0.000450 0.878659 0.095149
 0.001914 0.966126 0.014328 0.017633
 0.002292 0.984487 0.007000 0.006220
 0.004796 0.979330 0.000923 0.014952
 0.005926 0.956217 0.012119 0.025738
 0.025923 0.141575 0.040006 0.792497

MOTIF 9-GGGCGGGAGAAAGA STREME-9
letter-probability matrix: alength= 4 w= 14 nsites= 167 E= 1.0e-002
 0.041707 0.041825 0.904442 0.012027
 0.056042 0.000273 0.925722 0.017963
 0.000155 0.018081 0.904442 0.077322
 0.243976 0.737788 0.000273 0.017963
 0.041707 0.000273 0.851018 0.107002
 0.065450 0.029953 0.874762 0.029835
 0.000155 0.047761 0.940057 0.012027
 0.993362 0.000273 0.000273 0.006091
 0.083258 0.018081 0.886634 0.012027
 0.585798 0.159536 0.228304 0.026362
 0.636758 0.106112 0.191679 0.065450
 0.534838 0.145200 0.234240 0.085722
 0.107002 0.012145 0.868826 0.012027
 0.560599 0.201088 0.208479 0.029835

MOTIF 10-GCCGCCGCCGCCGCC STREME-10
letter-probability matrix: alength= 4 w= 15 nsites= 228 E= 1.8e-002
 0.009934 0.000226 0.984809 0.005031
 0.000128 0.865098 0.010032 0.124742
 0.040298 0.851479 0.034548 0.073675
 0.061001 0.005129 0.933742 0.000128
 0.005031 0.905249 0.000226 0.089494
 0.070807 0.806260 0.000226 0.122707
 0.123651 0.000226 0.871092 0.005031
 0.000128 0.876939 0.005129 0.117804
 0.009934 0.848770 0.033715 0.107581
 0.103094 0.000226 0.886746 0.009934
 0.029547 0.894100 0.000226 0.076127
 0.005031 0.760097 0.000226 0.234646
 0.080780 0.039451 0.879641 0.000128
 0.000128 0.955390 0.014935 0.029547
 0.000128 0.925971 0.054161 0.019740

MOTIF 11-CCCCGCCC STREME-11
letter-probability matrix: alength= 4 w= 8 nsites= 256 E= 5.7e-002
 0.016427 0.938118 0.029027 0.016427
 0.016427 0.938118 0.029027 0.016427
 0.016427 0.938118 0.029027 0.016427
 0.016427 0.938118 0.029027 0.016427
 0.016427 0.029027 0.938118 0.016427
 0.016427 0.938118 0.029027 0.016427
 0.016427 0.938118 0.029027 0.016427
 0.016427 0.938118 0.029027 0.016427

MOTIF 12-CGGGVGCGCGCACG STREME-12
letter-probability matrix: alength= 4 w= 14 nsites= 93 E= 2.2e-001
 0.014300 0.984694 0.000642 0.000363
 0.000363 0.000642 0.998631 0.000363
 0.000363 0.014579 0.970758 0.014300
 0.028237 0.098200 0.873199 0.000363
 0.257012 0.254191 0.488434 0.000363
 0.083985 0.117922 0.797730 0.000363
 0.000363 0.998631 0.000642 0.000363
 0.000363 0.000642 0.998631 0.000363
 0.083985 0.915010 0.000642 0.000363
 0.000363 0.000642 0.998631 0.000363
 0.000363 0.998631 0.000642 0.000363
 0.786614 0.014579 0.184507 0.014300
 0.000363 0.998631 0.000642 0.000363
 0.000363 0.000642 0.998631 0.000363

MOTIF 13-GCACGCACGCAC STREME-13
letter-probability matrix: alength= 4 w= 12 nsites= 106 E= 4.0e-001
 0.075676 0.047392 0.829775 0.047157
 0.013409 0.974033 0.000540 0.012018
 0.904911 0.000540 0.094244 0.000305
 0.035444 0.963711 0.000540 0.000305
 0.000305 0.000540 0.998850 0.000305
 0.000305 0.846580 0.000540 0.152575
 0.998616 0.000540 0.000540 0.000305
 0.012018 0.928572 0.059105 0.000305
 0.065299 0.000540 0.933856 0.000305
 0.035444 0.916858 0.012253 0.035444
 0.915120 0.000540 0.072322 0.012018
 0.012018 0.940285 0.047392 0.000305

MOTIF 14-GTYKCCATGGMRAC STREME-14
letter-probability matrix: alength= 4 w= 14 nsites= 115 E= 4.0e-001
 0.072266 0.000442 0.927042 0.000250
 0.000250 0.048453 0.000442 0.950855
 0.024255 0.413331 0.005243 0.557170
 0.153883 0.038851 0.528556 0.278710
 0.000250 0.955848 0.000442 0.043460
 0.000250 0.840623 0.005243 0.153883
 0.590777 0.130070 0.139672 0.139480
 0.139480 0.139672 0.130070 0.590777
 0.153883 0.005243 0.840623 0.000250
 0.043460 0.000442 0.955848 0.000250
 0.278710 0.528556 0.038851 0.153883
 0.557170 0.005243 0.413331 0.024255
 0.950855 0.000442 0.048453 0.000250
 0.000250 0.927042 0.000442 0.072266

MOTIF 15-CTCGGCCTC STREME-15
letter-probability matrix: alength= 4 w= 9 nsites= 347 E= 4.6e-001
 0.000268 0.998990 0.000474 0.000268
 0.000268 0.000474 0.000474 0.998784
 0.000268 0.998990 0.000474 0.000268
 0.177324 0.129870 0.692538 0.000268
 0.000268 0.107107 0.892357 0.000268
 0.000268 0.953914 0.000474 0.045345
 0.015988 0.789399 0.105741 0.088872
 0.000268 0.104237 0.000474 0.895021
 0.076522 0.922736 0.000474 0.000268

MOTIF 16-ATCGAT STREME-16
letter-probability matrix: alength= 4 w= 6 nsites= 47 E= 5.8e-001
 0.925518 0.029027 0.029027 0.016427
 0.016427 0.029027 0.029027 0.925518
 0.016427 0.938118 0.029027 0.016427
 0.016427 0.029027 0.938118 0.016427
 0.925518 0.029027 0.029027 0.016427
 0.016427 0.029027 0.029027 0.925518

MOTIF 17-ATCTCGCGAGAT STREME-17
letter-probability matrix: alength= 4 w= 12 nsites= 61 E= 5.8e-001
 0.575306 0.186765 0.085318 0.152611
 0.017349 0.017687 0.000779 0.964186
 0.118795 0.863077 0.017687 0.000441
 0.000441 0.026141 0.000779 0.972640
 0.000441 0.998340 0.000779 0.000441
 0.034256 0.000779 0.964524 0.000441
 0.000441 0.964524 0.000779 0.034256
 0.000441 0.000779 0.998340 0.000441
 0.972640 0.000779 0.026141 0.000441
 0.000441 0.017687 0.863077 0.118795
 0.964186 0.000779 0.017687 0.017349
 0.152611 0.085318 0.186765 0.575306

MOTIF 18-GCTGGGATTAYAGG STREME-18
letter-probability matrix: alength= 4 w= 14 nsites= 57 E= 5.8e-001
 0.038855 0.020061 0.940584 0.000500
 0.019678 0.844696 0.077594 0.058033
 0.000500 0.039239 0.000883 0.959378
 0.038855 0.000883 0.959762 0.000500
 0.000500 0.058416 0.902229 0.038855
 0.000500 0.000883 0.978939 0.019678
 0.901845 0.039239 0.039239 0.019678
 0.019678 0.154304 0.039239 0.786780
 0.000500 0.077594 0.039239 0.882668
 0.671715 0.077594 0.211837 0.038855
 0.038855 0.518678 0.058416 0.384051
 0.901845 0.020061 0.058416 0.019678
 0.077210 0.058416 0.863874 0.000500
 0.077210 0.039239 0.806341 0.077210

MOTIF 19-CCTCCTCCTCCTCCY STREME-19
letter-probability matrix: alength= 4 w= 15 nsites= 219 E= 5.9e-001
 0.000131 0.819076 0.175626 0.005167
 0.000131 0.999505 0.000232 0.000131
 0.000131 0.000232 0.035482 0.964155
 0.000131 0.918934 0.080803 0.000131
 0.000131 0.999505 0.000232 0.000131
 0.065595 0.030446 0.188643 0.715315
 0.000131 0.856416 0.020375 0.123078
 0.000131 0.848434 0.010303 0.141131
 0.025310 0.268094 0.045553 0.661043
 0.020274 0.746750 0.090875 0.142101
 0.055524 0.853470 0.055625 0.035381
 0.120988 0.206810 0.111017 0.561184
 0.000131 0.673041 0.326697 0.000131
 0.000131 0.898791 0.035482 0.065595
 0.000131 0.346840 0.177452 0.475577

MOTIF 20-MGGAGGCGGYGGCGG STREME-20
letter-probability matrix: alength= 4 w= 15 nsites= 116 E= 6.6e-001
 0.562822 0.296828 0.140108 0.000243
 0.000243 0.000429 0.989774 0.009555
 0.084050 0.000429 0.905966 0.009555
 0.855356 0.065612 0.000429 0.078603
 0.093362 0.000429 0.850095 0.056114
 0.028178 0.009741 0.878031 0.084050
 0.013419 0.948661 0.000429 0.037490
 0.028178 0.009741 0.887343 0.074738
 0.028178 0.000429 0.971150 0.000243
 0.084050 0.274339 0.097413 0.544198
 0.251664 0.065612 0.673169 0.009555
 0.018867 0.195979 0.673169 0.111986
 0.084050 0.753111 0.106725 0.056114
 0.028178 0.093548 0.803535 0.074738
 0.115850 0.093548 0.790359 0.000243

MOTIF 21-TGACGCA STREME-21
letter-probability matrix: alength= 4 w= 7 nsites= 197 E= 6.8e-001
 0.016427 0.029027 0.029027 0.925518
 0.016427 0.029027 0.938118 0.016427
 0.925518 0.029027 0.029027 0.016427
 0.016427 0.938118 0.029027 0.016427
 0.016427 0.029027 0.938118 0.016427
 0.016427 0.938118 0.029027 0.016427
 0.925518 0.029027 0.029027 0.016427

MOTIF 22-CCAATC STREME-22
letter-probability matrix: alength= 4 w= 6 nsites= 327 E= 7.1e-001
 0.016427 0.938118 0.029027 0.016427
 0.016427 0.938118 0.029027 0.016427
 0.925518 0.029027 0.029027 0.016427
 0.925518 0.029027 0.029027 0.016427
 0.016427 0.029027 0.029027 0.925518
 0.016427 0.938118 0.029027 0.016427

MOTIF 23-GTAAACAS STREME-23
letter-probability matrix: alength= 4 w= 8 nsites= 79 E= 7.3e-001
 0.001131 0.001998 0.995740 0.001131
 0.001131 0.001998 0.001998 0.994873
 0.994873 0.001998 0.001998 0.001131
 0.994873 0.001998 0.001998 0.001131
 0.940494 0.056377 0.001998 0.001131
 0.001131 0.934682 0.001998 0.062189
 0.994873 0.001998 0.001998 0.001131
 0.111338 0.337585 0.544055 0.007022

MOTIF 24-ATGGCGGC STREME-24
letter-probability matrix: alength= 4 w= 8 nsites= 128 E= 7.8e-001
 0.925518 0.029027 0.029027 0.016427
 0.016427 0.029027 0.029027 0.925518
 0.016427 0.029027 0.938118 0.016427
 0.016427 0.029027 0.938118 0.016427
 0.016427 0.938118 0.029027 0.016427
 0.016427 0.029027 0.938118 0.016427
 0.016427 0.029027 0.938118 0.016427
 0.016427 0.938118 0.029027 0.016427

MOTIF 25-AAAAAAAAAAAAAA STREME-25
letter-probability matrix: alength= 4 w= 14 nsites= 107 E= 7.8e-001
 0.812412 0.000608 0.022897 0.164084
 0.953401 0.032459 0.013796 0.000344
 0.906457 0.045648 0.007985 0.039910
 0.958875 0.000608 0.000608 0.039910
 0.750533 0.068117 0.181005 0.000344
 0.705054 0.169821 0.085214 0.039910
 0.787420 0.013796 0.053363 0.145421
 0.900645 0.000608 0.098403 0.000344
 0.610491 0.296236 0.000608 0.092666
 0.838947 0.160102 0.000608 0.000344
 0.919308 0.026985 0.040174 0.013533
 0.667154 0.226384 0.000608 0.105855
 0.919308 0.000608 0.040174 0.039910
 0.934169 0.041740 0.010559 0.013533

MOTIF 26-ARTAAAYAW STREME-26
letter-probability matrix: alength= 4 w= 9 nsites= 228 E= 7.9e-001
 0.709211 0.000278 0.000278 0.290233
 0.511579 0.099448 0.326091 0.062883
 0.000157 0.291466 0.000278 0.708099
 0.825375 0.080492 0.000278 0.093855
 0.999287 0.000278 0.000278 0.000157
 0.999287 0.000278 0.000278 0.000157
 0.000157 0.502253 0.000278 0.497311
 0.999287 0.000278 0.000278 0.000157
 0.439487 0.000278 0.000278 0.559957

MOTIF 27-ACGTGGC STREME-27
letter-probability matrix: alength= 4 w= 7 nsites= 517 E= 9.4e-001
 0.996786 0.001253 0.001253 0.000709
 0.000709 0.997330 0.001253 0.000709
 0.000709 0.001253 0.997330 0.000709
 0.000709 0.001253 0.001253 0.996786
 0.097638 0.074442 0.757097 0.070823
 0.245580 0.001253 0.752459 0.000709
 0.000709 0.863430 0.001253 0.134608

MOTIF 28-CCATAGAG STREME-28
letter-probability matrix: alength= 4 w= 8 nsites= 46 E= 1.2e+000
 0.016427 0.938118 0.029027 0.016427
 0.016427 0.938118 0.029027 0.016427
 0.925518 0.029027 0.029027 0.016427
 0.016427 0.029027 0.029027 0.925518
 0.925518 0.029027 0.029027 0.016427
 0.016427 0.029027 0.938118 0.016427
 0.925518 0.029027 0.029027 0.016427
 0.016427 0.029027 0.938118 0.016427

MOTIF 29-CAGCAGCCA STREME-29
letter-probability matrix: alength= 4 w= 9 nsites= 367 E= 1.2e+000
 0.027409 0.854512 0.038645 0.079434
 0.792656 0.059665 0.109508 0.038171
 0.015868 0.025715 0.873035 0.085382
 0.038119 0.871062 0.020553 0.070266
 0.954130 0.011353 0.015697 0.018820
 0.068946 0.069410 0.797823 0.063821
 0.000552 0.930581 0.003774 0.065094
 0.019849 0.775723 0.159740 0.044688
 0.918116 0.047746 0.023455 0.010683

MOTIF 30-CCCCACCCCCTC STREME-30
letter-probability matrix: alength= 4 w= 12 nsites= 139 E= 1.4e+000
 0.108746 0.871168 0.019833 0.000253
 0.057982 0.896655 0.019833 0.025530
 0.000253 0.911809 0.010140 0.077799
 0.135959 0.795489 0.048913 0.019639
 0.998854 0.000447 0.000447 0.000253
 0.000253 0.999048 0.000447 0.000253
 0.000253 0.999048 0.000447 0.000253
 0.031200 0.890555 0.000447 0.077799
 0.019639 0.890046 0.052936 0.037379
 0.126265 0.711370 0.162112 0.000253
 0.248475 0.015380 0.166669 0.569476
 0.048719 0.714953 0.086653 0.149675

MOTIF 31-ACCCGGAAG STREME-31
letter-probability matrix: alength= 4 w= 9 nsites= 179 E= 1.7e+000
 0.998340 0.000647 0.000647 0.000366
 0.049298 0.838074 0.098219 0.014409
 0.008017 0.984495 0.004263 0.003224
 0.027948 0.940477 0.013754 0.017821
 0.018838 0.004468 0.962285 0.014409
 0.004732 0.021161 0.931612 0.042495
 0.888360 0.059827 0.037405 0.014409
 0.883170 0.091668 0.000647 0.024515
 0.109750 0.109339 0.770960 0.009952

MOTIF 32-AAAGKAA STREME-32
letter-probability matrix: alength= 4 w= 7 nsites= 467 E= 1.7e+000
 0.995868 0.001610 0.001610 0.000911
 0.857724 0.001610 0.001610 0.139056
 0.995868 0.001610 0.001610 0.000911
 0.000911 0.019340 0.978837 0.000911
 0.000911 0.177862 0.509174 0.312053
 0.995868 0.001610 0.001610 0.000911
 0.995868 0.001610 0.001610 0.000911

MOTIF 33-AGGTMA STREME-33
letter-probability matrix: alength= 4 w= 6 nsites= 1108 E= 1.8e+000
 0.997356 0.001030 0.001030 0.000583
 0.000583 0.252049 0.746785 0.000583
 0.000583 0.001030 0.997803 0.000583
 0.000583 0.001030 0.001030 0.997356
 0.313407 0.442087 0.162973 0.081533
 0.997356 0.001030 0.001030 0.000583

MOTIF 34-CAGCGCCCCCTGSCG STREME-34
letter-probability matrix: alength= 4 w= 15 nsites= 95 E= 2.0e+000
 0.000296 0.812295 0.039342 0.148067
 0.561995 0.080092 0.205129 0.152784
 0.000296 0.000524 0.919315 0.079865
 0.000296 0.998884 0.000524 0.000296
 0.000296 0.000524 0.998884 0.000296
 0.057131 0.805646 0.080092 0.057131
 0.000296 0.998884 0.000524 0.000296
 0.250369 0.703343 0.000524 0.045764
 0.000296 0.703343 0.000524 0.295837
 0.000296 0.998884 0.000524 0.000296
 0.000296 0.000524 0.000524 0.998656
 0.091232 0.068725 0.782912 0.057131
 0.000296 0.443835 0.487371 0.068498
 0.113966 0.578307 0.034624 0.273103
 0.011663 0.011891 0.976150 0.000296

MOTIF 35-AAMCCGA STREME-35
letter-probability matrix: alength= 4 w= 7 nsites= 624 E= 3.1e+000
 0.826724 0.056561 0.060804 0.055911
 0.942613 0.050439 0.000875 0.006073
 0.607535 0.351770 0.000875 0.039820
 0.000495 0.876153 0.000875 0.122477
 0.000495 0.998135 0.000875 0.000495
 0.000495 0.065143 0.700360 0.234003
 0.997755 0.000875 0.000875 0.000495

MOTIF 36-CCCAGMAKSCYCYGC STREME-36
letter-probability matrix: alength= 4 w= 15 nsites= 136 E= 3.9e+000
 0.000218 0.974050 0.000386 0.025346
 0.000218 0.999177 0.000386 0.000218
 0.000218 0.982426 0.017138 0.000218
 0.831491 0.000386 0.134401 0.033722
 0.000218 0.213261 0.727671 0.058850
 0.531380 0.434512 0.033890 0.000218
 0.999010 0.000386 0.000386 0.000218
 0.000218 0.050642 0.401008 0.548132
 0.058850 0.379357 0.544823 0.016970
 0.000218 0.999177 0.000386 0.000218
 0.184489 0.493144 0.025514 0.296853
 0.016970 0.690690 0.070870 0.221470
 0.058850 0.585279 0.042266 0.313605
 0.003695 0.000386 0.895190 0.100730
 0.058850 0.873538 0.067393 0.000218

********************************************************************************
Stopped because 3 consecutive motifs exceeded the p-value threshold (0.05).
********************************************************************************
COMMAND:	streme --verbosity 1 --oc meme_out_incomplete_DL/HepG2_GMEB2-human_ENCFF169LKJ/streme_out -dna --seed 0 --p meme_out_incomplete_DL/HepG2_GMEB2-human_ENCFF169LKJ/seqs-centered --minw 6 --maxw 15 --time 6190 --order 2 --thresh 0.05 --align center --totallength 4000000 --parse-genomic-coord
********************************************************************************
CPU:		9f05ee173ae9
********************************************************************************
FINALTIME:	377.50 seconds
********************************************************************************
