********************************************************************************
STREME - Sensitive, Thorough, Rapid, Enriched Motif Elicitation
********************************************************************************
MEME version 5.5.3 (Release date: Sat Jun 10 16:19:38 2023 -0700)

For further information on how to interpret these results please access http://localhost:8080/meme_5.5.3.
To get a copy of the MEME Suite software please access https://meme-suite.org.

********************************************************************************


********************************************************************************
REFERENCE
********************************************************************************
If you use this program in your research, please cite:

Timothy L. Bailey,
"STREME: accurate and versatile sequence motif discovery",
Bioinformatics, Mar. 24, 2021.
********************************************************************************


ALPHABET= ACGT

strands: + -

Background letter frequencies
A 0.2 C 0.3 G 0.3 T 0.2 

MOTIF 1-TCAGCACCAYGGAC STREME-1
letter-probability matrix: alength= 4 w= 14 nsites= 227 E= 1.7e-006
 0.000140 0.092379 0.043869 0.863612
 0.004991 0.970404 0.000210 0.024395
 0.999440 0.000210 0.000210 0.000140
 0.014693 0.014763 0.965553 0.004991
 0.034097 0.824875 0.097230 0.043798
 0.994589 0.000210 0.000210 0.004991
 0.000140 0.994659 0.000210 0.004991
 0.004991 0.960702 0.009912 0.024395
 0.601660 0.072975 0.150590 0.174775
 0.102010 0.344629 0.121485 0.431876
 0.014693 0.024465 0.960702 0.000140
 0.029246 0.009912 0.941299 0.019544
 0.839358 0.058422 0.068124 0.034097
 0.004991 0.853981 0.111783 0.029246

MOTIF 2-RBCACGTGVY STREME-2
letter-probability matrix: alength= 4 w= 10 nsites= 259 E= 4.7e-004
 0.397295 0.156252 0.399979 0.046474
 0.124258 0.330930 0.259667 0.285145
 0.009191 0.990256 0.000332 0.000221
 0.999114 0.000332 0.000332 0.000221
 0.000221 0.999226 0.000332 0.000221
 0.000221 0.000332 0.999226 0.000221
 0.000221 0.000332 0.000332 0.999114
 0.000221 0.000332 0.990256 0.009191
 0.285145 0.259667 0.330930 0.124258
 0.046474 0.399979 0.156252 0.397295

MOTIF 3-CCTCRGCCTC STREME-3
letter-probability matrix: alength= 4 w= 10 nsites= 159 E= 1.3e-002
 0.000315 0.998897 0.000474 0.000315
 0.051420 0.865414 0.082851 0.000315
 0.000315 0.000474 0.000474 0.998738
 0.000315 0.728377 0.000474 0.270835
 0.601365 0.000474 0.397846 0.000315
 0.138297 0.070472 0.721756 0.069476
 0.000315 0.998897 0.000474 0.000315
 0.000315 0.906816 0.092555 0.000315
 0.000315 0.000474 0.000474 0.998738
 0.000315 0.998897 0.000474 0.000315

MOTIF 4-CCGCAGCCTCC STREME-4
letter-probability matrix: alength= 4 w= 11 nsites= 363 E= 1.8e-002
 0.024774 0.888377 0.047411 0.039438
 0.055370 0.836213 0.019898 0.088519
 0.026293 0.076218 0.874885 0.022604
 0.033210 0.895866 0.040395 0.030530
 0.817568 0.082776 0.074548 0.025109
 0.025067 0.069073 0.884240 0.021620
 0.049269 0.827497 0.068813 0.054421
 0.049990 0.809996 0.072657 0.067357
 0.114233 0.074599 0.092014 0.719154
 0.032955 0.792885 0.108681 0.065480
 0.048084 0.765450 0.113545 0.072921

MOTIF 5-CCCCGCCCCYG STREME-5
letter-probability matrix: alength= 4 w= 11 nsites= 331 E= 6.5e-002
 0.000181 0.999367 0.000272 0.000181
 0.000181 0.945240 0.054398 0.000181
 0.154214 0.817653 0.000272 0.027862
 0.000181 0.968016 0.000272 0.031532
 0.140366 0.000272 0.859182 0.000181
 0.249687 0.736578 0.000272 0.013463
 0.000181 0.999367 0.000272 0.000181
 0.000181 0.940991 0.058648 0.000181
 0.000181 0.889583 0.000272 0.109965
 0.000181 0.411964 0.183819 0.404036
 0.110806 0.154425 0.595050 0.139719

MOTIF 6-GCTGGGATTACA STREME-6
letter-probability matrix: alength= 4 w= 12 nsites= 92 E= 8.5e-002
 0.024795 0.000530 0.913215 0.061460
 0.000352 0.888771 0.000530 0.110347
 0.000352 0.000530 0.000530 0.998588
 0.073682 0.012751 0.913215 0.000352
 0.012574 0.012751 0.974323 0.000352
 0.061460 0.000530 0.937658 0.000352
 0.949702 0.012751 0.024973 0.012574
 0.000352 0.159411 0.000530 0.839707
 0.000352 0.024973 0.061638 0.913037
 0.949702 0.012751 0.037195 0.000352
 0.000352 0.892709 0.037195 0.069744
 0.925258 0.000530 0.073860 0.000352

MOTIF 7-AGGAAG STREME-7
letter-probability matrix: alength= 4 w= 6 nsites= 596 E= 1.2e-001
 0.927236 0.027309 0.027309 0.018145
 0.018145 0.027309 0.936400 0.018145
 0.018145 0.027309 0.936400 0.018145
 0.927236 0.027309 0.027309 0.018145
 0.927236 0.027309 0.027309 0.018145
 0.018145 0.027309 0.936400 0.018145

MOTIF 8-ACTTTGG STREME-8
letter-probability matrix: alength= 4 w= 7 nsites= 160 E= 1.7e-001
 0.927236 0.027309 0.027309 0.018145
 0.018145 0.936400 0.027309 0.018145
 0.018145 0.027309 0.027309 0.927236
 0.018145 0.027309 0.027309 0.927236
 0.018145 0.027309 0.027309 0.927236
 0.018145 0.027309 0.936400 0.018145
 0.018145 0.027309 0.936400 0.018145

MOTIF 9-ATCGCTTGARCCCRG STREME-9
letter-probability matrix: alength= 4 w= 15 nsites= 46 E= 7.1e-001
 0.981453 0.000721 0.017347 0.000479
 0.000479 0.067228 0.000721 0.931573
 0.017106 0.665788 0.067228 0.249879
 0.283132 0.017347 0.699041 0.000479
 0.017106 0.948441 0.033974 0.000479
 0.017106 0.067228 0.083854 0.831813
 0.017106 0.000721 0.017347 0.964826
 0.033732 0.067228 0.898561 0.000479
 0.981453 0.000721 0.000721 0.017106
 0.382892 0.050601 0.499521 0.066986
 0.000479 0.798801 0.117108 0.083612
 0.000479 0.898561 0.000721 0.100239
 0.050359 0.832055 0.000721 0.116866
 0.466026 0.017347 0.449641 0.066986
 0.083612 0.050601 0.865308 0.000479

MOTIF 10-GTCTCTACTAAAAA STREME-10
letter-probability matrix: alength= 4 w= 14 nsites= 50 E= 7.1e-001
 0.018145 0.027309 0.936400 0.018145
 0.018145 0.027309 0.027309 0.927236
 0.018145 0.936400 0.027309 0.018145
 0.018145 0.027309 0.027309 0.927236
 0.018145 0.936400 0.027309 0.018145
 0.018145 0.027309 0.027309 0.927236
 0.927236 0.027309 0.027309 0.018145
 0.018145 0.936400 0.027309 0.018145
 0.018145 0.027309 0.027309 0.927236
 0.927236 0.027309 0.027309 0.018145
 0.927236 0.027309 0.027309 0.018145
 0.927236 0.027309 0.027309 0.018145
 0.927236 0.027309 0.027309 0.018145
 0.927236 0.027309 0.027309 0.018145

MOTIF 11-GCGCGGTGGCTCACG STREME-11
letter-probability matrix: alength= 4 w= 15 nsites= 40 E= 7.1e-001
 0.036555 0.001540 0.960881 0.001024
 0.001024 0.960881 0.001540 0.036555
 0.214210 0.001540 0.783226 0.001024
 0.001024 0.889819 0.001540 0.107617
 0.072086 0.037072 0.889819 0.001024
 0.072086 0.001540 0.925350 0.001024
 0.001024 0.001540 0.037072 0.960365
 0.001024 0.001540 0.960881 0.036555
 0.036555 0.001540 0.960881 0.001024
 0.001024 0.996413 0.001540 0.001024
 0.001024 0.001540 0.001540 0.995896
 0.001024 0.996413 0.001540 0.001024
 0.995896 0.001540 0.001540 0.001024
 0.036555 0.854288 0.001540 0.107617
 0.143148 0.001540 0.783226 0.072086

MOTIF 12-GCCTCTGGGCCCC STREME-12
letter-probability matrix: alength= 4 w= 13 nsites= 28 E= 7.1e-001
 0.046459 0.001958 0.950282 0.001301
 0.001301 0.950282 0.047116 0.001301
 0.046459 0.814807 0.137433 0.001301
 0.001301 0.047116 0.092274 0.859309
 0.046459 0.905124 0.001958 0.046459
 0.046459 0.001958 0.047116 0.904467
 0.136776 0.001958 0.859966 0.001301
 0.001301 0.047116 0.950282 0.001301
 0.046459 0.001958 0.905124 0.046459
 0.091617 0.859966 0.001958 0.046459
 0.001301 0.995441 0.001958 0.001301
 0.001301 0.995441 0.001958 0.001301
 0.001301 0.814807 0.092274 0.091617

MOTIF 13-AACTCCTGACCTC STREME-13
letter-probability matrix: alength= 4 w= 13 nsites= 22 E= 7.1e-001
 0.927236 0.027309 0.027309 0.018145
 0.927236 0.027309 0.027309 0.018145
 0.018145 0.936400 0.027309 0.018145
 0.018145 0.027309 0.027309 0.927236
 0.018145 0.936400 0.027309 0.018145
 0.018145 0.936400 0.027309 0.018145
 0.018145 0.027309 0.027309 0.927236
 0.018145 0.027309 0.936400 0.018145
 0.927236 0.027309 0.027309 0.018145
 0.018145 0.936400 0.027309 0.018145
 0.018145 0.936400 0.027309 0.018145
 0.018145 0.027309 0.027309 0.927236
 0.018145 0.936400 0.027309 0.018145

MOTIF 14-AARATGGCGGCS STREME-14
letter-probability matrix: alength= 4 w= 12 nsites= 88 E= 7.2e-001
 0.957220 0.000595 0.041789 0.000396
 0.943485 0.000595 0.000595 0.055324
 0.329966 0.192843 0.449331 0.027860
 0.970950 0.000595 0.028060 0.000396
 0.000396 0.000595 0.000595 0.998414
 0.000396 0.000595 0.998614 0.000396
 0.000396 0.000595 0.998614 0.000396
 0.027860 0.916221 0.000595 0.055324
 0.096520 0.147225 0.646003 0.110253
 0.178913 0.028060 0.792632 0.000396
 0.151449 0.765168 0.000595 0.082788
 0.055324 0.298278 0.481217 0.165181

MOTIF 15-CAGCCTGGGCAACA STREME-15
letter-probability matrix: alength= 4 w= 14 nsites= 92 E= 7.9e-001
 0.011966 0.905774 0.000504 0.081755
 0.952131 0.000504 0.023767 0.023598
 0.035229 0.012136 0.824355 0.128280
 0.035229 0.877685 0.035398 0.051687
 0.011966 0.963931 0.012136 0.011966
 0.000335 0.012136 0.012136 0.975394
 0.046861 0.023767 0.917406 0.011966
 0.093386 0.012136 0.859249 0.035229
 0.028424 0.268026 0.668320 0.035229
 0.058492 0.831160 0.000504 0.109844
 0.696240 0.023767 0.233132 0.046861
 0.882343 0.023767 0.047030 0.046861
 0.000335 0.905774 0.058661 0.035229
 0.940499 0.035398 0.012136 0.011966

MOTIF 16-CAGCAGCAG STREME-16
letter-probability matrix: alength= 4 w= 9 nsites= 51 E= 7.9e-001
 0.018145 0.936400 0.027309 0.018145
 0.927236 0.027309 0.027309 0.018145
 0.018145 0.027309 0.936400 0.018145
 0.018145 0.936400 0.027309 0.018145
 0.927236 0.027309 0.027309 0.018145
 0.018145 0.027309 0.936400 0.018145
 0.018145 0.936400 0.027309 0.018145
 0.927236 0.027309 0.027309 0.018145
 0.018145 0.027309 0.936400 0.018145

MOTIF 17-AAAAAAAAGAAAGAA STREME-17
letter-probability matrix: alength= 4 w= 15 nsites= 173 E= 9.1e-001
 0.889768 0.032481 0.038922 0.038828
 0.883328 0.038922 0.032481 0.045269
 0.786721 0.103326 0.071124 0.038828
 0.844685 0.051803 0.058243 0.045269
 0.786721 0.077565 0.051803 0.083911
 0.838245 0.058243 0.058243 0.045269
 0.876888 0.038922 0.058243 0.025947
 0.844685 0.058243 0.038922 0.058150
 0.232843 0.148409 0.470432 0.148316
 0.864007 0.045362 0.019601 0.071030
 0.825364 0.090445 0.058243 0.025947
 0.773840 0.051803 0.109767 0.064590
 0.126647 0.133454 0.552941 0.186958
 0.786721 0.071124 0.058243 0.083911
 0.780281 0.084005 0.064684 0.071030

MOTIF 18-YGCGCASGCGC STREME-18
letter-probability matrix: alength= 4 w= 11 nsites= 91 E= 1.0e+000
 0.000286 0.603381 0.059309 0.337024
 0.031212 0.000430 0.956246 0.012113
 0.104818 0.894467 0.000430 0.000286
 0.010203 0.030182 0.959330 0.000286
 0.005645 0.983722 0.000430 0.010203
 0.998854 0.000430 0.000430 0.000286
 0.061175 0.251179 0.494818 0.192828
 0.000286 0.000430 0.988089 0.011196
 0.000286 0.969247 0.000430 0.030038
 0.020120 0.028306 0.951288 0.000286
 0.069707 0.867833 0.048143 0.014318

MOTIF 19-CCGCCGCCGCCGC STREME-19
letter-probability matrix: alength= 4 w= 13 nsites= 165 E= 1.0e+000
 0.000190 0.838172 0.062434 0.099204
 0.008160 0.894476 0.073679 0.023685
 0.026594 0.000286 0.972930 0.000190
 0.050407 0.881739 0.028059 0.039796
 0.047179 0.714004 0.182619 0.056198
 0.000190 0.000286 0.979531 0.019993
 0.039796 0.868437 0.055833 0.035934
 0.059599 0.696032 0.142426 0.101943
 0.045274 0.037765 0.911293 0.005668
 0.000190 0.892447 0.021360 0.086002
 0.013392 0.907482 0.016227 0.062899
 0.074072 0.059133 0.670313 0.196482
 0.019993 0.928531 0.051286 0.000190

MOTIF 20-CGGGACTCG STREME-20
letter-probability matrix: alength= 4 w= 9 nsites= 585 E= 1.1e+000
 0.055889 0.827037 0.021650 0.095424
 0.000802 0.015449 0.932613 0.051136
 0.025766 0.067843 0.799722 0.106668
 0.228745 0.000438 0.716651 0.054166
 0.914092 0.044926 0.000211 0.040771
 0.011912 0.872344 0.023150 0.092593
 0.088361 0.088169 0.124744 0.698727
 0.067447 0.658822 0.000211 0.273520
 0.116454 0.048137 0.780655 0.054755

MOTIF 21-AATTAGCYGGGCRTG STREME-21
letter-probability matrix: alength= 4 w= 15 nsites= 55 E= 2.9e+000
 0.917927 0.000865 0.020807 0.060402
 0.917927 0.000865 0.040749 0.040459
 0.080344 0.020807 0.000865 0.897984
 0.020517 0.100577 0.000865 0.878042
 0.917927 0.000865 0.080634 0.000574
 0.040459 0.000865 0.958102 0.000574
 0.000574 0.918217 0.000865 0.080344
 0.000574 0.599138 0.080634 0.319653
 0.239884 0.020807 0.658965 0.080344
 0.080344 0.000865 0.858389 0.060402
 0.000574 0.020807 0.978044 0.000574
 0.000574 0.758677 0.000865 0.239884
 0.419366 0.040749 0.539310 0.000574
 0.060402 0.060692 0.000865 0.878042
 0.100287 0.020807 0.878332 0.000574

MOTIF 22-VTGACGTCAB STREME-22
letter-probability matrix: alength= 4 w= 10 nsites= 19 E= 2.9e+000
 0.236561 0.263439 0.367908 0.132092
 0.001505 0.054499 0.002265 0.941731
 0.027622 0.002265 0.968609 0.001505
 0.993966 0.002265 0.002265 0.001505
 0.001505 0.994726 0.002265 0.001505
 0.001505 0.002265 0.994726 0.001505
 0.001505 0.002265 0.002265 0.993966
 0.001505 0.968609 0.002265 0.027622
 0.941731 0.002265 0.054499 0.001505
 0.132092 0.367908 0.263439 0.236561

MOTIF 23-CAGTGGYRCRATC STREME-23
letter-probability matrix: alength= 4 w= 13 nsites= 40 E= 5.7e+000
 0.000820 0.968673 0.029688 0.000820
 0.911351 0.001234 0.001234 0.086182
 0.086182 0.001234 0.883311 0.029274
 0.000820 0.029688 0.001234 0.968259
 0.057728 0.001234 0.911765 0.029274
 0.000820 0.001234 0.997127 0.000820
 0.000820 0.598770 0.058142 0.342269
 0.484539 0.058142 0.456499 0.000820
 0.057728 0.741040 0.001234 0.199998
 0.484539 0.001234 0.456499 0.057728
 0.882897 0.029688 0.086596 0.000820
 0.000820 0.001234 0.001234 0.996713
 0.029274 0.940219 0.029688 0.000820

********************************************************************************
Stopped because 3 consecutive motifs exceeded the p-value threshold (0.05).
********************************************************************************
COMMAND:	streme --verbosity 1 --oc meme_out_incomplete_DL/HepG2_AKNA-human_ENCFF579OCV/streme_out -dna --seed 0 --p meme_out_incomplete_DL/HepG2_AKNA-human_ENCFF579OCV/seqs-centered --minw 6 --maxw 15 --time 6194 --order 2 --thresh 0.05 --align center --totallength 4000000 --parse-genomic-coord
********************************************************************************
CPU:		9f05ee173ae9
********************************************************************************
FINALTIME:	124.90 seconds
********************************************************************************
