********************************************************************************
STREME - Sensitive, Thorough, Rapid, Enriched Motif Elicitation
********************************************************************************
MEME version 5.5.3 (Release date: Sat Jun 10 16:19:38 2023 -0700)

For further information on how to interpret these results please access http://localhost:8080/meme_5.5.3.
To get a copy of the MEME Suite software please access https://meme-suite.org.

********************************************************************************


********************************************************************************
REFERENCE
********************************************************************************
If you use this program in your research, please cite:

Timothy L. Bailey,
"STREME: accurate and versatile sequence motif discovery",
Bioinformatics, Mar. 24, 2021.
********************************************************************************


ALPHABET= ACGT

strands: + -

Background letter frequencies
A 0.224 C 0.276 G 0.276 T 0.224 

MOTIF 1-AMCCGGAAGT STREME-1
letter-probability matrix: alength= 4 w= 10 nsites= 1939 E= 6.4e-024
 0.576142 0.098824 0.128162 0.196872
 0.238234 0.443533 0.203727 0.114505
 0.040469 0.820429 0.128112 0.010990
 0.256286 0.741724 0.000039 0.001951
 0.002056 0.000039 0.997873 0.000032
 0.001986 0.000039 0.997943 0.000032
 0.999891 0.000039 0.000039 0.000032
 0.986907 0.000528 0.000039 0.012526
 0.052781 0.015978 0.928604 0.002638
 0.024904 0.228508 0.028189 0.718398

MOTIF 2-CCCCRCCCCC STREME-2
letter-probability matrix: alength= 4 w= 10 nsites= 1301 E= 8.6e-013
 0.000070 0.981991 0.000087 0.017851
 0.000070 0.964947 0.000087 0.034896
 0.036039 0.962146 0.000087 0.001728
 0.000070 0.999772 0.000087 0.000070
 0.300661 0.000087 0.588233 0.111019
 0.085905 0.900663 0.000087 0.013344
 0.000070 0.999772 0.000087 0.000070
 0.001557 0.923942 0.000087 0.074413
 0.079279 0.879609 0.000087 0.041025
 0.135414 0.582979 0.119871 0.161736

MOTIF 3-CCAGCCTGGSCAACA STREME-3
letter-probability matrix: alength= 4 w= 15 nsites= 345 E= 4.1e-009
 0.003264 0.945921 0.019096 0.031720
 0.015911 0.933274 0.000126 0.050690
 0.977514 0.003288 0.012773 0.006426
 0.044365 0.006449 0.863686 0.085499
 0.000102 0.977538 0.006449 0.015910
 0.009587 0.930111 0.015934 0.044368
 0.003264 0.025419 0.000126 0.971191
 0.044367 0.003288 0.939597 0.012749
 0.088642 0.006449 0.892161 0.012749
 0.060177 0.344903 0.566362 0.028558
 0.022234 0.724478 0.006449 0.246839
 0.692850 0.015935 0.281629 0.009587
 0.980676 0.000126 0.009611 0.009587
 0.006425 0.930113 0.003288 0.060174
 0.949059 0.003288 0.034904 0.012749

MOTIF 4-CTGGGATTACAGGC STREME-4
letter-probability matrix: alength= 4 w= 14 nsites= 334 E= 3.7e-008
 0.006783 0.912858 0.003471 0.076888
 0.000108 0.010147 0.000133 0.989613
 0.076884 0.000133 0.922875 0.000108
 0.026811 0.003471 0.959597 0.010121
 0.040165 0.010146 0.946244 0.003445
 0.992951 0.000133 0.003471 0.003445
 0.000108 0.207179 0.006809 0.785905
 0.013459 0.040189 0.006809 0.939544
 0.979599 0.010146 0.010147 0.000108
 0.003445 0.912853 0.020162 0.063540
 0.976262 0.006809 0.006809 0.010121
 0.066867 0.006809 0.926217 0.000108
 0.036825 0.003471 0.956258 0.003445
 0.026812 0.779314 0.016822 0.177052

MOTIF 5-AAAAAAAAAAAANAA STREME-5
letter-probability matrix: alength= 4 w= 15 nsites= 601 E= 5.6e-008
 0.990141 0.000084 0.000084 0.009690
 0.997644 0.000084 0.000084 0.002187
 0.874751 0.097548 0.025515 0.002187
 0.903601 0.031863 0.044216 0.020319
 0.763900 0.072211 0.001269 0.162619
 0.844258 0.018311 0.003482 0.133949
 0.745988 0.192474 0.022456 0.039082
 0.811521 0.159888 0.020049 0.008542
 0.887057 0.039859 0.014435 0.058649
 0.927532 0.038419 0.000084 0.033964
 0.970687 0.010678 0.005857 0.012779
 0.957749 0.000084 0.028507 0.013660
 0.328874 0.212172 0.189467 0.269487
 0.752065 0.000084 0.000084 0.247767
 0.903359 0.030246 0.011137 0.055259

MOTIF 6-GCCTCRGCCTCCCAA STREME-6
letter-probability matrix: alength= 4 w= 15 nsites= 319 E= 2.2e-006
 0.248599 0.003539 0.740946 0.006917
 0.006917 0.955398 0.006943 0.030743
 0.000110 0.965610 0.003539 0.030741
 0.006917 0.000136 0.000136 0.992812
 0.006917 0.836225 0.010346 0.146512
 0.533027 0.000136 0.442903 0.023935
 0.013724 0.000136 0.986031 0.000110
 0.006917 0.951997 0.000136 0.040951
 0.003513 0.962207 0.000136 0.034144
 0.000110 0.000136 0.000136 0.999619
 0.003513 0.972417 0.003539 0.020531
 0.006917 0.941786 0.003539 0.047758
 0.020532 0.822586 0.013749 0.143133
 0.657390 0.020557 0.311733 0.010320
 0.943461 0.003539 0.052890 0.000110

MOTIF 7-GGYGCRGTGGCTCA STREME-7
letter-probability matrix: alength= 4 w= 14 nsites= 302 E= 8.4e-006
 0.255474 0.014947 0.729460 0.000119
 0.044518 0.000148 0.951516 0.003819
 0.000119 0.614751 0.022347 0.362783
 0.259168 0.000148 0.733165 0.007519
 0.011219 0.725037 0.000148 0.263597
 0.390241 0.000148 0.590992 0.018619
 0.014919 0.000148 0.977415 0.007519
 0.000119 0.000148 0.007547 0.992186
 0.022318 0.000148 0.977415 0.000119
 0.007519 0.000148 0.973715 0.018618
 0.003819 0.870114 0.000148 0.125920
 0.104495 0.000148 0.265968 0.629390
 0.000119 0.995914 0.000148 0.003819
 0.777405 0.020182 0.194894 0.007519

MOTIF 8-GCGCATGCGCA STREME-8
letter-probability matrix: alength= 4 w= 11 nsites= 210 E= 6.2e-005
 0.065984 0.000202 0.913401 0.020413
 0.066001 0.920076 0.008697 0.005226
 0.011008 0.005264 0.973439 0.010288
 0.005226 0.994409 0.000202 0.000163
 0.740821 0.157493 0.091395 0.010291
 0.038376 0.104592 0.121821 0.735211
 0.005226 0.005264 0.989347 0.000163
 0.002995 0.986514 0.005264 0.005226
 0.005226 0.005865 0.973555 0.015354
 0.005226 0.946008 0.003034 0.045733
 0.872775 0.015401 0.106597 0.005227

MOTIF 9-CRGCCAATCAG STREME-9
letter-probability matrix: alength= 4 w= 11 nsites= 296 E= 2.5e-004
 0.024590 0.652853 0.064311 0.258246
 0.403700 0.053829 0.540073 0.002398
 0.198219 0.041000 0.623237 0.137544
 0.005534 0.994079 0.000214 0.000173
 0.021617 0.951191 0.027019 0.000173
 0.977956 0.000214 0.021658 0.000173
 0.999400 0.000214 0.000214 0.000173
 0.000173 0.000214 0.000214 0.999400
 0.016257 0.826943 0.156627 0.000173
 0.726014 0.045330 0.228483 0.000173
 0.000173 0.223389 0.776265 0.000173

MOTIF 10-AACTCCTGACCTCAR STREME-10
letter-probability matrix: alength= 4 w= 15 nsites= 205 E= 3.3e-004
 0.983376 0.016239 0.000213 0.000172
 0.849821 0.032265 0.000213 0.117701
 0.021540 0.924656 0.005555 0.048250
 0.032224 0.026922 0.000213 0.940641
 0.032224 0.897946 0.016239 0.053591
 0.000172 0.929996 0.005555 0.064277
 0.005514 0.042948 0.005555 0.945983
 0.032224 0.010897 0.956707 0.000172
 0.710888 0.005555 0.267359 0.016198
 0.064277 0.721619 0.213932 0.000172
 0.005514 0.962049 0.000213 0.032224
 0.000172 0.000213 0.000213 0.999402
 0.010856 0.913971 0.005555 0.069618
 0.865850 0.000213 0.123081 0.010856
 0.465018 0.032264 0.347622 0.155095

MOTIF 11-AGACRGGGTYTCRC STREME-11
letter-probability matrix: alength= 4 w= 14 nsites= 259 E= 7.6e-004
 0.978235 0.000170 0.021458 0.000137
 0.034200 0.021458 0.931432 0.012910
 0.995266 0.000170 0.004427 0.000137
 0.000137 0.675903 0.017200 0.306760
 0.356446 0.000170 0.643247 0.000137
 0.059745 0.004427 0.935690 0.000137
 0.315227 0.008685 0.658920 0.017168
 0.081032 0.008685 0.910146 0.000137
 0.000137 0.000170 0.000170 0.999523
 0.000137 0.383382 0.004427 0.612053
 0.004395 0.004427 0.000170 0.991008
 0.008653 0.826358 0.000170 0.164820
 0.548181 0.021458 0.353582 0.076779
 0.000137 0.961237 0.008685 0.029941

MOTIF 12-ACTACAWTTCCCAG STREME-12
letter-probability matrix: alength= 4 w= 14 nsites= 200 E= 1.4e-003
 0.977180 0.011321 0.005771 0.005728
 0.011278 0.966124 0.005771 0.016827
 0.005728 0.039067 0.000221 0.954983
 0.905036 0.027970 0.039068 0.027926
 0.005728 0.971674 0.005771 0.016827
 0.932783 0.016870 0.039069 0.011278
 0.322197 0.138972 0.072373 0.466457
 0.061226 0.222319 0.039073 0.677381
 0.066775 0.027968 0.011320 0.893936
 0.000179 0.999421 0.000221 0.000179
 0.000179 0.966124 0.000221 0.033475
 0.005728 0.977223 0.005771 0.011278
 0.949431 0.000221 0.050169 0.000179
 0.044575 0.044617 0.866232 0.044576

MOTIF 13-AGGAAGRGGMRG STREME-13
letter-probability matrix: alength= 4 w= 12 nsites= 2595 E= 1.7e-003
 0.617334 0.115712 0.266938 0.000016
 0.008153 0.040793 0.916513 0.034541
 0.000016 0.002109 0.977765 0.020110
 0.904680 0.017910 0.000020 0.077390
 0.732598 0.106809 0.071295 0.089298
 0.000016 0.001764 0.998204 0.000016
 0.460028 0.134462 0.263784 0.141726
 0.114577 0.149292 0.620990 0.115141
 0.218315 0.114603 0.647359 0.019723
 0.438242 0.303738 0.130771 0.127249
 0.349081 0.131392 0.346147 0.173380
 0.107112 0.052059 0.766490 0.074339

MOTIF 14-CAAGATGGCGGC STREME-14
letter-probability matrix: alength= 4 w= 12 nsites= 337 E= 2.4e-003
 0.168877 0.555860 0.166740 0.108523
 0.940536 0.000139 0.059214 0.000112
 0.952560 0.036765 0.010563 0.000112
 0.160430 0.178063 0.650971 0.010537
 0.999611 0.000139 0.000139 0.000112
 0.000112 0.000139 0.000139 0.999611
 0.000112 0.000139 0.996162 0.003587
 0.000112 0.000139 0.970397 0.029353
 0.034861 0.934979 0.000139 0.030022
 0.034860 0.104468 0.726742 0.133929
 0.163836 0.080064 0.710813 0.045288
 0.116745 0.814251 0.022431 0.046573

MOTIF 15-CAAAGTHCA STREME-15
letter-probability matrix: alength= 4 w= 9 nsites= 678 E= 3.9e-003
 0.000211 0.918071 0.000261 0.081457
 0.975844 0.000261 0.023684 0.000211
 0.891001 0.000261 0.108526 0.000211
 0.999267 0.000261 0.000261 0.000211
 0.000211 0.000261 0.999317 0.000211
 0.000211 0.110795 0.160001 0.728993
 0.272446 0.426985 0.000261 0.300308
 0.074671 0.924857 0.000261 0.000211
 0.882052 0.051984 0.000261 0.065703

MOTIF 16-ATRTTTACW STREME-16
letter-probability matrix: alength= 4 w= 9 nsites= 1281 E= 1.1e-002
 0.674194 0.099430 0.226277 0.000099
 0.000099 0.000122 0.000122 0.999657
 0.572380 0.000122 0.427399 0.000099
 0.000099 0.000122 0.000122 0.999657
 0.000099 0.041217 0.000122 0.958562
 0.000099 0.000122 0.073671 0.926108
 0.710820 0.000122 0.288959 0.000099
 0.056179 0.622877 0.019848 0.301095
 0.390237 0.061505 0.000122 0.548135

MOTIF 17-GCTCACTGCARCCT STREME-17
letter-probability matrix: alength= 4 w= 14 nsites= 163 E= 1.1e-002
 0.076511 0.000254 0.910313 0.012922
 0.006564 0.967543 0.000254 0.025639
 0.012922 0.025688 0.000254 0.961136
 0.006564 0.935747 0.006612 0.051077
 0.973854 0.025688 0.000254 0.000205
 0.006564 0.935749 0.012971 0.044716
 0.000205 0.032047 0.012971 0.954777
 0.031998 0.000254 0.967543 0.000205
 0.063793 0.923031 0.000254 0.012922
 0.967495 0.000254 0.032046 0.000205
 0.643042 0.006612 0.337424 0.012922
 0.012923 0.827595 0.108406 0.051077
 0.000205 0.967543 0.006612 0.025640
 0.000205 0.006612 0.000254 0.992929

MOTIF 18-CGCCGCCGCCGCC STREME-18
letter-probability matrix: alength= 4 w= 13 nsites= 335 E= 2.5e-002
 0.011126 0.956687 0.011179 0.021008
 0.000119 0.012847 0.986916 0.000119
 0.027383 0.881881 0.013399 0.077337
 0.038416 0.834348 0.023737 0.103499
 0.091366 0.000147 0.878947 0.029539
 0.025857 0.822126 0.000147 0.151870
 0.036888 0.828541 0.086957 0.047613
 0.054105 0.000147 0.945630 0.000119
 0.000119 0.887780 0.000147 0.111955
 0.000119 0.889907 0.022211 0.087763
 0.133718 0.000147 0.841931 0.024204
 0.003796 0.840818 0.062729 0.092657
 0.006247 0.746331 0.139175 0.108247

MOTIF 19-VCCACGTGGB STREME-19
letter-probability matrix: alength= 4 w= 10 nsites= 317 E= 8.5e-002
 0.218254 0.331026 0.305938 0.144783
 0.101983 0.583140 0.135395 0.179482
 0.016310 0.837340 0.105878 0.040472
 0.999480 0.000185 0.000185 0.000150
 0.000150 0.999515 0.000185 0.000150
 0.000150 0.000185 0.999515 0.000150
 0.000150 0.000185 0.000185 0.999480
 0.040472 0.105878 0.837340 0.016310
 0.179482 0.135395 0.583140 0.101983
 0.144783 0.305938 0.331026 0.218254

MOTIF 20-CAGCACCAYGGACAG STREME-20
letter-probability matrix: alength= 4 w= 15 nsites= 94 E= 9.0e-002
 0.039301 0.920881 0.013478 0.026340
 0.972626 0.000517 0.013478 0.013379
 0.013379 0.013478 0.972725 0.000418
 0.065225 0.791266 0.104208 0.039301
 0.959665 0.013478 0.000517 0.026340
 0.000418 0.998647 0.000517 0.000418
 0.000418 0.972725 0.013478 0.013379
 0.622641 0.091246 0.130153 0.155960
 0.065227 0.350557 0.052362 0.531855
 0.000418 0.000517 0.998647 0.000418
 0.000418 0.026439 0.972725 0.000418
 0.946704 0.039400 0.013478 0.000418
 0.000418 0.894956 0.065323 0.039302
 0.959665 0.026439 0.013478 0.000418
 0.026340 0.000517 0.972725 0.000418

MOTIF 21-GTSACGTSATC STREME-21
letter-probability matrix: alength= 4 w= 11 nsites= 460 E= 9.6e-002
 0.046010 0.046033 0.868394 0.039563
 0.033328 0.090876 0.010076 0.865721
 0.038103 0.368527 0.452084 0.141286
 0.790002 0.000099 0.178854 0.031045
 0.007563 0.799877 0.000099 0.192460
 0.076983 0.029522 0.883438 0.010057
 0.016080 0.007582 0.000099 0.976238
 0.022527 0.574741 0.378857 0.023875
 0.866489 0.000099 0.133331 0.000080
 0.033383 0.244500 0.227280 0.494838
 0.053068 0.697534 0.172128 0.077270

MOTIF 22-AAAAGAAAAGAAA STREME-22
letter-probability matrix: alength= 4 w= 13 nsites= 493 E= 1.1e-001
 0.789957 0.076123 0.064981 0.068939
 0.811480 0.068129 0.050290 0.070101
 0.843593 0.062506 0.037328 0.056573
 0.839765 0.023925 0.040374 0.095936
 0.037040 0.094834 0.789206 0.078919
 0.821835 0.089989 0.042746 0.045430
 0.847764 0.062506 0.049054 0.040677
 0.841383 0.072590 0.044571 0.041456
 0.814674 0.036672 0.072591 0.076062
 0.071076 0.144292 0.671932 0.112701
 0.795397 0.097656 0.045470 0.061477
 0.820136 0.046433 0.051407 0.082024
 0.823170 0.061343 0.059738 0.055749

MOTIF 23-GGAAACTGAGGCN STREME-23
letter-probability matrix: alength= 4 w= 13 nsites= 165 E= 1.6e-001
 0.191001 0.000232 0.808579 0.000187
 0.006000 0.017668 0.976145 0.000187
 0.865671 0.000232 0.046728 0.087369
 0.869071 0.029292 0.101449 0.000187
 0.855034 0.060765 0.029292 0.054908
 0.000187 0.941272 0.023481 0.035060
 0.087370 0.093225 0.122286 0.697119
 0.075745 0.000232 0.906400 0.017624
 0.993537 0.000232 0.006044 0.000187
 0.132879 0.029292 0.837642 0.000187
 0.060721 0.029292 0.762082 0.147905
 0.052497 0.706373 0.035104 0.206026
 0.314053 0.188639 0.171196 0.326112

MOTIF 24-TGASTCA STREME-24
letter-probability matrix: alength= 4 w= 7 nsites= 292 E= 1.7e-001
 0.020327 0.025127 0.025127 0.929418
 0.020327 0.025127 0.934218 0.020327
 0.929418 0.025127 0.025127 0.020327
 0.020327 0.479673 0.479673 0.020327
 0.020327 0.025127 0.025127 0.929418
 0.020327 0.934218 0.025127 0.020327
 0.929418 0.025127 0.025127 0.020327

MOTIF 25-GAGAATCGCTTGAAC STREME-25
letter-probability matrix: alength= 4 w= 15 nsites= 163 E= 1.7e-001
 0.072298 0.000261 0.920676 0.006765
 0.937568 0.000261 0.055406 0.006765
 0.046084 0.000261 0.946891 0.006765
 0.802666 0.006814 0.190308 0.000211
 0.953393 0.026475 0.006814 0.013318
 0.013318 0.033027 0.000261 0.953394
 0.046084 0.590226 0.153719 0.209972
 0.229605 0.019921 0.717497 0.032977
 0.000211 0.927229 0.000261 0.072298
 0.035699 0.000261 0.105124 0.858916
 0.006765 0.026474 0.006814 0.959947
 0.000211 0.000261 0.999316 0.000211
 0.979606 0.000261 0.013368 0.006765
 0.809219 0.033027 0.137883 0.019871
 0.013318 0.907571 0.033027 0.046084

MOTIF 26-CATTCATTCATHY STREME-26
letter-probability matrix: alength= 4 w= 13 nsites= 95 E= 1.8e-001
 0.000352 0.889642 0.076888 0.033118
 0.863181 0.000436 0.011357 0.125026
 0.033118 0.092343 0.022279 0.852260
 0.000352 0.076888 0.033201 0.889559
 0.000352 0.845955 0.033201 0.120492
 0.955090 0.000436 0.022279 0.022196
 0.000352 0.055045 0.000436 0.944167
 0.011274 0.000436 0.011357 0.976933
 0.022196 0.736738 0.153340 0.087726
 0.944168 0.011357 0.000436 0.044039
 0.175101 0.142419 0.000436 0.682044
 0.186022 0.365389 0.098733 0.349856
 0.076805 0.496457 0.087810 0.338928

MOTIF 27-GCCCCGCCC STREME-27
letter-probability matrix: alength= 4 w= 9 nsites= 893 E= 1.8e-001
 0.012800 0.000588 0.936794 0.049817
 0.033755 0.803631 0.024854 0.137759
 0.075710 0.851453 0.002802 0.070035
 0.067843 0.881274 0.002179 0.048704
 0.017643 0.832741 0.065596 0.084020
 0.062220 0.000299 0.937239 0.000242
 0.010650 0.971347 0.017552 0.000451
 0.038204 0.954432 0.006294 0.001070
 0.008032 0.957074 0.003971 0.030924

MOTIF 28-AGGTAAACA STREME-28
letter-probability matrix: alength= 4 w= 9 nsites= 361 E= 2.0e-001
 0.909620 0.007561 0.037729 0.045090
 0.057945 0.075255 0.789721 0.077080
 0.035507 0.001249 0.891857 0.071386
 0.284990 0.016242 0.000382 0.698386
 0.882028 0.058068 0.012383 0.047521
 0.888137 0.038680 0.042306 0.030878
 0.965394 0.003670 0.007963 0.022973
 0.000309 0.957143 0.003541 0.039008
 0.941606 0.002639 0.023782 0.031973

MOTIF 29-GGYGGATCAC STREME-29
letter-probability matrix: alength= 4 w= 10 nsites= 134 E= 2.7e-001
 0.000374 0.000462 0.998790 0.000374
 0.000374 0.000462 0.998790 0.000374
 0.051234 0.567215 0.000462 0.381089
 0.209456 0.000462 0.789708 0.000374
 0.074408 0.000462 0.913164 0.011966
 0.998702 0.000462 0.000462 0.000374
 0.000374 0.000462 0.000462 0.998702
 0.000374 0.942791 0.000462 0.056373
 0.998702 0.000462 0.000462 0.000374
 0.000374 0.998790 0.000462 0.000374

MOTIF 30-AGCCGCCGCCGC STREME-30
letter-probability matrix: alength= 4 w= 12 nsites= 171 E= 2.7e-001
 0.845429 0.037938 0.030482 0.086151
 0.000303 0.009765 0.989629 0.000303
 0.107499 0.788525 0.047329 0.056647
 0.021765 0.898031 0.006080 0.074125
 0.092341 0.037938 0.869418 0.000303
 0.079328 0.887924 0.000374 0.032373
 0.159230 0.676540 0.060620 0.103610
 0.000303 0.000374 0.999020 0.000303
 0.188335 0.657094 0.020493 0.134078
 0.011502 0.917008 0.052405 0.019084
 0.028475 0.000374 0.970847 0.000303
 0.061661 0.882911 0.045734 0.009694

MOTIF 31-CCACCAYGCCCRGC STREME-31
letter-probability matrix: alength= 4 w= 14 nsites= 154 E= 2.9e-001
 0.041636 0.875042 0.062393 0.020928
 0.048537 0.950965 0.000275 0.000223
 0.971619 0.000275 0.014079 0.014027
 0.041634 0.930260 0.014079 0.014027
 0.020928 0.899786 0.030747 0.048538
 0.874989 0.055494 0.062393 0.007125
 0.034733 0.576549 0.081926 0.306792
 0.092814 0.064084 0.815271 0.027830
 0.048537 0.865277 0.023846 0.062340
 0.000223 0.844570 0.014079 0.141128
 0.000223 0.746233 0.051453 0.202091
 0.433892 0.000275 0.531100 0.034732
 0.000223 0.044551 0.948102 0.007125
 0.000223 0.978574 0.000275 0.020928

MOTIF 32-CAAGGTCAC STREME-32
letter-probability matrix: alength= 4 w= 9 nsites= 143 E= 2.9e-001
 0.000560 0.998187 0.000693 0.000560
 0.784213 0.000693 0.214534 0.000560
 0.959168 0.039579 0.000693 0.000560
 0.000560 0.085673 0.913206 0.000560
 0.000560 0.000693 0.998187 0.000560
 0.000560 0.000693 0.000693 0.998054
 0.175611 0.823136 0.000693 0.000560
 0.872039 0.000693 0.126708 0.000560
 0.000560 0.768709 0.000693 0.230038

MOTIF 33-CCGCCTC STREME-33
letter-probability matrix: alength= 4 w= 7 nsites= 696 E= 4.6e-001
 0.020327 0.934218 0.025127 0.020327
 0.020327 0.934218 0.025127 0.020327
 0.020327 0.025127 0.934218 0.020327
 0.020327 0.934218 0.025127 0.020327
 0.020327 0.934218 0.025127 0.020327
 0.020327 0.025127 0.025127 0.929418
 0.020327 0.934218 0.025127 0.020327

MOTIF 34-CCCCATCTCTAC STREME-34
letter-probability matrix: alength= 4 w= 12 nsites= 679 E= 5.7e-001
 0.086663 0.772189 0.048381 0.092767
 0.100071 0.764040 0.055894 0.079995
 0.031344 0.799534 0.051939 0.117182
 0.066957 0.794599 0.066114 0.072329
 0.872025 0.009831 0.098940 0.019204
 0.059709 0.084353 0.028847 0.827092
 0.025944 0.867580 0.056347 0.050128
 0.073577 0.074284 0.042366 0.809773
 0.026694 0.803704 0.094272 0.075330
 0.082629 0.217959 0.049374 0.650037
 0.558691 0.172223 0.172781 0.096304
 0.080724 0.687771 0.119553 0.111951

MOTIF 35-CCCGAGGCC STREME-35
letter-probability matrix: alength= 4 w= 9 nsites= 627 E= 6.1e-001
 0.056713 0.814307 0.128597 0.000383
 0.000383 0.907472 0.000474 0.091670
 0.000383 0.998759 0.000474 0.000383
 0.000383 0.000474 0.953730 0.045413
 0.912168 0.086974 0.000474 0.000383
 0.020049 0.075086 0.879060 0.025805
 0.024180 0.100148 0.847959 0.027713
 0.028182 0.812716 0.066835 0.092268
 0.020049 0.951649 0.027918 0.000383

MOTIF 36-AGCAGCAGCAGCR STREME-36
letter-probability matrix: alength= 4 w= 13 nsites= 146 E= 8.1e-001
 0.872915 0.053055 0.028146 0.045884
 0.102820 0.017471 0.843895 0.035814
 0.007346 0.949439 0.000284 0.042931
 0.935468 0.010354 0.046831 0.007346
 0.060118 0.113838 0.825815 0.000230
 0.014463 0.878272 0.021634 0.085631
 0.949384 0.007401 0.000284 0.042931
 0.021580 0.021634 0.935205 0.021580
 0.021580 0.970789 0.000284 0.007347
 0.928034 0.000284 0.071453 0.000230
 0.155590 0.242255 0.587691 0.014464
 0.038767 0.801196 0.021634 0.138402
 0.383366 0.077966 0.415707 0.122961

MOTIF 37-CGTCACCAC STREME-37
letter-probability matrix: alength= 4 w= 9 nsites= 120 E= 8.9e-001
 0.000699 0.913096 0.085505 0.000699
 0.053952 0.000864 0.944484 0.000699
 0.034097 0.000864 0.000864 0.964174
 0.000699 0.954382 0.022542 0.022377
 0.852133 0.103426 0.043742 0.000699
 0.053057 0.859805 0.017218 0.069920
 0.061204 0.937233 0.000864 0.000699
 0.893022 0.037047 0.034721 0.035210
 0.061204 0.779978 0.071390 0.087428

MOTIF 38-GGGAGGGAGA STREME-38
letter-probability matrix: alength= 4 w= 10 nsites= 322 E= 1.1e+000
 0.000344 0.000425 0.998886 0.000344
 0.021695 0.000425 0.977535 0.000344
 0.024218 0.000425 0.811733 0.163624
 0.843460 0.112317 0.000425 0.043798
 0.000344 0.113479 0.818702 0.067474
 0.046068 0.015047 0.938541 0.000344
 0.041869 0.035990 0.921797 0.000344
 0.900142 0.027705 0.030698 0.041455
 0.074634 0.152352 0.745565 0.027449
 0.779836 0.000425 0.219394 0.000344

MOTIF 39-RATCTCGCGAK STREME-39
letter-probability matrix: alength= 4 w= 11 nsites= 68 E= 1.5e+000
 0.394052 0.085802 0.480363 0.039782
 0.643790 0.000523 0.265899 0.089788
 0.000423 0.000523 0.000523 0.998530
 0.080701 0.821069 0.053004 0.045227
 0.118503 0.000523 0.000523 0.880451
 0.013543 0.985511 0.000523 0.000423
 0.000423 0.013643 0.985511 0.000423
 0.000423 0.867429 0.000523 0.131624
 0.105381 0.000523 0.893673 0.000423
 0.985411 0.000523 0.000523 0.013543
 0.000423 0.105482 0.442127 0.451968

MOTIF 40-CTGCAGCTGGC STREME-40
letter-probability matrix: alength= 4 w= 11 nsites= 46 E= 1.5e+000
 0.000887 0.969618 0.001097 0.028398
 0.000887 0.001097 0.001097 0.996919
 0.012304 0.001097 0.985711 0.000887
 0.000887 0.942106 0.001097 0.055910
 0.996919 0.001097 0.001097 0.000887
 0.055910 0.047264 0.868429 0.028398
 0.012304 0.884522 0.047264 0.055910
 0.000887 0.001097 0.001097 0.996919
 0.006186 0.047264 0.886727 0.059823
 0.055910 0.001097 0.942106 0.000887
 0.000887 0.776982 0.001097 0.221034

MOTIF 41-AGTGCARTGGYRYRA STREME-41
letter-probability matrix: alength= 4 w= 15 nsites= 106 E= 1.5e+000
 0.958103 0.000406 0.020784 0.020707
 0.183731 0.071729 0.744212 0.000329
 0.071651 0.000406 0.000406 0.927536
 0.051273 0.010595 0.927614 0.010518
 0.000329 0.968369 0.000406 0.030896
 0.937725 0.030973 0.030973 0.000329
 0.489408 0.030973 0.479290 0.000329
 0.092029 0.071730 0.000406 0.835835
 0.051273 0.000406 0.927614 0.020707
 0.122597 0.041162 0.835912 0.000329
 0.020707 0.530240 0.041162 0.407891
 0.377325 0.000406 0.611751 0.010518
 0.081841 0.520051 0.092108 0.306000
 0.336567 0.071730 0.540430 0.051273
 0.907158 0.000406 0.000406 0.092029

MOTIF 42-ACACACAYACACAC STREME-42
letter-probability matrix: alength= 4 w= 14 nsites= 107 E= 1.6e+000
 0.900606 0.043385 0.029189 0.026820
 0.011085 0.891488 0.011167 0.086259
 0.912885 0.021906 0.064863 0.000346
 0.000346 0.934446 0.011167 0.054041
 0.874662 0.032645 0.081608 0.011085
 0.026281 0.929986 0.011167 0.032566
 0.837710 0.032645 0.118560 0.011085
 0.027831 0.379745 0.032645 0.559778
 0.816228 0.043384 0.129303 0.011086
 0.032564 0.859273 0.054123 0.054041
 0.902147 0.032645 0.032645 0.032563
 0.021824 0.887033 0.021906 0.069236
 0.891403 0.011167 0.064867 0.032563
 0.096999 0.830381 0.032645 0.039975

MOTIF 43-GGAAATGATW STREME-43
letter-probability matrix: alength= 4 w= 10 nsites= 198 E= 2.1e+000
 0.015565 0.032694 0.858844 0.092897
 0.012899 0.029825 0.859131 0.098146
 0.725271 0.011184 0.018478 0.245067
 0.932193 0.064960 0.000429 0.002418
 0.948481 0.000429 0.029233 0.021857
 0.000347 0.157685 0.000429 0.841539
 0.000347 0.015647 0.942080 0.041926
 0.877099 0.070094 0.052460 0.000347
 0.129643 0.000429 0.145160 0.724769
 0.632186 0.047834 0.000429 0.319552

MOTIF 44-CCCAGCCCCC STREME-44
letter-probability matrix: alength= 4 w= 10 nsites= 620 E= 2.3e+000
 0.000235 0.999239 0.000291 0.000235
 0.104926 0.736758 0.002430 0.155887
 0.012402 0.982097 0.000291 0.005210
 0.971337 0.000291 0.000291 0.028081
 0.156172 0.000291 0.840678 0.002860
 0.071284 0.910538 0.017943 0.000235
 0.021395 0.850153 0.128217 0.000235
 0.000235 0.744512 0.000291 0.254962
 0.012672 0.889505 0.017694 0.080129
 0.124057 0.533572 0.155634 0.186737

MOTIF 45-GTAGCTGGGACYACA STREME-45
letter-probability matrix: alength= 4 w= 15 nsites= 68 E= 8.8e+000
 0.136553 0.000603 0.786765 0.076079
 0.000488 0.000603 0.015721 0.983188
 0.983188 0.015721 0.000603 0.000488
 0.106316 0.015721 0.786765 0.091198
 0.000488 0.877475 0.106431 0.015606
 0.015606 0.121550 0.061076 0.801768
 0.121434 0.000603 0.877475 0.000488
 0.045843 0.000603 0.741409 0.212146
 0.106316 0.015721 0.847238 0.030724
 0.877360 0.015721 0.091313 0.015606
 0.030724 0.922830 0.000603 0.045843
 0.060961 0.348330 0.000603 0.590106
 0.695940 0.091313 0.212260 0.000488
 0.015606 0.771647 0.106431 0.106316
 0.816887 0.076195 0.106431 0.000488

MOTIF 46-CGTTTCCT STREME-46
letter-probability matrix: alength= 4 w= 8 nsites= 614 E= 1.1e+001
 0.092144 0.819683 0.087754 0.000419
 0.292685 0.000518 0.706377 0.000419
 0.000419 0.000518 0.034818 0.964245
 0.000419 0.029053 0.000518 0.970010
 0.014124 0.000518 0.000518 0.984840
 0.033210 0.878798 0.045634 0.042358
 0.000419 0.976860 0.003299 0.019422
 0.022934 0.028210 0.301592 0.647263

MOTIF 47-CACTTCCGCC STREME-47
letter-probability matrix: alength= 4 w= 10 nsites= 148 E= 2.3e+001
 0.074343 0.756674 0.000735 0.168247
 0.864904 0.000735 0.133767 0.000595
 0.000595 0.998076 0.000735 0.000595
 0.000595 0.072708 0.000735 0.925963
 0.000595 0.000735 0.000735 0.997935
 0.000595 0.998076 0.000735 0.000595
 0.000595 0.954433 0.000735 0.044237
 0.164555 0.000735 0.834115 0.000595
 0.074332 0.905906 0.000735 0.019028
 0.031529 0.903043 0.000735 0.064693

********************************************************************************
Stopped because 3 consecutive motifs exceeded the p-value threshold (0.05).
********************************************************************************
COMMAND:	streme --verbosity 1 --oc meme_out_incomplete_DL/HepG2_ELF4-human_ENCFF739XKR/streme_out -dna --seed 0 --p meme_out_incomplete_DL/HepG2_ELF4-human_ENCFF739XKR/seqs-centered --minw 6 --maxw 15 --time 6187 --order 2 --thresh 0.05 --align center --totallength 4000000 --parse-genomic-coord
********************************************************************************
CPU:		9f05ee173ae9
********************************************************************************
FINALTIME:	1135.07 seconds
********************************************************************************
