********************************************************************************
STREME - Sensitive, Thorough, Rapid, Enriched Motif Elicitation
********************************************************************************
MEME version 5.5.3 (Release date: Sat Jun 10 16:19:38 2023 -0700)

For further information on how to interpret these results please access http://localhost:8080/meme_5.5.3.
To get a copy of the MEME Suite software please access https://meme-suite.org.

********************************************************************************


********************************************************************************
REFERENCE
********************************************************************************
If you use this program in your research, please cite:

Timothy L. Bailey,
"STREME: accurate and versatile sequence motif discovery",
Bioinformatics, Mar. 24, 2021.
********************************************************************************


ALPHABET= ACGT

strands: + -

Background letter frequencies
A 0.275 C 0.225 G 0.225 T 0.275 

MOTIF 1-WAWGTAAACAW STREME-1
letter-probability matrix: alength= 4 w= 11 nsites= 13969 E= 5.4e-302
 0.519243 0.038258 0.015677 0.426822
 0.628126 0.050207 0.289703 0.031964
 0.543724 0.008324 0.153831 0.294121
 0.148041 0.000004 0.851950 0.000005
 0.000005 0.162655 0.000004 0.837336
 0.860627 0.139364 0.000004 0.000005
 0.991741 0.008250 0.000004 0.000005
 0.999157 0.000004 0.000458 0.000381
 0.000005 0.688460 0.000004 0.311531
 0.985598 0.000894 0.006905 0.006604
 0.386016 0.161363 0.178274 0.274347

MOTIF 2-CAAAGKYCAN STREME-2
letter-probability matrix: alength= 4 w= 10 nsites= 4565 E= 8.8e-036
 0.000023 0.937288 0.000019 0.062669
 0.759551 0.134847 0.093493 0.012108
 0.805740 0.000019 0.162602 0.031639
 0.990174 0.009784 0.000019 0.000023
 0.000023 0.000019 0.999934 0.000023
 0.043483 0.000019 0.332427 0.624070
 0.025054 0.484727 0.039753 0.450467
 0.000023 0.943530 0.016427 0.040019
 0.916403 0.001990 0.028796 0.052812
 0.202210 0.263021 0.301404 0.233365

MOTIF 3-GTAAACA STREME-3
letter-probability matrix: alength= 4 w= 7 nsites= 4261 E= 1.5e-017
 0.000072 0.000059 0.999798 0.000072
 0.000072 0.000059 0.000059 0.999811
 0.758358 0.241355 0.000059 0.000228
 0.824356 0.172483 0.002963 0.000198
 0.970280 0.006475 0.016452 0.006792
 0.000072 0.855481 0.000269 0.144178
 0.934188 0.000831 0.014869 0.050112

MOTIF 4-CCCCDCCCCC STREME-4
letter-probability matrix: alength= 4 w= 10 nsites= 1959 E= 3.2e-015
 0.000058 0.983597 0.000048 0.016297
 0.000058 0.959816 0.005267 0.034859
 0.000058 0.999835 0.000048 0.000058
 0.013363 0.922289 0.000048 0.064300
 0.269723 0.000048 0.262930 0.467299
 0.045847 0.934758 0.000048 0.019348
 0.033377 0.948779 0.017785 0.000058
 0.000058 0.895979 0.000048 0.103914
 0.053606 0.891279 0.018254 0.036861
 0.056572 0.773187 0.071234 0.099007

MOTIF 5-RTGASTCAY STREME-5
letter-probability matrix: alength= 4 w= 9 nsites= 1875 E= 3.5e-013
 0.428338 0.142581 0.429008 0.000072
 0.000072 0.005149 0.000059 0.994719
 0.000072 0.000059 0.999797 0.000072
 0.914520 0.011237 0.074170 0.000072
 0.045617 0.454383 0.454383 0.045617
 0.000072 0.074170 0.011237 0.914520
 0.000072 0.999797 0.000059 0.000072
 0.994719 0.000059 0.005149 0.000072
 0.000072 0.429008 0.142581 0.428338

MOTIF 6-AGRTCAAAG STREME-6
letter-probability matrix: alength= 4 w= 9 nsites= 3340 E= 3.8e-010
 0.887689 0.002280 0.097903 0.012127
 0.000059 0.000049 0.999833 0.000059
 0.440095 0.000049 0.353224 0.206632
 0.051389 0.000049 0.093295 0.855267
 0.000059 0.967039 0.032842 0.000059
 0.951703 0.000049 0.048189 0.000059
 0.853204 0.074777 0.019807 0.052211
 0.635661 0.038044 0.303627 0.022668
 0.000059 0.136885 0.826136 0.036919

MOTIF 7-CCACYAGRKGGC STREME-7
letter-probability matrix: alength= 4 w= 12 nsites= 596 E= 1.4e-009
 0.036662 0.885488 0.015906 0.061943
 0.000094 0.997365 0.002447 0.000094
 0.917719 0.000077 0.074015 0.008189
 0.000094 0.707134 0.253487 0.039285
 0.056930 0.322451 0.013536 0.607083
 0.999752 0.000077 0.000077 0.000094
 0.000094 0.000077 0.999735 0.000094
 0.608456 0.000077 0.391373 0.000094
 0.028906 0.030892 0.469550 0.470651
 0.000094 0.000077 0.999735 0.000094
 0.028135 0.025950 0.844482 0.101434
 0.094089 0.746157 0.000077 0.159677

MOTIF 8-CCTGTAATCCCAGC STREME-8
letter-probability matrix: alength= 4 w= 14 nsites= 289 E= 3.6e-009
 0.008063 0.845392 0.008034 0.138511
 0.012016 0.944217 0.000129 0.043639
 0.004110 0.035705 0.004082 0.956104
 0.098981 0.011987 0.888875 0.000157
 0.008063 0.035705 0.008034 0.948198
 0.999586 0.000129 0.000129 0.000157
 0.892856 0.000129 0.106859 0.000157
 0.000157 0.068970 0.000129 0.930745
 0.004110 0.975840 0.008034 0.012016
 0.004110 0.948170 0.004082 0.043639
 0.000157 0.827940 0.000129 0.171775
 0.983774 0.004082 0.011987 0.000157
 0.057139 0.004082 0.938623 0.000157
 0.008063 0.952123 0.011987 0.027827

MOTIF 9-AGACYCTGTCTC STREME-9
letter-probability matrix: alength= 4 w= 12 nsites= 348 E= 1.3e-007
 0.963219 0.013846 0.000112 0.022823
 0.145279 0.000112 0.854473 0.000136
 0.999641 0.000112 0.000112 0.000136
 0.000136 0.941246 0.006979 0.051639
 0.012072 0.419371 0.003545 0.565012
 0.000136 0.867507 0.006979 0.125378
 0.000136 0.272787 0.006979 0.720098
 0.206990 0.000112 0.792762 0.000136
 0.018729 0.024807 0.000112 0.956352
 0.000136 0.999616 0.000112 0.000136
 0.000136 0.000112 0.000112 0.999641
 0.000136 0.999616 0.000112 0.000136

MOTIF 10-CCAGGCTGGAGTGCA STREME-10
letter-probability matrix: alength= 4 w= 15 nsites= 385 E= 2.5e-007
 0.008681 0.925426 0.011517 0.054376
 0.020105 0.933994 0.008661 0.037241
 0.959718 0.005805 0.017229 0.017249
 0.037241 0.011517 0.942562 0.008681
 0.048665 0.008661 0.936850 0.005825
 0.002969 0.971121 0.005805 0.020105
 0.005825 0.022941 0.005805 0.965430
 0.091504 0.000093 0.905434 0.002969
 0.031529 0.037220 0.922570 0.008681
 0.971141 0.005805 0.008661 0.014393
 0.114352 0.025797 0.856883 0.002969
 0.022961 0.005805 0.005805 0.965430
 0.062944 0.017229 0.894010 0.025817
 0.014393 0.945417 0.000093 0.040097
 0.945438 0.020085 0.011517 0.022961

MOTIF 11-AAACAAACA STREME-11
letter-probability matrix: alength= 4 w= 9 nsites= 2107 E= 6.2e-007
 0.782878 0.016957 0.189612 0.010552
 0.891299 0.028426 0.073234 0.007041
 0.950365 0.012664 0.025402 0.011569
 0.000098 0.958649 0.000080 0.041173
 0.983412 0.014101 0.001321 0.001166
 0.999523 0.000080 0.000080 0.000316
 0.990657 0.003995 0.004832 0.000517
 0.000098 0.800635 0.029032 0.170235
 0.910281 0.045432 0.012158 0.032128

MOTIF 12-AAGCCTCAGCAATGG STREME-12
letter-probability matrix: alength= 4 w= 15 nsites= 268 E= 1.9e-006
 0.991379 0.004229 0.000133 0.004258
 0.970900 0.004229 0.016517 0.008354
 0.028834 0.012421 0.954487 0.004258
 0.000162 0.974967 0.020613 0.004258
 0.004258 0.966775 0.008325 0.020642
 0.004258 0.012421 0.000133 0.983188
 0.004258 0.807033 0.180355 0.008354
 0.786582 0.004229 0.196738 0.012450
 0.004258 0.016517 0.974967 0.004258
 0.000162 0.716922 0.000133 0.282782
 0.962708 0.008325 0.024709 0.004258
 0.962708 0.008325 0.020613 0.008354
 0.008354 0.012421 0.004229 0.974996
 0.008354 0.008325 0.979063 0.004258
 0.028834 0.008325 0.958583 0.004258

MOTIF 13-AAAAAAAAAAAAAG STREME-13
letter-probability matrix: alength= 4 w= 14 nsites= 467 E= 1.5e-004
 0.965100 0.000121 0.034632 0.000147
 0.992194 0.000121 0.000121 0.007565
 0.938262 0.000121 0.061470 0.000147
 0.990139 0.000121 0.009594 0.000147
 0.999612 0.000121 0.000121 0.000147
 0.999612 0.000121 0.000121 0.000147
 0.982261 0.011248 0.000121 0.006371
 0.980360 0.000121 0.019372 0.000147
 0.986999 0.000121 0.012734 0.000147
 0.981791 0.000121 0.011718 0.006371
 0.999612 0.000121 0.000121 0.000147
 0.993781 0.000121 0.000121 0.005978
 0.995463 0.004270 0.000121 0.000147
 0.024873 0.084180 0.782696 0.108252

MOTIF 14-CTCRGCCTCCCAAA STREME-14
letter-probability matrix: alength= 4 w= 14 nsites= 204 E= 1.8e-004
 0.000219 0.960613 0.000180 0.038988
 0.038988 0.038948 0.000180 0.921884
 0.022373 0.716925 0.022334 0.238368
 0.373587 0.022334 0.565092 0.038988
 0.027911 0.000180 0.971689 0.000219
 0.000219 0.999381 0.000180 0.000219
 0.005758 0.949536 0.000180 0.044526
 0.011296 0.000180 0.000180 0.988344
 0.000219 0.943998 0.016795 0.038988
 0.000219 0.888614 0.000180 0.110986
 0.000219 0.883076 0.016795 0.099910
 0.910807 0.011257 0.055564 0.022373
 0.925123 0.000180 0.074477 0.000219
 0.866500 0.000180 0.133100 0.000219

MOTIF 15-CRCTTCCTG STREME-15
letter-probability matrix: alength= 4 w= 9 nsites= 1900 E= 2.7e-004
 0.145902 0.633967 0.028428 0.191703
 0.622271 0.031485 0.313179 0.033065
 0.000106 0.857176 0.000087 0.142631
 0.074374 0.000087 0.000087 0.925452
 0.000106 0.000087 0.000087 0.999720
 0.000106 0.999701 0.000087 0.000106
 0.000106 0.999701 0.000087 0.000106
 0.000106 0.095286 0.157979 0.746628
 0.026159 0.130799 0.783623 0.059419

MOTIF 16-GAGCCCACYRCAGC STREME-16
letter-probability matrix: alength= 4 w= 14 nsites= 262 E= 6.7e-004
 0.021670 0.008740 0.943620 0.025970
 0.969450 0.008740 0.013040 0.008770
 0.034570 0.008740 0.937535 0.019155
 0.000170 0.973720 0.008740 0.017370
 0.021670 0.909220 0.013040 0.056070
 0.025970 0.935020 0.021640 0.017370
 0.965150 0.013040 0.004440 0.017370
 0.008770 0.963335 0.014824 0.013070
 0.013070 0.481738 0.017340 0.487852
 0.339869 0.008740 0.642621 0.008770
 0.000170 0.973720 0.013040 0.013070
 0.990950 0.000140 0.000140 0.008770
 0.025970 0.013040 0.960820 0.000170
 0.008770 0.943620 0.004440 0.043170

MOTIF 17-AAATATTTGYTGA STREME-17
letter-probability matrix: alength= 4 w= 13 nsites= 483 E= 9.5e-004
 0.739411 0.155906 0.005353 0.099330
 0.959576 0.032333 0.007986 0.000104
 0.881216 0.023787 0.084359 0.010638
 0.000104 0.039618 0.000086 0.960192
 0.880435 0.000086 0.119375 0.000104
 0.000104 0.000086 0.000086 0.999724
 0.005371 0.009772 0.000086 0.984771
 0.015906 0.000086 0.019613 0.964396
 0.183789 0.005353 0.810754 0.000104
 0.048015 0.443383 0.000086 0.508517
 0.188586 0.025614 0.000086 0.785714
 0.218515 0.000086 0.773394 0.008005
 0.828316 0.036955 0.038048 0.096681

MOTIF 18-CATTCATTCATTCA STREME-18
letter-probability matrix: alength= 4 w= 14 nsites= 185 E= 1.1e-003
 0.087776 0.725274 0.000203 0.186747
 0.792446 0.052814 0.081480 0.073259
 0.000248 0.037716 0.006455 0.955581
 0.037760 0.059067 0.037716 0.865458
 0.031508 0.968041 0.000203 0.000248
 0.961833 0.025212 0.000203 0.012752
 0.000248 0.087732 0.000203 0.911817
 0.031508 0.146595 0.025212 0.796685
 0.009094 0.706517 0.075228 0.209160
 0.836792 0.006455 0.093984 0.062768
 0.006500 0.100236 0.031464 0.861800
 0.031508 0.140343 0.050220 0.777929
 0.012752 0.921369 0.012707 0.053172
 0.879975 0.025212 0.056472 0.038342

MOTIF 19-RTTRCGYAAY STREME-19
letter-probability matrix: alength= 4 w= 10 nsites= 1601 E= 1.5e-003
 0.509548 0.079265 0.411108 0.000078
 0.000078 0.000064 0.000064 0.999793
 0.000078 0.000064 0.000064 0.999793
 0.315182 0.000064 0.583929 0.100824
 0.081388 0.580867 0.050572 0.287173
 0.287173 0.050572 0.580867 0.081388
 0.100824 0.583929 0.000064 0.315182
 0.999793 0.000064 0.000064 0.000078
 0.999793 0.000064 0.000064 0.000078
 0.000078 0.411108 0.079265 0.509548

MOTIF 20-CYCTTCCC STREME-20
letter-probability matrix: alength= 4 w= 8 nsites= 3842 E= 2.1e-003
 0.000150 0.936832 0.000123 0.062896
 0.066859 0.589162 0.011667 0.332312
 0.000150 0.997440 0.002261 0.000150
 0.139667 0.172713 0.055505 0.632115
 0.004293 0.086720 0.283432 0.625555
 0.000150 0.999578 0.000123 0.000150
 0.000150 0.936794 0.062907 0.000150
 0.000150 0.915689 0.000123 0.084039

MOTIF 21-CAAGGTCA STREME-21
letter-probability matrix: alength= 4 w= 8 nsites= 1892 E= 4.7e-003
 0.052249 0.835135 0.061348 0.051269
 0.804956 0.052801 0.069661 0.072582
 0.819212 0.022900 0.157706 0.000182
 0.000182 0.001735 0.997901 0.000182
 0.000182 0.000149 0.999487 0.000182
 0.000182 0.000149 0.000149 0.999520
 0.000182 0.964191 0.000149 0.035478
 0.858878 0.110357 0.030583 0.000182

MOTIF 22-AATKATTAAC STREME-22
letter-probability matrix: alength= 4 w= 10 nsites= 517 E= 6.5e-003
 0.937460 0.000155 0.062197 0.000188
 0.955822 0.043834 0.000155 0.000188
 0.096664 0.004912 0.000155 0.898269
 0.188410 0.000155 0.496159 0.315277
 0.736750 0.000155 0.060297 0.202799
 0.000188 0.000155 0.046999 0.952657
 0.000188 0.000155 0.000155 0.999502
 0.999502 0.000155 0.000155 0.000188
 0.930256 0.038216 0.031339 0.000188
 0.093275 0.906381 0.000155 0.000188

MOTIF 23-MCTGCCTCTSTAGA STREME-23
letter-probability matrix: alength= 4 w= 14 nsites= 197 E= 8.8e-003
 0.575494 0.369571 0.036529 0.018406
 0.000240 0.981157 0.006252 0.012351
 0.006295 0.012308 0.000197 0.981200
 0.018406 0.006252 0.975102 0.000240
 0.006295 0.975102 0.012308 0.006295
 0.000240 0.993268 0.000197 0.006295
 0.024461 0.000197 0.000197 0.975145
 0.000240 0.956936 0.006252 0.036572
 0.000240 0.006252 0.006252 0.987256
 0.103180 0.496732 0.393792 0.006295
 0.000240 0.012308 0.000197 0.987256
 0.981200 0.000197 0.012308 0.006295
 0.000240 0.000197 0.993268 0.006295
 0.702656 0.000197 0.296907 0.000240

MOTIF 24-AGTAGGCRGTTTTMC STREME-24
letter-probability matrix: alength= 4 w= 15 nsites= 122 E= 1.5e-002
 0.966509 0.016584 0.016584 0.000323
 0.090076 0.008425 0.901176 0.000323
 0.000323 0.032903 0.000265 0.966509
 0.982827 0.000265 0.000265 0.016642
 0.049279 0.008425 0.925654 0.016642
 0.024801 0.000265 0.950132 0.024801
 0.016642 0.697193 0.008425 0.277740
 0.354560 0.008425 0.604055 0.032961
 0.041120 0.000265 0.941973 0.016642
 0.016642 0.024743 0.000265 0.958349
 0.000323 0.000265 0.008425 0.990987
 0.008483 0.057381 0.000265 0.933871
 0.008483 0.024743 0.000265 0.966509
 0.343015 0.571417 0.049221 0.036347
 0.016642 0.775400 0.000265 0.207692

MOTIF 25-AATCAATA STREME-25
letter-probability matrix: alength= 4 w= 8 nsites= 851 E= 1.6e-002
 0.702925 0.000143 0.296759 0.000174
 0.999541 0.000143 0.000143 0.000174
 0.000174 0.000143 0.000143 0.999541
 0.000174 0.999510 0.000143 0.000174
 0.696810 0.000143 0.302874 0.000174
 0.816137 0.000143 0.000143 0.183578
 0.000174 0.000143 0.000143 0.999541
 0.776296 0.105379 0.087939 0.030386

MOTIF 26-CTAGCACAGCAGTC STREME-26
letter-probability matrix: alength= 4 w= 14 nsites= 148 E= 3.1e-002
 0.023174 0.968652 0.000248 0.007926
 0.007926 0.206093 0.000248 0.785733
 0.991578 0.000248 0.000248 0.007926
 0.000302 0.000248 0.999148 0.000302
 0.007926 0.869542 0.000248 0.122284
 0.778109 0.015496 0.190845 0.015550
 0.000302 0.983900 0.007872 0.007926
 0.983954 0.000248 0.007872 0.007926
 0.030798 0.000248 0.968652 0.000302
 0.015550 0.938157 0.015496 0.030798
 0.983954 0.000248 0.015496 0.000302
 0.000302 0.007872 0.991524 0.000302
 0.015550 0.007872 0.000248 0.976330
 0.000302 0.991524 0.007872 0.000302

MOTIF 27-GCAAACA STREME-27
letter-probability matrix: alength= 4 w= 7 nsites= 900 E= 3.2e-002
 0.024964 0.020491 0.929582 0.024964
 0.024964 0.929582 0.020491 0.024964
 0.934055 0.020491 0.020491 0.024964
 0.934055 0.020491 0.020491 0.024964
 0.934055 0.020491 0.020491 0.024964
 0.024964 0.929582 0.020491 0.024964
 0.934055 0.020491 0.020491 0.024964

MOTIF 28-AAAGTAAAC STREME-28
letter-probability matrix: alength= 4 w= 9 nsites= 661 E= 3.7e-002
 0.757578 0.000208 0.000208 0.242006
 0.973637 0.000208 0.024763 0.001392
 0.751778 0.029967 0.000208 0.218047
 0.000253 0.000208 0.999285 0.000253
 0.116587 0.080249 0.000208 0.802956
 0.910012 0.025404 0.000208 0.064376
 0.902794 0.079127 0.000208 0.017871
 0.999331 0.000208 0.000208 0.000253
 0.000253 0.963125 0.000208 0.036414

MOTIF 29-AGGATCRCTTGAGCC STREME-29
letter-probability matrix: alength= 4 w= 15 nsites= 207 E= 4.2e-002
 0.831119 0.088453 0.043870 0.036558
 0.062524 0.000169 0.911135 0.026172
 0.181968 0.005362 0.791692 0.020979
 0.989070 0.000169 0.005362 0.005399
 0.005399 0.000169 0.000169 0.994263
 0.017941 0.680479 0.057294 0.244286
 0.420856 0.015749 0.516451 0.046945
 0.020979 0.859203 0.010555 0.109263
 0.010592 0.067681 0.000169 0.921558
 0.005399 0.000169 0.036521 0.957911
 0.052138 0.000169 0.937101 0.010592
 0.947524 0.000169 0.041715 0.010592
 0.181968 0.000169 0.812464 0.005399
 0.031365 0.698214 0.166352 0.104070
 0.020979 0.802078 0.000169 0.176775

MOTIF 30-CTCACTGCARCCT STREME-30
letter-probability matrix: alength= 4 w= 13 nsites= 168 E= 4.2e-002
 0.012692 0.949525 0.000202 0.037581
 0.000247 0.002785 0.000202 0.996766
 0.000247 0.924635 0.000202 0.074916
 0.750449 0.000202 0.249102 0.000247
 0.018914 0.961970 0.000202 0.018914
 0.000247 0.049982 0.000202 0.949569
 0.025137 0.000202 0.961970 0.012692
 0.000247 0.949525 0.000202 0.050026
 0.687025 0.293858 0.018870 0.000247
 0.579079 0.000202 0.401804 0.018914
 0.031359 0.881077 0.049982 0.037581
 0.018914 0.943302 0.012647 0.025137
 0.000247 0.025092 0.015230 0.959431

MOTIF 31-AGGCCTTGCTGA STREME-31
letter-probability matrix: alength= 4 w= 12 nsites= 117 E= 6.2e-002
 0.632877 0.202331 0.000368 0.164424
 0.100465 0.045678 0.853409 0.000449
 0.011776 0.000368 0.945745 0.042111
 0.016477 0.937397 0.000368 0.045758
 0.000449 0.998734 0.000368 0.000449
 0.068413 0.000368 0.000368 0.930851
 0.034431 0.000368 0.000368 0.964833
 0.030783 0.000368 0.968399 0.000449
 0.091067 0.818729 0.005069 0.085135
 0.000449 0.000368 0.000368 0.998814
 0.023103 0.000368 0.972687 0.003842
 0.998814 0.000368 0.000368 0.000449

MOTIF 32-GATYGCRCCAC STREME-32
letter-probability matrix: alength= 4 w= 11 nsites= 256 E= 7.4e-002
 0.000178 0.004637 0.995007 0.000178
 0.987504 0.000146 0.012172 0.000178
 0.000178 0.000146 0.000146 0.999530
 0.000178 0.330533 0.009127 0.660162
 0.221131 0.000146 0.769564 0.009159
 0.009159 0.776887 0.000146 0.213808
 0.443429 0.000146 0.533794 0.022631
 0.009159 0.899398 0.004637 0.086806
 0.000178 0.995007 0.000146 0.004669
 0.981567 0.000146 0.018109 0.000178
 0.000178 0.892487 0.000146 0.107189

MOTIF 33-GAGGTCR STREME-33
letter-probability matrix: alength= 4 w= 7 nsites= 374 E= 1.0e-001
 0.002014 0.001653 0.994319 0.002014
 0.994680 0.001653 0.001653 0.002014
 0.002014 0.001653 0.994319 0.002014
 0.002014 0.001653 0.994319 0.002014
 0.002014 0.001653 0.001653 0.994680
 0.002014 0.994319 0.001653 0.002014
 0.643304 0.001653 0.353029 0.002014

MOTIF 34-AGATAA STREME-34
letter-probability matrix: alength= 4 w= 6 nsites= 2139 E= 1.1e-001
 0.934055 0.020491 0.020491 0.024964
 0.024964 0.020491 0.929582 0.024964
 0.934055 0.020491 0.020491 0.024964
 0.024964 0.020491 0.020491 0.934055
 0.934055 0.020491 0.020491 0.024964
 0.934055 0.020491 0.020491 0.024964

MOTIF 35-ACACACACACACAC STREME-35
letter-probability matrix: alength= 4 w= 14 nsites= 300 E= 1.2e-001
 0.945945 0.000200 0.053611 0.000244
 0.000244 0.999312 0.000200 0.000244
 0.871457 0.012509 0.115790 0.000244
 0.000244 0.987003 0.000200 0.012553
 0.908881 0.000200 0.090675 0.000244
 0.000244 0.922596 0.000200 0.076960
 0.756400 0.000200 0.237001 0.006398
 0.000244 0.904984 0.000200 0.094572
 0.999356 0.000200 0.000200 0.000244
 0.027345 0.807057 0.000200 0.165397
 0.838110 0.000200 0.089755 0.071935
 0.000244 0.993158 0.000200 0.006398
 0.975168 0.000200 0.024388 0.000244
 0.000244 0.948163 0.000200 0.051393

MOTIF 36-TCWGCAAACA STREME-36
letter-probability matrix: alength= 4 w= 10 nsites= 864 E= 1.2e-001
 0.260510 0.000129 0.000129 0.739231
 0.000158 0.717983 0.000129 0.281731
 0.370958 0.085697 0.000129 0.543216
 0.000158 0.000129 0.976031 0.023682
 0.000158 0.999555 0.000129 0.000158
 0.999584 0.000129 0.000129 0.000158
 0.999584 0.000129 0.000129 0.000158
 0.999584 0.000129 0.000129 0.000158
 0.000158 0.695578 0.000129 0.304135
 0.999584 0.000129 0.000129 0.000158

MOTIF 37-AGATAAGAG STREME-37
letter-probability matrix: alength= 4 w= 9 nsites= 735 E= 1.2e-001
 0.822386 0.003132 0.001188 0.173294
 0.000482 0.000395 0.995323 0.003800
 0.998728 0.000395 0.000395 0.000482
 0.000482 0.000395 0.000395 0.998728
 0.922361 0.000395 0.000395 0.076849
 0.968569 0.004900 0.024004 0.002527
 0.000482 0.000395 0.966086 0.033037
 0.839499 0.012549 0.141514 0.006438
 0.186447 0.070726 0.625820 0.117007

MOTIF 38-CKCCACCTCC STREME-38
letter-probability matrix: alength= 4 w= 10 nsites= 641 E= 1.4e-001
 0.007597 0.964220 0.018026 0.010157
 0.073934 0.012851 0.316326 0.596889
 0.000127 0.865957 0.040558 0.093358
 0.010990 0.839560 0.134608 0.014842
 0.761863 0.000104 0.208560 0.029473
 0.028843 0.922349 0.023668 0.025139
 0.018737 0.804505 0.176632 0.000127
 0.063666 0.023480 0.205136 0.707718
 0.050995 0.873264 0.034988 0.040753
 0.003320 0.696256 0.145802 0.154622

MOTIF 39-GCCWGGC STREME-39
letter-probability matrix: alength= 4 w= 7 nsites= 1904 E= 1.6e-001
 0.001000 0.000821 0.997178 0.001000
 0.001000 0.997178 0.000821 0.001000
 0.001000 0.914446 0.083553 0.001000
 0.424788 0.075212 0.075212 0.424788
 0.001000 0.083553 0.914446 0.001000
 0.001000 0.000821 0.997178 0.001000
 0.001000 0.997178 0.000821 0.001000

MOTIF 40-AGGAAGCA STREME-40
letter-probability matrix: alength= 4 w= 8 nsites= 1782 E= 2.4e-001
 0.973448 0.025706 0.000382 0.000465
 0.000465 0.011663 0.924697 0.063175
 0.201246 0.000382 0.676362 0.122010
 0.998772 0.000382 0.000382 0.000465
 0.984827 0.014327 0.000382 0.000465
 0.000465 0.000382 0.998688 0.000465
 0.199365 0.607366 0.192803 0.000465
 0.998772 0.000382 0.000382 0.000465

MOTIF 41-ACTTCAAAGV STREME-41
letter-probability matrix: alength= 4 w= 10 nsites= 507 E= 3.4e-001
 0.816954 0.000223 0.040611 0.142212
 0.000271 0.999234 0.000223 0.000271
 0.260874 0.000223 0.001367 0.737536
 0.000271 0.000223 0.000223 0.999283
 0.000271 0.999234 0.000223 0.000271
 0.966400 0.026257 0.007072 0.000271
 0.981549 0.000223 0.000223 0.018005
 0.970904 0.009915 0.000223 0.018958
 0.000271 0.000223 0.999234 0.000271
 0.457902 0.275669 0.235201 0.031228

MOTIF 42-CACCCAGTTCGA STREME-42
letter-probability matrix: alength= 4 w= 12 nsites= 124 E= 3.7e-001
 0.000424 0.998803 0.000348 0.000424
 0.923879 0.000348 0.053920 0.021853
 0.000424 0.966660 0.000348 0.032567
 0.000424 0.994356 0.004795 0.000424
 0.000424 0.988088 0.000348 0.011139
 0.988164 0.000348 0.011063 0.000424
 0.000424 0.011063 0.977374 0.011139
 0.000424 0.011063 0.000348 0.988164
 0.000424 0.032491 0.000348 0.966736
 0.004871 0.791379 0.053209 0.150541
 0.004871 0.064634 0.919356 0.011139
 0.966736 0.000348 0.000348 0.032567

MOTIF 43-CTCTGTCAC STREME-43
letter-probability matrix: alength= 4 w= 9 nsites= 228 E= 4.0e-001
 0.000431 0.998784 0.000354 0.000431
 0.000431 0.000354 0.000354 0.998861
 0.000431 0.998784 0.000354 0.000431
 0.000431 0.000354 0.000354 0.998861
 0.000431 0.000354 0.998784 0.000431
 0.000431 0.000354 0.000354 0.998861
 0.000431 0.998784 0.000354 0.000431
 0.680027 0.000354 0.319188 0.000431
 0.000431 0.998784 0.000354 0.000431

MOTIF 44-GACTTTGGACT STREME-44
letter-probability matrix: alength= 4 w= 11 nsites= 124 E= 4.0e-001
 0.065123 0.000420 0.933945 0.000512
 0.958049 0.041019 0.000420 0.000512
 0.085028 0.881213 0.033247 0.000512
 0.013433 0.026264 0.013342 0.946960
 0.000512 0.031627 0.000420 0.967441
 0.000512 0.065031 0.000420 0.934037
 0.022195 0.000420 0.976872 0.000512
 0.000512 0.000420 0.910298 0.088769
 0.812376 0.116719 0.031627 0.039278
 0.096328 0.851053 0.052107 0.000512
 0.000512 0.057762 0.000420 0.941306

MOTIF 45-CACAGAGC STREME-45
letter-probability matrix: alength= 4 w= 8 nsites= 522 E= 4.1e-001
 0.024964 0.929582 0.020491 0.024964
 0.934055 0.020491 0.020491 0.024964
 0.024964 0.929582 0.020491 0.024964
 0.934055 0.020491 0.020491 0.024964
 0.024964 0.020491 0.929582 0.024964
 0.934055 0.020491 0.020491 0.024964
 0.024964 0.020491 0.929582 0.024964
 0.024964 0.929582 0.020491 0.024964

MOTIF 46-CACGTGGAC STREME-46
letter-probability matrix: alength= 4 w= 9 nsites= 207 E= 5.2e-001
 0.065895 0.841440 0.051533 0.041132
 0.998584 0.000440 0.000440 0.000536
 0.000536 0.998488 0.000440 0.000536
 0.000536 0.000440 0.998488 0.000536
 0.043051 0.029424 0.048715 0.878810
 0.034912 0.001700 0.911759 0.051629
 0.018544 0.209867 0.753929 0.017659
 0.717034 0.068990 0.110857 0.103119
 0.036893 0.962131 0.000440 0.000536

MOTIF 47-CACATTCC STREME-47
letter-probability matrix: alength= 4 w= 8 nsites= 728 E= 8.6e-001
 0.001003 0.682767 0.000824 0.315406
 0.884838 0.000824 0.113335 0.001003
 0.001003 0.997170 0.000824 0.001003
 0.997349 0.000824 0.000824 0.001003
 0.001003 0.000824 0.000824 0.997349
 0.001003 0.000824 0.000824 0.997349
 0.001003 0.997170 0.000824 0.001003
 0.001003 0.997170 0.000824 0.001003

MOTIF 48-CCYRGG STREME-48
letter-probability matrix: alength= 4 w= 6 nsites= 3878 E= 9.2e-001
 0.024964 0.929582 0.020491 0.024964
 0.024964 0.929582 0.020491 0.024964
 0.024964 0.475036 0.020491 0.479509
 0.479509 0.020491 0.475036 0.024964
 0.024964 0.020491 0.929582 0.024964
 0.024964 0.020491 0.929582 0.024964

MOTIF 49-CTGGGAA STREME-49
letter-probability matrix: alength= 4 w= 7 nsites= 1031 E= 1.1e+000
 0.024964 0.929582 0.020491 0.024964
 0.024964 0.020491 0.020491 0.934055
 0.024964 0.020491 0.929582 0.024964
 0.024964 0.020491 0.929582 0.024964
 0.024964 0.020491 0.929582 0.024964
 0.934055 0.020491 0.020491 0.024964
 0.934055 0.020491 0.020491 0.024964

MOTIF 50-CSCCACC STREME-50
letter-probability matrix: alength= 4 w= 7 nsites= 880 E= 1.1e+000
 0.001178 0.996676 0.000967 0.001178
 0.001178 0.510224 0.487420 0.001178
 0.001178 0.996676 0.000967 0.001178
 0.001178 0.816275 0.181368 0.001178
 0.795991 0.000967 0.201863 0.001178
 0.001178 0.996676 0.000967 0.001178
 0.001178 0.995141 0.002502 0.001178

MOTIF 51-AAATCAAT STREME-51
letter-probability matrix: alength= 4 w= 8 nsites= 232 E= 1.1e+000
 0.995429 0.001420 0.001420 0.001730
 0.995429 0.001420 0.001420 0.001730
 0.995429 0.001420 0.001420 0.001730
 0.001730 0.001420 0.001420 0.995429
 0.001730 0.995119 0.001420 0.001730
 0.672172 0.001420 0.324678 0.001730
 0.995429 0.001420 0.001420 0.001730
 0.001730 0.001420 0.001420 0.995429

MOTIF 52-ACAAAG STREME-52
letter-probability matrix: alength= 4 w= 6 nsites= 3519 E= 1.3e+000
 0.934055 0.020491 0.020491 0.024964
 0.024964 0.929582 0.020491 0.024964
 0.934055 0.020491 0.020491 0.024964
 0.934055 0.020491 0.020491 0.024964
 0.934055 0.020491 0.020491 0.024964
 0.024964 0.020491 0.929582 0.024964

MOTIF 53-GCAAATA STREME-53
letter-probability matrix: alength= 4 w= 7 nsites= 436 E= 1.3e+000
 0.024964 0.020491 0.929582 0.024964
 0.024964 0.929582 0.020491 0.024964
 0.934055 0.020491 0.020491 0.024964
 0.934055 0.020491 0.020491 0.024964
 0.934055 0.020491 0.020491 0.024964
 0.024964 0.020491 0.020491 0.934055
 0.934055 0.020491 0.020491 0.024964

MOTIF 54-GATGATGAAAT STREME-54
letter-probability matrix: alength= 4 w= 11 nsites= 423 E= 1.6e+000
 0.000183 0.000151 0.964194 0.035472
 0.683855 0.089807 0.181360 0.044978
 0.000183 0.009407 0.000151 0.990259
 0.000183 0.000151 0.999483 0.000183
 0.903869 0.000151 0.014692 0.081288
 0.000183 0.064949 0.208997 0.725870
 0.000183 0.000151 0.999483 0.000183
 0.600702 0.231227 0.000151 0.167920
 0.893110 0.106557 0.000151 0.000183
 0.938894 0.000151 0.035709 0.025247
 0.109674 0.226438 0.088066 0.575822

MOTIF 55-GAGAGAGAGAGAGAR STREME-55
letter-probability matrix: alength= 4 w= 15 nsites= 117 E= 2.2e+000
 0.062652 0.000300 0.872006 0.065041
 0.934358 0.000300 0.028018 0.037323
 0.046562 0.028018 0.925053 0.000366
 0.814248 0.000300 0.157368 0.028084
 0.000366 0.055736 0.934293 0.009605
 0.999033 0.000300 0.000300 0.000366
 0.028084 0.009540 0.943532 0.018845
 0.952837 0.009540 0.037258 0.000366
 0.009605 0.028018 0.962010 0.000366
 0.786531 0.046497 0.120410 0.046562
 0.015505 0.000300 0.974590 0.009605
 0.952837 0.009540 0.037258 0.000366
 0.000366 0.009540 0.980489 0.009605
 0.983894 0.000300 0.009540 0.006265
 0.425370 0.074215 0.437119 0.063297

MOTIF 56-TRTTTAAAYA STREME-56
letter-probability matrix: alength= 4 w= 10 nsites= 210 E= 2.3e+000
 0.001365 0.018348 0.001121 0.979166
 0.571475 0.001121 0.426039 0.001365
 0.041917 0.001121 0.071363 0.885600
 0.001365 0.001121 0.001121 0.996394
 0.001365 0.001121 0.001121 0.996394
 0.996394 0.001121 0.001121 0.001365
 0.996394 0.001121 0.001121 0.001365
 0.885600 0.071363 0.001121 0.041917
 0.001365 0.426039 0.001121 0.571475
 0.979166 0.001121 0.018348 0.001365

MOTIF 57-CTCTGCCTCC STREME-57
letter-probability matrix: alength= 4 w= 10 nsites= 724 E= 2.6e+000
 0.031520 0.951284 0.006321 0.010875
 0.026744 0.013473 0.257752 0.702032
 0.032909 0.966652 0.000198 0.000241
 0.082414 0.000198 0.156088 0.761301
 0.021578 0.047173 0.859912 0.071337
 0.000241 0.999320 0.000198 0.000241
 0.014313 0.768198 0.158875 0.058614
 0.082856 0.000198 0.178089 0.738857
 0.041056 0.871237 0.087466 0.000241
 0.054173 0.796894 0.059700 0.089233

MOTIF 58-CTGGGGTCA STREME-58
letter-probability matrix: alength= 4 w= 9 nsites= 738 E= 2.7e+000
 0.073444 0.888758 0.016615 0.021183
 0.066762 0.025392 0.053964 0.853882
 0.043915 0.169870 0.751995 0.034220
 0.163581 0.059661 0.711748 0.065010
 0.020886 0.099750 0.870302 0.009061
 0.046656 0.032379 0.846582 0.074383
 0.018580 0.003884 0.003200 0.974336
 0.008699 0.932226 0.007296 0.051779
 0.825031 0.015878 0.140724 0.018367

MOTIF 59-CAGGCCTCCTTGA STREME-59
letter-probability matrix: alength= 4 w= 13 nsites= 61 E= 3.9e+000
 0.024964 0.929582 0.020491 0.024964
 0.934055 0.020491 0.020491 0.024964
 0.024964 0.020491 0.929582 0.024964
 0.024964 0.020491 0.929582 0.024964
 0.024964 0.929582 0.020491 0.024964
 0.024964 0.929582 0.020491 0.024964
 0.024964 0.020491 0.020491 0.934055
 0.024964 0.929582 0.020491 0.024964
 0.024964 0.929582 0.020491 0.024964
 0.024964 0.020491 0.020491 0.934055
 0.024964 0.020491 0.020491 0.934055
 0.024964 0.020491 0.929582 0.024964
 0.934055 0.020491 0.020491 0.024964

MOTIF 60-AACAAAACAAA STREME-60
letter-probability matrix: alength= 4 w= 11 nsites= 55 E= 7.7e+000
 0.934055 0.020491 0.020491 0.024964
 0.934055 0.020491 0.020491 0.024964
 0.024964 0.929582 0.020491 0.024964
 0.934055 0.020491 0.020491 0.024964
 0.934055 0.020491 0.020491 0.024964
 0.934055 0.020491 0.020491 0.024964
 0.934055 0.020491 0.020491 0.024964
 0.024964 0.929582 0.020491 0.024964
 0.934055 0.020491 0.020491 0.024964
 0.934055 0.020491 0.020491 0.024964
 0.934055 0.020491 0.020491 0.024964

MOTIF 61-YGACGTCR STREME-61
letter-probability matrix: alength= 4 w= 8 nsites= 1469 E= 8.3e+000
 0.005260 0.582907 0.021869 0.389963
 0.012405 0.000498 0.977357 0.009740
 0.923576 0.050031 0.009448 0.016945
 0.127044 0.513756 0.208572 0.150628
 0.150628 0.208572 0.513756 0.127044
 0.016945 0.009448 0.050031 0.923576
 0.009740 0.977357 0.000498 0.012405
 0.389963 0.021869 0.582907 0.005260

********************************************************************************
Stopped because 3 consecutive motifs exceeded the p-value threshold (0.05).
********************************************************************************
COMMAND:	streme --verbosity 1 --oc meme_out_incomplete_DL/HepG2_FOXA1-human_ENCFF055VNJ/streme_out -dna --seed 0 --p meme_out_incomplete_DL/HepG2_FOXA1-human_ENCFF055VNJ/seqs-centered --minw 6 --maxw 15 --time 6155 --order 2 --thresh 0.05 --align center --totallength 4000000 --parse-genomic-coord
********************************************************************************
CPU:		9f05ee173ae9
********************************************************************************
FINALTIME:	2786.09 seconds
********************************************************************************
