********************************************************************************
STREME - Sensitive, Thorough, Rapid, Enriched Motif Elicitation
********************************************************************************
MEME version 5.5.3 (Release date: Sat Jun 10 16:19:38 2023 -0700)

For further information on how to interpret these results please access http://localhost:8080/meme_5.5.3.
To get a copy of the MEME Suite software please access https://meme-suite.org.

********************************************************************************


********************************************************************************
REFERENCE
********************************************************************************
If you use this program in your research, please cite:

Timothy L. Bailey,
"STREME: accurate and versatile sequence motif discovery",
Bioinformatics, Mar. 24, 2021.
********************************************************************************


ALPHABET= ACGT

strands: + -

Background letter frequencies
A 0.255 C 0.245 G 0.245 T 0.255 

MOTIF 1-WWTRTTTRCWYWDB STREME-1
letter-probability matrix: alength= 4 w= 14 nsites= 7141 E= 1.3e-083
 0.417537 0.138128 0.130953 0.313382
 0.389212 0.147125 0.172851 0.290811
 0.000005 0.007021 0.000005 0.992968
 0.456701 0.000005 0.543289 0.000005
 0.000005 0.000005 0.000005 0.999984
 0.000005 0.000005 0.000005 0.999984
 0.000295 0.000005 0.072426 0.927274
 0.571923 0.000005 0.428066 0.000005
 0.005717 0.698454 0.000005 0.295824
 0.288995 0.149487 0.000440 0.561078
 0.096712 0.269341 0.163054 0.470893
 0.487610 0.000005 0.028540 0.483845
 0.229416 0.145449 0.351101 0.274035
 0.149061 0.285375 0.206047 0.359517

MOTIF 2-BCAAAGTYCAN STREME-2
letter-probability matrix: alength= 4 w= 11 nsites= 6056 E= 6.1e-065
 0.151825 0.345468 0.224121 0.278586
 0.000012 0.937070 0.000012 0.062906
 0.858382 0.095419 0.038235 0.007963
 0.847507 0.000012 0.112238 0.040244
 0.981932 0.000012 0.018044 0.000012
 0.000012 0.000012 0.999964 0.000012
 0.044246 0.000012 0.313285 0.642457
 0.040756 0.425662 0.066442 0.467139
 0.004268 0.959173 0.001673 0.034886
 0.878859 0.010348 0.030339 0.080454
 0.247391 0.275058 0.295318 0.182233

MOTIF 3-ATTGCAYMAY STREME-3
letter-probability matrix: alength= 4 w= 10 nsites= 3497 E= 2.0e-038
 0.661631 0.074817 0.263529 0.000022
 0.000022 0.000021 0.000021 0.999935
 0.000022 0.009636 0.000021 0.990320
 0.150814 0.000021 0.650778 0.198387
 0.000022 0.999934 0.000021 0.000022
 0.680761 0.027833 0.205751 0.085656
 0.169301 0.376080 0.000021 0.454597
 0.528305 0.471652 0.000021 0.000022
 0.998964 0.000021 0.000992 0.000022
 0.000022 0.460791 0.076588 0.462598

MOTIF 4-RVTGASTCABY STREME-4
letter-probability matrix: alength= 4 w= 11 nsites= 2227 E= 1.7e-030
 0.242355 0.150450 0.414297 0.192897
 0.441242 0.223291 0.319487 0.015980
 0.000027 0.004198 0.000026 0.995748
 0.002037 0.000026 0.948219 0.049718
 0.996865 0.002560 0.000547 0.000027
 0.018441 0.481559 0.481559 0.018441
 0.000027 0.000547 0.002560 0.996865
 0.049718 0.948219 0.000026 0.002037
 0.995748 0.000026 0.004198 0.000027
 0.015980 0.319487 0.223291 0.441242
 0.192897 0.414297 0.150450 0.242355

MOTIF 5-CCCCDCCCCC STREME-5
letter-probability matrix: alength= 4 w= 10 nsites= 2323 E= 1.4e-023
 0.000039 0.999885 0.000037 0.000039
 0.000039 0.999885 0.000037 0.000039
 0.000039 0.999885 0.000037 0.000039
 0.084800 0.871481 0.000037 0.043681
 0.368348 0.000037 0.346964 0.284651
 0.006592 0.993332 0.000037 0.000039
 0.000039 0.999885 0.000037 0.000039
 0.000039 0.913793 0.000037 0.086130
 0.057951 0.896512 0.011440 0.034098
 0.043181 0.777911 0.084712 0.094196

MOTIF 6-CTTTGAHCTY STREME-6
letter-probability matrix: alength= 4 w= 10 nsites= 4461 E= 4.0e-019
 0.017939 0.955374 0.026663 0.000024
 0.023992 0.302172 0.009762 0.664075
 0.006096 0.006844 0.030338 0.956721
 0.001085 0.029625 0.000023 0.969267
 0.006396 0.088166 0.880168 0.025271
 0.875183 0.035627 0.031377 0.057813
 0.297178 0.259596 0.001036 0.442190
 0.000024 0.876451 0.123501 0.000024
 0.063593 0.095899 0.018465 0.822043
 0.044051 0.444971 0.096370 0.414609

MOTIF 7-GTAAACA STREME-7
letter-probability matrix: alength= 4 w= 7 nsites= 3561 E= 8.5e-014
 0.000089 0.000085 0.999737 0.000089
 0.000089 0.000085 0.000085 0.999741
 0.756499 0.243065 0.000085 0.000351
 0.857122 0.141811 0.000661 0.000406
 0.977186 0.007533 0.004483 0.010798
 0.000089 0.835073 0.000085 0.164753
 0.958530 0.003449 0.006927 0.031093

MOTIF 8-CAAGGTCA STREME-8
letter-probability matrix: alength= 4 w= 8 nsites= 3198 E= 1.8e-011
 0.048988 0.860145 0.071746 0.019121
 0.959261 0.000084 0.040567 0.000088
 0.855266 0.000084 0.144562 0.000088
 0.000088 0.000084 0.999740 0.000088
 0.000088 0.000084 0.999740 0.000088
 0.092524 0.094932 0.000084 0.812461
 0.000088 0.961990 0.000084 0.037838
 0.811721 0.031175 0.118859 0.038244

MOTIF 9-CCAGGCTGGAGTGCA STREME-9
letter-probability matrix: alength= 4 w= 15 nsites= 452 E= 1.2e-009
 0.012720 0.926918 0.012716 0.047646
 0.028920 0.874931 0.007666 0.088483
 0.969423 0.000089 0.017767 0.012720
 0.032924 0.005140 0.959318 0.002618
 0.040500 0.012716 0.939114 0.007669
 0.002618 0.971945 0.010191 0.015246
 0.005144 0.017767 0.000089 0.977000
 0.096059 0.000089 0.901233 0.002618
 0.040500 0.012715 0.931539 0.015246
 0.971949 0.005140 0.007666 0.015246
 0.293042 0.007666 0.694149 0.005144
 0.012720 0.015242 0.017767 0.954271
 0.083432 0.011239 0.897660 0.007669
 0.000093 0.954267 0.000089 0.045551
 0.946695 0.000089 0.032920 0.020296

MOTIF 10-AATBATTAACH STREME-10
letter-probability matrix: alength= 4 w= 11 nsites= 991 E= 1.8e-009
 0.940725 0.000058 0.042709 0.016508
 0.910088 0.062456 0.000058 0.027398
 0.109852 0.042989 0.000058 0.847100
 0.161742 0.307321 0.330110 0.200827
 0.796362 0.000058 0.056308 0.147273
 0.019544 0.000058 0.019259 0.961139
 0.000060 0.000058 0.000058 0.999824
 0.949253 0.000058 0.000058 0.050631
 0.955186 0.000058 0.044696 0.000060
 0.041547 0.909880 0.014355 0.034218
 0.201334 0.373459 0.036890 0.388317

MOTIF 11-GCCTGTARTCCCAGC STREME-11
letter-probability matrix: alength= 4 w= 15 nsites= 373 E= 3.7e-009
 0.204092 0.016200 0.731294 0.048413
 0.010835 0.857449 0.021568 0.110147
 0.005467 0.964813 0.005463 0.024256
 0.000099 0.016200 0.002779 0.980922
 0.136990 0.000095 0.857448 0.005467
 0.010835 0.049523 0.016200 0.923442
 0.924557 0.016200 0.053776 0.005467
 0.652345 0.002779 0.339409 0.005467
 0.000099 0.051094 0.000095 0.948713
 0.010835 0.928806 0.013516 0.046843
 0.008151 0.924551 0.005463 0.061834
 0.000099 0.852080 0.000095 0.147727
 0.975554 0.002779 0.021568 0.000099
 0.067202 0.005463 0.913815 0.013520
 0.018888 0.919183 0.018884 0.043045

MOTIF 12-CAYRGCTCACTGCAR STREME-12
letter-probability matrix: alength= 4 w= 15 nsites= 320 E= 7.4e-009
 0.003549 0.979089 0.010390 0.006972
 0.701833 0.000121 0.027505 0.270541
 0.006972 0.455374 0.020659 0.516995
 0.592298 0.010390 0.376648 0.020664
 0.044625 0.010390 0.934590 0.010395
 0.000126 0.961974 0.006967 0.030933
 0.006972 0.010390 0.000121 0.982517
 0.000126 0.917475 0.006967 0.075431
 0.961981 0.017236 0.010390 0.010393
 0.003549 0.941436 0.000121 0.054894
 0.020664 0.058311 0.000121 0.920904
 0.075431 0.017236 0.900361 0.006972
 0.017241 0.831901 0.000121 0.150737
 0.965402 0.000121 0.034351 0.000126
 0.369807 0.013813 0.599139 0.017241

MOTIF 13-YAAAAAAAAAAAAA STREME-13
letter-probability matrix: alength= 4 w= 14 nsites= 512 E= 1.5e-008
 0.045756 0.504312 0.175938 0.273994
 0.966766 0.000139 0.000139 0.032957
 0.982171 0.000139 0.017545 0.000145
 0.999578 0.000139 0.000139 0.000145
 0.915117 0.000139 0.076755 0.007989
 0.900261 0.051125 0.048468 0.000145
 0.957176 0.000139 0.042541 0.000145
 0.971383 0.021000 0.000139 0.007478
 0.976046 0.000139 0.000139 0.023677
 0.976556 0.000139 0.000139 0.023166
 0.999578 0.000139 0.000139 0.000145
 0.932023 0.067694 0.000139 0.000145
 0.999578 0.000139 0.000139 0.000145
 0.999578 0.000139 0.000139 0.000145

MOTIF 14-CACTTCCKG STREME-14
letter-probability matrix: alength= 4 w= 9 nsites= 1991 E= 1.8e-008
 0.073689 0.624938 0.102932 0.198441
 0.881096 0.000076 0.118748 0.000080
 0.000080 0.843848 0.000076 0.155995
 0.051305 0.000076 0.017334 0.931285
 0.000080 0.000076 0.000076 0.999767
 0.000080 0.999764 0.000076 0.000080
 0.000080 0.998965 0.000875 0.000080
 0.000080 0.020041 0.452822 0.527058
 0.009360 0.112220 0.860924 0.017496

MOTIF 15-CTCAAGYGATCCTCC STREME-15
letter-probability matrix: alength= 4 w= 15 nsites= 336 E= 4.7e-008
 0.016453 0.875519 0.000115 0.107913
 0.003387 0.022980 0.003382 0.970251
 0.000120 0.921249 0.029513 0.049117
 0.960452 0.026247 0.013181 0.000120
 0.862459 0.009915 0.114441 0.013186
 0.111179 0.000115 0.865720 0.022985
 0.042584 0.490080 0.032780 0.434556
 0.294099 0.042579 0.646869 0.016453
 0.980050 0.009915 0.009915 0.000120
 0.006653 0.032780 0.019714 0.940853
 0.003387 0.849388 0.000115 0.147110
 0.006653 0.924516 0.003382 0.065449
 0.071982 0.019714 0.068711 0.839594
 0.006653 0.885319 0.009915 0.098113
 0.009920 0.868986 0.006648 0.114446

MOTIF 16-GTGACAGAGYRAGAC STREME-16
letter-probability matrix: alength= 4 w= 15 nsites= 290 E= 4.1e-006
 0.074446 0.000131 0.925285 0.000137
 0.078162 0.260215 0.018709 0.642915
 0.130179 0.000131 0.862122 0.007568
 0.977308 0.011278 0.011278 0.000137
 0.003852 0.854691 0.133889 0.007568
 0.999600 0.000131 0.000131 0.000137
 0.044723 0.037286 0.899277 0.018714
 0.984738 0.000131 0.011278 0.003852
 0.048438 0.011278 0.936432 0.003852
 0.107886 0.457135 0.052148 0.382831
 0.353107 0.022424 0.616901 0.007568
 0.988454 0.000131 0.000131 0.011283
 0.033576 0.022424 0.932716 0.011283
 0.955015 0.011278 0.029855 0.003852
 0.007568 0.780382 0.115311 0.096739

MOTIF 17-AAACAAACA STREME-17
letter-probability matrix: alength= 4 w= 9 nsites= 2021 E= 4.4e-006
 0.811464 0.000087 0.188357 0.000091
 0.761134 0.000087 0.238687 0.000091
 0.815739 0.000087 0.184082 0.000091
 0.000091 0.843452 0.000087 0.156369
 0.989744 0.000087 0.010077 0.000091
 0.999734 0.000087 0.000087 0.000091
 0.999734 0.000087 0.000087 0.000091
 0.000091 0.736841 0.147804 0.115264
 0.942877 0.049052 0.007981 0.000091

MOTIF 18-RCCTCAGCCTCCYRA STREME-18
letter-probability matrix: alength= 4 w= 15 nsites= 314 E= 1.3e-005
 0.572496 0.010352 0.372691 0.044461
 0.000126 0.930005 0.011767 0.058103
 0.017178 0.912953 0.020583 0.049286
 0.006947 0.013762 0.013762 0.965529
 0.000126 0.943647 0.003531 0.052697
 0.767724 0.034225 0.187694 0.010357
 0.037640 0.000121 0.955293 0.006947
 0.013767 0.930005 0.018587 0.037640
 0.020588 0.842748 0.017173 0.119491
 0.010357 0.013762 0.006941 0.968939
 0.015182 0.875438 0.030814 0.078565
 0.017178 0.875438 0.020583 0.086801
 0.047872 0.560845 0.062923 0.328360
 0.438075 0.051277 0.490060 0.020588
 0.893910 0.034225 0.061508 0.010357

MOTIF 19-AGATAAGR STREME-19
letter-probability matrix: alength= 4 w= 8 nsites= 2074 E= 2.9e-005
 0.771748 0.045200 0.000110 0.182942
 0.000114 0.000110 0.999662 0.000114
 0.999666 0.000110 0.000110 0.000114
 0.000114 0.000110 0.000110 0.999666
 0.968719 0.000110 0.000110 0.031061
 0.997821 0.001955 0.000110 0.000114
 0.000114 0.102984 0.856809 0.040093
 0.483246 0.158098 0.358542 0.000114

MOTIF 20-TTACGTAA STREME-20
letter-probability matrix: alength= 4 w= 8 nsites= 1078 E= 3.8e-005
 0.001021 0.006459 0.000446 0.992074
 0.003513 0.002834 0.000766 0.992887
 0.847156 0.000339 0.146426 0.006079
 0.000353 0.606391 0.131138 0.262118
 0.262118 0.131138 0.606391 0.000353
 0.006079 0.146426 0.000339 0.847156
 0.992887 0.000766 0.002834 0.003513
 0.992074 0.000446 0.006459 0.001021

MOTIF 21-GCCCCGCCC STREME-21
letter-probability matrix: alength= 4 w= 9 nsites= 652 E= 1.7e-003
 0.022358 0.002202 0.946792 0.028647
 0.017894 0.927979 0.006350 0.047777
 0.098398 0.786186 0.011602 0.103814
 0.088237 0.897055 0.000234 0.014473
 0.088240 0.861057 0.010462 0.040241
 0.080315 0.000205 0.888904 0.030576
 0.002384 0.977561 0.015253 0.004802
 0.006032 0.981218 0.007325 0.005425
 0.011552 0.872928 0.020476 0.095043

MOTIF 22-CACGTGRCC STREME-22
letter-probability matrix: alength= 4 w= 9 nsites= 613 E= 2.4e-003
 0.000164 0.987928 0.011743 0.000164
 0.999520 0.000158 0.000158 0.000164
 0.000164 0.999514 0.000158 0.000164
 0.000164 0.000158 0.999514 0.000164
 0.000164 0.000158 0.000158 0.999520
 0.032944 0.005853 0.927772 0.033431
 0.460056 0.000158 0.539622 0.000164
 0.081740 0.760676 0.000158 0.157427
 0.118505 0.583689 0.065326 0.232481

MOTIF 23-RTGAGCCACYGYGCC STREME-23
letter-probability matrix: alength= 4 w= 15 nsites= 211 E= 4.6e-003
 0.551400 0.020221 0.416094 0.012285
 0.020229 0.030243 0.005188 0.944340
 0.035262 0.000177 0.959365 0.005196
 0.869174 0.040265 0.000177 0.090383
 0.045284 0.005188 0.949343 0.000185
 0.000185 0.984420 0.005188 0.010207
 0.005196 0.964376 0.010199 0.020229
 0.954362 0.015210 0.015210 0.015218
 0.005196 0.939321 0.005188 0.050295
 0.020229 0.626558 0.025232 0.327981
 0.280803 0.005188 0.688769 0.025240
 0.015218 0.571436 0.015210 0.398136
 0.215660 0.015210 0.748901 0.020229
 0.035262 0.929299 0.005188 0.030251
 0.005196 0.964376 0.000177 0.030251

MOTIF 24-ACACACACACACAC STREME-24
letter-probability matrix: alength= 4 w= 14 nsites= 243 E= 1.7e-002
 0.999213 0.000259 0.000259 0.000270
 0.000270 0.856058 0.008241 0.135432
 0.878857 0.000259 0.120615 0.000270
 0.000270 0.885984 0.000259 0.113487
 0.870656 0.000259 0.128815 0.000270
 0.000270 0.926623 0.072837 0.000270
 0.956074 0.002697 0.040959 0.000270
 0.000270 0.958501 0.000259 0.040970
 0.923809 0.002449 0.044187 0.029555
 0.000270 0.940631 0.000259 0.058840
 0.937108 0.000259 0.051508 0.011125
 0.000270 0.952290 0.000259 0.047182
 0.979918 0.000259 0.019554 0.000270
 0.059970 0.939501 0.000259 0.000270

MOTIF 25-AAACCACA STREME-25
letter-probability matrix: alength= 4 w= 8 nsites= 379 E= 2.9e-002
 0.932291 0.022255 0.022255 0.023200
 0.932291 0.022255 0.022255 0.023200
 0.932291 0.022255 0.022255 0.023200
 0.023200 0.931345 0.022255 0.023200
 0.023200 0.931345 0.022255 0.023200
 0.932291 0.022255 0.022255 0.023200
 0.023200 0.931345 0.022255 0.023200
 0.932291 0.022255 0.022255 0.023200

MOTIF 26-RACTACAAYTCCCAG STREME-26
letter-probability matrix: alength= 4 w= 15 nsites= 161 E= 3.1e-002
 0.441993 0.000240 0.543924 0.013843
 0.965289 0.034220 0.000240 0.000250
 0.000250 0.999259 0.000240 0.000250
 0.000250 0.061405 0.000240 0.938105
 0.870144 0.041017 0.088589 0.000250
 0.000250 0.999259 0.000240 0.000250
 0.842960 0.074997 0.081793 0.000250
 0.577914 0.102181 0.081793 0.238112
 0.102191 0.346839 0.095385 0.455585
 0.000250 0.034220 0.000240 0.965289
 0.020639 0.931298 0.000240 0.047823
 0.000250 0.999259 0.000240 0.000250
 0.000250 0.999259 0.000240 0.000250
 0.727427 0.013832 0.258490 0.000250
 0.115783 0.041017 0.781785 0.061415

MOTIF 27-GCGCATGCGC STREME-27
letter-probability matrix: alength= 4 w= 10 nsites= 175 E= 4.9e-002
 0.061934 0.004396 0.925150 0.008520
 0.037615 0.960087 0.000290 0.002007
 0.029064 0.000290 0.970155 0.000491
 0.004410 0.994569 0.000337 0.000685
 0.755511 0.141016 0.049757 0.053716
 0.053716 0.049757 0.141016 0.755511
 0.000685 0.000337 0.994569 0.004410
 0.000491 0.970155 0.000290 0.029064
 0.002007 0.000290 0.960087 0.037615
 0.008520 0.925150 0.004396 0.061934

MOTIF 28-GTAWTTTTCCA STREME-28
letter-probability matrix: alength= 4 w= 11 nsites= 96 E= 5.8e-002
 0.000606 0.000581 0.998208 0.000606
 0.000606 0.000581 0.000581 0.998233
 0.998233 0.000581 0.000581 0.000606
 0.243452 0.215239 0.078314 0.462995
 0.033469 0.181418 0.017013 0.768100
 0.000606 0.000581 0.017005 0.981809
 0.000606 0.000581 0.000581 0.998233
 0.078350 0.000581 0.017005 0.904065
 0.000606 0.998208 0.000581 0.000606
 0.000606 0.970645 0.000581 0.028168
 0.981801 0.000581 0.017013 0.000606

MOTIF 29-CCCAGCCCT STREME-29
letter-probability matrix: alength= 4 w= 9 nsites= 1261 E= 6.8e-002
 0.000281 0.959737 0.017989 0.021993
 0.025545 0.927867 0.046307 0.000281
 0.000281 0.983260 0.016179 0.000281
 0.837499 0.009930 0.018778 0.133792
 0.017033 0.000269 0.843176 0.139522
 0.010658 0.988793 0.000269 0.000281
 0.177708 0.746036 0.028011 0.048244
 0.000281 0.960430 0.000269 0.039020
 0.103174 0.251489 0.009002 0.636334

MOTIF 30-AGGGCAGAG STREME-30
letter-probability matrix: alength= 4 w= 9 nsites= 970 E= 7.0e-002
 0.985260 0.013870 0.000426 0.000444
 0.000444 0.007598 0.951043 0.040915
 0.142687 0.031643 0.760523 0.065147
 0.000444 0.000426 0.959488 0.039642
 0.066276 0.906719 0.000426 0.026579
 0.925373 0.032083 0.042100 0.000444
 0.103556 0.000426 0.865431 0.030587
 0.885202 0.022348 0.000426 0.092024
 0.000444 0.002687 0.957153 0.039716

MOTIF 31-CCCCTCCCC STREME-31
letter-probability matrix: alength= 4 w= 9 nsites= 2719 E= 1.2e-001
 0.026119 0.674127 0.000136 0.299618
 0.019972 0.720930 0.000136 0.258963
 0.000142 0.999581 0.000136 0.000142
 0.031475 0.755742 0.016077 0.196706
 0.000142 0.000136 0.000136 0.999587
 0.000142 0.871410 0.104448 0.024001
 0.000142 0.999581 0.000136 0.000142
 0.000142 0.999581 0.000136 0.000142
 0.030819 0.678752 0.049580 0.240848

MOTIF 32-GCAAACA STREME-32
letter-probability matrix: alength= 4 w= 7 nsites= 809 E= 1.2e-001
 0.023200 0.022255 0.931345 0.023200
 0.023200 0.931345 0.022255 0.023200
 0.932291 0.022255 0.022255 0.023200
 0.932291 0.022255 0.022255 0.023200
 0.932291 0.022255 0.022255 0.023200
 0.023200 0.931345 0.022255 0.023200
 0.932291 0.022255 0.022255 0.023200

MOTIF 33-CTGTCTCWAAAAAAA STREME-33
letter-probability matrix: alength= 4 w= 15 nsites= 111 E= 1.2e-001
 0.000382 0.998871 0.000366 0.000382
 0.000382 0.217849 0.000366 0.781403
 0.180735 0.010722 0.808161 0.000382
 0.000382 0.000366 0.000366 0.998886
 0.000382 0.967802 0.000366 0.031451
 0.000382 0.000366 0.000366 0.998886
 0.000382 0.998871 0.000366 0.000382
 0.563920 0.031435 0.010722 0.393923
 0.988530 0.000366 0.010722 0.000382
 0.667483 0.321413 0.010722 0.000382
 0.864254 0.052148 0.000366 0.083232
 0.905679 0.093573 0.000366 0.000382
 0.828889 0.114286 0.025375 0.031451
 0.905679 0.052148 0.031435 0.010738
 0.978173 0.021079 0.000366 0.000382

MOTIF 34-CTGACCTCA STREME-34
letter-probability matrix: alength= 4 w= 9 nsites= 836 E= 1.6e-001
 0.096371 0.808812 0.074527 0.020291
 0.000316 0.031783 0.000328 0.967573
 0.052514 0.000303 0.942299 0.004884
 0.999077 0.000303 0.000303 0.000316
 0.000316 0.997858 0.000303 0.001523
 0.008661 0.859147 0.119792 0.012400
 0.067500 0.113739 0.004135 0.814626
 0.031973 0.967408 0.000303 0.000316
 0.835750 0.094173 0.000303 0.069773

MOTIF 35-ARATCRATA STREME-35
letter-probability matrix: alength= 4 w= 9 nsites= 586 E= 1.6e-001
 0.489441 0.227005 0.158970 0.124584
 0.650388 0.000165 0.349276 0.000172
 0.999499 0.000165 0.000165 0.000172
 0.000172 0.000165 0.000165 0.999499
 0.000172 0.999492 0.000165 0.000172
 0.644798 0.000165 0.354866 0.000172
 0.999499 0.000165 0.000165 0.000172
 0.000172 0.000165 0.000165 0.999499
 0.791638 0.109298 0.044445 0.054619

MOTIF 36-TGTTTAAACAA STREME-36
letter-probability matrix: alength= 4 w= 11 nsites= 174 E= 2.0e-001
 0.034030 0.000447 0.030945 0.934578
 0.098961 0.000447 0.900127 0.000466
 0.000466 0.000447 0.057482 0.941606
 0.005706 0.000447 0.000447 0.993401
 0.048421 0.000447 0.000447 0.950686
 0.759267 0.000447 0.239821 0.000466
 0.998641 0.000447 0.000447 0.000466
 0.677658 0.139580 0.030945 0.151816
 0.000466 0.970811 0.000447 0.028277
 0.787719 0.000447 0.000447 0.211388
 0.951597 0.047491 0.000447 0.000466

MOTIF 37-CCAGCCTGGGCAA STREME-37
letter-probability matrix: alength= 4 w= 13 nsites= 79 E= 3.7e-001
 0.000539 0.998405 0.000517 0.000539
 0.059022 0.822942 0.044384 0.073651
 0.998427 0.000517 0.000517 0.000539
 0.015155 0.015139 0.896055 0.073651
 0.015161 0.969160 0.000517 0.015161
 0.015161 0.933850 0.035827 0.015161
 0.015161 0.044384 0.044384 0.896070
 0.073651 0.044384 0.866803 0.015161
 0.050472 0.000517 0.919228 0.029784
 0.044406 0.102874 0.822936 0.029784
 0.029784 0.904605 0.059007 0.006604
 0.939937 0.000517 0.059007 0.000539
 0.983805 0.015139 0.000517 0.000539

MOTIF 38-GACTTTGGACC STREME-38
letter-probability matrix: alength= 4 w= 11 nsites= 743 E= 4.0e-001
 0.097072 0.039468 0.810073 0.053386
 0.942233 0.050480 0.000074 0.007213
 0.102949 0.877290 0.005670 0.014091
 0.027707 0.027395 0.009301 0.935597
 0.065300 0.054244 0.000074 0.880383
 0.042416 0.104995 0.054602 0.797988
 0.084489 0.030361 0.800529 0.084621
 0.164464 0.090998 0.665568 0.078970
 0.818778 0.078040 0.001466 0.101716
 0.055793 0.881386 0.009948 0.052873
 0.065392 0.751151 0.019093 0.164365

MOTIF 39-CTCCGCCTCCT STREME-39
letter-probability matrix: alength= 4 w= 11 nsites= 235 E= 4.3e-001
 0.012170 0.971615 0.012143 0.004072
 0.030228 0.000415 0.028169 0.941188
 0.000433 0.996762 0.002372 0.000433
 0.000433 0.897947 0.008048 0.093573
 0.053416 0.000415 0.830446 0.115723
 0.023907 0.927218 0.047351 0.001524
 0.005301 0.981587 0.000951 0.012161
 0.007556 0.028169 0.012140 0.952135
 0.000433 0.833326 0.047364 0.118877
 0.007556 0.960132 0.006754 0.025558
 0.044722 0.062346 0.129526 0.763406

MOTIF 40-GTAGCTGGGACWA STREME-40
letter-probability matrix: alength= 4 w= 13 nsites= 79 E= 4.9e-001
 0.013398 0.000457 0.972747 0.013398
 0.000476 0.052144 0.000457 0.946923
 0.941563 0.013379 0.031661 0.013398
 0.039242 0.039222 0.895216 0.026320
 0.013398 0.946903 0.026300 0.013398
 0.031680 0.039222 0.026300 0.902797
 0.103851 0.013379 0.882294 0.000476
 0.052164 0.013379 0.908138 0.026320
 0.039242 0.026300 0.908138 0.026320
 0.915719 0.039222 0.026300 0.018758
 0.026320 0.895222 0.052144 0.026314
 0.385930 0.173801 0.026300 0.413969
 0.773579 0.039222 0.070426 0.116773

MOTIF 41-CCTTTGTCCC STREME-41
letter-probability matrix: alength= 4 w= 10 nsites= 786 E= 5.0e-001
 0.133106 0.704438 0.045477 0.116979
 0.000177 0.998168 0.001477 0.000177
 0.007330 0.000170 0.000170 0.992329
 0.000177 0.000170 0.000170 0.999482
 0.002556 0.076781 0.000170 0.920493
 0.002556 0.000170 0.997097 0.000177
 0.077265 0.126658 0.000170 0.795907
 0.152360 0.625204 0.017929 0.204507
 0.027547 0.765322 0.074860 0.132271
 0.150883 0.748352 0.007057 0.093708

MOTIF 42-CAAATA STREME-42
letter-probability matrix: alength= 4 w= 6 nsites= 1914 E= 5.4e-001
 0.023200 0.931345 0.022255 0.023200
 0.932291 0.022255 0.022255 0.023200
 0.932291 0.022255 0.022255 0.023200
 0.932291 0.022255 0.022255 0.023200
 0.023200 0.022255 0.022255 0.932291
 0.932291 0.022255 0.022255 0.023200

MOTIF 43-CAGGAAG STREME-43
letter-probability matrix: alength= 4 w= 7 nsites= 1317 E= 6.2e-001
 0.023200 0.931345 0.022255 0.023200
 0.932291 0.022255 0.022255 0.023200
 0.023200 0.022255 0.931345 0.023200
 0.023200 0.022255 0.931345 0.023200
 0.932291 0.022255 0.022255 0.023200
 0.932291 0.022255 0.022255 0.023200
 0.023200 0.022255 0.931345 0.023200

MOTIF 44-CGCCGCCGCCGC STREME-44
letter-probability matrix: alength= 4 w= 12 nsites= 204 E= 7.2e-001
 0.006145 0.946362 0.014534 0.032960
 0.000303 0.014086 0.981945 0.003666
 0.057879 0.810289 0.021184 0.110648
 0.023721 0.901835 0.047097 0.027347
 0.020746 0.037759 0.935392 0.006103
 0.029419 0.917594 0.021184 0.031804
 0.008525 0.851306 0.091456 0.048713
 0.039442 0.024968 0.929808 0.005782
 0.040030 0.886054 0.000291 0.073626
 0.005782 0.959647 0.029061 0.005509
 0.041431 0.015184 0.936058 0.007327
 0.021747 0.919157 0.029474 0.029622

MOTIF 45-ATTTCCCAA STREME-45
letter-probability matrix: alength= 4 w= 9 nsites= 340 E= 9.1e-001
 0.998246 0.000576 0.000576 0.000601
 0.000601 0.000576 0.000576 0.998246
 0.005270 0.000576 0.000576 0.993577
 0.000601 0.000576 0.249126 0.749697
 0.081868 0.916955 0.000576 0.000601
 0.000601 0.950880 0.047919 0.000601
 0.000601 0.903789 0.004241 0.091369
 0.973508 0.000576 0.024375 0.001540
 0.872901 0.000576 0.000576 0.125946

MOTIF 46-TCGCGAGA STREME-46
letter-probability matrix: alength= 4 w= 8 nsites= 72 E= 9.8e-001
 0.023200 0.022255 0.022255 0.932291
 0.023200 0.931345 0.022255 0.023200
 0.023200 0.022255 0.931345 0.023200
 0.023200 0.931345 0.022255 0.023200
 0.023200 0.022255 0.931345 0.023200
 0.932291 0.022255 0.022255 0.023200
 0.023200 0.022255 0.931345 0.023200
 0.932291 0.022255 0.022255 0.023200

MOTIF 47-AGAGAGAGAGAGAG STREME-47
letter-probability matrix: alength= 4 w= 14 nsites= 184 E= 1.1e+000
 0.902365 0.045708 0.016329 0.035598
 0.033966 0.000179 0.925198 0.040657
 0.837573 0.065944 0.035591 0.060892
 0.043168 0.022513 0.888603 0.045716
 0.898282 0.030532 0.035588 0.035598
 0.032638 0.060885 0.886055 0.020422
 0.871321 0.032630 0.055392 0.040657
 0.065951 0.050765 0.837568 0.045716
 0.833448 0.045708 0.072600 0.048244
 0.040657 0.045706 0.883097 0.030539
 0.865464 0.045708 0.068406 0.020422
 0.059675 0.044114 0.868632 0.027579
 0.872103 0.040650 0.049298 0.037950
 0.085917 0.031128 0.835141 0.047814

MOTIF 48-GAGATAA STREME-48
letter-probability matrix: alength= 4 w= 7 nsites= 326 E= 1.3e+000
 0.023200 0.022255 0.931345 0.023200
 0.932291 0.022255 0.022255 0.023200
 0.023200 0.022255 0.931345 0.023200
 0.932291 0.022255 0.022255 0.023200
 0.023200 0.022255 0.022255 0.932291
 0.932291 0.022255 0.022255 0.023200
 0.932291 0.022255 0.022255 0.023200

MOTIF 49-CTTCAAAGGMA STREME-49
letter-probability matrix: alength= 4 w= 11 nsites= 201 E= 1.4e+000
 0.000452 0.920001 0.079095 0.000452
 0.091111 0.000434 0.000434 0.908022
 0.105162 0.000434 0.000434 0.893971
 0.000452 0.998662 0.000434 0.000452
 0.998681 0.000434 0.000434 0.000452
 0.986421 0.000434 0.000434 0.012712
 0.998681 0.000434 0.000434 0.000452
 0.081239 0.035133 0.883176 0.000452
 0.150104 0.246176 0.553082 0.050638
 0.332492 0.560148 0.000434 0.106926
 0.960171 0.000434 0.000434 0.038962

MOTIF 50-CACATTCCWG STREME-50
letter-probability matrix: alength= 4 w= 10 nsites= 1351 E= 1.6e+000
 0.225370 0.663809 0.088798 0.022024
 0.866885 0.046691 0.083499 0.002926
 0.133132 0.813085 0.052722 0.001061
 0.939631 0.018418 0.041824 0.000127
 0.000127 0.000122 0.000122 0.999630
 0.021699 0.000122 0.012104 0.966076
 0.002619 0.992765 0.004489 0.000127
 0.000127 0.874654 0.082749 0.042470
 0.302858 0.084627 0.038119 0.574396
 0.060280 0.174482 0.707281 0.057957

MOTIF 51-CCAATCAGCG STREME-51
letter-probability matrix: alength= 4 w= 10 nsites= 71 E= 1.8e+000
 0.086732 0.862306 0.007188 0.043774
 0.000792 0.954674 0.000760 0.043774
 0.993553 0.000760 0.000760 0.004927
 0.997689 0.000760 0.000760 0.000792
 0.000792 0.022222 0.000760 0.976226
 0.022266 0.880018 0.075433 0.022283
 0.779704 0.036809 0.122758 0.060729
 0.052676 0.090820 0.855712 0.000792
 0.000792 0.997656 0.000760 0.000792
 0.000792 0.000760 0.997656 0.000792

MOTIF 52-GGAATGCA STREME-52
letter-probability matrix: alength= 4 w= 8 nsites= 279 E= 1.8e+000
 0.023200 0.022255 0.931345 0.023200
 0.023200 0.022255 0.931345 0.023200
 0.932291 0.022255 0.022255 0.023200
 0.932291 0.022255 0.022255 0.023200
 0.023200 0.022255 0.022255 0.932291
 0.023200 0.022255 0.931345 0.023200
 0.023200 0.931345 0.022255 0.023200
 0.932291 0.022255 0.022255 0.023200

MOTIF 53-AAGATGGCGGC STREME-53
letter-probability matrix: alength= 4 w= 11 nsites= 100 E= 2.0e+000
 0.931244 0.000456 0.067825 0.000475
 0.998613 0.000456 0.000456 0.000475
 0.000475 0.287224 0.690200 0.022101
 0.998613 0.000456 0.000456 0.000475
 0.000475 0.018696 0.000456 0.980373
 0.000475 0.026241 0.972809 0.000475
 0.000475 0.000456 0.998594 0.000475
 0.000475 0.998594 0.000456 0.000475
 0.000475 0.117669 0.881381 0.000475
 0.190892 0.086476 0.657695 0.064938
 0.068597 0.847777 0.000456 0.083170

MOTIF 54-CCAAGGGTCA STREME-54
letter-probability matrix: alength= 4 w= 10 nsites= 158 E= 2.0e+000
 0.000577 0.674822 0.087345 0.237256
 0.000577 0.900922 0.058156 0.040345
 0.863627 0.000554 0.108342 0.027477
 0.803991 0.020906 0.174526 0.000577
 0.000577 0.016212 0.982633 0.000577
 0.000577 0.003568 0.995277 0.000577
 0.000577 0.000554 0.998292 0.000577
 0.000577 0.000554 0.000554 0.998315
 0.000577 0.998292 0.000554 0.000577
 0.939860 0.000554 0.059009 0.000577

MOTIF 55-ATTCATTCATTC STREME-55
letter-probability matrix: alength= 4 w= 12 nsites= 110 E= 2.1e+000
 0.788784 0.000387 0.106113 0.104716
 0.000403 0.171867 0.000387 0.827343
 0.000403 0.179439 0.011325 0.808833
 0.011341 0.945380 0.029672 0.013606
 0.966009 0.000387 0.033201 0.000403
 0.011341 0.098829 0.000387 0.889443
 0.000403 0.091772 0.000387 0.907438
 0.000403 0.937056 0.015862 0.046679
 0.966009 0.000387 0.033201 0.000403
 0.000403 0.000387 0.000387 0.998824
 0.066031 0.104731 0.000387 0.828850
 0.103378 0.820196 0.022263 0.054164

MOTIF 56-CCACCCCCACCAC STREME-56
letter-probability matrix: alength= 4 w= 13 nsites= 118 E= 2.2e+000
 0.051988 0.926624 0.000365 0.021023
 0.014983 0.973950 0.000365 0.010702
 0.864711 0.010686 0.093258 0.031345
 0.021019 0.978236 0.000365 0.000380
 0.021023 0.929954 0.031329 0.017694
 0.200760 0.708931 0.010686 0.079622
 0.000380 0.957589 0.010686 0.031345
 0.000380 0.926624 0.010686 0.062309
 0.862990 0.000365 0.134544 0.002102
 0.042618 0.884387 0.000365 0.072631
 0.062309 0.864696 0.041651 0.031345
 0.653682 0.107237 0.010686 0.228395
 0.062309 0.774755 0.106667 0.056269

MOTIF 57-ATGACTCA STREME-57
letter-probability matrix: alength= 4 w= 8 nsites= 426 E= 2.3e+000
 0.998977 0.000336 0.000336 0.000350
 0.000350 0.000409 0.000336 0.998905
 0.000350 0.000336 0.821054 0.178259
 0.998977 0.000336 0.000336 0.000350
 0.088068 0.871200 0.000336 0.040396
 0.000350 0.086210 0.054905 0.858534
 0.249020 0.746801 0.000336 0.003843
 0.909346 0.000336 0.089968 0.000350

MOTIF 58-CTCCACCC STREME-58
letter-probability matrix: alength= 4 w= 8 nsites= 385 E= 2.9e+000
 0.023200 0.931345 0.022255 0.023200
 0.023200 0.022255 0.022255 0.932291
 0.023200 0.931345 0.022255 0.023200
 0.023200 0.931345 0.022255 0.023200
 0.932291 0.022255 0.022255 0.023200
 0.023200 0.931345 0.022255 0.023200
 0.023200 0.931345 0.022255 0.023200
 0.023200 0.931345 0.022255 0.023200

MOTIF 59-GTGACTMA STREME-59
letter-probability matrix: alength= 4 w= 8 nsites= 286 E= 3.0e+000
 0.000797 0.000765 0.997642 0.000797
 0.000797 0.000970 0.000765 0.997468
 0.000797 0.000765 0.997642 0.000797
 0.997674 0.000765 0.000765 0.000797
 0.000797 0.997642 0.000765 0.000797
 0.000797 0.000765 0.189471 0.808968
 0.421637 0.576801 0.000765 0.000797
 0.965001 0.000765 0.033437 0.000797

MOTIF 60-CCCGCCTCCC STREME-60
letter-probability matrix: alength= 4 w= 10 nsites= 1589 E= 3.0e+000
 0.023200 0.931345 0.022255 0.023200
 0.023200 0.931345 0.022255 0.023200
 0.023200 0.931345 0.022255 0.023200
 0.023200 0.022255 0.931345 0.023200
 0.023200 0.931345 0.022255 0.023200
 0.023200 0.931345 0.022255 0.023200
 0.023200 0.022255 0.022255 0.932291
 0.023200 0.931345 0.022255 0.023200
 0.023200 0.931345 0.022255 0.023200
 0.023200 0.931345 0.022255 0.023200

MOTIF 61-ATGAGGAAACWG STREME-61
letter-probability matrix: alength= 4 w= 12 nsites= 275 E= 5.9e+000
 0.954532 0.045161 0.000150 0.000156
 0.000156 0.038344 0.000150 0.961350
 0.018892 0.000150 0.889499 0.091459
 0.780774 0.000150 0.028291 0.190785
 0.084561 0.000150 0.883805 0.031483
 0.105659 0.000150 0.894034 0.000156
 0.848913 0.115075 0.000150 0.035861
 0.872428 0.123022 0.004394 0.000156
 0.999544 0.000150 0.000150 0.000156
 0.000156 0.575336 0.150146 0.274362
 0.521588 0.114346 0.033248 0.330818
 0.212197 0.062637 0.556232 0.168933

MOTIF 62-CATTTCCTTT STREME-62
letter-probability matrix: alength= 4 w= 10 nsites= 396 E= 1.1e+001
 0.000467 0.948449 0.013091 0.037993
 0.993290 0.000448 0.005795 0.000467
 0.000507 0.084680 0.000448 0.914365
 0.003612 0.033514 0.000469 0.962404
 0.031822 0.016302 0.031803 0.920074
 0.064620 0.902200 0.032712 0.000467
 0.059219 0.912727 0.027587 0.000467
 0.077527 0.022181 0.089193 0.811099
 0.030635 0.197149 0.000448 0.771768
 0.002774 0.006085 0.039969 0.951171

MOTIF 63-AAAATTAGCCAGGYR STREME-63
letter-probability matrix: alength= 4 w= 15 nsites= 63 E= 1.2e+001
 0.859784 0.035200 0.052495 0.052521
 0.980845 0.017906 0.000611 0.000637
 0.963551 0.035200 0.000611 0.000637
 0.998140 0.000611 0.000611 0.000637
 0.000637 0.017906 0.035200 0.946256
 0.017932 0.000611 0.000611 0.980845
 0.946256 0.000611 0.035200 0.017932
 0.000637 0.035200 0.946230 0.017932
 0.000637 0.946230 0.017906 0.035226
 0.017932 0.721402 0.000611 0.260055
 0.738722 0.035200 0.173556 0.052521
 0.052521 0.000611 0.946230 0.000637
 0.087110 0.017906 0.894347 0.000637
 0.000637 0.571330 0.000611 0.427421
 0.323654 0.000611 0.623214 0.052521

********************************************************************************
Stopped because 3 consecutive motifs exceeded the p-value threshold (0.05).
********************************************************************************
COMMAND:	streme --verbosity 1 --oc meme_out_incomplete_DL/HepG2_EP300-human_ENCFF726NGV/streme_out -dna --seed 0 --p meme_out_incomplete_DL/HepG2_EP300-human_ENCFF726NGV/seqs-centered --minw 6 --maxw 15 --time 6174 --order 2 --thresh 0.05 --align center --totallength 4000000 --parse-genomic-coord
********************************************************************************
CPU:		9f05ee173ae9
********************************************************************************
FINALTIME:	2905.78 seconds
********************************************************************************
