********************************************************************************
STREME - Sensitive, Thorough, Rapid, Enriched Motif Elicitation
********************************************************************************
MEME version 5.5.3 (Release date: Sat Jun 10 16:19:38 2023 -0700)

For further information on how to interpret these results please access http://localhost:8080/meme_5.5.3.
To get a copy of the MEME Suite software please access https://meme-suite.org.

********************************************************************************


********************************************************************************
REFERENCE
********************************************************************************
If you use this program in your research, please cite:

Timothy L. Bailey,
"STREME: accurate and versatile sequence motif discovery",
Bioinformatics, Mar. 24, 2021.
********************************************************************************


ALPHABET= ACGT

strands: + -

Background letter frequencies
A 0.176 C 0.324 G 0.324 T 0.176 

MOTIF 1-GCCCCGCCCCCBSCC STREME-1
letter-probability matrix: alength= 4 w= 15 nsites= 3883 E= 1.0e-036
 0.091545 0.039757 0.732390 0.136308
 0.010140 0.903932 0.018300 0.067629
 0.033739 0.913529 0.000014 0.052718
 0.038272 0.961706 0.000014 0.000008
 0.000008 0.999667 0.000014 0.000311
 0.100666 0.000014 0.766887 0.132433
 0.004008 0.993722 0.000014 0.002256
 0.000008 0.999970 0.000014 0.000008
 0.000008 0.906372 0.014051 0.079569
 0.095197 0.851808 0.006508 0.046487
 0.041065 0.559673 0.175424 0.223838
 0.174066 0.270688 0.202584 0.352661
 0.073616 0.493568 0.279599 0.153217
 0.067670 0.662975 0.190521 0.078834
 0.075549 0.564982 0.194713 0.164756

MOTIF 2-ACTTCCKGTT STREME-2
letter-probability matrix: alength= 4 w= 10 nsites= 3889 E= 1.6e-032
 0.861259 0.000027 0.129767 0.008948
 0.000014 0.881029 0.005228 0.113729
 0.031612 0.000027 0.000027 0.968335
 0.001274 0.000027 0.000027 0.998673
 0.000534 0.999425 0.000027 0.000014
 0.000014 0.997680 0.001974 0.000332
 0.001453 0.002407 0.493129 0.503011
 0.012885 0.177857 0.747497 0.061761
 0.026365 0.264172 0.179081 0.530382
 0.115437 0.244007 0.150584 0.489972

MOTIF 3-GCGCVTGCGCA STREME-3
letter-probability matrix: alength= 4 w= 11 nsites= 787 E= 2.7e-013
 0.143023 0.000100 0.856824 0.000054
 0.000054 0.999792 0.000100 0.000054
 0.000054 0.000100 0.999792 0.000054
 0.000054 0.999792 0.000100 0.000054
 0.445017 0.302268 0.252660 0.000054
 0.000054 0.000100 0.000100 0.999747
 0.000054 0.000100 0.999792 0.000054
 0.000054 0.936371 0.000100 0.063475
 0.000054 0.000100 0.943391 0.056456
 0.000054 0.890021 0.000100 0.109825
 0.672901 0.000100 0.326945 0.000054

MOTIF 4-CTGTAATCCCAGCWM STREME-4
letter-probability matrix: alength= 4 w= 15 nsites= 522 E= 1.2e-012
 0.002114 0.960635 0.004219 0.033032
 0.004175 0.014525 0.006280 0.975020
 0.072196 0.010402 0.909104 0.008297
 0.006236 0.047505 0.006280 0.939979
 0.950285 0.008341 0.039260 0.002114
 0.709120 0.006280 0.274242 0.010359
 0.008297 0.010402 0.004219 0.977081
 0.012420 0.940023 0.008341 0.039216
 0.012420 0.909104 0.020709 0.057767
 0.000052 0.946207 0.000096 0.053645
 0.995633 0.002158 0.000096 0.002114
 0.026849 0.010402 0.958574 0.004175
 0.016542 0.964758 0.000096 0.018604
 0.457648 0.014525 0.024831 0.502996
 0.502996 0.447386 0.028954 0.020665

MOTIF 5-KGTAAACA STREME-5
letter-probability matrix: alength= 4 w= 8 nsites= 1153 E= 2.0e-012
 0.204929 0.058653 0.325196 0.411223
 0.063434 0.000169 0.841800 0.094597
 0.000092 0.225011 0.000169 0.774728
 0.999570 0.000169 0.000169 0.000092
 0.999570 0.000169 0.000169 0.000092
 0.999570 0.000169 0.000169 0.000092
 0.000092 0.745968 0.000169 0.253771
 0.999570 0.000169 0.000169 0.000092

MOTIF 6-AASATGGCGRM STREME-6
letter-probability matrix: alength= 4 w= 11 nsites= 1025 E= 6.5e-012
 0.999850 0.000059 0.000059 0.000032
 0.891400 0.050249 0.000059 0.058292
 0.113529 0.335354 0.505850 0.045268
 0.999850 0.000059 0.000059 0.000032
 0.000032 0.000059 0.000059 0.999850
 0.000032 0.005613 0.994323 0.000032
 0.053810 0.002575 0.934776 0.008839
 0.012721 0.759248 0.000059 0.227972
 0.057976 0.054331 0.789687 0.098006
 0.295715 0.092844 0.552845 0.058596
 0.299753 0.546849 0.070180 0.083217

MOTIF 7-GCCGCCGCCGCC STREME-7
letter-probability matrix: alength= 4 w= 12 nsites= 1932 E= 1.5e-011
 0.000025 0.000046 0.999904 0.000025
 0.021825 0.853869 0.000046 0.124260
 0.049762 0.923241 0.000046 0.026951
 0.091948 0.000046 0.907981 0.000025
 0.000025 0.873789 0.000046 0.126140
 0.025523 0.806368 0.066170 0.101939
 0.163421 0.000046 0.826846 0.009687
 0.000025 0.903906 0.000046 0.096023
 0.000025 0.912999 0.000046 0.086930
 0.132611 0.000046 0.772141 0.095203
 0.009653 0.878748 0.000046 0.111552
 0.000025 0.851290 0.011102 0.137583

MOTIF 8-CCASCAGRGGGC STREME-8
letter-probability matrix: alength= 4 w= 12 nsites= 821 E= 1.2e-010
 0.067814 0.913585 0.011557 0.007044
 0.000045 0.999829 0.000082 0.000045
 0.808046 0.000082 0.191828 0.000045
 0.019294 0.581232 0.399429 0.000045
 0.048530 0.726941 0.000082 0.224447
 0.999792 0.000082 0.000082 0.000045
 0.000045 0.000082 0.999829 0.000045
 0.495525 0.000082 0.502598 0.001794
 0.000045 0.000082 0.689642 0.310231
 0.000045 0.000082 0.999829 0.000045
 0.000045 0.000082 0.999829 0.000045
 0.050297 0.947826 0.000082 0.001794

MOTIF 9-YCACGTSACC STREME-9
letter-probability matrix: alength= 4 w= 10 nsites= 1801 E= 1.2e-010
 0.049571 0.430962 0.143393 0.376075
 0.039421 0.581867 0.287125 0.091586
 0.953333 0.000054 0.000054 0.046559
 0.000029 0.934599 0.000054 0.065318
 0.000029 0.000054 0.999887 0.000029
 0.000029 0.000054 0.000054 0.999863
 0.039300 0.317151 0.625194 0.018355
 0.875441 0.000054 0.081842 0.042663
 0.017121 0.758407 0.001527 0.222945
 0.048677 0.602872 0.172815 0.175636

MOTIF 10-ACTACAWYTCCCA STREME-10
letter-probability matrix: alength= 4 w= 13 nsites= 558 E= 4.5e-010
 0.985688 0.002650 0.003931 0.007731
 0.007731 0.990210 0.000090 0.001969
 0.000049 0.048101 0.002010 0.949840
 0.901381 0.029963 0.055165 0.013492
 0.000049 0.995972 0.000090 0.003890
 0.867261 0.023135 0.105715 0.003890
 0.441775 0.084590 0.066182 0.407454
 0.044219 0.347713 0.121078 0.486989
 0.034617 0.030817 0.005851 0.928715
 0.000049 0.978688 0.000090 0.021174
 0.000049 0.994051 0.000090 0.005810
 0.001969 0.997892 0.000090 0.000049
 0.834613 0.000090 0.155646 0.009651

MOTIF 11-CAGCCAATCR STREME-11
letter-probability matrix: alength= 4 w= 10 nsites= 1324 E= 1.4e-009
 0.046335 0.741177 0.123391 0.089097
 0.663085 0.019351 0.249435 0.068129
 0.131481 0.000074 0.809859 0.058586
 0.000040 0.992850 0.000074 0.007036
 0.000040 0.999845 0.000074 0.000040
 0.994304 0.000074 0.005582 0.000040
 0.999812 0.000074 0.000074 0.000040
 0.000040 0.000074 0.000074 0.999812
 0.081176 0.618638 0.295724 0.004462
 0.468479 0.019223 0.500950 0.011348

MOTIF 12-CCARCCCCRCCC STREME-12
letter-probability matrix: alength= 4 w= 12 nsites= 3376 E= 3.3e-009
 0.037633 0.894634 0.000033 0.067701
 0.104133 0.712674 0.065252 0.117941
 0.649765 0.060588 0.131905 0.157742
 0.259485 0.121980 0.509384 0.109151
 0.020560 0.976601 0.000033 0.002806
 0.073108 0.898696 0.000033 0.028163
 0.020500 0.876736 0.000033 0.102732
 0.179369 0.607191 0.026069 0.187371
 0.388023 0.000033 0.522129 0.089816
 0.193708 0.765053 0.016731 0.024508
 0.021389 0.970397 0.000033 0.008182
 0.002785 0.865540 0.021609 0.110066

MOTIF 13-CMAAGGTCA STREME-13
letter-probability matrix: alength= 4 w= 9 nsites= 1598 E= 2.0e-008
 0.000053 0.880700 0.022907 0.096340
 0.614430 0.331227 0.033336 0.021008
 0.883607 0.000098 0.113798 0.002497
 0.969589 0.002384 0.012417 0.015610
 0.005555 0.092009 0.886876 0.015559
 0.022314 0.000098 0.745218 0.232370
 0.014381 0.176116 0.064374 0.745129
 0.052284 0.923029 0.007026 0.017661
 0.974385 0.000098 0.013699 0.011819

MOTIF 14-CCTCRGCCTCCCRAR STREME-14
letter-probability matrix: alength= 4 w= 15 nsites= 519 E= 3.7e-008
 0.004347 0.966709 0.003137 0.025807
 0.002201 0.937141 0.010831 0.049828
 0.000055 0.004392 0.008684 0.986869
 0.000055 0.843079 0.015536 0.141330
 0.625390 0.004392 0.367127 0.003091
 0.025807 0.000100 0.963307 0.010785
 0.015077 0.955088 0.004392 0.025443
 0.000055 0.932372 0.000100 0.067473
 0.019369 0.000100 0.002246 0.978284
 0.004347 0.941847 0.012977 0.040830
 0.015077 0.926824 0.008684 0.049414
 0.008894 0.746665 0.021561 0.222881
 0.582627 0.041766 0.364822 0.010785
 0.960225 0.008684 0.019415 0.011676
 0.500137 0.004392 0.484686 0.010785

MOTIF 15-CCACCACGCCCGGC STREME-15
letter-probability matrix: alength= 4 w= 14 nsites= 413 E= 8.6e-008
 0.008739 0.970832 0.000135 0.020294
 0.000073 0.963587 0.003023 0.033316
 0.999657 0.000135 0.000135 0.000073
 0.011628 0.973721 0.000135 0.014516
 0.008739 0.893386 0.000135 0.097740
 0.723178 0.000135 0.276613 0.000073
 0.008739 0.642955 0.043733 0.304573
 0.233797 0.000135 0.760218 0.005851
 0.014516 0.966745 0.000135 0.018604
 0.008739 0.923416 0.017466 0.050378
 0.028959 0.651872 0.008801 0.310368
 0.276576 0.000135 0.719129 0.004161
 0.017405 0.015777 0.966745 0.000073
 0.008739 0.959278 0.000135 0.031848

MOTIF 16-CTCCKCCTCC STREME-16
letter-probability matrix: alength= 4 w= 10 nsites= 2376 E= 1.4e-007
 0.000056 0.899614 0.000102 0.100227
 0.000056 0.000102 0.083720 0.916122
 0.000056 0.921440 0.000102 0.078401
 0.000056 0.676206 0.198709 0.125029
 0.076931 0.000102 0.361382 0.561585
 0.000056 0.999786 0.000102 0.000056
 0.006067 0.659284 0.070703 0.263947
 0.000056 0.000102 0.000102 0.999739
 0.000056 0.999786 0.000102 0.000056
 0.000056 0.917695 0.000102 0.082147

MOTIF 17-CCRTCTCTACWAAA STREME-17
letter-probability matrix: alength= 4 w= 14 nsites= 280 E= 2.4e-007
 0.003906 0.904412 0.007795 0.083887
 0.011523 0.679701 0.007795 0.300981
 0.378735 0.011604 0.586712 0.022949
 0.000097 0.019221 0.000178 0.980504
 0.011523 0.957733 0.019221 0.011523
 0.000097 0.000178 0.000178 0.999547
 0.015332 0.953924 0.011604 0.019140
 0.175295 0.034456 0.000178 0.790071
 0.957652 0.003987 0.038264 0.000097
 0.198147 0.793961 0.000178 0.007714
 0.352075 0.038264 0.007795 0.601866
 0.967497 0.003987 0.028419 0.000097
 0.980504 0.011604 0.007795 0.000097
 0.969078 0.019221 0.011604 0.000097

MOTIF 18-AAWAYAAAHA STREME-18
letter-probability matrix: alength= 4 w= 10 nsites= 1106 E= 4.4e-007
 0.659035 0.098595 0.000069 0.242301
 0.816519 0.119867 0.000069 0.063544
 0.577169 0.000069 0.000069 0.422694
 0.675749 0.023314 0.300899 0.000037
 0.000037 0.665522 0.000069 0.334371
 0.999825 0.000069 0.000069 0.000037
 0.999825 0.000069 0.000069 0.000037
 0.999825 0.000069 0.000069 0.000037
 0.279475 0.413432 0.056413 0.250680
 0.999825 0.000069 0.000069 0.000037

MOTIF 19-GCAGTGAGCYRAGAT STREME-19
letter-probability matrix: alength= 4 w= 15 nsites= 277 E= 9.7e-007
 0.040565 0.004235 0.947004 0.008195
 0.000103 0.947004 0.000189 0.052704
 0.963103 0.004235 0.028512 0.004149
 0.032473 0.012328 0.947004 0.008195
 0.000103 0.012328 0.012328 0.975242
 0.048658 0.004235 0.947004 0.000103
 0.995473 0.004235 0.000189 0.000103
 0.052704 0.012328 0.926773 0.008195
 0.008195 0.951051 0.000189 0.040565
 0.048658 0.578798 0.024466 0.348078
 0.344032 0.008281 0.643538 0.004149
 0.736515 0.004235 0.008281 0.250969
 0.016288 0.016374 0.963189 0.004149
 0.991427 0.000189 0.004235 0.004149
 0.008195 0.012328 0.008281 0.971196

MOTIF 20-AGGAGTTCGAGACCA STREME-20
letter-probability matrix: alength= 4 w= 15 nsites= 262 E= 9.7e-007
 0.905128 0.008779 0.085984 0.000109
 0.043001 0.000200 0.956690 0.000109
 0.034423 0.008779 0.948111 0.008687
 0.965177 0.008779 0.008779 0.017266
 0.051579 0.000200 0.930954 0.017266
 0.171677 0.030225 0.004489 0.793609
 0.004398 0.021646 0.000200 0.973755
 0.021555 0.733652 0.034514 0.210279
 0.308931 0.030225 0.656446 0.004398
 0.990912 0.008779 0.000200 0.000109
 0.038712 0.017357 0.935244 0.008687
 0.900839 0.000200 0.098852 0.000109
 0.017266 0.926665 0.004489 0.051579
 0.000109 0.939533 0.000200 0.060158
 0.986623 0.000200 0.013068 0.000109

MOTIF 21-ACTGCACTCCAGCCT STREME-21
letter-probability matrix: alength= 4 w= 15 nsites= 288 E= 1.9e-006
 0.979239 0.004245 0.016413 0.000103
 0.004159 0.894153 0.004245 0.097443
 0.012271 0.024524 0.000189 0.963016
 0.018010 0.008301 0.965474 0.008215
 0.004159 0.971214 0.004245 0.020382
 0.958960 0.008301 0.020469 0.012271
 0.004159 0.884358 0.004245 0.107238
 0.008215 0.024524 0.000189 0.967071
 0.012271 0.938767 0.016413 0.032550
 0.000103 0.967158 0.000189 0.032550
 0.983295 0.008301 0.004245 0.004159
 0.032550 0.020469 0.938767 0.008215
 0.024438 0.950934 0.000189 0.024438
 0.008215 0.950934 0.012357 0.028494
 0.016326 0.020469 0.004245 0.958960

MOTIF 22-VTGASTCAB STREME-22
letter-probability matrix: alength= 4 w= 9 nsites= 807 E= 9.5e-006
 0.323853 0.231475 0.444590 0.000082
 0.000082 0.000150 0.000150 0.999617
 0.000082 0.000150 0.919392 0.080376
 0.999617 0.000150 0.000150 0.000082
 0.000082 0.499918 0.499918 0.000082
 0.000082 0.000150 0.000150 0.999617
 0.080376 0.919392 0.000150 0.000082
 0.999617 0.000150 0.000150 0.000082
 0.000082 0.444590 0.231475 0.323853

MOTIF 23-AGGAGAATCGCTTGA STREME-23
letter-probability matrix: alength= 4 w= 15 nsites= 288 E= 9.9e-005
 0.775728 0.000180 0.223994 0.000098
 0.046404 0.034910 0.899293 0.019392
 0.034828 0.000180 0.949458 0.015534
 0.984106 0.000180 0.015616 0.000098
 0.046404 0.004039 0.937882 0.011675
 0.683115 0.007898 0.308889 0.000098
 0.999541 0.000180 0.000180 0.000098
 0.003957 0.004039 0.000180 0.991824
 0.019392 0.606020 0.139099 0.235488
 0.220053 0.046486 0.706351 0.027110
 0.030969 0.887717 0.011757 0.069558
 0.019392 0.042628 0.100510 0.837470
 0.000098 0.011757 0.004039 0.984106
 0.050263 0.015616 0.934023 0.000098
 0.976388 0.004039 0.015616 0.003957

MOTIF 24-GCGCAGGCGCA STREME-24
letter-probability matrix: alength= 4 w= 11 nsites= 223 E= 1.6e-003
 0.066531 0.000531 0.932063 0.000876
 0.000289 0.998891 0.000531 0.000289
 0.000289 0.000531 0.998891 0.000289
 0.011651 0.987529 0.000531 0.000289
 0.998650 0.000531 0.000531 0.000289
 0.143311 0.100745 0.755655 0.000289
 0.037852 0.086392 0.869325 0.006431
 0.000289 0.967185 0.000531 0.031995
 0.000289 0.000531 0.998891 0.000289
 0.008045 0.951636 0.000531 0.039789
 0.998650 0.000531 0.000531 0.000289

MOTIF 25-SCACGTGS STREME-25
letter-probability matrix: alength= 4 w= 8 nsites= 764 E= 2.9e-003
 0.140206 0.569767 0.289731 0.000296
 0.000296 0.956478 0.037975 0.005250
 0.998617 0.000544 0.000544 0.000296
 0.000296 0.998864 0.000544 0.000296
 0.000296 0.000544 0.998864 0.000296
 0.000296 0.000544 0.000544 0.998617
 0.005250 0.037975 0.956478 0.000296
 0.000296 0.289731 0.569767 0.140206

MOTIF 26-GACCTCARGTGATCC STREME-26
letter-probability matrix: alength= 4 w= 15 nsites= 165 E= 8.4e-003
 0.103461 0.000284 0.896101 0.000155
 0.792665 0.000284 0.206896 0.000155
 0.012308 0.772042 0.185111 0.030539
 0.000155 0.926485 0.000284 0.073077
 0.000155 0.024591 0.000284 0.974971
 0.012308 0.981177 0.006361 0.000155
 0.984602 0.008883 0.000284 0.006231
 0.397671 0.000284 0.601891 0.000155
 0.060923 0.024591 0.877870 0.036616
 0.000155 0.103590 0.018514 0.877741
 0.079153 0.048898 0.859640 0.012308
 0.981047 0.000284 0.006361 0.012308
 0.000155 0.061052 0.000284 0.938509
 0.012308 0.908255 0.018514 0.060923
 0.000155 0.680889 0.000284 0.318672

MOTIF 27-CTTCCTGCC STREME-27
letter-probability matrix: alength= 4 w= 9 nsites= 2302 E= 1.4e-002
 0.000161 0.999384 0.000295 0.000161
 0.000161 0.000295 0.000295 0.999250
 0.010984 0.000295 0.106591 0.882131
 0.012341 0.987203 0.000295 0.000161
 0.000161 0.999384 0.000295 0.000161
 0.000161 0.089347 0.097279 0.813214
 0.017297 0.057579 0.895677 0.029446
 0.000161 0.722239 0.000295 0.277306
 0.104902 0.730127 0.000295 0.164676

MOTIF 28-ACAGAGYRAGAC STREME-28
letter-probability matrix: alength= 4 w= 12 nsites= 173 E= 2.5e-002
 0.999221 0.000306 0.000306 0.000167
 0.000167 0.970421 0.000306 0.029107
 0.999221 0.000306 0.000306 0.000167
 0.032941 0.065854 0.796161 0.105044
 0.946782 0.000306 0.052745 0.000167
 0.059160 0.019971 0.907593 0.013276
 0.000167 0.651955 0.000306 0.347573
 0.413121 0.000306 0.573297 0.013276
 0.999221 0.000306 0.000306 0.000167
 0.000167 0.000306 0.999360 0.000167
 0.999221 0.000306 0.000306 0.000167
 0.000167 0.920703 0.000306 0.078825

MOTIF 29-CACACACACACG STREME-29
letter-probability matrix: alength= 4 w= 12 nsites= 337 E= 2.7e-002
 0.042041 0.894741 0.002626 0.060592
 0.855146 0.000266 0.129918 0.014670
 0.039954 0.881903 0.058552 0.019592
 0.783248 0.000266 0.216342 0.000145
 0.000145 0.827878 0.100301 0.071677
 0.871187 0.032557 0.061989 0.034267
 0.000145 0.914353 0.073983 0.011519
 0.924660 0.000266 0.057340 0.017735
 0.109823 0.802439 0.087593 0.000145
 0.927048 0.028701 0.038419 0.005832
 0.059274 0.820539 0.000266 0.119921
 0.171798 0.115945 0.712112 0.000145

MOTIF 30-CCCAGCCCC STREME-30
letter-probability matrix: alength= 4 w= 9 nsites= 3099 E= 2.8e-002
 0.003069 0.961083 0.001192 0.034656
 0.013864 0.856728 0.099659 0.029749
 0.001393 0.963539 0.029430 0.005638
 0.854281 0.078626 0.032608 0.034485
 0.019738 0.022971 0.934602 0.022688
 0.049135 0.806959 0.083345 0.060561
 0.099840 0.843600 0.018779 0.037780
 0.005099 0.970511 0.001349 0.023041
 0.028987 0.882627 0.050325 0.038060

MOTIF 31-GCWGCWGCWGC STREME-31
letter-probability matrix: alength= 4 w= 11 nsites= 2271 E= 4.3e-002
 0.033111 0.018005 0.937275 0.011610
 0.079944 0.806463 0.043055 0.070537
 0.437540 0.004914 0.140780 0.416767
 0.063906 0.006211 0.909463 0.020420
 0.008608 0.928725 0.014952 0.047716
 0.446837 0.053163 0.053163 0.446837
 0.047716 0.014952 0.928725 0.008608
 0.020420 0.909463 0.006211 0.063906
 0.416767 0.140780 0.004914 0.437540
 0.070537 0.043055 0.806463 0.079944
 0.011610 0.937275 0.018005 0.033111

MOTIF 32-CTCGGCCTC STREME-32
letter-probability matrix: alength= 4 w= 9 nsites= 1705 E= 4.5e-002
 0.009024 0.935625 0.036742 0.018609
 0.000243 0.000446 0.136346 0.862965
 0.051277 0.871062 0.000446 0.077214
 0.104222 0.000446 0.844279 0.051052
 0.058632 0.000446 0.927961 0.012960
 0.000243 0.858340 0.123197 0.018220
 0.018237 0.727152 0.254368 0.000243
 0.000243 0.082985 0.000446 0.916325
 0.000243 0.999067 0.000446 0.000243

MOTIF 33-CAAAGTC STREME-33
letter-probability matrix: alength= 4 w= 7 nsites= 381 E= 4.6e-002
 0.016027 0.938518 0.029427 0.016027
 0.925118 0.029427 0.029427 0.016027
 0.925118 0.029427 0.029427 0.016027
 0.925118 0.029427 0.029427 0.016027
 0.016027 0.029427 0.938518 0.016027
 0.016027 0.029427 0.029427 0.925118
 0.016027 0.938518 0.029427 0.016027

MOTIF 34-KCGGKGAC STREME-34
letter-probability matrix: alength= 4 w= 8 nsites= 1644 E= 5.1e-002
 0.000381 0.000700 0.576786 0.422132
 0.000381 0.998537 0.000700 0.000381
 0.000381 0.000700 0.998537 0.000381
 0.292926 0.000700 0.705992 0.000381
 0.000381 0.000700 0.486453 0.512465
 0.000381 0.000700 0.788083 0.210835
 0.998218 0.000700 0.000700 0.000381
 0.000381 0.998537 0.000700 0.000381

MOTIF 35-ACCCGGAA STREME-35
letter-probability matrix: alength= 4 w= 8 nsites= 189 E= 5.3e-002
 0.925118 0.029427 0.029427 0.016027
 0.016027 0.938518 0.029427 0.016027
 0.016027 0.938518 0.029427 0.016027
 0.016027 0.938518 0.029427 0.016027
 0.016027 0.029427 0.938518 0.016027
 0.016027 0.029427 0.938518 0.016027
 0.925118 0.029427 0.029427 0.016027
 0.925118 0.029427 0.029427 0.016027

MOTIF 36-CCCGCCCC STREME-36
letter-probability matrix: alength= 4 w= 8 nsites= 1163 E= 5.3e-002
 0.016027 0.938518 0.029427 0.016027
 0.016027 0.938518 0.029427 0.016027
 0.016027 0.938518 0.029427 0.016027
 0.016027 0.029427 0.938518 0.016027
 0.016027 0.938518 0.029427 0.016027
 0.016027 0.938518 0.029427 0.016027
 0.016027 0.938518 0.029427 0.016027
 0.016027 0.938518 0.029427 0.016027

MOTIF 37-CCCTCCCTCCCTCCC STREME-37
letter-probability matrix: alength= 4 w= 15 nsites= 921 E= 5.6e-002
 0.006580 0.809120 0.024359 0.159941
 0.026051 0.903033 0.042268 0.028648
 0.000028 0.929600 0.000051 0.070322
 0.010948 0.000051 0.063511 0.925490
 0.000028 0.790475 0.058390 0.151107
 0.000028 0.898618 0.100247 0.001108
 0.002212 0.955886 0.001143 0.040759
 0.037970 0.080106 0.153615 0.728308
 0.036064 0.684029 0.080708 0.199199
 0.000028 0.871628 0.071114 0.057230
 0.057821 0.671302 0.067117 0.203760
 0.102877 0.169603 0.127226 0.600295
 0.025597 0.768943 0.064421 0.141039
 0.048462 0.807130 0.034810 0.109599
 0.041606 0.823850 0.023890 0.110654

MOTIF 38-AGGTCAAGGCY STREME-38
letter-probability matrix: alength= 4 w= 11 nsites= 94 E= 6.3e-002
 0.783450 0.012210 0.166967 0.037374
 0.000475 0.038188 0.923964 0.037374
 0.000475 0.000871 0.953119 0.045535
 0.000475 0.000871 0.000871 0.997783
 0.056449 0.942205 0.000871 0.000475
 0.941808 0.000871 0.056846 0.000475
 0.980781 0.010957 0.000871 0.007390
 0.000475 0.000871 0.998180 0.000475
 0.000475 0.000871 0.979521 0.019133
 0.056449 0.923547 0.019530 0.000475
 0.000475 0.646843 0.008615 0.344067

MOTIF 39-CAGYAGGGGGCGC STREME-39
letter-probability matrix: alength= 4 w= 13 nsites= 317 E= 6.4e-002
 0.000094 0.992211 0.007600 0.000094
 0.569511 0.087111 0.196656 0.146723
 0.053709 0.265006 0.662623 0.018662
 0.065796 0.609524 0.000173 0.324507
 0.999559 0.000173 0.000173 0.000094
 0.000094 0.018741 0.981070 0.000094
 0.260673 0.003887 0.735346 0.000094
 0.061170 0.049903 0.615499 0.273429
 0.000094 0.000173 0.999638 0.000094
 0.029171 0.031507 0.766436 0.172886
 0.001636 0.807453 0.000173 0.190738
 0.000094 0.000173 0.999638 0.000094
 0.064765 0.887323 0.011314 0.036598

MOTIF 40-AARAAAAAAAAA STREME-40
letter-probability matrix: alength= 4 w= 12 nsites= 218 E= 7.9e-002
 0.976032 0.000348 0.000348 0.023272
 0.991540 0.007923 0.000348 0.000189
 0.343117 0.045180 0.566850 0.044853
 0.966048 0.000348 0.033415 0.000189
 0.976784 0.015235 0.000348 0.007633
 0.872795 0.000348 0.033178 0.093680
 0.926179 0.015235 0.058397 0.000189
 0.665865 0.215563 0.053374 0.065198
 0.846062 0.132464 0.021284 0.000189
 0.916464 0.074314 0.004070 0.005152
 0.941719 0.003437 0.007792 0.047052
 0.937299 0.024952 0.004511 0.033238

MOTIF 41-AGATCAAAG STREME-41
letter-probability matrix: alength= 4 w= 9 nsites= 373 E= 1.0e-001
 0.921514 0.005857 0.030480 0.042149
 0.028189 0.125191 0.826012 0.020608
 0.924231 0.000375 0.047778 0.027616
 0.073667 0.015037 0.000375 0.910921
 0.043170 0.899303 0.051093 0.006434
 0.967101 0.008406 0.008406 0.016087
 0.978523 0.000946 0.016933 0.003598
 0.855489 0.016258 0.101499 0.026755
 0.003389 0.162775 0.832290 0.001546

MOTIF 42-AGGTGAGTG STREME-42
letter-probability matrix: alength= 4 w= 9 nsites= 1166 E= 1.2e-001
 0.670418 0.153740 0.079801 0.096041
 0.000126 0.084371 0.915377 0.000126
 0.000126 0.000232 0.999516 0.000126
 0.000126 0.000232 0.000232 0.999411
 0.262035 0.000232 0.717804 0.019929
 0.905941 0.000232 0.093701 0.000126
 0.000126 0.000232 0.999516 0.000126
 0.000126 0.102866 0.101680 0.795328
 0.140921 0.000232 0.695092 0.163756

MOTIF 43-CCGGAAGC STREME-43
letter-probability matrix: alength= 4 w= 8 nsites= 475 E= 1.2e-001
 0.016027 0.938518 0.029427 0.016027
 0.016027 0.938518 0.029427 0.016027
 0.016027 0.029427 0.938518 0.016027
 0.016027 0.029427 0.938518 0.016027
 0.925118 0.029427 0.029427 0.016027
 0.925118 0.029427 0.029427 0.016027
 0.016027 0.029427 0.938518 0.016027
 0.016027 0.938518 0.029427 0.016027

MOTIF 44-TCTCGCGAGA STREME-44
letter-probability matrix: alength= 4 w= 10 nsites= 90 E= 1.4e-001
 0.000405 0.000744 0.000744 0.998107
 0.231340 0.767512 0.000744 0.000405
 0.000405 0.000744 0.000744 0.998107
 0.000405 0.998446 0.000744 0.000405
 0.040221 0.000744 0.958630 0.000405
 0.000405 0.958630 0.000744 0.040221
 0.000405 0.000744 0.998446 0.000405
 0.998107 0.000744 0.000744 0.000405
 0.000405 0.000744 0.767512 0.231340
 0.998107 0.000744 0.000744 0.000405

MOTIF 45-CTGCAGCC STREME-45
letter-probability matrix: alength= 4 w= 8 nsites= 775 E= 1.5e-001
 0.016027 0.938518 0.029427 0.016027
 0.016027 0.029427 0.029427 0.925118
 0.016027 0.029427 0.938518 0.016027
 0.016027 0.938518 0.029427 0.016027
 0.925118 0.029427 0.029427 0.016027
 0.016027 0.029427 0.938518 0.016027
 0.016027 0.938518 0.029427 0.016027
 0.016027 0.938518 0.029427 0.016027

MOTIF 46-CCCGGCTCC STREME-46
letter-probability matrix: alength= 4 w= 9 nsites= 686 E= 1.6e-001
 0.016027 0.938518 0.029427 0.016027
 0.016027 0.938518 0.029427 0.016027
 0.016027 0.938518 0.029427 0.016027
 0.016027 0.029427 0.938518 0.016027
 0.016027 0.029427 0.938518 0.016027
 0.016027 0.938518 0.029427 0.016027
 0.016027 0.029427 0.029427 0.925118
 0.016027 0.938518 0.029427 0.016027
 0.016027 0.938518 0.029427 0.016027

MOTIF 47-AAACAAAG STREME-47
letter-probability matrix: alength= 4 w= 8 nsites= 1083 E= 1.8e-001
 0.918935 0.005581 0.063409 0.012075
 0.836207 0.094865 0.061111 0.007818
 0.950291 0.008060 0.039423 0.002226
 0.000278 0.904333 0.065024 0.030366
 0.930410 0.041807 0.026416 0.001367
 0.997990 0.000510 0.000510 0.000990
 0.890308 0.017440 0.031035 0.061217
 0.052853 0.111918 0.807858 0.027371

MOTIF 48-AGCACCRCGGACAG STREME-48
letter-probability matrix: alength= 4 w= 14 nsites= 92 E= 2.7e-001
 0.974943 0.000552 0.000552 0.023953
 0.012127 0.000552 0.987020 0.000301
 0.047605 0.916064 0.024204 0.012127
 0.998595 0.000552 0.000552 0.000301
 0.012127 0.939716 0.000552 0.047605
 0.000301 0.987020 0.000552 0.012127
 0.383642 0.059682 0.367159 0.189517
 0.023953 0.584935 0.118812 0.272299
 0.023953 0.036030 0.939716 0.000301
 0.000301 0.000552 0.998846 0.000301
 0.880334 0.118812 0.000552 0.000301
 0.005209 0.875678 0.118812 0.000301
 0.998595 0.000552 0.000552 0.000301
 0.000301 0.000552 0.998846 0.000301

MOTIF 49-CCCCACCC STREME-49
letter-probability matrix: alength= 4 w= 8 nsites= 549 E= 4.1e-001
 0.016027 0.938518 0.029427 0.016027
 0.016027 0.938518 0.029427 0.016027
 0.016027 0.938518 0.029427 0.016027
 0.016027 0.938518 0.029427 0.016027
 0.925118 0.029427 0.029427 0.016027
 0.016027 0.938518 0.029427 0.016027
 0.016027 0.938518 0.029427 0.016027
 0.016027 0.938518 0.029427 0.016027

MOTIF 50-RTTKCATCAY STREME-50
letter-probability matrix: alength= 4 w= 10 nsites= 558 E= 4.7e-001
 0.658408 0.000112 0.341418 0.000061
 0.000061 0.000112 0.000112 0.999714
 0.047827 0.000112 0.208810 0.743251
 0.209677 0.000112 0.524300 0.265911
 0.000061 0.953014 0.000112 0.046813
 0.718996 0.000112 0.230375 0.050516
 0.269637 0.000112 0.000112 0.730139
 0.187460 0.786540 0.000112 0.025888
 0.994909 0.000112 0.004918 0.000061
 0.000061 0.397717 0.090392 0.511830

MOTIF 51-TTTAAA STREME-51
letter-probability matrix: alength= 4 w= 6 nsites= 649 E= 5.7e-001
 0.001763 0.003237 0.003237 0.991764
 0.243386 0.003237 0.003237 0.750141
 0.001763 0.003237 0.003237 0.991764
 0.991764 0.003237 0.003237 0.001763
 0.750141 0.003237 0.003237 0.243386
 0.991764 0.003237 0.003237 0.001763

MOTIF 52-CCACTTCCY STREME-52
letter-probability matrix: alength= 4 w= 9 nsites= 942 E= 6.9e-001
 0.008497 0.665835 0.000387 0.325281
 0.020267 0.903814 0.011483 0.064436
 0.999015 0.000387 0.000387 0.000211
 0.000211 0.782451 0.073430 0.143909
 0.138491 0.000387 0.015937 0.845184
 0.012932 0.000387 0.000387 0.986294
 0.012796 0.965331 0.000387 0.021486
 0.000211 0.994897 0.004682 0.000211
 0.000211 0.330327 0.081754 0.587708

MOTIF 53-GAGAGAGAGAGAGA STREME-53
letter-probability matrix: alength= 4 w= 14 nsites= 203 E= 1.0e+000
 0.020348 0.007389 0.936750 0.035513
 0.832587 0.167048 0.000236 0.000129
 0.000129 0.025511 0.974232 0.000129
 0.855764 0.143872 0.000236 0.000129
 0.151776 0.272343 0.575753 0.000129
 0.886093 0.015401 0.098377 0.000129
 0.047721 0.000236 0.936750 0.015293
 0.822907 0.176729 0.000236 0.000129
 0.255946 0.151454 0.592471 0.000129
 0.701044 0.118597 0.180230 0.000129
 0.265082 0.138817 0.595972 0.000129
 0.556979 0.202433 0.240460 0.000129
 0.000129 0.081115 0.918628 0.000129
 0.982137 0.007389 0.000236 0.010238

MOTIF 54-ACACGGTGAAAC STREME-54
letter-probability matrix: alength= 4 w= 12 nsites= 67 E= 1.1e+000
 0.942957 0.001257 0.028179 0.027607
 0.000685 0.943529 0.001257 0.054529
 0.969879 0.028179 0.001257 0.000685
 0.027607 0.862763 0.028179 0.081451
 0.081451 0.055101 0.862763 0.000685
 0.027607 0.001257 0.943529 0.027607
 0.027607 0.001257 0.001257 0.969879
 0.000685 0.001257 0.970451 0.027607
 0.916035 0.028179 0.028179 0.027607
 0.996801 0.001257 0.001257 0.000685
 0.942957 0.028179 0.001257 0.027607
 0.000685 0.943529 0.001257 0.054529

MOTIF 55-GGTGAC STREME-55
letter-probability matrix: alength= 4 w= 6 nsites= 1602 E= 1.1e+000
 0.016027 0.029427 0.938518 0.016027
 0.016027 0.029427 0.938518 0.016027
 0.016027 0.029427 0.029427 0.925118
 0.016027 0.029427 0.938518 0.016027
 0.925118 0.029427 0.029427 0.016027
 0.016027 0.938518 0.029427 0.016027

MOTIF 56-GAGCCGAGC STREME-56
letter-probability matrix: alength= 4 w= 9 nsites= 159 E= 1.2e+000
 0.016027 0.029427 0.938518 0.016027
 0.925118 0.029427 0.029427 0.016027
 0.016027 0.029427 0.938518 0.016027
 0.016027 0.938518 0.029427 0.016027
 0.016027 0.938518 0.029427 0.016027
 0.016027 0.029427 0.938518 0.016027
 0.925118 0.029427 0.029427 0.016027
 0.016027 0.029427 0.938518 0.016027
 0.016027 0.938518 0.029427 0.016027

MOTIF 57-ATGGCGDC STREME-57
letter-probability matrix: alength= 4 w= 8 nsites= 475 E= 1.5e+000
 0.998410 0.000625 0.000625 0.000340
 0.000340 0.000625 0.000625 0.998410
 0.000340 0.116319 0.883000 0.000340
 0.176813 0.000625 0.782324 0.040239
 0.000340 0.998695 0.000625 0.000340
 0.000340 0.000625 0.998695 0.000340
 0.274065 0.000625 0.410608 0.314702
 0.000340 0.998695 0.000625 0.000340

MOTIF 58-CGGCCCCTTTAA STREME-58
letter-probability matrix: alength= 4 w= 12 nsites= 48 E= 2.2e+000
 0.000590 0.997739 0.001082 0.000590
 0.000590 0.001082 0.997739 0.000590
 0.000590 0.001082 0.974560 0.023768
 0.046946 0.696424 0.163329 0.093302
 0.000590 0.789136 0.209685 0.000590
 0.000590 0.997739 0.001082 0.000590
 0.000590 0.997739 0.001082 0.000590
 0.000590 0.001082 0.001082 0.997246
 0.000590 0.001082 0.001082 0.997246
 0.000590 0.001082 0.001082 0.997246
 0.997246 0.001082 0.001082 0.000590
 0.997246 0.001082 0.001082 0.000590

MOTIF 59-CTGGGAA STREME-59
letter-probability matrix: alength= 4 w= 7 nsites= 1208 E= 2.3e+000
 0.016027 0.938518 0.029427 0.016027
 0.016027 0.029427 0.029427 0.925118
 0.016027 0.029427 0.938518 0.016027
 0.016027 0.029427 0.938518 0.016027
 0.016027 0.029427 0.938518 0.016027
 0.925118 0.029427 0.029427 0.016027
 0.925118 0.029427 0.029427 0.016027

MOTIF 60-GCGTGAGCCACMGCG STREME-60
letter-probability matrix: alength= 4 w= 15 nsites= 96 E= 2.3e+000
 0.010114 0.020187 0.959586 0.010114
 0.019977 0.890545 0.030049 0.059429
 0.079155 0.020187 0.851093 0.049566
 0.039703 0.010324 0.052193 0.897781
 0.029840 0.073595 0.896315 0.000251
 0.969239 0.000461 0.010324 0.019977
 0.010114 0.020187 0.949723 0.019977
 0.019977 0.910271 0.069501 0.000251
 0.059429 0.762327 0.138542 0.039703
 0.886242 0.044006 0.059638 0.010114
 0.010114 0.900408 0.079364 0.010114
 0.471997 0.306213 0.000461 0.221330
 0.049566 0.030049 0.900408 0.019977
 0.010114 0.811641 0.059638 0.118606
 0.118606 0.079364 0.791915 0.010114

MOTIF 61-CCCCTCCCC STREME-61
letter-probability matrix: alength= 4 w= 9 nsites= 420 E= 2.3e+000
 0.016027 0.938518 0.029427 0.016027
 0.016027 0.938518 0.029427 0.016027
 0.016027 0.938518 0.029427 0.016027
 0.016027 0.938518 0.029427 0.016027
 0.016027 0.029427 0.029427 0.925118
 0.016027 0.938518 0.029427 0.016027
 0.016027 0.938518 0.029427 0.016027
 0.016027 0.938518 0.029427 0.016027
 0.016027 0.938518 0.029427 0.016027

MOTIF 62-GCTGGGA STREME-62
letter-probability matrix: alength= 4 w= 7 nsites= 1193 E= 2.8e+000
 0.016027 0.029427 0.938518 0.016027
 0.016027 0.938518 0.029427 0.016027
 0.016027 0.029427 0.029427 0.925118
 0.016027 0.029427 0.938518 0.016027
 0.016027 0.029427 0.938518 0.016027
 0.016027 0.029427 0.938518 0.016027
 0.925118 0.029427 0.029427 0.016027

MOTIF 63-CAGGAAGC STREME-63
letter-probability matrix: alength= 4 w= 8 nsites= 406 E= 2.8e+000
 0.016027 0.938518 0.029427 0.016027
 0.925118 0.029427 0.029427 0.016027
 0.016027 0.029427 0.938518 0.016027
 0.016027 0.029427 0.938518 0.016027
 0.925118 0.029427 0.029427 0.016027
 0.925118 0.029427 0.029427 0.016027
 0.016027 0.029427 0.938518 0.016027
 0.016027 0.938518 0.029427 0.016027

MOTIF 64-CTCCTCCC STREME-64
letter-probability matrix: alength= 4 w= 8 nsites= 1209 E= 2.8e+000
 0.000634 0.997566 0.001165 0.000634
 0.000634 0.001165 0.001165 0.997036
 0.000634 0.997566 0.001165 0.000634
 0.000634 0.931281 0.067450 0.000634
 0.000634 0.001165 0.001165 0.997036
 0.130993 0.867207 0.001165 0.000634
 0.000634 0.997566 0.001165 0.000634
 0.000634 0.997566 0.001165 0.000634

MOTIF 65-CGCCCCCTCCCGG STREME-65
letter-probability matrix: alength= 4 w= 13 nsites= 114 E= 3.2e+000
 0.000311 0.998806 0.000572 0.000311
 0.000311 0.000572 0.925354 0.073763
 0.054360 0.802657 0.000572 0.142412
 0.000311 0.998806 0.000572 0.000311
 0.000311 0.925354 0.074023 0.000311
 0.039395 0.736489 0.000572 0.223544
 0.000311 0.930978 0.068399 0.000311
 0.000311 0.000572 0.000572 0.998545
 0.000311 0.998806 0.000572 0.000311
 0.000311 0.815177 0.184200 0.000311
 0.000311 0.770095 0.000572 0.229022
 0.000311 0.000572 0.998806 0.000311
 0.072180 0.099647 0.784518 0.043655

MOTIF 66-CAAGGTC STREME-66
letter-probability matrix: alength= 4 w= 7 nsites= 751 E= 3.3e+000
 0.016027 0.938518 0.029427 0.016027
 0.925118 0.029427 0.029427 0.016027
 0.925118 0.029427 0.029427 0.016027
 0.016027 0.029427 0.938518 0.016027
 0.016027 0.029427 0.938518 0.016027
 0.016027 0.029427 0.029427 0.925118
 0.016027 0.938518 0.029427 0.016027

MOTIF 67-CGTTTCCT STREME-67
letter-probability matrix: alength= 4 w= 8 nsites= 1018 E= 3.3e+000
 0.014540 0.889143 0.033081 0.063236
 0.172645 0.000522 0.826548 0.000284
 0.031041 0.000522 0.015923 0.952514
 0.000361 0.079942 0.005279 0.914419
 0.079839 0.004042 0.000796 0.915323
 0.044860 0.888016 0.045776 0.021348
 0.008463 0.964170 0.002219 0.025147
 0.015805 0.045414 0.127322 0.811459

MOTIF 68-GCCTCAGTTTCCCC STREME-68
letter-probability matrix: alength= 4 w= 14 nsites= 46 E= 4.4e+000
 0.048736 0.025186 0.925466 0.000612
 0.058723 0.891418 0.001124 0.048736
 0.000612 0.997652 0.001124 0.000612
 0.000612 0.001124 0.001124 0.997141
 0.000612 0.997652 0.001124 0.000612
 0.852769 0.025186 0.121434 0.000612
 0.000612 0.001124 0.997652 0.000612
 0.000612 0.001124 0.001124 0.997141
 0.000612 0.001124 0.025186 0.973079
 0.000612 0.001124 0.025186 0.973079
 0.000612 0.997652 0.001124 0.000612
 0.000612 0.781094 0.001124 0.217170
 0.048736 0.805156 0.001124 0.144984
 0.000612 0.829218 0.097372 0.072798

MOTIF 69-TATYRATA STREME-69
letter-probability matrix: alength= 4 w= 8 nsites= 216 E= 6.5e+000
 0.054395 0.006495 0.141430 0.797680
 0.978511 0.000956 0.020011 0.000521
 0.063565 0.051913 0.055801 0.828721
 0.023437 0.404103 0.037464 0.534996
 0.534996 0.037464 0.404103 0.023437
 0.828721 0.055801 0.051913 0.063565
 0.000521 0.020011 0.000956 0.978511
 0.797680 0.141430 0.006495 0.054395

MOTIF 70-TGACGTCA STREME-70
letter-probability matrix: alength= 4 w= 8 nsites= 416 E= 7.1e+000
 0.000394 0.000724 0.000724 0.998157
 0.057727 0.000724 0.941155 0.000394
 0.998157 0.000724 0.000724 0.000394
 0.083161 0.572031 0.142115 0.202693
 0.202693 0.142115 0.572031 0.083161
 0.000394 0.000724 0.000724 0.998157
 0.000394 0.941155 0.000724 0.057727
 0.998157 0.000724 0.000724 0.000394

********************************************************************************
Stopped because 3 consecutive motifs exceeded the p-value threshold (0.05).
********************************************************************************
COMMAND:	streme --verbosity 1 --oc meme_out_incomplete_DL/HepG2_GABPB1-human_ENCFF596YTW/streme_out -dna --seed 0 --p meme_out_incomplete_DL/HepG2_GABPB1-human_ENCFF596YTW/seqs-centered --minw 6 --maxw 15 --time 6173 --order 2 --thresh 0.05 --align center --totallength 4000000 --parse-genomic-coord
********************************************************************************
CPU:		9f05ee173ae9
********************************************************************************
FINALTIME:	3443.02 seconds
********************************************************************************
