********************************************************************************
STREME - Sensitive, Thorough, Rapid, Enriched Motif Elicitation
********************************************************************************
MEME version 5.5.3 (Release date: Sat Jun 10 16:19:38 2023 -0700)

For further information on how to interpret these results please access http://localhost:8080/meme_5.5.3.
To get a copy of the MEME Suite software please access https://meme-suite.org.

********************************************************************************


********************************************************************************
REFERENCE
********************************************************************************
If you use this program in your research, please cite:

Timothy L. Bailey,
"STREME: accurate and versatile sequence motif discovery",
Bioinformatics, Mar. 24, 2021.
********************************************************************************


ALPHABET= ACGT

strands: + -

Background letter frequencies
A 0.249 C 0.251 G 0.251 T 0.249 

MOTIF 1-GRACTTTGVMCYY STREME-1
letter-probability matrix: alength= 4 w= 13 nsites= 15548 E= 1.0e-303
 0.099422 0.006566 0.859825 0.034188
 0.312812 0.073924 0.552879 0.060385
 0.779664 0.164461 0.006607 0.049268
 0.023852 0.964330 0.009701 0.002117
 0.009188 0.118064 0.003613 0.869134
 0.029262 0.128192 0.013007 0.829538
 0.007502 0.035400 0.008363 0.948735
 0.065338 0.004781 0.925102 0.004780
 0.321194 0.188242 0.348905 0.141659
 0.451924 0.276533 0.074167 0.197375
 0.072504 0.818169 0.023459 0.085869
 0.110634 0.360229 0.031940 0.497197
 0.123889 0.374240 0.177313 0.324558

MOTIF 2-AGTAAAYA STREME-2
letter-probability matrix: alength= 4 w= 8 nsites= 7400 E= 4.9e-058
 0.685206 0.000020 0.143431 0.171344
 0.322678 0.000020 0.677283 0.000020
 0.000020 0.290906 0.000020 0.709055
 0.908442 0.091518 0.000020 0.000020
 0.999941 0.000020 0.000020 0.000020
 0.999941 0.000020 0.000020 0.000020
 0.000020 0.524966 0.000020 0.474995
 0.999941 0.000020 0.000020 0.000020

MOTIF 3-CCCCDCCCCC STREME-3
letter-probability matrix: alength= 4 w= 10 nsites= 2639 E= 5.2e-015
 0.000044 0.965557 0.012029 0.022370
 0.000044 0.975892 0.000044 0.024020
 0.006104 0.993807 0.000044 0.000044
 0.049859 0.906199 0.000044 0.043898
 0.357078 0.000044 0.410327 0.232551
 0.003074 0.996838 0.000044 0.000044
 0.004727 0.982001 0.013228 0.000044
 0.000044 0.886676 0.000044 0.113236
 0.066792 0.923524 0.009640 0.000044
 0.097970 0.698895 0.076396 0.126739

MOTIF 4-CMAAGGTCA STREME-4
letter-probability matrix: alength= 4 w= 9 nsites= 2971 E= 7.0e-014
 0.026356 0.724654 0.041031 0.207959
 0.379479 0.557307 0.023476 0.039739
 0.893653 0.000043 0.106260 0.000043
 0.968709 0.000043 0.031204 0.000043
 0.000043 0.003272 0.996641 0.000043
 0.037737 0.000043 0.962177 0.000043
 0.019220 0.154754 0.157345 0.668680
 0.000043 0.933624 0.000043 0.066290
 0.963066 0.000043 0.036848 0.000043

MOTIF 5-ATTGCRYMAC STREME-5
letter-probability matrix: alength= 4 w= 10 nsites= 1252 E= 9.4e-013
 0.999858 0.000048 0.000048 0.000047
 0.000047 0.000048 0.000048 0.999858
 0.000047 0.066667 0.000048 0.933239
 0.278590 0.000048 0.721315 0.000047
 0.000047 0.806185 0.000048 0.193720
 0.636120 0.000048 0.363785 0.000047
 0.141357 0.570804 0.000048 0.287792
 0.456474 0.540133 0.000048 0.003345
 0.999858 0.000048 0.000048 0.000047
 0.000047 0.697286 0.000048 0.302620

MOTIF 6-CACTCCAGCCTGG STREME-6
letter-probability matrix: alength= 4 w= 13 nsites= 609 E= 1.5e-010
 0.008326 0.895742 0.019702 0.076230
 0.996178 0.000066 0.003692 0.000065
 0.000065 0.810653 0.005853 0.183428
 0.009131 0.011696 0.000066 0.979107
 0.013986 0.795725 0.178592 0.011696
 0.007318 0.907320 0.000066 0.085297
 0.988925 0.005505 0.005505 0.000065
 0.031238 0.003107 0.960150 0.005505
 0.000065 0.962789 0.003692 0.033454
 0.000065 0.958409 0.003691 0.037834
 0.001878 0.009131 0.001879 0.987112
 0.042214 0.007318 0.788045 0.162424
 0.068191 0.007318 0.917174 0.007318

MOTIF 7-GCCTGTARTCCCAGC STREME-7
letter-probability matrix: alength= 4 w= 15 nsites= 520 E= 8.4e-010
 0.223854 0.012742 0.728674 0.034730
 0.014853 0.893343 0.004298 0.087505
 0.010631 0.944885 0.010631 0.033852
 0.000076 0.016964 0.004298 0.978661
 0.120408 0.004298 0.870995 0.004298
 0.004298 0.052852 0.006409 0.936440
 0.915321 0.014853 0.061305 0.008520
 0.575397 0.019076 0.403341 0.002187
 0.000076 0.023297 0.000076 0.976550
 0.006409 0.932219 0.002187 0.059185
 0.014853 0.919552 0.010631 0.054963
 0.002187 0.881552 0.000076 0.116185
 0.980772 0.000076 0.012742 0.006409
 0.067631 0.012743 0.913217 0.006409
 0.023297 0.925886 0.016964 0.033853

MOTIF 8-RTGASTCAY STREME-8
letter-probability matrix: alength= 4 w= 9 nsites= 1298 E= 1.7e-009
 0.461233 0.175807 0.353839 0.009121
 0.000107 0.000107 0.000107 0.999678
 0.000107 0.000107 0.968828 0.030957
 0.999678 0.000107 0.000107 0.000107
 0.032530 0.467470 0.467470 0.032530
 0.000107 0.000107 0.000107 0.999678
 0.030957 0.968828 0.000107 0.000107
 0.999678 0.000107 0.000107 0.000107
 0.009121 0.353839 0.175807 0.461233

MOTIF 9-AAAAAAAAAAAAAAA STREME-9
letter-probability matrix: alength= 4 w= 15 nsites= 533 E= 6.3e-009
 0.975469 0.000114 0.000114 0.024302
 0.978046 0.000114 0.021725 0.000114
 0.993091 0.000114 0.006681 0.000114
 0.920467 0.000114 0.079305 0.000114
 0.881615 0.056295 0.058813 0.003278
 0.971760 0.000114 0.005866 0.022260
 0.941392 0.000114 0.034920 0.023573
 0.995166 0.004605 0.000114 0.000114
 0.997412 0.002360 0.000114 0.000114
 0.802946 0.056410 0.140530 0.000114
 0.992148 0.000114 0.007624 0.000114
 0.971182 0.000114 0.000114 0.028589
 0.908949 0.017850 0.066760 0.006441
 0.964837 0.000114 0.031770 0.003278
 0.986992 0.006443 0.000114 0.006451

MOTIF 10-TAATSATTAAC STREME-10
letter-probability matrix: alength= 4 w= 11 nsites= 752 E= 4.6e-008
 0.142695 0.115280 0.041088 0.700936
 0.967141 0.000068 0.007825 0.024966
 0.942600 0.057263 0.000068 0.000068
 0.146904 0.014246 0.013331 0.825520
 0.124489 0.308706 0.395797 0.171008
 0.779660 0.000068 0.018270 0.202002
 0.041054 0.000068 0.093028 0.865849
 0.000068 0.038662 0.005752 0.955518
 0.826247 0.000068 0.011955 0.161730
 0.950219 0.000068 0.049644 0.000068
 0.023711 0.914548 0.000068 0.061672

MOTIF 11-ATCCTCCCRCCTCAG STREME-11
letter-probability matrix: alength= 4 w= 15 nsites= 434 E= 9.1e-007
 0.929632 0.007601 0.057670 0.005097
 0.002594 0.045154 0.005097 0.947155
 0.010104 0.841998 0.002594 0.145304
 0.017614 0.887498 0.000091 0.094797
 0.085209 0.005097 0.111284 0.798410
 0.000090 0.917115 0.017615 0.065180
 0.000090 0.939646 0.000091 0.060173
 0.012607 0.690742 0.010104 0.286546
 0.619606 0.017615 0.351637 0.011143
 0.002594 0.928593 0.011143 0.057670
 0.025125 0.874553 0.012608 0.087714
 0.007600 0.020118 0.007601 0.964680
 0.012607 0.902094 0.002594 0.082704
 0.771910 0.017615 0.177840 0.032635
 0.075195 0.017615 0.897087 0.010104

MOTIF 12-CTCCTGGGCTCAAGY STREME-12
letter-probability matrix: alength= 4 w= 15 nsites= 404 E= 1.1e-006
 0.002733 0.989162 0.000095 0.008010
 0.010648 0.002733 0.000095 0.986524
 0.005371 0.922110 0.003828 0.068690
 0.002733 0.894183 0.000095 0.102988
 0.010648 0.116690 0.008010 0.864652
 0.100860 0.000095 0.898949 0.000095
 0.134211 0.000095 0.857684 0.008010
 0.247672 0.104094 0.642863 0.005372
 0.014381 0.866704 0.000095 0.118820
 0.010648 0.029117 0.000095 0.960140
 0.000095 0.954864 0.021201 0.023839
 0.970694 0.018563 0.010648 0.000095
 0.893531 0.002734 0.093088 0.010648
 0.092435 0.021201 0.859886 0.026478
 0.039669 0.502077 0.052861 0.405393

MOTIF 13-AGACYCTGTCTC STREME-13
letter-probability matrix: alength= 4 w= 12 nsites= 407 E= 3.3e-005
 0.952737 0.022137 0.000107 0.025019
 0.201734 0.016976 0.781184 0.000107
 0.999678 0.000107 0.000107 0.000107
 0.011990 0.929542 0.000107 0.058361
 0.009020 0.623249 0.011991 0.355740
 0.006048 0.870499 0.000107 0.123346
 0.000107 0.205809 0.003078 0.791006
 0.126057 0.000107 0.873729 0.000107
 0.000107 0.000107 0.000107 0.999678
 0.009020 0.951618 0.014457 0.024906
 0.000107 0.023875 0.000107 0.975910
 0.020904 0.978882 0.000107 0.000107

MOTIF 14-AGGTTGCAGTGAGCY STREME-14
letter-probability matrix: alength= 4 w= 15 nsites= 175 E= 6.1e-005
 0.958470 0.017739 0.023581 0.000210
 0.076162 0.000211 0.917574 0.006053
 0.058635 0.029424 0.888361 0.023580
 0.029423 0.304025 0.011896 0.654656
 0.017738 0.035266 0.000211 0.946785
 0.087848 0.000211 0.894203 0.017738
 0.000210 0.958471 0.006054 0.035265
 0.894203 0.011896 0.058636 0.035265
 0.041108 0.000211 0.929258 0.029423
 0.011895 0.029424 0.017739 0.940943
 0.087847 0.000211 0.894204 0.017738
 0.987682 0.000211 0.000211 0.011895
 0.023580 0.000211 0.970156 0.006053
 0.000210 0.964313 0.000211 0.035265
 0.052793 0.479352 0.029424 0.438431

MOTIF 15-RTGAGCCACYRYGCC STREME-15
letter-probability matrix: alength= 4 w= 15 nsites= 326 E= 9.5e-005
 0.436507 0.033840 0.522788 0.006865
 0.003493 0.027096 0.010237 0.959173
 0.050699 0.000122 0.949058 0.000121
 0.790577 0.084420 0.000122 0.124881
 0.104650 0.000122 0.895107 0.000121
 0.006865 0.992892 0.000122 0.000121
 0.000121 0.986148 0.006866 0.006865
 0.979404 0.003494 0.016981 0.000121
 0.000121 0.972661 0.000122 0.027096
 0.020353 0.590226 0.016981 0.372441
 0.360919 0.000122 0.635466 0.003493
 0.003493 0.611855 0.016981 0.367671
 0.276618 0.015008 0.688021 0.020352
 0.013609 0.949058 0.000122 0.037212
 0.000121 0.935572 0.003494 0.060813

MOTIF 16-TTRCGYAA STREME-16
letter-probability matrix: alength= 4 w= 8 nsites= 2073 E= 1.9e-004
 0.000118 0.000118 0.000118 0.999645
 0.000118 0.000118 0.000118 0.999645
 0.587651 0.000118 0.380123 0.032107
 0.088084 0.555619 0.118707 0.237589
 0.237589 0.118707 0.555619 0.088084
 0.032107 0.380123 0.000118 0.587651
 0.999645 0.000118 0.000118 0.000118
 0.999645 0.000118 0.000118 0.000118

MOTIF 17-CCCTGCCC STREME-17
letter-probability matrix: alength= 4 w= 8 nsites= 3452 E= 4.4e-004
 0.007027 0.956778 0.000264 0.035930
 0.085453 0.828693 0.028166 0.057689
 0.002992 0.987548 0.004355 0.005105
 0.128768 0.130946 0.045094 0.695192
 0.024332 0.067514 0.805368 0.102786
 0.032456 0.967127 0.000209 0.000208
 0.000767 0.969625 0.016663 0.012946
 0.000208 0.991097 0.008486 0.000208

MOTIF 18-RTTKMKMAAY STREME-18
letter-probability matrix: alength= 4 w= 10 nsites= 619 E= 8.0e-003
 0.547781 0.000163 0.451894 0.000162
 0.000162 0.000163 0.000163 0.999512
 0.000162 0.011432 0.000163 0.988243
 0.000162 0.000163 0.661118 0.338557
 0.338034 0.446641 0.215163 0.000162
 0.000162 0.215163 0.446641 0.338034
 0.338557 0.661118 0.000163 0.000162
 0.988243 0.000163 0.011432 0.000162
 0.999512 0.000163 0.000163 0.000162
 0.000162 0.451894 0.000163 0.547781

MOTIF 19-CWRTGTACACA STREME-19
letter-probability matrix: alength= 4 w= 11 nsites= 175 E= 9.0e-003
 0.230058 0.593032 0.176612 0.000298
 0.320826 0.138525 0.000300 0.540350
 0.387228 0.150039 0.462434 0.000298
 0.000298 0.000300 0.000300 0.999102
 0.000298 0.000300 0.999103 0.000298
 0.000298 0.000300 0.000300 0.999102
 0.999102 0.000300 0.000300 0.000298
 0.000298 0.999103 0.000300 0.000298
 0.957662 0.000300 0.041740 0.000298
 0.000298 0.918936 0.000300 0.080466
 0.895356 0.054317 0.050028 0.000298

MOTIF 20-ACAGAGCRAGACYCT STREME-20
letter-probability matrix: alength= 4 w= 15 nsites= 223 E= 1.6e-002
 0.995086 0.000160 0.000160 0.004593
 0.009026 0.964054 0.017894 0.009026
 0.986220 0.009027 0.000160 0.004593
 0.053360 0.035627 0.817752 0.093260
 0.990653 0.004594 0.004594 0.000160
 0.044494 0.009027 0.946320 0.000160
 0.010866 0.647439 0.048928 0.292767
 0.494106 0.013461 0.487841 0.004593
 0.933019 0.009027 0.053361 0.004593
 0.102128 0.013460 0.866518 0.017893
 0.924152 0.013460 0.035628 0.026760
 0.040060 0.813319 0.035627 0.110994
 0.040060 0.478969 0.026760 0.454211
 0.026759 0.711351 0.084395 0.177495
 0.040061 0.228103 0.004594 0.727242

MOTIF 21-AGATCAAAG STREME-21
letter-probability matrix: alength= 4 w= 9 nsites= 1193 E= 2.2e-002
 0.834153 0.060666 0.066467 0.038714
 0.000145 0.142675 0.857035 0.000145
 0.907462 0.041818 0.000146 0.050574
 0.177921 0.000146 0.040284 0.781649
 0.000145 0.864576 0.135134 0.000145
 0.952961 0.000146 0.046748 0.000145
 0.919299 0.039072 0.000146 0.041483
 0.926155 0.002767 0.000146 0.070932
 0.000145 0.000146 0.999564 0.000145

MOTIF 22-ACATTCC STREME-22
letter-probability matrix: alength= 4 w= 7 nsites= 818 E= 2.3e-002
 0.931773 0.022773 0.022773 0.022682
 0.022682 0.931864 0.022773 0.022682
 0.931773 0.022773 0.022773 0.022682
 0.022682 0.022773 0.022773 0.931773
 0.022682 0.022773 0.022773 0.931773
 0.022682 0.931864 0.022773 0.022682
 0.022682 0.931864 0.022773 0.022682

MOTIF 23-GTCAATA STREME-23
letter-probability matrix: alength= 4 w= 7 nsites= 361 E= 2.8e-002
 0.022682 0.022773 0.931864 0.022682
 0.022682 0.022773 0.022773 0.931773
 0.022682 0.931864 0.022773 0.022682
 0.931773 0.022773 0.022773 0.022682
 0.931773 0.022773 0.022773 0.022682
 0.022682 0.022773 0.022773 0.931773
 0.931773 0.022773 0.022773 0.022682

MOTIF 24-CCTCCTCCC STREME-24
letter-probability matrix: alength= 4 w= 9 nsites= 1237 E= 3.0e-002
 0.008166 0.723495 0.126531 0.141808
 0.004050 0.854052 0.010789 0.131109
 0.022276 0.000329 0.040731 0.936665
 0.026312 0.963472 0.000329 0.009888
 0.006067 0.922641 0.015241 0.056051
 0.046420 0.000329 0.003829 0.949423
 0.036687 0.935725 0.000329 0.027259
 0.000504 0.990149 0.009019 0.000327
 0.000327 0.978016 0.021329 0.000327

MOTIF 25-ACTTCAAAG STREME-25
letter-probability matrix: alength= 4 w= 9 nsites= 144 E= 4.3e-002
 0.931773 0.022773 0.022773 0.022682
 0.022682 0.931864 0.022773 0.022682
 0.022682 0.022773 0.022773 0.931773
 0.022682 0.022773 0.022773 0.931773
 0.022682 0.931864 0.022773 0.022682
 0.931773 0.022773 0.022773 0.022682
 0.931773 0.022773 0.022773 0.022682
 0.931773 0.022773 0.022773 0.022682
 0.022682 0.022773 0.931864 0.022682

MOTIF 26-CAGGAAG STREME-26
letter-probability matrix: alength= 4 w= 7 nsites= 2639 E= 4.4e-002
 0.000334 0.935470 0.000335 0.063861
 0.690853 0.205927 0.102886 0.000334
 0.000334 0.007043 0.992290 0.000334
 0.000334 0.000335 0.998997 0.000334
 0.998996 0.000335 0.000335 0.000334
 0.998847 0.000484 0.000335 0.000334
 0.000334 0.000335 0.998997 0.000334

MOTIF 27-CAGCCTGGGCAACA STREME-27
letter-probability matrix: alength= 4 w= 14 nsites= 109 E= 6.0e-002
 0.000380 0.888828 0.004765 0.106026
 0.998856 0.000382 0.000382 0.000380
 0.089281 0.000382 0.909957 0.000380
 0.010945 0.924906 0.000382 0.063767
 0.042639 0.935470 0.010946 0.010945
 0.010945 0.000382 0.010946 0.977727
 0.106025 0.000382 0.893212 0.000380
 0.053203 0.010946 0.935470 0.000380
 0.021510 0.152674 0.772613 0.053204
 0.000380 0.790967 0.000382 0.208271
 0.801529 0.000382 0.176579 0.021509
 0.935469 0.021511 0.032076 0.010945
 0.010945 0.914340 0.010946 0.063768
 0.956597 0.000382 0.042641 0.000380

MOTIF 28-ACTTTGGGAGG STREME-28
letter-probability matrix: alength= 4 w= 11 nsites= 128 E= 1.1e-001
 0.931773 0.022773 0.022773 0.022682
 0.022682 0.931864 0.022773 0.022682
 0.022682 0.022773 0.022773 0.931773
 0.022682 0.022773 0.022773 0.931773
 0.022682 0.022773 0.022773 0.931773
 0.022682 0.022773 0.931864 0.022682
 0.022682 0.022773 0.931864 0.022682
 0.022682 0.022773 0.931864 0.022682
 0.931773 0.022773 0.022773 0.022682
 0.022682 0.022773 0.931864 0.022682
 0.022682 0.022773 0.931864 0.022682

MOTIF 29-CTTATCTCT STREME-29
letter-probability matrix: alength= 4 w= 9 nsites= 1860 E= 1.3e-001
 0.097100 0.674206 0.111052 0.117642
 0.007416 0.008507 0.021729 0.962348
 0.014621 0.051670 0.017331 0.916378
 0.895331 0.079790 0.000108 0.024771
 0.000108 0.000274 0.006889 0.992729
 0.000108 0.997697 0.002088 0.000108
 0.088867 0.000108 0.075788 0.835237
 0.060264 0.624648 0.163751 0.151338
 0.090224 0.255757 0.079602 0.574417

MOTIF 30-RTTRTGAAAT STREME-30
letter-probability matrix: alength= 4 w= 10 nsites= 560 E= 1.6e-001
 0.567671 0.095731 0.336392 0.000206
 0.000206 0.000207 0.000207 0.999379
 0.000206 0.002585 0.298434 0.698775
 0.299359 0.000207 0.492170 0.208263
 0.000206 0.000207 0.000207 0.999379
 0.000206 0.000207 0.999380 0.000206
 0.999379 0.000207 0.000207 0.000206
 0.999379 0.000207 0.000207 0.000206
 0.974683 0.024903 0.000207 0.000206
 0.000206 0.257629 0.000207 0.741958

MOTIF 31-CAGATGAGGAAAT STREME-31
letter-probability matrix: alength= 4 w= 13 nsites= 154 E= 2.1e-001
 0.063875 0.732747 0.100050 0.103327
 0.946670 0.017003 0.028202 0.008125
 0.075328 0.012481 0.855988 0.056203
 0.944345 0.000202 0.052927 0.002525
 0.042428 0.011403 0.000202 0.945967
 0.000202 0.075327 0.888346 0.036126
 0.853790 0.011403 0.067404 0.067403
 0.114528 0.033803 0.843544 0.008125
 0.086529 0.039403 0.868266 0.005802
 0.804344 0.061802 0.030526 0.103327
 0.892995 0.045001 0.061802 0.000202
 0.858020 0.075328 0.047327 0.019325
 0.025627 0.309045 0.000202 0.665126

MOTIF 32-CGCATGCGCA STREME-32
letter-probability matrix: alength= 4 w= 10 nsites= 120 E= 2.4e-001
 0.012763 0.977243 0.005053 0.004940
 0.012908 0.009764 0.967565 0.009764
 0.009766 0.951847 0.019194 0.019193
 0.756787 0.093703 0.137133 0.012377
 0.009764 0.057568 0.108465 0.824204
 0.019193 0.002156 0.978312 0.000339
 0.000339 0.966984 0.004252 0.028425
 0.001913 0.063254 0.888963 0.045870
 0.009766 0.967070 0.003970 0.019193
 0.754367 0.028629 0.204628 0.012377

MOTIF 33-CGCCCCCTGCT STREME-33
letter-probability matrix: alength= 4 w= 11 nsites= 426 E= 3.1e-001
 0.005791 0.973875 0.000948 0.019386
 0.013433 0.000130 0.971454 0.014983
 0.045690 0.840189 0.051820 0.062302
 0.055911 0.811340 0.065977 0.066772
 0.119624 0.784321 0.067101 0.028954
 0.037811 0.817652 0.054918 0.089619
 0.036348 0.883039 0.058806 0.021807
 0.062169 0.061616 0.096026 0.780189
 0.054194 0.073889 0.802985 0.068933
 0.003102 0.856254 0.127747 0.012898
 0.050435 0.062187 0.069675 0.817703

MOTIF 34-ACACACACATACACA STREME-34
letter-probability matrix: alength= 4 w= 15 nsites= 281 E= 3.5e-001
 0.931773 0.022773 0.022773 0.022682
 0.022682 0.931864 0.022773 0.022682
 0.931773 0.022773 0.022773 0.022682
 0.022682 0.931864 0.022773 0.022682
 0.931773 0.022773 0.022773 0.022682
 0.022682 0.931864 0.022773 0.022682
 0.931773 0.022773 0.022773 0.022682
 0.022682 0.931864 0.022773 0.022682
 0.931773 0.022773 0.022773 0.022682
 0.022682 0.022773 0.022773 0.931773
 0.931773 0.022773 0.022773 0.022682
 0.022682 0.931864 0.022773 0.022682
 0.931773 0.022773 0.022773 0.022682
 0.022682 0.931864 0.022773 0.022682
 0.931773 0.022773 0.022773 0.022682

MOTIF 35-CCACTAGAGGGC STREME-35
letter-probability matrix: alength= 4 w= 12 nsites= 79 E= 5.2e-001
 0.000571 0.998284 0.000574 0.000571
 0.000571 0.918969 0.064025 0.016434
 0.874077 0.000574 0.054744 0.070606
 0.043049 0.908218 0.016436 0.032297
 0.000571 0.104554 0.032296 0.862579
 0.998282 0.000574 0.000574 0.000571
 0.000571 0.000574 0.998284 0.000571
 0.982419 0.016436 0.000574 0.000571
 0.070606 0.029600 0.772318 0.127476
 0.016434 0.064025 0.918970 0.000571
 0.000571 0.000574 0.998284 0.000571
 0.079888 0.674425 0.032300 0.213387

MOTIF 36-CCCAGGGTCA STREME-36
letter-probability matrix: alength= 4 w= 10 nsites= 432 E= 5.8e-001
 0.013009 0.932422 0.020631 0.033937
 0.037998 0.865364 0.035256 0.061382
 0.072205 0.846519 0.056063 0.025213
 0.904977 0.005260 0.046461 0.043301
 0.000372 0.013509 0.959518 0.026602
 0.025468 0.027566 0.941210 0.005755
 0.024976 0.044822 0.834686 0.095516
 0.016229 0.026790 0.014653 0.942328
 0.018781 0.965649 0.013548 0.002022
 0.855301 0.031475 0.109831 0.003393

MOTIF 37-CAGTGGYRTGATCAY STREME-37
letter-probability matrix: alength= 4 w= 15 nsites= 100 E= 7.2e-001
 0.000363 0.928307 0.010451 0.060879
 0.948477 0.000365 0.050795 0.000363
 0.081052 0.000365 0.918221 0.000363
 0.000363 0.060881 0.000365 0.938391
 0.101223 0.000365 0.898049 0.000363
 0.081051 0.000365 0.918221 0.000363
 0.000363 0.474413 0.000365 0.524859
 0.353378 0.030623 0.585378 0.030621
 0.000363 0.020537 0.000365 0.978736
 0.000363 0.091140 0.908134 0.000363
 0.988822 0.000365 0.010451 0.000363
 0.081051 0.040710 0.000365 0.877875
 0.000363 0.948479 0.020537 0.030621
 0.766926 0.010451 0.000365 0.222259
 0.010449 0.504673 0.000365 0.484513

MOTIF 38-GAATGAATGAATCG STREME-38
letter-probability matrix: alength= 4 w= 14 nsites= 95 E= 7.2e-001
 0.096578 0.039048 0.863683 0.000691
 0.844503 0.077403 0.058226 0.019868
 0.959568 0.019871 0.019871 0.000691
 0.019868 0.039048 0.039048 0.902035
 0.039046 0.019871 0.921216 0.019868
 0.921213 0.039048 0.019871 0.019868
 0.902035 0.058226 0.000693 0.039046
 0.019868 0.019871 0.000693 0.959568
 0.039046 0.019871 0.921216 0.019868
 0.902035 0.039048 0.039048 0.019868
 0.844503 0.058226 0.077403 0.019868
 0.058223 0.077403 0.019871 0.844503
 0.192467 0.556839 0.192470 0.058224
 0.192468 0.096581 0.595195 0.115756

MOTIF 39-CTGACCCCAG STREME-39
letter-probability matrix: alength= 4 w= 10 nsites= 577 E= 8.3e-001
 0.017221 0.934132 0.015662 0.032985
 0.002566 0.115868 0.023372 0.858194
 0.002731 0.006113 0.979671 0.011485
 0.927657 0.013848 0.036085 0.022409
 0.008795 0.947575 0.027825 0.015805
 0.030242 0.886381 0.029386 0.053991
 0.018854 0.920105 0.030030 0.031010
 0.030642 0.915474 0.028074 0.025811
 0.707975 0.021819 0.082467 0.187738
 0.041932 0.084390 0.837538 0.036140

MOTIF 40-AATCGATT STREME-40
letter-probability matrix: alength= 4 w= 8 nsites= 162 E= 8.8e-001
 0.586366 0.221670 0.140819 0.051145
 0.997078 0.000975 0.000975 0.000971
 0.000971 0.000975 0.000975 0.997078
 0.000971 0.997082 0.000975 0.000971
 0.000971 0.000975 0.997082 0.000971
 0.997078 0.000975 0.000975 0.000971
 0.000971 0.000975 0.000975 0.997078
 0.051145 0.140819 0.221670 0.586366

MOTIF 41-CTGAAGTCCA STREME-41
letter-probability matrix: alength= 4 w= 10 nsites= 179 E= 1.0e+000
 0.067886 0.754101 0.140129 0.037884
 0.000462 0.000464 0.020238 0.978836
 0.000462 0.058215 0.916868 0.024455
 0.989303 0.000464 0.000464 0.009769
 0.970799 0.002607 0.000464 0.026129
 0.000462 0.000464 0.998611 0.000462
 0.000462 0.000464 0.000464 0.998609
 0.013287 0.819295 0.000464 0.166953
 0.010923 0.974520 0.007401 0.007156
 0.963319 0.000464 0.035754 0.000462

MOTIF 42-CTCTGTCAC STREME-42
letter-probability matrix: alength= 4 w= 9 nsites= 193 E= 1.0e+000
 0.022682 0.931864 0.022773 0.022682
 0.022682 0.022773 0.022773 0.931773
 0.022682 0.931864 0.022773 0.022682
 0.022682 0.022773 0.022773 0.931773
 0.022682 0.022773 0.931864 0.022682
 0.022682 0.022773 0.022773 0.931773
 0.022682 0.931864 0.022773 0.022682
 0.931773 0.022773 0.022773 0.022682
 0.022682 0.931864 0.022773 0.022682

MOTIF 43-CCACGTGRYC STREME-43
letter-probability matrix: alength= 4 w= 10 nsites= 625 E= 1.0e+000
 0.039436 0.606204 0.174010 0.180350
 0.025503 0.843114 0.026030 0.105354
 0.969898 0.000092 0.027384 0.002627
 0.000091 0.999726 0.000092 0.000091
 0.000091 0.000092 0.999726 0.000091
 0.000091 0.000092 0.000092 0.999725
 0.053725 0.047674 0.859179 0.039422
 0.384126 0.088020 0.344274 0.183580
 0.061365 0.438592 0.187591 0.312452
 0.048300 0.768065 0.029287 0.154347

MOTIF 44-AAAAATTAGCYRGGC STREME-44
letter-probability matrix: alength= 4 w= 15 nsites= 106 E= 1.0e+000
 0.998896 0.000368 0.000368 0.000367
 0.876634 0.010557 0.030934 0.081876
 0.988708 0.000368 0.000368 0.010555
 0.866445 0.061500 0.041122 0.030932
 0.958142 0.010557 0.000368 0.030932
 0.010555 0.061500 0.020745 0.907199
 0.000367 0.041122 0.010557 0.947954
 0.998896 0.000368 0.000368 0.000367
 0.051310 0.081877 0.866446 0.000367
 0.000367 0.998898 0.000368 0.000367
 0.000367 0.652469 0.000368 0.346795
 0.570958 0.030934 0.397742 0.000367
 0.000367 0.000368 0.998898 0.000367
 0.051310 0.041122 0.835881 0.071687
 0.030932 0.723804 0.030934 0.214329

MOTIF 45-CAAGCCTCAGCAATG STREME-45
letter-probability matrix: alength= 4 w= 15 nsites= 47 E= 1.0e+000
 0.000816 0.906942 0.000819 0.091423
 0.884288 0.114077 0.000819 0.000816
 0.952243 0.000819 0.046122 0.000816
 0.046120 0.046122 0.884291 0.023467
 0.000816 0.952246 0.046122 0.000816
 0.023467 0.906942 0.046123 0.023467
 0.023467 0.000819 0.023471 0.952243
 0.000816 0.929595 0.046122 0.023467
 0.861637 0.091425 0.046122 0.000816
 0.023467 0.046122 0.929595 0.000816
 0.000816 0.680414 0.000819 0.317952
 0.952243 0.023471 0.023471 0.000816
 0.952243 0.000819 0.023471 0.023467
 0.000816 0.000819 0.046122 0.952243
 0.023467 0.046122 0.929595 0.000816

MOTIF 46-ATGCTTCTGAGGG STREME-46
letter-probability matrix: alength= 4 w= 13 nsites= 41 E= 1.0e+000
 0.931773 0.022773 0.022773 0.022682
 0.022682 0.022773 0.022773 0.931773
 0.022682 0.022773 0.931864 0.022682
 0.022682 0.931864 0.022773 0.022682
 0.022682 0.022773 0.022773 0.931773
 0.022682 0.022773 0.022773 0.931773
 0.022682 0.931864 0.022773 0.022682
 0.022682 0.022773 0.022773 0.931773
 0.022682 0.022773 0.931864 0.022682
 0.931773 0.022773 0.022773 0.022682
 0.022682 0.022773 0.931864 0.022682
 0.022682 0.022773 0.931864 0.022682
 0.022682 0.022773 0.931864 0.022682

MOTIF 47-CCTATGAGCCTGTAA STREME-47
letter-probability matrix: alength= 4 w= 15 nsites= 37 E= 1.0e+000
 0.001195 0.896896 0.034371 0.067538
 0.001195 0.930068 0.001199 0.067538
 0.034366 0.001199 0.001199 0.963235
 0.863718 0.001199 0.133888 0.001195
 0.001195 0.001199 0.001199 0.996407
 0.100711 0.001199 0.863723 0.034366
 0.996407 0.001199 0.001199 0.001195
 0.100711 0.001199 0.830551 0.067538
 0.034366 0.830553 0.001199 0.133882
 0.067538 0.930068 0.001199 0.001195
 0.001195 0.001199 0.001199 0.996407
 0.001195 0.034371 0.963240 0.001195
 0.001195 0.001199 0.001199 0.996407
 0.963235 0.001199 0.034371 0.001195
 0.996407 0.001199 0.001199 0.001195

MOTIF 48-AGGCTCAGAGAGG STREME-48
letter-probability matrix: alength= 4 w= 13 nsites= 33 E= 1.0e+000
 0.995590 0.001472 0.001472 0.001466
 0.001466 0.001472 0.995596 0.001466
 0.082898 0.001472 0.914164 0.001466
 0.001466 0.856553 0.018365 0.123616
 0.001466 0.001472 0.001472 0.995590
 0.042181 0.832731 0.001472 0.123616
 0.914160 0.042187 0.042187 0.001466
 0.001466 0.001472 0.995596 0.001466
 0.995590 0.001472 0.001472 0.001466
 0.001466 0.001472 0.995596 0.001466
 0.995590 0.001472 0.001472 0.001466
 0.123616 0.001472 0.873446 0.001466
 0.001466 0.001472 0.954880 0.042181

MOTIF 49-CTGGGCTCAA STREME-49
letter-probability matrix: alength= 4 w= 10 nsites= 60 E= 1.3e+000
 0.022682 0.931864 0.022773 0.022682
 0.022682 0.022773 0.022773 0.931773
 0.022682 0.022773 0.931864 0.022682
 0.022682 0.022773 0.931864 0.022682
 0.022682 0.022773 0.931864 0.022682
 0.022682 0.931864 0.022773 0.022682
 0.022682 0.022773 0.022773 0.931773
 0.022682 0.931864 0.022773 0.022682
 0.931773 0.022773 0.022773 0.022682
 0.931773 0.022773 0.022773 0.022682

MOTIF 50-AGAGGCCA STREME-50
letter-probability matrix: alength= 4 w= 8 nsites= 525 E= 1.4e+000
 0.982012 0.015446 0.001273 0.001268
 0.001268 0.001273 0.996190 0.001268
 0.996185 0.001273 0.001273 0.001268
 0.001268 0.001273 0.996190 0.001268
 0.001268 0.001273 0.996190 0.001268
 0.001268 0.996190 0.001273 0.001268
 0.001268 0.762426 0.235037 0.001268
 0.996185 0.001273 0.001273 0.001268

MOTIF 51-GATCAATA STREME-51
letter-probability matrix: alength= 4 w= 8 nsites= 136 E= 1.7e+000
 0.022682 0.022773 0.931864 0.022682
 0.931773 0.022773 0.022773 0.022682
 0.022682 0.022773 0.022773 0.931773
 0.022682 0.931864 0.022773 0.022682
 0.931773 0.022773 0.022773 0.022682
 0.931773 0.022773 0.022773 0.022682
 0.022682 0.022773 0.022773 0.931773
 0.931773 0.022773 0.022773 0.022682

MOTIF 52-CAGCAGCAGCAGCD STREME-52
letter-probability matrix: alength= 4 w= 14 nsites= 141 E= 1.9e+000
 0.000372 0.916242 0.031363 0.052023
 0.771621 0.000373 0.206973 0.021032
 0.021032 0.072684 0.880966 0.025318
 0.107958 0.880966 0.000373 0.010702
 0.818987 0.052023 0.128618 0.000372
 0.000372 0.000373 0.998883 0.000372
 0.041692 0.926573 0.010703 0.021032
 0.860303 0.056310 0.083015 0.000372
 0.072682 0.041693 0.885252 0.000372
 0.000372 0.947232 0.021034 0.031362
 0.740632 0.093342 0.144995 0.021032
 0.000372 0.031363 0.916242 0.052022
 0.010702 0.978223 0.010703 0.000372
 0.217311 0.050267 0.299943 0.432478

MOTIF 53-GTCAACA STREME-53
letter-probability matrix: alength= 4 w= 7 nsites= 538 E= 2.0e+000
 0.022682 0.022773 0.931864 0.022682
 0.022682 0.022773 0.022773 0.931773
 0.022682 0.931864 0.022773 0.022682
 0.931773 0.022773 0.022773 0.022682
 0.931773 0.022773 0.022773 0.022682
 0.022682 0.931864 0.022773 0.022682
 0.931773 0.022773 0.022773 0.022682

MOTIF 54-AGGAAATG STREME-54
letter-probability matrix: alength= 4 w= 8 nsites= 380 E= 2.0e+000
 0.931773 0.022773 0.022773 0.022682
 0.022682 0.022773 0.931864 0.022682
 0.022682 0.022773 0.931864 0.022682
 0.931773 0.022773 0.022773 0.022682
 0.931773 0.022773 0.022773 0.022682
 0.931773 0.022773 0.022773 0.022682
 0.022682 0.022773 0.022773 0.931773
 0.022682 0.022773 0.931864 0.022682

MOTIF 55-CTCTGC STREME-55
letter-probability matrix: alength= 4 w= 6 nsites= 4300 E= 2.1e+000
 0.022682 0.931864 0.022773 0.022682
 0.022682 0.022773 0.022773 0.931773
 0.022682 0.931864 0.022773 0.022682
 0.022682 0.022773 0.022773 0.931773
 0.022682 0.022773 0.931864 0.022682
 0.022682 0.931864 0.022773 0.022682

MOTIF 56-CCTCCTGAGTA STREME-56
letter-probability matrix: alength= 4 w= 11 nsites= 83 E= 2.1e+000
 0.000539 0.998380 0.000542 0.000539
 0.000539 0.983402 0.015520 0.000539
 0.000539 0.000542 0.015520 0.983399
 0.135352 0.863568 0.000542 0.000539
 0.000539 0.962208 0.006756 0.030496
 0.000539 0.300145 0.000542 0.698774
 0.000539 0.000542 0.998380 0.000539
 0.998378 0.000542 0.000542 0.000539
 0.000539 0.000542 0.998380 0.000539
 0.000539 0.000542 0.000542 0.998378
 0.998378 0.000542 0.000542 0.000539

MOTIF 57-GGACTTCTGACC STREME-57
letter-probability matrix: alength= 4 w= 12 nsites= 73 E= 2.1e+000
 0.035407 0.000629 0.911172 0.052793
 0.000626 0.000629 0.998119 0.000626
 0.911164 0.052801 0.035409 0.000626
 0.035407 0.963338 0.000629 0.000626
 0.035407 0.000629 0.035409 0.928556
 0.000626 0.191922 0.000629 0.806823
 0.018016 0.928562 0.052795 0.000626
 0.000626 0.052799 0.000629 0.945946
 0.035407 0.035409 0.876387 0.052797
 0.968939 0.000629 0.029806 0.000626
 0.157135 0.824220 0.000629 0.018016
 0.000626 0.980729 0.000629 0.018016

MOTIF 58-ACTACATTTCCCA STREME-58
letter-probability matrix: alength= 4 w= 13 nsites= 46 E= 2.1e+000
 0.996673 0.001110 0.001110 0.001106
 0.001106 0.965967 0.031821 0.001106
 0.001106 0.013853 0.001110 0.983931
 0.904540 0.031821 0.062533 0.001106
 0.001106 0.996678 0.001110 0.001106
 0.904541 0.031821 0.062532 0.001106
 0.185387 0.062533 0.062533 0.689547
 0.093239 0.031821 0.001110 0.873829
 0.001106 0.001110 0.001110 0.996673
 0.001106 0.965967 0.001110 0.031817
 0.001106 0.996678 0.001110 0.001106
 0.001106 0.996678 0.001110 0.001106
 0.996673 0.001110 0.001110 0.001106

MOTIF 59-AGTAGCTGGGACT STREME-59
letter-probability matrix: alength= 4 w= 13 nsites= 66 E= 2.1e+000
 0.838590 0.028521 0.042529 0.090360
 0.084550 0.000506 0.914439 0.000504
 0.000504 0.000506 0.000506 0.998483
 0.942452 0.000506 0.056537 0.000504
 0.112564 0.028522 0.858410 0.000504
 0.000504 0.956463 0.000506 0.042526
 0.000504 0.000506 0.014514 0.984475
 0.188413 0.000506 0.810576 0.000504
 0.048339 0.000506 0.922636 0.028519
 0.084549 0.028521 0.872419 0.014512
 0.872416 0.056536 0.000506 0.070541
 0.084549 0.774364 0.000506 0.140580
 0.062346 0.090364 0.056536 0.790753

MOTIF 60-CAGTTCTGGAGGCTG STREME-60
letter-probability matrix: alength= 4 w= 15 nsites= 57 E= 2.1e+000
 0.000672 0.941968 0.019346 0.038014
 0.792599 0.038017 0.056687 0.112697
 0.056685 0.000675 0.848614 0.094026
 0.019343 0.056688 0.008422 0.915547
 0.019343 0.038017 0.019346 0.923294
 0.019343 0.904626 0.056687 0.019343
 0.019343 0.056687 0.019346 0.904624
 0.056685 0.000675 0.941968 0.000672
 0.056685 0.038017 0.885956 0.019343
 0.934218 0.000675 0.019346 0.045761
 0.038014 0.019346 0.923297 0.019343
 0.094026 0.038017 0.848614 0.019343
 0.038014 0.867284 0.019346 0.075356
 0.019343 0.094030 0.019346 0.867281
 0.168714 0.038017 0.792597 0.000672

MOTIF 61-CTCTCTCTCTCTC STREME-61
letter-probability matrix: alength= 4 w= 13 nsites= 141 E= 2.2e+000
 0.000361 0.940861 0.007289 0.051489
 0.000361 0.084007 0.030474 0.885157
 0.020436 0.964251 0.000363 0.014951
 0.010399 0.059653 0.124975 0.804973
 0.000361 0.949292 0.049985 0.000361
 0.010399 0.024251 0.024602 0.940748
 0.000361 0.998914 0.000363 0.000361
 0.030473 0.155693 0.070624 0.743209
 0.010399 0.914450 0.064753 0.010399
 0.000361 0.022247 0.000363 0.977029
 0.000361 0.968154 0.000363 0.031121
 0.021138 0.000363 0.090698 0.887801
 0.000361 0.987324 0.000363 0.011952

MOTIF 62-GGCCCCA STREME-62
letter-probability matrix: alength= 4 w= 7 nsites= 1132 E= 2.7e+000
 0.022682 0.022773 0.931864 0.022682
 0.022682 0.022773 0.931864 0.022682
 0.022682 0.931864 0.022773 0.022682
 0.022682 0.931864 0.022773 0.022682
 0.022682 0.931864 0.022773 0.022682
 0.022682 0.931864 0.022773 0.022682
 0.931773 0.022773 0.022773 0.022682

MOTIF 63-CAAAGTCCA STREME-63
letter-probability matrix: alength= 4 w= 9 nsites= 1152 E= 3.0e+000
 0.140224 0.757246 0.088281 0.014249
 0.883578 0.050207 0.033258 0.032956
 0.894472 0.017432 0.059598 0.028498
 0.940511 0.017213 0.019735 0.022541
 0.022115 0.012279 0.906871 0.058735
 0.010384 0.029674 0.000213 0.959730
 0.028965 0.877142 0.010936 0.082958
 0.007572 0.932071 0.037124 0.023233
 0.978599 0.010830 0.000262 0.010309

MOTIF 64-TAAATA STREME-64
letter-probability matrix: alength= 4 w= 6 nsites= 942 E= 3.1e+000
 0.022682 0.022773 0.022773 0.931773
 0.931773 0.022773 0.022773 0.022682
 0.931773 0.022773 0.022773 0.022682
 0.931773 0.022773 0.022773 0.022682
 0.022682 0.022773 0.022773 0.931773
 0.931773 0.022773 0.022773 0.022682

MOTIF 65-TATTTTTTGTAGA STREME-65
letter-probability matrix: alength= 4 w= 13 nsites= 48 E= 8.4e+000
 0.128653 0.026468 0.000924 0.843955
 0.792868 0.026468 0.026468 0.154195
 0.000920 0.077558 0.052013 0.869509
 0.000920 0.000924 0.000924 0.997233
 0.000920 0.000924 0.000924 0.997233
 0.026465 0.000924 0.000924 0.971688
 0.000920 0.026468 0.000924 0.971688
 0.256378 0.026468 0.000924 0.716230
 0.026465 0.000924 0.971692 0.000920
 0.000920 0.000924 0.000924 0.997233
 0.997233 0.000924 0.000924 0.000920
 0.026465 0.000924 0.946147 0.026465
 0.997233 0.000924 0.000924 0.000920

MOTIF 66-AAAACAAAACAAAA STREME-66
letter-probability matrix: alength= 4 w= 14 nsites= 65 E= 1.7e+001
 0.881832 0.033849 0.067097 0.017222
 0.981576 0.000601 0.017224 0.000599
 0.931705 0.033848 0.017224 0.017222
 0.948329 0.000601 0.033848 0.017222
 0.000599 0.981578 0.000601 0.017222
 0.931705 0.000601 0.033848 0.033846
 0.964953 0.017224 0.000601 0.017222
 0.998199 0.000601 0.000601 0.000599
 0.964952 0.033848 0.000601 0.000599
 0.000599 0.998202 0.000601 0.000599
 0.948328 0.033849 0.000601 0.017222
 0.898450 0.000601 0.100350 0.000599
 0.981576 0.017225 0.000601 0.000599
 0.964952 0.017225 0.000601 0.017222

MOTIF 67-GAAAACAAAC STREME-67
letter-probability matrix: alength= 4 w= 10 nsites= 432 E= 1.9e+001
 0.040941 0.062406 0.868908 0.027745
 0.910942 0.018265 0.033734 0.037059
 0.958353 0.006805 0.022197 0.012646
 0.953322 0.001657 0.019163 0.025859
 0.885983 0.073884 0.020283 0.019850
 0.000440 0.941193 0.003766 0.054602
 0.894305 0.025533 0.048720 0.031442
 0.972247 0.014550 0.009889 0.003314
 0.968065 0.005539 0.022477 0.003919
 0.038113 0.678435 0.165967 0.117485

********************************************************************************
Stopped because 3 consecutive motifs exceeded the p-value threshold (0.05).
********************************************************************************
COMMAND:	streme --verbosity 1 --oc meme_out_incomplete_DL/HepG2_HNF4A-human_ENCFF808SYK/streme_out -dna --seed 0 --p meme_out_incomplete_DL/HepG2_HNF4A-human_ENCFF808SYK/seqs-centered --minw 6 --maxw 15 --time 6177 --order 2 --thresh 0.05 --align center --totallength 4000000 --parse-genomic-coord
********************************************************************************
CPU:		9f05ee173ae9
********************************************************************************
FINALTIME:	3550.15 seconds
********************************************************************************
