********************************************************************************
STREME - Sensitive, Thorough, Rapid, Enriched Motif Elicitation
********************************************************************************
MEME version 5.5.3 (Release date: Sat Jun 10 16:19:38 2023 -0700)

For further information on how to interpret these results please access http://localhost:8080/meme_5.5.3.
To get a copy of the MEME Suite software please access https://meme-suite.org.

********************************************************************************


********************************************************************************
REFERENCE
********************************************************************************
If you use this program in your research, please cite:

Timothy L. Bailey,
"STREME: accurate and versatile sequence motif discovery",
Bioinformatics, Mar. 24, 2021.
********************************************************************************


ALPHABET= ACGT

strands: + -

Background letter frequencies
A 0.174 C 0.326 G 0.326 T 0.174 

MOTIF 1-CCCCGCCCCB STREME-1
letter-probability matrix: alength= 4 w= 10 nsites= 751 E= 1.8e-005
 0.000095 0.999630 0.000179 0.000095
 0.040013 0.959713 0.000179 0.000095
 0.120152 0.879574 0.000179 0.000095
 0.000095 0.999630 0.000179 0.000095
 0.245533 0.000179 0.754193 0.000095
 0.196638 0.803088 0.000179 0.000095
 0.000095 0.999630 0.000179 0.000095
 0.000095 0.999630 0.000179 0.000095
 0.000095 0.999630 0.000179 0.000095
 0.085691 0.442754 0.244120 0.227435

MOTIF 2-CACGTGGCYG STREME-2
letter-probability matrix: alength= 4 w= 10 nsites= 504 E= 2.1e-005
 0.047022 0.864404 0.088492 0.000083
 0.995198 0.000155 0.000155 0.004492
 0.005534 0.982665 0.005518 0.006283
 0.024798 0.001179 0.973941 0.000083
 0.013003 0.000155 0.000155 0.986687
 0.095575 0.103261 0.776274 0.024890
 0.238397 0.056964 0.656288 0.048351
 0.061908 0.682413 0.061362 0.194317
 0.096725 0.266483 0.110634 0.526158
 0.101698 0.196029 0.589713 0.112560

MOTIF 3-GCGGCGGCGGCRGC STREME-3
letter-probability matrix: alength= 4 w= 14 nsites= 455 E= 2.8e-005
 0.004843 0.037722 0.925088 0.032347
 0.050540 0.906009 0.012979 0.030471
 0.060893 0.003301 0.935746 0.000060
 0.118241 0.000112 0.881587 0.000060
 0.016801 0.829148 0.005888 0.148163
 0.081263 0.000112 0.905944 0.012681
 0.059647 0.016854 0.911482 0.012018
 0.004843 0.917444 0.015304 0.062409
 0.089062 0.073995 0.800016 0.036927
 0.103891 0.000112 0.871434 0.024562
 0.000060 0.900958 0.032018 0.066964
 0.315185 0.011903 0.576587 0.096325
 0.041710 0.063325 0.880759 0.014206
 0.009263 0.845383 0.100304 0.045049

MOTIF 4-GCGCATGCGC STREME-4
letter-probability matrix: alength= 4 w= 10 nsites= 252 E= 1.5e-003
 0.036718 0.000670 0.958856 0.003757
 0.043106 0.948667 0.006563 0.001664
 0.004313 0.001026 0.988479 0.006182
 0.003757 0.993200 0.002864 0.000180
 0.717822 0.170576 0.104396 0.007206
 0.007206 0.104396 0.170576 0.717822
 0.000180 0.002864 0.993200 0.003757
 0.006182 0.988479 0.001026 0.004313
 0.001664 0.006563 0.948667 0.043106
 0.003757 0.958856 0.000670 0.036718

MOTIF 5-TCAGCACCAYGGACA STREME-5
letter-probability matrix: alength= 4 w= 15 nsites= 171 E= 3.4e-003
 0.000162 0.090542 0.064759 0.844537
 0.006607 0.954254 0.000303 0.038835
 0.999232 0.000303 0.000303 0.000162
 0.013053 0.006749 0.980036 0.000162
 0.051727 0.773777 0.129215 0.045281
 0.992786 0.000303 0.000303 0.006607
 0.000162 0.992928 0.000303 0.006607
 0.013053 0.973591 0.000303 0.013053
 0.567376 0.064759 0.206563 0.161302
 0.083955 0.393486 0.077651 0.444909
 0.000162 0.000303 0.999373 0.000162
 0.013053 0.006749 0.973591 0.006607
 0.941221 0.058314 0.000303 0.000162
 0.000162 0.896243 0.064759 0.038835
 0.999232 0.000303 0.000303 0.000162

MOTIF 6-CCCGGCCC STREME-6
letter-probability matrix: alength= 4 w= 8 nsites= 443 E= 6.2e-002
 0.015818 0.938727 0.029636 0.015818
 0.015818 0.938727 0.029636 0.015818
 0.015818 0.938727 0.029636 0.015818
 0.015818 0.029636 0.938727 0.015818
 0.015818 0.029636 0.938727 0.015818
 0.015818 0.938727 0.029636 0.015818
 0.015818 0.938727 0.029636 0.015818
 0.015818 0.938727 0.029636 0.015818

MOTIF 7-GAGGCYGAGGCR STREME-7
letter-probability matrix: alength= 4 w= 12 nsites= 207 E= 8.9e-002
 0.017859 0.000278 0.981715 0.000148
 0.969778 0.000278 0.000278 0.029667
 0.006052 0.012085 0.964004 0.017859
 0.024313 0.000278 0.975261 0.000148
 0.023763 0.872997 0.035700 0.067539
 0.065089 0.323915 0.054285 0.556711
 0.006052 0.000278 0.993522 0.000148
 0.949616 0.000278 0.000278 0.049828
 0.074580 0.014535 0.904832 0.006052
 0.108865 0.000278 0.819864 0.070993
 0.000148 0.851833 0.000278 0.147741
 0.553713 0.058813 0.289045 0.098429

MOTIF 8-CACGTG STREME-8
letter-probability matrix: alength= 4 w= 6 nsites= 163 E= 9.3e-002
 0.015818 0.938727 0.029636 0.015818
 0.924909 0.029636 0.029636 0.015818
 0.015818 0.938727 0.029636 0.015818
 0.015818 0.029636 0.938727 0.015818
 0.015818 0.029636 0.029636 0.924909
 0.015818 0.029636 0.938727 0.015818

MOTIF 9-CTCCTCCTCCTCCTC STREME-9
letter-probability matrix: alength= 4 w= 15 nsites= 99 E= 1.8e-001
 0.032653 0.880217 0.032890 0.054241
 0.021859 0.032890 0.054478 0.890774
 0.021859 0.891011 0.065272 0.021859
 0.043447 0.793865 0.054478 0.108211
 0.000271 0.054478 0.011302 0.933950
 0.000271 0.977362 0.022096 0.000271
 0.021859 0.815453 0.076065 0.086623
 0.048844 0.076065 0.032890 0.842201
 0.000271 0.842438 0.092256 0.065035
 0.021859 0.783071 0.151623 0.043447
 0.043447 0.032890 0.022096 0.901568
 0.000271 0.891011 0.032890 0.075829
 0.000271 0.966568 0.000508 0.032653
 0.011065 0.119241 0.032890 0.836804
 0.000271 0.826247 0.097653 0.075829

MOTIF 10-AGCWGCWGCT STREME-10
letter-probability matrix: alength= 4 w= 10 nsites= 292 E= 2.3e-001
 0.597886 0.083127 0.096131 0.222855
 0.000221 0.000413 0.964993 0.034373
 0.093590 0.887980 0.000413 0.018017
 0.369134 0.000413 0.000413 0.630039
 0.000221 0.000413 0.999145 0.000221
 0.000221 0.999145 0.000413 0.000221
 0.630039 0.000413 0.000413 0.369134
 0.018017 0.000413 0.887980 0.093590
 0.034373 0.964993 0.000413 0.000221
 0.222855 0.096131 0.083127 0.597886

MOTIF 11-CCCTCCCC STREME-11
letter-probability matrix: alength= 4 w= 8 nsites= 464 E= 2.4e-001
 0.015818 0.938727 0.029636 0.015818
 0.015818 0.938727 0.029636 0.015818
 0.015818 0.938727 0.029636 0.015818
 0.015818 0.029636 0.029636 0.924909
 0.015818 0.938727 0.029636 0.015818
 0.015818 0.938727 0.029636 0.015818
 0.015818 0.938727 0.029636 0.015818
 0.015818 0.938727 0.029636 0.015818

MOTIF 12-CTGGGATTACAGGC STREME-12
letter-probability matrix: alength= 4 w= 14 nsites= 118 E= 4.4e-001
 0.009939 0.911801 0.000456 0.077805
 0.000243 0.010151 0.000456 0.989150
 0.087500 0.000456 0.911801 0.000243
 0.019634 0.010151 0.960277 0.009939
 0.039024 0.019846 0.931191 0.009939
 0.989150 0.000456 0.000456 0.009939
 0.000243 0.165274 0.000456 0.834027
 0.000243 0.010151 0.000456 0.989150
 0.969759 0.010151 0.019846 0.000243
 0.000243 0.940886 0.029541 0.029329
 0.979454 0.019846 0.000456 0.000243
 0.039024 0.010151 0.940886 0.009939
 0.048719 0.019846 0.931191 0.000243
 0.039024 0.766373 0.019846 0.174756

MOTIF 13-AAAACAAA STREME-13
letter-probability matrix: alength= 4 w= 8 nsites= 72 E= 5.4e-001
 0.924909 0.029636 0.029636 0.015818
 0.924909 0.029636 0.029636 0.015818
 0.924909 0.029636 0.029636 0.015818
 0.924909 0.029636 0.029636 0.015818
 0.015818 0.938727 0.029636 0.015818
 0.924909 0.029636 0.029636 0.015818
 0.924909 0.029636 0.029636 0.015818
 0.924909 0.029636 0.029636 0.015818

MOTIF 14-AAKAAATA STREME-14
letter-probability matrix: alength= 4 w= 8 nsites= 255 E= 6.1e-001
 0.690662 0.000508 0.000508 0.308322
 0.998712 0.000508 0.000508 0.000271
 0.000271 0.063668 0.413887 0.522174
 0.927420 0.000508 0.071800 0.000271
 0.873076 0.026098 0.019034 0.081792
 0.779341 0.000508 0.195445 0.024706
 0.000271 0.000508 0.000508 0.998712
 0.768568 0.000508 0.230653 0.000271

MOTIF 15-CCGAGGYC STREME-15
letter-probability matrix: alength= 4 w= 8 nsites= 1095 E= 7.1e-001
 0.099096 0.849148 0.000555 0.051201
 0.000296 0.998852 0.000555 0.000296
 0.270754 0.000555 0.728395 0.000296
 0.998594 0.000555 0.000555 0.000296
 0.000296 0.051921 0.947486 0.000296
 0.115097 0.000555 0.811404 0.072944
 0.000296 0.447964 0.093714 0.458025
 0.000296 0.998852 0.000555 0.000296

MOTIF 16-AGGTGAG STREME-16
letter-probability matrix: alength= 4 w= 7 nsites= 634 E= 8.3e-001
 0.997530 0.000975 0.000975 0.000520
 0.000520 0.000975 0.997985 0.000520
 0.000520 0.000975 0.997985 0.000520
 0.000520 0.000975 0.000975 0.997530
 0.311607 0.000975 0.668989 0.018429
 0.997530 0.000975 0.000975 0.000520
 0.000520 0.221144 0.597742 0.180594

MOTIF 17-YCACTTCCGG STREME-17
letter-probability matrix: alength= 4 w= 10 nsites= 197 E= 8.6e-001
 0.022692 0.487055 0.068936 0.421318
 0.127127 0.694820 0.022967 0.155087
 0.999099 0.000355 0.000355 0.000190
 0.012871 0.844612 0.036781 0.105737
 0.000190 0.000355 0.032111 0.967344
 0.015304 0.000355 0.000355 0.983985
 0.000190 0.981015 0.000355 0.018440
 0.000190 0.999265 0.000355 0.000190
 0.000190 0.000355 0.876601 0.122854
 0.007747 0.160148 0.774932 0.057174

MOTIF 18-TCTCTACTAAAAA STREME-18
letter-probability matrix: alength= 4 w= 13 nsites= 79 E= 8.8e-001
 0.014015 0.027986 0.014315 0.943684
 0.027686 0.875626 0.069001 0.027686
 0.014015 0.027986 0.014315 0.943684
 0.000343 0.943984 0.041658 0.014015
 0.000343 0.000643 0.014315 0.984699
 0.998371 0.000643 0.000643 0.000343
 0.014015 0.916641 0.000643 0.068701
 0.109716 0.000643 0.014315 0.875326
 0.943684 0.000643 0.041658 0.014015
 0.957356 0.014315 0.014315 0.014015
 0.943684 0.014315 0.027986 0.014015
 0.930013 0.014315 0.027986 0.027686
 0.971028 0.000643 0.014315 0.014015

MOTIF 19-CCAGCCTGGGCAAC STREME-19
letter-probability matrix: alength= 4 w= 14 nsites= 85 E= 8.8e-001
 0.032587 0.901886 0.000757 0.064770
 0.032587 0.901886 0.016848 0.048679
 0.981991 0.000757 0.016848 0.000404
 0.032587 0.000757 0.966252 0.000404
 0.000404 0.950161 0.000757 0.048679
 0.016496 0.950161 0.016848 0.016496
 0.000404 0.016848 0.000757 0.981991
 0.032587 0.000757 0.966252 0.000404
 0.064770 0.000757 0.934069 0.000404
 0.032587 0.161673 0.805336 0.000404
 0.016496 0.901886 0.000757 0.080862
 0.788892 0.000757 0.193856 0.016496
 0.933716 0.016848 0.032940 0.016496
 0.016496 0.901886 0.016848 0.064770

MOTIF 20-AAATTAGCYGGGCGT STREME-20
letter-probability matrix: alength= 4 w= 15 nsites= 61 E= 8.8e-001
 0.962255 0.018649 0.000838 0.018258
 0.980066 0.000838 0.000838 0.018258
 0.926632 0.000838 0.054271 0.018258
 0.036070 0.107705 0.054271 0.801954
 0.000447 0.018649 0.000838 0.980066
 0.980066 0.018649 0.000838 0.000447
 0.000447 0.000838 0.998268 0.000447
 0.000447 0.962646 0.000838 0.036070
 0.000447 0.606420 0.018649 0.374484
 0.214182 0.018649 0.766722 0.000447
 0.018258 0.000838 0.980457 0.000447
 0.089503 0.000838 0.909212 0.000447
 0.000447 0.820156 0.000838 0.178560
 0.303238 0.036460 0.624232 0.036070
 0.000447 0.036460 0.000838 0.962255

MOTIF 21-GAGAATCGCTTGARC STREME-21
letter-probability matrix: alength= 4 w= 15 nsites= 65 E= 8.8e-001
 0.047908 0.032418 0.919276 0.000398
 0.903092 0.048255 0.000745 0.047908
 0.063745 0.000745 0.919276 0.016234
 0.649704 0.048255 0.285806 0.016234
 0.982276 0.016582 0.000745 0.000398
 0.000398 0.016582 0.016582 0.966439
 0.032071 0.665888 0.127439 0.174602
 0.206275 0.000745 0.792582 0.000398
 0.000398 0.919276 0.000745 0.079581
 0.000398 0.064092 0.079929 0.855582
 0.016234 0.000745 0.064092 0.918929
 0.032071 0.000745 0.966787 0.000398
 0.966439 0.016582 0.000745 0.016234
 0.633868 0.016582 0.317480 0.032071
 0.000398 0.935113 0.032418 0.032071

MOTIF 22-CCGCCTCC STREME-22
letter-probability matrix: alength= 4 w= 8 nsites= 404 E= 9.0e-001
 0.015818 0.938727 0.029636 0.015818
 0.015818 0.938727 0.029636 0.015818
 0.015818 0.029636 0.938727 0.015818
 0.015818 0.938727 0.029636 0.015818
 0.015818 0.938727 0.029636 0.015818
 0.015818 0.029636 0.029636 0.924909
 0.015818 0.938727 0.029636 0.015818
 0.015818 0.938727 0.029636 0.015818

MOTIF 23-GGGCGGGA STREME-23
letter-probability matrix: alength= 4 w= 8 nsites= 285 E= 1.1e+000
 0.015818 0.029636 0.938727 0.015818
 0.015818 0.029636 0.938727 0.015818
 0.015818 0.029636 0.938727 0.015818
 0.015818 0.938727 0.029636 0.015818
 0.015818 0.029636 0.938727 0.015818
 0.015818 0.029636 0.938727 0.015818
 0.015818 0.029636 0.938727 0.015818
 0.924909 0.029636 0.029636 0.015818

MOTIF 24-AAATAA STREME-24
letter-probability matrix: alength= 4 w= 6 nsites= 751 E= 1.2e+000
 0.952148 0.007686 0.019263 0.020903
 0.863802 0.004476 0.118647 0.013075
 0.888615 0.016753 0.077048 0.017585
 0.000907 0.195459 0.001700 0.801934
 0.968709 0.028684 0.001700 0.000907
 0.757826 0.138699 0.014679 0.088795

MOTIF 25-AASATGGCGRMV STREME-25
letter-probability matrix: alength= 4 w= 12 nsites= 190 E= 1.3e+000
 0.999406 0.000235 0.000235 0.000125
 0.939545 0.015200 0.000235 0.045021
 0.109023 0.292856 0.568066 0.030056
 0.999406 0.000235 0.000235 0.000125
 0.000125 0.000235 0.000235 0.999406
 0.000125 0.012282 0.987468 0.000125
 0.000125 0.000235 0.999515 0.000125
 0.116929 0.686940 0.000235 0.195896
 0.050009 0.085038 0.825768 0.039185
 0.336419 0.000235 0.643267 0.020079
 0.365502 0.499451 0.075061 0.059986
 0.306489 0.295774 0.262925 0.134812

MOTIF 26-GGCGCGGTGGCTCAC STREME-26
letter-probability matrix: alength= 4 w= 15 nsites= 63 E= 1.8e+000
 0.086425 0.035206 0.877937 0.000432
 0.000432 0.000809 0.981129 0.017630
 0.000432 0.774746 0.000809 0.224014
 0.241212 0.000809 0.757547 0.000432
 0.000432 0.688753 0.000809 0.310007
 0.224014 0.035206 0.740349 0.000432
 0.052028 0.000809 0.946732 0.000432
 0.000432 0.035206 0.000809 0.963553
 0.052028 0.000809 0.946732 0.000432
 0.069226 0.018007 0.912335 0.000432
 0.000432 0.895136 0.000809 0.103623
 0.034829 0.018007 0.035206 0.911958
 0.017630 0.963930 0.018007 0.000432
 0.997951 0.000809 0.000809 0.000432
 0.000432 0.671554 0.000809 0.327205

MOTIF 27-TGACGTCA STREME-27
letter-probability matrix: alength= 4 w= 8 nsites= 51 E= 5.3e+000
 0.000681 0.001277 0.001277 0.996766
 0.123793 0.001277 0.782677 0.092254
 0.996766 0.001277 0.001277 0.000681
 0.000681 0.997361 0.001277 0.000681
 0.000681 0.001277 0.997361 0.000681
 0.000681 0.001277 0.001277 0.996766
 0.092254 0.782677 0.001277 0.123793
 0.996766 0.001277 0.001277 0.000681

MOTIF 28-CTCACTGCAACC STREME-28
letter-probability matrix: alength= 4 w= 12 nsites= 47 E= 1.4e+001
 0.000513 0.936758 0.000960 0.061769
 0.000513 0.000960 0.000960 0.997567
 0.020931 0.957177 0.000960 0.020931
 0.936310 0.000960 0.021379 0.041350
 0.000513 0.957177 0.000960 0.041350
 0.008987 0.000960 0.021379 0.968673
 0.020931 0.021379 0.936758 0.020931
 0.041350 0.957177 0.000960 0.000513
 0.997567 0.000960 0.000960 0.000513
 0.834216 0.021379 0.143892 0.000513
 0.000513 0.875501 0.103055 0.020931
 0.008987 0.969121 0.021379 0.000513

********************************************************************************
Stopped because 3 consecutive motifs exceeded the p-value threshold (0.05).
********************************************************************************
COMMAND:	streme --verbosity 1 --oc meme_out_incomplete_DL/HepG2_ETS1-human_ENCFF574HYI/streme_out -dna --seed 0 --p meme_out_incomplete_DL/HepG2_ETS1-human_ENCFF574HYI/seqs-centered --minw 6 --maxw 15 --time 6192 --order 2 --thresh 0.05 --align center --totallength 4000000 --parse-genomic-coord
********************************************************************************
CPU:		9f05ee173ae9
********************************************************************************
FINALTIME:	269.33 seconds
********************************************************************************
