********************************************************************************
STREME - Sensitive, Thorough, Rapid, Enriched Motif Elicitation
********************************************************************************
MEME version 5.5.3 (Release date: Sat Jun 10 16:19:38 2023 -0700)

For further information on how to interpret these results please access http://localhost:8080/meme_5.5.3.
To get a copy of the MEME Suite software please access https://meme-suite.org.

********************************************************************************


********************************************************************************
REFERENCE
********************************************************************************
If you use this program in your research, please cite:

Timothy L. Bailey,
"STREME: accurate and versatile sequence motif discovery",
Bioinformatics, Mar. 24, 2021.
********************************************************************************


ALPHABET= ACGT

strands: + -

Background letter frequencies
A 0.208 C 0.291 G 0.291 T 0.208 

MOTIF 1-AGTAAAYA STREME-1
letter-probability matrix: alength= 4 w= 8 nsites= 3448 E= 4.0e-027
 0.573078 0.007024 0.153320 0.266577
 0.109152 0.000044 0.890772 0.000031
 0.000031 0.215018 0.000044 0.784906
 0.940164 0.059761 0.000044 0.000031
 0.999881 0.000044 0.000044 0.000031
 0.999881 0.000044 0.000044 0.000031
 0.000031 0.623261 0.000044 0.376664
 0.999881 0.000044 0.000044 0.000031

MOTIF 2-GYCACGTGRC STREME-2
letter-probability matrix: alength= 4 w= 10 nsites= 3536 E= 1.5e-021
 0.212464 0.168262 0.472381 0.146894
 0.135726 0.347392 0.169810 0.347073
 0.023036 0.972078 0.000027 0.004859
 0.978345 0.000027 0.000027 0.021601
 0.000019 0.973778 0.000027 0.026176
 0.026176 0.000027 0.973778 0.000019
 0.021601 0.000027 0.000027 0.978345
 0.004859 0.000027 0.972078 0.023036
 0.347073 0.169810 0.347392 0.135726
 0.146894 0.472381 0.168262 0.212464

MOTIF 3-GCCCCGCCCC STREME-3
letter-probability matrix: alength= 4 w= 10 nsites= 3168 E= 7.5e-015
 0.076688 0.075858 0.643420 0.204033
 0.008926 0.950830 0.000042 0.040203
 0.019319 0.954558 0.000042 0.026081
 0.018015 0.981914 0.000042 0.000030
 0.000030 0.999899 0.000042 0.000030
 0.203388 0.000042 0.796540 0.000030
 0.005457 0.994472 0.000042 0.000030
 0.000030 0.999899 0.000042 0.000030
 0.000030 0.915875 0.000042 0.084053
 0.081172 0.872169 0.000042 0.046617

MOTIF 4-CMAAGGTCA STREME-4
letter-probability matrix: alength= 4 w= 9 nsites= 3708 E= 3.1e-013
 0.040203 0.729626 0.032105 0.198066
 0.492552 0.482294 0.021675 0.003479
 0.941926 0.000037 0.044631 0.013406
 0.959738 0.000821 0.039415 0.000026
 0.000026 0.007076 0.992871 0.000026
 0.036146 0.000037 0.736925 0.226892
 0.066807 0.181960 0.061874 0.689359
 0.003965 0.925553 0.000037 0.070446
 0.921990 0.015690 0.043470 0.018851

MOTIF 5-RTKRYRYMAY STREME-5
letter-probability matrix: alength= 4 w= 10 nsites= 1233 E= 1.8e-012
 0.371777 0.121561 0.506616 0.000046
 0.000046 0.000064 0.000064 0.999825
 0.000046 0.000064 0.358540 0.641350
 0.632862 0.000064 0.367027 0.000046
 0.000046 0.631884 0.000064 0.368006
 0.368006 0.000064 0.631884 0.000046
 0.000046 0.367027 0.000064 0.632862
 0.641350 0.358540 0.000064 0.000046
 0.999825 0.000064 0.000064 0.000046
 0.000046 0.506616 0.121561 0.371777

MOTIF 6-CTGTAATCCCAGCWC STREME-6
letter-probability matrix: alength= 4 w= 15 nsites= 514 E= 4.3e-012
 0.010654 0.946834 0.006443 0.036070
 0.006418 0.008561 0.004325 0.980696
 0.089020 0.002207 0.906592 0.002182
 0.000064 0.012797 0.002207 0.984932
 0.946808 0.014915 0.038213 0.000064
 0.802784 0.008561 0.186473 0.002182
 0.002182 0.019151 0.002207 0.976460
 0.012772 0.934126 0.008561 0.044542
 0.006418 0.940480 0.000089 0.053014
 0.000064 0.938362 0.002207 0.059368
 0.984932 0.002207 0.008561 0.004300
 0.044542 0.008561 0.940480 0.006418
 0.014890 0.923536 0.008561 0.053014
 0.635463 0.006443 0.023387 0.334707
 0.319881 0.643960 0.021269 0.014890

MOTIF 7-CCAGCCTGGSCRACA STREME-7
letter-probability matrix: alength= 4 w= 15 nsites= 525 E= 9.3e-009
 0.012635 0.933959 0.014756 0.038650
 0.012635 0.905493 0.002184 0.079688
 0.999761 0.000088 0.000088 0.000063
 0.035685 0.008470 0.876158 0.079688
 0.010540 0.955783 0.002184 0.031494
 0.012635 0.955783 0.008470 0.023112
 0.014731 0.018947 0.000088 0.966234
 0.025208 0.004279 0.970450 0.000063
 0.086844 0.006374 0.900433 0.006349
 0.060829 0.329065 0.593280 0.016826
 0.018922 0.669388 0.005700 0.305990
 0.656116 0.004279 0.329065 0.010540
 0.978807 0.000088 0.014756 0.006349
 0.006349 0.941115 0.006374 0.046162
 0.936899 0.004279 0.050378 0.008445

MOTIF 8-AAAAAAAMAAAAAAA STREME-8
letter-probability matrix: alength= 4 w= 15 nsites= 635 E= 7.7e-008
 0.958639 0.011528 0.000087 0.029746
 0.985602 0.009307 0.000087 0.005004
 0.899471 0.054400 0.039851 0.006278
 0.763185 0.222063 0.002259 0.012493
 0.990494 0.005029 0.004415 0.000062
 0.693896 0.046182 0.025553 0.234370
 0.888379 0.076399 0.020657 0.014565
 0.515159 0.451588 0.012473 0.020780
 0.969038 0.026669 0.004231 0.000062
 0.882483 0.108681 0.000087 0.008749
 0.923120 0.049811 0.008712 0.018357
 0.820277 0.138138 0.000087 0.041499
 0.738957 0.117812 0.090434 0.052797
 0.833877 0.000087 0.012241 0.153795
 0.836305 0.000087 0.000087 0.163521

MOTIF 9-GCCTCRGCCTCC STREME-9
letter-probability matrix: alength= 4 w= 12 nsites= 770 E= 1.2e-007
 0.307636 0.000074 0.692237 0.000053
 0.000053 0.969083 0.000074 0.030789
 0.000053 0.982807 0.004136 0.013005
 0.000053 0.000074 0.000074 0.999798
 0.000053 0.754343 0.000074 0.245530
 0.396347 0.097085 0.506514 0.000053
 0.157736 0.000074 0.842136 0.000053
 0.000053 0.873783 0.000074 0.126090
 0.005351 0.835517 0.004339 0.154792
 0.064553 0.000074 0.018447 0.916926
 0.011604 0.940642 0.000074 0.047679
 0.000053 0.996013 0.003881 0.000053

MOTIF 10-AGWTCAAAG STREME-10
letter-probability matrix: alength= 4 w= 9 nsites= 1420 E= 3.4e-006
 0.860443 0.001689 0.137787 0.000081
 0.000081 0.152062 0.847776 0.000081
 0.541343 0.000113 0.170128 0.288416
 0.115787 0.053532 0.060860 0.769822
 0.000081 0.895577 0.104261 0.000081
 0.938024 0.000113 0.061783 0.000081
 0.997017 0.000113 0.000113 0.002758
 0.760738 0.000113 0.146073 0.093076
 0.000081 0.000113 0.977392 0.022415

MOTIF 11-RTGAGCCACYGCGCC STREME-11
letter-probability matrix: alength= 4 w= 15 nsites= 371 E= 9.3e-006
 0.325469 0.023072 0.619814 0.031645
 0.000086 0.027132 0.017334 0.955447
 0.000086 0.005859 0.993969 0.000086
 0.886593 0.067297 0.000121 0.045990
 0.071810 0.011596 0.916507 0.000086
 0.005824 0.939459 0.000121 0.054596
 0.000086 0.973886 0.002990 0.023038
 0.976721 0.011596 0.011596 0.000086
 0.000086 0.985362 0.008728 0.005824
 0.008693 0.615267 0.011596 0.364443
 0.307064 0.011596 0.681253 0.000086
 0.014431 0.681253 0.020203 0.284113
 0.232471 0.008728 0.718549 0.040252
 0.000086 0.973886 0.000121 0.025907
 0.002955 0.956672 0.005859 0.034514

MOTIF 12-AATVATTAACY STREME-12
letter-probability matrix: alength= 4 w= 11 nsites= 476 E= 9.7e-006
 0.958466 0.000118 0.023818 0.017598
 0.928067 0.031622 0.000118 0.040193
 0.148963 0.040955 0.000118 0.809964
 0.179479 0.312067 0.355782 0.152672
 0.830311 0.000118 0.024789 0.144782
 0.093956 0.023818 0.025340 0.856886
 0.000085 0.021241 0.000118 0.978556
 0.976646 0.000118 0.023150 0.000085
 0.937458 0.000118 0.035824 0.026600
 0.032495 0.942798 0.000118 0.024589
 0.144171 0.434303 0.000118 0.421408

MOTIF 13-MGGAAGTGR STREME-13
letter-probability matrix: alength= 4 w= 9 nsites= 1779 E= 2.9e-005
 0.486876 0.512997 0.000074 0.000053
 0.000053 0.007789 0.992105 0.000053
 0.000053 0.000074 0.958686 0.041187
 0.975768 0.000074 0.000074 0.024084
 0.915342 0.011802 0.040978 0.031878
 0.118864 0.000074 0.881009 0.000053
 0.037400 0.145262 0.054643 0.762695
 0.146877 0.101481 0.719453 0.032189
 0.393665 0.070212 0.536070 0.000053

MOTIF 14-CGCCGCCGCCGCCG STREME-14
letter-probability matrix: alength= 4 w= 14 nsites= 503 E= 4.7e-005
 0.043944 0.753013 0.101547 0.101497
 0.006251 0.000106 0.993568 0.000076
 0.000076 0.970799 0.000106 0.029020
 0.137452 0.762907 0.016359 0.083282
 0.067356 0.000106 0.898465 0.034074
 0.000076 0.918969 0.002623 0.078333
 0.096193 0.746524 0.090751 0.066532
 0.029442 0.000340 0.967625 0.002593
 0.005109 0.891433 0.000106 0.103352
 0.015874 0.934560 0.002623 0.046944
 0.080935 0.000106 0.832218 0.086741
 0.000076 0.919892 0.028836 0.051196
 0.000076 0.915877 0.049761 0.034286
 0.061609 0.053020 0.831856 0.053516

MOTIF 15-CRGCCAATCRGMG STREME-15
letter-probability matrix: alength= 4 w= 13 nsites= 377 E= 6.2e-005
 0.038227 0.739639 0.114533 0.107600
 0.640788 0.025977 0.333142 0.000092
 0.132173 0.003201 0.827674 0.036952
 0.009307 0.987399 0.000129 0.003164
 0.000092 0.996614 0.000129 0.003164
 0.984291 0.000129 0.000129 0.015451
 0.978148 0.021631 0.000129 0.000092
 0.003164 0.019834 0.000129 0.976873
 0.046167 0.714258 0.239482 0.000092
 0.592108 0.024702 0.367739 0.015451
 0.099660 0.084339 0.780846 0.035155
 0.333392 0.440881 0.173417 0.052310
 0.262744 0.015487 0.674327 0.047442

MOTIF 16-RTGACTCABM STREME-16
letter-probability matrix: alength= 4 w= 10 nsites= 540 E= 7.5e-005
 0.634400 0.000174 0.365302 0.000124
 0.000124 0.000174 0.000174 0.999529
 0.000124 0.000174 0.999578 0.000124
 0.999529 0.000174 0.000174 0.000124
 0.000124 0.734181 0.265571 0.000124
 0.000124 0.000174 0.000174 0.999529
 0.000124 0.981289 0.000174 0.018414
 0.999529 0.000174 0.000174 0.000124
 0.000124 0.387949 0.371917 0.240010
 0.311904 0.536198 0.151774 0.000124

MOTIF 17-RACCCYGTCTCTA STREME-17
letter-probability matrix: alength= 4 w= 13 nsites= 305 E= 1.1e-004
 0.657385 0.000150 0.338793 0.003672
 0.981770 0.017973 0.000150 0.000107
 0.028625 0.899825 0.000150 0.071400
 0.025060 0.796450 0.003715 0.174776
 0.003672 0.894781 0.007279 0.094268
 0.014366 0.559196 0.007279 0.419159
 0.302498 0.000150 0.690116 0.007237
 0.007237 0.010844 0.003715 0.978205
 0.007237 0.958945 0.000150 0.033669
 0.014366 0.005194 0.003715 0.976726
 0.000107 0.963989 0.000150 0.035754
 0.208337 0.021538 0.007279 0.762846
 0.996028 0.003715 0.000150 0.000107

MOTIF 18-ACACACACACACAC STREME-18
letter-probability matrix: alength= 4 w= 14 nsites= 340 E= 1.2e-004
 0.993563 0.000196 0.000196 0.006045
 0.000140 0.902144 0.000196 0.097521
 0.831665 0.000196 0.147064 0.021075
 0.000140 0.825608 0.000196 0.174057
 0.803520 0.018805 0.123817 0.053858
 0.000140 0.986125 0.000196 0.013540
 0.807066 0.009500 0.149798 0.033636
 0.003241 0.861507 0.000196 0.135056
 0.999469 0.000196 0.000196 0.000140
 0.000140 0.745076 0.150625 0.104160
 0.666021 0.000196 0.185425 0.148358
 0.004792 0.912717 0.000196 0.082296
 0.834933 0.000196 0.046440 0.118431
 0.000140 0.999524 0.000196 0.000140

MOTIF 19-CAAGATGGCGGCS STREME-19
letter-probability matrix: alength= 4 w= 13 nsites= 489 E= 1.3e-004
 0.078985 0.655078 0.206680 0.059257
 0.898384 0.000104 0.101438 0.000074
 0.888521 0.083152 0.023321 0.005006
 0.112066 0.178906 0.695601 0.013427
 0.999718 0.000104 0.000104 0.000074
 0.000074 0.000104 0.000104 0.999718
 0.000074 0.044491 0.955361 0.000074
 0.014870 0.000104 0.984952 0.000074
 0.000074 0.997282 0.000104 0.002540
 0.053906 0.092368 0.803728 0.049998
 0.105691 0.101683 0.753096 0.039530
 0.142681 0.758922 0.029695 0.068702
 0.148636 0.291143 0.467004 0.093216

MOTIF 20-AAAACAAACA STREME-20
letter-probability matrix: alength= 4 w= 10 nsites= 665 E= 1.9e-004
 0.739775 0.026003 0.059771 0.174451
 0.812173 0.000196 0.187490 0.000140
 0.815659 0.000196 0.126833 0.057312
 0.938721 0.060942 0.000196 0.000140
 0.000140 0.999523 0.000196 0.000140
 0.972157 0.027507 0.000196 0.000140
 0.999467 0.000196 0.000196 0.000140
 0.999467 0.000196 0.000196 0.000140
 0.000140 0.778107 0.024602 0.197150
 0.838463 0.108202 0.032350 0.020984

MOTIF 21-ACTACAWYTCCCAGM STREME-21
letter-probability matrix: alength= 4 w= 15 nsites= 227 E= 4.0e-004
 0.999443 0.000205 0.000205 0.000147
 0.000147 0.999501 0.000205 0.000147
 0.000147 0.044113 0.000205 0.955535
 0.849033 0.041259 0.058749 0.050958
 0.000147 0.994623 0.000205 0.005025
 0.853083 0.005084 0.122172 0.019661
 0.455887 0.090046 0.083142 0.370925
 0.058691 0.331125 0.161201 0.448983
 0.044055 0.034356 0.005084 0.916506
 0.000147 0.994623 0.005084 0.000147
 0.000147 0.994623 0.000205 0.005025
 0.009904 0.989744 0.000205 0.000147
 0.779903 0.000205 0.209988 0.009904
 0.092841 0.034356 0.814112 0.058691
 0.327017 0.441309 0.187619 0.044055

MOTIF 22-CAGGAGTTCGAGA STREME-22
letter-probability matrix: alength= 4 w= 13 nsites= 243 E= 4.2e-004
 0.000183 0.987193 0.006348 0.006275
 0.974936 0.000256 0.024625 0.000183
 0.012368 0.000256 0.981101 0.006275
 0.012368 0.000256 0.981101 0.006275
 0.999304 0.000256 0.000256 0.000183
 0.018460 0.000256 0.975008 0.006275
 0.067197 0.000256 0.000256 0.932290
 0.006275 0.006348 0.000256 0.987120
 0.006275 0.749597 0.024625 0.219503
 0.207318 0.030717 0.755689 0.006275
 0.974936 0.000256 0.018533 0.006275
 0.012368 0.000256 0.981101 0.006275
 0.974936 0.000256 0.018533 0.006275

MOTIF 23-CTTCCTCCC STREME-23
letter-probability matrix: alength= 4 w= 9 nsites= 2273 E= 4.7e-004
 0.000156 0.960383 0.000219 0.039242
 0.017088 0.144426 0.000219 0.838267
 0.017824 0.225829 0.080151 0.676196
 0.000156 0.999468 0.000219 0.000156
 0.012773 0.936638 0.012112 0.038477
 0.000156 0.000219 0.000219 0.999406
 0.010487 0.802288 0.084517 0.102708
 0.033794 0.909749 0.011498 0.044959
 0.000156 0.999468 0.000219 0.000156

MOTIF 24-CTCAAGYGATCC STREME-24
letter-probability matrix: alength= 4 w= 12 nsites= 410 E= 4.9e-004
 0.002987 0.726244 0.000122 0.270647
 0.000087 0.012925 0.000122 0.986866
 0.000087 0.973605 0.000122 0.026186
 0.967770 0.032021 0.000122 0.000087
 0.785056 0.000122 0.207731 0.007091
 0.067365 0.000122 0.902223 0.030290
 0.014587 0.412956 0.000122 0.572336
 0.244576 0.000122 0.749415 0.005887
 0.999669 0.000122 0.000122 0.000087
 0.000087 0.009854 0.000122 0.989936
 0.000087 0.736877 0.005922 0.257114
 0.016037 0.850423 0.000122 0.133419

MOTIF 25-CCCCTCCCCCASC STREME-25
letter-probability matrix: alength= 4 w= 13 nsites= 2953 E= 1.3e-003
 0.065912 0.727097 0.031211 0.175779
 0.074895 0.675880 0.069728 0.179498
 0.001190 0.996942 0.000020 0.001848
 0.126295 0.581670 0.050757 0.241279
 0.182017 0.000020 0.029420 0.788542
 0.036299 0.917864 0.000020 0.045816
 0.001260 0.885637 0.047908 0.065195
 0.000015 0.823421 0.000565 0.175999
 0.016046 0.862855 0.000020 0.121079
 0.086503 0.759723 0.095864 0.057910
 0.590339 0.000020 0.154391 0.255249
 0.130000 0.466872 0.284742 0.118386
 0.012421 0.826302 0.067374 0.093903

MOTIF 26-CAGCACCATGGACAG STREME-26
letter-probability matrix: alength= 4 w= 15 nsites= 175 E= 1.5e-003
 0.012073 0.951814 0.006197 0.029915
 0.981479 0.000250 0.018092 0.000179
 0.006126 0.024039 0.957761 0.012073
 0.047757 0.797185 0.113248 0.041810
 0.969585 0.006197 0.012145 0.012073
 0.000179 0.999392 0.000250 0.000179
 0.012073 0.963708 0.024039 0.000179
 0.654379 0.083512 0.119196 0.142913
 0.006126 0.297614 0.089459 0.606801
 0.012073 0.006197 0.969656 0.012073
 0.012073 0.024039 0.963708 0.000179
 0.916059 0.065670 0.006197 0.012073
 0.000179 0.880447 0.089459 0.029915
 0.969585 0.012145 0.006197 0.012073
 0.006126 0.018092 0.957761 0.018021

MOTIF 27-CCACCAGGGGGCG STREME-27
letter-probability matrix: alength= 4 w= 13 nsites= 281 E= 2.5e-003
 0.029154 0.934332 0.004714 0.031800
 0.000136 0.997660 0.002068 0.000136
 0.757464 0.000190 0.242210 0.000136
 0.000136 0.711731 0.287997 0.000136
 0.036324 0.815510 0.148030 0.000136
 0.985913 0.004714 0.000190 0.009183
 0.000136 0.000190 0.999538 0.000136
 0.288680 0.006591 0.700069 0.004660
 0.009604 0.009237 0.758849 0.222310
 0.000136 0.025875 0.964806 0.009183
 0.000136 0.004714 0.915048 0.080102
 0.000136 0.999538 0.000190 0.000136
 0.249421 0.007781 0.742662 0.000136

MOTIF 28-CTGGACTCTGVMC STREME-28
letter-probability matrix: alength= 4 w= 13 nsites= 465 E= 3.3e-003
 0.098197 0.604671 0.230303 0.066829
 0.031702 0.004968 0.000102 0.963227
 0.037578 0.004968 0.954947 0.002506
 0.212341 0.020803 0.688927 0.077929
 0.836645 0.081392 0.002535 0.079428
 0.024295 0.975529 0.000102 0.000073
 0.001083 0.120277 0.019566 0.859074
 0.041434 0.958390 0.000102 0.000073
 0.011166 0.010061 0.020576 0.958197
 0.023990 0.000102 0.973402 0.002506
 0.308238 0.377740 0.235910 0.078112
 0.276836 0.480469 0.046178 0.196517
 0.063928 0.881361 0.000102 0.054609

MOTIF 29-CCCAGCCCAGC STREME-29
letter-probability matrix: alength= 4 w= 11 nsites= 2482 E= 9.5e-003
 0.026769 0.914958 0.015712 0.042561
 0.009988 0.941213 0.041433 0.007366
 0.096204 0.735754 0.116003 0.052040
 0.863523 0.055313 0.058248 0.022916
 0.087221 0.062977 0.788961 0.060841
 0.027337 0.945334 0.013457 0.013872
 0.044857 0.810323 0.032088 0.112732
 0.062568 0.805240 0.049241 0.082951
 0.702383 0.133143 0.099993 0.064481
 0.030413 0.031675 0.883660 0.054252
 0.043695 0.855067 0.075457 0.025781

MOTIF 30-GACCCGGAA STREME-30
letter-probability matrix: alength= 4 w= 9 nsites= 797 E= 1.6e-002
 0.085853 0.182037 0.710846 0.021264
 0.901271 0.071132 0.000526 0.027071
 0.123161 0.865942 0.000526 0.010371
 0.015923 0.957022 0.026679 0.000376
 0.026748 0.972350 0.000526 0.000376
 0.055186 0.041108 0.867744 0.035962
 0.000376 0.000526 0.998721 0.000376
 0.909975 0.028055 0.044844 0.017126
 0.927007 0.000526 0.072090 0.000376

MOTIF 31-GAGACRGRGTCTYRC STREME-31
letter-probability matrix: alength= 4 w= 15 nsites= 153 E= 1.9e-002
 0.051260 0.007598 0.940922 0.000219
 0.977293 0.000307 0.022181 0.000219
 0.036677 0.014890 0.911756 0.036677
 0.962709 0.000307 0.036765 0.000219
 0.000219 0.744049 0.029473 0.226259
 0.627296 0.007598 0.343011 0.022094
 0.029386 0.007598 0.940922 0.022094
 0.620005 0.000307 0.350303 0.029386
 0.065844 0.000307 0.911756 0.022094
 0.000219 0.029473 0.014890 0.955418
 0.022094 0.816965 0.000307 0.160634
 0.000219 0.000307 0.000307 0.999167
 0.000219 0.641967 0.007598 0.350216
 0.350216 0.029473 0.605509 0.014803
 0.000219 0.911756 0.000307 0.087718

MOTIF 32-TGCGCATGCGCA STREME-32
letter-probability matrix: alength= 4 w= 12 nsites= 383 E= 3.6e-002
 0.000119 0.274409 0.083114 0.642358
 0.066533 0.004120 0.921319 0.008027
 0.015980 0.970532 0.000166 0.013322
 0.041636 0.000166 0.958078 0.000119
 0.000119 0.999596 0.000166 0.000119
 0.657852 0.144347 0.168026 0.029774
 0.029774 0.168026 0.144347 0.657852
 0.000119 0.000166 0.999596 0.000119
 0.000119 0.958078 0.000166 0.041636
 0.013322 0.000166 0.970532 0.015980
 0.008027 0.921319 0.004120 0.066533
 0.642358 0.083114 0.274409 0.000119

MOTIF 33-CATGTGACC STREME-33
letter-probability matrix: alength= 4 w= 9 nsites= 525 E= 6.1e-002
 0.100252 0.875482 0.024021 0.000244
 0.974628 0.000341 0.024787 0.000244
 0.026880 0.000341 0.103895 0.868884
 0.000244 0.000341 0.974707 0.024708
 0.000244 0.000341 0.000341 0.999073
 0.013167 0.000341 0.986247 0.000244
 0.999073 0.000341 0.000341 0.000244
 0.125595 0.804226 0.000341 0.069838
 0.198304 0.549601 0.016501 0.235594

MOTIF 34-CWYRGCTCACTGCA STREME-34
letter-probability matrix: alength= 4 w= 14 nsites= 234 E= 8.9e-002
 0.013775 0.954075 0.018375 0.013775
 0.442984 0.000191 0.000191 0.556634
 0.000137 0.624878 0.000191 0.374794
 0.447530 0.027467 0.493044 0.031959
 0.063781 0.018375 0.908616 0.009229
 0.000137 0.940438 0.000191 0.059235
 0.013775 0.000191 0.000191 0.985843
 0.004683 0.963167 0.009283 0.022867
 0.993048 0.002078 0.004737 0.000137
 0.006569 0.911275 0.013829 0.068327
 0.009229 0.018375 0.009283 0.963113
 0.036505 0.000191 0.963167 0.000137
 0.027413 0.908616 0.000191 0.063781
 0.985843 0.000191 0.013829 0.000137

MOTIF 35-YAAATATTTR STREME-35
letter-probability matrix: alength= 4 w= 10 nsites= 106 E= 1.3e-001
 0.000340 0.509052 0.000475 0.490132
 0.750114 0.115837 0.000475 0.133574
 0.935748 0.000475 0.000475 0.063301
 0.945507 0.000475 0.053678 0.000340
 0.000340 0.000475 0.000475 0.998709
 0.998709 0.000475 0.000475 0.000340
 0.000340 0.053678 0.000475 0.945507
 0.063301 0.000475 0.000475 0.935748
 0.133574 0.000475 0.115837 0.750114
 0.490132 0.000475 0.509052 0.000340

MOTIF 36-AGTGCAGTGGCRYGA STREME-36
letter-probability matrix: alength= 4 w= 15 nsites= 119 E= 1.5e-001
 0.973641 0.008820 0.000356 0.017183
 0.067968 0.000356 0.931421 0.000255
 0.000255 0.000356 0.000356 0.999033
 0.000255 0.000356 0.999135 0.000255
 0.000255 0.973742 0.000356 0.025647
 0.939784 0.000356 0.034213 0.025647
 0.169539 0.000356 0.829850 0.000255
 0.000255 0.000356 0.008820 0.990569
 0.025647 0.000356 0.973742 0.000255
 0.000255 0.025749 0.948349 0.025647
 0.025647 0.736744 0.017284 0.220325
 0.440394 0.017284 0.542067 0.000255
 0.034112 0.592852 0.025749 0.347288
 0.194932 0.034213 0.770601 0.000255
 0.939784 0.000356 0.042677 0.017183

MOTIF 37-TGACMTCA STREME-37
letter-probability matrix: alength= 4 w= 8 nsites= 773 E= 1.7e-001
 0.000428 0.203071 0.000599 0.795902
 0.000428 0.000599 0.998545 0.000428
 0.998375 0.000599 0.000599 0.000428
 0.000428 0.998545 0.000599 0.000428
 0.272967 0.508768 0.217837 0.000428
 0.000428 0.000599 0.041938 0.957036
 0.074645 0.845711 0.000599 0.079046
 0.891342 0.000599 0.107631 0.000428

MOTIF 38-AATGTCAACA STREME-38
letter-probability matrix: alength= 4 w= 10 nsites= 94 E= 2.4e-001
 0.886230 0.001230 0.001230 0.111310
 0.996660 0.001230 0.001230 0.000880
 0.000880 0.075926 0.001230 0.921964
 0.053032 0.001230 0.944859 0.000880
 0.000880 0.001230 0.001230 0.996660
 0.000880 0.997011 0.001230 0.000880
 0.967415 0.001230 0.030475 0.000880
 0.996660 0.001230 0.001230 0.000880
 0.000880 0.821041 0.001230 0.176849
 0.947585 0.001230 0.050306 0.000880

MOTIF 39-AATCAATA STREME-39
letter-probability matrix: alength= 4 w= 8 nsites= 217 E= 2.7e-001
 0.705338 0.000813 0.284522 0.009327
 0.997793 0.000813 0.000813 0.000581
 0.000581 0.000813 0.000813 0.997793
 0.000581 0.998024 0.000813 0.000581
 0.964552 0.000813 0.034053 0.000581
 0.997793 0.000813 0.000813 0.000581
 0.000581 0.000813 0.000813 0.997793
 0.997793 0.000813 0.000813 0.000581

MOTIF 40-CCCTCCCCTCCC STREME-40
letter-probability matrix: alength= 4 w= 12 nsites= 903 E= 2.9e-001
 0.057486 0.885666 0.020961 0.035887
 0.035944 0.804861 0.073803 0.085392
 0.039866 0.748531 0.136339 0.075264
 0.048035 0.000070 0.154360 0.797535
 0.027032 0.841023 0.072342 0.059603
 0.075204 0.831631 0.067654 0.025512
 0.042643 0.814673 0.111527 0.031157
 0.041537 0.871121 0.055779 0.031564
 0.070898 0.000070 0.044113 0.884919
 0.010079 0.865420 0.059596 0.064904
 0.053370 0.817008 0.110982 0.018641
 0.002823 0.926998 0.062730 0.007449

MOTIF 41-YCTTATCTMT STREME-41
letter-probability matrix: alength= 4 w= 10 nsites= 475 E= 3.3e-001
 0.093822 0.521798 0.069606 0.314774
 0.189909 0.576860 0.221876 0.011355
 0.007610 0.000158 0.014294 0.977939
 0.020508 0.003232 0.000158 0.976103
 0.999572 0.000158 0.000158 0.000113
 0.000113 0.012125 0.000158 0.987604
 0.000113 0.970379 0.000158 0.029351
 0.054848 0.000158 0.041103 0.903891
 0.290300 0.519892 0.060923 0.128885
 0.170759 0.179783 0.052396 0.597062

MOTIF 42-CAGCAGCAGCAGCR STREME-42
letter-probability matrix: alength= 4 w= 14 nsites= 583 E= 3.7e-001
 0.045067 0.791914 0.070310 0.092709
 0.607657 0.089708 0.225843 0.076792
 0.054766 0.004614 0.937355 0.003265
 0.004587 0.920686 0.056583 0.018144
 0.885316 0.037185 0.069714 0.007784
 0.004587 0.029469 0.965876 0.000068
 0.002327 0.937313 0.060292 0.000068
 0.613907 0.028147 0.192376 0.165570
 0.066724 0.115869 0.817339 0.000068
 0.004587 0.935564 0.030407 0.029442
 0.617898 0.146248 0.120934 0.114920
 0.138837 0.000095 0.855543 0.005525
 0.015501 0.940467 0.043964 0.000068
 0.368641 0.098540 0.427975 0.104844

MOTIF 43-CCGAGGCCGCG STREME-43
letter-probability matrix: alength= 4 w= 11 nsites= 3017 E= 3.9e-001
 0.095281 0.667807 0.120658 0.116254
 0.022550 0.928272 0.049138 0.000041
 0.101502 0.014680 0.839070 0.044748
 0.929031 0.015725 0.018472 0.036772
 0.050864 0.167107 0.771620 0.010408
 0.112006 0.070755 0.752927 0.064312
 0.135658 0.758299 0.014716 0.091327
 0.017522 0.859852 0.023782 0.098845
 0.109775 0.100364 0.715485 0.074377
 0.235226 0.616594 0.091835 0.056346
 0.073024 0.077018 0.802938 0.047020

MOTIF 44-ATTTCACAA STREME-44
letter-probability matrix: alength= 4 w= 9 nsites= 210 E= 4.5e-001
 0.997864 0.000787 0.000787 0.000563
 0.000563 0.000787 0.000787 0.997864
 0.002571 0.000787 0.140066 0.856576
 0.040549 0.000787 0.108782 0.849882
 0.059369 0.919573 0.001789 0.019268
 0.883668 0.000787 0.114982 0.000563
 0.000563 0.791187 0.000787 0.207464
 0.953860 0.000787 0.014360 0.030993
 0.997864 0.000787 0.000787 0.000563

MOTIF 45-GTCAACA STREME-45
letter-probability matrix: alength= 4 w= 7 nsites= 308 E= 4.8e-001
 0.018955 0.026500 0.935591 0.018955
 0.018955 0.026500 0.026500 0.928045
 0.018955 0.935591 0.026500 0.018955
 0.928045 0.026500 0.026500 0.018955
 0.928045 0.026500 0.026500 0.018955
 0.018955 0.935591 0.026500 0.018955
 0.928045 0.026500 0.026500 0.018955

MOTIF 46-CAAAGTCC STREME-46
letter-probability matrix: alength= 4 w= 8 nsites= 1312 E= 4.9e-001
 0.000287 0.999026 0.000401 0.000287
 0.804989 0.107342 0.054332 0.033337
 0.998912 0.000401 0.000401 0.000287
 0.901505 0.000401 0.097808 0.000287
 0.000287 0.000401 0.999026 0.000287
 0.000287 0.000401 0.000401 0.998912
 0.000287 0.863837 0.059083 0.076793
 0.043306 0.880564 0.000401 0.075730

MOTIF 47-CCATGGCAAC STREME-47
letter-probability matrix: alength= 4 w= 10 nsites= 60 E= 5.9e-001
 0.000640 0.997824 0.000895 0.000640
 0.000640 0.950182 0.000895 0.048283
 0.997569 0.000895 0.000895 0.000640
 0.000640 0.000895 0.000895 0.997569
 0.254229 0.001870 0.743261 0.000640
 0.000640 0.000895 0.997824 0.000640
 0.000640 0.870099 0.000895 0.128365
 0.756483 0.000895 0.241981 0.000640
 0.997569 0.000895 0.000895 0.000640
 0.000640 0.997824 0.000895 0.000640

MOTIF 48-CTAAAAATACA STREME-48
letter-probability matrix: alength= 4 w= 11 nsites= 64 E= 5.9e-001
 0.000607 0.949162 0.000849 0.049381
 0.000607 0.000849 0.000849 0.997694
 0.997694 0.000849 0.000849 0.000607
 0.744425 0.072354 0.182613 0.000607
 0.937106 0.000849 0.021045 0.040999
 0.957302 0.021045 0.021045 0.000607
 0.856322 0.101829 0.000849 0.040999
 0.000607 0.000849 0.000849 0.997694
 0.997694 0.000849 0.000849 0.000607
 0.000607 0.949162 0.049623 0.000607
 0.714951 0.223005 0.000849 0.061195

MOTIF 49-GAGAGAGAGAGAGAG STREME-49
letter-probability matrix: alength= 4 w= 15 nsites= 108 E= 8.5e-001
 0.092831 0.000486 0.906335 0.000348
 0.998680 0.000486 0.000486 0.000348
 0.058150 0.000486 0.941016 0.000348
 0.883075 0.116091 0.000486 0.000348
 0.000348 0.000486 0.998818 0.000348
 0.709668 0.000486 0.277937 0.011908
 0.000348 0.000486 0.998818 0.000348
 0.883075 0.104530 0.012047 0.000348
 0.000348 0.162333 0.836972 0.000348
 0.998680 0.000486 0.000486 0.000348
 0.000348 0.023607 0.894774 0.081271
 0.780007 0.058288 0.161357 0.000348
 0.029249 0.000486 0.969917 0.000348
 0.952438 0.000486 0.000486 0.046590
 0.199300 0.186567 0.579103 0.035029

MOTIF 50-TAAATA STREME-50
letter-probability matrix: alength= 4 w= 6 nsites= 918 E= 1.0e+000
 0.018955 0.026500 0.026500 0.928045
 0.928045 0.026500 0.026500 0.018955
 0.928045 0.026500 0.026500 0.018955
 0.928045 0.026500 0.026500 0.018955
 0.018955 0.026500 0.026500 0.928045
 0.928045 0.026500 0.026500 0.018955

MOTIF 51-CTTCCC STREME-51
letter-probability matrix: alength= 4 w= 6 nsites= 3951 E= 1.1e+000
 0.018955 0.935591 0.026500 0.018955
 0.018955 0.026500 0.026500 0.928045
 0.018955 0.026500 0.026500 0.928045
 0.018955 0.935591 0.026500 0.018955
 0.018955 0.935591 0.026500 0.018955
 0.018955 0.935591 0.026500 0.018955

MOTIF 52-CTGCAGCCGCCG STREME-52
letter-probability matrix: alength= 4 w= 12 nsites= 369 E= 1.1e+000
 0.010135 0.855165 0.126286 0.008414
 0.004962 0.068381 0.067115 0.859542
 0.015521 0.009053 0.940606 0.034820
 0.028955 0.953139 0.001906 0.016000
 0.705340 0.085639 0.174722 0.034299
 0.008414 0.042421 0.938509 0.010655
 0.016386 0.855921 0.038269 0.089424
 0.047010 0.910058 0.017552 0.025380
 0.046517 0.004548 0.926489 0.022446
 0.097439 0.825320 0.045584 0.031657
 0.025162 0.760476 0.115629 0.098733
 0.228549 0.069077 0.674569 0.027804

MOTIF 53-GCCTGTAATCCCAG STREME-53
letter-probability matrix: alength= 4 w= 14 nsites= 50 E= 1.2e+000
 0.144641 0.000944 0.853740 0.000675
 0.045559 0.952822 0.000944 0.000675
 0.000675 0.930380 0.023386 0.045559
 0.000675 0.023386 0.045828 0.930111
 0.090443 0.023386 0.863054 0.023117
 0.000675 0.023386 0.068270 0.907669
 0.885227 0.090712 0.023386 0.000675
 0.728133 0.000944 0.180480 0.090443
 0.000675 0.000944 0.000944 0.997437
 0.068001 0.863054 0.000944 0.068001
 0.000675 0.952822 0.045828 0.000675
 0.000675 0.773286 0.023386 0.202653
 0.930111 0.045828 0.000944 0.023117
 0.247537 0.113154 0.593750 0.045559

MOTIF 54-AGCCRGGCRTGGTGG STREME-54
letter-probability matrix: alength= 4 w= 15 nsites= 105 E= 1.2e+000
 0.957829 0.000431 0.041432 0.000308
 0.020809 0.010681 0.947701 0.020809
 0.000308 0.968202 0.000431 0.031059
 0.000308 0.998952 0.000431 0.000308
 0.558072 0.031182 0.359187 0.051559
 0.113060 0.010681 0.875950 0.000308
 0.031059 0.020931 0.937451 0.010559
 0.031059 0.650446 0.000431 0.318064
 0.389815 0.000431 0.599195 0.010559
 0.000308 0.035436 0.020931 0.943324
 0.041309 0.031182 0.916951 0.010559
 0.041309 0.031182 0.916951 0.010559
 0.000308 0.000431 0.000431 0.998830
 0.041309 0.000431 0.957952 0.000308
 0.000308 0.051682 0.927201 0.020809

MOTIF 55-AATGAATGAATGAAT STREME-55
letter-probability matrix: alength= 4 w= 15 nsites= 114 E= 1.2e+000
 0.907332 0.000385 0.092007 0.000276
 0.852359 0.009547 0.128656 0.009438
 0.055249 0.037034 0.027872 0.879845
 0.110222 0.110332 0.715036 0.064411
 0.962305 0.009547 0.027872 0.000276
 0.861521 0.000385 0.137818 0.000276
 0.000276 0.027872 0.000385 0.971467
 0.027762 0.156142 0.815820 0.000276
 0.843197 0.000385 0.146980 0.009438
 0.870683 0.009547 0.101169 0.018600
 0.009438 0.073683 0.046196 0.870683
 0.192681 0.101169 0.687549 0.018600
 0.824872 0.101169 0.055358 0.018600
 0.824872 0.055358 0.110332 0.009438
 0.101060 0.183629 0.110332 0.604980

MOTIF 56-GATGAGGAAAC STREME-56
letter-probability matrix: alength= 4 w= 11 nsites= 356 E= 1.2e+000
 0.095153 0.046850 0.845018 0.012979
 0.992876 0.000269 0.000269 0.006586
 0.016435 0.032236 0.000269 0.951060
 0.033391 0.000269 0.862285 0.104055
 0.939075 0.025843 0.025843 0.009239
 0.075827 0.052984 0.747549 0.123640
 0.101410 0.031150 0.775913 0.091528
 0.866139 0.056724 0.001501 0.075637
 0.955360 0.001337 0.010998 0.032305
 0.891072 0.023784 0.069510 0.015633
 0.022419 0.764843 0.050590 0.162148

MOTIF 57-CGCATGCGCACA STREME-57
letter-probability matrix: alength= 4 w= 12 nsites= 230 E= 1.3e+000
 0.050062 0.932907 0.016865 0.000167
 0.068994 0.027011 0.898284 0.005711
 0.016798 0.943994 0.005777 0.033430
 0.716533 0.132023 0.132345 0.019099
 0.020558 0.091753 0.149672 0.738018
 0.000167 0.022409 0.960626 0.016798
 0.008012 0.932490 0.021467 0.038032
 0.118419 0.054730 0.765702 0.061150
 0.027886 0.908430 0.005777 0.057907
 0.854709 0.005777 0.055672 0.083841
 0.046819 0.778986 0.157397 0.016798
 0.704754 0.062428 0.144891 0.087927

MOTIF 58-AATCGATC STREME-58
letter-probability matrix: alength= 4 w= 8 nsites= 174 E= 1.3e+000
 0.836630 0.072035 0.090626 0.000709
 0.894919 0.062605 0.009489 0.032987
 0.000709 0.000992 0.000992 0.997307
 0.000709 0.997590 0.000992 0.000709
 0.000709 0.000992 0.997590 0.000709
 0.997307 0.000992 0.000992 0.000709
 0.144781 0.059395 0.000992 0.794832
 0.000709 0.549317 0.253558 0.196415

MOTIF 59-CAGGAAG STREME-59
letter-probability matrix: alength= 4 w= 7 nsites= 1451 E= 1.4e+000
 0.018955 0.935591 0.026500 0.018955
 0.928045 0.026500 0.026500 0.018955
 0.018955 0.026500 0.935591 0.018955
 0.018955 0.026500 0.935591 0.018955
 0.928045 0.026500 0.026500 0.018955
 0.928045 0.026500 0.026500 0.018955
 0.018955 0.026500 0.935591 0.018955

MOTIF 60-CTCTGCCCTC STREME-60
letter-probability matrix: alength= 4 w= 10 nsites= 505 E= 1.4e+000
 0.000346 0.998825 0.000483 0.000346
 0.056388 0.000483 0.000483 0.942645
 0.012433 0.898134 0.000483 0.088950
 0.000346 0.000483 0.042082 0.957089
 0.185382 0.000483 0.813789 0.000346
 0.052632 0.946539 0.000483 0.000346
 0.000346 0.850558 0.053257 0.095839
 0.072470 0.774020 0.096456 0.057054
 0.169091 0.000483 0.000483 0.829943
 0.013681 0.985490 0.000483 0.000346

MOTIF 61-ACATTCCAG STREME-61
letter-probability matrix: alength= 4 w= 9 nsites= 85 E= 1.5e+000
 0.928045 0.026500 0.026500 0.018955
 0.018955 0.935591 0.026500 0.018955
 0.928045 0.026500 0.026500 0.018955
 0.018955 0.026500 0.026500 0.928045
 0.018955 0.026500 0.026500 0.928045
 0.018955 0.935591 0.026500 0.018955
 0.018955 0.935591 0.026500 0.018955
 0.928045 0.026500 0.026500 0.018955
 0.018955 0.026500 0.935591 0.018955

MOTIF 62-CCTCAGCCTCC STREME-62
letter-probability matrix: alength= 4 w= 11 nsites= 311 E= 1.6e+000
 0.000192 0.904756 0.030100 0.064952
 0.004823 0.812964 0.160097 0.022116
 0.000192 0.054728 0.000268 0.944812
 0.000192 0.999348 0.000268 0.000192
 0.611283 0.000268 0.254810 0.133639
 0.032033 0.032026 0.914833 0.021109
 0.000192 0.999348 0.000268 0.000192
 0.013904 0.753056 0.148689 0.084352
 0.000192 0.000268 0.000268 0.999271
 0.026952 0.972587 0.000268 0.000192
 0.013760 0.582517 0.129585 0.274139

MOTIF 63-GCACCGCCC STREME-63
letter-probability matrix: alength= 4 w= 9 nsites= 112 E= 2.2e+000
 0.018955 0.026500 0.935591 0.018955
 0.018955 0.935591 0.026500 0.018955
 0.928045 0.026500 0.026500 0.018955
 0.018955 0.935591 0.026500 0.018955
 0.018955 0.935591 0.026500 0.018955
 0.018955 0.026500 0.935591 0.018955
 0.018955 0.935591 0.026500 0.018955
 0.018955 0.935591 0.026500 0.018955
 0.018955 0.935591 0.026500 0.018955

MOTIF 64-AAAGAAAAGAA STREME-64
letter-probability matrix: alength= 4 w= 11 nsites= 142 E= 2.2e+000
 0.964577 0.034291 0.000660 0.000472
 0.889557 0.044473 0.049797 0.016173
 0.959652 0.000660 0.039215 0.000472
 0.000472 0.000660 0.935594 0.063274
 0.730432 0.040548 0.118646 0.110375
 0.998207 0.000660 0.000660 0.000472
 0.954395 0.044473 0.000660 0.000472
 0.845857 0.000660 0.058809 0.094674
 0.000472 0.043499 0.937135 0.018893
 0.955043 0.043825 0.000660 0.000472
 0.998207 0.000660 0.000660 0.000472

MOTIF 65-TCTCGCGAGA STREME-65
letter-probability matrix: alength= 4 w= 10 nsites= 51 E= 2.4e+000
 0.000975 0.001363 0.001363 0.996299
 0.195905 0.774562 0.028558 0.000975
 0.000975 0.001363 0.001363 0.996299
 0.000975 0.996687 0.001363 0.000975
 0.000975 0.001363 0.996687 0.000975
 0.000975 0.996687 0.001363 0.000975
 0.000975 0.001363 0.996687 0.000975
 0.996299 0.001363 0.001363 0.000975
 0.000975 0.028558 0.774562 0.195905
 0.996299 0.001363 0.001363 0.000975

MOTIF 66-AGTAGCTGGGACYA STREME-66
letter-probability matrix: alength= 4 w= 14 nsites= 81 E= 2.4e+000
 0.984116 0.014856 0.000600 0.000429
 0.000429 0.000600 0.998543 0.000429
 0.000429 0.057625 0.014856 0.927090
 0.984116 0.000600 0.014856 0.000429
 0.085967 0.000600 0.913005 0.000429
 0.014685 0.927261 0.000600 0.057454
 0.071710 0.014856 0.014856 0.898578
 0.128736 0.000600 0.870236 0.000429
 0.114479 0.000600 0.855979 0.028941
 0.171505 0.014856 0.756185 0.057454
 0.884321 0.029112 0.086138 0.000429
 0.014685 0.784698 0.000600 0.200017
 0.071710 0.357008 0.057625 0.513657
 0.884321 0.014856 0.100394 0.000429

MOTIF 67-CCCAGGGTCA STREME-67
letter-probability matrix: alength= 4 w= 10 nsites= 160 E= 2.4e+000
 0.003724 0.886820 0.015342 0.094115
 0.000443 0.810964 0.004164 0.184429
 0.000443 0.882994 0.020772 0.095792
 0.883050 0.041908 0.074599 0.000443
 0.000443 0.028085 0.944775 0.026697
 0.000443 0.014003 0.985111 0.000443
 0.030725 0.000619 0.938202 0.030454
 0.000443 0.000619 0.000619 0.998319
 0.005503 0.896930 0.000619 0.096948
 0.967022 0.000619 0.031916 0.000443

MOTIF 68-CTGGGGCTGCAG STREME-68
letter-probability matrix: alength= 4 w= 12 nsites= 459 E= 2.4e+000
 0.055565 0.852995 0.055441 0.035999
 0.007754 0.143922 0.080129 0.768195
 0.042217 0.078674 0.831904 0.047205
 0.006371 0.046819 0.938409 0.008401
 0.003457 0.025009 0.942118 0.029416
 0.068860 0.008950 0.827761 0.094429
 0.034833 0.916915 0.000389 0.047863
 0.004565 0.094100 0.001829 0.899507
 0.031155 0.008454 0.953575 0.006817
 0.029523 0.759130 0.139419 0.071929
 0.706105 0.089271 0.194001 0.010623
 0.029560 0.050876 0.849062 0.070502

MOTIF 69-CCCGCCCC STREME-69
letter-probability matrix: alength= 4 w= 8 nsites= 617 E= 2.8e+000
 0.018955 0.935591 0.026500 0.018955
 0.018955 0.935591 0.026500 0.018955
 0.018955 0.935591 0.026500 0.018955
 0.018955 0.026500 0.935591 0.018955
 0.018955 0.935591 0.026500 0.018955
 0.018955 0.935591 0.026500 0.018955
 0.018955 0.935591 0.026500 0.018955
 0.018955 0.935591 0.026500 0.018955

MOTIF 70-ACAAACA STREME-70
letter-probability matrix: alength= 4 w= 7 nsites= 651 E= 3.2e+000
 0.928045 0.026500 0.026500 0.018955
 0.018955 0.935591 0.026500 0.018955
 0.928045 0.026500 0.026500 0.018955
 0.928045 0.026500 0.026500 0.018955
 0.928045 0.026500 0.026500 0.018955
 0.018955 0.935591 0.026500 0.018955
 0.928045 0.026500 0.026500 0.018955

MOTIF 71-AAAGAGAAAC STREME-71
letter-probability matrix: alength= 4 w= 10 nsites= 76 E= 3.5e+000
 0.995962 0.001487 0.001487 0.001064
 0.995962 0.001487 0.001487 0.001064
 0.995962 0.001487 0.001487 0.001064
 0.001064 0.001487 0.849900 0.147549
 0.748402 0.249047 0.001487 0.001064
 0.001064 0.001487 0.848109 0.149340
 0.995962 0.001487 0.001487 0.001064
 0.995962 0.001487 0.001487 0.001064
 0.995962 0.001487 0.001487 0.001064
 0.001064 0.996385 0.001487 0.001064

MOTIF 72-CCACCGCCTCCTCYS STREME-72
letter-probability matrix: alength= 4 w= 15 nsites= 83 E= 3.5e+000
 0.000478 0.903100 0.048306 0.048116
 0.000478 0.966618 0.032427 0.000478
 0.769283 0.016547 0.213692 0.000478
 0.000478 0.966618 0.032427 0.000478
 0.016357 0.966618 0.016547 0.000478
 0.063996 0.016547 0.918979 0.000478
 0.016357 0.934859 0.000668 0.048116
 0.000478 0.950738 0.032427 0.016357
 0.134104 0.150174 0.064186 0.651536
 0.032237 0.903100 0.000668 0.063996
 0.000478 0.918979 0.080065 0.000478
 0.000478 0.000668 0.222981 0.775874
 0.000478 0.950738 0.000668 0.048116
 0.111634 0.324848 0.080065 0.483453
 0.063996 0.270619 0.515402 0.149984

MOTIF 73-GAGCCCAGC STREME-73
letter-probability matrix: alength= 4 w= 9 nsites= 206 E= 3.8e+000
 0.018955 0.026500 0.935591 0.018955
 0.928045 0.026500 0.026500 0.018955
 0.018955 0.026500 0.935591 0.018955
 0.018955 0.935591 0.026500 0.018955
 0.018955 0.935591 0.026500 0.018955
 0.018955 0.935591 0.026500 0.018955
 0.928045 0.026500 0.026500 0.018955
 0.018955 0.026500 0.935591 0.018955
 0.018955 0.935591 0.026500 0.018955

MOTIF 74-CTTTGTCYCT STREME-74
letter-probability matrix: alength= 4 w= 10 nsites= 361 E= 4.0e+000
 0.044014 0.909088 0.046572 0.000326
 0.000326 0.278997 0.015273 0.705404
 0.000326 0.114586 0.000455 0.884633
 0.203093 0.000455 0.000455 0.795996
 0.052516 0.000455 0.946703 0.000326
 0.000326 0.000455 0.000455 0.998764
 0.008986 0.990233 0.000455 0.000326
 0.000326 0.571261 0.000455 0.427958
 0.027828 0.946813 0.000455 0.024904
 0.000326 0.112823 0.000455 0.886397

MOTIF 75-AAAGTAAAC STREME-75
letter-probability matrix: alength= 4 w= 9 nsites= 349 E= 1.6e+001
 0.955130 0.000664 0.000664 0.043542
 0.904406 0.000664 0.054355 0.040575
 0.871448 0.053642 0.000664 0.074247
 0.097733 0.041857 0.782255 0.078156
 0.000475 0.057520 0.089576 0.852429
 0.998198 0.000664 0.000664 0.000475
 0.899325 0.048218 0.051982 0.000475
 0.998198 0.000664 0.000664 0.000475
 0.000475 0.937179 0.000664 0.061682

MOTIF 76-AGGGGCAGGGYRAGG STREME-76
letter-probability matrix: alength= 4 w= 15 nsites= 180 E= 1.9e+001
 0.809547 0.091122 0.099160 0.000171
 0.074014 0.000239 0.919896 0.005851
 0.099092 0.000239 0.889138 0.011531
 0.028572 0.005919 0.942617 0.022892
 0.017212 0.034320 0.914216 0.034252
 0.000171 0.948297 0.000239 0.051293
 0.953910 0.034320 0.000239 0.011531
 0.070691 0.000239 0.900498 0.028572
 0.019569 0.028640 0.911859 0.039932
 0.082051 0.011599 0.894818 0.011531
 0.127493 0.345767 0.076439 0.450301
 0.394464 0.177718 0.297968 0.129851
 0.602701 0.051361 0.263886 0.082051
 0.212696 0.005919 0.781214 0.000171
 0.096735 0.070759 0.786894 0.045613

********************************************************************************
Stopped because 3 consecutive motifs exceeded the p-value threshold (0.05).
********************************************************************************
COMMAND:	streme --verbosity 1 --oc meme_out_incomplete_DL/HepG2_ARNTL-human_ENCFF049HEP/streme_out -dna --seed 0 --p meme_out_incomplete_DL/HepG2_ARNTL-human_ENCFF049HEP/seqs-centered --minw 6 --maxw 15 --time 6180 --order 2 --thresh 0.05 --align center --totallength 4000000 --parse-genomic-coord
********************************************************************************
CPU:		9f05ee173ae9
********************************************************************************
FINALTIME:	3345.94 seconds
********************************************************************************
