********************************************************************************
STREME - Sensitive, Thorough, Rapid, Enriched Motif Elicitation
********************************************************************************
MEME version 5.5.3 (Release date: Sat Jun 10 16:19:38 2023 -0700)

For further information on how to interpret these results please access http://localhost:8080/meme_5.5.3.
To get a copy of the MEME Suite software please access https://meme-suite.org.

********************************************************************************


********************************************************************************
REFERENCE
********************************************************************************
If you use this program in your research, please cite:

Timothy L. Bailey,
"STREME: accurate and versatile sequence motif discovery",
Bioinformatics, Mar. 24, 2021.
********************************************************************************


ALPHABET= ACGT

strands: + -

Background letter frequencies
A 0.199 C 0.301 G 0.301 T 0.199 

MOTIF 1-CCCCGCCCCCD STREME-1
letter-probability matrix: alength= 4 w= 11 nsites= 455 E= 1.9e-003
 0.016339 0.900366 0.000184 0.083112
 0.000122 0.971768 0.000184 0.027927
 0.000122 0.983999 0.000184 0.015695
 0.000122 0.999573 0.000184 0.000122
 0.128048 0.000184 0.811120 0.060648
 0.074066 0.925628 0.000184 0.000122
 0.000122 0.976515 0.000184 0.023180
 0.000122 0.859577 0.000184 0.140118
 0.062728 0.907743 0.000184 0.029345
 0.008590 0.748063 0.158673 0.084674
 0.209309 0.155485 0.274555 0.360650

MOTIF 2-VSCACGTGSB STREME-2
letter-probability matrix: alength= 4 w= 10 nsites= 198 E= 2.4e-003
 0.247663 0.366969 0.210145 0.175223
 0.000212 0.524169 0.300804 0.174816
 0.000212 0.953135 0.046441 0.000212
 0.999148 0.000320 0.000320 0.000212
 0.000212 0.999256 0.000320 0.000212
 0.000212 0.000320 0.999256 0.000212
 0.000212 0.000320 0.000320 0.999148
 0.000212 0.046441 0.953135 0.000212
 0.174816 0.300804 0.524169 0.000212
 0.175223 0.210145 0.366969 0.247663

MOTIF 3-AAAAAAAAAAAAAAG STREME-3
letter-probability matrix: alength= 4 w= 15 nsites= 160 E= 1.5e-002
 0.858426 0.028188 0.064387 0.048999
 0.894625 0.035159 0.035159 0.035057
 0.790056 0.076987 0.076987 0.055971
 0.797027 0.070015 0.021216 0.111741
 0.863254 0.056073 0.042130 0.038542
 0.817941 0.104872 0.056073 0.021114
 0.758685 0.101386 0.042130 0.097798
 0.852797 0.049102 0.028188 0.069913
 0.810970 0.097901 0.042130 0.048999
 0.908568 0.035159 0.014245 0.042028
 0.810970 0.104872 0.063044 0.021114
 0.748228 0.083958 0.028188 0.139626
 0.797027 0.056073 0.014245 0.132655
 0.936453 0.028188 0.000303 0.035057
 0.010479 0.235082 0.628378 0.126061

MOTIF 4-CTGGGATTACAG STREME-4
letter-probability matrix: alength= 4 w= 12 nsites= 103 E= 4.3e-002
 0.000299 0.905342 0.000452 0.093908
 0.031502 0.010853 0.000452 0.957194
 0.083507 0.010853 0.905342 0.000299
 0.021101 0.000452 0.978149 0.000299
 0.052304 0.000452 0.936545 0.010700
 0.977996 0.000452 0.000452 0.021101
 0.021101 0.146066 0.000452 0.832382
 0.000299 0.010853 0.052457 0.936392
 0.967595 0.000452 0.021254 0.010700
 0.000299 0.874139 0.031655 0.093908
 0.957194 0.021254 0.010853 0.010700
 0.093908 0.000452 0.905342 0.000299

MOTIF 5-CCAGCCTGGSCAACA STREME-5
letter-probability matrix: alength= 4 w= 15 nsites= 100 E= 4.3e-002
 0.000337 0.928347 0.012255 0.059061
 0.023827 0.893112 0.012255 0.070806
 0.998643 0.000510 0.000510 0.000337
 0.035572 0.012255 0.893112 0.059061
 0.000337 0.940092 0.000510 0.059061
 0.000337 0.975326 0.012255 0.012082
 0.000337 0.023999 0.000510 0.975153
 0.023827 0.000510 0.975326 0.000337
 0.094296 0.012255 0.893112 0.000337
 0.059061 0.411577 0.517280 0.012082
 0.059061 0.705196 0.000510 0.235233
 0.810727 0.012255 0.176681 0.000337
 0.963409 0.012255 0.023999 0.000337
 0.000337 0.940092 0.012255 0.047316
 0.951664 0.000510 0.047489 0.000337

MOTIF 6-CACTTCCGG STREME-6
letter-probability matrix: alength= 4 w= 9 nsites= 129 E= 1.4e-001
 0.037459 0.764604 0.031775 0.166162
 0.841329 0.000655 0.157583 0.000433
 0.000433 0.998479 0.000655 0.000433
 0.000433 0.000655 0.000655 0.998258
 0.000433 0.000655 0.000655 0.998258
 0.015511 0.923091 0.000655 0.060744
 0.000433 0.998479 0.000655 0.000433
 0.000433 0.049419 0.949714 0.000433
 0.000433 0.220010 0.672483 0.107074

MOTIF 7-GCGCMTGCGCA STREME-7
letter-probability matrix: alength= 4 w= 11 nsites= 120 E= 1.4e-001
 0.111408 0.000498 0.876287 0.011807
 0.111277 0.864941 0.023453 0.000330
 0.000330 0.000498 0.998842 0.000330
 0.000330 0.998842 0.000498 0.000330
 0.528213 0.304906 0.152692 0.014189
 0.034762 0.069803 0.000498 0.894937
 0.000330 0.000498 0.998842 0.000330
 0.000330 0.998842 0.000498 0.000330
 0.000330 0.000498 0.998842 0.000330
 0.000330 0.941456 0.000498 0.057716
 0.703552 0.000498 0.272666 0.023284

MOTIF 8-TCAGCACCAYGGA STREME-8
letter-probability matrix: alength= 4 w= 13 nsites= 97 E= 1.4e-001
 0.017800 0.079346 0.109309 0.793545
 0.052895 0.928924 0.000381 0.017800
 0.981438 0.000381 0.000381 0.017800
 0.009026 0.035476 0.911376 0.044122
 0.079217 0.806089 0.096894 0.017800
 0.916380 0.053024 0.000381 0.030215
 0.026574 0.964019 0.009155 0.000252
 0.026574 0.893828 0.079346 0.000252
 0.653162 0.123216 0.140763 0.082859
 0.166956 0.439076 0.140763 0.253204
 0.052895 0.035476 0.902602 0.009026
 0.035348 0.026703 0.849959 0.087991
 0.797186 0.149537 0.035476 0.017800

MOTIF 9-ATGGCGRCG STREME-9
letter-probability matrix: alength= 4 w= 9 nsites= 222 E= 2.7e-001
 0.999033 0.000363 0.000363 0.000240
 0.000240 0.110581 0.000363 0.888816
 0.000240 0.000363 0.999156 0.000240
 0.118584 0.000363 0.862664 0.018388
 0.000240 0.891874 0.000363 0.107522
 0.096649 0.000363 0.783993 0.118995
 0.357194 0.000363 0.628159 0.014283
 0.000240 0.999156 0.000363 0.000240
 0.066303 0.092523 0.711564 0.129610

MOTIF 10-CGTGAGCCACCGC STREME-10
letter-probability matrix: alength= 4 w= 13 nsites= 76 E= 3.4e-001
 0.000486 0.998295 0.000734 0.000486
 0.135748 0.034550 0.829217 0.000486
 0.000486 0.051457 0.000734 0.947323
 0.034301 0.000734 0.947571 0.017393
 0.879692 0.068365 0.000734 0.051209
 0.017393 0.034550 0.947571 0.000486
 0.034301 0.879940 0.017642 0.068117
 0.000486 0.998295 0.000734 0.000486
 0.947323 0.017642 0.034550 0.000486
 0.017393 0.930663 0.051457 0.000486
 0.034301 0.829217 0.017642 0.118840
 0.118840 0.000734 0.812309 0.068117
 0.017393 0.761585 0.017642 0.203379

MOTIF 11-GCAGTGAGCYGAGAT STREME-11
letter-probability matrix: alength= 4 w= 15 nsites= 43 E= 3.4e-001
 0.000817 0.001235 0.968676 0.029271
 0.000817 0.968676 0.001235 0.029271
 0.968258 0.001235 0.029689 0.000817
 0.029271 0.001235 0.968676 0.000817
 0.000817 0.001235 0.029689 0.968258
 0.057726 0.001235 0.940222 0.000817
 0.996712 0.001235 0.001235 0.000817
 0.000817 0.029689 0.940222 0.029271
 0.057726 0.911768 0.029689 0.000817
 0.057726 0.541864 0.001235 0.399175
 0.143088 0.029689 0.826405 0.000817
 0.854442 0.001235 0.001235 0.143088
 0.000817 0.029689 0.968676 0.000817
 0.996712 0.001235 0.001235 0.000817
 0.029271 0.029689 0.001235 0.939804

MOTIF 12-CGGGGAC STREME-12
letter-probability matrix: alength= 4 w= 7 nsites= 341 E= 4.5e-001
 0.000751 0.997363 0.001135 0.000751
 0.000751 0.001135 0.997363 0.000751
 0.000751 0.001135 0.997363 0.000751
 0.000751 0.112132 0.621145 0.265972
 0.000751 0.001135 0.790943 0.207171
 0.996979 0.001135 0.001135 0.000751
 0.000751 0.997363 0.001135 0.000751

MOTIF 13-CCCAGC STREME-13
letter-probability matrix: alength= 4 w= 6 nsites= 1205 E= 6.1e-001
 0.018100 0.936445 0.027355 0.018100
 0.018100 0.936445 0.027355 0.018100
 0.018100 0.936445 0.027355 0.018100
 0.927191 0.027355 0.027355 0.018100
 0.018100 0.027355 0.936445 0.018100
 0.018100 0.936445 0.027355 0.018100

MOTIF 14-GCCGCCGCCRCCGCG STREME-14
letter-probability matrix: alength= 4 w= 15 nsites= 108 E= 6.3e-001
 0.017474 0.045269 0.911364 0.025893
 0.038747 0.893850 0.028655 0.038747
 0.019466 0.883664 0.058123 0.038747
 0.019466 0.006706 0.967216 0.006612
 0.006612 0.915799 0.025987 0.051602
 0.077310 0.797444 0.073645 0.051602
 0.051602 0.051696 0.857955 0.038747
 0.032320 0.902945 0.038842 0.025893
 0.013039 0.896518 0.058123 0.032320
 0.523449 0.083832 0.296129 0.096591
 0.038747 0.851528 0.090259 0.019466
 0.038747 0.832247 0.077404 0.051602
 0.045174 0.103113 0.742267 0.109446
 0.060696 0.797444 0.096686 0.045174
 0.083737 0.280607 0.564773 0.070883

MOTIF 15-CAGGAGTTCRAG STREME-15
letter-probability matrix: alength= 4 w= 12 nsites= 87 E= 6.9e-001
 0.000336 0.893419 0.000508 0.105736
 0.869825 0.000508 0.070775 0.058892
 0.105736 0.000508 0.893419 0.000336
 0.047181 0.000508 0.951975 0.000336
 0.998647 0.000508 0.000508 0.000336
 0.145730 0.000508 0.853426 0.000336
 0.140869 0.000508 0.017080 0.841543
 0.000336 0.023931 0.000508 0.975225
 0.052041 0.726594 0.070775 0.150590
 0.328246 0.000508 0.647487 0.023759
 0.963514 0.000508 0.035642 0.000336
 0.070603 0.070775 0.788020 0.070603

MOTIF 16-ACTACAWTTCCCA STREME-16
letter-probability matrix: alength= 4 w= 13 nsites= 29 E= 6.9e-001
 0.994264 0.002155 0.002155 0.001426
 0.051068 0.945351 0.002155 0.001426
 0.001426 0.002155 0.002155 0.994264
 0.944622 0.002155 0.002155 0.051068
 0.001426 0.994993 0.002155 0.001426
 0.894980 0.002155 0.101439 0.001426
 0.448203 0.002155 0.051797 0.497845
 0.001426 0.200723 0.051797 0.746055
 0.051068 0.051797 0.002155 0.894980
 0.051068 0.945351 0.002155 0.001426
 0.001426 0.994993 0.002155 0.001426
 0.001426 0.994993 0.002155 0.001426
 0.894980 0.002155 0.101439 0.001426

MOTIF 17-GCCTCRGCCTCCCRA STREME-17
letter-probability matrix: alength= 4 w= 15 nsites= 85 E= 6.9e-001
 0.240431 0.000549 0.758658 0.000363
 0.012998 0.897644 0.000549 0.088809
 0.012998 0.935550 0.013184 0.038268
 0.000363 0.000549 0.000549 0.998540
 0.000363 0.910280 0.000549 0.088809
 0.543675 0.063724 0.379603 0.012998
 0.038268 0.013184 0.948185 0.000363
 0.000363 0.960820 0.000549 0.038268
 0.012998 0.960820 0.000549 0.025633
 0.000363 0.000549 0.000549 0.998540
 0.000363 0.960820 0.000549 0.038268
 0.000363 0.986090 0.013184 0.000363
 0.000363 0.859739 0.000549 0.139350
 0.606850 0.051089 0.329062 0.012998
 0.947999 0.013184 0.038454 0.000363

MOTIF 18-ACATCCGGGW STREME-18
letter-probability matrix: alength= 4 w= 10 nsites= 126 E= 7.2e-001
 0.664899 0.013221 0.111523 0.210357
 0.021442 0.903810 0.063875 0.010873
 0.982496 0.000459 0.000459 0.016586
 0.000304 0.000459 0.000459 0.998779
 0.000304 0.998934 0.000459 0.000304
 0.000304 0.998934 0.000459 0.000304
 0.000304 0.000459 0.998934 0.000304
 0.000304 0.000459 0.988365 0.010873
 0.000304 0.000459 0.988365 0.010873
 0.282272 0.142649 0.124753 0.450325

MOTIF 19-AGGAAG STREME-19
letter-probability matrix: alength= 4 w= 6 nsites= 770 E= 1.0e+000
 0.927191 0.027355 0.027355 0.018100
 0.018100 0.027355 0.936445 0.018100
 0.018100 0.027355 0.936445 0.018100
 0.927191 0.027355 0.027355 0.018100
 0.927191 0.027355 0.027355 0.018100
 0.018100 0.027355 0.936445 0.018100

MOTIF 20-AAACCCCRTCTCTAC STREME-20
letter-probability matrix: alength= 4 w= 15 nsites= 68 E= 2.8e+000
 0.983630 0.000637 0.000637 0.015096
 0.792858 0.000637 0.206084 0.000422
 0.939605 0.015312 0.029987 0.015096
 0.000422 0.969170 0.000637 0.029771
 0.000422 0.837098 0.000637 0.161844
 0.000422 0.837098 0.000637 0.161844
 0.117820 0.646326 0.000637 0.235217
 0.323266 0.000637 0.616976 0.059121
 0.015096 0.044661 0.088686 0.851557
 0.000422 0.895797 0.000637 0.103145
 0.000422 0.000637 0.000637 0.998304
 0.015096 0.983845 0.000637 0.000422
 0.161844 0.088686 0.000637 0.748834
 0.880906 0.000637 0.118035 0.000422
 0.161844 0.822423 0.000637 0.015096

MOTIF 21-GAGAATCGCTTGARC STREME-21
letter-probability matrix: alength= 4 w= 15 nsites= 56 E= 2.8e+000
 0.074407 0.000802 0.887322 0.037469
 0.997866 0.000802 0.000802 0.000531
 0.055938 0.000802 0.942730 0.000531
 0.665421 0.019271 0.259370 0.055938
 0.960928 0.037740 0.000802 0.000531
 0.000531 0.000802 0.000802 0.997866
 0.074407 0.591815 0.074678 0.259099
 0.314506 0.019271 0.647223 0.019000
 0.000531 0.887322 0.019271 0.092876
 0.074407 0.019271 0.148555 0.757767
 0.000531 0.000802 0.000802 0.997866
 0.019000 0.000802 0.942730 0.037469
 0.997866 0.000802 0.000802 0.000531
 0.646952 0.019271 0.333247 0.000531
 0.129815 0.794976 0.037740 0.037469

MOTIF 22-GTAAATA STREME-22
letter-probability matrix: alength= 4 w= 7 nsites= 296 E= 5.1e+000
 0.135600 0.025264 0.784569 0.054567
 0.000393 0.015366 0.000594 0.983647
 0.975739 0.007639 0.001610 0.015013
 0.799710 0.003756 0.080020 0.116514
 0.910796 0.048604 0.021134 0.019466
 0.000393 0.278028 0.000594 0.720985
 0.960467 0.015896 0.023244 0.000393

********************************************************************************
Stopped because 3 consecutive motifs exceeded the p-value threshold (0.05).
********************************************************************************
COMMAND:	streme --verbosity 1 --oc meme_out_incomplete_DL/HepG2_DMTF1-human_ENCFF886PNQ/streme_out -dna --seed 0 --p meme_out_incomplete_DL/HepG2_DMTF1-human_ENCFF886PNQ/seqs-centered --minw 6 --maxw 15 --time 6193 --order 2 --thresh 0.05 --align center --totallength 4000000 --parse-genomic-coord
********************************************************************************
CPU:		9f05ee173ae9
********************************************************************************
FINALTIME:	154.29 seconds
********************************************************************************
