********************************************************************************
STREME - Sensitive, Thorough, Rapid, Enriched Motif Elicitation
********************************************************************************
MEME version 5.5.3 (Release date: Sat Jun 10 16:19:38 2023 -0700)

For further information on how to interpret these results please access http://localhost:8080/meme_5.5.3.
To get a copy of the MEME Suite software please access https://meme-suite.org.

********************************************************************************


********************************************************************************
REFERENCE
********************************************************************************
If you use this program in your research, please cite:

Timothy L. Bailey,
"STREME: accurate and versatile sequence motif discovery",
Bioinformatics, Mar. 24, 2021.
********************************************************************************


ALPHABET= ACGT

strands: + -

Background letter frequencies
A 0.202 C 0.298 G 0.298 T 0.202 

MOTIF 1-GCCCCGCCCCCBSC STREME-1
letter-probability matrix: alength= 4 w= 14 nsites= 3798 E= 9.7e-043
 0.081003 0.042692 0.771138 0.105168
 0.018918 0.876851 0.010276 0.093955
 0.022011 0.907624 0.000014 0.070351
 0.045348 0.954629 0.000014 0.000009
 0.000009 0.999968 0.000014 0.000009
 0.062536 0.000014 0.882313 0.055137
 0.000009 0.999968 0.000014 0.000009
 0.000009 0.999968 0.000014 0.000009
 0.000009 0.865663 0.000014 0.134314
 0.094115 0.868149 0.000014 0.037723
 0.050012 0.541676 0.175552 0.232761
 0.118662 0.318758 0.251202 0.311378
 0.095521 0.486499 0.284521 0.133459
 0.102055 0.580396 0.222069 0.095480

MOTIF 2-NRTGACGTCAYN STREME-2
letter-probability matrix: alength= 4 w= 12 nsites= 3120 E= 6.7e-039
 0.255290 0.197569 0.344791 0.202350
 0.339298 0.154144 0.479104 0.027454
 0.018117 0.049686 0.011883 0.920314
 0.012201 0.012649 0.843993 0.131157
 0.949056 0.000020 0.031640 0.019283
 0.000014 0.818783 0.045698 0.135505
 0.135505 0.045698 0.818783 0.000014
 0.019283 0.031640 0.000020 0.949056
 0.131157 0.843993 0.012649 0.012201
 0.920314 0.011883 0.049686 0.018117
 0.027454 0.479104 0.154144 0.339298
 0.202350 0.344791 0.197569 0.255290

MOTIF 3-CRGCCAATSRG STREME-3
letter-probability matrix: alength= 4 w= 11 nsites= 1750 E= 4.9e-034
 0.025551 0.522880 0.201185 0.250383
 0.585574 0.001693 0.411880 0.000853
 0.261414 0.000036 0.657821 0.080729
 0.000024 0.999916 0.000036 0.000024
 0.000024 0.999916 0.000036 0.000024
 0.999905 0.000036 0.000036 0.000024
 0.999905 0.000036 0.000036 0.000024
 0.000024 0.000036 0.000036 0.999905
 0.075995 0.609749 0.314231 0.000024
 0.539024 0.025349 0.435603 0.000024
 0.112924 0.168456 0.665558 0.053062

MOTIF 4-RACTACAWYTCCCAG STREME-4
letter-probability matrix: alength= 4 w= 15 nsites= 875 E= 4.1e-020
 0.463794 0.028715 0.489215 0.018276
 0.981612 0.014386 0.003964 0.000038
 0.002643 0.995960 0.001359 0.000038
 0.002643 0.037183 0.001359 0.958815
 0.912570 0.030018 0.039137 0.018276
 0.001341 0.998565 0.000056 0.000038
 0.886516 0.023504 0.073006 0.016973
 0.470959 0.101666 0.070401 0.356974
 0.081456 0.338755 0.112087 0.467702
 0.053448 0.032623 0.010478 0.903451
 0.006551 0.967301 0.003964 0.022184
 0.000038 0.994657 0.000056 0.005249
 0.002643 0.984236 0.001359 0.011762
 0.822685 0.001359 0.168103 0.007854
 0.069080 0.084731 0.758871 0.087318

MOTIF 5-YGCCCCCTGSTGGC STREME-5
letter-probability matrix: alength= 4 w= 14 nsites= 758 E= 1.0e-019
 0.014360 0.622172 0.000068 0.363399
 0.033446 0.000068 0.947354 0.019132
 0.021382 0.973732 0.004840 0.000046
 0.000046 0.999839 0.000068 0.000046
 0.286716 0.695675 0.000068 0.017541
 0.000046 0.669261 0.000068 0.330624
 0.000046 0.999839 0.000068 0.000046
 0.000046 0.000068 0.000068 0.999817
 0.216736 0.057202 0.660147 0.065914
 0.000046 0.391308 0.597466 0.011179
 0.093882 0.257729 0.000068 0.648320
 0.000046 0.000068 0.999839 0.000046
 0.050010 0.062096 0.816548 0.071346
 0.145585 0.565940 0.099018 0.189457

MOTIF 6-CCAAGATGGCGGC STREME-6
letter-probability matrix: alength= 4 w= 13 nsites= 622 E= 6.9e-016
 0.103534 0.531126 0.232065 0.133275
 0.108641 0.666696 0.166718 0.057944
 0.957829 0.000897 0.029464 0.011809
 0.932367 0.018525 0.009878 0.039230
 0.062481 0.210955 0.708879 0.017685
 0.996190 0.000897 0.002856 0.000057
 0.005933 0.002043 0.002043 0.989981
 0.000057 0.007919 0.982174 0.009850
 0.002016 0.002043 0.990008 0.005933
 0.015726 0.980215 0.000084 0.003974
 0.058817 0.104854 0.744032 0.092297
 0.098471 0.072948 0.785433 0.043148
 0.090200 0.823477 0.025547 0.060776

MOTIF 7-AGYAAAYA STREME-7
letter-probability matrix: alength= 4 w= 8 nsites= 2775 E= 4.0e-015
 0.598606 0.000064 0.118511 0.282818
 0.214364 0.000064 0.785527 0.000044
 0.000044 0.397111 0.000064 0.602781
 0.999827 0.000064 0.000064 0.000044
 0.999827 0.000064 0.000064 0.000044
 0.999827 0.000064 0.000064 0.000044
 0.000044 0.546760 0.000064 0.453132
 0.999827 0.000064 0.000064 0.000044

MOTIF 8-VCCGGAAGTGV STREME-8
letter-probability matrix: alength= 4 w= 11 nsites= 2072 E= 4.0e-014
 0.359771 0.221118 0.382130 0.036981
 0.043426 0.720058 0.210947 0.025570
 0.187523 0.812415 0.000037 0.000025
 0.000025 0.000037 0.999913 0.000025
 0.000025 0.000037 0.999913 0.000025
 0.999901 0.000037 0.000037 0.000025
 0.998182 0.000037 0.000037 0.001745
 0.031710 0.004800 0.963464 0.000025
 0.000025 0.143368 0.000037 0.856570
 0.127186 0.097033 0.688070 0.087711
 0.349498 0.205554 0.389833 0.055116

MOTIF 9-RTGACGCA STREME-9
letter-probability matrix: alength= 4 w= 8 nsites= 2906 E= 4.0e-014
 0.332773 0.067804 0.599374 0.000049
 0.013123 0.012002 0.000072 0.974803
 0.000049 0.000072 0.995994 0.003886
 0.999808 0.000072 0.000072 0.000049
 0.000049 0.947525 0.000072 0.052355
 0.000049 0.010353 0.714753 0.274845
 0.039870 0.787172 0.009156 0.163802
 0.748880 0.021528 0.215551 0.014041

MOTIF 10-CAAAGKTCA STREME-10
letter-probability matrix: alength= 4 w= 9 nsites= 1802 E= 2.9e-013
 0.000057 0.895532 0.025866 0.078544
 0.746346 0.202041 0.036665 0.014948
 0.884495 0.000085 0.115363 0.000057
 0.957549 0.000085 0.042308 0.000057
 0.000057 0.103851 0.896034 0.000057
 0.021829 0.000085 0.589330 0.388756
 0.000057 0.260917 0.068972 0.670053
 0.000057 0.999800 0.000085 0.000057
 0.999773 0.000085 0.000085 0.000057

MOTIF 11-CCCCWCCCCC STREME-11
letter-probability matrix: alength= 4 w= 10 nsites= 3936 E= 6.9e-012
 0.030096 0.859858 0.000061 0.109985
 0.000041 0.868053 0.000061 0.131845
 0.000041 0.999857 0.000061 0.000041
 0.000041 0.999857 0.000061 0.000041
 0.554003 0.000061 0.089565 0.356371
 0.201003 0.757891 0.000061 0.041046
 0.000041 0.999857 0.000061 0.000041
 0.000041 0.910236 0.000061 0.089662
 0.124285 0.622171 0.000061 0.253483
 0.151481 0.689467 0.036415 0.122636

MOTIF 12-TGCGCATGCGCA STREME-12
letter-probability matrix: alength= 4 w= 12 nsites= 663 E= 2.4e-010
 0.059122 0.182956 0.227393 0.530529
 0.051026 0.012488 0.923303 0.013184
 0.043630 0.918622 0.027124 0.010624
 0.025754 0.014190 0.948052 0.012004
 0.009017 0.966013 0.018634 0.006337
 0.726268 0.142528 0.085580 0.045624
 0.045624 0.085580 0.142528 0.726268
 0.006337 0.018634 0.966013 0.009017
 0.012004 0.948052 0.014190 0.025754
 0.010624 0.027124 0.918622 0.043630
 0.013184 0.923303 0.012488 0.051026
 0.530529 0.227393 0.182956 0.059122

MOTIF 13-RTKDTGMAAY STREME-13
letter-probability matrix: alength= 4 w= 10 nsites= 1505 E= 2.6e-009
 0.556394 0.151495 0.292075 0.000036
 0.000036 0.000054 0.000054 0.999857
 0.000036 0.000054 0.335982 0.663928
 0.347537 0.000054 0.404341 0.248068
 0.279618 0.003236 0.120868 0.596278
 0.000036 0.044859 0.955068 0.000036
 0.297545 0.541525 0.000054 0.160876
 0.999857 0.000054 0.000054 0.000036
 0.999857 0.000054 0.000054 0.000036
 0.000036 0.380135 0.085341 0.534488

MOTIF 14-GCCGCCGCCGCCGCC STREME-14
letter-probability matrix: alength= 4 w= 15 nsites= 468 E= 2.7e-008
 0.029113 0.008651 0.948578 0.013658
 0.008683 0.920064 0.015715 0.055537
 0.045453 0.923693 0.002630 0.028224
 0.022583 0.000108 0.977235 0.000073
 0.010158 0.910460 0.002630 0.076752
 0.038936 0.790919 0.026846 0.143299
 0.022097 0.003349 0.974481 0.000073
 0.000073 0.939518 0.002929 0.057479
 0.005116 0.935974 0.000108 0.058802
 0.135101 0.000108 0.862196 0.002594
 0.027805 0.910460 0.000108 0.061626
 0.000073 0.916549 0.000108 0.083269
 0.046894 0.000108 0.921401 0.031597
 0.005116 0.992181 0.000108 0.002594
 0.011568 0.817076 0.081126 0.090230

MOTIF 15-CCAGCCTGGGYGAC STREME-15
letter-probability matrix: alength= 4 w= 14 nsites= 182 E= 3.1e-005
 0.000185 0.942054 0.006641 0.051120
 0.000185 0.961154 0.013008 0.025653
 0.986533 0.000274 0.013008 0.000185
 0.006552 0.006641 0.980255 0.006552
 0.006552 0.948421 0.013008 0.032020
 0.006552 0.954787 0.000274 0.038386
 0.019286 0.013008 0.000274 0.967433
 0.057487 0.013008 0.922953 0.006552
 0.070221 0.006641 0.922953 0.000185
 0.057487 0.127611 0.814717 0.000185
 0.032020 0.560042 0.000274 0.407664
 0.310583 0.002916 0.673582 0.012919
 0.967433 0.000274 0.025741 0.006552
 0.000185 0.929320 0.032108 0.038386

MOTIF 16-GGTCACGTGA STREME-16
letter-probability matrix: alength= 4 w= 10 nsites= 469 E= 4.4e-004
 0.027360 0.069989 0.876011 0.026641
 0.035474 0.000209 0.958423 0.005894
 0.018252 0.073618 0.020938 0.887192
 0.001078 0.988851 0.000209 0.009862
 0.998136 0.000346 0.000649 0.000870
 0.005002 0.962079 0.014381 0.018538
 0.043011 0.026967 0.928078 0.001943
 0.002769 0.003163 0.007050 0.987018
 0.000142 0.000209 0.999508 0.000142
 0.594554 0.068422 0.254255 0.082770

MOTIF 17-AAAGGAAARRRAA STREME-17
letter-probability matrix: alength= 4 w= 13 nsites= 285 E= 2.2e-003
 0.999625 0.000140 0.000140 0.000095
 0.795088 0.092273 0.112544 0.000095
 0.873730 0.000140 0.102296 0.023834
 0.018174 0.042418 0.861815 0.077593
 0.145112 0.106355 0.725673 0.022860
 0.816743 0.000140 0.170014 0.013103
 0.843528 0.006644 0.117764 0.032063
 0.952746 0.040515 0.003392 0.003347
 0.316755 0.075400 0.607750 0.000095
 0.389691 0.034011 0.535031 0.041267
 0.439915 0.098923 0.454564 0.006599
 0.856840 0.006644 0.092794 0.043722
 0.906831 0.000140 0.048899 0.044130

MOTIF 18-AGATCAAAG STREME-18
letter-probability matrix: alength= 4 w= 9 nsites= 712 E= 7.5e-003
 0.920398 0.001597 0.039815 0.038191
 0.013251 0.243616 0.736559 0.006573
 0.640602 0.000235 0.075608 0.283555
 0.137426 0.000235 0.026235 0.836104
 0.015514 0.925649 0.040297 0.018540
 0.969245 0.000235 0.016187 0.014333
 0.982887 0.000235 0.011245 0.005633
 0.937995 0.005709 0.046864 0.009432
 0.000159 0.005387 0.989958 0.004495

MOTIF 19-CCAATSAGAA STREME-19
letter-probability matrix: alength= 4 w= 10 nsites= 237 E= 1.3e-002
 0.000226 0.957064 0.031833 0.010876
 0.000226 0.999212 0.000335 0.000226
 0.974660 0.000335 0.000335 0.024671
 0.999104 0.000335 0.000335 0.000226
 0.000226 0.056835 0.000335 0.942604
 0.079270 0.404458 0.502666 0.013605
 0.697838 0.040733 0.261203 0.000226
 0.000226 0.000335 0.907253 0.092186
 0.662310 0.067975 0.237645 0.032070
 0.982440 0.016999 0.000335 0.000226

MOTIF 20-ACGTCABM STREME-20
letter-probability matrix: alength= 4 w= 8 nsites= 574 E= 2.3e-002
 0.999249 0.000281 0.000281 0.000190
 0.000190 0.999339 0.000281 0.000190
 0.000190 0.000281 0.999339 0.000190
 0.000190 0.000281 0.000281 0.999249
 0.156512 0.843018 0.000281 0.000190
 0.946176 0.000281 0.053353 0.000190
 0.000190 0.380639 0.324638 0.294534
 0.304177 0.534615 0.000281 0.160927

MOTIF 21-CTGGGATTACAGGCR STREME-21
letter-probability matrix: alength= 4 w= 15 nsites= 188 E= 3.2e-002
 0.000168 0.935884 0.000248 0.063699
 0.000168 0.000248 0.006024 0.993559
 0.161883 0.000248 0.837700 0.000168
 0.040597 0.017575 0.918558 0.023270
 0.034821 0.000248 0.953211 0.011719
 0.987784 0.000248 0.000248 0.011719
 0.000168 0.265923 0.000248 0.733661
 0.000168 0.052228 0.006024 0.941580
 0.889600 0.040677 0.069555 0.000168
 0.011719 0.895456 0.000248 0.092577
 0.958906 0.000248 0.034902 0.005944
 0.017495 0.006024 0.976313 0.000168
 0.075250 0.011800 0.895456 0.017495
 0.046372 0.797272 0.000248 0.156107
 0.398680 0.034902 0.548924 0.017495

MOTIF 22-GRCWCCGCCCC STREME-22
letter-probability matrix: alength= 4 w= 11 nsites= 353 E= 3.6e-002
 0.308740 0.000207 0.690913 0.000140
 0.289584 0.000207 0.535162 0.175047
 0.000140 0.999513 0.000207 0.000140
 0.342955 0.000207 0.000207 0.656631
 0.000140 0.999513 0.000207 0.000140
 0.000140 0.964168 0.035552 0.000140
 0.000140 0.000207 0.999513 0.000140
 0.074613 0.925040 0.000207 0.000140
 0.000140 0.999513 0.000207 0.000140
 0.039094 0.659287 0.000207 0.301411
 0.313278 0.686375 0.000207 0.000140

MOTIF 23-CCCGCCTCC STREME-23
letter-probability matrix: alength= 4 w= 9 nsites= 1114 E= 4.3e-002
 0.069552 0.929332 0.000665 0.000450
 0.060349 0.924461 0.000665 0.014524
 0.000450 0.998434 0.000665 0.000450
 0.066904 0.000665 0.931980 0.000450
 0.090080 0.810792 0.092062 0.007066
 0.000569 0.998036 0.000945 0.000450
 0.000450 0.000665 0.000665 0.998219
 0.024404 0.752318 0.000665 0.222613
 0.000450 0.969500 0.029600 0.000450

MOTIF 24-GAGGTCAC STREME-24
letter-probability matrix: alength= 4 w= 8 nsites= 584 E= 4.8e-002
 0.226561 0.000521 0.724063 0.048854
 0.998604 0.000521 0.000521 0.000353
 0.218958 0.031909 0.748780 0.000353
 0.000353 0.000521 0.998773 0.000353
 0.000353 0.000521 0.000521 0.998604
 0.120842 0.829207 0.049598 0.000353
 0.998604 0.000521 0.000521 0.000353
 0.000353 0.762990 0.000521 0.236135

MOTIF 25-NTCTCGCGAGAN STREME-25
letter-probability matrix: alength= 4 w= 12 nsites= 123 E= 5.9e-002
 0.309914 0.247550 0.213090 0.229445
 0.000276 0.076142 0.000407 0.923175
 0.156479 0.765138 0.063907 0.014476
 0.000276 0.000407 0.000407 0.998910
 0.000276 0.999041 0.000407 0.000276
 0.000276 0.000407 0.999041 0.000276
 0.000276 0.999041 0.000407 0.000276
 0.000276 0.000407 0.999041 0.000276
 0.998910 0.000407 0.000407 0.000276
 0.014476 0.063907 0.765138 0.156479
 0.923175 0.000407 0.076142 0.000276
 0.229445 0.213090 0.247550 0.309914

MOTIF 26-DAGATAA STREME-26
letter-probability matrix: alength= 4 w= 7 nsites= 821 E= 9.0e-002
 0.310700 0.000542 0.310185 0.378573
 0.973593 0.025499 0.000542 0.000366
 0.000366 0.000542 0.908803 0.090289
 0.998550 0.000542 0.000542 0.000366
 0.000366 0.000542 0.000542 0.998550
 0.998550 0.000542 0.000542 0.000366
 0.932750 0.058342 0.005653 0.003256

MOTIF 27-CCAATCASMGS STREME-27
letter-probability matrix: alength= 4 w= 11 nsites= 391 E= 1.1e-001
 0.000135 0.999530 0.000200 0.000135
 0.000135 0.999530 0.000200 0.000135
 0.955735 0.000200 0.000200 0.043865
 0.999465 0.000200 0.000200 0.000135
 0.000135 0.000200 0.000200 0.999465
 0.000135 0.895193 0.000200 0.104472
 0.623526 0.188737 0.187602 0.000135
 0.031859 0.408766 0.455487 0.103889
 0.320263 0.464099 0.025934 0.189704
 0.000135 0.000200 0.999530 0.000135
 0.102400 0.425669 0.325035 0.146895

MOTIF 28-ACAAACA STREME-28
letter-probability matrix: alength= 4 w= 7 nsites= 481 E= 1.1e-001
 0.927436 0.027109 0.027109 0.018345
 0.018345 0.936200 0.027109 0.018345
 0.927436 0.027109 0.027109 0.018345
 0.927436 0.027109 0.027109 0.018345
 0.927436 0.027109 0.027109 0.018345
 0.018345 0.936200 0.027109 0.018345
 0.927436 0.027109 0.027109 0.018345

MOTIF 29-RGGAGGAGGAGGRRG STREME-29
letter-probability matrix: alength= 4 w= 15 nsites= 831 E= 1.1e-001
 0.565009 0.082986 0.289396 0.062609
 0.102940 0.056522 0.831058 0.009480
 0.032502 0.035960 0.931503 0.000034
 0.916238 0.033109 0.000051 0.050602
 0.113867 0.057903 0.792776 0.035454
 0.141512 0.000051 0.856041 0.002396
 0.878272 0.121643 0.000051 0.000034
 0.224015 0.000051 0.773538 0.002396
 0.057196 0.092142 0.850628 0.000034
 0.671360 0.260767 0.067838 0.000034
 0.129995 0.077283 0.750183 0.042538
 0.118679 0.070199 0.763861 0.047261
 0.518187 0.047663 0.323824 0.110325
 0.435480 0.050908 0.440377 0.073235
 0.079227 0.137786 0.726972 0.056015

MOTIF 30-GCCTCGGCCTCC STREME-30
letter-probability matrix: alength= 4 w= 12 nsites= 387 E= 1.2e-001
 0.171043 0.022581 0.780135 0.026240
 0.000097 0.921365 0.000143 0.078395
 0.003731 0.928571 0.045494 0.022204
 0.000097 0.000143 0.000143 0.999617
 0.000097 0.874093 0.000143 0.125668
 0.215667 0.101027 0.616325 0.066982
 0.152662 0.002308 0.834960 0.010070
 0.000097 0.884056 0.057042 0.058805
 0.000097 0.764418 0.050805 0.184680
 0.013394 0.000143 0.058093 0.928370
 0.000097 0.987436 0.005722 0.006745
 0.016718 0.911160 0.062051 0.010070

MOTIF 31-CCCGCCC STREME-31
letter-probability matrix: alength= 4 w= 7 nsites= 2491 E= 1.3e-001
 0.018345 0.936200 0.027109 0.018345
 0.018345 0.936200 0.027109 0.018345
 0.018345 0.936200 0.027109 0.018345
 0.018345 0.027109 0.936200 0.018345
 0.018345 0.936200 0.027109 0.018345
 0.018345 0.936200 0.027109 0.018345
 0.018345 0.936200 0.027109 0.018345

MOTIF 32-GCTGGGAAA STREME-32
letter-probability matrix: alength= 4 w= 9 nsites= 1629 E= 2.1e-001
 0.029926 0.068207 0.852806 0.049061
 0.022071 0.879251 0.029736 0.068941
 0.000382 0.117078 0.000564 0.881976
 0.025421 0.001649 0.951901 0.021030
 0.000382 0.005292 0.993944 0.000382
 0.000382 0.007363 0.972755 0.019501
 0.868260 0.005939 0.043149 0.082653
 0.846227 0.020119 0.120153 0.013501
 0.746540 0.163541 0.055540 0.034379

MOTIF 33-CTGCAGCTGC STREME-33
letter-probability matrix: alength= 4 w= 10 nsites= 1661 E= 2.3e-001
 0.000093 0.976130 0.019467 0.004309
 0.025861 0.157853 0.000138 0.816147
 0.061499 0.000138 0.938269 0.000093
 0.000093 0.722588 0.124688 0.152630
 0.572398 0.048104 0.158139 0.221359
 0.000093 0.007622 0.915561 0.076724
 0.065479 0.934290 0.000138 0.000093
 0.020128 0.186288 0.000138 0.793446
 0.136802 0.040126 0.678765 0.144307
 0.000093 0.962783 0.037030 0.000093

MOTIF 34-CATTTCC STREME-34
letter-probability matrix: alength= 4 w= 7 nsites= 694 E= 2.3e-001
 0.018345 0.936200 0.027109 0.018345
 0.927436 0.027109 0.027109 0.018345
 0.018345 0.027109 0.027109 0.927436
 0.018345 0.027109 0.027109 0.927436
 0.018345 0.027109 0.027109 0.927436
 0.018345 0.936200 0.027109 0.018345
 0.018345 0.936200 0.027109 0.018345

MOTIF 35-AGACTCTGTCTC STREME-35
letter-probability matrix: alength= 4 w= 12 nsites= 102 E= 2.5e-001
 0.932533 0.066648 0.000488 0.000330
 0.000330 0.011836 0.987503 0.000330
 0.998693 0.000488 0.000488 0.000330
 0.000330 0.998851 0.000488 0.000330
 0.000330 0.327652 0.011836 0.660181
 0.000330 0.825849 0.011836 0.161984
 0.000330 0.258448 0.000488 0.740733
 0.159203 0.000488 0.839979 0.000330
 0.000330 0.000488 0.000488 0.998693
 0.011678 0.987503 0.000488 0.000330
 0.000330 0.000488 0.000488 0.998693
 0.000330 0.998851 0.000488 0.000330

MOTIF 36-AAAAAAAAAAAAA STREME-36
letter-probability matrix: alength= 4 w= 13 nsites= 294 E= 2.6e-001
 0.999349 0.000243 0.000243 0.000165
 0.999349 0.000243 0.000243 0.000165
 0.999349 0.000243 0.000243 0.000165
 0.827492 0.034817 0.090311 0.047380
 0.761415 0.171990 0.024109 0.042486
 0.942645 0.056948 0.000243 0.000165
 0.999349 0.000243 0.000243 0.000165
 0.999349 0.000243 0.000243 0.000165
 0.999349 0.000243 0.000243 0.000165
 0.673779 0.190808 0.091863 0.043549
 0.999349 0.000243 0.000243 0.000165
 0.999349 0.000243 0.000243 0.000165
 0.999349 0.000243 0.000243 0.000165

MOTIF 37-CAAAGTCCT STREME-37
letter-probability matrix: alength= 4 w= 9 nsites= 296 E= 3.7e-001
 0.000496 0.976280 0.000733 0.022491
 0.868391 0.047511 0.003461 0.080637
 0.994785 0.000733 0.000733 0.003748
 0.896202 0.001906 0.101396 0.000496
 0.000496 0.000733 0.998275 0.000496
 0.000496 0.000733 0.000733 0.998037
 0.055905 0.664804 0.192360 0.086932
 0.071767 0.914206 0.002116 0.011911
 0.000496 0.000733 0.087119 0.911652

MOTIF 38-TCAGAGTCCAG STREME-38
letter-probability matrix: alength= 4 w= 11 nsites= 180 E= 4.1e-001
 0.066527 0.094449 0.271786 0.567238
 0.000268 0.989855 0.000396 0.009480
 0.998939 0.000396 0.000396 0.000268
 0.000268 0.000396 0.895721 0.103615
 0.983481 0.015855 0.000396 0.000268
 0.000268 0.037244 0.872728 0.089759
 0.000268 0.030342 0.000396 0.968993
 0.148617 0.850718 0.000396 0.000268
 0.000268 0.890088 0.041068 0.068576
 0.954070 0.000396 0.015855 0.029679
 0.084342 0.276971 0.622960 0.015727

MOTIF 39-AATGATTAAYT STREME-39
letter-probability matrix: alength= 4 w= 11 nsites= 94 E= 5.0e-001
 0.940313 0.015128 0.015128 0.029431
 0.882296 0.000624 0.000624 0.116456
 0.000422 0.000624 0.000624 0.998330
 0.043186 0.116658 0.723700 0.116456
 0.995536 0.003418 0.000624 0.000422
 0.000422 0.000624 0.000624 0.998330
 0.000422 0.015128 0.000624 0.983826
 0.925809 0.000624 0.015128 0.058439
 0.783231 0.050156 0.122678 0.043935
 0.000422 0.495118 0.029632 0.474827
 0.201017 0.131162 0.029632 0.638189

MOTIF 40-AGTGCAGTGGCGC STREME-40
letter-probability matrix: alength= 4 w= 13 nsites= 86 E= 5.0e-001
 0.998245 0.000656 0.000656 0.000444
 0.137595 0.000656 0.861305 0.000444
 0.000444 0.000656 0.000656 0.998245
 0.076639 0.000656 0.922262 0.000444
 0.000444 0.998457 0.000656 0.000444
 0.983006 0.000656 0.015895 0.000444
 0.152835 0.000656 0.846066 0.000444
 0.000444 0.000656 0.000656 0.998245
 0.000444 0.000656 0.998457 0.000444
 0.030922 0.000656 0.967979 0.000444
 0.000444 0.769871 0.000656 0.229030
 0.289986 0.015895 0.693675 0.000444
 0.046161 0.739393 0.000656 0.213791

MOTIF 41-GGGTTCGADYCCCRS STREME-41
letter-probability matrix: alength= 4 w= 15 nsites= 120 E= 5.0e-001
 0.117227 0.000387 0.882124 0.000262
 0.108230 0.000387 0.882124 0.009259
 0.009259 0.000387 0.990092 0.000262
 0.000262 0.000387 0.000387 0.998964
 0.000262 0.000387 0.000387 0.998964
 0.000262 0.963100 0.036376 0.000262
 0.324165 0.000387 0.675186 0.000262
 0.980969 0.000387 0.000387 0.018257
 0.459125 0.009384 0.252312 0.279179
 0.000262 0.360280 0.000387 0.639071
 0.000262 0.945105 0.000387 0.054246
 0.000262 0.882124 0.000387 0.117227
 0.009259 0.918113 0.000387 0.072240
 0.486117 0.027379 0.441256 0.045249
 0.018257 0.306296 0.549223 0.126224

MOTIF 42-GAACTCCTGRCCTCA STREME-42
letter-probability matrix: alength= 4 w= 15 nsites= 73 E= 5.0e-001
 0.188434 0.015085 0.796060 0.000421
 0.911559 0.000622 0.072935 0.014884
 0.926022 0.000622 0.015085 0.058271
 0.000421 0.984073 0.015085 0.000421
 0.000421 0.000622 0.000622 0.998335
 0.043809 0.810523 0.044010 0.101659
 0.000421 0.969611 0.000622 0.029346
 0.000421 0.015085 0.000622 0.983872
 0.043809 0.015085 0.897298 0.043809
 0.636772 0.000622 0.318798 0.043809
 0.043809 0.665898 0.246485 0.043809
 0.014884 0.969611 0.000622 0.014884
 0.014884 0.058472 0.000622 0.926022
 0.000421 0.998536 0.000622 0.000421
 0.911559 0.044010 0.044010 0.000421

MOTIF 43-AAGRGTTAAC STREME-43
letter-probability matrix: alength= 4 w= 10 nsites= 94 E= 6.9e-001
 0.997989 0.000751 0.000751 0.000508
 0.955813 0.042927 0.000751 0.000508
 0.000508 0.000751 0.784384 0.214356
 0.339181 0.000751 0.659559 0.000508
 0.070364 0.000751 0.928376 0.000508
 0.000508 0.000751 0.000751 0.997989
 0.000508 0.000751 0.000751 0.997989
 0.997989 0.000751 0.000751 0.000508
 0.997989 0.000751 0.000751 0.000508
 0.000508 0.527150 0.224212 0.248130

MOTIF 44-CTTAAAGGGGCMGC STREME-44
letter-probability matrix: alength= 4 w= 14 nsites= 120 E= 7.2e-001
 0.072150 0.663578 0.088242 0.176030
 0.000233 0.000344 0.000344 0.999080
 0.000233 0.000344 0.000344 0.999080
 0.999080 0.000344 0.000344 0.000233
 0.983098 0.000344 0.000344 0.016214
 0.975107 0.024316 0.000344 0.000233
 0.000233 0.008335 0.991200 0.000233
 0.144067 0.072261 0.783440 0.000233
 0.184021 0.032307 0.783440 0.000233
 0.231965 0.216095 0.551707 0.000233
 0.207993 0.751477 0.000344 0.040187
 0.367808 0.591661 0.024316 0.016214
 0.080140 0.032307 0.879329 0.008223
 0.088131 0.511754 0.216095 0.184021

MOTIF 45-GCCATRGCAAC STREME-45
letter-probability matrix: alength= 4 w= 11 nsites= 217 E= 7.8e-001
 0.127881 0.042475 0.592216 0.237428
 0.000162 0.953551 0.000239 0.046048
 0.000162 0.824153 0.016935 0.158750
 0.694958 0.111176 0.038146 0.155720
 0.000162 0.124737 0.000239 0.874861
 0.381777 0.000239 0.617821 0.000162
 0.000162 0.000239 0.999437 0.000162
 0.085491 0.778253 0.000239 0.136016
 0.985919 0.000239 0.000239 0.013602
 0.999359 0.000239 0.000239 0.000162
 0.000162 0.999437 0.000239 0.000162

MOTIF 46-ATGACGC STREME-46
letter-probability matrix: alength= 4 w= 7 nsites= 292 E= 9.6e-001
 0.927436 0.027109 0.027109 0.018345
 0.018345 0.027109 0.027109 0.927436
 0.018345 0.027109 0.936200 0.018345
 0.927436 0.027109 0.027109 0.018345
 0.018345 0.936200 0.027109 0.018345
 0.018345 0.027109 0.936200 0.018345
 0.018345 0.936200 0.027109 0.018345

MOTIF 47-AACCCGGAA STREME-47
letter-probability matrix: alength= 4 w= 9 nsites= 1000 E= 9.8e-001
 0.799349 0.000410 0.136097 0.064144
 0.940210 0.010719 0.000410 0.048661
 0.054987 0.912243 0.006235 0.026535
 0.001786 0.979115 0.006138 0.012962
 0.064353 0.847016 0.006864 0.081767
 0.029598 0.001249 0.968875 0.000277
 0.014371 0.018839 0.960722 0.006068
 0.905608 0.002796 0.084128 0.007468
 0.794800 0.047467 0.099232 0.058502

MOTIF 48-ACACACACACACAC STREME-48
letter-probability matrix: alength= 4 w= 14 nsites= 227 E= 1.1e+000
 0.998925 0.000402 0.000402 0.000272
 0.012083 0.955591 0.000402 0.031924
 0.959936 0.000402 0.000402 0.039260
 0.000272 0.999055 0.000402 0.000272
 0.961571 0.000402 0.000402 0.037625
 0.000272 0.940685 0.040015 0.019027
 0.900754 0.028417 0.070558 0.000272
 0.018948 0.923163 0.000402 0.057487
 0.998925 0.000402 0.000402 0.000272
 0.025425 0.973902 0.000402 0.000272
 0.834697 0.000402 0.082172 0.082730
 0.022659 0.927603 0.000402 0.049337
 0.998925 0.000402 0.000402 0.000272
 0.000272 0.999055 0.000402 0.000272

MOTIF 49-CTGCAGCC STREME-49
letter-probability matrix: alength= 4 w= 8 nsites= 398 E= 1.3e+000
 0.018345 0.936200 0.027109 0.018345
 0.018345 0.027109 0.027109 0.927436
 0.018345 0.027109 0.936200 0.018345
 0.018345 0.936200 0.027109 0.018345
 0.927436 0.027109 0.027109 0.018345
 0.018345 0.027109 0.936200 0.018345
 0.018345 0.936200 0.027109 0.018345
 0.018345 0.936200 0.027109 0.018345

MOTIF 50-CTTCCTCTCTCY STREME-50
letter-probability matrix: alength= 4 w= 12 nsites= 232 E= 1.4e+000
 0.000175 0.999392 0.000258 0.000175
 0.000175 0.000258 0.000258 0.999309
 0.000175 0.000258 0.000258 0.999309
 0.000175 0.744883 0.079179 0.175764
 0.131206 0.868361 0.000258 0.000175
 0.000175 0.000258 0.000258 0.999309
 0.116710 0.603599 0.130364 0.149327
 0.018182 0.000258 0.006261 0.975299
 0.079361 0.733032 0.000258 0.187349
 0.000175 0.179665 0.088426 0.731735
 0.012179 0.752050 0.205584 0.030186
 0.000175 0.472470 0.020756 0.506599

MOTIF 51-AAAGTCAAYAD STREME-51
letter-probability matrix: alength= 4 w= 11 nsites= 255 E= 1.7e+000
 0.672153 0.023218 0.021113 0.283516
 0.711925 0.000173 0.194910 0.092991
 0.686168 0.011586 0.000173 0.302073
 0.245452 0.000173 0.747490 0.006884
 0.000117 0.000173 0.000173 0.999536
 0.000117 0.946645 0.000173 0.053064
 0.960361 0.000173 0.016304 0.023162
 0.991470 0.000173 0.000173 0.008183
 0.000117 0.646854 0.002353 0.350675
 0.991470 0.000173 0.008239 0.000117
 0.281300 0.092596 0.210056 0.416048

MOTIF 52-AGGYTGCAGTGAG STREME-52
letter-probability matrix: alength= 4 w= 13 nsites= 88 E= 2.0e+000
 0.947566 0.000548 0.051515 0.000371
 0.051338 0.018578 0.916971 0.013113
 0.102305 0.027218 0.801110 0.069368
 0.013113 0.337121 0.000548 0.649219
 0.000371 0.051515 0.000548 0.947566
 0.115046 0.000548 0.884035 0.000371
 0.000371 0.960485 0.000548 0.038596
 0.922083 0.000548 0.076998 0.000371
 0.000371 0.000548 0.998710 0.000371
 0.000371 0.018578 0.000548 0.980503
 0.000371 0.000548 0.998710 0.000371
 0.998533 0.000548 0.000548 0.000371
 0.069368 0.076998 0.853263 0.000371

MOTIF 53-GGCGCRGTGGCTCA STREME-53
letter-probability matrix: alength= 4 w= 14 nsites= 93 E= 2.0e+000
 0.000334 0.000494 0.998838 0.000334
 0.000334 0.000494 0.998838 0.000334
 0.057710 0.711958 0.000494 0.229839
 0.252789 0.000494 0.746383 0.000334
 0.000334 0.689007 0.000494 0.310165
 0.356066 0.034919 0.608681 0.000334
 0.000334 0.000494 0.987363 0.011809
 0.000334 0.000494 0.000494 0.998679
 0.011809 0.000494 0.987363 0.000334
 0.000334 0.000494 0.998838 0.000334
 0.000334 0.975888 0.000494 0.023285
 0.000334 0.000494 0.069345 0.929827
 0.000334 0.998838 0.000494 0.000334
 0.975728 0.000494 0.023444 0.000334

MOTIF 54-ATTTTTAGTAGAGAC STREME-54
letter-probability matrix: alength= 4 w= 15 nsites= 43 E= 2.0e+000
 0.803146 0.001190 0.056524 0.139140
 0.083806 0.056524 0.028857 0.830813
 0.000805 0.056524 0.028857 0.913813
 0.028472 0.001190 0.028857 0.941480
 0.000805 0.001190 0.001190 0.996814
 0.000805 0.084191 0.001190 0.913813
 0.747812 0.001190 0.028857 0.222141
 0.028472 0.028857 0.941865 0.000805
 0.000805 0.084191 0.001190 0.913813
 0.996814 0.001190 0.001190 0.000805
 0.000805 0.028857 0.914198 0.056139
 0.969147 0.028857 0.001190 0.000805
 0.028472 0.001190 0.969532 0.000805
 0.941480 0.001190 0.001190 0.056139
 0.000805 0.748197 0.028857 0.222141

MOTIF 55-CRCGCACGCRCRCAC STREME-55
letter-probability matrix: alength= 4 w= 15 nsites= 151 E= 2.0e+000
 0.007786 0.991668 0.000326 0.000220
 0.476339 0.026807 0.413406 0.083448
 0.033625 0.927999 0.000326 0.038051
 0.038051 0.000326 0.938705 0.022919
 0.000220 0.991668 0.000326 0.007786
 0.794105 0.000326 0.205349 0.000220
 0.015353 0.984102 0.000326 0.000220
 0.190893 0.000326 0.755599 0.053183
 0.000220 0.900874 0.000326 0.098580
 0.590612 0.000326 0.408842 0.000220
 0.007786 0.984102 0.007892 0.000220
 0.357348 0.030590 0.611842 0.000220
 0.063890 0.897734 0.023024 0.015353
 0.699813 0.007892 0.208847 0.083448
 0.030485 0.882602 0.063995 0.022919

MOTIF 56-STGASTCAS STREME-56
letter-probability matrix: alength= 4 w= 9 nsites= 98 E= 2.1e+000
 0.018345 0.481655 0.481655 0.018345
 0.018345 0.027109 0.027109 0.927436
 0.018345 0.027109 0.936200 0.018345
 0.927436 0.027109 0.027109 0.018345
 0.018345 0.481655 0.481655 0.018345
 0.018345 0.027109 0.027109 0.927436
 0.018345 0.936200 0.027109 0.018345
 0.927436 0.027109 0.027109 0.018345
 0.018345 0.481655 0.481655 0.018345

MOTIF 57-ATCAATA STREME-57
letter-probability matrix: alength= 4 w= 7 nsites= 196 E= 2.3e+000
 0.927436 0.027109 0.027109 0.018345
 0.018345 0.027109 0.027109 0.927436
 0.018345 0.936200 0.027109 0.018345
 0.927436 0.027109 0.027109 0.018345
 0.927436 0.027109 0.027109 0.018345
 0.018345 0.027109 0.027109 0.927436
 0.927436 0.027109 0.027109 0.018345

MOTIF 58-AAACAAAG STREME-58
letter-probability matrix: alength= 4 w= 8 nsites= 1190 E= 2.4e+000
 0.831569 0.002475 0.154148 0.011807
 0.875850 0.030998 0.049925 0.043227
 0.880869 0.054315 0.043618 0.021198
 0.000345 0.923197 0.038580 0.037878
 0.940487 0.034137 0.012036 0.013340
 0.996999 0.000509 0.000509 0.001982
 0.881093 0.047961 0.060220 0.010726
 0.038000 0.093531 0.846285 0.022183

MOTIF 59-RASCCGAG STREME-59
letter-probability matrix: alength= 4 w= 8 nsites= 671 E= 2.4e+000
 0.597808 0.000521 0.401319 0.000352
 0.998607 0.000521 0.000521 0.000352
 0.149976 0.428438 0.421234 0.000352
 0.000352 0.998775 0.000521 0.000352
 0.000352 0.998775 0.000521 0.000352
 0.000352 0.000521 0.998775 0.000352
 0.998607 0.000521 0.000521 0.000352
 0.063132 0.093071 0.748554 0.095243

MOTIF 60-CTCTCTCTCTCTCTC STREME-60
letter-probability matrix: alength= 4 w= 15 nsites= 117 E= 3.1e+000
 0.050173 0.839366 0.050312 0.060149
 0.050173 0.025370 0.015394 0.909063
 0.010267 0.959084 0.020382 0.010267
 0.000290 0.060288 0.162074 0.777348
 0.000290 0.889249 0.070265 0.040196
 0.000290 0.020382 0.087707 0.891620
 0.040196 0.869296 0.070265 0.020243
 0.030220 0.060288 0.089370 0.820122
 0.030220 0.939131 0.020382 0.010267
 0.030220 0.075253 0.050312 0.844216
 0.060149 0.885108 0.020382 0.034360
 0.040196 0.070265 0.110170 0.779369
 0.010267 0.825249 0.060288 0.104196
 0.021428 0.030359 0.080241 0.867973
 0.042118 0.921652 0.030359 0.005871

MOTIF 61-ACCATAGAGAY STREME-61
letter-probability matrix: alength= 4 w= 11 nsites= 74 E= 7.0e+000
 0.968086 0.000648 0.030828 0.000438
 0.000438 0.958143 0.040980 0.000438
 0.000438 0.998475 0.000648 0.000438
 0.859822 0.063790 0.045829 0.030559
 0.000438 0.000648 0.000648 0.998266
 0.787422 0.151251 0.060889 0.000438
 0.000438 0.000648 0.983415 0.015499
 0.998266 0.000648 0.000648 0.000438
 0.000438 0.000648 0.998475 0.000438
 0.598061 0.067140 0.068064 0.266735
 0.142232 0.507909 0.086161 0.263698

MOTIF 62-CCCGGCCCAGCC STREME-62
letter-probability matrix: alength= 4 w= 12 nsites= 137 E= 1.5e+001
 0.024548 0.974415 0.000619 0.000419
 0.000419 0.960035 0.000619 0.038927
 0.086939 0.736702 0.000619 0.175741
 0.051918 0.000619 0.947045 0.000419
 0.127389 0.000619 0.871574 0.000419
 0.024548 0.974415 0.000619 0.000419
 0.000419 0.910226 0.088937 0.000419
 0.000419 0.974549 0.024614 0.000419
 0.917898 0.081065 0.000619 0.000419
 0.049525 0.070072 0.872212 0.008192
 0.000419 0.998544 0.000619 0.000419
 0.000419 0.877993 0.060906 0.060683

MOTIF 63-CCCACAATGCMCYG STREME-63
letter-probability matrix: alength= 4 w= 14 nsites= 66 E= 1.6e+001
 0.063980 0.934874 0.000683 0.000462
 0.000462 0.998392 0.000683 0.000462
 0.000462 0.982513 0.000683 0.016342
 0.998171 0.000683 0.000683 0.000462
 0.032221 0.791959 0.064201 0.111619
 0.934653 0.000683 0.064201 0.000462
 0.873834 0.023153 0.095960 0.007053
 0.000462 0.000683 0.000683 0.998171
 0.016342 0.000683 0.982513 0.000462
 0.016342 0.982513 0.000683 0.000462
 0.578714 0.308984 0.000683 0.111619
 0.063980 0.760200 0.000683 0.175137
 0.143378 0.553767 0.016563 0.286293
 0.032221 0.111840 0.760200 0.095739

********************************************************************************
Stopped because 3 consecutive motifs exceeded the p-value threshold (0.05).
********************************************************************************
COMMAND:	streme --verbosity 1 --oc meme_out_incomplete_DL/HepG2_CREB1-human_ENCFF564YGY/streme_out -dna --seed 0 --p meme_out_incomplete_DL/HepG2_CREB1-human_ENCFF564YGY/seqs-centered --minw 6 --maxw 15 --time 6182 --order 2 --thresh 0.05 --align center --totallength 4000000 --parse-genomic-coord
********************************************************************************
CPU:		9f05ee173ae9
********************************************************************************
FINALTIME:	2323.92 seconds
********************************************************************************
