********************************************************************************
STREME - Sensitive, Thorough, Rapid, Enriched Motif Elicitation
********************************************************************************
MEME version 5.5.3 (Release date: Sat Jun 10 16:19:38 2023 -0700)

For further information on how to interpret these results please access http://localhost:8080/meme_5.5.3.
To get a copy of the MEME Suite software please access https://meme-suite.org.

********************************************************************************


********************************************************************************
REFERENCE
********************************************************************************
If you use this program in your research, please cite:

Timothy L. Bailey,
"STREME: accurate and versatile sequence motif discovery",
Bioinformatics, Mar. 24, 2021.
********************************************************************************


ALPHABET= ACGT

strands: + -

Background letter frequencies
A 0.235 C 0.265 G 0.265 T 0.235 

MOTIF 1-WWTRTTTRCTYW STREME-1
letter-probability matrix: alength= 4 w= 12 nsites= 5694 E= 5.9e-086
 0.435207 0.156939 0.125222 0.282633
 0.432653 0.131386 0.162033 0.273928
 0.000008 0.001223 0.000009 0.998760
 0.504486 0.000009 0.495496 0.000008
 0.000008 0.000009 0.000009 0.999973
 0.000008 0.000009 0.000009 0.999973
 0.002294 0.000009 0.102936 0.894761
 0.619804 0.000009 0.380179 0.000008
 0.017230 0.726705 0.000131 0.255935
 0.279823 0.160168 0.000009 0.560000
 0.094988 0.250997 0.166356 0.487659
 0.508528 0.001354 0.015881 0.474236

MOTIF 2-CAAAGKYCA STREME-2
letter-probability matrix: alength= 4 w= 9 nsites= 5201 E= 7.8e-066
 0.000017 0.947225 0.000019 0.052739
 0.865705 0.105648 0.021371 0.007275
 0.845544 0.000019 0.132660 0.021777
 0.960822 0.000019 0.039143 0.000017
 0.000017 0.000019 0.999947 0.000017
 0.025780 0.000019 0.385991 0.588210
 0.033049 0.417451 0.053137 0.496363
 0.000017 0.962721 0.003769 0.033493
 0.883804 0.025479 0.024181 0.066535

MOTIF 3-RTTGCAYMAY STREME-3
letter-probability matrix: alength= 4 w= 10 nsites= 3340 E= 1.9e-033
 0.628490 0.032184 0.339304 0.000022
 0.000022 0.000025 0.000025 0.999927
 0.000022 0.000025 0.000025 0.999927
 0.189172 0.000025 0.647405 0.163397
 0.000022 0.999930 0.000025 0.000022
 0.622506 0.059904 0.162971 0.154619
 0.173773 0.450165 0.000025 0.376037
 0.639397 0.360556 0.000025 0.000022
 0.999927 0.000025 0.000025 0.000022
 0.000022 0.456416 0.095869 0.447693

MOTIF 4-CCCCRCCCCCA STREME-4
letter-probability matrix: alength= 4 w= 11 nsites= 2522 E= 3.5e-022
 0.000029 0.977157 0.000033 0.022780
 0.014624 0.927463 0.000033 0.057880
 0.006388 0.986618 0.000033 0.006961
 0.066353 0.879049 0.010093 0.044505
 0.336988 0.000033 0.445646 0.217333
 0.031762 0.957973 0.000033 0.010232
 0.000029 0.990410 0.009531 0.000029
 0.007823 0.952052 0.005572 0.034552
 0.024122 0.962428 0.013420 0.000029
 0.060078 0.690691 0.148746 0.100485
 0.478832 0.141552 0.208577 0.171039

MOTIF 5-CTTTGATCTY STREME-5
letter-probability matrix: alength= 4 w= 10 nsites= 2686 E= 2.3e-017
 0.014035 0.968227 0.017223 0.000515
 0.028837 0.252353 0.014278 0.704532
 0.009127 0.019688 0.005342 0.965843
 0.002845 0.056828 0.001989 0.938338
 0.004726 0.054758 0.919448 0.021067
 0.859239 0.035494 0.026329 0.078938
 0.227505 0.182895 0.010748 0.578852
 0.018325 0.879020 0.085426 0.017228
 0.056259 0.057839 0.020492 0.865410
 0.056786 0.563407 0.065701 0.314106

MOTIF 6-RRTGASTCAYY STREME-6
letter-probability matrix: alength= 4 w= 11 nsites= 1481 E= 7.8e-013
 0.339923 0.149802 0.388425 0.121850
 0.437171 0.151922 0.387369 0.023538
 0.000040 0.003840 0.000045 0.996075
 0.003293 0.000045 0.854257 0.142405
 0.997577 0.000291 0.002092 0.000040
 0.081291 0.418709 0.418709 0.081291
 0.000040 0.002092 0.000291 0.997577
 0.142405 0.854257 0.000045 0.003293
 0.996075 0.000045 0.003840 0.000040
 0.023538 0.387369 0.151922 0.437171
 0.121850 0.388425 0.149802 0.339923

MOTIF 7-AAAAAAAAAAAAAAA STREME-7
letter-probability matrix: alength= 4 w= 15 nsites= 429 E= 1.9e-012
 0.911446 0.000138 0.000138 0.088278
 0.997422 0.000138 0.000138 0.002302
 0.964883 0.000138 0.034857 0.000122
 0.864435 0.000138 0.119061 0.016366
 0.948630 0.051109 0.000138 0.000122
 0.979809 0.000138 0.019931 0.000122
 0.986210 0.000138 0.013529 0.000122
 0.961177 0.000138 0.038563 0.000122
 0.977943 0.014577 0.000138 0.007342
 0.906053 0.068418 0.000138 0.025391
 0.998255 0.000138 0.001484 0.000122
 0.995785 0.000138 0.003954 0.000122
 0.885241 0.000138 0.114498 0.000122
 0.940134 0.000138 0.032158 0.027570
 0.963956 0.012514 0.000138 0.023392

MOTIF 8-CCAGCCTGGGYRACA STREME-8
letter-probability matrix: alength= 4 w= 15 nsites= 357 E= 3.1e-010
 0.000122 0.959927 0.007354 0.032596
 0.010947 0.945494 0.007354 0.036205
 0.974344 0.007354 0.018179 0.000122
 0.025380 0.014571 0.956319 0.003731
 0.010947 0.959927 0.000138 0.028988
 0.000122 0.938277 0.025396 0.036205
 0.007339 0.010963 0.000138 0.981561
 0.061462 0.007354 0.909412 0.021772
 0.028988 0.010963 0.945494 0.014555
 0.036205 0.018179 0.938277 0.007339
 0.054246 0.566630 0.021787 0.357337
 0.353729 0.018179 0.620753 0.007339
 0.977952 0.007354 0.010963 0.003731
 0.014555 0.927453 0.032612 0.025380
 0.949086 0.010963 0.025396 0.014555

MOTIF 9-CCTGTARTCCCAGC STREME-9
letter-probability matrix: alength= 4 w= 14 nsites= 263 E= 4.7e-010
 0.013475 0.928463 0.022378 0.035683
 0.009034 0.959555 0.000170 0.031242
 0.000151 0.009053 0.000170 0.990627
 0.075658 0.000170 0.924022 0.000151
 0.000151 0.035703 0.017936 0.946211
 0.910678 0.004611 0.084560 0.000151
 0.613091 0.009053 0.377705 0.000151
 0.000151 0.009053 0.004611 0.986185
 0.009034 0.932905 0.000170 0.057891
 0.013475 0.941788 0.017936 0.026800
 0.004592 0.826307 0.000170 0.168931
 0.977302 0.000170 0.022378 0.000151
 0.057891 0.009053 0.932905 0.000151
 0.009034 0.950671 0.000170 0.040125

MOTIF 10-CAAGGTCA STREME-10
letter-probability matrix: alength= 4 w= 8 nsites= 2241 E= 6.3e-008
 0.097987 0.700679 0.162153 0.039180
 0.961405 0.000126 0.038357 0.000112
 0.871297 0.000126 0.128465 0.000112
 0.000112 0.005320 0.994456 0.000112
 0.000112 0.000126 0.999650 0.000112
 0.056961 0.118891 0.000126 0.824022
 0.000112 0.999650 0.000126 0.000112
 0.884375 0.000126 0.067436 0.048063

MOTIF 11-GAGACAGGGTCTCDC STREME-11
letter-probability matrix: alength= 4 w= 15 nsites= 257 E= 1.3e-006
 0.017422 0.017447 0.913256 0.051876
 0.936200 0.005962 0.017447 0.040391
 0.046134 0.017447 0.907513 0.028907
 0.924715 0.028931 0.023189 0.023164
 0.011679 0.913256 0.005962 0.069103
 0.844322 0.023189 0.109325 0.023164
 0.046134 0.017447 0.907513 0.028907
 0.201177 0.005962 0.763954 0.028907
 0.074845 0.046158 0.844347 0.034649
 0.040391 0.040416 0.000220 0.918973
 0.023164 0.873059 0.017447 0.086330
 0.011679 0.011704 0.034674 0.941942
 0.023164 0.763954 0.034674 0.178208
 0.338994 0.086355 0.298823 0.275828
 0.028907 0.913256 0.017447 0.040391

MOTIF 12-CAGGAAGYR STREME-12
letter-probability matrix: alength= 4 w= 9 nsites= 2006 E= 2.1e-006
 0.000128 0.844062 0.155681 0.000128
 0.699224 0.300503 0.000145 0.000128
 0.000128 0.000145 0.999599 0.000128
 0.000128 0.000145 0.999599 0.000128
 0.999582 0.000145 0.000145 0.000128
 0.999582 0.000145 0.000145 0.000128
 0.168667 0.000145 0.822473 0.008715
 0.000128 0.437488 0.000145 0.562239
 0.306181 0.183123 0.420115 0.090582

MOTIF 13-AATYATTAAC STREME-13
letter-probability matrix: alength= 4 w= 10 nsites= 840 E= 2.1e-006
 0.897583 0.000094 0.056217 0.046106
 0.870352 0.084924 0.000094 0.044630
 0.281803 0.018333 0.000094 0.699770
 0.145278 0.487990 0.074993 0.291738
 0.849378 0.000094 0.078075 0.072453
 0.108786 0.000094 0.031931 0.859189
 0.000083 0.000094 0.000094 0.999729
 0.896009 0.000094 0.006127 0.097770
 0.869134 0.107385 0.023398 0.000083
 0.000083 0.994389 0.005444 0.000083

MOTIF 14-GCCRSCAGGGGGCGC STREME-14
letter-probability matrix: alength= 4 w= 15 nsites= 870 E= 3.5e-006
 0.184685 0.152064 0.560389 0.102863
 0.048826 0.862940 0.043260 0.044975
 0.000044 0.999864 0.000049 0.000044
 0.517053 0.032676 0.403480 0.046791
 0.019300 0.596890 0.383767 0.000044
 0.058127 0.619659 0.154413 0.167801
 0.934073 0.052997 0.012887 0.000044
 0.000044 0.000049 0.999864 0.000044
 0.272512 0.002617 0.724828 0.000044
 0.032670 0.012887 0.699153 0.255291
 0.003895 0.000049 0.994729 0.001327
 0.030102 0.014170 0.926158 0.029570
 0.067232 0.899298 0.000049 0.033421
 0.207041 0.000049 0.792866 0.000044
 0.061663 0.644388 0.240739 0.053210

MOTIF 15-WGGAATGTG STREME-15
letter-probability matrix: alength= 4 w= 9 nsites= 1180 E= 8.1e-006
 0.546031 0.031756 0.000161 0.422052
 0.071684 0.027031 0.887090 0.014194
 0.000143 0.000161 0.999554 0.000143
 0.999536 0.000161 0.000161 0.000143
 0.999536 0.000161 0.000161 0.000143
 0.000143 0.000161 0.000161 0.999536
 0.000143 0.000161 0.780418 0.219279
 0.046727 0.265830 0.000161 0.687282
 0.266185 0.000161 0.676996 0.056658

MOTIF 16-GRGGTGGGAGGRG STREME-16
letter-probability matrix: alength= 4 w= 13 nsites= 1901 E= 8.2e-006
 0.022648 0.015931 0.961391 0.000029
 0.470815 0.144978 0.310067 0.074139
 0.233410 0.097097 0.669463 0.000029
 0.045521 0.090174 0.838163 0.026143
 0.266206 0.197423 0.000033 0.536338
 0.062951 0.010182 0.926837 0.000029
 0.000029 0.010082 0.989859 0.000029
 0.056553 0.000033 0.943385 0.000029
 0.547246 0.223408 0.000033 0.229312
 0.050715 0.003821 0.945435 0.000029
 0.037062 0.006038 0.942285 0.014614
 0.395792 0.065757 0.454392 0.084059
 0.098408 0.024620 0.671568 0.205404

MOTIF 17-SAGATAAGA STREME-17
letter-probability matrix: alength= 4 w= 9 nsites= 1182 E= 1.4e-005
 0.154205 0.263870 0.446222 0.135703
 0.847800 0.022909 0.009869 0.119421
 0.000104 0.000117 0.999675 0.000104
 0.999662 0.000117 0.000117 0.000104
 0.000104 0.000117 0.000117 0.999662
 0.999662 0.000117 0.000117 0.000104
 0.948418 0.023062 0.021437 0.007083
 0.000104 0.206238 0.786249 0.007408
 0.588105 0.136517 0.269941 0.005437

MOTIF 18-RARCAAACA STREME-18
letter-probability matrix: alength= 4 w= 9 nsites= 1259 E= 3.5e-005
 0.573038 0.000186 0.426610 0.000165
 0.777291 0.000186 0.222357 0.000165
 0.511467 0.000186 0.322905 0.165442
 0.000165 0.999483 0.000186 0.000165
 0.999462 0.000186 0.000186 0.000165
 0.999462 0.000186 0.000186 0.000165
 0.999462 0.000186 0.000186 0.000165
 0.000165 0.885965 0.000186 0.113684
 0.999462 0.000186 0.000186 0.000165

MOTIF 19-CRTGAGCCACYRCGC STREME-19
letter-probability matrix: alength= 4 w= 15 nsites= 169 E= 7.0e-005
 0.000219 0.915204 0.000247 0.084330
 0.552855 0.019657 0.401388 0.026099
 0.000219 0.087043 0.000247 0.912491
 0.039039 0.006717 0.954024 0.000219
 0.744270 0.132333 0.006717 0.116680
 0.103740 0.000247 0.895794 0.000219
 0.000219 0.992844 0.000247 0.006689
 0.000219 0.928144 0.019657 0.051979
 0.992816 0.000247 0.006717 0.000219
 0.013159 0.966964 0.000247 0.019629
 0.064919 0.559353 0.019657 0.356070
 0.343130 0.000247 0.649933 0.006689
 0.019629 0.662873 0.006717 0.310780
 0.304310 0.006717 0.649933 0.039039
 0.000219 0.986374 0.000247 0.013159

MOTIF 20-TGCGCATGCGCA STREME-20
letter-probability matrix: alength= 4 w= 12 nsites= 138 E= 7.0e-005
 0.011415 0.114744 0.009171 0.864670
 0.037378 0.002423 0.956005 0.004194
 0.021483 0.953078 0.021245 0.004194
 0.023161 0.000300 0.976272 0.000266
 0.004194 0.987385 0.004228 0.004194
 0.769403 0.128444 0.050833 0.051320
 0.051320 0.050833 0.128444 0.769403
 0.004194 0.004228 0.987385 0.004194
 0.000266 0.976272 0.000300 0.023161
 0.004194 0.021245 0.953078 0.021483
 0.004194 0.956005 0.002423 0.037378
 0.864670 0.009171 0.114744 0.011415

MOTIF 21-GTAAACAAAS STREME-21
letter-probability matrix: alength= 4 w= 10 nsites= 2116 E= 2.0e-004
 0.110725 0.015241 0.762622 0.111412
 0.042499 0.049186 0.000049 0.908266
 0.876913 0.097463 0.021022 0.004603
 0.830031 0.141431 0.019547 0.008991
 0.887143 0.008034 0.064167 0.040656
 0.000043 0.898199 0.005746 0.096011
 0.818350 0.005513 0.151567 0.024570
 0.553861 0.126699 0.092740 0.226700
 0.670930 0.030912 0.136325 0.161833
 0.066031 0.328258 0.558789 0.046922

MOTIF 22-RATCRATAR STREME-22
letter-probability matrix: alength= 4 w= 9 nsites= 357 E= 1.2e-003
 0.589086 0.007421 0.403251 0.000242
 0.999211 0.000273 0.000273 0.000242
 0.000242 0.000273 0.000273 0.999211
 0.000242 0.999242 0.000273 0.000242
 0.588698 0.000273 0.410786 0.000242
 0.999211 0.000273 0.000273 0.000242
 0.000242 0.000273 0.000273 0.999211
 0.780897 0.099338 0.000273 0.119491
 0.408517 0.201141 0.281769 0.108573

MOTIF 23-CTGGGCTCAAGYRA STREME-23
letter-probability matrix: alength= 4 w= 14 nsites= 182 E= 1.3e-003
 0.000191 0.898071 0.000215 0.101523
 0.019416 0.129695 0.000215 0.850674
 0.118411 0.000215 0.864294 0.017080
 0.148895 0.000215 0.850699 0.000191
 0.169077 0.084658 0.723555 0.022709
 0.002527 0.887769 0.011474 0.098229
 0.000191 0.021776 0.000215 0.977818
 0.000191 0.937478 0.022733 0.039598
 0.980154 0.011474 0.000215 0.008157
 0.959972 0.000215 0.022733 0.017080
 0.109488 0.000215 0.878846 0.011450
 0.045227 0.489029 0.011474 0.454270
 0.317782 0.033993 0.602999 0.045227
 0.982490 0.011474 0.000215 0.005820

MOTIF 24-CTGGGGTCA STREME-24
letter-probability matrix: alength= 4 w= 9 nsites= 1253 E= 1.4e-002
 0.052228 0.884181 0.027418 0.036174
 0.077079 0.081333 0.045987 0.795601
 0.041130 0.131552 0.779602 0.047716
 0.169588 0.013950 0.766876 0.049585
 0.024477 0.190588 0.783304 0.001631
 0.038553 0.034368 0.902141 0.024938
 0.035328 0.010851 0.000353 0.953468
 0.008561 0.938245 0.004956 0.048239
 0.863560 0.001905 0.132519 0.002016

MOTIF 25-CAYRGCTCACTGCAG STREME-25
letter-probability matrix: alength= 4 w= 15 nsites= 216 E= 2.0e-002
 0.005380 0.973429 0.000199 0.020992
 0.821494 0.000199 0.026218 0.152089
 0.007540 0.429071 0.015810 0.547578
 0.608138 0.015810 0.365467 0.010584
 0.057418 0.005403 0.931799 0.005380
 0.000176 0.947410 0.005403 0.047011
 0.010584 0.026218 0.000199 0.962999
 0.000176 0.947410 0.005403 0.047011
 0.955636 0.010607 0.015810 0.017947
 0.000176 0.963021 0.005403 0.031399
 0.015788 0.005403 0.000199 0.978610
 0.047011 0.015810 0.916187 0.020992
 0.020992 0.812111 0.005403 0.161495
 0.978610 0.000199 0.015810 0.005380
 0.308203 0.010607 0.660199 0.020992

MOTIF 26-CACTTCCGGCTC STREME-26
letter-probability matrix: alength= 4 w= 12 nsites= 559 E= 3.2e-002
 0.028789 0.797973 0.092880 0.080359
 0.787577 0.030329 0.152211 0.029883
 0.002530 0.970509 0.008796 0.018165
 0.021346 0.018509 0.058109 0.902036
 0.035702 0.021445 0.012210 0.930643
 0.014026 0.963836 0.013349 0.008789
 0.022756 0.933580 0.016841 0.026823
 0.045027 0.045163 0.798802 0.111008
 0.048570 0.181615 0.715432 0.054384
 0.034680 0.607310 0.182122 0.175887
 0.034247 0.212290 0.113756 0.639707
 0.085175 0.698276 0.134607 0.081942

MOTIF 27-AGTGCAGTGGYRYRA STREME-27
letter-probability matrix: alength= 4 w= 15 nsites= 103 E= 3.7e-002
 0.976589 0.022611 0.000424 0.000376
 0.166776 0.022611 0.799144 0.011469
 0.022563 0.000424 0.000424 0.976589
 0.177869 0.011518 0.810237 0.000376
 0.000376 0.998823 0.000424 0.000376
 0.987682 0.000424 0.011518 0.000376
 0.144589 0.000424 0.843517 0.011469
 0.000376 0.000424 0.000424 0.998775
 0.000376 0.000424 0.998823 0.000376
 0.066936 0.000424 0.932264 0.000376
 0.033656 0.543997 0.033704 0.388643
 0.532856 0.033704 0.410877 0.022563
 0.000376 0.588370 0.000424 0.410829
 0.333176 0.044797 0.610557 0.011469
 0.954402 0.000424 0.000424 0.044749

MOTIF 28-TGTKTAMACA STREME-28
letter-probability matrix: alength= 4 w= 10 nsites= 164 E= 3.7e-002
 0.000408 0.000460 0.000460 0.998673
 0.261102 0.000460 0.738031 0.000408
 0.000408 0.000460 0.000460 0.998673
 0.000408 0.000460 0.393646 0.605487
 0.000408 0.101021 0.000460 0.898112
 0.898112 0.000460 0.101021 0.000408
 0.605487 0.393646 0.000460 0.000408
 0.998673 0.000460 0.000460 0.000408
 0.000408 0.738031 0.000460 0.261102
 0.998673 0.000460 0.000460 0.000408

MOTIF 29-AGGGCAGAG STREME-29
letter-probability matrix: alength= 4 w= 9 nsites= 1563 E= 4.1e-002
 0.921316 0.034670 0.000311 0.043703
 0.034983 0.000311 0.964429 0.000276
 0.000276 0.000311 0.947053 0.052359
 0.000276 0.056790 0.857687 0.085248
 0.066400 0.933012 0.000311 0.000276
 0.974454 0.024959 0.000311 0.000276
 0.186589 0.000311 0.800098 0.013002
 0.785738 0.000311 0.165945 0.048006
 0.000276 0.000311 0.999136 0.000276

MOTIF 30-ATTCCAGG STREME-30
letter-probability matrix: alength= 4 w= 8 nsites= 238 E= 4.4e-002
 0.930455 0.024091 0.024091 0.021364
 0.021364 0.024091 0.024091 0.930455
 0.021364 0.024091 0.024091 0.930455
 0.021364 0.933182 0.024091 0.021364
 0.021364 0.933182 0.024091 0.021364
 0.930455 0.024091 0.024091 0.021364
 0.021364 0.024091 0.933182 0.021364
 0.021364 0.024091 0.933182 0.021364

MOTIF 31-AARGGGTTAA STREME-31
letter-probability matrix: alength= 4 w= 10 nsites= 166 E= 4.9e-002
 0.719647 0.000565 0.133095 0.146693
 0.891909 0.000565 0.107024 0.000501
 0.642684 0.000565 0.356249 0.000501
 0.000501 0.000565 0.854443 0.144491
 0.000501 0.000565 0.998432 0.000501
 0.000501 0.000565 0.998432 0.000501
 0.000501 0.000565 0.000565 0.998368
 0.000501 0.000565 0.000565 0.998368
 0.998368 0.000565 0.000565 0.000501
 0.946989 0.000565 0.051944 0.000501

MOTIF 32-CCCCGCCTC STREME-32
letter-probability matrix: alength= 4 w= 9 nsites= 1798 E= 5.9e-002
 0.043153 0.911235 0.000255 0.045357
 0.077167 0.744125 0.126545 0.052163
 0.000226 0.986318 0.000255 0.013201
 0.041264 0.865627 0.046844 0.046265
 0.123059 0.000255 0.773260 0.103426
 0.009625 0.967627 0.000255 0.022493
 0.000226 0.999293 0.000255 0.000226
 0.031067 0.000255 0.000255 0.968423
 0.000226 0.960771 0.000255 0.038748

MOTIF 33-AAAAATTAGCCAG STREME-33
letter-probability matrix: alength= 4 w= 13 nsites= 83 E= 7.4e-002
 0.962411 0.000681 0.018492 0.018415
 0.998034 0.000681 0.000681 0.000604
 0.962411 0.018492 0.000681 0.018415
 0.873355 0.054115 0.054115 0.018415
 0.980223 0.000681 0.000681 0.018415
 0.000604 0.000681 0.000681 0.998034
 0.018415 0.000681 0.018492 0.962411
 0.962411 0.000681 0.000681 0.036226
 0.000604 0.018492 0.909055 0.071849
 0.000604 0.980300 0.018492 0.000604
 0.018415 0.944677 0.000681 0.036226
 0.873355 0.018492 0.054115 0.054038
 0.089660 0.000681 0.909055 0.000604

MOTIF 34-GCCCCGCCC STREME-34
letter-probability matrix: alength= 4 w= 9 nsites= 1351 E= 7.5e-002
 0.009621 0.001468 0.927467 0.061445
 0.049240 0.860179 0.013114 0.077467
 0.040883 0.886221 0.002058 0.070837
 0.075641 0.912340 0.000273 0.011746
 0.068302 0.828129 0.058316 0.045253
 0.046373 0.000207 0.796442 0.156977
 0.000873 0.972203 0.023810 0.003113
 0.017740 0.952018 0.027324 0.002917
 0.003430 0.985507 0.001487 0.009575

MOTIF 35-CAAAGTCC STREME-35
letter-probability matrix: alength= 4 w= 8 nsites= 1335 E= 1.3e-001
 0.000221 0.999308 0.000250 0.000221
 0.907432 0.000250 0.016028 0.076291
 0.885017 0.000250 0.114512 0.000221
 0.999279 0.000250 0.000250 0.000221
 0.000221 0.000250 0.999308 0.000221
 0.000221 0.121937 0.113536 0.764306
 0.040662 0.870598 0.000250 0.088490
 0.000221 0.822271 0.034134 0.143373

MOTIF 36-ACTTTGGGAGGCC STREME-36
letter-probability matrix: alength= 4 w= 13 nsites= 81 E= 1.5e-001
 0.934771 0.000607 0.064084 0.000538
 0.000538 0.934839 0.016476 0.048146
 0.000538 0.000607 0.000607 0.998248
 0.000538 0.000607 0.000607 0.998248
 0.000538 0.016476 0.000607 0.982379
 0.016408 0.000607 0.982448 0.000538
 0.032277 0.000607 0.966578 0.000538
 0.048146 0.032346 0.918970 0.000538
 0.982379 0.000607 0.016476 0.000538
 0.016408 0.000607 0.982448 0.000538
 0.000538 0.016476 0.982448 0.000538
 0.000538 0.982448 0.000607 0.016408
 0.016408 0.792015 0.000607 0.190971

MOTIF 37-CCACGTGG STREME-37
letter-probability matrix: alength= 4 w= 8 nsites= 672 E= 1.5e-001
 0.068910 0.645009 0.251239 0.034842
 0.000391 0.851594 0.052244 0.095771
 0.998726 0.000441 0.000441 0.000391
 0.000391 0.998776 0.000441 0.000391
 0.000391 0.000441 0.998776 0.000391
 0.000391 0.000441 0.000441 0.998726
 0.095771 0.052244 0.851594 0.000391
 0.034842 0.251239 0.645009 0.068910

MOTIF 38-CCCAGC STREME-38
letter-probability matrix: alength= 4 w= 6 nsites= 3372 E= 2.2e-001
 0.021364 0.933182 0.024091 0.021364
 0.021364 0.933182 0.024091 0.021364
 0.021364 0.933182 0.024091 0.021364
 0.930455 0.024091 0.024091 0.021364
 0.021364 0.024091 0.933182 0.021364
 0.021364 0.933182 0.024091 0.021364

MOTIF 39-CTCTCTCTCTCCCT STREME-39
letter-probability matrix: alength= 4 w= 14 nsites= 326 E= 2.4e-001
 0.031873 0.792610 0.029876 0.145640
 0.027169 0.017964 0.063924 0.890943
 0.014232 0.969936 0.005127 0.010704
 0.000120 0.137113 0.162510 0.700257
 0.045986 0.822930 0.000135 0.130949
 0.001584 0.113684 0.024832 0.859900
 0.010704 0.930251 0.016012 0.043034
 0.027745 0.204168 0.075691 0.692396
 0.010704 0.917154 0.059020 0.013122
 0.053042 0.044421 0.017776 0.884761
 0.038329 0.877851 0.003663 0.080157
 0.051278 0.573878 0.109836 0.265008
 0.015996 0.967993 0.007191 0.008819
 0.003648 0.009595 0.119193 0.867564

MOTIF 40-AGATAA STREME-40
letter-probability matrix: alength= 4 w= 6 nsites= 1229 E= 2.4e-001
 0.930455 0.024091 0.024091 0.021364
 0.021364 0.024091 0.933182 0.021364
 0.930455 0.024091 0.024091 0.021364
 0.021364 0.024091 0.024091 0.930455
 0.930455 0.024091 0.024091 0.021364
 0.930455 0.024091 0.024091 0.021364

MOTIF 41-GATGAGGAAAYTG STREME-41
letter-probability matrix: alength= 4 w= 13 nsites= 323 E= 4.3e-001
 0.138586 0.005058 0.814745 0.041611
 0.874719 0.005058 0.115187 0.005037
 0.025460 0.039157 0.009929 0.925454
 0.039136 0.019672 0.887817 0.053375
 0.798542 0.009929 0.082172 0.109358
 0.062664 0.000186 0.936984 0.000165
 0.041158 0.002208 0.925219 0.031415
 0.841556 0.060665 0.014800 0.082979
 0.893120 0.065536 0.031436 0.009908
 0.934113 0.000186 0.065536 0.000165
 0.029394 0.508932 0.132651 0.329023
 0.234931 0.099636 0.031436 0.633997
 0.075258 0.102938 0.760707 0.061097

MOTIF 42-TCTGCAAACA STREME-42
letter-probability matrix: alength= 4 w= 10 nsites= 297 E= 4.7e-001
 0.000326 0.000367 0.000367 0.998939
 0.009936 0.785788 0.081655 0.122621
 0.000326 0.089692 0.000367 0.909614
 0.054033 0.149977 0.689365 0.106625
 0.000326 0.998981 0.000367 0.000326
 0.998939 0.000367 0.000367 0.000326
 0.998939 0.000367 0.000367 0.000326
 0.958652 0.000367 0.000367 0.040613
 0.000326 0.767088 0.000367 0.232219
 0.912285 0.000367 0.017773 0.069575

MOTIF 43-CTGATAAG STREME-43
letter-probability matrix: alength= 4 w= 8 nsites= 130 E= 4.8e-001
 0.021364 0.933182 0.024091 0.021364
 0.021364 0.024091 0.024091 0.930455
 0.021364 0.024091 0.933182 0.021364
 0.930455 0.024091 0.024091 0.021364
 0.021364 0.024091 0.024091 0.930455
 0.930455 0.024091 0.024091 0.021364
 0.930455 0.024091 0.024091 0.021364
 0.021364 0.024091 0.933182 0.021364

MOTIF 44-GGTCACGTGR STREME-44
letter-probability matrix: alength= 4 w= 10 nsites= 324 E= 5.1e-001
 0.101090 0.184516 0.708817 0.005577
 0.038379 0.000128 0.946168 0.015324
 0.023354 0.133982 0.000128 0.842536
 0.009494 0.705437 0.228538 0.056530
 0.973754 0.006377 0.016252 0.003617
 0.000114 0.978691 0.000128 0.021067
 0.000114 0.000128 0.985600 0.014159
 0.033391 0.008094 0.006196 0.952319
 0.017199 0.201938 0.742606 0.038256
 0.555636 0.043814 0.382402 0.018148

MOTIF 45-ATGAATGAATGAA STREME-45
letter-probability matrix: alength= 4 w= 13 nsites= 76 E= 6.0e-001
 0.788454 0.016753 0.113567 0.081226
 0.120193 0.000617 0.016753 0.862437
 0.000547 0.032888 0.927050 0.039515
 0.982083 0.016753 0.000617 0.000547
 0.965947 0.000617 0.000617 0.032819
 0.016683 0.049024 0.000617 0.933676
 0.048954 0.055720 0.862507 0.032819
 0.788454 0.081296 0.129703 0.000547
 0.933676 0.032888 0.032888 0.000547
 0.016683 0.016753 0.032888 0.933676
 0.016683 0.016753 0.917610 0.048954
 0.675504 0.081296 0.210381 0.032819
 0.933676 0.032888 0.000617 0.032819

MOTIF 46-AATGTTTAACW STREME-46
letter-probability matrix: alength= 4 w= 11 nsites= 60 E= 6.0e-001
 0.819500 0.000971 0.178669 0.000861
 0.997198 0.000971 0.000971 0.000861
 0.000861 0.026358 0.000971 0.971811
 0.000861 0.000971 0.997308 0.000861
 0.000861 0.119730 0.000971 0.878439
 0.000861 0.000971 0.000971 0.997198
 0.000861 0.000971 0.000971 0.997198
 0.997198 0.000971 0.000971 0.000861
 0.717944 0.000971 0.280224 0.000861
 0.000861 0.997308 0.000971 0.000861
 0.424252 0.190766 0.000971 0.384011

MOTIF 47-GCTGGGA STREME-47
letter-probability matrix: alength= 4 w= 7 nsites= 1355 E= 6.0e-001
 0.021364 0.024091 0.933182 0.021364
 0.021364 0.933182 0.024091 0.021364
 0.021364 0.024091 0.024091 0.930455
 0.021364 0.024091 0.933182 0.021364
 0.021364 0.024091 0.933182 0.021364
 0.021364 0.024091 0.933182 0.021364
 0.930455 0.024091 0.024091 0.021364

MOTIF 48-AGCCTCCYGAGTA STREME-48
letter-probability matrix: alength= 4 w= 13 nsites= 91 E= 8.2e-001
 0.988629 0.000392 0.010632 0.000347
 0.010588 0.000392 0.988674 0.000347
 0.010588 0.927231 0.010632 0.051549
 0.020828 0.968193 0.000392 0.010588
 0.010588 0.020872 0.010632 0.957908
 0.061790 0.865788 0.010632 0.061790
 0.051549 0.800098 0.010632 0.137721
 0.072030 0.348566 0.082315 0.497089
 0.205156 0.020872 0.772672 0.001300
 0.978389 0.000392 0.020872 0.000347
 0.020828 0.000392 0.978433 0.000347
 0.000347 0.031113 0.000392 0.968148
 0.998870 0.000392 0.000392 0.000347

MOTIF 49-TAAATA STREME-49
letter-probability matrix: alength= 4 w= 6 nsites= 913 E= 8.9e-001
 0.021364 0.024091 0.024091 0.930455
 0.930455 0.024091 0.024091 0.021364
 0.930455 0.024091 0.024091 0.021364
 0.930455 0.024091 0.024091 0.021364
 0.021364 0.024091 0.024091 0.930455
 0.930455 0.024091 0.024091 0.021364

MOTIF 50-AAAGYAAAS STREME-50
letter-probability matrix: alength= 4 w= 9 nsites= 604 E= 1.0e+000
 0.709108 0.000496 0.000496 0.289901
 0.998569 0.000496 0.000496 0.000440
 0.944302 0.054763 0.000496 0.000440
 0.000440 0.093901 0.905220 0.000440
 0.000440 0.663754 0.000496 0.335311
 0.998569 0.000496 0.000496 0.000440
 0.998569 0.000496 0.000496 0.000440
 0.998569 0.000496 0.000496 0.000440
 0.000440 0.535252 0.277497 0.186812

MOTIF 51-AGCACCDYGGACA STREME-51
letter-probability matrix: alength= 4 w= 13 nsites= 56 E= 1.2e+000
 0.997939 0.000714 0.000714 0.000633
 0.000633 0.000714 0.998020 0.000633
 0.000633 0.885994 0.112739 0.000633
 0.997939 0.000714 0.000714 0.000633
 0.000633 0.998020 0.000714 0.000633
 0.000633 0.998020 0.000714 0.000633
 0.448735 0.045804 0.280777 0.224684
 0.000633 0.504828 0.224765 0.269774
 0.000633 0.000714 0.998020 0.000633
 0.037975 0.000714 0.960678 0.000633
 0.997939 0.000714 0.000714 0.000633
 0.019304 0.867324 0.112739 0.000633
 0.979268 0.019385 0.000714 0.000633

MOTIF 52-CCCTCCCCCAC STREME-52
letter-probability matrix: alength= 4 w= 11 nsites= 181 E= 1.3e+000
 0.070643 0.756883 0.039187 0.133288
 0.006033 0.979570 0.009633 0.004764
 0.001189 0.971990 0.025600 0.001221
 0.015420 0.000570 0.032519 0.951491
 0.042128 0.802502 0.106383 0.048987
 0.011041 0.953852 0.023548 0.011559
 0.020475 0.954423 0.004627 0.020475
 0.039122 0.893484 0.023548 0.043845
 0.011041 0.903185 0.025600 0.060174
 0.983442 0.000570 0.015482 0.000506
 0.063042 0.895190 0.000570 0.041198

MOTIF 53-AAAGTCCA STREME-53
letter-probability matrix: alength= 4 w= 8 nsites= 176 E= 1.3e+000
 0.930455 0.024091 0.024091 0.021364
 0.930455 0.024091 0.024091 0.021364
 0.930455 0.024091 0.024091 0.021364
 0.021364 0.024091 0.933182 0.021364
 0.021364 0.024091 0.024091 0.930455
 0.021364 0.933182 0.024091 0.021364
 0.021364 0.933182 0.024091 0.021364
 0.930455 0.024091 0.024091 0.021364

MOTIF 54-AAGATGGCGGCSS STREME-54
letter-probability matrix: alength= 4 w= 13 nsites= 123 E= 1.5e+000
 0.988065 0.000299 0.011371 0.000265
 0.710961 0.241527 0.039422 0.008090
 0.062861 0.296299 0.632751 0.008090
 0.960014 0.039422 0.000299 0.000265
 0.000265 0.050493 0.000299 0.948942
 0.000265 0.015948 0.983521 0.000265
 0.000265 0.000299 0.999170 0.000265
 0.000265 0.999170 0.000299 0.000265
 0.015914 0.100687 0.804889 0.078510
 0.125457 0.094193 0.725314 0.055037
 0.000265 0.928750 0.000299 0.070686
 0.039388 0.382368 0.473014 0.105230
 0.070686 0.363472 0.456035 0.109808

MOTIF 55-AAAGAAAACAA STREME-55
letter-probability matrix: alength= 4 w= 11 nsites= 490 E= 1.7e+000
 0.981086 0.009255 0.006808 0.002850
 0.909880 0.010085 0.027089 0.052946
 0.871805 0.079907 0.018172 0.030116
 0.000337 0.091593 0.882888 0.025182
 0.899667 0.036008 0.041370 0.022954
 0.926248 0.021478 0.034138 0.018136
 0.936298 0.027607 0.012543 0.023552
 0.896827 0.050571 0.034006 0.018596
 0.041688 0.886333 0.048920 0.023059
 0.789083 0.018171 0.135811 0.056936
 0.842962 0.049239 0.014527 0.093272

MOTIF 56-CCCAGG STREME-56
letter-probability matrix: alength= 4 w= 6 nsites= 6775 E= 1.8e+000
 0.021364 0.933182 0.024091 0.021364
 0.021364 0.933182 0.024091 0.021364
 0.021364 0.933182 0.024091 0.021364
 0.930455 0.024091 0.024091 0.021364
 0.021364 0.024091 0.933182 0.021364
 0.021364 0.024091 0.933182 0.021364

MOTIF 57-GCAAACA STREME-57
letter-probability matrix: alength= 4 w= 7 nsites= 499 E= 1.8e+000
 0.021364 0.024091 0.933182 0.021364
 0.021364 0.933182 0.024091 0.021364
 0.930455 0.024091 0.024091 0.021364
 0.930455 0.024091 0.024091 0.021364
 0.930455 0.024091 0.024091 0.021364
 0.021364 0.933182 0.024091 0.021364
 0.930455 0.024091 0.024091 0.021364

MOTIF 58-TGTGTCAACA STREME-58
letter-probability matrix: alength= 4 w= 10 nsites= 350 E= 2.0e+000
 0.244849 0.005129 0.000339 0.749683
 0.212944 0.000339 0.786417 0.000301
 0.239889 0.038719 0.097876 0.623516
 0.013950 0.000339 0.985410 0.000301
 0.000301 0.000339 0.000339 0.999022
 0.000301 0.999060 0.000339 0.000301
 0.947711 0.000339 0.010907 0.041043
 0.838139 0.000339 0.000339 0.161184
 0.000301 0.849745 0.000339 0.149616
 0.921697 0.071893 0.006109 0.000301

MOTIF 59-CCCGAGGC STREME-59
letter-probability matrix: alength= 4 w= 8 nsites= 201 E= 2.0e+000
 0.021364 0.933182 0.024091 0.021364
 0.021364 0.933182 0.024091 0.021364
 0.021364 0.933182 0.024091 0.021364
 0.021364 0.024091 0.933182 0.021364
 0.930455 0.024091 0.024091 0.021364
 0.021364 0.024091 0.933182 0.021364
 0.021364 0.024091 0.933182 0.021364
 0.021364 0.933182 0.024091 0.021364

MOTIF 60-AGGTCA STREME-60
letter-probability matrix: alength= 4 w= 6 nsites= 1446 E= 2.1e+000
 0.930455 0.024091 0.024091 0.021364
 0.021364 0.024091 0.933182 0.021364
 0.021364 0.024091 0.933182 0.021364
 0.021364 0.024091 0.024091 0.930455
 0.021364 0.933182 0.024091 0.021364
 0.930455 0.024091 0.024091 0.021364

MOTIF 61-ACACACACACACAC STREME-61
letter-probability matrix: alength= 4 w= 14 nsites= 313 E= 2.2e+000
 0.999349 0.000226 0.000226 0.000200
 0.000200 0.952269 0.000226 0.047305
 0.993451 0.006123 0.000226 0.000200
 0.019418 0.980156 0.000226 0.000200
 0.975758 0.000226 0.023817 0.000200
 0.000200 0.912751 0.057861 0.029188
 0.832195 0.007717 0.112921 0.047167
 0.000200 0.935501 0.000226 0.064073
 0.939050 0.000226 0.054627 0.006098
 0.049453 0.782088 0.078539 0.089920
 0.786019 0.006123 0.134239 0.073619
 0.000200 0.886563 0.000226 0.113012
 0.935579 0.029624 0.020560 0.014237
 0.037082 0.927105 0.000226 0.035587

MOTIF 62-CWCSGWG STREME-62
letter-probability matrix: alength= 4 w= 7 nsites= 303 E= 2.2e+000
 0.021364 0.933182 0.024091 0.021364
 0.475909 0.024091 0.024091 0.475909
 0.021364 0.933182 0.024091 0.021364
 0.021364 0.478636 0.478636 0.021364
 0.021364 0.024091 0.933182 0.021364
 0.475909 0.024091 0.024091 0.475909
 0.021364 0.024091 0.933182 0.021364

MOTIF 63-AGCAGCAGCAGCG STREME-63
letter-probability matrix: alength= 4 w= 13 nsites= 640 E= 2.3e+000
 0.668827 0.117607 0.190519 0.023047
 0.014505 0.000082 0.978039 0.007374
 0.003407 0.975017 0.007787 0.013789
 0.725102 0.078746 0.101816 0.094337
 0.030007 0.006496 0.962537 0.000960
 0.000073 0.907671 0.046395 0.045862
 0.672496 0.116036 0.114528 0.096940
 0.000073 0.079243 0.920612 0.000073
 0.048824 0.781160 0.127544 0.042473
 0.602297 0.178085 0.154153 0.065465
 0.075172 0.021512 0.859593 0.043723
 0.018477 0.859521 0.074627 0.047375
 0.158680 0.126883 0.582587 0.131850

MOTIF 64-CCTAGAG STREME-64
letter-probability matrix: alength= 4 w= 7 nsites= 481 E= 2.4e+000
 0.021364 0.933182 0.024091 0.021364
 0.021364 0.933182 0.024091 0.021364
 0.021364 0.024091 0.024091 0.930455
 0.930455 0.024091 0.024091 0.021364
 0.021364 0.024091 0.933182 0.021364
 0.930455 0.024091 0.024091 0.021364
 0.021364 0.024091 0.933182 0.021364

MOTIF 65-GCCATGGCRACRG STREME-65
letter-probability matrix: alength= 4 w= 13 nsites= 86 E= 2.4e+000
 0.135694 0.008565 0.581206 0.274535
 0.000280 0.999125 0.000315 0.000280
 0.000280 0.990876 0.000315 0.008529
 0.867097 0.000315 0.132308 0.000280
 0.000280 0.102733 0.000315 0.896672
 0.206518 0.000315 0.792887 0.000280
 0.008529 0.000315 0.982626 0.008529
 0.251188 0.649223 0.008565 0.091025
 0.609341 0.000315 0.328893 0.061450
 0.990840 0.000315 0.008565 0.000280
 0.008529 0.990876 0.000315 0.000280
 0.256014 0.196902 0.456060 0.091025
 0.152195 0.201728 0.588051 0.058026

MOTIF 66-CAGGCTGGAGTGCA STREME-66
letter-probability matrix: alength= 4 w= 14 nsites= 41 E= 2.4e+000
 0.001052 0.965690 0.032206 0.001052
 0.934535 0.001186 0.032206 0.032072
 0.032072 0.094247 0.872629 0.001052
 0.032072 0.032206 0.934670 0.001052
 0.032072 0.903649 0.001186 0.063092
 0.001052 0.001186 0.001186 0.996576
 0.094113 0.001186 0.872629 0.032072
 0.094113 0.001186 0.872629 0.032072
 0.965556 0.032206 0.001186 0.001052
 0.001052 0.001186 0.996710 0.001052
 0.001052 0.001186 0.032206 0.965556
 0.032072 0.063227 0.903649 0.001052
 0.001052 0.996710 0.001186 0.001052
 0.965556 0.032206 0.001186 0.001052

MOTIF 67-AAGCCTCAGCAATGG STREME-67
letter-probability matrix: alength= 4 w= 15 nsites= 26 E= 2.4e+000
 0.994779 0.001808 0.001808 0.001604
 0.994779 0.001808 0.001808 0.001604
 0.001604 0.049103 0.947690 0.001604
 0.001604 0.853102 0.049103 0.096192
 0.001604 0.994984 0.001808 0.001604
 0.001604 0.001808 0.001808 0.994779
 0.001604 0.947690 0.001808 0.048898
 0.994779 0.001808 0.001808 0.001604
 0.001604 0.001808 0.994984 0.001604
 0.001604 0.758514 0.049103 0.190780
 0.947485 0.001808 0.001808 0.048898
 0.994779 0.001808 0.001808 0.001604
 0.001604 0.001808 0.001808 0.994779
 0.001604 0.001808 0.994984 0.001604
 0.048898 0.001808 0.900396 0.048898

MOTIF 68-AGGAAGGAAGA STREME-68
letter-probability matrix: alength= 4 w= 11 nsites= 268 E= 2.5e+000
 0.935057 0.000589 0.035080 0.029274
 0.000523 0.000589 0.998365 0.000523
 0.148297 0.000589 0.835177 0.015936
 0.876851 0.068776 0.038435 0.015938
 0.974554 0.000589 0.000589 0.024267
 0.037002 0.006986 0.929623 0.026388
 0.000523 0.000589 0.998365 0.000523
 0.961819 0.000589 0.037069 0.000523
 0.941893 0.016004 0.041580 0.000523
 0.073371 0.043600 0.867093 0.015935
 0.737891 0.037069 0.124692 0.100348

MOTIF 69-AATCGAT STREME-69
letter-probability matrix: alength= 4 w= 7 nsites= 76 E= 2.5e+000
 0.653317 0.034748 0.288586 0.023348
 0.994226 0.002000 0.002000 0.001774
 0.001774 0.002000 0.002000 0.994226
 0.001774 0.994452 0.002000 0.001774
 0.001774 0.002000 0.994452 0.001774
 0.994226 0.002000 0.002000 0.001774
 0.001774 0.002000 0.002000 0.994226

MOTIF 70-GCGGCGGCGGCRGC STREME-70
letter-probability matrix: alength= 4 w= 14 nsites= 165 E= 2.9e+000
 0.006518 0.003393 0.949435 0.040655
 0.000214 0.939069 0.000241 0.060477
 0.062211 0.030710 0.894257 0.012822
 0.107384 0.012849 0.832809 0.046959
 0.006518 0.944757 0.007759 0.040965
 0.048172 0.028073 0.904629 0.019126
 0.044342 0.022646 0.932798 0.000214
 0.012822 0.957305 0.004443 0.025430
 0.012822 0.050674 0.904770 0.031734
 0.044342 0.022517 0.932927 0.000214
 0.019126 0.941421 0.014023 0.025430
 0.386655 0.107850 0.360287 0.145208
 0.012822 0.035567 0.926180 0.025430
 0.012822 0.933139 0.041217 0.012822

MOTIF 71-ACTWCAAAG STREME-71
letter-probability matrix: alength= 4 w= 9 nsites= 126 E= 3.0e+000
 0.997412 0.000897 0.000897 0.000795
 0.000795 0.997513 0.000897 0.000795
 0.000795 0.000897 0.000897 0.997412
 0.342093 0.000897 0.000897 0.656114
 0.000795 0.997513 0.000897 0.000795
 0.912903 0.000897 0.005412 0.080788
 0.973980 0.000897 0.000897 0.024227
 0.988725 0.009584 0.000897 0.000795
 0.000795 0.000897 0.997513 0.000795

MOTIF 72-GTAAACA STREME-72
letter-probability matrix: alength= 4 w= 7 nsites= 173 E= 3.3e+000
 0.021364 0.024091 0.933182 0.021364
 0.021364 0.024091 0.024091 0.930455
 0.930455 0.024091 0.024091 0.021364
 0.930455 0.024091 0.024091 0.021364
 0.930455 0.024091 0.024091 0.021364
 0.021364 0.933182 0.024091 0.021364
 0.930455 0.024091 0.024091 0.021364

MOTIF 73-GTTKCGMAAC STREME-73
letter-probability matrix: alength= 4 w= 10 nsites= 302 E= 3.3e+000
 0.294475 0.055793 0.637418 0.012313
 0.001966 0.002031 0.001531 0.994473
 0.000956 0.049801 0.043523 0.905720
 0.093684 0.000311 0.479540 0.426465
 0.083888 0.749926 0.127838 0.038349
 0.038349 0.127838 0.749926 0.083888
 0.426465 0.479540 0.000311 0.093684
 0.905720 0.043523 0.049801 0.000956
 0.994473 0.001531 0.002031 0.001966
 0.012313 0.637418 0.055793 0.294475

MOTIF 74-CCTTTGTTC STREME-74
letter-probability matrix: alength= 4 w= 9 nsites= 481 E= 3.4e+000
 0.003089 0.849338 0.081037 0.066536
 0.055493 0.875776 0.034383 0.034348
 0.083043 0.005398 0.004987 0.906572
 0.001602 0.000381 0.000381 0.997637
 0.005302 0.073559 0.017190 0.903950
 0.018649 0.024559 0.956455 0.000338
 0.033758 0.005055 0.069644 0.891543
 0.061889 0.121348 0.041969 0.774794
 0.007477 0.990604 0.001581 0.000338

MOTIF 75-AAGCCACAGAGC STREME-75
letter-probability matrix: alength= 4 w= 12 nsites= 61 E= 4.8e+000
 0.858278 0.078368 0.062696 0.000658
 0.881419 0.078368 0.000742 0.039471
 0.039471 0.039555 0.881503 0.039471
 0.000658 0.997942 0.000742 0.000658
 0.000658 0.997942 0.000742 0.000658
 0.997858 0.000742 0.000742 0.000658
 0.078284 0.920316 0.000742 0.000658
 0.842607 0.058962 0.097773 0.000658
 0.000658 0.062696 0.935988 0.000658
 0.939638 0.000742 0.000742 0.058878
 0.058878 0.000742 0.862096 0.078284
 0.233536 0.765064 0.000742 0.000658

MOTIF 76-ACTACAACTCCCAGA STREME-76
letter-probability matrix: alength= 4 w= 15 nsites= 41 E= 9.6e+000
 0.896817 0.067616 0.034442 0.001125
 0.034299 0.896960 0.001269 0.067472
 0.001125 0.001269 0.034442 0.963164
 0.896817 0.001269 0.100790 0.001125
 0.001125 0.996482 0.001269 0.001125
 0.929991 0.001269 0.034442 0.034299
 0.730948 0.034442 0.067616 0.166994
 0.001125 0.731091 0.034442 0.233341
 0.001125 0.001269 0.001269 0.996338
 0.001125 0.996482 0.001269 0.001125
 0.034299 0.963308 0.001269 0.001125
 0.067472 0.930134 0.001269 0.001125
 0.830469 0.001269 0.100790 0.067472
 0.001125 0.133964 0.830613 0.034299
 0.863643 0.133964 0.001269 0.001125

MOTIF 77-GCGCGCGCGCGCGC STREME-77
letter-probability matrix: alength= 4 w= 14 nsites= 49 E= 1.1e+001
 0.150306 0.000953 0.847897 0.000845
 0.000845 0.972448 0.000953 0.025755
 0.162761 0.000953 0.835442 0.000845
 0.000845 0.860352 0.000953 0.137850
 0.075575 0.000953 0.922628 0.000845
 0.075575 0.922628 0.000953 0.000845
 0.175216 0.000953 0.822987 0.000845
 0.000845 0.822987 0.000953 0.175216
 0.000845 0.000953 0.922628 0.075575
 0.000845 0.922628 0.000953 0.075575
 0.137850 0.000953 0.860352 0.000845
 0.000845 0.835442 0.000953 0.162761
 0.025755 0.000953 0.972448 0.000845
 0.000845 0.847897 0.000953 0.150306

********************************************************************************
Stopped because 3 consecutive motifs exceeded the p-value threshold (0.05).
********************************************************************************
COMMAND:	streme --verbosity 1 --oc meme_out_incomplete_DL/HepG2_HDAC2-human_ENCFF491JNC/streme_out -dna --seed 0 --p meme_out_incomplete_DL/HepG2_HDAC2-human_ENCFF491JNC/seqs-centered --minw 6 --maxw 15 --time 6179 --order 2 --thresh 0.05 --align center --totallength 4000000 --parse-genomic-coord
********************************************************************************
CPU:		9f05ee173ae9
********************************************************************************
FINALTIME:	3383.75 seconds
********************************************************************************
