********************************************************************************
STREME - Sensitive, Thorough, Rapid, Enriched Motif Elicitation
********************************************************************************
MEME version 5.5.3 (Release date: Sat Jun 10 16:19:38 2023 -0700)

For further information on how to interpret these results please access http://localhost:8080/meme_5.5.3.
To get a copy of the MEME Suite software please access https://meme-suite.org.

********************************************************************************


********************************************************************************
REFERENCE
********************************************************************************
If you use this program in your research, please cite:

Timothy L. Bailey,
"STREME: accurate and versatile sequence motif discovery",
Bioinformatics, Mar. 24, 2021.
********************************************************************************


ALPHABET= ACGT

strands: + -

Background letter frequencies
A 0.192 C 0.308 G 0.308 T 0.192 

MOTIF 1-CCCCDCCCCC STREME-1
letter-probability matrix: alength= 4 w= 10 nsites= 2801 E= 4.3e-016
 0.000044 0.972114 0.000070 0.027772
 0.003308 0.996578 0.000070 0.000044
 0.000044 0.999842 0.000070 0.000044
 0.000044 0.993803 0.002781 0.003373
 0.368526 0.000070 0.361323 0.270080
 0.120275 0.754671 0.048960 0.076094
 0.073144 0.915325 0.005965 0.005566
 0.000044 0.991529 0.008383 0.000044
 0.060018 0.899299 0.000070 0.040612
 0.096959 0.673425 0.131756 0.097860

MOTIF 2-GAGGCBGAGGCRG STREME-2
letter-probability matrix: alength= 4 w= 13 nsites= 1696 E= 2.5e-013
 0.013804 0.000032 0.985428 0.000736
 0.749030 0.176699 0.037839 0.036431
 0.033302 0.054584 0.912095 0.000020
 0.035850 0.000032 0.958370 0.005748
 0.038192 0.884362 0.021160 0.056287
 0.033203 0.232161 0.371440 0.363197
 0.079355 0.001464 0.919162 0.000020
 0.568232 0.251552 0.114154 0.066063
 0.038405 0.015442 0.945417 0.000736
 0.041854 0.005749 0.940327 0.012070
 0.073451 0.689946 0.031449 0.205153
 0.295765 0.087647 0.504348 0.112241
 0.031555 0.012287 0.949100 0.007058

MOTIF 3-GCCTGTAATCCCAGC STREME-3
letter-probability matrix: alength= 4 w= 15 nsites= 420 E= 3.3e-011
 0.188330 0.010724 0.784963 0.015983
 0.015983 0.946705 0.005421 0.031892
 0.002725 0.986478 0.002769 0.008028
 0.000074 0.013375 0.000118 0.986433
 0.074316 0.010724 0.904281 0.010680
 0.005377 0.023981 0.005421 0.965221
 0.949312 0.013375 0.031936 0.005377
 0.734540 0.005421 0.254662 0.005377
 0.005377 0.002769 0.000118 0.991736
 0.000074 0.922842 0.005421 0.071664
 0.008028 0.901630 0.010724 0.079619
 0.000074 0.959963 0.000118 0.039846
 0.986433 0.000118 0.008072 0.005377
 0.063710 0.008072 0.928145 0.000074
 0.008028 0.957311 0.016027 0.018634

MOTIF 4-GYAAAYAW STREME-4
letter-probability matrix: alength= 4 w= 8 nsites= 1825 E= 2.0e-009
 0.244641 0.000117 0.745205 0.010037
 0.093344 0.322014 0.000117 0.584526
 0.973386 0.026424 0.000117 0.000073
 0.970006 0.000117 0.016473 0.013405
 0.999694 0.000117 0.000117 0.000073
 0.000073 0.662376 0.000117 0.337435
 0.968818 0.000117 0.026447 0.004618
 0.408547 0.182506 0.057689 0.351257

MOTIF 5-AAATAMAAAAAWWAR STREME-5
letter-probability matrix: alength= 4 w= 15 nsites= 362 E= 2.9e-008
 0.990425 0.000136 0.003209 0.006230
 0.971992 0.003209 0.012425 0.012374
 0.892113 0.021642 0.024714 0.061530
 0.296097 0.040076 0.006281 0.657546
 0.968919 0.000136 0.000136 0.030808
 0.307111 0.568502 0.050567 0.073819
 0.993497 0.003209 0.000136 0.003157
 0.892113 0.003209 0.006281 0.098397
 0.996570 0.000136 0.003209 0.000085
 0.925908 0.052365 0.009353 0.012374
 0.919763 0.000136 0.024714 0.055386
 0.387979 0.063664 0.009353 0.539004
 0.353195 0.049292 0.043148 0.554365
 0.769223 0.018570 0.052365 0.159842
 0.364482 0.086159 0.504269 0.045090

MOTIF 6-CAAGATGGCGGC STREME-6
letter-probability matrix: alength= 4 w= 12 nsites= 557 E= 3.2e-008
 0.102026 0.615316 0.195870 0.086788
 0.991620 0.000090 0.008233 0.000056
 0.994847 0.000090 0.000090 0.004972
 0.167367 0.140861 0.653039 0.038733
 0.999763 0.000090 0.000090 0.000056
 0.000056 0.000090 0.000090 0.999763
 0.000056 0.000090 0.999797 0.000056
 0.000056 0.000090 0.999797 0.000056
 0.000056 0.983512 0.000090 0.016341
 0.036697 0.060083 0.810807 0.092412
 0.118620 0.081514 0.750766 0.049100
 0.128687 0.801956 0.000090 0.069267

MOTIF 7-ATCRCTTGARCCCAG STREME-7
letter-probability matrix: alength= 4 w= 15 nsites= 328 E= 3.2e-007
 0.974279 0.003310 0.022324 0.000088
 0.000088 0.025493 0.000141 0.974279
 0.003257 0.738512 0.041337 0.216893
 0.514777 0.025493 0.443797 0.015933
 0.000088 0.952149 0.000141 0.047623
 0.022271 0.174434 0.006479 0.796816
 0.003257 0.006479 0.023639 0.966626
 0.025440 0.003310 0.967994 0.003257
 0.986955 0.000141 0.003310 0.009595
 0.335999 0.009648 0.647927 0.006426
 0.047623 0.602246 0.289833 0.060298
 0.000088 0.665626 0.006479 0.327808
 0.025440 0.822221 0.015986 0.136354
 0.742944 0.025493 0.228307 0.003257
 0.022271 0.006479 0.971163 0.000088

MOTIF 8-CCAGCCTGGSCRACA STREME-8
letter-probability matrix: alength= 4 w= 15 nsites= 326 E= 6.4e-007
 0.009941 0.930720 0.026413 0.032925
 0.003374 0.966838 0.003429 0.026359
 0.993050 0.000146 0.006713 0.000091
 0.019792 0.003429 0.901169 0.075610
 0.006658 0.953704 0.000146 0.039492
 0.000091 0.979971 0.000146 0.019792
 0.000091 0.009996 0.000146 0.989767
 0.016508 0.013280 0.953704 0.016508
 0.101877 0.000146 0.897886 0.000091
 0.067122 0.348190 0.551763 0.032925
 0.031005 0.752052 0.000146 0.216798
 0.661424 0.000146 0.338339 0.000091
 0.999617 0.000146 0.000146 0.000091
 0.000091 0.943854 0.006713 0.049343
 0.956933 0.003429 0.039547 0.000091

MOTIF 9-GCCACCAYGCCYGG STREME-9
letter-probability matrix: alength= 4 w= 14 nsites= 284 E= 2.6e-006
 0.202388 0.004526 0.792966 0.000120
 0.000120 0.986567 0.000192 0.013120
 0.004453 0.982234 0.000192 0.013120
 0.999495 0.000192 0.000192 0.000120
 0.000120 0.986567 0.000192 0.013120
 0.000120 0.977901 0.004526 0.017453
 0.709985 0.000192 0.289702 0.000120
 0.017453 0.635574 0.000192 0.346780
 0.186450 0.017525 0.795904 0.000120
 0.000120 0.964901 0.000192 0.034786
 0.004453 0.990901 0.000192 0.004453
 0.000120 0.584970 0.000192 0.414717
 0.272904 0.000192 0.726784 0.000120
 0.030453 0.000192 0.964901 0.004453

MOTIF 10-AAACCCYGTCTCTA STREME-10
letter-probability matrix: alength= 4 w= 14 nsites= 305 E= 5.2e-006
 0.975349 0.009850 0.014668 0.000134
 0.720000 0.000214 0.274834 0.004952
 0.975349 0.014668 0.009850 0.000134
 0.009769 0.922432 0.005032 0.062766
 0.009769 0.801985 0.000214 0.188032
 0.024223 0.864618 0.009850 0.101310
 0.004952 0.631359 0.005032 0.358658
 0.303661 0.000214 0.695991 0.000134
 0.014587 0.005032 0.000214 0.980167
 0.024223 0.951340 0.005032 0.019405
 0.009769 0.000214 0.000214 0.989803
 0.009769 0.956158 0.009850 0.024223
 0.233392 0.019486 0.000214 0.746908
 0.984985 0.014668 0.000214 0.000134

MOTIF 11-GCGCATGCGCACTG STREME-11
letter-probability matrix: alength= 4 w= 14 nsites= 272 E= 4.3e-005
 0.082280 0.000192 0.913084 0.004444
 0.017417 0.964974 0.013165 0.004444
 0.013093 0.004516 0.982271 0.000120
 0.000120 0.995244 0.004516 0.000120
 0.650995 0.157658 0.160957 0.030389
 0.023536 0.148434 0.110092 0.717939
 0.004444 0.017489 0.969299 0.008768
 0.000120 0.995244 0.000192 0.004444
 0.000120 0.008840 0.982271 0.008768
 0.004444 0.917408 0.000192 0.077956
 0.709325 0.047758 0.203878 0.039038
 0.034714 0.664442 0.274780 0.026065
 0.112549 0.142891 0.164593 0.579967
 0.103901 0.143661 0.691780 0.060659

MOTIF 12-CCAAGGCCA STREME-12
letter-probability matrix: alength= 4 w= 9 nsites= 600 E= 4.7e-005
 0.048257 0.839420 0.029600 0.082722
 0.033693 0.965692 0.000378 0.000236
 0.788145 0.000378 0.211240 0.000236
 0.913752 0.047758 0.000378 0.038112
 0.033415 0.032622 0.933726 0.000236
 0.165160 0.052455 0.686265 0.096120
 0.106248 0.893137 0.000378 0.000236
 0.011590 0.964164 0.011592 0.012654
 0.999007 0.000378 0.000378 0.000236

MOTIF 13-AGTGCAGTGGYGCRA STREME-13
letter-probability matrix: alength= 4 w= 15 nsites= 205 E= 8.6e-005
 0.977359 0.011244 0.011244 0.000153
 0.104650 0.005744 0.883953 0.005652
 0.000153 0.011244 0.049743 0.938860
 0.071651 0.005744 0.922452 0.000153
 0.000153 0.938952 0.000244 0.060651
 0.977359 0.000244 0.022244 0.000153
 0.159649 0.000244 0.834454 0.005652
 0.000153 0.027744 0.000244 0.971860
 0.027652 0.005744 0.960952 0.005652
 0.038652 0.005744 0.944452 0.011152
 0.005652 0.570460 0.005744 0.418143
 0.278875 0.005744 0.704229 0.011152
 0.011152 0.762956 0.005744 0.220148
 0.383373 0.033244 0.572232 0.011152
 0.977359 0.000244 0.016744 0.005652

MOTIF 14-CCCAGCCCC STREME-14
letter-probability matrix: alength= 4 w= 9 nsites= 3634 E= 2.4e-004
 0.004559 0.960525 0.004299 0.030618
 0.007342 0.932277 0.038824 0.021557
 0.007615 0.979970 0.001995 0.010420
 0.909153 0.003220 0.022150 0.065477
 0.021024 0.008394 0.930557 0.040025
 0.043812 0.834802 0.073010 0.048375
 0.080894 0.797119 0.050103 0.071884
 0.024286 0.921311 0.003730 0.050673
 0.074277 0.806043 0.069141 0.050540

MOTIF 15-MGGAAGTGM STREME-15
letter-probability matrix: alength= 4 w= 9 nsites= 1071 E= 2.6e-004
 0.501160 0.498597 0.000150 0.000094
 0.000094 0.000150 0.999663 0.000094
 0.000094 0.000150 0.999663 0.000094
 0.999607 0.000150 0.000150 0.000094
 0.974682 0.025074 0.000150 0.000094
 0.159775 0.000150 0.839981 0.000094
 0.000094 0.031991 0.000150 0.967765
 0.112139 0.070607 0.817160 0.000094
 0.467096 0.256431 0.225706 0.050768

MOTIF 16-CAAAGTCCAN STREME-16
letter-probability matrix: alength= 4 w= 10 nsites= 498 E= 1.7e-003
 0.000140 0.945307 0.005289 0.049264
 0.922701 0.013091 0.061966 0.002242
 0.812552 0.011050 0.124894 0.051504
 0.975441 0.000225 0.024194 0.000140
 0.005205 0.003601 0.952557 0.038637
 0.005205 0.000225 0.008675 0.985895
 0.033860 0.963673 0.002327 0.000140
 0.075443 0.907010 0.017406 0.000140
 0.881191 0.046043 0.008587 0.064179
 0.216337 0.192919 0.279758 0.310985

MOTIF 17-CAGTGAGCYGAGA STREME-17
letter-probability matrix: alength= 4 w= 13 nsites= 188 E= 1.7e-003
 0.000177 0.967511 0.000283 0.032029
 0.999258 0.000283 0.000283 0.000177
 0.006547 0.000283 0.992993 0.000177
 0.012918 0.025765 0.000283 0.961035
 0.044770 0.000283 0.954770 0.000177
 0.986517 0.000283 0.013024 0.000177
 0.012918 0.000283 0.967511 0.019288
 0.012918 0.973882 0.000283 0.012918
 0.051140 0.586367 0.006653 0.355840
 0.264010 0.025765 0.710049 0.000177
 0.709943 0.000283 0.000283 0.289491
 0.019288 0.006653 0.954770 0.019288
 0.999258 0.000283 0.000283 0.000177

MOTIF 18-CMAAGGTCA STREME-18
letter-probability matrix: alength= 4 w= 9 nsites= 821 E= 2.9e-003
 0.118230 0.659649 0.000140 0.221981
 0.364050 0.566186 0.029621 0.040143
 0.853183 0.000140 0.146589 0.000088
 0.999632 0.000140 0.000140 0.000088
 0.000088 0.000140 0.999684 0.000088
 0.050449 0.000140 0.827658 0.121753
 0.000088 0.000140 0.000140 0.999632
 0.075833 0.847316 0.000140 0.076711
 0.999632 0.000140 0.000140 0.000088

MOTIF 19-CACGTGGY STREME-19
letter-probability matrix: alength= 4 w= 8 nsites= 871 E= 3.6e-003
 0.053555 0.928158 0.000286 0.018002
 0.999250 0.000286 0.000286 0.000178
 0.000178 0.999358 0.000286 0.000178
 0.000178 0.000286 0.999358 0.000178
 0.000178 0.000286 0.000286 0.999250
 0.207649 0.000286 0.775776 0.016289
 0.241522 0.000286 0.743337 0.014856
 0.041858 0.357440 0.189425 0.411277

MOTIF 20-GTGACTCAT STREME-20
letter-probability matrix: alength= 4 w= 9 nsites= 349 E= 4.2e-003
 0.217336 0.093341 0.682493 0.006830
 0.024989 0.000403 0.000403 0.974205
 0.044502 0.000403 0.803504 0.151592
 0.941537 0.000403 0.057809 0.000251
 0.010888 0.886464 0.043968 0.058680
 0.000251 0.000403 0.000403 0.998943
 0.003367 0.983839 0.000403 0.012392
 0.972783 0.000403 0.009468 0.017346
 0.007194 0.243137 0.249421 0.500248

MOTIF 21-SRTGACGTCAYS STREME-21
letter-probability matrix: alength= 4 w= 12 nsites= 173 E= 7.0e-003
 0.160825 0.282231 0.402156 0.154789
 0.374969 0.139337 0.423854 0.061839
 0.000207 0.011538 0.000332 0.987923
 0.011413 0.004067 0.905872 0.078648
 0.960226 0.000332 0.028029 0.011413
 0.033825 0.928283 0.000332 0.037560
 0.037560 0.000332 0.928283 0.033825
 0.011413 0.028029 0.000332 0.960226
 0.078648 0.905872 0.004067 0.011413
 0.987923 0.000332 0.011538 0.000207
 0.061839 0.423854 0.139337 0.374969
 0.154789 0.402156 0.282231 0.160825

MOTIF 22-GAGRAGGRRRRGGR STREME-22
letter-probability matrix: alength= 4 w= 14 nsites= 1888 E= 9.8e-003
 0.000016 0.000025 0.999944 0.000016
 0.826438 0.000025 0.173521 0.000016
 0.000016 0.106880 0.849400 0.043704
 0.356891 0.053023 0.574960 0.015126
 0.851037 0.000025 0.000025 0.148913
 0.306798 0.004530 0.688656 0.000016
 0.175891 0.000025 0.824069 0.000016
 0.582418 0.025657 0.305329 0.086596
 0.418048 0.084916 0.494205 0.002832
 0.291017 0.149484 0.534704 0.024795
 0.404120 0.151797 0.295629 0.148454
 0.260090 0.056762 0.563587 0.119561
 0.313902 0.000025 0.686057 0.000016
 0.593597 0.000025 0.339523 0.066855

MOTIF 23-ACTACAAYTCCCA STREME-23
letter-probability matrix: alength= 4 w= 13 nsites= 113 E= 1.1e-002
 0.958754 0.020484 0.020484 0.000278
 0.000278 0.998999 0.000445 0.000278
 0.074573 0.000445 0.024642 0.900339
 0.918675 0.000445 0.080602 0.000278
 0.000278 0.998999 0.000445 0.000278
 0.844380 0.030504 0.124839 0.000278
 0.571395 0.030504 0.118977 0.279124
 0.128830 0.425427 0.120680 0.325063
 0.000278 0.030504 0.040523 0.928695
 0.000278 0.974802 0.000445 0.024475
 0.000278 0.998999 0.000445 0.000278
 0.010297 0.988980 0.000445 0.000278
 0.699947 0.000445 0.289310 0.010297

MOTIF 24-GCAGCAGCAGCRGC STREME-24
letter-probability matrix: alength= 4 w= 14 nsites= 1461 E= 3.2e-002
 0.051873 0.062011 0.869132 0.016984
 0.038580 0.917362 0.014415 0.029643
 0.785707 0.001017 0.143389 0.069887
 0.121469 0.022926 0.854604 0.001001
 0.014251 0.942736 0.029924 0.013090
 0.603834 0.119648 0.202576 0.073942
 0.036805 0.000043 0.963125 0.000027
 0.006273 0.959659 0.007750 0.026318
 0.591587 0.201077 0.133701 0.073635
 0.106135 0.055701 0.807712 0.030451
 0.054838 0.772600 0.090859 0.081703
 0.299572 0.134955 0.427809 0.137664
 0.141291 0.213007 0.608031 0.037671
 0.026473 0.852730 0.102838 0.017958

MOTIF 25-ACAAAG STREME-25
letter-probability matrix: alength= 4 w= 6 nsites= 1359 E= 1.4e-001
 0.926564 0.027982 0.027982 0.017473
 0.017473 0.937073 0.027982 0.017473
 0.926564 0.027982 0.027982 0.017473
 0.926564 0.027982 0.027982 0.017473
 0.926564 0.027982 0.027982 0.017473
 0.017473 0.027982 0.937073 0.017473

MOTIF 26-CCGAGGCCCAG STREME-26
letter-probability matrix: alength= 4 w= 11 nsites= 1871 E= 1.5e-001
 0.040112 0.855325 0.063932 0.040631
 0.039608 0.873570 0.029485 0.057337
 0.051022 0.065677 0.824337 0.058965
 0.861264 0.051747 0.047222 0.039766
 0.057877 0.045918 0.865490 0.030716
 0.031034 0.053636 0.828619 0.086711
 0.041383 0.848497 0.056534 0.053586
 0.034122 0.828664 0.075522 0.061692
 0.061365 0.768089 0.105840 0.064707
 0.713498 0.084668 0.107687 0.094146
 0.045030 0.043553 0.874777 0.036640

MOTIF 27-AATGAATG STREME-27
letter-probability matrix: alength= 4 w= 8 nsites= 110 E= 2.8e-001
 0.926564 0.027982 0.027982 0.017473
 0.926564 0.027982 0.027982 0.017473
 0.017473 0.027982 0.027982 0.926564
 0.017473 0.027982 0.937073 0.017473
 0.926564 0.027982 0.027982 0.017473
 0.926564 0.027982 0.027982 0.017473
 0.017473 0.027982 0.027982 0.926564
 0.017473 0.027982 0.937073 0.017473

MOTIF 28-CTGCAGCC STREME-28
letter-probability matrix: alength= 4 w= 8 nsites= 583 E= 3.1e-001
 0.017473 0.937073 0.027982 0.017473
 0.017473 0.027982 0.027982 0.926564
 0.017473 0.027982 0.937073 0.017473
 0.017473 0.937073 0.027982 0.017473
 0.926564 0.027982 0.027982 0.017473
 0.017473 0.027982 0.937073 0.017473
 0.017473 0.937073 0.027982 0.017473
 0.017473 0.937073 0.027982 0.017473

MOTIF 29-ATGGCGGCGGC STREME-29
letter-probability matrix: alength= 4 w= 11 nsites= 896 E= 3.2e-001
 0.892553 0.023636 0.073608 0.010203
 0.007664 0.065405 0.011115 0.915816
 0.030272 0.150285 0.790616 0.028826
 0.069895 0.010863 0.863277 0.055966
 0.025405 0.911549 0.001129 0.061917
 0.028463 0.038037 0.886418 0.047081
 0.204312 0.034663 0.668409 0.092616
 0.063838 0.870997 0.005059 0.060106
 0.011059 0.167150 0.761371 0.060420
 0.214224 0.087272 0.595288 0.103216
 0.103567 0.737634 0.046280 0.112518

MOTIF 30-CACACACACACACA STREME-30
letter-probability matrix: alength= 4 w= 14 nsites= 292 E= 3.7e-001
 0.057109 0.869293 0.000233 0.073365
 0.947804 0.036968 0.015082 0.000146
 0.000146 0.924552 0.069909 0.005393
 0.891005 0.000233 0.108617 0.000146
 0.052624 0.883345 0.015941 0.048090
 0.795981 0.000233 0.061014 0.142773
 0.042751 0.809809 0.123367 0.024072
 0.836328 0.000233 0.138106 0.025332
 0.000146 0.726503 0.095318 0.178034
 0.866415 0.000233 0.057469 0.075883
 0.049554 0.864609 0.010729 0.075108
 0.637804 0.000233 0.196234 0.165729
 0.027251 0.917268 0.000233 0.055248
 0.845327 0.058820 0.085895 0.009958

MOTIF 31-GAGTTCGAGA STREME-31
letter-probability matrix: alength= 4 w= 10 nsites= 167 E= 5.0e-001
 0.000226 0.000361 0.982923 0.016490
 0.933995 0.032890 0.032890 0.000226
 0.000226 0.008493 0.991056 0.000226
 0.046400 0.000361 0.000361 0.952878
 0.000226 0.000361 0.000361 0.999052
 0.000226 0.728752 0.000361 0.270661
 0.250232 0.000361 0.700388 0.049019
 0.999052 0.000361 0.000361 0.000226
 0.000226 0.000361 0.994792 0.004621
 0.951643 0.000361 0.047770 0.000226

MOTIF 32-GGGCGGGA STREME-32
letter-probability matrix: alength= 4 w= 8 nsites= 478 E= 6.8e-001
 0.017473 0.027982 0.937073 0.017473
 0.017473 0.027982 0.937073 0.017473
 0.017473 0.027982 0.937073 0.017473
 0.017473 0.937073 0.027982 0.017473
 0.017473 0.027982 0.937073 0.017473
 0.017473 0.027982 0.937073 0.017473
 0.017473 0.027982 0.937073 0.017473
 0.926564 0.027982 0.027982 0.017473

MOTIF 33-AGATAA STREME-33
letter-probability matrix: alength= 4 w= 6 nsites= 570 E= 7.8e-001
 0.926564 0.027982 0.027982 0.017473
 0.017473 0.027982 0.937073 0.017473
 0.926564 0.027982 0.027982 0.017473
 0.017473 0.027982 0.027982 0.926564
 0.926564 0.027982 0.027982 0.017473
 0.926564 0.027982 0.027982 0.017473

MOTIF 34-AAAAGCAAA STREME-34
letter-probability matrix: alength= 4 w= 9 nsites= 885 E= 1.4e+000
 0.892778 0.040699 0.031439 0.035083
 0.783121 0.078364 0.041191 0.097324
 0.776621 0.000270 0.036063 0.187046
 0.765337 0.119066 0.000270 0.115327
 0.037842 0.020536 0.940414 0.001208
 0.081890 0.749199 0.109687 0.059225
 0.929095 0.019493 0.041064 0.010347
 0.941802 0.019901 0.000270 0.038027
 0.869005 0.082429 0.023921 0.024644

MOTIF 35-ACTTTGGGAGGCC STREME-35
letter-probability matrix: alength= 4 w= 13 nsites= 58 E= 1.5e+000
 0.997234 0.001054 0.001054 0.000658
 0.024386 0.950174 0.001054 0.024386
 0.000658 0.001054 0.024782 0.973506
 0.000658 0.001054 0.001054 0.997234
 0.000658 0.001054 0.001054 0.997234
 0.024386 0.001054 0.973902 0.000658
 0.000658 0.001054 0.997630 0.000658
 0.095570 0.001054 0.878990 0.024386
 0.949778 0.001054 0.048510 0.000658
 0.071842 0.001054 0.902718 0.024386
 0.048114 0.001054 0.926446 0.024386
 0.000658 0.973902 0.001054 0.024386
 0.048114 0.831534 0.001054 0.119298

MOTIF 36-AGTAGCTGGGACT STREME-36
letter-probability matrix: alength= 4 w= 13 nsites= 94 E= 1.5e+000
 0.841963 0.060778 0.060778 0.036480
 0.024431 0.053730 0.873310 0.048529
 0.000334 0.012584 0.000535 0.986547
 0.974498 0.012584 0.000535 0.012383
 0.024431 0.048730 0.842164 0.084675
 0.041480 0.921504 0.036681 0.000334
 0.017383 0.036681 0.048730 0.897206
 0.096723 0.024632 0.854213 0.024431
 0.096723 0.036681 0.776921 0.089675
 0.101724 0.012584 0.776921 0.108772
 0.829915 0.157167 0.000535 0.012383
 0.024431 0.873310 0.041681 0.060577
 0.048529 0.179217 0.036681 0.735573

MOTIF 37-ACAAAACAAAAC STREME-37
letter-probability matrix: alength= 4 w= 12 nsites= 34 E= 1.5e+000
 0.915824 0.001766 0.081307 0.001103
 0.001103 0.916487 0.001766 0.080644
 0.995365 0.001766 0.001766 0.001103
 0.995365 0.001766 0.001766 0.001103
 0.955594 0.041537 0.001766 0.001103
 0.995365 0.001766 0.001766 0.001103
 0.001103 0.956258 0.001766 0.040873
 0.955594 0.001766 0.001766 0.040873
 0.955594 0.001766 0.041537 0.001103
 0.915824 0.001766 0.081307 0.001103
 0.995365 0.001766 0.001766 0.001103
 0.001103 0.876717 0.041537 0.080644

MOTIF 38-GAGCRAGACTCYRTC STREME-38
letter-probability matrix: alength= 4 w= 15 nsites= 83 E= 1.7e+000
 0.052210 0.169091 0.778339 0.000359
 0.959601 0.000576 0.000576 0.039248
 0.065173 0.000576 0.933892 0.000359
 0.013322 0.726488 0.000576 0.259614
 0.324428 0.052427 0.583898 0.039248
 0.998489 0.000576 0.000576 0.000359
 0.117024 0.000576 0.882041 0.000359
 0.804048 0.000576 0.156128 0.039248
 0.000359 0.895004 0.013538 0.091099
 0.000359 0.156128 0.000576 0.842937
 0.000359 0.998705 0.000576 0.000359
 0.000359 0.661675 0.000576 0.337390
 0.376278 0.000576 0.622786 0.000359
 0.000359 0.013538 0.000576 0.985526
 0.052210 0.661675 0.285756 0.000359

MOTIF 39-ACCCGGAA STREME-39
letter-probability matrix: alength= 4 w= 8 nsites= 197 E= 1.8e+000
 0.926564 0.027982 0.027982 0.017473
 0.017473 0.937073 0.027982 0.017473
 0.017473 0.937073 0.027982 0.017473
 0.017473 0.937073 0.027982 0.017473
 0.017473 0.027982 0.937073 0.017473
 0.017473 0.027982 0.937073 0.017473
 0.926564 0.027982 0.027982 0.017473
 0.926564 0.027982 0.027982 0.017473

MOTIF 40-RAGWTCAARGH STREME-40
letter-probability matrix: alength= 4 w= 11 nsites= 335 E= 2.1e+000
 0.317708 0.043588 0.591908 0.046796
 0.938318 0.000157 0.061428 0.000098
 0.005766 0.195483 0.743625 0.055126
 0.547467 0.017785 0.144324 0.290424
 0.015663 0.000157 0.000157 0.984023
 0.000098 0.994659 0.000157 0.005087
 0.996063 0.000157 0.003682 0.000098
 0.944912 0.000157 0.000157 0.054775
 0.599637 0.001620 0.300302 0.098441
 0.000098 0.102405 0.800663 0.096835
 0.178540 0.354645 0.143455 0.323361

MOTIF 41-CCCCGCCTCCC STREME-41
letter-probability matrix: alength= 4 w= 11 nsites= 558 E= 2.1e+000
 0.071161 0.818462 0.027994 0.082383
 0.038846 0.878481 0.063853 0.018819
 0.015451 0.928477 0.028696 0.027376
 0.000144 0.936649 0.000230 0.062976
 0.014981 0.000230 0.984644 0.000144
 0.150242 0.842437 0.000230 0.007090
 0.082571 0.643158 0.250308 0.023963
 0.004167 0.000230 0.027855 0.967748
 0.128630 0.870996 0.000230 0.000144
 0.025687 0.826227 0.057482 0.090604
 0.024417 0.874913 0.035596 0.065075

MOTIF 42-CYRTCTMTA STREME-42
letter-probability matrix: alength= 4 w= 9 nsites= 178 E= 2.2e+000
 0.249791 0.735285 0.014538 0.000386
 0.000386 0.329929 0.014538 0.655147
 0.410888 0.000618 0.588107 0.000386
 0.000386 0.000618 0.000618 0.998378
 0.250814 0.748182 0.000618 0.000386
 0.000386 0.000618 0.028459 0.970537
 0.420571 0.578424 0.000618 0.000386
 0.000386 0.000618 0.000618 0.998378
 0.998378 0.000618 0.000618 0.000386

MOTIF 43-CTCGGCCTC STREME-43
letter-probability matrix: alength= 4 w= 9 nsites= 1174 E= 2.2e+000
 0.041754 0.957741 0.000311 0.000194
 0.000194 0.000311 0.000311 0.999184
 0.065027 0.818422 0.048733 0.067817
 0.131414 0.000311 0.868081 0.000194
 0.000194 0.000311 0.971640 0.027855
 0.039715 0.829468 0.067674 0.063142
 0.012241 0.696209 0.000311 0.291239
 0.040872 0.160413 0.000311 0.798405
 0.170111 0.785285 0.000311 0.044293

MOTIF 44-AGGTGAGTG STREME-44
letter-probability matrix: alength= 4 w= 9 nsites= 787 E= 2.3e+000
 0.733136 0.140573 0.055770 0.070521
 0.019361 0.047457 0.910154 0.023028
 0.002271 0.000934 0.993611 0.003184
 0.000294 0.027984 0.000470 0.971252
 0.013564 0.035633 0.864552 0.086250
 0.978483 0.004272 0.016951 0.000294
 0.005023 0.009563 0.984624 0.000790
 0.000294 0.147630 0.049656 0.802421
 0.004553 0.042660 0.929396 0.023390

MOTIF 45-CGGGGTCGCGG STREME-45
letter-probability matrix: alength= 4 w= 11 nsites= 713 E= 2.3e+000
 0.042274 0.862562 0.058133 0.037031
 0.000722 0.095237 0.874043 0.029998
 0.062432 0.037128 0.867102 0.033338
 0.015615 0.075156 0.846716 0.062513
 0.073271 0.019680 0.864784 0.042265
 0.134275 0.000127 0.000841 0.864757
 0.059718 0.850069 0.003684 0.086529
 0.064367 0.061427 0.815965 0.058242
 0.082514 0.763288 0.031592 0.122606
 0.113987 0.146527 0.696299 0.043187
 0.047097 0.068902 0.782275 0.101726

MOTIF 46-AATCATTAAC STREME-46
letter-probability matrix: alength= 4 w= 10 nsites= 83 E= 1.1e+001
 0.815029 0.000510 0.046418 0.138044
 0.868328 0.111585 0.000510 0.019577
 0.029631 0.029668 0.000510 0.940191
 0.074919 0.523850 0.219425 0.181806
 0.992459 0.000510 0.006713 0.000318
 0.000318 0.000510 0.000510 0.998662
 0.000318 0.103803 0.000510 0.895369
 0.936514 0.000510 0.028226 0.034750
 0.931750 0.000510 0.034941 0.032799
 0.041723 0.821891 0.084421 0.051965

MOTIF 47-CCGCCAGGGGGCGC STREME-47
letter-probability matrix: alength= 4 w= 14 nsites= 116 E= 1.9e+001
 0.012973 0.935623 0.038430 0.012973
 0.000350 0.998739 0.000561 0.000350
 0.265437 0.025807 0.645290 0.063466
 0.000350 0.796768 0.202532 0.000350
 0.000350 0.829399 0.068915 0.101336
 0.993290 0.000561 0.005799 0.000350
 0.000350 0.013184 0.986116 0.000350
 0.177075 0.000561 0.796768 0.025596
 0.000350 0.013184 0.897754 0.088712
 0.005589 0.000561 0.980877 0.012973
 0.012973 0.056292 0.917761 0.012973
 0.030835 0.968255 0.000561 0.000350
 0.012973 0.000561 0.986116 0.000350
 0.000350 0.897754 0.025807 0.076089

MOTIF 48-CCACGMCCACC STREME-48
letter-probability matrix: alength= 4 w= 11 nsites= 218 E= 2.4e+001
 0.014299 0.934888 0.018228 0.032585
 0.056610 0.861083 0.066650 0.015657
 0.999178 0.000313 0.000313 0.000196
 0.000196 0.965618 0.000313 0.033874
 0.013350 0.136776 0.781400 0.068474
 0.332476 0.524833 0.038160 0.104530
 0.096337 0.880794 0.007211 0.015658
 0.029761 0.849659 0.096901 0.023678
 0.937212 0.000313 0.000313 0.062162
 0.000196 0.904600 0.025848 0.069357
 0.046975 0.830754 0.122076 0.000196

********************************************************************************
Stopped because 3 consecutive motifs exceeded the p-value threshold (0.05).
********************************************************************************
COMMAND:	streme --verbosity 1 --oc meme_out_incomplete_DL/HepG2_BRD4-human_ENCFF119YIG/streme_out -dna --seed 0 --p meme_out_incomplete_DL/HepG2_BRD4-human_ENCFF119YIG/seqs-centered --minw 6 --maxw 15 --time 6184 --order 2 --thresh 0.05 --align center --totallength 4000000 --parse-genomic-coord
********************************************************************************
CPU:		9f05ee173ae9
********************************************************************************
FINALTIME:	1516.66 seconds
********************************************************************************
