********************************************************************************
STREME - Sensitive, Thorough, Rapid, Enriched Motif Elicitation
********************************************************************************
MEME version 5.5.3 (Release date: Sat Jun 10 16:19:38 2023 -0700)

For further information on how to interpret these results please access http://localhost:8080/meme_5.5.3.
To get a copy of the MEME Suite software please access https://meme-suite.org.

********************************************************************************


********************************************************************************
REFERENCE
********************************************************************************
If you use this program in your research, please cite:

Timothy L. Bailey,
"STREME: accurate and versatile sequence motif discovery",
Bioinformatics, Mar. 24, 2021.
********************************************************************************


ALPHABET= ACGT

strands: + -

Background letter frequencies
A 0.245 C 0.255 G 0.255 T 0.245 

MOTIF 1-DGTTAATNATTAACH STREME-1
letter-probability matrix: alength= 4 w= 15 nsites= 988 E= 1.4e-019
 0.340349 0.039374 0.404194 0.216082
 0.149959 0.026833 0.755904 0.067304
 0.016001 0.075286 0.046785 0.861928
 0.098086 0.077566 0.025693 0.798655
 0.971944 0.001182 0.022273 0.004600
 0.896700 0.065026 0.002322 0.035952
 0.126587 0.023413 0.005172 0.844827
 0.179030 0.320970 0.320970 0.179030
 0.844827 0.005172 0.023413 0.126587
 0.035952 0.002322 0.065026 0.896700
 0.004600 0.022273 0.001182 0.971944
 0.798655 0.025693 0.077566 0.098086
 0.861928 0.046785 0.075286 0.016001
 0.067304 0.755904 0.026833 0.149959
 0.216082 0.404194 0.039374 0.340349

MOTIF 2-MGGCCCCGCCCC STREME-2
letter-probability matrix: alength= 4 w= 12 nsites= 312 E= 3.8e-004
 0.399822 0.419020 0.005610 0.175549
 0.151624 0.181497 0.649436 0.017444
 0.083890 0.000139 0.864295 0.051677
 0.039701 0.897124 0.003907 0.059268
 0.071091 0.841535 0.000139 0.087234
 0.086094 0.913634 0.000139 0.000133
 0.015206 0.975421 0.000139 0.009234
 0.039091 0.000139 0.927433 0.033337
 0.003901 0.961912 0.003907 0.030280
 0.007670 0.992058 0.000139 0.000133
 0.000133 0.887847 0.013008 0.099012
 0.097813 0.804649 0.049127 0.048410

MOTIF 3-GCCGCCGCCGCCGC STREME-3
letter-probability matrix: alength= 4 w= 14 nsites= 161 E= 4.7e-003
 0.062659 0.000256 0.936841 0.000245
 0.000245 0.992320 0.000256 0.007180
 0.027984 0.881361 0.000256 0.090399
 0.101521 0.062670 0.835564 0.000245
 0.000245 0.874426 0.041865 0.083464
 0.001581 0.893249 0.042511 0.062659
 0.058603 0.000256 0.923560 0.017582
 0.000245 0.964580 0.000256 0.034919
 0.000245 0.799320 0.014125 0.186310
 0.111204 0.000256 0.829938 0.058603
 0.000245 0.853621 0.021060 0.125074
 0.014115 0.853621 0.034930 0.097334
 0.007180 0.025763 0.788894 0.178164
 0.000245 0.978450 0.000256 0.021050

MOTIF 4-CCCCGCCCCC STREME-4
letter-probability matrix: alength= 4 w= 10 nsites= 242 E= 1.7e-002
 0.021053 0.889104 0.000444 0.089399
 0.045047 0.918863 0.000444 0.035647
 0.057034 0.935010 0.000444 0.007513
 0.006709 0.983162 0.000444 0.009685
 0.130350 0.000444 0.699542 0.169664
 0.072653 0.926478 0.000444 0.000425
 0.003581 0.983513 0.000444 0.012463
 0.008930 0.924979 0.000444 0.065647
 0.064759 0.908355 0.000444 0.026442
 0.004902 0.940858 0.018117 0.036122

MOTIF 5-CTCCTCCC STREME-5
letter-probability matrix: alength= 4 w= 8 nsites= 143 E= 1.2e-001
 0.022236 0.932309 0.023218 0.022236
 0.022236 0.023218 0.023218 0.931327
 0.022236 0.932309 0.023218 0.022236
 0.022236 0.932309 0.023218 0.022236
 0.022236 0.023218 0.023218 0.931327
 0.022236 0.932309 0.023218 0.022236
 0.022236 0.932309 0.023218 0.022236
 0.022236 0.932309 0.023218 0.022236

MOTIF 6-GTGACGTCASSG STREME-6
letter-probability matrix: alength= 4 w= 12 nsites= 55 E= 1.4e-001
 0.022933 0.045119 0.931167 0.000782
 0.000782 0.089421 0.045119 0.864679
 0.022933 0.178026 0.776108 0.022933
 0.997586 0.000816 0.000816 0.000782
 0.000782 0.997620 0.000816 0.000782
 0.000782 0.000816 0.997620 0.000782
 0.000782 0.089421 0.000816 0.908981
 0.045084 0.753957 0.200177 0.000782
 0.975435 0.000816 0.022967 0.000782
 0.022933 0.465992 0.399538 0.111538
 0.022933 0.488143 0.465992 0.022933
 0.022933 0.067270 0.909016 0.000782

MOTIF 7-CACTTCCGGC STREME-7
letter-probability matrix: alength= 4 w= 10 nsites= 114 E= 2.0e-001
 0.026632 0.840488 0.047783 0.085097
 0.861586 0.000623 0.137195 0.000596
 0.000596 0.998185 0.000623 0.000596
 0.007611 0.003878 0.017523 0.970988
 0.017496 0.000623 0.000623 0.981258
 0.000596 0.969825 0.028982 0.000596
 0.017496 0.978029 0.003878 0.000596
 0.017496 0.009758 0.904548 0.068197
 0.000596 0.059391 0.922516 0.017496
 0.051297 0.693983 0.152724 0.101997

MOTIF 8-AGATAA STREME-8
letter-probability matrix: alength= 4 w= 6 nsites= 495 E= 2.7e-001
 0.982373 0.014201 0.001750 0.001676
 0.001676 0.001750 0.994897 0.001676
 0.994823 0.001750 0.001750 0.001676
 0.001676 0.001750 0.001750 0.994823
 0.994823 0.001750 0.001750 0.001676
 0.679232 0.317342 0.001750 0.001676

MOTIF 9-AAAACAAACAAM STREME-9
letter-probability matrix: alength= 4 w= 12 nsites= 69 E= 3.5e-001
 0.903888 0.009147 0.086360 0.000605
 0.895257 0.000632 0.069214 0.034896
 0.946694 0.000632 0.017777 0.034896
 0.812443 0.137797 0.049155 0.000605
 0.000605 0.963867 0.034923 0.000605
 0.912403 0.017777 0.052069 0.017751
 0.878112 0.000632 0.000632 0.120625
 0.960537 0.017777 0.000632 0.021054
 0.000605 0.939605 0.059185 0.000605
 0.980986 0.000632 0.000632 0.017751
 0.809529 0.086360 0.086360 0.017751
 0.500518 0.299224 0.042039 0.158219

MOTIF 10-CAAAGTCCA STREME-10
letter-probability matrix: alength= 4 w= 9 nsites= 132 E= 5.2e-001
 0.000647 0.998030 0.000676 0.000647
 0.958070 0.040607 0.000676 0.000647
 0.998002 0.000676 0.000676 0.000647
 0.864652 0.000676 0.134025 0.000647
 0.000647 0.000676 0.998030 0.000647
 0.000647 0.000676 0.000676 0.998002
 0.070351 0.800539 0.000676 0.128435
 0.086878 0.799455 0.019013 0.094654
 0.855412 0.000676 0.074024 0.069888

MOTIF 11-GCGCATGCGCA STREME-11
letter-probability matrix: alength= 4 w= 11 nsites= 66 E= 5.7e-001
 0.123791 0.000505 0.875220 0.000483
 0.102076 0.869534 0.027907 0.000483
 0.000483 0.000505 0.998528 0.000483
 0.000483 0.998528 0.000505 0.000483
 0.838753 0.044879 0.088483 0.027885
 0.000483 0.132561 0.274523 0.592433
 0.014184 0.000505 0.984827 0.000483
 0.014184 0.971126 0.000505 0.014184
 0.000483 0.014206 0.930024 0.055287
 0.000483 0.957426 0.014206 0.027885
 0.811612 0.000505 0.187400 0.000483

MOTIF 12-AAGATGGCGGC STREME-12
letter-probability matrix: alength= 4 w= 11 nsites= 48 E= 5.7e-001
 0.949958 0.000874 0.048330 0.000837
 0.902502 0.095786 0.000874 0.000837
 0.119477 0.095786 0.783899 0.000837
 0.997414 0.000874 0.000874 0.000837
 0.000837 0.000874 0.000874 0.997414
 0.000837 0.024602 0.973723 0.000837
 0.000837 0.000874 0.997451 0.000837
 0.072021 0.902539 0.000874 0.024565
 0.048293 0.072058 0.878811 0.000837
 0.000837 0.000874 0.973723 0.024565
 0.166933 0.807627 0.000874 0.024565

MOTIF 13-CTCCGCCTCCWS STREME-13
letter-probability matrix: alength= 4 w= 12 nsites= 72 E= 5.9e-001
 0.000489 0.998512 0.000510 0.000489
 0.000489 0.000510 0.145415 0.853585
 0.055897 0.929251 0.000510 0.014341
 0.112438 0.872711 0.000510 0.014341
 0.035119 0.000510 0.800326 0.164044
 0.028193 0.956956 0.014363 0.000489
 0.000489 0.973162 0.020112 0.006238
 0.176107 0.000510 0.049555 0.773827
 0.000489 0.984660 0.014363 0.000489
 0.000489 0.909650 0.089372 0.000489
 0.356245 0.149758 0.145415 0.348581
 0.000489 0.342239 0.642931 0.014341

MOTIF 14-GCCGCCGCAGCC STREME-14
letter-probability matrix: alength= 4 w= 12 nsites= 68 E= 6.4e-001
 0.000391 0.042812 0.947217 0.009581
 0.082484 0.728506 0.044693 0.144317
 0.088960 0.766315 0.066835 0.077889
 0.055747 0.011479 0.913931 0.018843
 0.022533 0.881371 0.000408 0.095688
 0.002524 0.748516 0.055764 0.193197
 0.022533 0.000408 0.938860 0.038199
 0.022533 0.884782 0.036938 0.055747
 0.872415 0.044693 0.055764 0.027128
 0.022533 0.000408 0.961002 0.016057
 0.042794 0.882473 0.018986 0.055747
 0.033604 0.854885 0.100049 0.011462

MOTIF 15-AAAGAGAAAR STREME-15
letter-probability matrix: alength= 4 w= 10 nsites= 322 E= 8.2e-001
 0.760464 0.053128 0.186178 0.000231
 0.815845 0.000241 0.130104 0.053810
 0.999287 0.000241 0.000241 0.000231
 0.000231 0.068476 0.931062 0.000231
 0.847415 0.019864 0.097435 0.035286
 0.000231 0.045199 0.858836 0.095735
 0.628209 0.289282 0.082277 0.000231
 0.837332 0.000241 0.000241 0.162186
 0.957327 0.000241 0.042201 0.000231
 0.339462 0.216187 0.441068 0.003283

MOTIF 16-CAAAGGTCA STREME-16
letter-probability matrix: alength= 4 w= 9 nsites= 151 E= 3.8e+000
 0.051361 0.853790 0.049905 0.044945
 0.926350 0.058425 0.014724 0.000501
 0.860548 0.000523 0.104133 0.034796
 0.984252 0.014724 0.000523 0.000501
 0.075749 0.000523 0.923226 0.000501
 0.105800 0.000523 0.893176 0.000501
 0.081391 0.000523 0.000523 0.917562
 0.000501 0.893176 0.105822 0.000501
 0.941650 0.028925 0.028925 0.000501

MOTIF 17-GGAGGAAGAAAR STREME-17
letter-probability matrix: alength= 4 w= 12 nsites= 72 E= 6.2e+000
 0.000573 0.000598 0.949583 0.049247
 0.000573 0.000598 0.998257 0.000573
 0.998232 0.000598 0.000598 0.000573
 0.000573 0.081721 0.917134 0.000573
 0.049247 0.016823 0.933358 0.000573
 0.998232 0.000598 0.000598 0.000573
 0.998232 0.000598 0.000598 0.000573
 0.250677 0.104680 0.644071 0.000573
 0.650780 0.016823 0.137129 0.195269
 0.715678 0.000598 0.283151 0.000573
 0.653537 0.130395 0.183046 0.033022
 0.458840 0.072230 0.364275 0.104654

MOTIF 18-GTTAAAATATAAM STREME-18
letter-probability matrix: alength= 4 w= 13 nsites= 60 E= 9.0e+000
 0.146321 0.000638 0.658624 0.194417
 0.000611 0.000638 0.000638 0.998113
 0.000611 0.000638 0.000638 0.998113
 0.824959 0.000638 0.052584 0.121819
 0.998113 0.000638 0.000638 0.000611
 0.998113 0.000638 0.000638 0.000611
 0.738381 0.069900 0.000638 0.191081
 0.000611 0.000638 0.000638 0.998113
 0.488779 0.104531 0.208423 0.198267
 0.000611 0.052584 0.035269 0.911536
 0.703751 0.000638 0.052584 0.243027
 0.876905 0.000638 0.121846 0.000611
 0.582543 0.398893 0.000638 0.017926

********************************************************************************
Stopped because 3 consecutive motifs exceeded the p-value threshold (0.05).
********************************************************************************
COMMAND:	streme --verbosity 1 --oc meme_out_incomplete_DL/HepG2_HNRNPUL1-human_ENCFF496MCE/streme_out -dna --seed 0 --p meme_out_incomplete_DL/HepG2_HNRNPUL1-human_ENCFF496MCE/seqs-centered --minw 6 --maxw 15 --time 6193 --order 2 --thresh 0.05 --align center --totallength 4000000 --parse-genomic-coord
********************************************************************************
CPU:		9f05ee173ae9
********************************************************************************
FINALTIME:	121.74 seconds
********************************************************************************
