********************************************************************************
STREME - Sensitive, Thorough, Rapid, Enriched Motif Elicitation
********************************************************************************
MEME version 5.5.3 (Release date: Sat Jun 10 16:19:38 2023 -0700)

For further information on how to interpret these results please access http://localhost:8080/meme_5.5.3.
To get a copy of the MEME Suite software please access https://meme-suite.org.

********************************************************************************


********************************************************************************
REFERENCE
********************************************************************************
If you use this program in your research, please cite:

Timothy L. Bailey,
"STREME: accurate and versatile sequence motif discovery",
Bioinformatics, Mar. 24, 2021.
********************************************************************************


ALPHABET= ACGT

strands: + -

Background letter frequencies
A 0.175 C 0.325 G 0.325 T 0.175 

MOTIF 1-CCCCGCCCCC STREME-1
letter-probability matrix: alength= 4 w= 10 nsites= 387 E= 9.4e-006
 0.036530 0.924036 0.000272 0.039162
 0.028307 0.971273 0.000272 0.000147
 0.064650 0.934930 0.000272 0.000147
 0.000147 0.999433 0.000272 0.000147
 0.147858 0.000272 0.785422 0.066448
 0.047191 0.899230 0.032120 0.021458
 0.024497 0.975084 0.000272 0.000147
 0.010954 0.967465 0.000272 0.021309
 0.000147 0.961224 0.000272 0.038357
 0.059321 0.653478 0.084057 0.203144

MOTIF 2-TCAGCACCAYGGACA STREME-2
letter-probability matrix: alength= 4 w= 15 nsites= 136 E= 1.9e-003
 0.007454 0.073036 0.051228 0.868282
 0.014723 0.984752 0.000341 0.000184
 0.977326 0.014880 0.007610 0.000184
 0.029263 0.007610 0.941134 0.021993
 0.014723 0.868438 0.080306 0.036532
 0.977326 0.000341 0.000341 0.021993
 0.014723 0.941134 0.007610 0.036532
 0.014723 0.919326 0.022149 0.043802
 0.610830 0.073036 0.199636 0.116498
 0.116498 0.487403 0.097861 0.298238
 0.007454 0.036689 0.948404 0.007454
 0.021993 0.029419 0.912056 0.036532
 0.810125 0.080306 0.080306 0.029263
 0.000184 0.890247 0.087576 0.021993
 0.911900 0.036689 0.036689 0.014723

MOTIF 3-CAGCCAATC STREME-3
letter-probability matrix: alength= 4 w= 9 nsites= 107 E= 5.7e-002
 0.064322 0.866043 0.028187 0.041448
 0.833197 0.000603 0.165873 0.000326
 0.022393 0.031709 0.894041 0.051858
 0.000916 0.982796 0.013482 0.002806
 0.000326 0.954750 0.039252 0.005671
 0.986383 0.000603 0.004103 0.008910
 0.998467 0.000603 0.000603 0.000326
 0.000326 0.000603 0.000603 0.998467
 0.020164 0.785664 0.193846 0.000326

MOTIF 4-YCACTTCCGCY STREME-4
letter-probability matrix: alength= 4 w= 11 nsites= 99 E= 6.2e-002
 0.000325 0.481125 0.138846 0.379704
 0.000325 0.848855 0.047807 0.103013
 0.998472 0.000601 0.000601 0.000325
 0.000325 0.998748 0.000601 0.000325
 0.013161 0.000601 0.000601 0.985636
 0.000325 0.000601 0.000601 0.998472
 0.013161 0.985912 0.000601 0.000325
 0.013161 0.985912 0.000601 0.000325
 0.018487 0.064781 0.764566 0.152166
 0.051669 0.602349 0.288988 0.056994
 0.025997 0.385948 0.108614 0.479441

MOTIF 5-CAAGATGGCGGCNS STREME-5
letter-probability matrix: alength= 4 w= 14 nsites= 101 E= 3.1e-001
 0.085165 0.598842 0.211955 0.104038
 0.970568 0.009878 0.019315 0.000239
 0.885642 0.057060 0.009878 0.047420
 0.141783 0.094805 0.715992 0.047420
 0.928908 0.000442 0.060975 0.009675
 0.000239 0.000442 0.000442 0.998877
 0.000239 0.009878 0.989644 0.000239
 0.028548 0.000442 0.970771 0.000239
 0.066293 0.857536 0.028751 0.047420
 0.047420 0.098720 0.825312 0.028548
 0.117389 0.123113 0.759258 0.000239
 0.132347 0.753737 0.038187 0.075729
 0.198401 0.315754 0.315754 0.170092
 0.188964 0.221391 0.406201 0.183443

MOTIF 6-GCACGTGRCCS STREME-6
letter-probability matrix: alength= 4 w= 11 nsites= 114 E= 3.1e-001
 0.057327 0.233967 0.559691 0.149015
 0.025151 0.900806 0.073871 0.000172
 0.970716 0.000318 0.022002 0.006964
 0.000172 0.999338 0.000318 0.000172
 0.000172 0.000318 0.999338 0.000172
 0.000172 0.020694 0.000318 0.978815
 0.034133 0.007110 0.958585 0.000172
 0.303119 0.103682 0.586235 0.006964
 0.062606 0.801978 0.008162 0.127253
 0.118453 0.687336 0.100108 0.094103
 0.063136 0.590551 0.299752 0.046560

MOTIF 7-CGCCGCCGCCGCCGC STREME-7
letter-probability matrix: alength= 4 w= 15 nsites= 219 E= 3.9e-001
 0.140200 0.502651 0.132899 0.224250
 0.004788 0.000219 0.994875 0.000118
 0.000118 0.994875 0.000219 0.004788
 0.077163 0.696432 0.000219 0.226187
 0.098176 0.037574 0.864132 0.000118
 0.000118 0.948181 0.000219 0.051482
 0.123460 0.830179 0.000219 0.046142
 0.037474 0.000219 0.952851 0.009457
 0.014127 0.896818 0.000219 0.088837
 0.046812 0.747795 0.018896 0.186496
 0.154209 0.042243 0.722908 0.080640
 0.004788 0.882810 0.004888 0.107515
 0.000118 0.719779 0.020834 0.259269
 0.004788 0.025503 0.773476 0.196233
 0.000118 0.880872 0.104883 0.014127

MOTIF 8-GAGGCCGAGGC STREME-8
letter-probability matrix: alength= 4 w= 11 nsites= 228 E= 5.6e-001
 0.008356 0.057427 0.868820 0.065398
 0.923855 0.023114 0.044680 0.008351
 0.015118 0.148267 0.800430 0.036185
 0.075544 0.044509 0.830845 0.049102
 0.011737 0.911671 0.040412 0.036180
 0.026219 0.859164 0.015536 0.099081
 0.014964 0.009496 0.955654 0.019886
 0.966442 0.024830 0.008522 0.000206
 0.032804 0.052290 0.886871 0.028035
 0.032804 0.024827 0.885121 0.057249
 0.032804 0.837243 0.069321 0.060632

MOTIF 9-ACCAATSASA STREME-9
letter-probability matrix: alength= 4 w= 10 nsites= 183 E= 6.0e-001
 0.722689 0.016352 0.260791 0.000168
 0.046665 0.761355 0.072247 0.119733
 0.022851 0.943459 0.033521 0.000168
 0.999209 0.000311 0.000311 0.000168
 0.985924 0.000311 0.013596 0.000168
 0.000168 0.020236 0.033523 0.946072
 0.049419 0.560263 0.334254 0.056064
 0.781830 0.000311 0.211048 0.006811
 0.186449 0.305518 0.445327 0.062706
 0.629447 0.096846 0.139064 0.134642

MOTIF 10-CTGCAG STREME-10
letter-probability matrix: alength= 4 w= 6 nsites= 402 E= 6.3e-001
 0.015955 0.938591 0.029500 0.015955
 0.015955 0.029500 0.029500 0.925045
 0.015955 0.029500 0.938591 0.015955
 0.015955 0.938591 0.029500 0.015955
 0.925045 0.029500 0.029500 0.015955
 0.015955 0.029500 0.938591 0.015955

MOTIF 11-CCCGGCC STREME-11
letter-probability matrix: alength= 4 w= 7 nsites= 442 E= 7.1e-001
 0.015955 0.938591 0.029500 0.015955
 0.015955 0.938591 0.029500 0.015955
 0.015955 0.938591 0.029500 0.015955
 0.015955 0.029500 0.938591 0.015955
 0.015955 0.029500 0.938591 0.015955
 0.015955 0.938591 0.029500 0.015955
 0.015955 0.938591 0.029500 0.015955

MOTIF 12-CACGTG STREME-12
letter-probability matrix: alength= 4 w= 6 nsites= 152 E= 7.4e-001
 0.015955 0.938591 0.029500 0.015955
 0.925045 0.029500 0.029500 0.015955
 0.015955 0.938591 0.029500 0.015955
 0.015955 0.029500 0.938591 0.015955
 0.015955 0.029500 0.029500 0.925045
 0.015955 0.029500 0.938591 0.015955

MOTIF 13-AAGGCGACG STREME-13
letter-probability matrix: alength= 4 w= 9 nsites= 108 E= 7.6e-001
 0.799172 0.044037 0.136113 0.020678
 0.937029 0.003681 0.029323 0.029968
 0.028889 0.009316 0.952912 0.008882
 0.000511 0.041300 0.957678 0.000511
 0.020674 0.914504 0.064311 0.000511
 0.020689 0.044147 0.914482 0.020682
 0.928689 0.000945 0.064405 0.005961
 0.070635 0.774733 0.113766 0.040866
 0.049229 0.004313 0.885415 0.061044

MOTIF 14-DDTTYRAAHH STREME-14
letter-probability matrix: alength= 4 w= 10 nsites= 334 E= 9.4e-001
 0.268863 0.144087 0.249239 0.337811
 0.365630 0.034510 0.269013 0.330847
 0.003505 0.000160 0.000160 0.996175
 0.115927 0.000160 0.038087 0.845826
 0.001796 0.394048 0.000160 0.603997
 0.603997 0.000160 0.394048 0.001796
 0.845826 0.038087 0.000160 0.115927
 0.996175 0.000160 0.000160 0.003505
 0.330847 0.269013 0.034510 0.365630
 0.337811 0.249239 0.144087 0.268863

MOTIF 15-TGCGCATGCGCA STREME-15
letter-probability matrix: alength= 4 w= 12 nsites= 101 E= 2.7e+000
 0.050029 0.296990 0.006103 0.646878
 0.030500 0.000523 0.968695 0.000283
 0.039345 0.926367 0.034005 0.000283
 0.095149 0.006103 0.898465 0.000283
 0.005863 0.993331 0.000523 0.000283
 0.655724 0.147643 0.185189 0.011444
 0.011444 0.185189 0.147643 0.655724
 0.000283 0.000523 0.993331 0.005863
 0.000283 0.898465 0.006103 0.095149
 0.000283 0.034005 0.926367 0.039345
 0.000283 0.968695 0.000523 0.030500
 0.646878 0.006103 0.296990 0.050029

MOTIF 16-CTGGGATTACAR STREME-16
letter-probability matrix: alength= 4 w= 12 nsites= 64 E= 3.0e+000
 0.020048 0.919883 0.059573 0.000495
 0.000495 0.020468 0.000916 0.978120
 0.117810 0.020468 0.861226 0.000495
 0.059153 0.059573 0.880778 0.000495
 0.020048 0.000916 0.978541 0.000495
 0.880358 0.059573 0.059573 0.000495
 0.020048 0.176888 0.000916 0.802148
 0.020048 0.157336 0.020468 0.802148
 0.899910 0.000916 0.098678 0.000495
 0.000495 0.958988 0.000916 0.039600
 0.939015 0.000916 0.020468 0.039600
 0.332888 0.020468 0.587491 0.059153

********************************************************************************
Stopped because 3 consecutive motifs exceeded the p-value threshold (0.05).
********************************************************************************
COMMAND:	streme --verbosity 1 --oc meme_out_incomplete_DL/HepG2_FOXM1-human_ENCFF488UEC/streme_out -dna --seed 0 --p meme_out_incomplete_DL/HepG2_FOXM1-human_ENCFF488UEC/seqs-centered --minw 6 --maxw 15 --time 6193 --order 2 --thresh 0.05 --align center --totallength 4000000 --parse-genomic-coord
********************************************************************************
CPU:		9f05ee173ae9
********************************************************************************
FINALTIME:	83.54 seconds
********************************************************************************
