********************************************************************************
STREME - Sensitive, Thorough, Rapid, Enriched Motif Elicitation
********************************************************************************
MEME version 5.5.3 (Release date: Sat Jun 10 16:19:38 2023 -0700)

For further information on how to interpret these results please access http://localhost:8080/meme_5.5.3.
To get a copy of the MEME Suite software please access https://meme-suite.org.

********************************************************************************


********************************************************************************
REFERENCE
********************************************************************************
If you use this program in your research, please cite:

Timothy L. Bailey,
"STREME: accurate and versatile sequence motif discovery",
Bioinformatics, Mar. 24, 2021.
********************************************************************************


ALPHABET= ACGT

strands: + -

Background letter frequencies
A 0.244 C 0.256 G 0.256 T 0.244 

MOTIF 1-GCTGGGATTACAGG STREME-1
letter-probability matrix: alength= 4 w= 14 nsites= 257 E= 2.4e-006
 0.027038 0.000160 0.959624 0.013177
 0.000153 0.951778 0.004502 0.043568
 0.000153 0.008843 0.000160 0.990844
 0.056592 0.004502 0.934412 0.004494
 0.030543 0.017526 0.943095 0.008836
 0.034885 0.013185 0.947436 0.004494
 0.969136 0.004502 0.026209 0.000153
 0.000153 0.212892 0.000160 0.786795
 0.004494 0.026209 0.021868 0.947429
 0.951770 0.030550 0.017526 0.000153
 0.000153 0.908363 0.008843 0.082641
 0.977819 0.000160 0.021868 0.000153
 0.034885 0.008843 0.943095 0.013177
 0.034885 0.004502 0.947436 0.013177

MOTIF 2-CAGCCTGGSCRACA STREME-2
letter-probability matrix: alength= 4 w= 14 nsites= 284 E= 1.6e-005
 0.000139 0.972034 0.000145 0.027682
 0.995636 0.004080 0.000145 0.000139
 0.027682 0.000145 0.920882 0.051291
 0.004073 0.972034 0.004080 0.019812
 0.004073 0.968099 0.011950 0.015878
 0.004073 0.011950 0.008015 0.975962
 0.039486 0.004080 0.956295 0.000139
 0.067030 0.000145 0.932686 0.000139
 0.067030 0.310992 0.598231 0.023747
 0.023747 0.704470 0.004080 0.267703
 0.653311 0.000145 0.330666 0.015878
 0.983832 0.000145 0.015884 0.000139
 0.011943 0.940556 0.011950 0.035552
 0.968093 0.004080 0.008015 0.019812

MOTIF 3-GCCTCRGCCTCCC STREME-3
letter-probability matrix: alength= 4 w= 13 nsites= 303 E= 1.8e-005
 0.208891 0.006859 0.765898 0.018353
 0.000119 0.962598 0.003492 0.033792
 0.000119 0.965966 0.000124 0.033792
 0.000119 0.000124 0.010226 0.989531
 0.000119 0.846713 0.000124 0.153044
 0.543651 0.037165 0.358455 0.060730
 0.067465 0.003492 0.928925 0.000119
 0.016955 0.891885 0.000124 0.091036
 0.000119 0.885150 0.023695 0.091036
 0.000119 0.000124 0.000124 0.999633
 0.000119 0.957833 0.001522 0.040526
 0.000119 0.928925 0.006859 0.064097
 0.027057 0.780764 0.006859 0.185320

MOTIF 4-GCCACCRCGCCCGGC STREME-4
letter-probability matrix: alength= 4 w= 15 nsites= 196 E= 1.9e-005
 0.104768 0.000214 0.894813 0.000205
 0.000205 0.935476 0.006023 0.058295
 0.000205 0.976140 0.011833 0.011823
 0.987748 0.006023 0.006023 0.000205
 0.017632 0.952904 0.000214 0.029250
 0.011823 0.889004 0.000214 0.098959
 0.586922 0.000214 0.401041 0.011823
 0.017632 0.674068 0.006023 0.302277
 0.151241 0.000214 0.836722 0.011823
 0.006014 0.993567 0.000214 0.000205
 0.006014 0.935476 0.029260 0.029250
 0.023441 0.656641 0.017642 0.302277
 0.261613 0.006023 0.703113 0.029250
 0.017632 0.000214 0.976140 0.006014
 0.000205 0.970331 0.006023 0.023441

MOTIF 5-GRGTTCGAG STREME-5
letter-probability matrix: alength= 4 w= 9 nsites= 276 E= 6.1e-005
 0.014793 0.000157 0.962878 0.022172
 0.441111 0.012935 0.525311 0.020643
 0.000150 0.024494 0.975206 0.000150
 0.102376 0.004417 0.004417 0.888791
 0.000150 0.006380 0.000157 0.993313
 0.061124 0.938569 0.000157 0.000150
 0.258956 0.000157 0.719004 0.021882
 0.949236 0.000157 0.035472 0.015136
 0.088917 0.009073 0.720995 0.181015

MOTIF 6-AGYAAACAH STREME-6
letter-probability matrix: alength= 4 w= 9 nsites= 952 E= 1.1e-004
 0.675629 0.017046 0.172532 0.134793
 0.150671 0.000079 0.841990 0.007260
 0.000075 0.348199 0.000079 0.651647
 0.883449 0.116397 0.000079 0.000075
 0.999767 0.000079 0.000079 0.000075
 0.999767 0.000079 0.000079 0.000075
 0.000075 0.700364 0.000079 0.299482
 0.999767 0.000079 0.000079 0.000075
 0.359426 0.214571 0.132231 0.293772

MOTIF 7-GCAGTGAGCYRAGAT STREME-7
letter-probability matrix: alength= 4 w= 15 nsites= 179 E= 3.0e-004
 0.089648 0.000236 0.909891 0.000225
 0.000225 0.941828 0.019398 0.038549
 0.986529 0.000236 0.013010 0.000225
 0.064099 0.025785 0.909891 0.000225
 0.000225 0.006623 0.000236 0.992916
 0.025774 0.000236 0.967377 0.006612
 0.960979 0.013010 0.019398 0.006612
 0.057711 0.013010 0.909891 0.019387
 0.000225 0.926402 0.006623 0.066750
 0.038549 0.577749 0.013010 0.370692
 0.377079 0.015661 0.587872 0.019387
 0.628837 0.038560 0.019398 0.313205
 0.051324 0.019398 0.916279 0.013000
 0.929043 0.000236 0.051335 0.019387
 0.013000 0.070497 0.000236 0.916268

MOTIF 8-GAGTGCAGTGGYGCR STREME-8
letter-probability matrix: alength= 4 w= 15 nsites= 173 E= 1.2e-003
 0.000224 0.012962 0.961135 0.025679
 0.922943 0.000235 0.076598 0.000224
 0.114769 0.006598 0.872045 0.006588
 0.000224 0.000235 0.012962 0.986579
 0.057496 0.000235 0.922954 0.019315
 0.000224 0.999317 0.000235 0.000224
 0.961125 0.000235 0.032053 0.006588
 0.108405 0.000235 0.891136 0.000224
 0.000224 0.006598 0.000235 0.992943
 0.025679 0.000235 0.961135 0.012951
 0.076587 0.000235 0.922954 0.000224
 0.019315 0.630229 0.019326 0.331130
 0.248404 0.000235 0.681138 0.070224
 0.006588 0.840227 0.006598 0.146587
 0.585673 0.044780 0.362959 0.006588

MOTIF 9-AGACRGRGTCTYGCT STREME-9
letter-probability matrix: alength= 4 w= 15 nsites= 159 E= 4.7e-003
 0.964800 0.000254 0.007144 0.027802
 0.027802 0.027813 0.937253 0.007132
 0.916572 0.000254 0.062262 0.020912
 0.007132 0.730562 0.000254 0.262051
 0.565198 0.007144 0.420526 0.007132
 0.069140 0.007144 0.923474 0.000243
 0.572088 0.000254 0.399857 0.027802
 0.158706 0.000254 0.840797 0.000243
 0.014022 0.027813 0.000254 0.957911
 0.007132 0.868356 0.000254 0.124257
 0.020912 0.000254 0.007144 0.971690
 0.007132 0.530761 0.020923 0.441183
 0.282720 0.027813 0.675445 0.014022
 0.000243 0.923474 0.007144 0.069140
 0.000243 0.034703 0.007144 0.957911

MOTIF 10-CAAAAAAAAAAAAAA STREME-10
letter-probability matrix: alength= 4 w= 15 nsites= 174 E= 5.4e-003
 0.064795 0.582778 0.161041 0.191387
 0.993133 0.000317 0.000317 0.006233
 0.973282 0.000317 0.026099 0.000303
 0.990469 0.000317 0.000317 0.008897
 0.981875 0.000317 0.017505 0.000303
 0.764579 0.183238 0.051880 0.000303
 0.969715 0.000317 0.029665 0.000303
 0.973282 0.026099 0.000317 0.000303
 0.981875 0.008911 0.008911 0.000303
 0.964688 0.008911 0.000317 0.026084
 0.832214 0.167166 0.000317 0.000303
 0.947500 0.026099 0.026099 0.000303
 0.984642 0.014738 0.000317 0.000303
 0.999063 0.000317 0.000317 0.000303
 0.999063 0.000317 0.000317 0.000303

MOTIF 11-AGTTCAAAG STREME-11
letter-probability matrix: alength= 4 w= 9 nsites= 203 E= 1.1e-002
 0.983674 0.008715 0.007314 0.000296
 0.004875 0.083230 0.895345 0.016550
 0.210210 0.003227 0.056802 0.729761
 0.059085 0.008715 0.135871 0.796329
 0.013736 0.963365 0.012741 0.010158
 0.964781 0.000992 0.008715 0.025511
 0.985529 0.000310 0.005460 0.008701
 0.943725 0.004854 0.050741 0.000681
 0.004123 0.019109 0.902338 0.074430

MOTIF 12-CTCARGTGATCCKCC STREME-12
letter-probability matrix: alength= 4 w= 15 nsites= 167 E= 2.6e-002
 0.000243 0.758121 0.007144 0.234492
 0.000243 0.000254 0.000254 0.999249
 0.000243 0.937253 0.014034 0.048471
 0.971690 0.000254 0.007144 0.020912
 0.613426 0.020923 0.351629 0.014022
 0.062250 0.000254 0.909694 0.027802
 0.034691 0.200055 0.020923 0.744330
 0.062250 0.000254 0.937253 0.000243
 0.999249 0.000254 0.000254 0.000243
 0.007132 0.000254 0.000254 0.992359
 0.000243 0.765011 0.000254 0.234492
 0.000243 0.847687 0.000254 0.151816
 0.144926 0.000254 0.317180 0.537639
 0.000243 0.923474 0.014034 0.062250
 0.000243 0.937253 0.020923 0.041581

MOTIF 13-CCAAGGTCA STREME-13
letter-probability matrix: alength= 4 w= 9 nsites= 382 E= 5.2e-002
 0.236278 0.658545 0.026054 0.079122
 0.008341 0.908251 0.051313 0.032095
 0.646905 0.000180 0.315849 0.037066
 0.813740 0.066905 0.113491 0.005864
 0.024892 0.047100 0.927836 0.000172
 0.003417 0.000180 0.993061 0.003342
 0.025221 0.055881 0.000180 0.918719
 0.034705 0.946713 0.000180 0.018402
 0.788908 0.041506 0.146170 0.023416

MOTIF 14-RTGASTCAY STREME-14
letter-probability matrix: alength= 4 w= 9 nsites= 216 E= 7.3e-002
 0.293946 0.143528 0.536262 0.026264
 0.000490 0.028165 0.000513 0.970833
 0.031922 0.011248 0.914234 0.042597
 0.987181 0.011816 0.000513 0.000490
 0.000490 0.499510 0.499510 0.000490
 0.000490 0.000513 0.011816 0.987181
 0.042597 0.914234 0.011248 0.031922
 0.970833 0.000513 0.028165 0.000490
 0.026264 0.536262 0.143528 0.293946

MOTIF 15-ATTTTTAGTAGAGA STREME-15
letter-probability matrix: alength= 4 w= 14 nsites= 126 E= 1.5e-001
 0.875300 0.000326 0.035679 0.088694
 0.026826 0.009164 0.000326 0.963683
 0.009150 0.009164 0.026841 0.954845
 0.000311 0.018003 0.009164 0.972521
 0.009150 0.000326 0.000326 0.990198
 0.009150 0.009164 0.009164 0.972521
 0.875300 0.009164 0.062194 0.053341
 0.026826 0.000326 0.963698 0.009150
 0.009150 0.018003 0.009164 0.963683
 0.963683 0.009164 0.018003 0.009150
 0.009150 0.009164 0.981375 0.000311
 0.972521 0.009164 0.018003 0.000311
 0.017988 0.026841 0.946021 0.009150
 0.963683 0.000326 0.018003 0.017988

MOTIF 16-GCAAACA STREME-16
letter-probability matrix: alength= 4 w= 7 nsites= 143 E= 2.3e-001
 0.002036 0.002133 0.993794 0.002036
 0.002036 0.993794 0.002133 0.002036
 0.993698 0.002133 0.002133 0.002036
 0.993698 0.002133 0.002133 0.002036
 0.993698 0.002133 0.002133 0.002036
 0.002036 0.712593 0.002133 0.283238
 0.917098 0.002133 0.078733 0.002036

MOTIF 17-GGGTTTCAC STREME-17
letter-probability matrix: alength= 4 w= 9 nsites= 61 E= 3.0e-001
 0.022200 0.023255 0.932345 0.022200
 0.022200 0.023255 0.932345 0.022200
 0.022200 0.023255 0.932345 0.022200
 0.022200 0.023255 0.023255 0.931291
 0.022200 0.023255 0.023255 0.931291
 0.022200 0.023255 0.023255 0.931291
 0.022200 0.932345 0.023255 0.022200
 0.931291 0.023255 0.023255 0.022200
 0.022200 0.932345 0.023255 0.022200

MOTIF 18-CTTTGATC STREME-18
letter-probability matrix: alength= 4 w= 8 nsites= 51 E= 4.1e-001
 0.022200 0.932345 0.023255 0.022200
 0.022200 0.023255 0.023255 0.931291
 0.022200 0.023255 0.023255 0.931291
 0.022200 0.023255 0.023255 0.931291
 0.022200 0.023255 0.932345 0.022200
 0.931291 0.023255 0.023255 0.022200
 0.022200 0.023255 0.023255 0.931291
 0.022200 0.932345 0.023255 0.022200

MOTIF 19-ACAAAAATTA STREME-19
letter-probability matrix: alength= 4 w= 10 nsites= 51 E= 5.9e-001
 0.931291 0.023255 0.023255 0.022200
 0.022200 0.932345 0.023255 0.022200
 0.931291 0.023255 0.023255 0.022200
 0.931291 0.023255 0.023255 0.022200
 0.931291 0.023255 0.023255 0.022200
 0.931291 0.023255 0.023255 0.022200
 0.931291 0.023255 0.023255 0.022200
 0.022200 0.023255 0.023255 0.931291
 0.022200 0.023255 0.023255 0.931291
 0.931291 0.023255 0.023255 0.022200

MOTIF 20-AAAGAAAAGAAA STREME-20
letter-probability matrix: alength= 4 w= 12 nsites= 53 E= 5.9e-001
 0.995643 0.001475 0.001475 0.001408
 0.995643 0.001475 0.001475 0.001408
 0.899131 0.018061 0.001475 0.081333
 0.001408 0.001475 0.995709 0.001408
 0.955680 0.001475 0.001475 0.041371
 0.915717 0.001475 0.001475 0.081333
 0.995643 0.001475 0.001475 0.001408
 0.995643 0.001475 0.001475 0.001408
 0.001408 0.097986 0.859235 0.041371
 0.995643 0.001475 0.001475 0.001408
 0.955680 0.001475 0.001475 0.041371
 0.835792 0.041438 0.001475 0.121296

MOTIF 21-CAAAGTYCAGN STREME-21
letter-probability matrix: alength= 4 w= 11 nsites= 623 E= 7.1e-001
 0.000072 0.939254 0.000075 0.060599
 0.909369 0.044562 0.018416 0.027652
 0.861434 0.000075 0.119232 0.019259
 0.936471 0.002113 0.061345 0.000072
 0.000072 0.019142 0.947246 0.033540
 0.000072 0.000075 0.114279 0.885574
 0.073625 0.570317 0.020298 0.335761
 0.027233 0.930480 0.000075 0.042211
 0.889155 0.013148 0.026221 0.071475
 0.203068 0.166410 0.439318 0.191205
 0.274429 0.258240 0.265247 0.202084

MOTIF 22-CCCTCCCTC STREME-22
letter-probability matrix: alength= 4 w= 9 nsites= 186 E= 8.4e-001
 0.000688 0.997902 0.000721 0.000688
 0.000688 0.997902 0.000721 0.000688
 0.000688 0.961103 0.037520 0.000688
 0.000688 0.000721 0.236164 0.762426
 0.034292 0.964299 0.000721 0.000688
 0.000688 0.980533 0.018090 0.000688
 0.000688 0.978277 0.020346 0.000688
 0.000688 0.000721 0.000721 0.997869
 0.127671 0.870919 0.000721 0.000688

MOTIF 23-AAGGAAGGAAGGAA STREME-23
letter-probability matrix: alength= 4 w= 14 nsites= 82 E= 1.1e+000
 0.996791 0.001086 0.001086 0.001037
 0.996791 0.001086 0.001086 0.001037
 0.001037 0.030517 0.967409 0.001037
 0.001037 0.001086 0.996840 0.001037
 0.996791 0.001086 0.001086 0.001037
 0.996791 0.001086 0.001086 0.001037
 0.117176 0.030517 0.851270 0.001037
 0.001037 0.001086 0.996840 0.001037
 0.996791 0.001086 0.001086 0.001037
 0.996791 0.001086 0.001086 0.001037
 0.001037 0.001086 0.996840 0.001037
 0.001037 0.001086 0.996840 0.001037
 0.996791 0.001086 0.001086 0.001037
 0.996791 0.001086 0.001086 0.001037

MOTIF 24-GAAAGAAAGAA STREME-24
letter-probability matrix: alength= 4 w= 11 nsites= 71 E= 1.2e+000
 0.000932 0.000976 0.970700 0.027391
 0.917737 0.053895 0.000976 0.027391
 0.997115 0.000976 0.000976 0.000932
 0.978788 0.006074 0.000976 0.014162
 0.000932 0.000976 0.997159 0.000932
 0.929893 0.053895 0.000976 0.015235
 0.917737 0.000976 0.000976 0.080310
 0.976734 0.000976 0.000976 0.021313
 0.000932 0.000976 0.997159 0.000932
 0.970656 0.000976 0.000976 0.027391
 0.997115 0.000976 0.000976 0.000932

MOTIF 25-CMACTGAGCTATM STREME-25
letter-probability matrix: alength= 4 w= 13 nsites= 68 E= 1.2e+000
 0.017094 0.981714 0.000609 0.000582
 0.297811 0.502845 0.198762 0.000582
 0.849585 0.033635 0.116199 0.000582
 0.017094 0.981714 0.000609 0.000582
 0.000582 0.000609 0.000609 0.998199
 0.033607 0.116199 0.849612 0.000582
 0.932149 0.000609 0.000609 0.066633
 0.066633 0.000609 0.932176 0.000582
 0.000582 0.965202 0.000609 0.033607
 0.007435 0.000609 0.000609 0.991346
 0.948661 0.000609 0.050148 0.000582
 0.149196 0.215275 0.132711 0.502817
 0.502817 0.413428 0.000609 0.083145

MOTIF 26-CCATTTTACAGATGA STREME-26
letter-probability matrix: alength= 4 w= 15 nsites= 86 E= 1.2e+000
 0.000419 0.927418 0.012323 0.059840
 0.000419 0.974955 0.000439 0.024187
 0.951167 0.000439 0.047976 0.000419
 0.000419 0.107398 0.024207 0.867976
 0.012303 0.059860 0.000439 0.927398
 0.012303 0.000439 0.071745 0.915514
 0.024187 0.202473 0.000439 0.772901
 0.820439 0.036092 0.107398 0.036072
 0.000419 0.903649 0.024207 0.071725
 0.915514 0.000439 0.059860 0.024187
 0.012303 0.000439 0.974955 0.012303
 0.832323 0.095513 0.047976 0.024187
 0.000419 0.059860 0.143051 0.796670
 0.131147 0.047976 0.761037 0.059840
 0.761017 0.059860 0.119282 0.059840

MOTIF 27-ACATTCCT STREME-27
letter-probability matrix: alength= 4 w= 8 nsites= 152 E= 1.2e+000
 0.751655 0.000996 0.246398 0.000951
 0.000951 0.950001 0.000996 0.048052
 0.927169 0.000996 0.070884 0.000951
 0.000951 0.000996 0.000996 0.997057
 0.057267 0.000996 0.000996 0.940740
 0.001632 0.935896 0.061520 0.000951
 0.000951 0.987826 0.010272 0.000951
 0.000951 0.000996 0.037941 0.960113

MOTIF 28-ATCCATTCACCCA STREME-28
letter-probability matrix: alength= 4 w= 13 nsites= 70 E= 1.2e+000
 0.931291 0.023255 0.023255 0.022200
 0.022200 0.023255 0.023255 0.931291
 0.022200 0.932345 0.023255 0.022200
 0.022200 0.932345 0.023255 0.022200
 0.931291 0.023255 0.023255 0.022200
 0.022200 0.023255 0.023255 0.931291
 0.022200 0.023255 0.023255 0.931291
 0.022200 0.932345 0.023255 0.022200
 0.931291 0.023255 0.023255 0.022200
 0.022200 0.932345 0.023255 0.022200
 0.022200 0.932345 0.023255 0.022200
 0.022200 0.932345 0.023255 0.022200
 0.931291 0.023255 0.023255 0.022200

MOTIF 29-GGATTYGAACC STREME-29
letter-probability matrix: alength= 4 w= 11 nsites= 60 E= 1.3e+000
 0.000633 0.072538 0.926196 0.000633
 0.018602 0.000663 0.962133 0.018602
 0.872260 0.000663 0.000663 0.126414
 0.084692 0.054569 0.097964 0.762775
 0.000633 0.000663 0.000663 0.998041
 0.000633 0.413943 0.090506 0.494918
 0.036570 0.072538 0.872290 0.018602
 0.962103 0.000663 0.036600 0.000633
 0.972614 0.026089 0.000663 0.000633
 0.054539 0.908227 0.000663 0.036570
 0.000633 0.896043 0.102691 0.000633

MOTIF 30-CCACGCGGCT STREME-30
letter-probability matrix: alength= 4 w= 10 nsites= 399 E= 1.5e+000
 0.056279 0.820584 0.069619 0.053519
 0.058188 0.857996 0.071938 0.011878
 0.795944 0.089363 0.074585 0.040107
 0.070010 0.868041 0.026804 0.035145
 0.003587 0.034936 0.859491 0.101986
 0.059983 0.809020 0.077249 0.053748
 0.091550 0.020929 0.820323 0.067199
 0.052564 0.058451 0.838998 0.049987
 0.048758 0.807431 0.109608 0.034203
 0.088040 0.175871 0.112974 0.623115

MOTIF 31-CCCCGCCCCCV STREME-31
letter-probability matrix: alength= 4 w= 11 nsites= 520 E= 1.6e+000
 0.004131 0.995675 0.000099 0.000095
 0.000095 0.999711 0.000099 0.000095
 0.086001 0.902029 0.006721 0.005248
 0.000095 0.999711 0.000099 0.000095
 0.270574 0.000099 0.634207 0.095120
 0.173690 0.709934 0.000099 0.116277
 0.000095 0.826234 0.151717 0.021954
 0.037792 0.746600 0.087028 0.128579
 0.101550 0.838522 0.059834 0.000095
 0.113733 0.554471 0.144751 0.187045
 0.258872 0.391878 0.212596 0.136654

MOTIF 32-GGGCGGA STREME-32
letter-probability matrix: alength= 4 w= 7 nsites= 178 E= 1.7e+000
 0.022200 0.023255 0.932345 0.022200
 0.022200 0.023255 0.932345 0.022200
 0.022200 0.023255 0.932345 0.022200
 0.022200 0.932345 0.023255 0.022200
 0.022200 0.023255 0.932345 0.022200
 0.022200 0.023255 0.932345 0.022200
 0.931291 0.023255 0.023255 0.022200

MOTIF 33-AATCAATA STREME-33
letter-probability matrix: alength= 4 w= 8 nsites= 147 E= 1.8e+000
 0.799147 0.000740 0.168772 0.031342
 0.997815 0.000740 0.000740 0.000706
 0.000706 0.000740 0.000740 0.997815
 0.000706 0.997848 0.000740 0.000706
 0.815513 0.000740 0.135273 0.048474
 0.671372 0.000740 0.171745 0.156143
 0.000706 0.000740 0.000740 0.997815
 0.997815 0.000740 0.000740 0.000706

MOTIF 34-CACACAAACACAC STREME-34
letter-probability matrix: alength= 4 w= 13 nsites= 149 E= 1.8e+000
 0.002156 0.872205 0.027613 0.098026
 0.928106 0.021656 0.007732 0.042506
 0.000736 0.963338 0.000771 0.035155
 0.893297 0.000771 0.021656 0.084276
 0.000736 0.969876 0.000771 0.028617
 0.873339 0.032946 0.042541 0.051174
 0.997723 0.000771 0.000771 0.000736
 0.879654 0.035190 0.033582 0.051574
 0.000736 0.956299 0.014694 0.028271
 0.957727 0.021656 0.011213 0.009404
 0.000736 0.945834 0.009439 0.043992
 0.992078 0.000771 0.006416 0.000736
 0.027578 0.930908 0.000771 0.040743

MOTIF 35-AAACAAACAGT STREME-35
letter-probability matrix: alength= 4 w= 11 nsites= 85 E= 4.1e+000
 0.867367 0.000574 0.109493 0.022566
 0.989892 0.000574 0.008985 0.000548
 0.776652 0.153528 0.000574 0.069245
 0.000548 0.951650 0.000574 0.047228
 0.954268 0.044610 0.000574 0.000548
 0.998303 0.000574 0.000574 0.000548
 0.898487 0.093933 0.007032 0.000548
 0.062787 0.742915 0.000574 0.193724
 0.904945 0.016134 0.047254 0.031668
 0.109467 0.000574 0.727355 0.162604
 0.088898 0.115951 0.000574 0.794577

MOTIF 36-TMAATATTKA STREME-36
letter-probability matrix: alength= 4 w= 10 nsites= 52 E= 5.4e+000
 0.057414 0.133468 0.085480 0.723638
 0.481128 0.465029 0.042639 0.011204
 0.954609 0.000773 0.000773 0.043846
 0.945385 0.011239 0.000773 0.042604
 0.000737 0.032172 0.000773 0.966318
 0.966318 0.000773 0.032172 0.000737
 0.042604 0.000773 0.011239 0.945385
 0.043846 0.000773 0.000773 0.954609
 0.011204 0.042639 0.465029 0.481128
 0.723638 0.085480 0.133468 0.057414

MOTIF 37-AACTGAGGCTCAGAG STREME-37
letter-probability matrix: alength= 4 w= 15 nsites= 44 E= 7.0e+000
 0.897643 0.000919 0.000919 0.100518
 0.947464 0.000919 0.025829 0.025788
 0.025788 0.872775 0.050740 0.050698
 0.050698 0.050740 0.000919 0.897643
 0.050698 0.000919 0.947505 0.000878
 0.972374 0.000919 0.000919 0.025788
 0.000878 0.000919 0.997326 0.000878
 0.075608 0.050740 0.872775 0.000878
 0.000878 0.822954 0.025829 0.150339
 0.125428 0.225111 0.000919 0.648542
 0.000878 0.773134 0.075650 0.150339
 0.897643 0.050740 0.050740 0.000878
 0.150339 0.125470 0.673493 0.050698
 0.922553 0.050740 0.000919 0.025788
 0.150339 0.025829 0.798044 0.025788

********************************************************************************
Stopped because 3 consecutive motifs exceeded the p-value threshold (0.05).
********************************************************************************
COMMAND:	streme --verbosity 1 --oc meme_out_incomplete_DL/HepG2_HDAC2-human_ENCFF068DVP/streme_out -dna --seed 0 --p meme_out_incomplete_DL/HepG2_HDAC2-human_ENCFF068DVP/seqs-centered --minw 6 --maxw 15 --time 6192 --order 2 --thresh 0.05 --align center --totallength 4000000 --parse-genomic-coord
********************************************************************************
CPU:		9f05ee173ae9
********************************************************************************
FINALTIME:	364.17 seconds
********************************************************************************
