********************************************************************************
STREME - Sensitive, Thorough, Rapid, Enriched Motif Elicitation
********************************************************************************
MEME version 5.5.3 (Release date: Sat Jun 10 16:19:38 2023 -0700)

For further information on how to interpret these results please access http://localhost:8080/meme_5.5.3.
To get a copy of the MEME Suite software please access https://meme-suite.org.

********************************************************************************


********************************************************************************
REFERENCE
********************************************************************************
If you use this program in your research, please cite:

Timothy L. Bailey,
"STREME: accurate and versatile sequence motif discovery",
Bioinformatics, Mar. 24, 2021.
********************************************************************************


ALPHABET= ACGT

strands: + -

Background letter frequencies
A 0.236 C 0.264 G 0.264 T 0.236 

MOTIF 1-GTAAAYAT STREME-1
letter-probability matrix: alength= 4 w= 8 nsites= 4604 E= 2.6e-031
 0.027508 0.000029 0.972438 0.000026
 0.000026 0.274887 0.000029 0.725059
 0.939791 0.060154 0.000029 0.000026
 0.999917 0.000029 0.000029 0.000026
 0.999917 0.000029 0.000029 0.000026
 0.000026 0.490932 0.000029 0.509014
 0.999917 0.000029 0.000029 0.000026
 0.249025 0.128781 0.091275 0.530919

MOTIF 2-CAAAGKTCA STREME-2
letter-probability matrix: alength= 4 w= 9 nsites= 3257 E= 7.7e-031
 0.000030 0.911366 0.000034 0.088571
 0.760435 0.229595 0.000034 0.009936
 0.879438 0.000034 0.097092 0.023436
 0.999903 0.000034 0.000034 0.000030
 0.000030 0.000034 0.999906 0.000030
 0.060822 0.000034 0.497864 0.441281
 0.036166 0.281926 0.052983 0.628924
 0.000030 0.939700 0.000034 0.060237
 0.999903 0.000034 0.000034 0.000030

MOTIF 3-CCAGCCTGGGCRACA STREME-3
letter-probability matrix: alength= 4 w= 15 nsites= 997 E= 1.8e-027
 0.007944 0.960352 0.011337 0.020367
 0.002297 0.942282 0.000043 0.055378
 0.991501 0.002302 0.003431 0.002766
 0.026483 0.007949 0.924873 0.040696
 0.002297 0.958093 0.005690 0.033920
 0.009073 0.958093 0.006819 0.026014
 0.005685 0.010207 0.003431 0.980676
 0.039567 0.000043 0.954705 0.005685
 0.072318 0.001172 0.920824 0.005685
 0.060364 0.187796 0.745025 0.006815
 0.017448 0.673022 0.014725 0.294806
 0.560740 0.010207 0.422238 0.006815
 0.980676 0.001172 0.014725 0.003427
 0.009542 0.931180 0.012466 0.046812
 0.965525 0.000043 0.027148 0.007283

MOTIF 4-AATCHCAGCT STREME-4
letter-probability matrix: alength= 4 w= 10 nsites= 2102 E= 2.9e-024
 0.997923 0.000034 0.002013 0.000030
 0.999902 0.000034 0.000034 0.000030
 0.000030 0.000034 0.000034 0.999902
 0.000030 0.999906 0.000034 0.000030
 0.285970 0.330861 0.005374 0.377794
 0.008827 0.947989 0.011556 0.031628
 0.779945 0.009552 0.160007 0.050496
 0.008698 0.000034 0.988606 0.002662
 0.003165 0.962354 0.000034 0.034447
 0.284068 0.047793 0.032522 0.635617

MOTIF 5-ACAGGCRTGAGCCAC STREME-5
letter-probability matrix: alength= 4 w= 15 nsites= 885 E= 6.2e-024
 0.961269 0.006077 0.024169 0.008484
 0.002453 0.921471 0.006077 0.069999
 0.975744 0.002458 0.012108 0.009690
 0.029490 0.006077 0.960774 0.003660
 0.037432 0.007283 0.952331 0.002954
 0.016927 0.797940 0.006077 0.179055
 0.424021 0.012108 0.551768 0.012103
 0.006072 0.220776 0.009695 0.763457
 0.085679 0.111014 0.793616 0.009690
 0.593274 0.211127 0.013314 0.182286
 0.149607 0.008489 0.839451 0.002453
 0.006072 0.925294 0.004165 0.064469
 0.002453 0.966099 0.003664 0.027783
 0.982981 0.004871 0.009695 0.002453
 0.015721 0.952719 0.003664 0.027895

MOTIF 6-CYGTCTCAAAAAAAA STREME-6
letter-probability matrix: alength= 4 w= 15 nsites= 930 E= 4.3e-023
 0.010573 0.898744 0.007066 0.083617
 0.011743 0.381562 0.008237 0.598458
 0.207183 0.009407 0.778689 0.004721
 0.009402 0.026763 0.002871 0.960964
 0.007062 0.954919 0.012233 0.025786
 0.006685 0.001215 0.003556 0.988545
 0.029297 0.936680 0.000045 0.033978
 0.645270 0.032813 0.018769 0.303147
 0.964762 0.000045 0.019940 0.015254
 0.736068 0.236931 0.011748 0.015254
 0.782880 0.027447 0.011748 0.177925
 0.908588 0.057389 0.011748 0.022275
 0.889863 0.069092 0.009407 0.031638
 0.899225 0.057389 0.015258 0.028127
 0.915609 0.031643 0.019940 0.032808

MOTIF 7-RCCTCRGCCTCCCRA STREME-7
letter-probability matrix: alength= 4 w= 15 nsites= 1253 E= 5.4e-023
 0.347674 0.015861 0.606540 0.029926
 0.006185 0.948908 0.000913 0.043994
 0.002668 0.952829 0.005309 0.039194
 0.002668 0.007947 0.004430 0.984955
 0.006185 0.826091 0.000034 0.167691
 0.551385 0.073096 0.317456 0.058063
 0.089203 0.006189 0.899303 0.005306
 0.007943 0.960488 0.005309 0.026259
 0.005306 0.944147 0.000913 0.049635
 0.008823 0.005309 0.003551 0.982317
 0.011461 0.936598 0.008826 0.043115
 0.010581 0.920771 0.012344 0.056304
 0.025529 0.714826 0.020257 0.239388
 0.541238 0.042239 0.395390 0.021133
 0.797817 0.014102 0.188051 0.000030

MOTIF 8-AGTGCAGTGGYG STREME-8
letter-probability matrix: alength= 4 w= 12 nsites= 681 E= 6.3e-019
 0.996552 0.003330 0.000062 0.000056
 0.143559 0.000062 0.856323 0.000056
 0.000056 0.000062 0.000062 0.999820
 0.070312 0.000062 0.924668 0.004957
 0.000056 0.993291 0.000062 0.006591
 0.966990 0.003330 0.029624 0.000056
 0.193434 0.000062 0.806448 0.000056
 0.000056 0.000062 0.000062 0.999820
 0.011493 0.000062 0.988389 0.000056
 0.071420 0.000062 0.915391 0.013127
 0.000056 0.611176 0.000062 0.388706
 0.188486 0.008269 0.763662 0.039583

MOTIF 9-GGAGRATCRCTTGAR STREME-9
letter-probability matrix: alength= 4 w= 15 nsites= 929 E= 1.4e-018
 0.056471 0.012587 0.902058 0.028884
 0.041423 0.008826 0.943439 0.006312
 0.830684 0.082809 0.013108 0.073399
 0.016344 0.006318 0.976042 0.001297
 0.506535 0.006318 0.484596 0.002551
 0.979798 0.006318 0.012587 0.001297
 0.000043 0.017603 0.001302 0.981052
 0.011328 0.688885 0.045190 0.254596
 0.396187 0.031917 0.541758 0.030138
 0.015090 0.920867 0.005064 0.058979
 0.018852 0.114052 0.026381 0.840716
 0.002551 0.005064 0.013841 0.978544
 0.038915 0.011333 0.942185 0.007566
 0.977290 0.000048 0.021365 0.001297
 0.498385 0.012587 0.477700 0.011328

MOTIF 10-WAAAYAAAYA STREME-10
letter-probability matrix: alength= 4 w= 10 nsites= 2578 E= 1.1e-016
 0.576007 0.034008 0.047828 0.342157
 0.776298 0.000043 0.221413 0.002246
 0.699823 0.000043 0.237559 0.062575
 0.721570 0.072140 0.114015 0.092275
 0.000039 0.664562 0.000043 0.335356
 0.986700 0.000043 0.003690 0.009567
 0.999875 0.000043 0.000043 0.000039
 0.999875 0.000043 0.000043 0.000039
 0.000039 0.655391 0.000043 0.344527
 0.988021 0.011897 0.000043 0.000039

MOTIF 11-CCCCGCCCCCN STREME-11
letter-probability matrix: alength= 4 w= 11 nsites= 2316 E= 6.9e-015
 0.000036 0.999888 0.000040 0.000036
 0.012949 0.986975 0.000040 0.000036
 0.006057 0.993867 0.000040 0.000036
 0.000036 0.999888 0.000040 0.000036
 0.230437 0.000040 0.537486 0.232037
 0.098012 0.891612 0.000040 0.010336
 0.006555 0.978416 0.014993 0.000036
 0.006798 0.878061 0.012714 0.102428
 0.091912 0.864957 0.009553 0.033578
 0.088208 0.652088 0.138317 0.121387
 0.329748 0.296373 0.184465 0.189413

MOTIF 12-CTTTGATCTY STREME-12
letter-probability matrix: alength= 4 w= 10 nsites= 2378 E= 1.9e-010
 0.000044 0.986638 0.013273 0.000044
 0.109125 0.111939 0.005084 0.773852
 0.009668 0.000050 0.000050 0.990233
 0.000044 0.026473 0.000050 0.973433
 0.000044 0.145678 0.854233 0.000044
 0.901118 0.033161 0.029641 0.036079
 0.203061 0.152752 0.000050 0.644137
 0.000044 0.719437 0.102061 0.178457
 0.091213 0.101519 0.011210 0.796058
 0.121780 0.391021 0.096178 0.391022

MOTIF 13-AAAAATTAGCCRGG STREME-13
letter-probability matrix: alength= 4 w= 14 nsites= 415 E= 9.0e-009
 0.928894 0.039106 0.019606 0.012394
 0.991336 0.008463 0.000106 0.000095
 0.971836 0.002892 0.002892 0.022380
 0.956751 0.027963 0.006834 0.008452
 0.971836 0.002892 0.016820 0.008452
 0.008452 0.011249 0.005678 0.974621
 0.002880 0.019133 0.014035 0.963952
 0.985764 0.002892 0.011249 0.000095
 0.047452 0.014035 0.921704 0.016809
 0.005666 0.952347 0.019606 0.022380
 0.005666 0.729490 0.005678 0.259166
 0.448121 0.008463 0.504320 0.039095
 0.041880 0.008463 0.941204 0.008452
 0.022380 0.025178 0.932847 0.019595

MOTIF 14-RTTRYRYAAY STREME-14
letter-probability matrix: alength= 4 w= 10 nsites= 709 E= 3.0e-008
 0.426663 0.113075 0.460150 0.000112
 0.000112 0.000126 0.000126 0.999637
 0.000112 0.000126 0.000126 0.999637
 0.444061 0.000126 0.555702 0.000112
 0.105864 0.530522 0.000126 0.363489
 0.363489 0.000126 0.530522 0.105864
 0.000112 0.555702 0.000126 0.444061
 0.999637 0.000126 0.000126 0.000112
 0.999637 0.000126 0.000126 0.000112
 0.000112 0.460150 0.113075 0.426663

MOTIF 15-AATCATTAAC STREME-15
letter-probability matrix: alength= 4 w= 10 nsites= 574 E= 3.8e-007
 0.999580 0.000145 0.000145 0.000130
 0.818863 0.048090 0.000145 0.132902
 0.178834 0.047958 0.000145 0.773062
 0.058030 0.480308 0.230128 0.231534
 0.996645 0.000145 0.003080 0.000130
 0.015815 0.000145 0.000145 0.983895
 0.000130 0.000145 0.000145 0.999580
 0.660578 0.049547 0.086873 0.203002
 0.984386 0.000145 0.000145 0.015323
 0.000130 0.954739 0.000145 0.044986

MOTIF 16-AAATCASTGYC STREME-16
letter-probability matrix: alength= 4 w= 11 nsites= 1410 E= 4.0e-007
 0.703190 0.159650 0.000048 0.137112
 0.982205 0.017705 0.000048 0.000043
 0.958198 0.000048 0.041711 0.000043
 0.000043 0.000048 0.000048 0.999862
 0.016458 0.983452 0.000048 0.000043
 0.656672 0.038052 0.064401 0.240875
 0.113504 0.461981 0.424472 0.000043
 0.097212 0.007566 0.007163 0.888060
 0.159280 0.000048 0.592902 0.247770
 0.169381 0.495644 0.000048 0.334927
 0.231464 0.483569 0.046932 0.238035

MOTIF 17-CAAGGTCA STREME-17
letter-probability matrix: alength= 4 w= 8 nsites= 2110 E= 7.8e-007
 0.059268 0.740796 0.114893 0.085043
 0.843534 0.000186 0.116697 0.039583
 0.916456 0.000186 0.083192 0.000166
 0.000166 0.027469 0.972199 0.000166
 0.000166 0.000186 0.999481 0.000166
 0.107192 0.107027 0.000186 0.785595
 0.000166 0.922675 0.000186 0.076972
 0.882564 0.000186 0.080490 0.036760

MOTIF 18-AAAAAAARAAAAAAA STREME-18
letter-probability matrix: alength= 4 w= 15 nsites= 405 E= 2.5e-006
 0.879763 0.023576 0.058365 0.038297
 0.914951 0.013731 0.064039 0.007279
 0.807798 0.100933 0.065728 0.025540
 0.936027 0.004319 0.044693 0.014961
 0.939946 0.024758 0.032223 0.003073
 0.978868 0.003085 0.000113 0.017933
 0.969952 0.000113 0.023889 0.006045
 0.336554 0.144853 0.476884 0.041709
 0.989467 0.000113 0.008524 0.001895
 0.969380 0.014973 0.000686 0.014961
 0.953859 0.006057 0.037011 0.003073
 0.833468 0.014973 0.151458 0.000101
 0.798036 0.092246 0.106645 0.003073
 0.879527 0.025997 0.092547 0.001929
 0.927029 0.036735 0.036135 0.000101

MOTIF 19-AGTCTCGCTC STREME-19
letter-probability matrix: alength= 4 w= 10 nsites= 316 E= 7.5e-006
 0.982407 0.006410 0.010899 0.000285
 0.019257 0.001200 0.965720 0.013823
 0.002618 0.005940 0.002552 0.988890
 0.004711 0.947242 0.003141 0.044906
 0.004711 0.005885 0.003141 0.986263
 0.037968 0.761676 0.018817 0.181539
 0.222054 0.020123 0.757667 0.000155
 0.001033 0.982432 0.003141 0.013395
 0.003122 0.001475 0.000212 0.995190
 0.009267 0.951738 0.026126 0.012869

MOTIF 20-KAGATAAGA STREME-20
letter-probability matrix: alength= 4 w= 9 nsites= 1232 E= 1.5e-005
 0.066325 0.174483 0.486117 0.273074
 0.797607 0.082497 0.001797 0.118098
 0.000119 0.010533 0.989229 0.000119
 0.944997 0.016904 0.020788 0.017310
 0.000119 0.000133 0.000133 0.999615
 0.987516 0.000133 0.000133 0.012218
 0.959376 0.026248 0.009700 0.004677
 0.000119 0.109568 0.790631 0.099682
 0.565407 0.179878 0.236919 0.017797

MOTIF 21-RTGACTCA STREME-21
letter-probability matrix: alength= 4 w= 8 nsites= 831 E= 4.0e-005
 0.344422 0.000238 0.655128 0.000212
 0.000212 0.006971 0.000238 0.992579
 0.000757 0.000238 0.978365 0.020640
 0.999312 0.000238 0.000238 0.000212
 0.000212 0.999338 0.000238 0.000212
 0.000212 0.000238 0.014153 0.985397
 0.094440 0.880197 0.000238 0.025125
 0.992587 0.000238 0.006963 0.000212

MOTIF 22-TCAGGAGTTCRAG STREME-22
letter-probability matrix: alength= 4 w= 13 nsites= 409 E= 4.7e-005
 0.002718 0.330593 0.000100 0.666589
 0.005347 0.991835 0.000100 0.002718
 0.969703 0.005358 0.024850 0.000089
 0.063180 0.001191 0.935539 0.000089
 0.044778 0.007987 0.944517 0.002718
 0.990733 0.000100 0.005358 0.003809
 0.018491 0.000100 0.978691 0.002718
 0.118384 0.007987 0.000100 0.873529
 0.000089 0.000100 0.000100 0.999710
 0.007976 0.765716 0.051468 0.174841
 0.419154 0.023759 0.549111 0.007976
 0.991824 0.000100 0.000100 0.007976
 0.002718 0.010615 0.983948 0.002718

MOTIF 23-GGTTTCACCA STREME-23
letter-probability matrix: alength= 4 w= 10 nsites= 214 E= 3.7e-004
 0.000235 0.000264 0.999265 0.000235
 0.000235 0.000264 0.999265 0.000235
 0.000235 0.000264 0.000264 0.999237
 0.063343 0.000264 0.000264 0.936130
 0.000235 0.000264 0.000264 0.999237
 0.000235 0.999265 0.000264 0.000235
 0.846505 0.000264 0.152996 0.000235
 0.000235 0.999265 0.000264 0.000235
 0.000235 0.913786 0.000264 0.085715
 0.881313 0.000264 0.118188 0.000235

MOTIF 24-GTAGCTGGGAC STREME-24
letter-probability matrix: alength= 4 w= 11 nsites= 384 E= 3.7e-004
 0.075947 0.013250 0.910696 0.000107
 0.000107 0.042059 0.000119 0.957716
 0.963649 0.013947 0.022297 0.000107
 0.037690 0.010119 0.952085 0.000107
 0.000107 0.984240 0.004944 0.010709
 0.000107 0.007683 0.000119 0.992091
 0.096432 0.000119 0.903342 0.000107
 0.070912 0.005375 0.914210 0.009502
 0.085607 0.015779 0.892244 0.006370
 0.970864 0.000119 0.013250 0.015766
 0.016211 0.877610 0.025175 0.081005

MOTIF 25-MGGAAGTGA STREME-25
letter-probability matrix: alength= 4 w= 9 nsites= 1804 E= 7.3e-004
 0.650587 0.327183 0.014757 0.007473
 0.000092 0.025556 0.968445 0.005906
 0.012042 0.000103 0.974807 0.013049
 0.977092 0.019951 0.000103 0.002855
 0.991175 0.005678 0.000103 0.003045
 0.201036 0.015378 0.783494 0.000092
 0.026489 0.041110 0.054746 0.877655
 0.054674 0.114096 0.767795 0.063435
 0.649489 0.138575 0.207368 0.004568

MOTIF 26-CACTGCAACCTCCR STREME-26
letter-probability matrix: alength= 4 w= 14 nsites= 270 E= 7.4e-004
 0.000135 0.947986 0.000151 0.051728
 0.979719 0.000151 0.019995 0.000135
 0.004104 0.963861 0.004120 0.027916
 0.004104 0.055712 0.005767 0.934417
 0.075540 0.000151 0.924174 0.000135
 0.019978 0.924174 0.000151 0.055696
 0.963845 0.023963 0.012057 0.000135
 0.902668 0.019995 0.065297 0.012041
 0.039822 0.757491 0.146992 0.055696
 0.016010 0.920206 0.000151 0.063634
 0.008072 0.016026 0.004120 0.971782
 0.012041 0.947986 0.012057 0.027916
 0.023947 0.660596 0.000151 0.315306
 0.321596 0.059681 0.593128 0.025594

MOTIF 27-AGACAGGGTCTCRCT STREME-27
letter-probability matrix: alength= 4 w= 15 nsites= 117 E= 1.1e-003
 0.955619 0.000331 0.017701 0.026350
 0.078458 0.043755 0.842752 0.035034
 0.912195 0.035070 0.017701 0.035034
 0.008980 0.816698 0.009016 0.165306
 0.781924 0.017701 0.182711 0.017665
 0.026350 0.026385 0.929600 0.017665
 0.121882 0.000331 0.851437 0.026350
 0.139252 0.000331 0.860122 0.000295
 0.026350 0.000331 0.000331 0.972988
 0.017665 0.903546 0.000331 0.078458
 0.000295 0.000331 0.000331 0.999043
 0.008980 0.729851 0.061124 0.200045
 0.573489 0.078494 0.321667 0.026350
 0.008980 0.912231 0.017701 0.061089
 0.008980 0.017701 0.009016 0.964303

MOTIF 28-GCCGCCGCCGCC STREME-28
letter-probability matrix: alength= 4 w= 12 nsites= 478 E= 1.2e-003
 0.000110 0.060771 0.916717 0.022403
 0.078441 0.806715 0.000123 0.114720
 0.042957 0.898969 0.011491 0.046583
 0.013334 0.000123 0.986433 0.000110
 0.056370 0.821768 0.000123 0.121738
 0.000110 0.820257 0.118534 0.061099
 0.100965 0.000123 0.898802 0.000110
 0.074861 0.784245 0.000123 0.140771
 0.000110 0.999657 0.000123 0.000110
 0.000110 0.000123 0.970144 0.029623
 0.032799 0.937806 0.000123 0.029272
 0.000110 0.817028 0.114498 0.068364

MOTIF 29-GCAGTGAGCYRWGAT STREME-29
letter-probability matrix: alength= 4 w= 15 nsites= 176 E= 1.3e-003
 0.059378 0.000251 0.920430 0.019942
 0.006796 0.913857 0.006823 0.072523
 0.933548 0.006823 0.052832 0.006796
 0.006796 0.019969 0.973011 0.000224
 0.000224 0.006823 0.013396 0.979557
 0.033087 0.006823 0.953293 0.006796
 0.986130 0.000251 0.000251 0.013369
 0.046233 0.000251 0.946721 0.006796
 0.006796 0.933575 0.000251 0.059378
 0.006796 0.578649 0.013396 0.401159
 0.434022 0.019969 0.532640 0.013369
 0.585195 0.006823 0.013396 0.394586
 0.026514 0.000251 0.966439 0.006796
 0.959839 0.000251 0.026541 0.013369
 0.000224 0.039687 0.000251 0.959839

MOTIF 30-CCCAGCCCC STREME-30
letter-probability matrix: alength= 4 w= 9 nsites= 2527 E= 1.9e-003
 0.000135 0.970030 0.000151 0.029684
 0.000135 0.999579 0.000151 0.000135
 0.000135 0.973853 0.017182 0.008830
 0.696342 0.033540 0.113027 0.157091
 0.000135 0.018314 0.784607 0.196944
 0.026874 0.972840 0.000151 0.000135
 0.055193 0.796728 0.115605 0.032474
 0.000135 0.816085 0.000151 0.183629
 0.078792 0.867178 0.017061 0.036968

MOTIF 31-CCACCAGGGGGCGC STREME-31
letter-probability matrix: alength= 4 w= 14 nsites= 244 E= 2.3e-003
 0.066694 0.913954 0.019190 0.000162
 0.000162 0.969009 0.030667 0.000162
 0.634635 0.023943 0.279481 0.061942
 0.009666 0.715444 0.274728 0.000162
 0.023923 0.690595 0.157008 0.128474
 0.983247 0.000181 0.016410 0.000162
 0.000162 0.000181 0.999496 0.000162
 0.302780 0.000181 0.696877 0.000162
 0.023923 0.019190 0.677868 0.279019
 0.000162 0.000181 0.999496 0.000162
 0.023923 0.000181 0.932963 0.042933
 0.009666 0.989991 0.000181 0.000162
 0.233025 0.000181 0.766632 0.000162
 0.047685 0.702879 0.220760 0.028676

MOTIF 32-ACACACACACACA STREME-32
letter-probability matrix: alength= 4 w= 13 nsites= 385 E= 5.8e-003
 0.990976 0.000180 0.008684 0.000160
 0.132689 0.796890 0.000180 0.070241
 0.947084 0.020985 0.031771 0.000160
 0.010039 0.754375 0.168097 0.067488
 0.866438 0.000180 0.106240 0.027142
 0.003412 0.980276 0.000180 0.016132
 0.935214 0.014317 0.050309 0.000160
 0.064550 0.752921 0.014317 0.168212
 0.935025 0.000180 0.063241 0.001555
 0.000160 0.951342 0.000180 0.048318
 0.864096 0.054034 0.036142 0.045729
 0.063761 0.806666 0.000180 0.129394
 0.889947 0.025817 0.078415 0.005821

MOTIF 33-CCACCACCACCAYC STREME-33
letter-probability matrix: alength= 4 w= 14 nsites= 204 E= 1.8e-002
 0.008070 0.946353 0.012054 0.033523
 0.027908 0.868647 0.063633 0.039811
 0.824689 0.023957 0.106603 0.044751
 0.012038 0.950321 0.000151 0.037490
 0.035844 0.852777 0.067601 0.043779
 0.734069 0.075536 0.128762 0.061633
 0.027908 0.890806 0.017668 0.063617
 0.019973 0.902709 0.019989 0.057328
 0.636563 0.132730 0.132055 0.098651
 0.035844 0.817742 0.081151 0.065264
 0.051714 0.876582 0.059666 0.012038
 0.668642 0.142312 0.085118 0.103929
 0.091390 0.270585 0.203473 0.434551
 0.067585 0.786675 0.108250 0.037490

MOTIF 34-CAAGATGGCGGC STREME-34
letter-probability matrix: alength= 4 w= 12 nsites= 195 E= 3.1e-002
 0.042549 0.615757 0.238654 0.103040
 0.940357 0.000231 0.041060 0.018353
 0.900038 0.042574 0.020888 0.036500
 0.066745 0.169604 0.727151 0.036500
 0.996823 0.000231 0.000231 0.002716
 0.000206 0.019543 0.000231 0.980021
 0.000206 0.000231 0.999358 0.000206
 0.000206 0.000231 0.999358 0.000206
 0.000206 0.989207 0.000231 0.010357
 0.016406 0.058774 0.900419 0.024402
 0.121187 0.051134 0.773033 0.054647
 0.144295 0.818975 0.000231 0.036500

MOTIF 35-GACYTTGSACY STREME-35
letter-probability matrix: alength= 4 w= 11 nsites= 955 E= 3.1e-002
 0.055613 0.000064 0.897663 0.046660
 0.999816 0.000064 0.000064 0.000057
 0.000057 0.999823 0.000064 0.000057
 0.012597 0.367618 0.037777 0.582009
 0.017453 0.086963 0.000064 0.895520
 0.028575 0.090177 0.000064 0.881185
 0.055043 0.000064 0.944837 0.000057
 0.176178 0.222042 0.431280 0.170500
 0.652518 0.230216 0.000064 0.117203
 0.050245 0.800255 0.085564 0.063936
 0.137236 0.391048 0.037930 0.433786

MOTIF 36-WRAGTCAAYAV STREME-36
letter-probability matrix: alength= 4 w= 11 nsites= 476 E= 5.3e-002
 0.553925 0.033658 0.000123 0.412293
 0.578792 0.000123 0.368204 0.052880
 0.657265 0.030610 0.013076 0.299048
 0.239446 0.000123 0.760320 0.000110
 0.000110 0.000123 0.000123 0.999643
 0.000110 0.999656 0.000123 0.000110
 0.999643 0.000123 0.000123 0.000110
 0.999643 0.000123 0.000123 0.000110
 0.000110 0.641767 0.000123 0.357999
 0.999643 0.000123 0.000123 0.000110
 0.445327 0.234109 0.320454 0.000110

MOTIF 37-ATGAATGAATG STREME-37
letter-probability matrix: alength= 4 w= 11 nsites= 82 E= 1.4e-001
 0.833545 0.000484 0.063967 0.102004
 0.000432 0.006832 0.000484 0.992252
 0.016750 0.038574 0.880762 0.063915
 0.940951 0.000484 0.051270 0.007295
 0.983458 0.013181 0.000484 0.002878
 0.000432 0.000484 0.000484 0.998600
 0.008050 0.031147 0.922282 0.038521
 0.936950 0.013180 0.028132 0.021738
 0.997418 0.001666 0.000484 0.000432
 0.000432 0.025877 0.051270 0.922421
 0.005322 0.063967 0.920757 0.009954

MOTIF 38-AGGGAGGGG STREME-38
letter-probability matrix: alength= 4 w= 9 nsites= 1044 E= 2.8e-001
 0.986645 0.012494 0.000455 0.000406
 0.004896 0.023257 0.971422 0.000425
 0.000406 0.000659 0.994612 0.004323
 0.032480 0.000455 0.940274 0.026791
 0.651126 0.137911 0.000455 0.210508
 0.090180 0.015290 0.846489 0.048041
 0.000406 0.023420 0.927713 0.048462
 0.000406 0.009717 0.974702 0.015175
 0.081321 0.000455 0.902690 0.015534

MOTIF 39-CCCTGACCC STREME-39
letter-probability matrix: alength= 4 w= 9 nsites= 872 E= 2.9e-001
 0.099338 0.850918 0.032089 0.017654
 0.056196 0.823362 0.002575 0.117867
 0.032727 0.820583 0.027440 0.119250
 0.063734 0.010745 0.013676 0.911845
 0.057997 0.000395 0.929127 0.012481
 0.998859 0.000395 0.000395 0.000352
 0.005103 0.992783 0.000395 0.001719
 0.000352 0.905564 0.024745 0.069339
 0.008010 0.954511 0.008886 0.028593

MOTIF 40-CCCAGC STREME-40
letter-probability matrix: alength= 4 w= 6 nsites= 4054 E= 3.5e-001
 0.021436 0.933109 0.024018 0.021436
 0.021436 0.933109 0.024018 0.021436
 0.021436 0.933109 0.024018 0.021436
 0.930527 0.024018 0.024018 0.021436
 0.021436 0.024018 0.933109 0.021436
 0.021436 0.933109 0.024018 0.021436

MOTIF 41-CMGGAAGC STREME-41
letter-probability matrix: alength= 4 w= 8 nsites= 980 E= 3.5e-001
 0.000482 0.926042 0.000540 0.072937
 0.568207 0.318172 0.113140 0.000482
 0.000482 0.019770 0.972174 0.007574
 0.000482 0.000540 0.996849 0.002130
 0.980517 0.000540 0.000540 0.018404
 0.985761 0.013218 0.000540 0.000482
 0.000482 0.000540 0.998497 0.000482
 0.000482 0.998497 0.000540 0.000482

MOTIF 42-GCTGCAGC STREME-42
letter-probability matrix: alength= 4 w= 8 nsites= 1519 E= 3.9e-001
 0.138866 0.001008 0.821954 0.038172
 0.005892 0.987891 0.005296 0.000922
 0.104316 0.142156 0.018155 0.735374
 0.004680 0.001008 0.992126 0.002186
 0.002186 0.992126 0.001008 0.004680
 0.735374 0.018155 0.142156 0.104316
 0.000922 0.005296 0.987891 0.005892
 0.038172 0.821954 0.001008 0.138866

MOTIF 43-GCGCATGCGC STREME-43
letter-probability matrix: alength= 4 w= 10 nsites= 279 E= 4.7e-001
 0.039618 0.005993 0.954140 0.000249
 0.066164 0.927666 0.003941 0.002229
 0.009093 0.001763 0.987899 0.001246
 0.002229 0.996480 0.000336 0.000955
 0.754298 0.133653 0.087187 0.024862
 0.024862 0.087187 0.133653 0.754298
 0.000955 0.000336 0.996480 0.002229
 0.001246 0.987899 0.001763 0.009093
 0.002229 0.003941 0.927666 0.066164
 0.000249 0.954140 0.005993 0.039618

MOTIF 44-VCCACGTGGB STREME-44
letter-probability matrix: alength= 4 w= 10 nsites= 809 E= 5.6e-001
 0.212047 0.408203 0.233490 0.146260
 0.090531 0.633754 0.178157 0.097558
 0.003161 0.979334 0.015719 0.001786
 0.999491 0.000176 0.000176 0.000157
 0.000157 0.999510 0.000176 0.000157
 0.000157 0.000176 0.999510 0.000157
 0.000157 0.000176 0.000176 0.999491
 0.001786 0.015719 0.979334 0.003161
 0.097558 0.178157 0.633754 0.090531
 0.146260 0.233490 0.408203 0.212047

MOTIF 45-CCTCGTGATCCRCC STREME-45
letter-probability matrix: alength= 4 w= 14 nsites= 79 E= 5.7e-001
 0.000499 0.998442 0.000559 0.000499
 0.000499 0.983767 0.000559 0.015174
 0.000499 0.000559 0.000559 0.998382
 0.000499 0.807671 0.000559 0.191271
 0.103222 0.015234 0.881044 0.000499
 0.000499 0.015234 0.000559 0.983707
 0.015174 0.000559 0.983767 0.000499
 0.998382 0.000559 0.000559 0.000499
 0.000499 0.000559 0.000559 0.998382
 0.000499 0.939743 0.015234 0.044523
 0.000499 0.837020 0.015234 0.147247
 0.440742 0.000559 0.558200 0.000499
 0.000499 0.954418 0.000559 0.044523
 0.015174 0.954418 0.000559 0.029849

MOTIF 46-GCCTCAGTTTCCYCA STREME-46
letter-probability matrix: alength= 4 w= 15 nsites= 72 E= 5.7e-001
 0.039846 0.000501 0.959207 0.000447
 0.013580 0.854143 0.000501 0.131776
 0.026713 0.801611 0.000501 0.171175
 0.000447 0.000501 0.013634 0.985419
 0.013580 0.985473 0.000501 0.000447
 0.749026 0.131830 0.118697 0.000447
 0.026713 0.013634 0.893542 0.066112
 0.026713 0.000501 0.039899 0.932887
 0.013580 0.000501 0.013634 0.972286
 0.039846 0.013634 0.026767 0.919754
 0.026713 0.867276 0.000501 0.105510
 0.039846 0.906675 0.000501 0.052979
 0.000447 0.368224 0.000501 0.630829
 0.000447 0.867276 0.026767 0.105510
 0.775292 0.066165 0.158096 0.000447

MOTIF 47-CCTCCTCCTCCTC STREME-47
letter-probability matrix: alength= 4 w= 13 nsites= 173 E= 6.1e-001
 0.000239 0.977225 0.007308 0.015228
 0.035436 0.942939 0.021386 0.000239
 0.077671 0.000268 0.226663 0.695398
 0.043831 0.913426 0.021386 0.021357
 0.000239 0.784529 0.053063 0.162169
 0.007279 0.000268 0.166890 0.825563
 0.015154 0.977299 0.000268 0.007279
 0.007279 0.847151 0.073582 0.071988
 0.000239 0.000268 0.053626 0.945866
 0.000239 0.776759 0.066543 0.156459
 0.024279 0.925939 0.049543 0.000239
 0.000239 0.000268 0.127001 0.872491
 0.028396 0.971096 0.000268 0.000239

MOTIF 48-CCCGCCCCGGCC STREME-48
letter-probability matrix: alength= 4 w= 12 nsites= 696 E= 8.6e-001
 0.030161 0.896524 0.037937 0.035379
 0.060906 0.786492 0.086863 0.065739
 0.018076 0.975931 0.005867 0.000126
 0.035285 0.000142 0.946497 0.018076
 0.003211 0.816558 0.145196 0.035034
 0.064554 0.819689 0.081144 0.034613
 0.076508 0.755810 0.135254 0.032429
 0.025416 0.872539 0.101919 0.000126
 0.023966 0.065388 0.894542 0.016104
 0.038036 0.122068 0.766006 0.073890
 0.044659 0.812408 0.086660 0.056274
 0.004347 0.932449 0.063078 0.000126

MOTIF 49-CCAGAGTCCA STREME-49
letter-probability matrix: alength= 4 w= 10 nsites= 284 E= 9.2e-001
 0.123535 0.690746 0.089873 0.095847
 0.003372 0.948999 0.001668 0.045961
 0.971423 0.025624 0.002520 0.000432
 0.000432 0.013197 0.958764 0.027606
 0.944316 0.044677 0.010575 0.000432
 0.029727 0.084885 0.771333 0.114055
 0.000432 0.000485 0.000485 0.998598
 0.031918 0.967165 0.000485 0.000432
 0.016522 0.956072 0.005760 0.021646
 0.996276 0.000485 0.002807 0.000432

MOTIF 50-ACATTCC STREME-50
letter-probability matrix: alength= 4 w= 7 nsites= 679 E= 9.3e-001
 0.930527 0.024018 0.024018 0.021436
 0.021436 0.933109 0.024018 0.021436
 0.930527 0.024018 0.024018 0.021436
 0.021436 0.024018 0.024018 0.930527
 0.021436 0.024018 0.024018 0.930527
 0.021436 0.933109 0.024018 0.021436
 0.021436 0.933109 0.024018 0.021436

MOTIF 51-ATCGAT STREME-51
letter-probability matrix: alength= 4 w= 6 nsites= 130 E= 9.6e-001
 0.930527 0.024018 0.024018 0.021436
 0.021436 0.024018 0.024018 0.930527
 0.021436 0.933109 0.024018 0.021436
 0.021436 0.024018 0.933109 0.021436
 0.930527 0.024018 0.024018 0.021436
 0.021436 0.024018 0.024018 0.930527

MOTIF 52-AAATATTTRTTGAR STREME-52
letter-probability matrix: alength= 4 w= 14 nsites= 134 E= 1.1e+000
 0.719747 0.093429 0.076501 0.110323
 0.922889 0.000323 0.076501 0.000288
 0.812854 0.068036 0.101893 0.017216
 0.000288 0.118822 0.000323 0.880568
 0.778997 0.000323 0.220393 0.000288
 0.008752 0.008787 0.000323 0.982138
 0.017216 0.000323 0.000323 0.982138
 0.000288 0.000323 0.000323 0.999067
 0.355786 0.000323 0.643604 0.000288
 0.076466 0.000323 0.000323 0.922889
 0.178037 0.000323 0.025715 0.795925
 0.203429 0.000323 0.795960 0.000288
 0.973674 0.000323 0.000323 0.025681
 0.499677 0.017251 0.423534 0.059538

MOTIF 53-CAGCAGCAGCAGC STREME-53
letter-probability matrix: alength= 4 w= 13 nsites= 137 E= 1.1e+000
 0.011278 0.949763 0.005869 0.033091
 0.786432 0.041983 0.171213 0.000371
 0.022184 0.000416 0.944310 0.033091
 0.000371 0.966123 0.000416 0.033091
 0.864954 0.044042 0.009761 0.081243
 0.003319 0.037662 0.925929 0.033091
 0.011278 0.955216 0.000416 0.033091
 0.845215 0.070381 0.084032 0.000371
 0.000371 0.096721 0.865291 0.037617
 0.011278 0.933403 0.044042 0.011278
 0.889732 0.011322 0.098574 0.000371
 0.140302 0.000416 0.767132 0.092150
 0.000371 0.986641 0.000416 0.012572

MOTIF 54-TATTTTTAGTAGAR STREME-54
letter-probability matrix: alength= 4 w= 14 nsites= 69 E= 1.1e+000
 0.012743 0.049765 0.012793 0.924699
 0.900051 0.049765 0.049765 0.000419
 0.012743 0.037441 0.025117 0.924699
 0.000419 0.000470 0.000470 0.998641
 0.000419 0.012793 0.037441 0.949346
 0.012743 0.049765 0.000470 0.937023
 0.012743 0.037441 0.012793 0.937023
 0.900051 0.000470 0.037441 0.062038
 0.074362 0.000470 0.887778 0.037390
 0.037390 0.062088 0.062088 0.838433
 0.961670 0.000470 0.025117 0.012743
 0.025067 0.111383 0.863131 0.000419
 0.937023 0.000470 0.012793 0.049714
 0.320836 0.074412 0.555038 0.049714

MOTIF 55-TCTCTGATAAAACA STREME-55
letter-probability matrix: alength= 4 w= 14 nsites= 28 E= 1.1e+000
 0.001777 0.054226 0.001991 0.942006
 0.054012 0.942220 0.001991 0.001777
 0.001777 0.001991 0.001991 0.994241
 0.001777 0.994455 0.001991 0.001777
 0.001777 0.001991 0.001991 0.994241
 0.001777 0.001991 0.994455 0.001777
 0.889771 0.001991 0.054226 0.054012
 0.001777 0.054226 0.001991 0.942006
 0.994241 0.001991 0.001991 0.001777
 0.942006 0.054226 0.001991 0.001777
 0.994241 0.001991 0.001991 0.001777
 0.994241 0.001991 0.001991 0.001777
 0.001777 0.994455 0.001991 0.001777
 0.942006 0.001991 0.054226 0.001777

MOTIF 56-AGAAAGGAAG STREME-56
letter-probability matrix: alength= 4 w= 10 nsites= 566 E= 1.2e+000
 0.925183 0.008459 0.066081 0.000277
 0.000277 0.220278 0.759748 0.019697
 0.987601 0.011811 0.000311 0.000277
 0.862492 0.056013 0.043823 0.037672
 0.966120 0.008459 0.025144 0.000277
 0.000277 0.000311 0.999135 0.000277
 0.031424 0.122272 0.831482 0.014822
 0.994034 0.000311 0.000311 0.005345
 0.898809 0.100603 0.000311 0.000277
 0.157086 0.028298 0.790686 0.023930

MOTIF 57-AGATAAAS STREME-57
letter-probability matrix: alength= 4 w= 8 nsites= 511 E= 1.2e+000
 0.857735 0.141008 0.000664 0.000593
 0.000593 0.000664 0.998150 0.000593
 0.998078 0.000664 0.000664 0.000593
 0.000593 0.000664 0.000664 0.998078
 0.998078 0.000664 0.000664 0.000593
 0.998078 0.000664 0.000664 0.000593
 0.716424 0.091169 0.000664 0.191743
 0.000593 0.381509 0.617305 0.000593

MOTIF 58-CTCGGCTTCC STREME-58
letter-probability matrix: alength= 4 w= 10 nsites= 1253 E= 1.3e+000
 0.042269 0.836785 0.070772 0.050174
 0.051327 0.025882 0.052321 0.870470
 0.048995 0.911494 0.009401 0.030111
 0.004233 0.027788 0.899235 0.068745
 0.073153 0.047881 0.829503 0.049462
 0.079920 0.735891 0.105712 0.078478
 0.047961 0.083702 0.130389 0.737948
 0.054885 0.059090 0.093051 0.792974
 0.030210 0.859934 0.033255 0.076601
 0.027801 0.789406 0.124980 0.057812

MOTIF 59-TATTTCAYAA STREME-59
letter-probability matrix: alength= 4 w= 10 nsites= 102 E= 2.1e+000
 0.000838 0.000939 0.000939 0.997284
 0.997284 0.000939 0.000939 0.000838
 0.000838 0.000939 0.076846 0.921377
 0.014156 0.000939 0.000939 0.983966
 0.157695 0.000939 0.000939 0.840426
 0.000838 0.997385 0.000939 0.000838
 0.888515 0.000939 0.109708 0.000838
 0.000838 0.561003 0.000939 0.437220
 0.862917 0.000939 0.000939 0.135205
 0.997284 0.000939 0.000939 0.000838

MOTIF 60-CTAGGATTGCAACCC STREME-60
letter-probability matrix: alength= 4 w= 15 nsites= 26 E= 2.3e+000
 0.001689 0.945088 0.001892 0.051331
 0.001689 0.101176 0.001892 0.895243
 0.994527 0.001892 0.001892 0.001689
 0.001689 0.001892 0.994730 0.001689
 0.001689 0.051534 0.945088 0.001689
 0.994527 0.001892 0.001892 0.001689
 0.001689 0.051534 0.001892 0.944885
 0.001689 0.001892 0.001892 0.994527
 0.051331 0.001892 0.895447 0.051331
 0.001689 0.945088 0.001892 0.051331
 0.895243 0.051534 0.051534 0.001689
 0.944885 0.001892 0.001892 0.051331
 0.100973 0.895447 0.001892 0.001689
 0.051331 0.796163 0.001892 0.150614
 0.051331 0.895447 0.001892 0.051331

MOTIF 61-GTGACGTCATC STREME-61
letter-probability matrix: alength= 4 w= 11 nsites= 182 E= 2.3e+000
 0.044590 0.082892 0.833597 0.038920
 0.036567 0.038944 0.043353 0.881137
 0.074264 0.064941 0.724771 0.136024
 0.864255 0.028567 0.042260 0.064918
 0.018009 0.898356 0.017227 0.066409
 0.040976 0.017227 0.912794 0.029004
 0.083020 0.044614 0.011556 0.860809
 0.044590 0.888091 0.047762 0.019557
 0.899239 0.025250 0.025250 0.050261
 0.053577 0.106008 0.103455 0.736959
 0.093268 0.775865 0.095561 0.035306

MOTIF 62-CAAATTCCA STREME-62
letter-probability matrix: alength= 4 w= 9 nsites= 114 E= 2.3e+000
 0.021436 0.933109 0.024018 0.021436
 0.930527 0.024018 0.024018 0.021436
 0.930527 0.024018 0.024018 0.021436
 0.930527 0.024018 0.024018 0.021436
 0.021436 0.024018 0.024018 0.930527
 0.021436 0.024018 0.024018 0.930527
 0.021436 0.933109 0.024018 0.021436
 0.021436 0.933109 0.024018 0.021436
 0.930527 0.024018 0.024018 0.021436

MOTIF 63-CACGCCCGGCC STREME-63
letter-probability matrix: alength= 4 w= 11 nsites= 138 E= 2.3e+000
 0.000502 0.998434 0.000562 0.000502
 0.749390 0.000562 0.249546 0.000502
 0.000502 0.862765 0.000562 0.136171
 0.059499 0.000562 0.843914 0.096025
 0.000502 0.983685 0.000562 0.015251
 0.006623 0.992313 0.000562 0.000502
 0.000502 0.927194 0.000562 0.071742
 0.000502 0.047652 0.951345 0.000502
 0.003343 0.096085 0.895651 0.004920
 0.000502 0.998434 0.000562 0.000502
 0.000502 0.947159 0.000562 0.051777

MOTIF 64-CCTCCTCCC STREME-64
letter-probability matrix: alength= 4 w= 9 nsites= 2297 E= 2.4e+000
 0.000244 0.794314 0.076644 0.128797
 0.028431 0.875504 0.000274 0.095792
 0.100608 0.000274 0.000274 0.898844
 0.017329 0.982152 0.000274 0.000244
 0.000244 0.888271 0.033465 0.078019
 0.000244 0.000274 0.000274 0.999208
 0.051465 0.871099 0.000274 0.077162
 0.000244 0.999237 0.000274 0.000244
 0.000244 0.999237 0.000274 0.000244

MOTIF 65-CAGCACCDYGGACA STREME-65
letter-probability matrix: alength= 4 w= 14 nsites= 127 E= 2.6e+000
 0.020844 0.944310 0.034612 0.000234
 0.916802 0.075832 0.007132 0.000234
 0.007104 0.041482 0.944310 0.007104
 0.048324 0.827519 0.068962 0.055194
 0.985502 0.000262 0.014002 0.000234
 0.000234 0.941459 0.058074 0.000234
 0.000234 0.944310 0.000262 0.055194
 0.364346 0.007132 0.319136 0.309386
 0.089544 0.422186 0.123923 0.364346
 0.000234 0.000262 0.992401 0.007104
 0.068934 0.089573 0.834389 0.007104
 0.779401 0.144533 0.000262 0.075804
 0.000234 0.824668 0.174864 0.000234
 0.861842 0.000262 0.137663 0.000234

MOTIF 66-CCTCAGGTGATCTGC STREME-66
letter-probability matrix: alength= 4 w= 15 nsites= 74 E= 2.6e+000
 0.015873 0.875566 0.061987 0.046574
 0.000522 0.983020 0.015936 0.000522
 0.000522 0.031286 0.031286 0.936905
 0.000522 0.967669 0.000585 0.031223
 0.936905 0.031286 0.031286 0.000522
 0.154028 0.000585 0.798813 0.046574
 0.184729 0.000585 0.814164 0.000522
 0.000522 0.031286 0.015936 0.952256
 0.077275 0.000585 0.921618 0.000522
 0.967607 0.000585 0.000585 0.031223
 0.031223 0.184792 0.000585 0.783400
 0.000522 0.998370 0.000585 0.000522
 0.031223 0.261544 0.000585 0.706647
 0.215430 0.015936 0.737411 0.031223
 0.046574 0.875566 0.015936 0.061924

MOTIF 67-ATGGCGGCGAC STREME-67
letter-probability matrix: alength= 4 w= 11 nsites= 225 E= 2.9e+000
 0.717329 0.052749 0.176852 0.053070
 0.002377 0.124095 0.102365 0.771164
 0.000242 0.121548 0.877967 0.000242
 0.092859 0.024602 0.872215 0.010324
 0.007367 0.960665 0.003228 0.028740
 0.069193 0.000272 0.916045 0.014491
 0.175931 0.099648 0.662854 0.061567
 0.001615 0.926627 0.007396 0.064362
 0.007367 0.000272 0.977871 0.014491
 0.677812 0.141683 0.065609 0.114896
 0.021616 0.783249 0.098366 0.096769

MOTIF 68-AAATATTT STREME-68
letter-probability matrix: alength= 4 w= 8 nsites= 146 E= 3.4e+000
 0.930527 0.024018 0.024018 0.021436
 0.930527 0.024018 0.024018 0.021436
 0.930527 0.024018 0.024018 0.021436
 0.021436 0.024018 0.024018 0.930527
 0.930527 0.024018 0.024018 0.021436
 0.021436 0.024018 0.024018 0.930527
 0.021436 0.024018 0.024018 0.930527
 0.021436 0.024018 0.024018 0.930527

MOTIF 69-AAACAAAG STREME-69
letter-probability matrix: alength= 4 w= 8 nsites= 1968 E= 3.5e+000
 0.707113 0.001796 0.243388 0.047704
 0.837935 0.000325 0.138223 0.023517
 0.777590 0.020877 0.119639 0.081894
 0.000290 0.936328 0.000325 0.063057
 0.983101 0.003350 0.007488 0.006061
 0.990748 0.000325 0.000325 0.008601
 0.969304 0.000358 0.000325 0.030013
 0.000290 0.081783 0.885308 0.032619

MOTIF 70-CTCTCTCTCTCTCTC STREME-70
letter-probability matrix: alength= 4 w= 15 nsites= 209 E= 3.6e+000
 0.011804 0.765824 0.049057 0.173314
 0.000197 0.000221 0.000221 0.999360
 0.011804 0.961864 0.000221 0.026110
 0.000197 0.211063 0.105372 0.683367
 0.052428 0.831085 0.006025 0.110463
 0.000197 0.089681 0.029238 0.880883
 0.000197 0.883005 0.017631 0.099167
 0.036952 0.225569 0.104683 0.632796
 0.000197 0.976170 0.000221 0.023411
 0.000197 0.060190 0.029238 0.910374
 0.000197 0.946842 0.000221 0.052739
 0.087249 0.233936 0.058255 0.620560
 0.000197 0.792395 0.040845 0.166562
 0.027280 0.000221 0.035042 0.937457
 0.052428 0.915857 0.002501 0.029215

MOTIF 71-CTGCCCTCTGCCCT STREME-71
letter-probability matrix: alength= 4 w= 14 nsites= 87 E= 4.6e+000
 0.071712 0.851191 0.064808 0.012289
 0.000404 0.024222 0.000453 0.974921
 0.024173 0.093510 0.781903 0.100413
 0.059827 0.858143 0.017270 0.064760
 0.141000 0.705663 0.000453 0.152884
 0.000404 0.998738 0.000453 0.000404
 0.047943 0.131183 0.047991 0.772883
 0.000404 0.986854 0.012338 0.000404
 0.012289 0.057856 0.071760 0.858094
 0.071712 0.000453 0.927431 0.000404
 0.052875 0.783709 0.067935 0.095481
 0.024173 0.974969 0.000453 0.000404
 0.059827 0.922498 0.017270 0.000404
 0.095481 0.000453 0.012338 0.891729

MOTIF 72-CTTTGGGAGGCCGA STREME-72
letter-probability matrix: alength= 4 w= 14 nsites= 64 E= 8.0e+000
 0.000577 0.930374 0.034559 0.034490
 0.007614 0.000646 0.000646 0.991093
 0.034490 0.126380 0.034559 0.804571
 0.017533 0.034559 0.034559 0.913348
 0.068403 0.000646 0.896461 0.034490
 0.102316 0.000646 0.896461 0.000577
 0.017533 0.034559 0.930374 0.017533
 0.957180 0.024640 0.000646 0.017533
 0.017533 0.017603 0.964287 0.000577
 0.017533 0.051516 0.896461 0.034490
 0.000577 0.998200 0.000646 0.000577
 0.000577 0.743852 0.051516 0.204055
 0.254925 0.187168 0.540374 0.017533
 0.838484 0.034559 0.024640 0.102316

MOTIF 73-TGTGTACACA STREME-73
letter-probability matrix: alength= 4 w= 10 nsites= 60 E= 8.0e+000
 0.000960 0.004003 0.001076 0.993961
 0.251766 0.001076 0.746198 0.000960
 0.000960 0.004777 0.001076 0.993187
 0.000960 0.001076 0.997003 0.000960
 0.000960 0.001076 0.001076 0.996887
 0.996887 0.001076 0.001076 0.000960
 0.000960 0.997003 0.001076 0.000960
 0.993187 0.001076 0.004777 0.000960
 0.000960 0.746198 0.001076 0.251766
 0.993961 0.001076 0.004003 0.000960

********************************************************************************
Stopped because 3 consecutive motifs exceeded the p-value threshold (0.05).
********************************************************************************
COMMAND:	streme --verbosity 1 --oc meme_out_incomplete_DL/HepG2_GFI1-human_ENCFF821FDT/streme_out -dna --seed 0 --p meme_out_incomplete_DL/HepG2_GFI1-human_ENCFF821FDT/seqs-centered --minw 6 --maxw 15 --time 6177 --order 2 --thresh 0.05 --align center --totallength 4000000 --parse-genomic-coord
********************************************************************************
CPU:		9f05ee173ae9
********************************************************************************
FINALTIME:	3701.21 seconds
********************************************************************************
