********************************************************************************
STREME - Sensitive, Thorough, Rapid, Enriched Motif Elicitation
********************************************************************************
MEME version 5.5.3 (Release date: Sat Jun 10 16:19:38 2023 -0700)

For further information on how to interpret these results please access http://localhost:8080/meme_5.5.3.
To get a copy of the MEME Suite software please access https://meme-suite.org.

********************************************************************************


********************************************************************************
REFERENCE
********************************************************************************
If you use this program in your research, please cite:

Timothy L. Bailey,
"STREME: accurate and versatile sequence motif discovery",
Bioinformatics, Mar. 24, 2021.
********************************************************************************


ALPHABET= ACGT

strands: + -

Background letter frequencies
A 0.202 C 0.298 G 0.298 T 0.202 

MOTIF 1-KCCCCGCCCCC STREME-1
letter-probability matrix: alength= 4 w= 11 nsites= 5302 E= 1.3e-031
 0.103608 0.106035 0.502832 0.287524
 0.018559 0.960858 0.000026 0.020557
 0.021651 0.936018 0.000026 0.042305
 0.032866 0.962639 0.000026 0.004469
 0.000017 0.969157 0.000026 0.030800
 0.154993 0.000026 0.627042 0.217940
 0.093528 0.868792 0.006792 0.030889
 0.019937 0.980019 0.000026 0.000017
 0.000017 0.912636 0.000026 0.087320
 0.079711 0.841799 0.024626 0.053863
 0.069513 0.577180 0.179942 0.173365

MOTIF 2-CAAAGTYCA STREME-2
letter-probability matrix: alength= 4 w= 9 nsites= 2112 E= 2.2e-027
 0.000041 0.951442 0.000060 0.048456
 0.999838 0.000060 0.000060 0.000041
 0.899724 0.000060 0.083278 0.016938
 0.955072 0.000060 0.044827 0.000041
 0.000041 0.000060 0.999857 0.000041
 0.000041 0.000060 0.198376 0.801523
 0.036530 0.485011 0.196448 0.282011
 0.014278 0.957364 0.000060 0.028298
 0.822353 0.000060 0.000060 0.177526

MOTIF 3-AGTAAAYA STREME-3
letter-probability matrix: alength= 4 w= 8 nsites= 3092 E= 5.5e-026
 0.598878 0.000068 0.132716 0.268338
 0.134651 0.000068 0.865235 0.000046
 0.000046 0.255440 0.000068 0.744446
 0.952391 0.047495 0.000068 0.000046
 0.999818 0.000068 0.000068 0.000046
 0.999818 0.000068 0.000068 0.000046
 0.000046 0.658040 0.000068 0.341846
 0.999818 0.000068 0.000068 0.000046

MOTIF 4-AASATGGCGGCSGC STREME-4
letter-probability matrix: alength= 4 w= 14 nsites= 1493 E= 1.9e-023
 0.718782 0.018144 0.261463 0.001612
 0.660393 0.191649 0.053409 0.094549
 0.130083 0.306123 0.540738 0.023057
 0.927710 0.000034 0.072233 0.000023
 0.000023 0.080680 0.000034 0.919263
 0.000817 0.005594 0.993565 0.000023
 0.000817 0.000034 0.997537 0.001612
 0.019880 0.941279 0.000034 0.038807
 0.017032 0.062390 0.816311 0.104266
 0.129584 0.049541 0.787164 0.033712
 0.137163 0.794864 0.021015 0.046958
 0.128637 0.274191 0.482640 0.114531
 0.123861 0.197358 0.575637 0.103143
 0.107908 0.602667 0.161001 0.128424

MOTIF 5-RYCACGTGRY STREME-5
letter-probability matrix: alength= 4 w= 10 nsites= 2623 E= 1.5e-019
 0.274591 0.155641 0.465406 0.104363
 0.080684 0.405094 0.116179 0.398043
 0.025471 0.683906 0.217814 0.072808
 0.999903 0.000036 0.000036 0.000025
 0.000025 0.999915 0.000036 0.000025
 0.000025 0.000036 0.999915 0.000025
 0.000025 0.000036 0.000036 0.999903
 0.072808 0.217814 0.683906 0.025471
 0.398043 0.116179 0.405094 0.080684
 0.104363 0.465406 0.155641 0.274591

MOTIF 6-KRTTGCAYMAY STREME-6
letter-probability matrix: alength= 4 w= 11 nsites= 1142 E= 1.6e-013
 0.191178 0.175959 0.419387 0.213476
 0.598624 0.016170 0.385174 0.000032
 0.000032 0.000047 0.000047 0.999873
 0.007766 0.018185 0.030516 0.943534
 0.158207 0.000047 0.579603 0.262143
 0.000032 0.999888 0.000047 0.000032
 0.851063 0.008886 0.135574 0.004477
 0.218144 0.288455 0.000047 0.493353
 0.403801 0.596119 0.000047 0.000032
 0.997663 0.000047 0.002257 0.000032
 0.001268 0.397555 0.160147 0.441029

MOTIF 7-GAGGCBGVGGCRGSV STREME-7
letter-probability matrix: alength= 4 w= 15 nsites= 4160 E= 1.7e-009
 0.064999 0.000008 0.934806 0.000187
 0.586631 0.235331 0.099036 0.079002
 0.105965 0.008092 0.885938 0.000005
 0.037718 0.000008 0.959644 0.002631
 0.050371 0.896529 0.001829 0.051271
 0.143059 0.276303 0.221653 0.358985
 0.104243 0.000008 0.894834 0.000916
 0.373644 0.292347 0.250994 0.083015
 0.143209 0.033198 0.819506 0.004088
 0.140714 0.131613 0.694508 0.033165
 0.155838 0.544749 0.094267 0.205147
 0.267299 0.113057 0.476105 0.143539
 0.164182 0.052313 0.752739 0.030766
 0.120494 0.293476 0.586025 0.000005
 0.315810 0.211275 0.356787 0.116128

MOTIF 8-GCCTGTAATCCCA STREME-8
letter-probability matrix: alength= 4 w= 13 nsites= 405 E= 1.2e-007
 0.233325 0.005605 0.752759 0.008311
 0.016542 0.944935 0.000118 0.038406
 0.000080 0.953638 0.013836 0.032446
 0.008311 0.011092 0.013836 0.966761
 0.076435 0.002861 0.906905 0.013798
 0.000080 0.035786 0.022068 0.942066
 0.925604 0.005605 0.054993 0.013798
 0.768838 0.011092 0.214502 0.005567
 0.000080 0.016580 0.000118 0.983222
 0.016542 0.961829 0.002861 0.018768
 0.003962 0.932731 0.005605 0.057702
 0.000080 0.929990 0.002861 0.067069
 0.988710 0.000118 0.008349 0.002824

MOTIF 9-VCCGGAAGTGV STREME-9
letter-probability matrix: alength= 4 w= 11 nsites= 1742 E= 3.6e-007
 0.403728 0.231886 0.315946 0.048440
 0.033851 0.740071 0.188531 0.037548
 0.275494 0.724431 0.000045 0.000031
 0.000031 0.004324 0.995615 0.000031
 0.003603 0.000045 0.994710 0.001642
 0.991848 0.000045 0.000045 0.008062
 0.943122 0.002702 0.000045 0.054131
 0.021218 0.000045 0.978707 0.000031
 0.007071 0.123514 0.000045 0.869370
 0.154523 0.102523 0.660320 0.082634
 0.357253 0.206625 0.390757 0.045366

MOTIF 10-AAGGTCAMR STREME-10
letter-probability matrix: alength= 4 w= 9 nsites= 3284 E= 2.9e-006
 0.689641 0.000074 0.266807 0.043478
 0.999801 0.000074 0.000074 0.000050
 0.000050 0.006034 0.967192 0.026724
 0.144673 0.000074 0.699270 0.155983
 0.040373 0.000074 0.000074 0.959479
 0.080440 0.894634 0.000074 0.024852
 0.916292 0.000074 0.056836 0.026798
 0.429519 0.337091 0.117660 0.115730
 0.320091 0.130768 0.438120 0.111021

MOTIF 11-CCAGCCTGGGCRACA STREME-11
letter-probability matrix: alength= 4 w= 15 nsites= 328 E= 1.0e-005
 0.016705 0.936551 0.013429 0.033314
 0.006740 0.973090 0.000143 0.020027
 0.979688 0.000143 0.016751 0.003419
 0.036635 0.016751 0.900008 0.046606
 0.000097 0.959803 0.006786 0.033314
 0.006740 0.943195 0.016751 0.033314
 0.003419 0.013429 0.000143 0.983009
 0.033314 0.006786 0.946517 0.013383
 0.093108 0.000143 0.906653 0.000097
 0.028049 0.254005 0.711206 0.006740
 0.046602 0.697320 0.010108 0.245971
 0.580960 0.000143 0.395549 0.023349
 0.979687 0.000143 0.020073 0.000097
 0.008119 0.961747 0.013429 0.016705
 0.953114 0.013429 0.016751 0.016705

MOTIF 12-ACTACAWYTCCCA STREME-12
letter-probability matrix: alength= 4 w= 13 nsites= 193 E= 7.4e-005
 0.993557 0.000248 0.000248 0.005946
 0.000169 0.982082 0.000248 0.017501
 0.000169 0.000248 0.006026 0.993557
 0.961779 0.037805 0.000248 0.000169
 0.000169 0.993637 0.006026 0.000169
 0.860670 0.000248 0.121581 0.017501
 0.462461 0.069583 0.100868 0.367088
 0.081058 0.349864 0.123982 0.445096
 0.052167 0.052247 0.011803 0.883783
 0.000169 0.982082 0.011804 0.005946
 0.005946 0.993637 0.000248 0.000169
 0.023279 0.947416 0.000248 0.029057
 0.820217 0.000248 0.179366 0.000169

MOTIF 13-AGGGAGGGAGGGAGA STREME-13
letter-probability matrix: alength= 4 w= 15 nsites= 979 E= 1.6e-004
 0.837508 0.051531 0.070996 0.039964
 0.039618 0.013368 0.934252 0.012762
 0.102725 0.058730 0.816596 0.021950
 0.059558 0.072493 0.849260 0.018688
 0.911617 0.049531 0.000061 0.038791
 0.098060 0.032570 0.828339 0.041031
 0.156626 0.042224 0.775081 0.026070
 0.084295 0.077320 0.834103 0.004282
 0.828945 0.086041 0.054118 0.030897
 0.101329 0.033156 0.823071 0.042444
 0.225058 0.061425 0.673313 0.040204
 0.120999 0.080279 0.784547 0.014176
 0.743220 0.063546 0.141376 0.051858
 0.071647 0.061593 0.827969 0.038791
 0.590466 0.084828 0.278489 0.046218

MOTIF 14-GTGASTCAC STREME-14
letter-probability matrix: alength= 4 w= 9 nsites= 888 E= 1.8e-004
 0.124344 0.137590 0.730945 0.007122
 0.000128 0.003384 0.006506 0.989983
 0.010010 0.005505 0.975021 0.009464
 0.910461 0.003606 0.084463 0.001469
 0.001443 0.498557 0.498557 0.001443
 0.001469 0.084463 0.003606 0.910461
 0.009464 0.975021 0.005505 0.010010
 0.989983 0.006506 0.003384 0.000128
 0.007122 0.730945 0.137590 0.124344

MOTIF 15-CCASCAGRGGGCGC STREME-15
letter-probability matrix: alength= 4 w= 14 nsites= 390 E= 2.1e-004
 0.029683 0.884975 0.047132 0.038210
 0.000083 0.996870 0.002964 0.000083
 0.720612 0.005806 0.238696 0.034885
 0.009789 0.573810 0.416318 0.000083
 0.019495 0.730129 0.067218 0.183158
 0.999673 0.000122 0.000122 0.000083
 0.000083 0.002964 0.985502 0.011451
 0.355306 0.025701 0.618910 0.000083
 0.009789 0.014333 0.701443 0.274435
 0.005767 0.011490 0.982660 0.000083
 0.002925 0.000122 0.979817 0.017135
 0.096715 0.842217 0.000122 0.060946
 0.271815 0.005806 0.705243 0.017135
 0.000083 0.747875 0.203643 0.048399

MOTIF 16-GTCATCACCAC STREME-16
letter-probability matrix: alength= 4 w= 11 nsites= 153 E= 3.9e-004
 0.107413 0.017064 0.866926 0.008597
 0.033655 0.021175 0.000359 0.944811
 0.037122 0.881247 0.077921 0.003710
 0.835257 0.005434 0.142360 0.016949
 0.026489 0.108958 0.009845 0.854707
 0.062958 0.836016 0.047199 0.053827
 0.855480 0.031081 0.082473 0.030966
 0.060761 0.848422 0.045591 0.045226
 0.045475 0.816432 0.077333 0.060761
 0.943257 0.014376 0.042124 0.000244
 0.024072 0.795665 0.022728 0.157535

MOTIF 17-AGCCAATCRGAAG STREME-17
letter-probability matrix: alength= 4 w= 13 nsites= 216 E= 5.3e-004
 0.650479 0.025105 0.319292 0.005124
 0.146583 0.030084 0.816143 0.007190
 0.005124 0.979582 0.015149 0.000145
 0.020059 0.979582 0.000214 0.000145
 0.994449 0.000214 0.005192 0.000145
 0.979514 0.000214 0.020127 0.000145
 0.005124 0.005192 0.000214 0.989471
 0.084776 0.614740 0.295360 0.005124
 0.608090 0.000214 0.391551 0.000145
 0.010102 0.212680 0.777073 0.000145
 0.770310 0.000214 0.214396 0.015080
 0.652429 0.040040 0.307385 0.000145
 0.186409 0.223248 0.530457 0.059885

MOTIF 18-GCGCATGCGCA STREME-18
letter-probability matrix: alength= 4 w= 11 nsites= 556 E= 5.7e-004
 0.033459 0.000136 0.966312 0.000093
 0.117502 0.882269 0.000136 0.000093
 0.073649 0.000136 0.910231 0.015983
 0.000093 0.999678 0.000136 0.000093
 0.551141 0.188025 0.208142 0.052693
 0.000093 0.041898 0.063092 0.894917
 0.006448 0.000136 0.993323 0.000093
 0.000093 0.999678 0.000136 0.000093
 0.000093 0.016172 0.962965 0.020771
 0.000093 0.880350 0.000136 0.119421
 0.670211 0.000136 0.329560 0.000093

MOTIF 19-CCGTCTCTACWAAAA STREME-19
letter-probability matrix: alength= 4 w= 15 nsites= 216 E= 7.7e-004
 0.000198 0.910979 0.013881 0.074941
 0.006993 0.720697 0.034265 0.238045
 0.224467 0.013881 0.720685 0.040966
 0.006993 0.007086 0.007086 0.978834
 0.013788 0.972133 0.000292 0.013788
 0.006993 0.000292 0.020676 0.972040
 0.000198 0.985722 0.007086 0.006993
 0.068159 0.013881 0.007086 0.910873
 0.965245 0.007086 0.013881 0.013788
 0.088544 0.870198 0.013881 0.027377
 0.367135 0.034265 0.034265 0.564335
 0.972039 0.000292 0.013881 0.013788
 0.951656 0.020676 0.013881 0.013788
 0.992423 0.000292 0.007086 0.000198
 0.931271 0.020676 0.013881 0.034172

MOTIF 20-CCACCRCGCCCRGCY STREME-20
letter-probability matrix: alength= 4 w= 15 nsites= 283 E= 8.3e-004
 0.042799 0.945280 0.000167 0.011755
 0.000113 0.945280 0.000167 0.054440
 0.999553 0.000167 0.000167 0.000113
 0.000113 0.953041 0.019569 0.027277
 0.015635 0.832744 0.007928 0.143694
 0.658061 0.004047 0.337778 0.000113
 0.007874 0.685280 0.011808 0.295037
 0.273863 0.015689 0.710335 0.000113
 0.000113 0.968563 0.000167 0.031157
 0.000113 0.945280 0.011808 0.042799
 0.035038 0.669753 0.011808 0.283402
 0.339840 0.000167 0.624956 0.035038
 0.038918 0.000167 0.956922 0.003994
 0.015635 0.921997 0.015689 0.046679
 0.023396 0.332115 0.000167 0.644322

MOTIF 21-RAACAAAG STREME-21
letter-probability matrix: alength= 4 w= 8 nsites= 3623 E= 9.7e-004
 0.582070 0.000234 0.346352 0.071344
 0.667410 0.075092 0.165201 0.092298
 0.961647 0.000234 0.037959 0.000159
 0.000159 0.960676 0.000234 0.038931
 0.977504 0.000234 0.010486 0.011775
 0.999372 0.000234 0.000234 0.000159
 0.945412 0.000234 0.025848 0.028506
 0.060518 0.081299 0.835731 0.022452

MOTIF 22-CACACACACACACAC STREME-22
letter-probability matrix: alength= 4 w= 15 nsites= 166 E= 1.6e-003
 0.000220 0.969466 0.003056 0.027258
 0.976546 0.022910 0.000323 0.000220
 0.022807 0.886293 0.090680 0.000220
 0.943918 0.000323 0.045500 0.010259
 0.007749 0.966259 0.000323 0.025669
 0.931370 0.000323 0.053028 0.015278
 0.030336 0.868379 0.015382 0.085903
 0.725569 0.007852 0.216163 0.050416
 0.000220 0.806436 0.015381 0.177963
 0.974460 0.015381 0.005131 0.005028
 0.067984 0.899328 0.007853 0.024834
 0.800246 0.007852 0.135852 0.056050
 0.000220 0.987497 0.000323 0.011960
 0.931941 0.000323 0.026036 0.041700
 0.000220 0.969121 0.000323 0.030336

MOTIF 23-CCCAGCYC STREME-23
letter-probability matrix: alength= 4 w= 8 nsites= 7316 E= 2.5e-003
 0.000132 0.999541 0.000195 0.000132
 0.000132 0.965166 0.034569 0.000132
 0.000132 0.832514 0.089767 0.077587
 0.934731 0.000195 0.064942 0.000132
 0.010963 0.082813 0.891679 0.014544
 0.092893 0.869974 0.022607 0.014525
 0.091340 0.353212 0.013411 0.542038
 0.142754 0.830281 0.026833 0.000132

MOTIF 24-CTTTGATCT STREME-24
letter-probability matrix: alength= 4 w= 9 nsites= 414 E= 1.7e-002
 0.009402 0.984840 0.004252 0.001506
 0.001506 0.040941 0.004184 0.953370
 0.027674 0.051655 0.001853 0.918817
 0.005579 0.032155 0.013228 0.949038
 0.005133 0.200728 0.781750 0.012389
 0.876610 0.098302 0.024821 0.000267
 0.065772 0.001691 0.014096 0.918441
 0.007118 0.890018 0.085917 0.016948
 0.036694 0.147311 0.013738 0.802257

MOTIF 25-CATTTCC STREME-25
letter-probability matrix: alength= 4 w= 7 nsites= 823 E= 2.3e-002
 0.018391 0.936155 0.027064 0.018391
 0.927482 0.027064 0.027064 0.018391
 0.018391 0.027064 0.027064 0.927482
 0.018391 0.027064 0.027064 0.927482
 0.018391 0.027064 0.027064 0.927482
 0.018391 0.936155 0.027064 0.018391
 0.018391 0.936155 0.027064 0.018391

MOTIF 26-GRATCGCTTGARCC STREME-26
letter-probability matrix: alength= 4 w= 14 nsites= 162 E= 4.7e-002
 0.029044 0.006023 0.964765 0.000169
 0.577738 0.006023 0.416070 0.000169
 0.970460 0.006023 0.023348 0.000169
 0.000169 0.000248 0.000248 0.999335
 0.000169 0.595128 0.156183 0.248520
 0.248512 0.029123 0.687545 0.034819
 0.023269 0.901238 0.000248 0.075245
 0.057920 0.046449 0.075330 0.820300
 0.011719 0.000248 0.000248 0.987785
 0.046370 0.000248 0.953213 0.000169
 0.976235 0.000248 0.011798 0.011719
 0.554638 0.000248 0.410295 0.034819
 0.000169 0.901236 0.000248 0.098347
 0.005944 0.901238 0.017573 0.075245

MOTIF 27-CACGTG STREME-27
letter-probability matrix: alength= 4 w= 6 nsites= 436 E= 5.1e-002
 0.018391 0.936155 0.027064 0.018391
 0.927482 0.027064 0.027064 0.018391
 0.018391 0.936155 0.027064 0.018391
 0.018391 0.027064 0.936155 0.018391
 0.018391 0.027064 0.027064 0.927482
 0.018391 0.027064 0.936155 0.018391

MOTIF 28-AGGAAGAGGAGG STREME-28
letter-probability matrix: alength= 4 w= 12 nsites= 937 E= 9.6e-002
 0.917310 0.017751 0.032901 0.032038
 0.027162 0.038695 0.906839 0.027305
 0.077427 0.025536 0.891205 0.005831
 0.991212 0.000562 0.003588 0.004639
 0.749161 0.055881 0.147029 0.047929
 0.066842 0.014496 0.917602 0.001060
 0.869147 0.045361 0.082047 0.003446
 0.047974 0.066450 0.830761 0.054815
 0.119828 0.071853 0.788577 0.019741
 0.836478 0.099313 0.043081 0.021128
 0.156343 0.071738 0.745755 0.026165
 0.101398 0.097151 0.752007 0.049444

MOTIF 29-TCTCGCGAGA STREME-29
letter-probability matrix: alength= 4 w= 10 nsites= 67 E= 1.0e-001
 0.000545 0.000801 0.000801 0.997852
 0.172432 0.826222 0.000801 0.000545
 0.000545 0.000801 0.000801 0.997852
 0.000545 0.998109 0.000801 0.000545
 0.000545 0.000801 0.998109 0.000545
 0.000545 0.998109 0.000801 0.000545
 0.000545 0.000801 0.998109 0.000545
 0.997852 0.000801 0.000801 0.000545
 0.000545 0.000801 0.826222 0.172432
 0.997852 0.000801 0.000801 0.000545

MOTIF 30-CTGCAGCC STREME-30
letter-probability matrix: alength= 4 w= 8 nsites= 661 E= 2.1e-001
 0.018391 0.936155 0.027064 0.018391
 0.018391 0.027064 0.027064 0.927482
 0.018391 0.027064 0.936155 0.018391
 0.018391 0.936155 0.027064 0.018391
 0.927482 0.027064 0.027064 0.018391
 0.018391 0.027064 0.936155 0.018391
 0.018391 0.936155 0.027064 0.018391
 0.018391 0.936155 0.027064 0.018391

MOTIF 31-AGATAA STREME-31
letter-probability matrix: alength= 4 w= 6 nsites= 784 E= 2.5e-001
 0.927482 0.027064 0.027064 0.018391
 0.018391 0.027064 0.936155 0.018391
 0.927482 0.027064 0.027064 0.018391
 0.018391 0.027064 0.027064 0.927482
 0.927482 0.027064 0.027064 0.018391
 0.927482 0.027064 0.027064 0.018391

MOTIF 32-AGACAGRGTCTYRCT STREME-32
letter-probability matrix: alength= 4 w= 15 nsites= 107 E= 3.3e-001
 0.963441 0.000382 0.027034 0.009143
 0.053564 0.035918 0.892491 0.018027
 0.990094 0.000382 0.009266 0.000259
 0.000259 0.874721 0.000382 0.124638
 0.688034 0.009266 0.284673 0.018027
 0.062447 0.018150 0.901376 0.018027
 0.453349 0.000382 0.546010 0.000259
 0.089100 0.035918 0.865839 0.009143
 0.000259 0.009266 0.000382 0.990094
 0.018027 0.844384 0.000382 0.137207
 0.000259 0.027034 0.009266 0.963441
 0.035795 0.577857 0.071454 0.314894
 0.377085 0.009266 0.613391 0.000259
 0.026911 0.936912 0.009266 0.026911
 0.000259 0.071454 0.000382 0.927905

MOTIF 33-GGCTCACTGCAAC STREME-33
letter-probability matrix: alength= 4 w= 13 nsites= 61 E= 4.0e-001
 0.306401 0.076362 0.616686 0.000551
 0.038324 0.038585 0.922539 0.000551
 0.000551 0.933588 0.000811 0.065050
 0.000551 0.019698 0.000811 0.978940
 0.000551 0.941427 0.019698 0.038324
 0.978940 0.019698 0.000811 0.000551
 0.000551 0.979200 0.019698 0.000551
 0.000551 0.000811 0.000811 0.997826
 0.094985 0.000811 0.903653 0.000551
 0.000551 0.960313 0.019698 0.019438
 0.997826 0.000811 0.000811 0.000551
 0.786411 0.000811 0.212227 0.000551
 0.019438 0.801376 0.103087 0.076100

MOTIF 34-CAAGGCCAA STREME-34
letter-probability matrix: alength= 4 w= 9 nsites= 870 E= 6.9e-001
 0.022992 0.939618 0.028623 0.008766
 0.902122 0.000451 0.021575 0.075852
 0.965372 0.027465 0.000451 0.006712
 0.011668 0.001957 0.981715 0.004660
 0.042791 0.008282 0.917256 0.031671
 0.091330 0.854031 0.033318 0.021321
 0.043310 0.953564 0.000640 0.002486
 0.919400 0.018420 0.049480 0.012699
 0.569970 0.048782 0.264188 0.117060

MOTIF 35-CATGTGAC STREME-35
letter-probability matrix: alength= 4 w= 8 nsites= 174 E= 7.3e-001
 0.018391 0.936155 0.027064 0.018391
 0.927482 0.027064 0.027064 0.018391
 0.018391 0.027064 0.027064 0.927482
 0.018391 0.027064 0.936155 0.018391
 0.018391 0.027064 0.027064 0.927482
 0.018391 0.027064 0.936155 0.018391
 0.927482 0.027064 0.027064 0.018391
 0.018391 0.936155 0.027064 0.018391

MOTIF 36-AGCAGCAGCAGCVGC STREME-36
letter-probability matrix: alength= 4 w= 15 nsites= 326 E= 9.1e-001
 0.863900 0.119478 0.009972 0.006650
 0.003373 0.098454 0.898077 0.000096
 0.009927 0.957065 0.009972 0.023036
 0.808189 0.019804 0.072238 0.099770
 0.078747 0.003418 0.914462 0.003373
 0.003373 0.891522 0.016527 0.088578
 0.926166 0.000141 0.032912 0.040781
 0.064583 0.098455 0.836866 0.000096
 0.059084 0.878413 0.052575 0.009927
 0.720991 0.216507 0.062406 0.000096
 0.152510 0.101732 0.665652 0.080107
 0.055807 0.718392 0.156886 0.068915
 0.332201 0.320743 0.234178 0.112878
 0.099769 0.154798 0.738783 0.006650
 0.016481 0.857537 0.095809 0.030173

MOTIF 37-AGGTGAG STREME-37
letter-probability matrix: alength= 4 w= 7 nsites= 2277 E= 1.1e+000
 0.998069 0.000721 0.000721 0.000490
 0.000490 0.019735 0.979285 0.000490
 0.000490 0.000721 0.998300 0.000490
 0.000490 0.000721 0.000721 0.998069
 0.158158 0.000721 0.831243 0.009878
 0.998069 0.000721 0.000721 0.000490
 0.000490 0.213750 0.674980 0.110781

MOTIF 38-GACCCGGAACC STREME-38
letter-probability matrix: alength= 4 w= 11 nsites= 479 E= 1.3e+000
 0.093081 0.034090 0.806023 0.066806
 0.934238 0.005344 0.003052 0.057366
 0.058293 0.903195 0.009988 0.028524
 0.006177 0.874453 0.023577 0.095793
 0.045598 0.904511 0.013282 0.036609
 0.018203 0.035743 0.814933 0.131122
 0.050234 0.021356 0.919274 0.009136
 0.792450 0.038367 0.128356 0.040828
 0.846829 0.057632 0.071445 0.024094
 0.081322 0.697646 0.178528 0.042504
 0.025225 0.763711 0.123266 0.087799

MOTIF 39-AAAAAAAAAAAAAA STREME-39
letter-probability matrix: alength= 4 w= 14 nsites= 265 E= 1.3e+000
 0.938893 0.000237 0.014141 0.046728
 0.950180 0.000991 0.026573 0.022256
 0.959052 0.011284 0.018455 0.011208
 0.873040 0.000237 0.093420 0.033303
 0.843594 0.000237 0.139437 0.016732
 0.900752 0.000237 0.046844 0.052166
 0.912567 0.000237 0.053893 0.033303
 0.945634 0.000237 0.037396 0.016732
 0.974507 0.000237 0.019570 0.005685
 0.872293 0.000237 0.033876 0.093593
 0.882218 0.016809 0.078718 0.022256
 0.721091 0.038903 0.159072 0.080933
 0.930065 0.016809 0.021522 0.031603
 0.942368 0.000237 0.018950 0.038445

MOTIF 40-GGGAAGGGA STREME-40
letter-probability matrix: alength= 4 w= 9 nsites= 1190 E= 1.4e+000
 0.000304 0.000447 0.998945 0.000304
 0.119807 0.000447 0.879442 0.000304
 0.000304 0.000447 0.998945 0.000304
 0.830982 0.000447 0.109955 0.058616
 0.859091 0.000447 0.082902 0.057560
 0.092979 0.000447 0.906270 0.000304
 0.000304 0.071048 0.906666 0.021982
 0.000304 0.000447 0.980364 0.018885
 0.840288 0.000447 0.107201 0.052065

MOTIF 41-CGCCGCCTCC STREME-41
letter-probability matrix: alength= 4 w= 10 nsites= 452 E= 1.5e+000
 0.000295 0.961795 0.000434 0.037477
 0.121186 0.000434 0.878085 0.000295
 0.010397 0.963416 0.009813 0.016375
 0.017798 0.948887 0.033020 0.000295
 0.022880 0.090130 0.886696 0.000295
 0.076611 0.904259 0.012807 0.006323
 0.014515 0.945014 0.007283 0.033188
 0.008580 0.001847 0.136150 0.853423
 0.002221 0.856424 0.090845 0.050510
 0.018552 0.959926 0.014629 0.006892

MOTIF 42-AGATAAGGA STREME-42
letter-probability matrix: alength= 4 w= 9 nsites= 232 E= 1.6e+000
 0.997965 0.000760 0.000760 0.000516
 0.000516 0.000760 0.940705 0.058019
 0.997965 0.000760 0.000760 0.000516
 0.000516 0.000760 0.000760 0.997965
 0.885242 0.000760 0.000760 0.113239
 0.997965 0.000760 0.000760 0.000516
 0.000516 0.018446 0.842384 0.138654
 0.066699 0.101631 0.831154 0.000516
 0.613038 0.113350 0.273096 0.000516

MOTIF 43-GCTAGCACAGCAGTC STREME-43
letter-probability matrix: alength= 4 w= 15 nsites= 47 E= 1.6e+000
 0.000709 0.001044 0.997538 0.000709
 0.000709 0.997538 0.001044 0.000709
 0.000709 0.219776 0.025345 0.754170
 0.972902 0.001044 0.001044 0.025011
 0.025011 0.001044 0.973236 0.000709
 0.049312 0.876030 0.001044 0.073614
 0.802791 0.001044 0.195456 0.000709
 0.000709 0.997538 0.001044 0.000709
 0.997203 0.001044 0.001044 0.000709
 0.000709 0.001044 0.997538 0.000709
 0.000709 0.973236 0.025345 0.000709
 0.948600 0.001044 0.049647 0.000709
 0.000709 0.049646 0.948935 0.000709
 0.025011 0.049646 0.001044 0.924299
 0.000709 0.948935 0.049646 0.000709

MOTIF 44-AGTGCAGTGGCRC STREME-44
letter-probability matrix: alength= 4 w= 13 nsites= 139 E= 1.7e+000
 0.962751 0.015876 0.021146 0.000227
 0.070170 0.054733 0.867099 0.007998
 0.007998 0.008105 0.008105 0.975792
 0.011223 0.023647 0.953906 0.011223
 0.007998 0.991441 0.000334 0.000227
 0.983563 0.008105 0.008105 0.000227
 0.122067 0.000334 0.877372 0.000227
 0.000227 0.031419 0.000334 0.968021
 0.031313 0.015876 0.952584 0.000227
 0.023541 0.003559 0.972674 0.000227
 0.000227 0.694665 0.008105 0.297004
 0.342917 0.003559 0.591128 0.062397
 0.088938 0.589250 0.042416 0.279396

MOTIF 45-AATGAATGAAT STREME-45
letter-probability matrix: alength= 4 w= 11 nsites= 89 E= 1.8e+000
 0.898798 0.000640 0.075129 0.025433
 0.989953 0.000640 0.000640 0.008767
 0.063882 0.045331 0.045332 0.845455
 0.064151 0.030434 0.904981 0.000435
 0.938697 0.000640 0.045332 0.015332
 0.998286 0.000640 0.000640 0.000435
 0.000435 0.075127 0.000640 0.923798
 0.053382 0.115019 0.816267 0.015332
 0.936581 0.000640 0.047447 0.015332
 0.926325 0.072601 0.000640 0.000435
 0.000435 0.164528 0.000640 0.834398

MOTIF 46-AATVATTAACY STREME-46
letter-probability matrix: alength= 4 w= 11 nsites= 365 E= 1.8e+000
 0.966411 0.000160 0.005418 0.028012
 0.928833 0.041041 0.000160 0.029967
 0.048653 0.037134 0.000160 0.914054
 0.191940 0.373735 0.288744 0.145581
 0.858781 0.015025 0.052026 0.074167
 0.026123 0.018110 0.090417 0.865350
 0.000108 0.042583 0.000160 0.957149
 0.955730 0.000160 0.011309 0.032801
 0.892786 0.015026 0.054915 0.037273
 0.005367 0.956318 0.024978 0.013336
 0.157832 0.377535 0.015025 0.449607

MOTIF 47-GGAAACHGAGRC STREME-47
letter-probability matrix: alength= 4 w= 12 nsites= 856 E= 2.2e+000
 0.241640 0.000067 0.749161 0.009132
 0.104443 0.002272 0.876094 0.017190
 0.974804 0.000067 0.002616 0.022513
 0.774128 0.101033 0.082567 0.042273
 0.862359 0.012488 0.109175 0.015979
 0.000045 0.855796 0.053250 0.090909
 0.380014 0.196174 0.133249 0.290563
 0.000045 0.041037 0.902595 0.056323
 0.915997 0.048308 0.000067 0.035628
 0.261406 0.032533 0.632908 0.073153
 0.282230 0.000067 0.533520 0.184183
 0.045852 0.784084 0.000067 0.169997

MOTIF 48-TTACATAAWC STREME-48
letter-probability matrix: alength= 4 w= 10 nsites= 253 E= 2.3e+000
 0.043473 0.028206 0.004919 0.923403
 0.038212 0.000272 0.000272 0.961243
 0.960342 0.000272 0.039201 0.000185
 0.031390 0.841438 0.023582 0.103590
 0.775314 0.025624 0.058534 0.140528
 0.000185 0.078891 0.000272 0.920652
 0.913544 0.012948 0.021400 0.052108
 0.926263 0.000272 0.000272 0.073193
 0.436935 0.205331 0.083121 0.274613
 0.141932 0.769525 0.053607 0.034937

MOTIF 49-CCCGAGGCC STREME-49
letter-probability matrix: alength= 4 w= 9 nsites= 1451 E= 2.4e+000
 0.137887 0.707332 0.055494 0.099287
 0.049371 0.929141 0.000505 0.020983
 0.000343 0.998808 0.000505 0.000343
 0.000343 0.000505 0.964519 0.034632
 0.905276 0.093875 0.000505 0.000343
 0.044973 0.058131 0.896553 0.000343
 0.085985 0.000505 0.888887 0.024623
 0.000343 0.872003 0.127310 0.000343
 0.000343 0.848162 0.000505 0.150990

MOTIF 50-AGCCTSAGCAATGG STREME-50
letter-probability matrix: alength= 4 w= 14 nsites= 50 E= 1.3e+001
 0.997610 0.000892 0.000892 0.000606
 0.021374 0.000892 0.977128 0.000606
 0.083679 0.894054 0.000892 0.021374
 0.000606 0.977128 0.000892 0.021374
 0.000606 0.000892 0.000892 0.997610
 0.000606 0.665551 0.333237 0.000606
 0.727570 0.000892 0.270932 0.000606
 0.042142 0.000892 0.956360 0.000606
 0.000606 0.769433 0.083966 0.145995
 0.997610 0.000892 0.000892 0.000606
 0.914537 0.021660 0.000892 0.062911
 0.000606 0.000892 0.000892 0.997610
 0.000606 0.000892 0.997896 0.000606
 0.000606 0.063197 0.935591 0.000606

MOTIF 51-AAATATTT STREME-51
letter-probability matrix: alength= 4 w= 8 nsites= 292 E= 1.4e+001
 0.837410 0.027649 0.052962 0.081979
 0.911196 0.020288 0.005127 0.063389
 0.859768 0.034862 0.027967 0.077403
 0.000686 0.001010 0.001010 0.997294
 0.997294 0.001010 0.001010 0.000686
 0.077403 0.027967 0.034862 0.859768
 0.063389 0.005127 0.020288 0.911196
 0.081979 0.052962 0.027649 0.837410

MOTIF 52-AGCACATGGT STREME-52
letter-probability matrix: alength= 4 w= 10 nsites= 171 E= 1.7e+001
 0.922021 0.000478 0.077176 0.000325
 0.000325 0.000478 0.998872 0.000325
 0.000325 0.998872 0.000478 0.000325
 0.890961 0.000478 0.045014 0.063547
 0.000325 0.812634 0.153316 0.033725
 0.998719 0.000478 0.000478 0.000325
 0.000325 0.035462 0.000478 0.963735
 0.000325 0.000478 0.976854 0.022342
 0.035308 0.035258 0.734805 0.194628
 0.000325 0.136481 0.071469 0.791725

********************************************************************************
Stopped because 3 consecutive motifs exceeded the p-value threshold (0.05).
********************************************************************************
COMMAND:	streme --verbosity 1 --oc meme_out_incomplete_DL/HepG2_DMAP1-human_ENCFF423IFD/streme_out -dna --seed 0 --p meme_out_incomplete_DL/HepG2_DMAP1-human_ENCFF423IFD/seqs-centered --minw 6 --maxw 15 --time 6175 --order 2 --thresh 0.05 --align center --totallength 4000000 --parse-genomic-coord
********************************************************************************
CPU:		9f05ee173ae9
********************************************************************************
FINALTIME:	2891.24 seconds
********************************************************************************
