********************************************************************************
STREME - Sensitive, Thorough, Rapid, Enriched Motif Elicitation
********************************************************************************
MEME version 5.5.3 (Release date: Sat Jun 10 16:19:38 2023 -0700)

For further information on how to interpret these results please access http://localhost:8080/meme_5.5.3.
To get a copy of the MEME Suite software please access https://meme-suite.org.

********************************************************************************


********************************************************************************
REFERENCE
********************************************************************************
If you use this program in your research, please cite:

Timothy L. Bailey,
"STREME: accurate and versatile sequence motif discovery",
Bioinformatics, Mar. 24, 2021.
********************************************************************************


ALPHABET= ACGT

strands: + -

Background letter frequencies
A 0.214 C 0.286 G 0.286 T 0.214 

MOTIF 1-CCASCAGRKGGCRS STREME-1
letter-probability matrix: alength= 4 w= 14 nsites= 1633 E= 1.3e-031
 0.069832 0.894890 0.021330 0.013948
 0.001571 0.997600 0.000805 0.000024
 0.774467 0.009957 0.170615 0.044961
 0.009306 0.651319 0.339351 0.000024
 0.068561 0.600993 0.060570 0.269877
 0.979330 0.001579 0.014878 0.004213
 0.001571 0.000032 0.998373 0.000024
 0.423226 0.003900 0.572077 0.000797
 0.018910 0.008541 0.639975 0.332574
 0.007759 0.000032 0.992185 0.000024
 0.011627 0.003900 0.948093 0.036380
 0.072892 0.872904 0.007767 0.046436
 0.376378 0.006220 0.589531 0.027871
 0.055653 0.549338 0.343610 0.051399

MOTIF 2-WRWGYAAAYA STREME-2
letter-probability matrix: alength= 4 w= 10 nsites= 1825 E= 1.4e-015
 0.436844 0.000047 0.000047 0.563062
 0.439098 0.191108 0.284935 0.084860
 0.521681 0.001783 0.136522 0.340014
 0.332362 0.000047 0.667557 0.000035
 0.000035 0.415596 0.000047 0.584323
 0.999872 0.000047 0.000047 0.000035
 0.999872 0.000047 0.000047 0.000035
 0.999872 0.000047 0.000047 0.000035
 0.000035 0.579683 0.000047 0.420235
 0.999872 0.000047 0.000047 0.000035

MOTIF 3-RTTGCAYMAY STREME-3
letter-probability matrix: alength= 4 w= 10 nsites= 1104 E= 8.5e-015
 0.612894 0.011485 0.375570 0.000050
 0.000050 0.000067 0.000067 0.999815
 0.000050 0.000067 0.000067 0.999815
 0.190918 0.000067 0.544339 0.264676
 0.000050 0.999832 0.000067 0.000050
 0.796699 0.000067 0.171488 0.031746
 0.141312 0.292294 0.000067 0.566327
 0.374275 0.625607 0.000067 0.000050
 0.999815 0.000067 0.000067 0.000050
 0.000050 0.404825 0.121434 0.473691

MOTIF 4-GCCCCGCCCCCN STREME-4
letter-probability matrix: alength= 4 w= 12 nsites= 1177 E= 1.9e-012
 0.121527 0.025981 0.654767 0.197726
 0.012429 0.967255 0.000060 0.020256
 0.004119 0.962486 0.000060 0.033335
 0.033277 0.966618 0.000060 0.000045
 0.000045 0.999850 0.000060 0.000045
 0.125513 0.000060 0.749399 0.125028
 0.031741 0.968154 0.000060 0.000045
 0.000045 0.999850 0.000060 0.000045
 0.000045 0.925426 0.000060 0.074469
 0.095163 0.866119 0.000060 0.038657
 0.037463 0.601349 0.185441 0.175746
 0.271717 0.258295 0.255772 0.214215

MOTIF 5-RCCGGAAGT STREME-5
letter-probability matrix: alength= 4 w= 9 nsites= 902 E= 4.0e-008
 0.471263 0.171156 0.317278 0.040304
 0.021858 0.911495 0.066528 0.000119
 0.168072 0.831649 0.000160 0.000119
 0.000119 0.000160 0.999601 0.000119
 0.000119 0.000160 0.999601 0.000119
 0.987402 0.000160 0.000160 0.012279
 0.999561 0.000160 0.000160 0.000119
 0.000119 0.000160 0.999601 0.000119
 0.037876 0.031818 0.000160 0.930146

MOTIF 6-CAAAGTCCA STREME-6
letter-probability matrix: alength= 4 w= 9 nsites= 1068 E= 2.1e-007
 0.000119 0.944353 0.000160 0.055368
 0.897404 0.018333 0.022760 0.061502
 0.927323 0.000160 0.072398 0.000119
 0.941422 0.004026 0.054433 0.000119
 0.012992 0.000160 0.955755 0.031093
 0.068957 0.042804 0.000160 0.888080
 0.137358 0.641023 0.054875 0.166743
 0.092701 0.877691 0.008813 0.020795
 0.919407 0.000160 0.011639 0.068794

MOTIF 7-VRTGASTCAYB STREME-7
letter-probability matrix: alength= 4 w= 11 nsites= 847 E= 1.3e-006
 0.251278 0.245431 0.398005 0.105286
 0.477615 0.172063 0.350266 0.000056
 0.000056 0.000076 0.000076 0.999792
 0.000056 0.000076 0.969516 0.030352
 0.999792 0.000076 0.000076 0.000056
 0.048676 0.451324 0.451324 0.048676
 0.000056 0.000076 0.000076 0.999792
 0.030352 0.969516 0.000076 0.000056
 0.999792 0.000076 0.000076 0.000056
 0.000056 0.350266 0.172063 0.477615
 0.105286 0.398005 0.245431 0.251278

MOTIF 8-CCTGTAATCCCAGC STREME-8
letter-probability matrix: alength= 4 w= 14 nsites= 261 E= 1.8e-006
 0.032180 0.911432 0.000165 0.056223
 0.004131 0.955510 0.008180 0.032180
 0.004131 0.016194 0.004172 0.975503
 0.060230 0.000165 0.927460 0.012145
 0.004131 0.012187 0.012187 0.971496
 0.937777 0.021864 0.040236 0.000124
 0.781501 0.012187 0.206189 0.000124
 0.000124 0.020201 0.000165 0.979510
 0.000124 0.955510 0.008180 0.036187
 0.000124 0.943488 0.012187 0.044201
 0.004131 0.887390 0.004172 0.104307
 0.963482 0.004172 0.016194 0.016152
 0.072251 0.012187 0.903418 0.012145
 0.040194 0.901755 0.020201 0.037850

MOTIF 9-RYCACGTGRY STREME-9
letter-probability matrix: alength= 4 w= 10 nsites= 785 E= 6.6e-006
 0.274613 0.227294 0.497997 0.000096
 0.113492 0.340686 0.178117 0.367704
 0.000096 0.987832 0.003377 0.008695
 0.999648 0.000128 0.000128 0.000096
 0.000096 0.999680 0.000128 0.000096
 0.000096 0.000128 0.999680 0.000096
 0.000096 0.000128 0.000128 0.999648
 0.008695 0.003377 0.987832 0.000096
 0.367704 0.178117 0.340686 0.113492
 0.000096 0.497997 0.227294 0.274613

MOTIF 10-GCGCATGCGCAST STREME-10
letter-probability matrix: alength= 4 w= 13 nsites= 423 E= 9.4e-006
 0.094045 0.000113 0.903032 0.002810
 0.072344 0.924733 0.002838 0.000084
 0.038247 0.000113 0.961556 0.000084
 0.000084 0.999719 0.000113 0.000084
 0.674797 0.192806 0.105052 0.027344
 0.020551 0.154053 0.187457 0.637938
 0.002810 0.000113 0.991541 0.005536
 0.000084 0.991541 0.000113 0.008262
 0.000084 0.005564 0.922261 0.072090
 0.000084 0.968602 0.000113 0.031201
 0.725437 0.030853 0.215689 0.028021
 0.040973 0.478597 0.404249 0.076181
 0.141847 0.125511 0.113896 0.618746

MOTIF 11-CCAAGGTCAS STREME-11
letter-probability matrix: alength= 4 w= 10 nsites= 912 E= 2.1e-004
 0.047189 0.821455 0.033257 0.098099
 0.131084 0.816400 0.035378 0.017138
 0.919141 0.000075 0.072695 0.008089
 0.787819 0.108173 0.002183 0.101824
 0.041835 0.030660 0.927148 0.000356
 0.004456 0.000907 0.977713 0.016925
 0.229844 0.045443 0.023642 0.701071
 0.004807 0.970181 0.009873 0.015139
 0.962930 0.008125 0.016461 0.012484
 0.144178 0.267823 0.443549 0.144450

MOTIF 12-TCAGCACCDYGGA STREME-12
letter-probability matrix: alength= 4 w= 13 nsites= 205 E= 6.3e-004
 0.000171 0.115747 0.022412 0.861670
 0.000171 0.958307 0.000229 0.041293
 0.999371 0.000229 0.000229 0.000171
 0.000171 0.005775 0.993883 0.000171
 0.033446 0.777600 0.133326 0.055628
 0.999371 0.000229 0.000229 0.000171
 0.000171 0.988337 0.011320 0.000171
 0.000171 0.988337 0.000229 0.011263
 0.288549 0.130082 0.219366 0.362003
 0.050083 0.312701 0.155509 0.481707
 0.000171 0.016866 0.982792 0.000171
 0.000171 0.002531 0.986036 0.011263
 0.858426 0.124537 0.011320 0.005717

MOTIF 13-CCCCGCCCC STREME-13
letter-probability matrix: alength= 4 w= 9 nsites= 2370 E= 3.6e-003
 0.000131 0.856363 0.054832 0.088674
 0.016742 0.931503 0.000175 0.051581
 0.055066 0.905761 0.000175 0.038999
 0.116085 0.820819 0.000175 0.062921
 0.217238 0.000175 0.731160 0.051428
 0.014089 0.968110 0.000175 0.017627
 0.000131 0.963550 0.036189 0.000131
 0.000131 0.970829 0.000175 0.028866
 0.021616 0.875571 0.036309 0.066505

MOTIF 14-GAGGCTGAGGCRGGA STREME-14
letter-probability matrix: alength= 4 w= 15 nsites= 330 E= 6.7e-003
 0.028477 0.000130 0.961835 0.009557
 0.927116 0.003283 0.060044 0.009557
 0.070780 0.000130 0.916380 0.012711
 0.041091 0.000130 0.958682 0.000097
 0.006404 0.905075 0.037970 0.050551
 0.025324 0.255551 0.102346 0.616779
 0.085238 0.006437 0.908228 0.000097
 0.901116 0.010899 0.056354 0.031631
 0.047397 0.003283 0.949222 0.000097
 0.037937 0.015897 0.942915 0.003251
 0.036093 0.692199 0.032972 0.238736
 0.441743 0.028510 0.390902 0.138844
 0.065722 0.015897 0.915130 0.003251
 0.065302 0.107344 0.817797 0.009557
 0.654862 0.174337 0.091871 0.078931

MOTIF 15-AGATCAAAGV STREME-15
letter-probability matrix: alength= 4 w= 10 nsites= 591 E= 8.1e-003
 0.809515 0.029741 0.060020 0.100723
 0.000142 0.216295 0.783421 0.000142
 0.887612 0.000190 0.000190 0.112008
 0.115993 0.000190 0.075543 0.808274
 0.000142 0.850609 0.149107 0.000142
 0.994871 0.000190 0.004797 0.000142
 0.983123 0.000190 0.016544 0.000142
 0.942683 0.000190 0.036647 0.020480
 0.019483 0.000190 0.980185 0.000142
 0.221120 0.229375 0.425381 0.124123

MOTIF 16-GGCGCGGTGGCTCAC STREME-16
letter-probability matrix: alength= 4 w= 15 nsites= 149 E= 8.3e-003
 0.079381 0.013468 0.900349 0.006802
 0.039792 0.000272 0.959732 0.000204
 0.013400 0.735397 0.020067 0.231136
 0.204744 0.020067 0.761790 0.013400
 0.013400 0.682613 0.000272 0.303715
 0.217940 0.022805 0.726061 0.033194
 0.039792 0.000272 0.959732 0.000204
 0.006802 0.055795 0.020067 0.917336
 0.019998 0.033263 0.946536 0.000204
 0.000204 0.020067 0.966330 0.013400
 0.000204 0.986124 0.013468 0.000204
 0.046390 0.000272 0.066253 0.887084
 0.000204 0.972928 0.000272 0.026596
 0.972859 0.000272 0.000272 0.026596
 0.013400 0.755192 0.000272 0.231136

MOTIF 17-AASATGGCGGCG STREME-17
letter-probability matrix: alength= 4 w= 12 nsites= 334 E= 9.8e-003
 0.903068 0.000133 0.090267 0.006532
 0.854917 0.000133 0.025222 0.119728
 0.111640 0.318090 0.550872 0.019398
 0.999635 0.000133 0.000133 0.000099
 0.000099 0.000133 0.000133 0.999635
 0.000099 0.000133 0.999669 0.000099
 0.000099 0.000133 0.983586 0.016182
 0.006532 0.993236 0.000133 0.000099
 0.016182 0.081737 0.818354 0.083727
 0.134644 0.023520 0.761324 0.080511
 0.163593 0.746661 0.012999 0.076748
 0.086397 0.187607 0.500671 0.225325

MOTIF 18-CACACACACACACAC STREME-18
letter-probability matrix: alength= 4 w= 15 nsites= 197 E= 9.8e-003
 0.078674 0.899415 0.014559 0.007352
 0.999191 0.000294 0.000294 0.000220
 0.035881 0.881161 0.004284 0.078674
 0.888499 0.000294 0.110986 0.000220
 0.024577 0.672398 0.107277 0.195749
 0.850628 0.000294 0.148858 0.000220
 0.014484 0.937654 0.000294 0.047567
 0.924909 0.000294 0.074576 0.000220
 0.000220 0.908988 0.023065 0.067727
 0.818404 0.000294 0.108651 0.072650
 0.029595 0.847956 0.000294 0.122154
 0.917777 0.021691 0.060312 0.000220
 0.000220 0.945034 0.033129 0.021617
 0.819621 0.051486 0.107277 0.021617
 0.021617 0.845184 0.047394 0.085806

MOTIF 19-ACTACAAYTCCCA STREME-19
letter-probability matrix: alength= 4 w= 13 nsites= 159 E= 1.5e-002
 0.985278 0.014219 0.000288 0.000215
 0.000215 0.999283 0.000288 0.000215
 0.014146 0.028151 0.007253 0.950450
 0.957415 0.000288 0.042082 0.000215
 0.000215 0.999283 0.000288 0.000215
 0.797203 0.083877 0.118705 0.000215
 0.648031 0.072836 0.062979 0.216154
 0.104701 0.383404 0.160500 0.351394
 0.021112 0.000288 0.014219 0.964381
 0.007181 0.943556 0.007253 0.042010
 0.007181 0.985351 0.000288 0.007181
 0.000215 0.999283 0.000288 0.000215
 0.720580 0.007253 0.258021 0.014146

MOTIF 20-GTAAACA STREME-20
letter-probability matrix: alength= 4 w= 7 nsites= 267 E= 2.1e-002
 0.019445 0.026009 0.935100 0.019445
 0.019445 0.026009 0.026009 0.928536
 0.928536 0.026009 0.026009 0.019445
 0.928536 0.026009 0.026009 0.019445
 0.928536 0.026009 0.026009 0.019445
 0.019445 0.935100 0.026009 0.019445
 0.928536 0.026009 0.026009 0.019445

MOTIF 21-CCRTCTCTA STREME-21
letter-probability matrix: alength= 4 w= 9 nsites= 153 E= 2.2e-002
 0.000492 0.998357 0.000659 0.000492
 0.000492 0.736220 0.023118 0.240169
 0.396786 0.000659 0.602063 0.000492
 0.000492 0.000659 0.000659 0.998190
 0.038291 0.960558 0.000659 0.000492
 0.000492 0.000659 0.030201 0.968648
 0.000492 0.998357 0.000659 0.000492
 0.000492 0.000659 0.000659 0.998190
 0.998190 0.000659 0.000659 0.000492

MOTIF 22-AATATTTAAC STREME-22
letter-probability matrix: alength= 4 w= 10 nsites= 243 E= 2.5e-002
 0.905016 0.000229 0.024701 0.070054
 0.912621 0.030539 0.033428 0.023412
 0.000171 0.001889 0.000229 0.997711
 0.771200 0.101705 0.126924 0.000171
 0.231498 0.014683 0.133245 0.620574
 0.070383 0.075655 0.116903 0.737058
 0.035677 0.016387 0.003456 0.944481
 0.981679 0.000229 0.014311 0.003781
 0.708869 0.148517 0.070899 0.071715
 0.040480 0.765605 0.024538 0.169377

MOTIF 23-CCGCCTCCTYC STREME-23
letter-probability matrix: alength= 4 w= 11 nsites= 827 E= 5.7e-002
 0.062010 0.855589 0.000136 0.082265
 0.000102 0.981781 0.018016 0.000102
 0.171796 0.000136 0.747202 0.080866
 0.068325 0.818134 0.088888 0.024653
 0.003404 0.862545 0.115763 0.018289
 0.035088 0.002390 0.123758 0.838764
 0.052039 0.916632 0.001125 0.030204
 0.007342 0.862116 0.092822 0.037721
 0.094035 0.094473 0.002738 0.808754
 0.094713 0.314484 0.103761 0.487042
 0.036630 0.948017 0.008061 0.007292

MOTIF 24-AGGAGTTCRAGRC STREME-24
letter-probability matrix: alength= 4 w= 13 nsites= 156 E= 7.1e-002
 0.956364 0.000295 0.028846 0.014496
 0.043047 0.000295 0.927887 0.028771
 0.100149 0.007432 0.892198 0.000220
 0.984915 0.014570 0.000295 0.000220
 0.054043 0.014570 0.924029 0.007358
 0.145938 0.057397 0.107361 0.689304
 0.014496 0.000295 0.000295 0.984915
 0.000220 0.803583 0.046084 0.150113
 0.489447 0.014570 0.495763 0.000220
 0.984915 0.000295 0.000295 0.014496
 0.021634 0.007432 0.942163 0.028771
 0.652719 0.000295 0.332490 0.014496
 0.000220 0.877923 0.007432 0.114425

MOTIF 25-CAGCCTGGGCRAC STREME-25
letter-probability matrix: alength= 4 w= 13 nsites= 208 E= 7.8e-002
 0.000168 0.950471 0.000225 0.049136
 0.999383 0.000225 0.000225 0.000168
 0.060018 0.002483 0.899244 0.038255
 0.000168 0.939589 0.000225 0.060018
 0.000168 0.948213 0.013365 0.038255
 0.016491 0.000225 0.000225 0.983060
 0.038255 0.000225 0.928707 0.032814
 0.049136 0.000225 0.950471 0.000168
 0.043696 0.198357 0.746898 0.011050
 0.000168 0.801307 0.000225 0.198300
 0.566783 0.000225 0.411061 0.021932
 0.953918 0.000225 0.040249 0.005609
 0.000168 0.977676 0.021988 0.000168

MOTIF 26-CCCCACCTCCCC STREME-26
letter-probability matrix: alength= 4 w= 12 nsites= 208 E= 1.3e-001
 0.036105 0.835106 0.040943 0.087846
 0.076571 0.893046 0.004877 0.025506
 0.083046 0.821192 0.094214 0.001548
 0.023128 0.945587 0.025555 0.005730
 0.983537 0.000193 0.000193 0.016076
 0.035775 0.875141 0.003039 0.086044
 0.023752 0.903417 0.072686 0.000145
 0.052806 0.000193 0.120041 0.826960
 0.066150 0.737752 0.110845 0.085253
 0.076419 0.815747 0.071203 0.036632
 0.097421 0.792296 0.047515 0.062769
 0.159450 0.742187 0.096816 0.001548

MOTIF 27-AGGTGGCGCTG STREME-27
letter-probability matrix: alength= 4 w= 11 nsites= 107 E= 1.9e-001
 0.823135 0.144236 0.000515 0.032113
 0.012874 0.013004 0.961248 0.012874
 0.019625 0.000515 0.966986 0.012874
 0.034461 0.041113 0.170397 0.754029
 0.000385 0.000515 0.993531 0.005569
 0.025363 0.000515 0.960085 0.014037
 0.022656 0.712278 0.150378 0.114688
 0.000385 0.025213 0.951746 0.022656
 0.068011 0.913416 0.013004 0.005569
 0.000385 0.021472 0.000515 0.977627
 0.000385 0.013004 0.965268 0.021342

MOTIF 28-CTCGGCTCACTGCA STREME-28
letter-probability matrix: alength= 4 w= 14 nsites= 91 E= 2.4e-001
 0.014094 0.971249 0.000564 0.014094
 0.219168 0.000564 0.000564 0.779704
 0.000422 0.834533 0.014236 0.150810
 0.287526 0.096266 0.602115 0.014094
 0.041437 0.000564 0.957577 0.000422
 0.041437 0.902891 0.000564 0.055108
 0.000422 0.000564 0.000564 0.998449
 0.000422 0.984920 0.000564 0.014094
 0.957435 0.000564 0.041579 0.000422
 0.000422 0.916562 0.000564 0.082452
 0.000422 0.027908 0.014236 0.957435
 0.055108 0.000564 0.943905 0.000422
 0.000422 0.971249 0.000564 0.027765
 0.984778 0.000564 0.000564 0.014094

MOTIF 29-CCAAGGCCAC STREME-29
letter-probability matrix: alength= 4 w= 10 nsites= 260 E= 2.7e-001
 0.026823 0.831494 0.000442 0.141241
 0.000330 0.931305 0.011143 0.057222
 0.890057 0.000442 0.094841 0.014660
 0.892381 0.088990 0.000442 0.018187
 0.000330 0.000442 0.998898 0.000330
 0.000330 0.021738 0.935311 0.042622
 0.000330 0.908649 0.090691 0.000330
 0.021493 0.964730 0.006944 0.006833
 0.920428 0.023789 0.025979 0.029804
 0.043579 0.619232 0.071020 0.266170

MOTIF 30-GCCGCCGCCGCCGCC STREME-30
letter-probability matrix: alength= 4 w= 15 nsites= 361 E= 2.8e-001
 0.016255 0.043164 0.920363 0.020218
 0.021299 0.888165 0.000104 0.090433
 0.096951 0.822733 0.002626 0.077690
 0.058136 0.000104 0.882635 0.059125
 0.007643 0.956870 0.000104 0.035382
 0.050748 0.791107 0.046663 0.111482
 0.060600 0.000104 0.929131 0.010165
 0.000078 0.847388 0.038977 0.113557
 0.015208 0.840037 0.100760 0.043994
 0.137357 0.036455 0.823588 0.002600
 0.012687 0.917997 0.002626 0.066690
 0.046088 0.837944 0.020064 0.095905
 0.067951 0.040452 0.859016 0.032581
 0.000078 0.891519 0.065456 0.042948
 0.023820 0.627377 0.223066 0.125737

MOTIF 31-GRATCGCTTGARCCC STREME-31
letter-probability matrix: alength= 4 w= 15 nsites= 140 E= 3.5e-001
 0.078278 0.000322 0.913356 0.008045
 0.538696 0.015930 0.445133 0.000241
 0.999115 0.000322 0.000322 0.000241
 0.008045 0.039341 0.000322 0.952293
 0.000241 0.632422 0.070555 0.296782
 0.296782 0.015930 0.687048 0.000241
 0.000241 0.905552 0.000322 0.093885
 0.008045 0.039341 0.070555 0.882059
 0.023652 0.008126 0.023733 0.944489
 0.039259 0.000322 0.944570 0.015848
 0.983508 0.000322 0.000322 0.015848
 0.562108 0.000322 0.421722 0.015848
 0.031456 0.819711 0.023733 0.125100
 0.015848 0.843122 0.015930 0.125100
 0.023652 0.819711 0.008126 0.148511

MOTIF 32-AGGAAAYG STREME-32
letter-probability matrix: alength= 4 w= 8 nsites= 1869 E= 3.6e-001
 0.873873 0.125469 0.000377 0.000282
 0.122163 0.000377 0.806158 0.071303
 0.000282 0.000377 0.954825 0.044517
 0.998965 0.000377 0.000377 0.000282
 0.998965 0.000377 0.000377 0.000282
 0.834896 0.000377 0.141134 0.023593
 0.000282 0.394174 0.078125 0.527420
 0.056764 0.000377 0.860499 0.082360

MOTIF 33-CTCGGCCTC STREME-33
letter-probability matrix: alength= 4 w= 9 nsites= 927 E= 4.0e-001
 0.007109 0.926799 0.065823 0.000269
 0.000269 0.000360 0.000360 0.999011
 0.000269 0.891050 0.108411 0.000269
 0.000269 0.081599 0.837360 0.080773
 0.062858 0.000360 0.880431 0.056352
 0.041652 0.857688 0.044594 0.056066
 0.053200 0.790942 0.104010 0.051848
 0.000269 0.063487 0.000360 0.935884
 0.051003 0.948368 0.000360 0.000269

MOTIF 34-CTGAGTCA STREME-34
letter-probability matrix: alength= 4 w= 8 nsites= 305 E= 4.6e-001
 0.066475 0.682519 0.250566 0.000440
 0.000440 0.043235 0.027696 0.928629
 0.174098 0.000589 0.713000 0.112313
 0.892151 0.106820 0.000589 0.000440
 0.000440 0.000589 0.998532 0.000440
 0.000440 0.000589 0.000589 0.998383
 0.000440 0.998532 0.000589 0.000440
 0.997959 0.000589 0.001013 0.000440

MOTIF 35-CCAAACCCAG STREME-35
letter-probability matrix: alength= 4 w= 10 nsites= 321 E= 4.9e-001
 0.111136 0.888403 0.000264 0.000197
 0.000197 0.949962 0.049644 0.000197
 0.822269 0.000264 0.000264 0.177204
 0.999275 0.000264 0.000264 0.000197
 0.518569 0.163696 0.081521 0.236214
 0.000197 0.981087 0.000264 0.018452
 0.091195 0.908344 0.000264 0.000197
 0.021963 0.946763 0.031076 0.000197
 0.694833 0.104386 0.100344 0.100437
 0.130878 0.032024 0.722714 0.114384

MOTIF 36-AGCCAATCAGAR STREME-36
letter-probability matrix: alength= 4 w= 12 nsites= 107 E= 6.5e-001
 0.969404 0.000406 0.020060 0.010130
 0.172675 0.049541 0.718519 0.059266
 0.000303 0.940026 0.029887 0.029784
 0.000303 0.998988 0.000406 0.000303
 0.998886 0.000406 0.000406 0.000303
 0.989058 0.000406 0.000406 0.010130
 0.019957 0.000406 0.020060 0.959577
 0.108401 0.861409 0.029887 0.000303
 0.745052 0.000406 0.254239 0.000303
 0.049438 0.092928 0.808195 0.049438
 0.633313 0.171544 0.190762 0.004382
 0.607474 0.029887 0.323028 0.039611

MOTIF 37-AGCCAGGCRTGGTG STREME-37
letter-probability matrix: alength= 4 w= 14 nsites= 104 E= 6.5e-001
 0.909745 0.000409 0.059830 0.030016
 0.010209 0.010312 0.949462 0.030016
 0.000306 0.989076 0.000409 0.010209
 0.020113 0.876028 0.010312 0.093547
 0.707565 0.020216 0.238093 0.034126
 0.030016 0.040023 0.929655 0.000306
 0.039920 0.020216 0.919752 0.020113
 0.010209 0.939559 0.049926 0.000306
 0.559012 0.109347 0.281817 0.049823
 0.010209 0.059830 0.059830 0.870131
 0.000306 0.069733 0.860331 0.069630
 0.079534 0.010312 0.850427 0.059727
 0.109244 0.044133 0.049926 0.796696
 0.073740 0.000409 0.925545 0.000306

MOTIF 38-CACGTG STREME-38
letter-probability matrix: alength= 4 w= 6 nsites= 316 E= 6.7e-001
 0.019445 0.935100 0.026009 0.019445
 0.928536 0.026009 0.026009 0.019445
 0.019445 0.935100 0.026009 0.019445
 0.019445 0.026009 0.935100 0.019445
 0.019445 0.026009 0.026009 0.928536
 0.019445 0.026009 0.935100 0.019445

MOTIF 39-GSTGACGTCASC STREME-39
letter-probability matrix: alength= 4 w= 12 nsites= 225 E= 6.8e-001
 0.104036 0.218412 0.532186 0.145366
 0.223493 0.274246 0.447566 0.054695
 0.000160 0.057125 0.000214 0.942500
 0.039114 0.008005 0.929349 0.023532
 0.982752 0.000214 0.000214 0.016819
 0.000160 0.928849 0.023586 0.047405
 0.047405 0.023586 0.928849 0.000160
 0.016819 0.000214 0.000214 0.982752
 0.023532 0.929349 0.008005 0.039114
 0.942500 0.000214 0.057125 0.000160
 0.054695 0.447566 0.274246 0.223493
 0.145366 0.532186 0.218412 0.104036

MOTIF 40-CAGCAGCAGC STREME-40
letter-probability matrix: alength= 4 w= 10 nsites= 573 E= 7.8e-001
 0.033069 0.887858 0.048694 0.030379
 0.913024 0.018994 0.010722 0.057260
 0.025264 0.040228 0.915226 0.019282
 0.016260 0.961961 0.007192 0.014587
 0.917827 0.054020 0.007633 0.020520
 0.015617 0.072386 0.911508 0.000488
 0.013144 0.979477 0.002203 0.005176
 0.901102 0.032481 0.027317 0.039100
 0.051682 0.067451 0.849576 0.031291
 0.003425 0.933018 0.048119 0.015438

MOTIF 41-GAGTGCAGTGGCRC STREME-41
letter-probability matrix: alength= 4 w= 14 nsites= 86 E= 9.4e-001
 0.026325 0.013498 0.946814 0.013363
 0.985567 0.000535 0.000535 0.013363
 0.091139 0.013498 0.894963 0.000400
 0.000400 0.026460 0.000535 0.972604
 0.039288 0.000535 0.959777 0.000400
 0.013363 0.972739 0.000535 0.013363
 0.985567 0.000535 0.013498 0.000400
 0.117065 0.000535 0.882000 0.000400
 0.000400 0.013498 0.000535 0.985567
 0.026325 0.000535 0.972739 0.000400
 0.013363 0.013498 0.933851 0.039288
 0.013363 0.726448 0.000535 0.259655
 0.492984 0.000535 0.493119 0.013363
 0.026325 0.648671 0.013498 0.311505

MOTIF 42-CAGGAAG STREME-42
letter-probability matrix: alength= 4 w= 7 nsites= 909 E= 1.1e+000
 0.019445 0.935100 0.026009 0.019445
 0.928536 0.026009 0.026009 0.019445
 0.019445 0.026009 0.935100 0.019445
 0.019445 0.026009 0.935100 0.019445
 0.928536 0.026009 0.026009 0.019445
 0.928536 0.026009 0.026009 0.019445
 0.019445 0.026009 0.935100 0.019445

MOTIF 43-GCTGGGA STREME-43
letter-probability matrix: alength= 4 w= 7 nsites= 1082 E= 1.1e+000
 0.019445 0.026009 0.935100 0.019445
 0.019445 0.935100 0.026009 0.019445
 0.019445 0.026009 0.026009 0.928536
 0.019445 0.026009 0.935100 0.019445
 0.019445 0.026009 0.935100 0.019445
 0.019445 0.026009 0.935100 0.019445
 0.928536 0.026009 0.026009 0.019445

MOTIF 44-AGTCACC STREME-44
letter-probability matrix: alength= 4 w= 7 nsites= 1437 E= 1.3e+000
 0.765875 0.231976 0.001230 0.000919
 0.000919 0.001230 0.996932 0.000919
 0.000919 0.001230 0.001230 0.996621
 0.211882 0.696862 0.001230 0.090027
 0.996621 0.001230 0.001230 0.000919
 0.000919 0.807642 0.001230 0.190209
 0.000919 0.874935 0.123226 0.000919

MOTIF 45-AAAAAAAAAAAAAAY STREME-45
letter-probability matrix: alength= 4 w= 15 nsites= 241 E= 1.3e+000
 0.784829 0.085476 0.000202 0.129494
 0.998501 0.000202 0.000202 0.001094
 0.935790 0.044271 0.005099 0.014841
 0.916203 0.039374 0.039374 0.005048
 0.730135 0.200961 0.049168 0.019737
 0.879895 0.005099 0.019788 0.095218
 0.806447 0.034478 0.005099 0.153976
 0.852548 0.093237 0.000202 0.054013
 0.762378 0.198096 0.000202 0.039323
 0.759514 0.196064 0.014892 0.029530
 0.935790 0.000202 0.039374 0.024634
 0.981799 0.009995 0.008055 0.000151
 0.994548 0.000202 0.005099 0.000151
 0.999445 0.000202 0.000202 0.000151
 0.000151 0.353954 0.193703 0.452192

MOTIF 46-CTTTGTTTTC STREME-46
letter-probability matrix: alength= 4 w= 10 nsites= 859 E= 1.3e+000
 0.152807 0.607246 0.210099 0.029849
 0.079062 0.108508 0.029716 0.782713
 0.016015 0.109943 0.000117 0.873925
 0.002918 0.130601 0.008279 0.858202
 0.097975 0.000117 0.901821 0.000087
 0.008516 0.000117 0.010051 0.981316
 0.040425 0.192504 0.028995 0.738077
 0.039132 0.098127 0.004478 0.858263
 0.184956 0.037701 0.081086 0.696257
 0.015263 0.886165 0.016498 0.082074

MOTIF 47-CTCCCTCCCC STREME-47
letter-probability matrix: alength= 4 w= 10 nsites= 560 E= 1.4e+000
 0.031576 0.890065 0.000411 0.077949
 0.000307 0.000411 0.000411 0.998871
 0.235091 0.764191 0.000411 0.000307
 0.000307 0.676270 0.205022 0.118401
 0.000307 0.919404 0.079982 0.000307
 0.000307 0.000411 0.000411 0.998871
 0.000307 0.998975 0.000411 0.000307
 0.000307 0.816174 0.183212 0.000307
 0.000307 0.998975 0.000411 0.000307
 0.054986 0.615075 0.035507 0.294432

MOTIF 48-RAATCAATA STREME-48
letter-probability matrix: alength= 4 w= 9 nsites= 240 E= 1.5e+000
 0.444877 0.222365 0.267572 0.065185
 0.786528 0.138048 0.074903 0.000521
 0.787984 0.000697 0.210798 0.000521
 0.000521 0.000697 0.000697 0.998084
 0.000521 0.998260 0.000697 0.000521
 0.947783 0.000697 0.050998 0.000521
 0.998084 0.000697 0.000697 0.000521
 0.000521 0.000697 0.000697 0.998084
 0.998084 0.000697 0.000697 0.000521

MOTIF 49-CTGACCTCTGC STREME-49
letter-probability matrix: alength= 4 w= 11 nsites= 157 E= 1.9e+000
 0.027349 0.799240 0.153608 0.019803
 0.000425 0.084456 0.041871 0.873248
 0.014193 0.168433 0.779766 0.037609
 0.998439 0.000568 0.000568 0.000425
 0.107683 0.877557 0.000568 0.014193
 0.000425 0.871298 0.127852 0.000425
 0.014193 0.000568 0.000568 0.984671
 0.163298 0.835709 0.000568 0.000425
 0.026109 0.033818 0.083174 0.856898
 0.100733 0.020681 0.841660 0.036927
 0.047442 0.924337 0.000568 0.027652

MOTIF 50-CAAATA STREME-50
letter-probability matrix: alength= 4 w= 6 nsites= 691 E= 1.9e+000
 0.019445 0.935100 0.026009 0.019445
 0.928536 0.026009 0.026009 0.019445
 0.928536 0.026009 0.026009 0.019445
 0.928536 0.026009 0.026009 0.019445
 0.019445 0.026009 0.026009 0.928536
 0.928536 0.026009 0.026009 0.019445

MOTIF 51-GGTTCGAATCCCR STREME-51
letter-probability matrix: alength= 4 w= 13 nsites= 98 E= 1.9e+000
 0.012048 0.000482 0.987108 0.000361
 0.023736 0.040397 0.935506 0.000361
 0.000361 0.070609 0.012170 0.916860
 0.000361 0.012170 0.000482 0.986987
 0.000361 0.928669 0.000482 0.070487
 0.199053 0.035546 0.753352 0.012048
 0.998674 0.000482 0.000482 0.000361
 0.577914 0.023858 0.199175 0.199053
 0.023736 0.199175 0.017021 0.760068
 0.000361 0.916982 0.012170 0.070487
 0.000361 0.940357 0.023858 0.035424
 0.000361 0.846855 0.070609 0.082175
 0.437660 0.012170 0.514746 0.035424

MOTIF 52-AAAGAAAGAAAGA STREME-52
letter-probability matrix: alength= 4 w= 13 nsites= 534 E= 1.9e+000
 0.810089 0.043021 0.088580 0.058311
 0.806918 0.039901 0.082036 0.071145
 0.862219 0.007594 0.067658 0.062529
 0.028782 0.039220 0.892478 0.039519
 0.828646 0.064428 0.059890 0.047036
 0.888358 0.037021 0.055771 0.018849
 0.752339 0.012132 0.061769 0.173759
 0.045873 0.085921 0.790644 0.077562
 0.785144 0.069746 0.086339 0.058771
 0.795454 0.057002 0.098949 0.048596
 0.708790 0.075703 0.083262 0.132245
 0.183805 0.121262 0.627357 0.067575
 0.809186 0.052736 0.071472 0.066607

MOTIF 53-GACCTCAGGTGATC STREME-53
letter-probability matrix: alength= 4 w= 14 nsites= 30 E= 2.1e+000
 0.019445 0.026009 0.935100 0.019445
 0.928536 0.026009 0.026009 0.019445
 0.019445 0.935100 0.026009 0.019445
 0.019445 0.935100 0.026009 0.019445
 0.019445 0.026009 0.026009 0.928536
 0.019445 0.935100 0.026009 0.019445
 0.928536 0.026009 0.026009 0.019445
 0.019445 0.026009 0.935100 0.019445
 0.019445 0.026009 0.935100 0.019445
 0.019445 0.026009 0.026009 0.928536
 0.019445 0.026009 0.935100 0.019445
 0.928536 0.026009 0.026009 0.019445
 0.019445 0.026009 0.026009 0.928536
 0.019445 0.935100 0.026009 0.019445

MOTIF 54-CCCAGCCC STREME-54
letter-probability matrix: alength= 4 w= 8 nsites= 512 E= 2.6e+000
 0.019445 0.935100 0.026009 0.019445
 0.019445 0.935100 0.026009 0.019445
 0.019445 0.935100 0.026009 0.019445
 0.928536 0.026009 0.026009 0.019445
 0.019445 0.026009 0.935100 0.019445
 0.019445 0.935100 0.026009 0.019445
 0.019445 0.935100 0.026009 0.019445
 0.019445 0.935100 0.026009 0.019445

MOTIF 55-AGCACGTGG STREME-55
letter-probability matrix: alength= 4 w= 9 nsites= 193 E= 2.6e+000
 0.750350 0.028352 0.008715 0.212583
 0.029863 0.039115 0.858746 0.072275
 0.045877 0.932817 0.018829 0.002477
 0.990715 0.000614 0.000614 0.008058
 0.000459 0.998469 0.000614 0.000459
 0.000459 0.000614 0.998469 0.000459
 0.096595 0.000614 0.000614 0.902178
 0.003485 0.043821 0.940354 0.012340
 0.015327 0.026183 0.868566 0.089923

MOTIF 56-CCCTTCCC STREME-56
letter-probability matrix: alength= 4 w= 8 nsites= 2630 E= 2.7e+000
 0.000201 0.896679 0.000269 0.102850
 0.085567 0.835052 0.000269 0.079112
 0.000201 0.843601 0.000269 0.155929
 0.091981 0.110494 0.000269 0.797256
 0.054389 0.000269 0.092775 0.852567
 0.000201 0.999328 0.000269 0.000201
 0.000201 0.944266 0.000269 0.055264
 0.000201 0.999328 0.000269 0.000201

MOTIF 57-AGAGCGAGAC STREME-57
letter-probability matrix: alength= 4 w= 10 nsites= 188 E= 2.8e+000
 0.981544 0.000307 0.017919 0.000230
 0.011693 0.000307 0.809241 0.178760
 0.960942 0.038522 0.000307 0.000230
 0.109900 0.000307 0.783186 0.106607
 0.073326 0.707387 0.000307 0.218980
 0.190535 0.033941 0.767854 0.007670
 0.957073 0.015022 0.000307 0.027597
 0.179465 0.011177 0.809128 0.000230
 0.999156 0.000307 0.000307 0.000230
 0.016882 0.951761 0.000307 0.031049

MOTIF 58-WRWGTCAACA STREME-58
letter-probability matrix: alength= 4 w= 10 nsites= 211 E= 9.8e+000
 0.602592 0.000427 0.000427 0.396553
 0.466286 0.000427 0.330092 0.203194
 0.554156 0.035795 0.054339 0.355710
 0.222249 0.000427 0.777004 0.000320
 0.000320 0.000427 0.000427 0.998825
 0.000320 0.998933 0.000427 0.000320
 0.998825 0.000427 0.000427 0.000320
 0.998825 0.000427 0.000427 0.000320
 0.000320 0.998933 0.000427 0.000320
 0.998825 0.000427 0.000427 0.000320

MOTIF 59-GGACAGCTCCCG STREME-59
letter-probability matrix: alength= 4 w= 12 nsites= 57 E= 3.8e+001
 0.000615 0.040690 0.958080 0.000615
 0.000615 0.000823 0.997947 0.000615
 0.977806 0.000823 0.000823 0.020549
 0.000615 0.978014 0.000823 0.020549
 0.997739 0.000823 0.000823 0.000615
 0.000615 0.000823 0.997947 0.000615
 0.040482 0.898280 0.020756 0.040482
 0.040482 0.020756 0.064463 0.874299
 0.000615 0.938147 0.040690 0.020549
 0.020549 0.958080 0.020756 0.000615
 0.180016 0.818546 0.000823 0.000615
 0.120216 0.259957 0.559412 0.060415

MOTIF 60-CACTCCAGCCTGG STREME-60
letter-probability matrix: alength= 4 w= 13 nsites= 41 E= 3.9e+001
 0.086240 0.826345 0.029629 0.057786
 0.939865 0.001174 0.058083 0.000878
 0.000878 0.883253 0.001174 0.114695
 0.000878 0.029629 0.001174 0.968319
 0.029332 0.797890 0.114991 0.057786
 0.029332 0.911707 0.001174 0.057786
 0.996773 0.001174 0.001174 0.000878
 0.000878 0.001174 0.997069 0.000878
 0.029332 0.940161 0.001174 0.029332
 0.000878 0.997069 0.001174 0.000878
 0.000878 0.001174 0.001174 0.996773
 0.000878 0.029629 0.940161 0.029332
 0.000878 0.029629 0.940161 0.029332

********************************************************************************
Stopped because 3 consecutive motifs exceeded the p-value threshold (0.05).
********************************************************************************
COMMAND:	streme --verbosity 1 --oc meme_out_incomplete_DL/HepG2_MBD1-human_ENCFF510QJE/streme_out -dna --seed 0 --p meme_out_incomplete_DL/HepG2_MBD1-human_ENCFF510QJE/seqs-centered --minw 6 --maxw 15 --time 6183 --order 2 --thresh 0.05 --align center --totallength 4000000 --parse-genomic-coord
********************************************************************************
CPU:		9f05ee173ae9
********************************************************************************
FINALTIME:	1820.52 seconds
********************************************************************************
