DB 1 MOTIF	26-ACACACACACRCACA	STREME-26
-347.5	7.25
-346.5	2.29091
-345.5	2.25
-344.5	1.29091
-343.5	4.25
-342.5	3.64091
-341.5	2.25
-340.5	6.64091
-339.5	8
-338.5	1.64091
-337.5	4
-336.5	2.44091
-335.5	4
-334.5	5.19091
-333.5	6
-332.5	1.19091
-331.5	0.25
-330.5	1.19091
-329.5	3.25
-328.5	1.19091
-327.5	2.375
-326.5	7.19091
-325.5	3.375
-324.5	4.1
-323.5	4.125
-322.5	1
-321.5	3.19167
-320.5	2
-319.5	5.69167
-318.5	2
-317.5	2.19167
-316.5	7
-315.5	1.69167
-314.5	2
-313.5	6.19167
-312.5	2
-311.5	2.06667
-310.5	2
-309.5	2.06667
-308.5	8.07692
-307.5	2.06667
-306.5	1.07692
-305.5	3.06667
-304.5	1.07692
-303.5	2.06667
-302.5	2.07692
-301.5	3.06667
-300.5	5.07692
-299.5	0.0666667
-298.5	5.07692
-297.5	4.06667
-296.5	1.07692
-295.5	2.06667
-294.5	2.07692
-293.5	4.06667
-292.5	3.07692
-291.5	3
-290.5	3.13942
-289.5	3
-288.5	2.13942
-287.5	5
-286.5	1.13942
-285.5	5
-284.5	3.13942
-283.5	0
-282.5	1.0625
-281.5	1.14286
-280.5	6.0625
-279.5	1.14286
-278.5	0.0625
-277.5	0.142857
-276.5	4.0625
-275.5	2.20168
-274.5	2.39583
-273.5	2.20168
-272.5	1.39583
-271.5	2.20168
-270.5	1.39583
-269.5	4.20168
-268.5	3.0625
-267.5	3.05882
-266.5	4.0625
-265.5	2.05882
-264.5	5.0625
-263.5	4.05882
-262.5	1.0625
-261.5	6.05882
-260.5	3.0625
-259.5	3.05882
-258.5	2
-257.5	1.05882
-256.5	1
-255.5	0.0588235
-254.5	4
-253.5	1.05882
-252.5	2
-251.5	4.05882
-250.5	5
-249.5	5.05882
-248.5	0
-247.5	2.05882
-246.5	1
-245.5	3.05882
-244.5	5.07692
-243.5	3.05882
-242.5	2.07692
-241.5	1
-240.5	1.07692
-239.5	2
-238.5	4.07692
-237.5	1
-236.5	2.07692
-235.5	2
-234.5	2.07692
-233.5	5
-232.5	3.07692
-231.5	1
-230.5	1.33333
-229.5	2
-228.5	2.33333
-227.5	2
-226.5	6.33333
-225.5	0
-224.5	3
-223.5	2
-222.5	0
-221.5	1
-220.5	0
-219.5	3
-218.5	4
-217.5	2
-216.5	3
-215.5	4
-214.5	3
-213.5	3
-212.5	4
-211.5	2
-210.5	4
-209.5	3
-208.5	3
-207.5	7
-206.5	4.11111
-205.5	3.1
-204.5	5.11111
-203.5	2.1
-202.5	3.11111
-201.5	4.1
-200.5	5.11111
-199.5	1.1
-198.5	2.44444
-197.5	2.1
-196.5	3.11111
-195.5	2.1
-194.5	2.11111
-193.5	0.1
-192.5	4.11111
-191.5	3.6
-190.5	0.111111
-189.5	0.1
-188.5	3
-187.5	2
-186.5	2
-185.5	2
-184.5	2.41667
-183.5	5
-182.5	2.08333
-181.5	5
-180.5	1.08333
-179.5	0
-178.5	0.0833333
-177.5	1
-176.5	2.08333
-175.5	1
-174.5	3.08333
-173.5	1
-172.5	4.08333
-171.5	3
-170.5	3.58333
-169.5	5
-168.5	3.58333
-167.5	4
-166.5	3.08333
-165.5	2
-164.5	3.08333
-163.5	2
-162.5	6.08333
-161.5	1
-160.5	5
-159.5	4
-158.5	8
-157.5	3
-156.5	2
-155.5	4
-154.5	6
-153.5	4
-152.5	4
-151.5	1
-150.5	4.09091
-149.5	3
-148.5	4.09091
-147.5	2
-146.5	3.09091
-145.5	4
-144.5	3.09091
-143.5	0.5
-142.5	3.09091
-141.5	4.5
-140.5	3.09091
-139.5	4
-138.5	2.09091
-137.5	6
-136.5	2.09091
-135.5	3
-134.5	5.09091
-133.5	8
-132.5	4.09091
-131.5	3
-130.5	1.34091
-129.5	6
-128.5	0.5
-127.5	3.07143
-126.5	3.5
-125.5	3.07143
-124.5	1.5
-123.5	5.07143
-122.5	2.25
-121.5	2.07143
-120.5	2.25
-119.5	2.07143
-118.5	4.25
-117.5	2.07143
-116.5	1.25
-115.5	1.07143
-114.5	3.25
-113.5	2.07143
-112.5	2.33333
-111.5	3.07143
-110.5	4.14286
-109.5	4.07143
-108.5	3.14286
-107.5	1.07143
-106.5	0.142857
-105.5	5.07143
-104.5	0.142857
-103.5	3.07143
-102.5	1.14286
-101.5	1.07143
-100.5	2.14286
 -99.5	4.5
 -98.5	3.14286
 -97.5	4.5
 -96.5	1
 -95.5	2
 -94.5	5
 -93.5	1
 -92.5	0
 -91.5	6
 -90.5	4.5
 -89.5	3
 -88.5	3
 -87.5	0
 -86.5	2.16667
 -85.5	4
 -84.5	2.16667
 -83.5	5
 -82.5	3.16667
 -81.5	7
 -80.5	2.16667
 -79.5	2
 -78.5	1.16667
 -77.5	4
 -76.5	3.16667
 -75.5	2
 -74.5	2
 -73.5	2
 -72.5	2
 -71.5	4.07692
 -70.5	0.111111
 -69.5	4.07692
 -68.5	4.11111
 -67.5	1.07692
 -66.5	2.11111
 -65.5	5.07692
 -64.5	0.111111
 -63.5	1.20192
 -62.5	3.11111
 -61.5	2.53526
 -60.5	5.11111
 -59.5	5.53526
 -58.5	5.21111
 -57.5	2.53526
 -56.5	4.71111
 -55.5	2.20192
 -54.5	3.79444
 -53.5	8.20192
 -52.5	3.68333
 -51.5	2.20192
 -50.5	1.68333
 -49.5	4.20192
 -48.5	4.35
 -47.5	2.07692
 -46.5	3.24286
 -45.5	5.14286
 -44.5	2.24286
 -43.5	1.14286
 -42.5	2.24286
 -41.5	4.14286
 -40.5	3.24286
 -39.5	3.14286
 -38.5	3.14286
 -37.5	5.14286
 -36.5	2.14286
 -35.5	4.14286
 -34.5	2.14286
 -33.5	6.14286
 -32.5	2
 -31.5	3
 -30.5	0
 -29.5	2
 -28.5	4.18333
 -27.5	4
 -26.5	4.08333
 -25.5	5
 -24.5	5.08333
 -23.5	4.1
 -22.5	2.08333
 -21.5	2.1
 -20.5	4.08333
 -19.5	4.1
 -18.5	1.41667
 -17.5	2.1
 -16.5	5.75
 -15.5	0.1
 -14.5	4.75
 -13.5	2.1
 -12.5	3.41667
 -11.5	5.18333
 -10.5	2.15
  -9.5	3.1
  -8.5	1.15
  -7.5	4.1
  -6.5	5.15
  -5.5	4.1
  -4.5	7.06667
  -3.5	3
  -2.5	2.06667
  -1.5	1
  -0.5	2.06667
   0.5	3.08333
   1.5	2.06667
   2.5	4.08333
   3.5	2.06667
   4.5	1.08333
   5.5	3.06667
   6.5	1.08333
   7.5	2.06667
   8.5	1.08333
   9.5	9.06667
  10.5	2.08333
  11.5	5.06667
  12.5	1.08333
  13.5	3.06667
  14.5	1.08333
  15.5	0.0666667
  16.5	4.08333
  17.5	5.06667
  18.5	6.08333
  19.5	4
  20.5	3.08333
  21.5	3.5
  22.5	2.58333
  23.5	4
  24.5	5
  25.5	1.08333
  26.5	3
  27.5	1.08333
  28.5	1.07143
  29.5	2.08333
  30.5	2.07143
  31.5	1.08333
  32.5	2.07143
  33.5	3.08333
  34.5	2.25476
  35.5	3.08333
  36.5	7.25476
  37.5	2.08333
  38.5	1.25476
  39.5	4.08333
  40.5	4.25476
  41.5	5.08333
  42.5	5.25476
  43.5	3.08333
  44.5	5.25476
  45.5	4.08333
  46.5	8.25476
  47.5	3.08333
  48.5	1.25476
  49.5	4
  50.5	4.25476
  51.5	2
  52.5	5.20739
  53.5	4
  54.5	4.20739
  55.5	2
  56.5	5.13596
  57.5	3
  58.5	3.05263
  59.5	0
  60.5	4.05263
  61.5	2
  62.5	2.05263
  63.5	3
  64.5	5.05263
  65.5	4.06667
  66.5	1.05263
  67.5	0.0666667
  68.5	0.0526316
  69.5	4.56667
  70.5	2.38596
  71.5	1.06667
  72.5	2.05263
  73.5	2.06667
  74.5	1.05263
  75.5	3.06667
  76.5	2.13596
  77.5	4.06667
  78.5	6.13596
  79.5	5.06667
  80.5	0.469298
  81.5	6.06667
  82.5	2.13596
  83.5	6.06667
  84.5	1.13596
  85.5	2.06667
  86.5	2.13596
  87.5	3.06667
  88.5	3.13596
  89.5	7.06667
  90.5	4.41667
  91.5	4.06667
  92.5	1.08333
  93.5	6.06667
  94.5	5.08333
  95.5	2
  96.5	2.28333
  97.5	3
  98.5	1.28333
  99.5	2
 100.5	1.2
 101.5	1
 102.5	6.2
 103.5	1
 104.5	6.28333
 105.5	4
 106.5	3.08333
 107.5	2
 108.5	3.08333
 109.5	5
 110.5	1.08333
 111.5	3.0625
 112.5	2.15476
 113.5	1.0625
 114.5	1.15476
 115.5	3.0625
 116.5	2.15476
 117.5	2.0625
 118.5	4.15476
 119.5	3.0625
 120.5	7.15476
 121.5	1.0625
 122.5	1.15476
 123.5	2.0625
 124.5	5.23168
 125.5	5.11012
 126.5	1.21978
 127.5	2.11012
 128.5	2.21978
 129.5	1.11012
 130.5	1.21978
 131.5	2.11012
 132.5	2.21978
 133.5	1.11012
 134.5	4.14286
 135.5	4.11012
 136.5	0.142857
 137.5	3.25298
 138.5	4.14286
 139.5	3.45298
 140.5	1.07143
 141.5	5.45298
 142.5	3.07143
 143.5	3.39048
 144.5	4.07143
 145.5	6.19048
 146.5	5.07143
 147.5	3.19048
 148.5	5.07143
 149.5	4.2619
 150.5	2.17143
 151.5	3.11905
 152.5	4.22406
 153.5	6.11905
 154.5	1.15263
 155.5	4.11905
 156.5	5.15263
 157.5	3.11905
 158.5	1.15263
 159.5	2.11905
 160.5	4.15263
 161.5	2.31905
 162.5	4.65263
 163.5	4.65238
 164.5	5.15263
 165.5	3.45238
 166.5	4.65263
 167.5	2.40476
 168.5	0.652632
 169.5	8.07143
 170.5	3.05263
 171.5	2.07143
 172.5	1.05263
 173.5	0.0714286
 174.5	3.05263
 175.5	1.07143
 176.5	2.05263
 177.5	6
 178.5	2.55263
 179.5	2
 180.5	1.05263
 181.5	4
 182.5	2.55263
 183.5	2
 184.5	1.05263
 185.5	0
 186.5	3.05263
 187.5	2
 188.5	3.05263
 189.5	1.06667
 190.5	3
 191.5	1.06667
 192.5	1
 193.5	3.06667
 194.5	1
 195.5	2.06667
 196.5	2
 197.5	0.322222
 198.5	2
 199.5	0.322222
 200.5	2
 201.5	3.32222
 202.5	2.16667
 203.5	1.32222
 204.5	6.16667
 205.5	4.32222
 206.5	3.16667
 207.5	2.12222
 208.5	3.16667
 209.5	2.62222
 210.5	5.16667
 211.5	7.22222
 212.5	2.16667
 213.5	0.122222
 214.5	2
 215.5	1.12222
 216.5	1
 217.5	2.12222
 218.5	3.5
 219.5	2.05556
 220.5	2.5
 221.5	1.05556
 222.5	2
 223.5	2.05556
 224.5	1.05882
 225.5	2.05556
 226.5	4.05882
 227.5	2.05556
 228.5	2.05882
 229.5	5.55556
 230.5	3.05882
 231.5	4.55556
 232.5	4.05882
 233.5	3
 234.5	0.0588235
 235.5	0
 236.5	4.05882
 237.5	2
 238.5	1.05882
 239.5	5
 240.5	3.05882
 241.5	2
 242.5	3.05882
 243.5	0
 244.5	5.05882
 245.5	3
 246.5	5.05882
 247.5	5
 248.5	0.0588235
 249.5	2
 250.5	1.05882
 251.5	2
 252.5	0.0588235
 253.5	4
 254.5	4.05882
 255.5	2
 256.5	0.0588235
 257.5	4.33333
 258.5	0
 259.5	2.33333
 260.5	5
 261.5	1.33333
 262.5	4
 263.5	4
 264.5	5
 265.5	1
 266.5	0
 267.5	2.08333
 268.5	3.5
 269.5	2.08333
 270.5	0.625
 271.5	2.08333
 272.5	3.125
 273.5	2.08333
 274.5	3.125
 275.5	2.08333
 276.5	6.125
 277.5	3.08333
 278.5	1.125
 279.5	1.18333
 280.5	6.125
 281.5	4.18333
 282.5	4.125
 283.5	3.18333
 284.5	2.125
 285.5	2.18333
 286.5	2
 287.5	0.183333
 288.5	1
 289.5	2.28333
 290.5	2
 291.5	1.27692
 292.5	2
 293.5	2.27692
 294.5	2
 295.5	3.27692
 296.5	1
 297.5	9.27692
 298.5	1.2
 299.5	2.17692
 300.5	3.2
 301.5	4.17692
 302.5	3.2
 303.5	1.17692
 304.5	1.2
 305.5	2.17692
 306.5	3.81111
 307.5	4.17692
 308.5	1.11111
 309.5	1.07692
 310.5	3.61111
 311.5	5.07692
 312.5	1.16993
 313.5	3.07692
 314.5	3.16993
 315.5	3.07692
 316.5	5.16993
 317.5	1
 318.5	1.16993
 319.5	4.33333
 320.5	3.16993
 321.5	1
 322.5	3.16993
 323.5	3
 324.5	1.05882
 325.5	2.33333
 326.5	1.05882
 327.5	0
 328.5	3.05882
 329.5	1
 330.5	1.05882
 331.5	2.33333
 332.5	1.05882
 333.5	3
 334.5	6.05882
 335.5	0.142857
 336.5	2.05882
 337.5	3.39286
 338.5	2.25882
 339.5	1.39286
 340.5	2.25882
 341.5	0.392857
 342.5	2.25882
 343.5	3.39286
 344.5	5.25882
 345.5	0.142857
 346.5	2.27692
 347.5	2.14286
DB 2 MOTIF	ZIC3_HUMAN.H11MO.0.B
-347.5	4
-346.5	4
-345.5	2
-344.5	9
-343.5	13
-342.5	6.5
-341.5	2
-340.5	8
-339.5	5
-338.5	6
-337.5	7
-336.5	4
-335.5	8
-334.5	4
-333.5	6
-332.5	5
-331.5	9
-330.5	2
-329.5	2
-328.5	8
-327.5	0
-326.5	8.07692
-325.5	3
-324.5	3
-323.5	3
-322.5	1
-321.5	6
-320.5	5
-319.5	2
-318.5	2
-317.5	4
-316.5	1.5
-315.5	3
-314.5	3
-313.5	4
-312.5	4.5
-311.5	1
-310.5	4
-309.5	4
-308.5	2
-307.5	6
-306.5	7
-305.5	10
-304.5	1
-303.5	4
-302.5	3
-301.5	4
-300.5	6
-299.5	3
-298.5	6
-297.5	7
-296.5	6
-295.5	9
-294.5	1
-293.5	5
-292.5	9.07692
-291.5	9
-290.5	7
-289.5	9
-288.5	3
-287.5	5
-286.5	5
-285.5	7
-284.5	5
-283.5	0
-282.5	4
-281.5	4
-280.5	4
-279.5	3
-278.5	5
-277.5	5
-276.5	2
-275.5	4
-274.5	3
-273.5	1
-272.5	2
-271.5	4
-270.5	6.5
-269.5	2
-268.5	4
-267.5	4
-266.5	6
-265.5	5
-264.5	2
-263.5	5
-262.5	3
-261.5	10
-260.5	3
-259.5	5
-258.5	6.07692
-257.5	3
-256.5	6
-255.5	3
-254.5	3
-253.5	6
-252.5	4
-251.5	6
-250.5	3
-249.5	5
-248.5	6
-247.5	5
-246.5	8
-245.5	5
-244.5	4
-243.5	6
-242.5	8
-241.5	4
-240.5	5.5
-239.5	6
-238.5	3
-237.5	4
-236.5	6
-235.5	5
-234.5	4
-233.5	6
-232.5	8
-231.5	2
-230.5	3
-229.5	3
-228.5	7
-227.5	9
-226.5	1
-225.5	5
-224.5	6
-223.5	3
-222.5	3.57692
-221.5	9
-220.5	3
-219.5	7
-218.5	5
-217.5	4.5
-216.5	9
-215.5	2
-214.5	8.07143
-213.5	8
-212.5	8
-211.5	5
-210.5	4
-209.5	6
-208.5	5
-207.5	3
-206.5	3
-205.5	5
-204.5	7
-203.5	2
-202.5	6
-201.5	7
-200.5	4
-199.5	8
-198.5	9
-197.5	6
-196.5	7.5
-195.5	5
-194.5	4
-193.5	6
-192.5	4
-191.5	7
-190.5	4
-189.5	4
-188.5	5.07692
-187.5	6
-186.5	5
-185.5	9
-184.5	5
-183.5	6
-182.5	2
-181.5	5
-180.5	11
-179.5	5
-178.5	7.07143
-177.5	4
-176.5	4
-175.5	6
-174.5	6
-173.5	6
-172.5	10
-171.5	9
-170.5	7
-169.5	5
-168.5	6
-167.5	6
-166.5	5
-165.5	7
-164.5	10
-163.5	5
-162.5	6
-161.5	4
-160.5	8
-159.5	9
-158.5	4
-157.5	5
-156.5	5
-155.5	5
-154.5	0
-153.5	6
-152.5	1.07692
-151.5	3
-150.5	9
-149.5	5
-148.5	5
-147.5	4
-146.5	2
-145.5	6
-144.5	9
-143.5	3
-142.5	4
-141.5	5
-140.5	5
-139.5	2
-138.5	3
-137.5	6
-136.5	6
-135.5	10
-134.5	8
-133.5	3
-132.5	6
-131.5	6
-130.5	5
-129.5	6
-128.5	10
-127.5	8
-126.5	2
-125.5	9
-124.5	9
-123.5	7
-122.5	4
-121.5	6
-120.5	11
-119.5	8
-118.5	5
-117.5	7
-116.5	4.07692
-115.5	3
-114.5	5
-113.5	3
-112.5	5
-111.5	3
-110.5	7
-109.5	4
-108.5	6
-107.5	7
-106.5	1
-105.5	5
-104.5	7
-103.5	4.5
-102.5	2
-101.5	10
-100.5	8
 -99.5	1
 -98.5	1
 -97.5	9
 -96.5	4
 -95.5	4
 -94.5	6
 -93.5	1
 -92.5	7
 -91.5	7
 -90.5	4
 -89.5	3
 -88.5	7
 -87.5	3
 -86.5	5
 -85.5	4
 -84.5	9
 -83.5	3
 -82.5	5
 -81.5	2
 -80.5	8.07692
 -79.5	7
 -78.5	6
 -77.5	1
 -76.5	7
 -75.5	6
 -74.5	4
 -73.5	6
 -72.5	3
 -71.5	3
 -70.5	5.07143
 -69.5	4
 -68.5	4
 -67.5	3
 -66.5	3
 -65.5	5.5
 -64.5	3
 -63.5	4
 -62.5	7
 -61.5	2
 -60.5	2
 -59.5	6
 -58.5	8
 -57.5	4
 -56.5	5
 -55.5	5.33333
 -54.5	6
 -53.5	3.5
 -52.5	3
 -51.5	13
 -50.5	4
 -49.5	3
 -48.5	6
 -47.5	8
 -46.5	7.07692
 -45.5	3
 -44.5	6
 -43.5	4
 -42.5	6
 -41.5	7
 -40.5	4
 -39.5	7
 -38.5	5
 -37.5	9
 -36.5	2.07143
 -35.5	6
 -34.5	3
 -33.5	6
 -32.5	5
 -31.5	6
 -30.5	3
 -29.5	4
 -28.5	4
 -27.5	2
 -26.5	2
 -25.5	7
 -24.5	6
 -23.5	6
 -22.5	7
 -21.5	5
 -20.5	7
 -19.5	7
 -18.5	4
 -17.5	4
 -16.5	5
 -15.5	4
 -14.5	4
 -13.5	4
 -12.5	4
 -11.5	4
 -10.5	5.07692
  -9.5	5
  -8.5	3
  -7.5	2
  -6.5	6
  -5.5	3
  -4.5	7
  -3.5	4
  -2.5	4.07143
  -1.5	5
  -0.5	7
   0.5	7
   1.5	3
   2.5	2
   3.5	6
   4.5	4
   5.5	8
   6.5	3
   7.5	5
   8.5	5
   9.5	4
  10.5	9
  11.5	8
  12.5	4
  13.5	5
  14.5	6
  15.5	4
  16.5	5
  17.5	8
  18.5	4
  19.5	2
  20.5	2
  21.5	8
  22.5	8
  23.5	5
  24.5	4
  25.5	4.07692
  26.5	8
  27.5	2
  28.5	3
  29.5	5
  30.5	7
  31.5	1
  32.5	3
  33.5	8.07143
  34.5	6
  35.5	7
  36.5	9
  37.5	5
  38.5	7
  39.5	8
  40.5	3
  41.5	12.8333
  42.5	4
  43.5	4
  44.5	6
  45.5	6
  46.5	5
  47.5	5
  48.5	4
  49.5	6
  50.5	4
  51.5	4
  52.5	4
  53.5	7
  54.5	14
  55.5	9
  56.5	4
  57.5	5.5
  58.5	9
  59.5	7
  60.5	8
  61.5	8.07692
  62.5	8
  63.5	6
  64.5	7
  65.5	7
  66.5	2
  67.5	6.07143
  68.5	0
  69.5	3
  70.5	11
  71.5	3
  72.5	4
  73.5	7
  74.5	6
  75.5	4
  76.5	6
  77.5	5
  78.5	7
  79.5	6
  80.5	6
  81.5	12.5
  82.5	4
  83.5	4
  84.5	3.5
  85.5	4
  86.5	4
  87.5	6
  88.5	5
  89.5	3.33333
  90.5	6.5
  91.5	6
  92.5	6
  93.5	6
  94.5	2
  95.5	6
  96.5	2
  97.5	5.07692
  98.5	6
  99.5	2
 100.5	2
 101.5	3
 102.5	10
 103.5	8.07143
 104.5	5
 105.5	6
 106.5	5
 107.5	4
 108.5	4
 109.5	3
 110.5	7
 111.5	5
 112.5	6
 113.5	4
 114.5	8
 115.5	6
 116.5	2
 117.5	5
 118.5	6
 119.5	2
 120.5	7
 121.5	5
 122.5	3
 123.5	6
 124.5	3
 125.5	6
 126.5	7
 127.5	7
 128.5	12
 129.5	5
 130.5	5
 131.5	6
 132.5	1
 133.5	5
 134.5	7
 135.5	6
 136.5	2
 137.5	4
 138.5	6
 139.5	5.07143
 140.5	8
 141.5	7
 142.5	7.5
 143.5	4
 144.5	6
 145.5	5
 146.5	8
 147.5	2
 148.5	6
 149.5	4
 150.5	6
 151.5	9.5
 152.5	5
 153.5	4
 154.5	9
 155.5	5
 156.5	9
 157.5	1.5
 158.5	4
 159.5	7
 160.5	9
 161.5	2
 162.5	7
 163.5	13
 164.5	8
 165.5	1
 166.5	7
 167.5	5
 168.5	9
 169.5	3
 170.5	7
 171.5	3
 172.5	9
 173.5	3
 174.5	7
 175.5	2.07143
 176.5	6.5
 177.5	3
 178.5	8.5
 179.5	4
 180.5	1
 181.5	6
 182.5	9
 183.5	6
 184.5	8
 185.5	8
 186.5	4.5
 187.5	3
 188.5	4
 189.5	5
 190.5	5
 191.5	6
 192.5	3
 193.5	4
 194.5	5
 195.5	2
 196.5	5
 197.5	9
 198.5	3
 199.5	3
 200.5	8
 201.5	11
 202.5	2
 203.5	4
 204.5	5
 205.5	0
 206.5	4
 207.5	7
 208.5	0
 209.5	3.07143
 210.5	6
 211.5	3
 212.5	3
 213.5	8
 214.5	7
 215.5	1
 216.5	6
 217.5	3
 218.5	5.5
 219.5	3
 220.5	5
 221.5	2
 222.5	4
 223.5	2
 224.5	0
 225.5	7
 226.5	7
 227.5	9
 228.5	5
 229.5	5
 230.5	5
 231.5	8
 232.5	3
 233.5	10
 234.5	5
 235.5	3
 236.5	5
 237.5	3
 238.5	1
 239.5	5
 240.5	7.5
 241.5	2
 242.5	5
 243.5	6.5
 244.5	10
 245.5	7.07143
 246.5	1
 247.5	5
 248.5	4
 249.5	4
 250.5	6
 251.5	0
 252.5	3
 253.5	8
 254.5	10
 255.5	4
 256.5	3
 257.5	4
 258.5	5
 259.5	3
 260.5	4
 261.5	6
 262.5	7
 263.5	3
 264.5	3
 265.5	5
 266.5	3
 267.5	6
 268.5	2
 269.5	6
 270.5	6
 271.5	7
 272.5	5
 273.5	4
 274.5	2
 275.5	7
 276.5	5
 277.5	4
 278.5	4
 279.5	2
 280.5	4
 281.5	8.07143
 282.5	8
 283.5	3
 284.5	2
 285.5	3
 286.5	6
 287.5	5
 288.5	7
 289.5	4
 290.5	5
 291.5	1
 292.5	6
 293.5	4
 294.5	4
 295.5	3
 296.5	2
 297.5	13
 298.5	7
 299.5	0
 300.5	7
 301.5	10
 302.5	4
 303.5	3
 304.5	4
 305.5	3
 306.5	8
 307.5	1
 308.5	2
 309.5	6
 310.5	3
 311.5	6.5
 312.5	4
 313.5	2
 314.5	6
 315.5	5
 316.5	11
 317.5	3.07143
 318.5	4
 319.5	5
 320.5	6
 321.5	5
 322.5	6
 323.5	3
 324.5	6
 325.5	4
 326.5	5
 327.5	2
 328.5	7
 329.5	3
 330.5	0
 331.5	5
 332.5	3
 333.5	4
 334.5	4
 335.5	5
 336.5	4
 337.5	4
 338.5	3
 339.5	2
 340.5	8
 341.5	4
 342.5	5
 343.5	4
 344.5	3
 345.5	8
 346.5	0
 347.5	3
