********************************************************************************
STREME - Sensitive, Thorough, Rapid, Enriched Motif Elicitation
********************************************************************************
MEME version 5.5.3 (Release date: Sat Jun 10 16:19:38 2023 -0700)

For further information on how to interpret these results please access http://localhost:8080/meme_5.5.3.
To get a copy of the MEME Suite software please access https://meme-suite.org.

********************************************************************************


********************************************************************************
REFERENCE
********************************************************************************
If you use this program in your research, please cite:

Timothy L. Bailey,
"STREME: accurate and versatile sequence motif discovery",
Bioinformatics, Mar. 24, 2021.
********************************************************************************


ALPHABET= ACGT

strands: + -

Background letter frequencies
A 0.213 C 0.287 G 0.287 T 0.213 

MOTIF 1-AGTAAAYA STREME-1
letter-probability matrix: alength= 4 w= 8 nsites= 4381 E= 1.3e-045
 0.596343 0.000031 0.172266 0.231359
 0.237436 0.000031 0.762509 0.000023
 0.000023 0.277191 0.000031 0.722755
 0.964358 0.035588 0.000031 0.000023
 0.999914 0.000031 0.000031 0.000023
 0.999914 0.000031 0.000031 0.000023
 0.000023 0.593715 0.000031 0.406231
 0.999914 0.000031 0.000031 0.000023

MOTIF 2-GCCCCGCCCCCN STREME-2
letter-probability matrix: alength= 4 w= 12 nsites= 2988 E= 1.2e-028
 0.090347 0.021632 0.717519 0.170502
 0.025082 0.913853 0.012870 0.048195
 0.032920 0.921252 0.000025 0.045803
 0.065022 0.934934 0.000025 0.000019
 0.000019 0.978466 0.000025 0.021490
 0.103742 0.000025 0.792824 0.103409
 0.014616 0.980652 0.000025 0.004707
 0.001795 0.996958 0.001228 0.000019
 0.000110 0.917308 0.002853 0.079729
 0.114145 0.834318 0.013672 0.037865
 0.059440 0.576859 0.166338 0.197363
 0.254492 0.258169 0.187319 0.300021

MOTIF 3-CMAAGKTCA STREME-3
letter-probability matrix: alength= 4 w= 9 nsites= 4778 E= 1.6e-022
 0.062037 0.729956 0.021134 0.186873
 0.581257 0.404041 0.005628 0.009073
 0.793828 0.000032 0.190142 0.015997
 0.999912 0.000032 0.000032 0.000024
 0.000024 0.012382 0.987571 0.000024
 0.030914 0.000032 0.627440 0.341614
 0.053674 0.293054 0.048704 0.604568
 0.000024 0.943695 0.000032 0.056249
 0.992473 0.000032 0.007471 0.000024

MOTIF 4-CCAGCCTGGGCRACA STREME-4
letter-probability matrix: alength= 4 w= 15 nsites= 537 E= 3.1e-017
 0.012356 0.930128 0.016476 0.041041
 0.004161 0.948570 0.000085 0.047185
 0.995670 0.004182 0.000085 0.000063
 0.032844 0.006231 0.915785 0.045140
 0.004161 0.966158 0.008280 0.021402
 0.016453 0.942422 0.002134 0.038991
 0.000913 0.018524 0.008280 0.972283
 0.063577 0.004182 0.926031 0.006209
 0.102516 0.000085 0.893238 0.004161
 0.039841 0.250101 0.691556 0.018502
 0.033694 0.664622 0.007620 0.294064
 0.587236 0.019374 0.383083 0.010307
 0.972283 0.002134 0.019375 0.006209
 0.008258 0.945670 0.016475 0.029596
 0.957941 0.004182 0.029619 0.008258

MOTIF 5-CTGTAATCCCAGCW STREME-5
letter-probability matrix: alength= 4 w= 14 nsites= 628 E= 7.3e-014
 0.003531 0.952156 0.008765 0.035548
 0.005269 0.015720 0.003549 0.975461
 0.073803 0.012242 0.912162 0.001792
 0.000053 0.036586 0.012243 0.951118
 0.952858 0.005288 0.029630 0.012224
 0.754532 0.010504 0.234911 0.000053
 0.000053 0.007026 0.005288 0.987632
 0.001792 0.940706 0.005288 0.052214
 0.013963 0.928535 0.003549 0.053954
 0.000053 0.918097 0.000072 0.081778
 0.975461 0.001811 0.017459 0.005269
 0.067864 0.005288 0.912886 0.013962
 0.040043 0.938967 0.008765 0.012224
 0.557981 0.017460 0.020937 0.403623

MOTIF 6-CCTCRGCCTCCCAAR STREME-6
letter-probability matrix: alength= 4 w= 15 nsites= 587 E= 3.4e-011
 0.004063 0.937771 0.000083 0.058083
 0.002062 0.973785 0.008085 0.016067
 0.004063 0.008086 0.006085 0.981767
 0.008064 0.833659 0.000083 0.158194
 0.574583 0.010086 0.383257 0.032074
 0.034073 0.002083 0.961781 0.002062
 0.004063 0.953778 0.004084 0.038075
 0.000061 0.983788 0.000083 0.016068
 0.004063 0.004084 0.000083 0.991770
 0.014066 0.936943 0.008916 0.040075
 0.006063 0.957780 0.002083 0.034073
 0.039080 0.787840 0.010917 0.162164
 0.675438 0.036095 0.286404 0.002062
 0.939751 0.006085 0.048101 0.006064
 0.551200 0.016088 0.432650 0.000061

MOTIF 7-CACTTCCGGBB STREME-7
letter-probability matrix: alength= 4 w= 11 nsites= 1595 E= 3.7e-011
 0.125652 0.585204 0.148229 0.140915
 0.917332 0.000050 0.082582 0.000037
 0.000037 0.999877 0.000050 0.000037
 0.000037 0.000050 0.000050 0.999864
 0.008437 0.000050 0.000050 0.991464
 0.000037 0.999877 0.000050 0.000037
 0.000037 0.999877 0.000050 0.000037
 0.000037 0.000050 0.686513 0.313401
 0.006817 0.264676 0.634033 0.094474
 0.020982 0.365675 0.219872 0.393471
 0.133883 0.277066 0.214313 0.374738

MOTIF 8-CTCCTGGGCTCAAG STREME-8
letter-probability matrix: alength= 4 w= 14 nsites= 361 E= 4.4e-010
 0.000096 0.951550 0.006374 0.041980
 0.012585 0.003251 0.000129 0.984035
 0.012585 0.902887 0.021985 0.062544
 0.003218 0.957795 0.000129 0.038858
 0.009463 0.194227 0.003251 0.793059
 0.110687 0.000129 0.889088 0.000096
 0.187454 0.009496 0.790466 0.012585
 0.096889 0.202847 0.693924 0.006340
 0.003218 0.678578 0.003251 0.314952
 0.000096 0.015741 0.000129 0.984034
 0.000096 0.959091 0.009496 0.031318
 0.977790 0.000129 0.018862 0.003218
 0.959055 0.040720 0.000129 0.000096
 0.085693 0.015740 0.895349 0.003218

MOTIF 9-CCCWRCCC STREME-9
letter-probability matrix: alength= 4 w= 8 nsites= 4726 E= 8.9e-010
 0.000080 0.999731 0.000108 0.000080
 0.000080 0.974716 0.025124 0.000080
 0.000080 0.999731 0.000108 0.000080
 0.547350 0.167119 0.000108 0.285423
 0.235530 0.138230 0.462531 0.163709
 0.000080 0.999731 0.000108 0.000080
 0.093192 0.829151 0.000108 0.077549
 0.000080 0.940032 0.000108 0.059779

MOTIF 10-GATTGCAYMAY STREME-10
letter-probability matrix: alength= 4 w= 11 nsites= 994 E= 3.2e-009
 0.000043 0.221971 0.626039 0.151947
 0.999841 0.000058 0.000058 0.000043
 0.000043 0.000058 0.000058 0.999841
 0.000043 0.071416 0.114622 0.813919
 0.211462 0.000058 0.674128 0.114352
 0.000043 0.817040 0.000058 0.182858
 0.694996 0.000058 0.304903 0.000043
 0.195090 0.469205 0.000058 0.335648
 0.344572 0.637557 0.000058 0.017812
 0.999841 0.000058 0.000058 0.000043
 0.000043 0.566072 0.119661 0.314224

MOTIF 11-CTCACTGCARCCT STREME-11
letter-probability matrix: alength= 4 w= 13 nsites= 416 E= 8.4e-009
 0.009291 0.921764 0.015456 0.053489
 0.011370 0.005272 0.006258 0.977100
 0.000094 0.946815 0.016728 0.036362
 0.975126 0.000127 0.024653 0.000094
 0.002899 0.951877 0.006259 0.038965
 0.000094 0.061444 0.006259 0.932203
 0.050420 0.006259 0.941955 0.001367
 0.009291 0.917427 0.000127 0.073155
 0.975125 0.006259 0.018522 0.000094
 0.491935 0.018522 0.461857 0.027686
 0.021555 0.856093 0.081129 0.041223
 0.018489 0.952426 0.006259 0.022827
 0.009292 0.022179 0.006259 0.962271

MOTIF 12-AGRKGGCGS STREME-12
letter-probability matrix: alength= 4 w= 9 nsites= 1631 E= 1.5e-008
 0.995603 0.004224 0.000099 0.000074
 0.013117 0.000099 0.986710 0.000074
 0.600669 0.000099 0.399158 0.000074
 0.000074 0.000099 0.390293 0.609534
 0.000074 0.022691 0.926592 0.050643
 0.024186 0.000099 0.967183 0.008532
 0.000074 0.986265 0.000099 0.013562
 0.000074 0.000099 0.999753 0.000074
 0.079468 0.564504 0.323449 0.032579

MOTIF 13-AAAAAAAAAAMAAAA STREME-13
letter-probability matrix: alength= 4 w= 15 nsites= 478 E= 1.6e-008
 0.853007 0.055854 0.023239 0.067899
 0.678055 0.290388 0.004594 0.026962
 0.702550 0.020262 0.010250 0.266938
 0.927843 0.017598 0.045526 0.009033
 0.914149 0.053864 0.015300 0.016686
 0.841938 0.102311 0.032341 0.023410
 0.976394 0.004575 0.014480 0.004551
 0.940224 0.042674 0.002334 0.014769
 0.670075 0.024745 0.002334 0.302846
 0.953994 0.002334 0.029227 0.014446
 0.346691 0.543688 0.071454 0.038167
 0.966742 0.021891 0.004575 0.006792
 0.977335 0.011298 0.002334 0.009033
 0.963673 0.014933 0.016844 0.004551
 0.940276 0.023160 0.027211 0.009353

MOTIF 14-GAGACRGGGTYTCRC STREME-14
letter-probability matrix: alength= 4 w= 15 nsites= 431 E= 1.8e-008
 0.031896 0.016017 0.949354 0.002733
 0.978489 0.005412 0.008064 0.008035
 0.029245 0.016017 0.944051 0.010686
 0.973186 0.002761 0.021320 0.002733
 0.000081 0.782316 0.000110 0.217493
 0.564846 0.016017 0.408450 0.010686
 0.122044 0.010715 0.845950 0.021291
 0.273171 0.010715 0.692171 0.023943
 0.076968 0.005412 0.906933 0.010687
 0.000081 0.005412 0.000110 0.994396
 0.010686 0.548949 0.005412 0.434953
 0.000081 0.005412 0.002761 0.991745
 0.005384 0.766409 0.023971 0.204236
 0.594042 0.050484 0.328880 0.026594
 0.010686 0.888373 0.002761 0.098180

MOTIF 15-GCGCABGCGCA STREME-15
letter-probability matrix: alength= 4 w= 11 nsites= 506 E= 2.2e-008
 0.174665 0.000125 0.817823 0.007387
 0.000093 0.999689 0.000125 0.000093
 0.000093 0.000125 0.999689 0.000093
 0.000093 0.999689 0.000125 0.000093
 0.999657 0.000125 0.000125 0.000093
 0.044877 0.248636 0.342097 0.364390
 0.000093 0.000125 0.999689 0.000093
 0.000093 0.956783 0.000125 0.042999
 0.000093 0.000125 0.927383 0.072399
 0.000093 0.976303 0.000125 0.023479
 0.761447 0.000125 0.238335 0.000093

MOTIF 16-GRTGASTCAYC STREME-16
letter-probability matrix: alength= 4 w= 11 nsites= 1261 E= 1.1e-007
 0.165260 0.217752 0.511716 0.105272
 0.430668 0.190989 0.363206 0.015137
 0.000047 0.003587 0.000063 0.996303
 0.000617 0.000063 0.925479 0.073840
 0.992625 0.007265 0.000063 0.000047
 0.080169 0.419831 0.419831 0.080169
 0.000047 0.000063 0.007265 0.992625
 0.073840 0.925479 0.000063 0.000617
 0.996303 0.000063 0.003587 0.000047
 0.015137 0.363206 0.190989 0.430668
 0.105272 0.511716 0.217752 0.165260

MOTIF 17-GCRTGAGCCACCRYG STREME-17
letter-probability matrix: alength= 4 w= 15 nsites= 401 E= 3.8e-007
 0.038923 0.000115 0.947006 0.013956
 0.025053 0.807143 0.009589 0.158216
 0.436807 0.005663 0.535251 0.022279
 0.002859 0.033405 0.002889 0.960847
 0.033375 0.000115 0.966425 0.000085
 0.802712 0.108310 0.000115 0.088864
 0.088860 0.002889 0.908165 0.000085
 0.002859 0.996940 0.000115 0.000085
 0.000085 0.974747 0.002889 0.022278
 0.992985 0.002889 0.004040 0.000085
 0.000085 0.973596 0.000115 0.026204
 0.019505 0.705636 0.005663 0.269196
 0.385711 0.002889 0.608540 0.002859
 0.011182 0.630726 0.008437 0.349655
 0.284216 0.016760 0.685068 0.013956

MOTIF 18-ACTACAWYTCCCAGM STREME-18
letter-probability matrix: alength= 4 w= 15 nsites= 351 E= 9.0e-007
 0.990165 0.000131 0.009607 0.000097
 0.006415 0.993357 0.000131 0.000097
 0.000097 0.047514 0.006448 0.945941
 0.911193 0.015925 0.041196 0.031685
 0.000097 0.996516 0.000131 0.003256
 0.825905 0.022243 0.126485 0.025368
 0.487887 0.094898 0.094896 0.322319
 0.047479 0.372886 0.124639 0.454996
 0.019050 0.072784 0.009607 0.898558
 0.009574 0.947823 0.000131 0.042473
 0.000097 0.999675 0.000131 0.000097
 0.009574 0.990199 0.000131 0.000097
 0.806948 0.000131 0.189665 0.003256
 0.069591 0.072785 0.791191 0.066433
 0.410770 0.372883 0.175185 0.041162

MOTIF 19-CCACYAGRKGG STREME-19
letter-probability matrix: alength= 4 w= 11 nsites= 532 E= 1.3e-006
 0.060809 0.918539 0.000166 0.020485
 0.012181 0.987529 0.000166 0.000124
 0.951869 0.000166 0.047841 0.000124
 0.000124 0.705746 0.269322 0.024809
 0.000124 0.436018 0.035832 0.528026
 0.999544 0.000166 0.000166 0.000124
 0.000124 0.000166 0.999587 0.000124
 0.533435 0.012224 0.454217 0.000124
 0.000124 0.000166 0.643073 0.356637
 0.004142 0.000166 0.995568 0.000124
 0.038339 0.009873 0.951665 0.000124

MOTIF 20-WRWGTCAAYA STREME-20
letter-probability matrix: alength= 4 w= 10 nsites= 642 E= 4.0e-006
 0.534807 0.000140 0.000140 0.464912
 0.521920 0.123168 0.266898 0.088013
 0.567329 0.008630 0.020424 0.403617
 0.254349 0.000140 0.745407 0.000104
 0.000104 0.000140 0.000140 0.999616
 0.000104 0.999652 0.000140 0.000104
 0.999616 0.000140 0.000140 0.000104
 0.987901 0.000140 0.000140 0.011819
 0.000104 0.584072 0.000140 0.415684
 0.999616 0.000140 0.000140 0.000104

MOTIF 21-CTCARGYGATCCTCC STREME-21
letter-probability matrix: alength= 4 w= 15 nsites= 211 E= 1.2e-005
 0.025910 0.747082 0.000213 0.226795
 0.000158 0.036265 0.000213 0.963364
 0.015609 0.860412 0.051717 0.072262
 0.978814 0.020814 0.000213 0.000158
 0.530668 0.000213 0.468960 0.000158
 0.067112 0.005364 0.896464 0.031060
 0.025909 0.335005 0.000213 0.638872
 0.185576 0.000213 0.808902 0.005309
 0.999415 0.000213 0.000213 0.000158
 0.000158 0.010514 0.000213 0.989115
 0.000158 0.767683 0.005364 0.226795
 0.010459 0.834650 0.010514 0.144377
 0.242264 0.000213 0.232004 0.525519
 0.000158 0.958268 0.000213 0.041360
 0.000158 0.963418 0.000213 0.036210

MOTIF 22-CACGTGGYY STREME-22
letter-probability matrix: alength= 4 w= 9 nsites= 648 E= 2.0e-005
 0.000198 0.999338 0.000266 0.000198
 0.999270 0.000266 0.000266 0.000198
 0.000198 0.999338 0.000266 0.000198
 0.000198 0.000266 0.999338 0.000198
 0.000198 0.000266 0.000266 0.999270
 0.031571 0.047948 0.920283 0.000198
 0.201625 0.000266 0.676827 0.121282
 0.000198 0.580470 0.094959 0.324373
 0.131759 0.514247 0.000266 0.353727

MOTIF 23-CCTCCTCCC STREME-23
letter-probability matrix: alength= 4 w= 9 nsites= 2058 E= 4.4e-005
 0.052806 0.878002 0.000245 0.068946
 0.000182 0.821196 0.000245 0.178378
 0.058173 0.000245 0.108441 0.833141
 0.025166 0.974408 0.000245 0.000182
 0.000182 0.910380 0.089256 0.000182
 0.000182 0.000245 0.000245 0.999329
 0.032099 0.700212 0.000245 0.267444
 0.000182 0.999392 0.000245 0.000182
 0.000182 0.999392 0.000245 0.000182

MOTIF 24-GTSACGTSAC STREME-24
letter-probability matrix: alength= 4 w= 10 nsites= 913 E= 2.0e-004
 0.200041 0.149317 0.636316 0.014326
 0.006485 0.240736 0.062070 0.690709
 0.019456 0.462703 0.398025 0.119816
 0.999784 0.000079 0.000079 0.000058
 0.000058 0.993013 0.000079 0.006850
 0.006850 0.000079 0.993013 0.000058
 0.000058 0.000079 0.000079 0.999784
 0.119816 0.398025 0.462703 0.019456
 0.690709 0.062070 0.240736 0.006485
 0.014326 0.636316 0.149317 0.200041

MOTIF 25-CTTTGATCTY STREME-25
letter-probability matrix: alength= 4 w= 10 nsites= 792 E= 2.4e-004
 0.005902 0.929802 0.064189 0.000108
 0.003934 0.031959 0.009119 0.954988
 0.011312 0.000145 0.000145 0.988398
 0.000108 0.001602 0.000145 0.998145
 0.008583 0.143055 0.819571 0.028791
 0.920223 0.000145 0.000145 0.079486
 0.170599 0.052173 0.000145 0.777083
 0.011259 0.741725 0.246908 0.000108
 0.020814 0.072865 0.005551 0.900769
 0.045406 0.471094 0.126696 0.356804

MOTIF 26-AATSATTAACHA STREME-26
letter-probability matrix: alength= 4 w= 12 nsites= 343 E= 5.9e-004
 0.944637 0.000109 0.028738 0.026515
 0.833042 0.082058 0.005396 0.079504
 0.160380 0.034475 0.000109 0.805036
 0.142876 0.335502 0.383423 0.138199
 0.775330 0.000109 0.018613 0.205947
 0.042376 0.000109 0.009832 0.947682
 0.000081 0.000109 0.000109 0.999700
 0.957405 0.000109 0.005396 0.037090
 0.922392 0.000109 0.077418 0.000081
 0.048683 0.916762 0.000109 0.034446
 0.234907 0.357751 0.010683 0.396658
 0.549526 0.164604 0.088442 0.197428

MOTIF 27-CGCCGCCGCCGCCGC STREME-27
letter-probability matrix: alength= 4 w= 15 nsites= 550 E= 1.3e-003
 0.046197 0.827976 0.053287 0.072539
 0.036897 0.064428 0.864334 0.034341
 0.002208 0.919629 0.015973 0.062190
 0.046791 0.876741 0.024542 0.051927
 0.095215 0.002231 0.870719 0.031835
 0.026661 0.848046 0.002231 0.123062
 0.071649 0.737487 0.060071 0.130793
 0.005239 0.009547 0.977833 0.007381
 0.008635 0.930340 0.000089 0.060937
 0.010777 0.841618 0.030969 0.116636
 0.093327 0.015973 0.841109 0.049591
 0.004350 0.867326 0.048107 0.080217
 0.023630 0.891826 0.006928 0.077616
 0.053622 0.019369 0.871377 0.055632
 0.038626 0.879910 0.042838 0.038626

MOTIF 28-CAGCCAATCA STREME-28
letter-probability matrix: alength= 4 w= 10 nsites= 218 E= 1.5e-003
 0.043584 0.945152 0.000435 0.010829
 0.738456 0.064027 0.197193 0.000323
 0.106399 0.010942 0.785727 0.096933
 0.000323 0.997164 0.000435 0.002078
 0.000323 0.995470 0.002459 0.001748
 0.982620 0.000435 0.016622 0.000323
 0.998807 0.000435 0.000435 0.000323
 0.000323 0.000435 0.000435 0.998807
 0.000323 0.998919 0.000435 0.000323
 0.871585 0.000435 0.127657 0.000323

MOTIF 29-CCAGGAAG STREME-29
letter-probability matrix: alength= 4 w= 8 nsites= 2627 E= 3.0e-003
 0.126813 0.648003 0.163300 0.061884
 0.001539 0.960037 0.018852 0.019573
 0.814892 0.133344 0.051508 0.000256
 0.005790 0.010842 0.982552 0.000816
 0.000256 0.002902 0.996414 0.000427
 0.998183 0.000345 0.000345 0.001126
 0.989662 0.004407 0.000345 0.005586
 0.000256 0.027708 0.890098 0.081938

MOTIF 30-TCAGCACCAYGGACA STREME-30
letter-probability matrix: alength= 4 w= 15 nsites= 179 E= 2.0e-002
 0.006247 0.091168 0.066922 0.835662
 0.012308 0.956950 0.000251 0.030491
 0.993251 0.000251 0.006312 0.000186
 0.030491 0.000251 0.963011 0.006247
 0.054736 0.811482 0.091168 0.042614
 0.993251 0.000251 0.000251 0.006247
 0.000186 0.993316 0.006312 0.000186
 0.002702 0.978678 0.000251 0.018369
 0.542182 0.054802 0.190691 0.212325
 0.030491 0.414982 0.072985 0.481541
 0.000186 0.006312 0.981194 0.012308
 0.006247 0.018434 0.956949 0.018369
 0.914457 0.048740 0.000251 0.036552
 0.000186 0.875640 0.093682 0.030491
 0.981129 0.012373 0.006312 0.000186

MOTIF 31-ACCAYGCCYRGCTA STREME-31
letter-probability matrix: alength= 4 w= 14 nsites= 162 E= 3.5e-002
 0.957711 0.000286 0.041790 0.000213
 0.000213 0.895531 0.000286 0.103970
 0.014047 0.902448 0.021038 0.062468
 0.971546 0.000286 0.027955 0.000213
 0.027881 0.508134 0.000286 0.463698
 0.221573 0.007204 0.764094 0.007130
 0.014047 0.957785 0.007204 0.020964
 0.000213 0.930116 0.000286 0.069385
 0.020964 0.549646 0.027955 0.401434
 0.394518 0.014121 0.591149 0.000213
 0.034798 0.021038 0.943951 0.000213
 0.041716 0.937033 0.007204 0.014047
 0.027881 0.027955 0.000286 0.943877
 0.975592 0.000286 0.010074 0.014047

MOTIF 32-GGAGTTCGAGA STREME-32
letter-probability matrix: alength= 4 w= 11 nsites= 135 E= 1.2e-001
 0.016382 0.009983 0.973340 0.000295
 0.002141 0.009983 0.977994 0.009881
 0.979738 0.019570 0.000397 0.000295
 0.038643 0.019570 0.931906 0.009881
 0.114528 0.009983 0.009983 0.865506
 0.000295 0.006222 0.000615 0.992869
 0.076997 0.816358 0.014401 0.092244
 0.163316 0.000397 0.835993 0.000295
 0.973238 0.000397 0.016484 0.009881
 0.029055 0.019570 0.941494 0.009881
 0.970152 0.009983 0.019570 0.000295

MOTIF 33-AGGCTGGAGTGCA STREME-33
letter-probability matrix: alength= 4 w= 13 nsites= 88 E= 2.1e-001
 0.900535 0.012766 0.086322 0.000377
 0.073931 0.037285 0.888408 0.000377
 0.073931 0.049544 0.839371 0.037154
 0.000377 0.998739 0.000508 0.000377
 0.000377 0.012766 0.000508 0.986349
 0.061672 0.000508 0.937443 0.000377
 0.012636 0.135362 0.814848 0.037154
 0.981262 0.000508 0.000508 0.017723
 0.164835 0.000508 0.834280 0.000377
 0.000377 0.000508 0.000508 0.998608
 0.000377 0.012766 0.974222 0.012636
 0.000377 0.974221 0.000508 0.024894
 0.961831 0.000508 0.037285 0.000377

MOTIF 34-TGACSTCAT STREME-34
letter-probability matrix: alength= 4 w= 9 nsites= 546 E= 2.2e-001
 0.000215 0.068357 0.000290 0.931138
 0.057908 0.000290 0.841239 0.100563
 0.971013 0.000290 0.000290 0.028407
 0.021139 0.872076 0.000290 0.106496
 0.088211 0.506105 0.312940 0.092744
 0.025837 0.077534 0.009495 0.887134
 0.025949 0.959614 0.000371 0.014066
 0.900915 0.000290 0.098580 0.000215
 0.120558 0.027353 0.142257 0.709833

MOTIF 35-TTRCAYAA STREME-35
letter-probability matrix: alength= 4 w= 8 nsites= 618 E= 4.7e-001
 0.000237 0.000320 0.000320 0.999123
 0.000237 0.000320 0.000320 0.999123
 0.417191 0.000320 0.582252 0.000237
 0.000237 0.984107 0.000320 0.015335
 0.869072 0.000320 0.130371 0.000237
 0.000237 0.452569 0.000320 0.546873
 0.975894 0.000320 0.000320 0.023466
 0.999123 0.000320 0.000320 0.000237

MOTIF 36-ACACACACACACAC STREME-36
letter-probability matrix: alength= 4 w= 14 nsites= 144 E= 5.2e-001
 0.949134 0.000385 0.050195 0.000286
 0.000286 0.882621 0.018978 0.098115
 0.975705 0.000385 0.009681 0.014229
 0.005898 0.988334 0.000385 0.005382
 0.998945 0.000385 0.000385 0.000286
 0.009581 0.870230 0.046868 0.073321
 0.769268 0.037568 0.076682 0.116482
 0.000286 0.956248 0.000385 0.043081
 0.955825 0.000385 0.043504 0.000286
 0.000286 0.717517 0.065458 0.216740
 0.914077 0.000385 0.085253 0.000286
 0.000286 0.941478 0.009681 0.048555
 0.744077 0.085838 0.028273 0.141813
 0.000286 0.999044 0.000385 0.000286

MOTIF 37-AGGAGGCGG STREME-37
letter-probability matrix: alength= 4 w= 9 nsites= 796 E= 5.7e-001
 0.955191 0.043859 0.000546 0.000405
 0.038898 0.011000 0.949697 0.000405
 0.100070 0.054258 0.832094 0.013578
 0.998504 0.000546 0.000546 0.000405
 0.156698 0.000546 0.842351 0.000405
 0.049456 0.070857 0.809274 0.070414
 0.000405 0.904902 0.000546 0.094148
 0.000405 0.000546 0.998645 0.000405
 0.028357 0.000546 0.970693 0.000405

MOTIF 38-HTCTCGCGAGAD STREME-38
letter-probability matrix: alength= 4 w= 12 nsites= 99 E= 5.9e-001
 0.370511 0.214278 0.178481 0.236730
 0.005426 0.066880 0.012769 0.914925
 0.149814 0.808553 0.041319 0.000314
 0.005426 0.000423 0.005535 0.988615
 0.000314 0.993836 0.000423 0.005426
 0.041210 0.000423 0.952940 0.005426
 0.005426 0.952940 0.000423 0.041210
 0.005426 0.000423 0.993836 0.000314
 0.988615 0.005535 0.000423 0.005426
 0.000314 0.041319 0.808553 0.149814
 0.914925 0.012769 0.066880 0.005426
 0.236730 0.178481 0.214278 0.370511

MOTIF 39-CCTCAGTTTCCTCAT STREME-39
letter-probability matrix: alength= 4 w= 15 nsites= 114 E= 5.9e-001
 0.000256 0.849112 0.033685 0.116947
 0.075271 0.799102 0.075361 0.050266
 0.008591 0.000345 0.008680 0.982384
 0.008591 0.865782 0.017015 0.108612
 0.865693 0.033685 0.008680 0.091942
 0.050267 0.050355 0.799102 0.100276
 0.008591 0.125371 0.033685 0.832353
 0.050266 0.008680 0.017015 0.924039
 0.066936 0.000345 0.000345 0.932374
 0.045390 0.792184 0.008680 0.153746
 0.016926 0.820648 0.058690 0.103735
 0.008591 0.278870 0.025350 0.687189
 0.000256 0.890786 0.000345 0.108613
 0.803889 0.033685 0.128829 0.033596
 0.008591 0.058690 0.100368 0.832350

MOTIF 40-AAAACAAA STREME-40
letter-probability matrix: alength= 4 w= 8 nsites= 1546 E= 6.0e-001
 0.802020 0.036845 0.102841 0.058294
 0.976601 0.009880 0.011136 0.002384
 0.855720 0.005639 0.111140 0.027501
 0.851079 0.076858 0.066208 0.005855
 0.000263 0.966029 0.000354 0.033354
 0.990660 0.001886 0.003928 0.003526
 0.996955 0.000354 0.000354 0.002337
 0.857138 0.011309 0.103439 0.028114

MOTIF 41-CGCAGCCTC STREME-41
letter-probability matrix: alength= 4 w= 9 nsites= 1434 E= 6.1e-001
 0.000312 0.933256 0.000420 0.066012
 0.000312 0.118600 0.755407 0.125681
 0.000312 0.947376 0.000420 0.051892
 0.907131 0.046704 0.045852 0.000312
 0.000312 0.000420 0.998956 0.000312
 0.000312 0.884694 0.076837 0.038157
 0.001728 0.936232 0.061728 0.000312
 0.000312 0.072672 0.101579 0.825437
 0.036617 0.962651 0.000420 0.000312

MOTIF 42-GGATTCGAACCC STREME-42
letter-probability matrix: alength= 4 w= 12 nsites= 151 E= 6.1e-001
 0.000267 0.030055 0.969411 0.000267
 0.000267 0.000360 0.999106 0.000267
 0.760612 0.000360 0.169195 0.069833
 0.193259 0.186580 0.069923 0.550238
 0.000267 0.069923 0.000360 0.929449
 0.000267 0.823517 0.000360 0.175855
 0.078527 0.000360 0.920846 0.000267
 0.999013 0.000360 0.000360 0.000267
 0.972927 0.000360 0.000360 0.026353
 0.000267 0.999106 0.000360 0.000267
 0.000267 0.943325 0.056140 0.000267
 0.042266 0.631758 0.104708 0.221269

MOTIF 43-AGGAAATGG STREME-43
letter-probability matrix: alength= 4 w= 9 nsites= 1147 E= 1.0e+000
 0.917406 0.010785 0.039094 0.032714
 0.042043 0.004584 0.949166 0.004207
 0.038945 0.032425 0.917198 0.011433
 0.987659 0.004533 0.007063 0.000746
 0.951145 0.009896 0.037479 0.001480
 0.909944 0.014375 0.065985 0.009695
 0.000341 0.021219 0.082606 0.895833
 0.041767 0.106860 0.848736 0.002637
 0.164762 0.088425 0.729873 0.016940

MOTIF 44-AACATGGCGGCG STREME-44
letter-probability matrix: alength= 4 w= 12 nsites= 203 E= 1.1e+000
 0.851724 0.000211 0.147909 0.000156
 0.741522 0.072638 0.119586 0.066254
 0.207761 0.686737 0.054502 0.051000
 0.973528 0.000211 0.026105 0.000156
 0.000156 0.000211 0.005295 0.994338
 0.000156 0.078585 0.916018 0.005240
 0.000156 0.025632 0.958802 0.015409
 0.022603 0.977030 0.000211 0.000156
 0.032185 0.107458 0.762519 0.097838
 0.039967 0.045745 0.851011 0.063278
 0.030663 0.966861 0.002321 0.000156
 0.034355 0.182786 0.686099 0.096760

MOTIF 45-YCAAAGTCC STREME-45
letter-probability matrix: alength= 4 w= 9 nsites= 499 E= 1.1e+000
 0.050825 0.511496 0.178718 0.258960
 0.000301 0.989956 0.001772 0.007971
 0.883321 0.082347 0.010183 0.024149
 0.997648 0.000405 0.000405 0.001542
 0.919787 0.002539 0.077373 0.000301
 0.000301 0.000405 0.998994 0.000301
 0.000301 0.000405 0.000405 0.998889
 0.014893 0.950051 0.000405 0.034651
 0.022789 0.945951 0.030960 0.000301

MOTIF 46-AGAGAGAGAGAGAGA STREME-46
letter-probability matrix: alength= 4 w= 15 nsites= 288 E= 1.2e+000
 0.938339 0.028973 0.032577 0.000111
 0.048751 0.000149 0.950989 0.000111
 0.763015 0.050591 0.171871 0.014523
 0.003714 0.018164 0.963600 0.014523
 0.853976 0.025370 0.113337 0.007317
 0.141511 0.052392 0.805986 0.000111
 0.755196 0.028973 0.204911 0.010920
 0.122612 0.007355 0.830289 0.039743
 0.727872 0.039782 0.152970 0.079376
 0.149329 0.137062 0.691881 0.021728
 0.675625 0.036179 0.248452 0.039743
 0.078764 0.083017 0.800583 0.037636
 0.732088 0.088116 0.111229 0.068567
 0.044842 0.079415 0.843207 0.032537
 0.975798 0.000149 0.002325 0.021729

MOTIF 47-CCCATTGGC STREME-47
letter-probability matrix: alength= 4 w= 9 nsites= 103 E= 1.3e+000
 0.019364 0.935182 0.026091 0.019364
 0.019364 0.935182 0.026091 0.019364
 0.019364 0.935182 0.026091 0.019364
 0.928455 0.026091 0.026091 0.019364
 0.019364 0.026091 0.026091 0.928455
 0.019364 0.026091 0.026091 0.928455
 0.019364 0.026091 0.935182 0.019364
 0.019364 0.026091 0.935182 0.019364
 0.019364 0.935182 0.026091 0.019364

MOTIF 48-GTGTACACACAG STREME-48
letter-probability matrix: alength= 4 w= 12 nsites= 184 E= 1.4e+000
 0.147842 0.117821 0.655629 0.078708
 0.053452 0.007476 0.070864 0.868208
 0.043961 0.029012 0.926807 0.000221
 0.007399 0.043372 0.029014 0.920215
 0.976980 0.000965 0.021834 0.000221
 0.000221 0.917635 0.061608 0.020536
 0.977648 0.021834 0.000297 0.000221
 0.078870 0.858819 0.039172 0.023139
 0.992006 0.000297 0.007476 0.000221
 0.139279 0.689135 0.125313 0.046272
 0.844603 0.058580 0.070865 0.025952
 0.028936 0.157083 0.695068 0.118914

MOTIF 49-CTGCAGCCGCCGC STREME-49
letter-probability matrix: alength= 4 w= 13 nsites= 819 E= 1.6e+000
 0.021208 0.914249 0.052320 0.012224
 0.064511 0.089000 0.171319 0.675170
 0.053098 0.048037 0.884809 0.014055
 0.027560 0.891109 0.026178 0.055154
 0.712164 0.150939 0.095501 0.041395
 0.022463 0.024009 0.934174 0.019353
 0.032738 0.842250 0.044764 0.080248
 0.060211 0.833612 0.063260 0.042916
 0.053589 0.054388 0.844718 0.047305
 0.099422 0.762018 0.051279 0.087281
 0.070680 0.764646 0.115670 0.049004
 0.095943 0.033590 0.811553 0.058914
 0.083824 0.806339 0.074093 0.035744

MOTIF 50-CCATGGCAAC STREME-50
letter-probability matrix: alength= 4 w= 10 nsites= 224 E= 1.9e+000
 0.000411 0.998624 0.000554 0.000411
 0.000411 0.969971 0.000554 0.029064
 0.998481 0.000554 0.000554 0.000411
 0.000411 0.111154 0.000554 0.887881
 0.131919 0.000554 0.867116 0.000411
 0.000411 0.000554 0.998624 0.000411
 0.000411 0.902734 0.000554 0.096301
 0.775929 0.000554 0.223106 0.000411
 0.998481 0.000554 0.000554 0.000411
 0.000411 0.998624 0.000554 0.000411

MOTIF 51-CAAGGCC STREME-51
letter-probability matrix: alength= 4 w= 7 nsites= 2053 E= 1.9e+000
 0.000568 0.998099 0.000765 0.000568
 0.708075 0.000765 0.290592 0.000568
 0.997902 0.000765 0.000765 0.000568
 0.000568 0.010747 0.988118 0.000568
 0.015647 0.000765 0.983021 0.000568
 0.000568 0.792816 0.000765 0.205851
 0.000568 0.998099 0.000765 0.000568

MOTIF 52-AGTGCAGTGGC STREME-52
letter-probability matrix: alength= 4 w= 11 nsites= 132 E= 2.6e+000
 0.998666 0.000486 0.000486 0.000361
 0.000361 0.000486 0.998792 0.000361
 0.000361 0.000486 0.000486 0.998666
 0.130410 0.000486 0.868743 0.000361
 0.000361 0.912149 0.000486 0.087004
 0.998666 0.000486 0.000486 0.000361
 0.122723 0.000486 0.817690 0.059101
 0.000361 0.000486 0.000486 0.998666
 0.058773 0.012234 0.928632 0.000361
 0.064883 0.000486 0.934269 0.000361
 0.000361 0.713429 0.000486 0.285723

MOTIF 53-CAGGAGAATCG STREME-53
letter-probability matrix: alength= 4 w= 11 nsites= 92 E= 6.2e+000
 0.000450 0.992415 0.006684 0.000450
 0.954401 0.000606 0.029897 0.015095
 0.015095 0.000606 0.969204 0.015095
 0.001813 0.000606 0.982485 0.015095
 0.980871 0.000606 0.003427 0.015095
 0.025026 0.000606 0.973917 0.000450
 0.948322 0.006684 0.044544 0.000450
 0.983692 0.015251 0.000606 0.000450
 0.002897 0.003145 0.000606 0.993351
 0.008366 0.631111 0.141962 0.218560
 0.135110 0.004993 0.844803 0.015095

MOTIF 54-GGGGAGGGAG STREME-54
letter-probability matrix: alength= 4 w= 10 nsites= 1248 E= 1.1e+001
 0.042268 0.043896 0.891229 0.022607
 0.024837 0.079420 0.853581 0.042161
 0.038222 0.048084 0.894594 0.019100
 0.007325 0.000250 0.920547 0.071878
 0.885896 0.056255 0.000250 0.057599
 0.033884 0.129523 0.812187 0.024406
 0.002875 0.079825 0.908907 0.008394
 0.018020 0.003479 0.799568 0.178933
 0.791178 0.037073 0.125672 0.046076
 0.029084 0.036250 0.919094 0.015572

MOTIF 55-CAAGCCTCAGCAATG STREME-55
letter-probability matrix: alength= 4 w= 15 nsites= 52 E= 1.4e+001
 0.000652 0.997818 0.000878 0.000652
 0.976384 0.000878 0.022086 0.000652
 0.976384 0.000878 0.000878 0.021860
 0.000652 0.000878 0.955402 0.043068
 0.000652 0.912986 0.043294 0.043068
 0.000652 0.997818 0.000878 0.000652
 0.000652 0.043294 0.000878 0.955176
 0.000652 0.785729 0.212967 0.000652
 0.764295 0.022086 0.212967 0.000652
 0.021860 0.022086 0.955402 0.000652
 0.000652 0.849353 0.022086 0.127909
 0.976384 0.000878 0.000878 0.021860
 0.933968 0.022086 0.000878 0.043068
 0.000652 0.000878 0.022086 0.976384
 0.021860 0.000878 0.976610 0.000652

********************************************************************************
Stopped because 3 consecutive motifs exceeded the p-value threshold (0.05).
********************************************************************************
COMMAND:	streme --verbosity 1 --oc meme_out_incomplete_DL/HepG2_IKZF5-human_ENCFF973SAV/streme_out -dna --seed 0 --p meme_out_incomplete_DL/HepG2_IKZF5-human_ENCFF973SAV/seqs-centered --minw 6 --maxw 15 --time 6174 --order 2 --thresh 0.05 --align center --totallength 4000000 --parse-genomic-coord
********************************************************************************
CPU:		9f05ee173ae9
********************************************************************************
FINALTIME:	4189.31 seconds
********************************************************************************
