********************************************************************************
STREME - Sensitive, Thorough, Rapid, Enriched Motif Elicitation
********************************************************************************
MEME version 5.5.3 (Release date: Sat Jun 10 16:19:38 2023 -0700)

For further information on how to interpret these results please access http://localhost:8080/meme_5.5.3.
To get a copy of the MEME Suite software please access https://meme-suite.org.

********************************************************************************


********************************************************************************
REFERENCE
********************************************************************************
If you use this program in your research, please cite:

Timothy L. Bailey,
"STREME: accurate and versatile sequence motif discovery",
Bioinformatics, Mar. 24, 2021.
********************************************************************************


ALPHABET= ACGT

strands: + -

Background letter frequencies
A 0.18 C 0.32 G 0.32 T 0.18 

MOTIF 1-RACTACAWYTCCCAG STREME-1
letter-probability matrix: alength= 4 w= 15 nsites= 1264 E= 4.1e-044
 0.454024 0.025908 0.503099 0.016970
 0.990083 0.009853 0.000041 0.000023
 0.001807 0.998129 0.000041 0.000023
 0.002699 0.038395 0.000933 0.957973
 0.931215 0.029475 0.022340 0.016970
 0.000915 0.997237 0.001825 0.000023
 0.886617 0.025016 0.081208 0.007159
 0.451348 0.083884 0.063369 0.401399
 0.062459 0.313114 0.107967 0.516460
 0.033917 0.038395 0.012529 0.915159
 0.001807 0.983857 0.000041 0.014294
 0.000023 0.999021 0.000041 0.000915
 0.002699 0.994561 0.000041 0.002699
 0.841128 0.000041 0.155240 0.003591
 0.079406 0.069613 0.763547 0.087434

MOTIF 2-RCCGGAAGTGV STREME-2
letter-probability matrix: alength= 4 w= 11 nsites= 1265 E= 2.5e-021
 0.481417 0.177552 0.275681 0.065350
 0.057118 0.766194 0.168511 0.008177
 0.070224 0.920705 0.005127 0.003944
 0.003100 0.001586 0.995286 0.000028
 0.001563 0.000050 0.996187 0.002199
 0.990738 0.004392 0.002221 0.002649
 0.968500 0.005062 0.002430 0.024008
 0.040615 0.009105 0.949710 0.000571
 0.035190 0.123317 0.014812 0.826681
 0.097323 0.100228 0.730434 0.072015
 0.303736 0.220568 0.412887 0.062808

MOTIF 3-GCCCCGCCCCYBS STREME-3
letter-probability matrix: alength= 4 w= 13 nsites= 1392 E= 2.0e-017
 0.097407 0.000045 0.831195 0.071354
 0.027554 0.872246 0.017078 0.083122
 0.011265 0.904928 0.000045 0.083763
 0.084979 0.914951 0.000045 0.000025
 0.000025 0.999905 0.000045 0.000025
 0.052467 0.000045 0.929813 0.017676
 0.000025 0.999905 0.000045 0.000025
 0.000025 0.999905 0.000045 0.000025
 0.000025 0.835629 0.000045 0.164301
 0.126480 0.807709 0.001012 0.064799
 0.052434 0.518501 0.156579 0.272486
 0.125737 0.289218 0.219641 0.365404
 0.120959 0.460606 0.271767 0.146668

MOTIF 4-DSTGCGCATGCGCASH STREME-4
letter-probability matrix: alength= 4 w= 16 nsites= 570 E= 1.6e-010
 0.380284 0.163415 0.208244 0.248056
 0.077818 0.446967 0.345906 0.129309
 0.079919 0.230055 0.119716 0.570310
 0.084559 0.000097 0.915290 0.000055
 0.070462 0.912573 0.016911 0.000055
 0.030529 0.000097 0.967217 0.002156
 0.000055 0.999794 0.000097 0.000055
 0.688006 0.209474 0.074093 0.028428
 0.028428 0.074093 0.209474 0.688006
 0.000055 0.000097 0.999794 0.000055
 0.002156 0.967217 0.000097 0.030529
 0.000055 0.016911 0.912573 0.070462
 0.000055 0.915290 0.000097 0.084559
 0.570310 0.119716 0.230055 0.079919
 0.129309 0.345906 0.446967 0.077818
 0.248056 0.208244 0.163415 0.380284

MOTIF 5-SCAAGATGGCGGC STREME-5
letter-probability matrix: alength= 4 w= 13 nsites= 549 E= 2.3e-010
 0.123013 0.461571 0.233598 0.181817
 0.131291 0.663486 0.133403 0.071819
 0.990618 0.002165 0.007163 0.000054
 0.954226 0.004235 0.020791 0.020749
 0.098576 0.243087 0.633449 0.024888
 0.995616 0.004235 0.000096 0.000054
 0.000054 0.000096 0.002165 0.997685
 0.000054 0.002165 0.997727 0.000054
 0.002123 0.000096 0.991519 0.006262
 0.012471 0.972893 0.002165 0.012471
 0.045583 0.131333 0.728501 0.094583
 0.097320 0.091399 0.771907 0.039374
 0.080765 0.843725 0.027858 0.047652

MOTIF 6-GTSACGTSA STREME-6
letter-probability matrix: alength= 4 w= 9 nsites= 668 E= 1.4e-009
 0.066846 0.000108 0.932985 0.000061
 0.000061 0.000108 0.000108 0.999723
 0.018348 0.542189 0.421124 0.018339
 0.999723 0.000108 0.000108 0.000061
 0.000061 0.965714 0.000108 0.034117
 0.199534 0.039725 0.760679 0.000061
 0.000061 0.000108 0.000108 0.999723
 0.070192 0.383654 0.527807 0.018347
 0.713267 0.039293 0.221978 0.025462

MOTIF 7-YRGCCAATSRGARS STREME-7
letter-probability matrix: alength= 4 w= 14 nsites= 511 E= 1.1e-006
 0.068924 0.443397 0.186237 0.301442
 0.533496 0.000097 0.439223 0.027185
 0.267185 0.000097 0.697186 0.035532
 0.000054 0.999795 0.000097 0.000054
 0.000054 0.999795 0.000097 0.000054
 0.999753 0.000097 0.000097 0.000054
 0.999753 0.000097 0.000097 0.000054
 0.000054 0.000097 0.000097 0.999753
 0.125272 0.365314 0.490578 0.018837
 0.480100 0.000097 0.519749 0.000054
 0.223359 0.115281 0.608267 0.053094
 0.529322 0.235923 0.186701 0.048054
 0.322311 0.033488 0.431277 0.212924
 0.150315 0.270581 0.451745 0.127359

MOTIF 8-GCCGCCGCCGCCRC STREME-8
letter-probability matrix: alength= 4 w= 14 nsites= 300 E= 3.2e-005
 0.064816 0.000162 0.934931 0.000091
 0.024596 0.910684 0.000162 0.064557
 0.045601 0.874427 0.010664 0.069308
 0.061353 0.056175 0.882382 0.000091
 0.003592 0.926140 0.007164 0.063105
 0.066606 0.816164 0.050624 0.066606
 0.026049 0.007164 0.958529 0.008258
 0.010593 0.853999 0.004336 0.131071
 0.035099 0.856125 0.000162 0.108614
 0.141276 0.000162 0.844054 0.014508
 0.003592 0.859625 0.007164 0.129620
 0.000091 0.875977 0.035168 0.088764
 0.301159 0.008330 0.591245 0.099266
 0.068356 0.866045 0.000162 0.065437

MOTIF 9-TCCCAGMAKGCHCYG STREME-9
letter-probability matrix: alength= 4 w= 15 nsites= 313 E= 4.6e-004
 0.033078 0.038635 0.024882 0.903404
 0.000071 0.999730 0.000127 0.000071
 0.000071 0.999730 0.000127 0.000071
 0.000071 0.994229 0.000127 0.005572
 0.668463 0.000127 0.325837 0.005572
 0.066085 0.143158 0.666909 0.123848
 0.286132 0.534881 0.178915 0.000071
 0.710863 0.000127 0.261433 0.027577
 0.090841 0.011130 0.308193 0.589837
 0.024827 0.277936 0.641013 0.056224
 0.002822 0.994229 0.000127 0.002822
 0.299885 0.430359 0.022132 0.247624
 0.082589 0.603646 0.151409 0.162356
 0.057834 0.565138 0.005628 0.371400
 0.063335 0.013880 0.886956 0.035829

MOTIF 10-CATGGCAACSG STREME-10
letter-probability matrix: alength= 4 w= 11 nsites= 146 E= 5.1e-004
 0.014396 0.847128 0.007435 0.131040
 0.707814 0.170870 0.028753 0.092563
 0.028608 0.000329 0.000329 0.970734
 0.280264 0.000329 0.719223 0.000184
 0.024450 0.000329 0.964983 0.010238
 0.014396 0.861341 0.000329 0.123934
 0.849176 0.000329 0.150311 0.000184
 0.999158 0.000329 0.000329 0.000184
 0.000184 0.992197 0.000329 0.007290
 0.040529 0.514684 0.413231 0.031556
 0.254791 0.104727 0.555026 0.085457

MOTIF 11-CGCCCCCTGSYGGCC STREME-11
letter-probability matrix: alength= 4 w= 15 nsites= 210 E= 3.3e-003
 0.000116 0.733590 0.000207 0.266087
 0.000116 0.000207 0.968225 0.031452
 0.031452 0.901078 0.040496 0.026975
 0.004593 0.981655 0.000207 0.013546
 0.134411 0.842883 0.000207 0.022499
 0.009069 0.733590 0.000207 0.257134
 0.009069 0.990608 0.000207 0.000116
 0.000116 0.004684 0.019970 0.975230
 0.112029 0.055782 0.832073 0.000116
 0.004593 0.422854 0.559008 0.013546
 0.062787 0.520575 0.022590 0.394049
 0.000116 0.024447 0.975321 0.000116
 0.031450 0.062878 0.802596 0.103076
 0.067264 0.764925 0.018113 0.149698
 0.089646 0.516861 0.200887 0.192606

MOTIF 12-CTTCCGGGTC STREME-12
letter-probability matrix: alength= 4 w= 10 nsites= 300 E= 4.5e-003
 0.040352 0.696174 0.157413 0.106062
 0.034593 0.000290 0.000290 0.964828
 0.000162 0.000290 0.000290 0.999258
 0.002762 0.996786 0.000290 0.000162
 0.000162 0.979387 0.020288 0.000162
 0.057503 0.000290 0.890777 0.051431
 0.000162 0.000290 0.999385 0.000162
 0.050743 0.000290 0.790288 0.158680
 0.000162 0.000290 0.095737 0.903810
 0.000162 0.609672 0.087923 0.302243

MOTIF 13-ARVTCTCGCGAGA STREME-13
letter-probability matrix: alength= 4 w= 13 nsites= 133 E= 3.2e-002
 0.599517 0.164179 0.068290 0.168014
 0.563557 0.120232 0.316004 0.000207
 0.311848 0.331986 0.192149 0.164017
 0.000207 0.080278 0.064296 0.855219
 0.064134 0.919308 0.016351 0.000207
 0.000207 0.064296 0.000370 0.935127
 0.000207 0.999216 0.000370 0.000207
 0.000207 0.016351 0.983234 0.000207
 0.008198 0.967253 0.000370 0.024180
 0.000207 0.000370 0.999216 0.000207
 0.975081 0.008360 0.000370 0.016189
 0.024180 0.032333 0.711547 0.231940
 0.919145 0.032333 0.048314 0.000207

MOTIF 14-CMTCCCTTGCAGCTA STREME-14
letter-probability matrix: alength= 4 w= 15 nsites= 76 E= 6.4e-002
 0.104639 0.775139 0.030476 0.089746
 0.372718 0.521954 0.000689 0.104639
 0.059959 0.015582 0.000689 0.923769
 0.015279 0.909179 0.000689 0.074853
 0.000386 0.968752 0.015582 0.015279
 0.000386 0.924072 0.000689 0.074853
 0.000386 0.015582 0.000689 0.983343
 0.015279 0.000689 0.015582 0.968449
 0.030173 0.000689 0.938965 0.030173
 0.015279 0.968752 0.000689 0.015279
 0.893983 0.000689 0.015582 0.089746
 0.104639 0.000689 0.879392 0.015279
 0.030173 0.641100 0.060262 0.268465
 0.119532 0.075155 0.030476 0.774837
 0.596117 0.060262 0.283661 0.059959

MOTIF 15-AGGAGGAAGAGRARG STREME-15
letter-probability matrix: alength= 4 w= 15 nsites= 163 E= 6.7e-002
 0.999303 0.000272 0.000272 0.000153
 0.320289 0.000272 0.673403 0.006036
 0.076635 0.123820 0.799392 0.000153
 0.928704 0.064988 0.006155 0.000153
 0.273223 0.023805 0.702820 0.000153
 0.149674 0.106171 0.744002 0.000153
 0.690933 0.149794 0.082638 0.076635
 0.800275 0.000272 0.187534 0.011919
 0.135467 0.000272 0.864108 0.000153
 0.734557 0.094404 0.106171 0.064868
 0.058985 0.059105 0.881758 0.000153
 0.511995 0.023805 0.464047 0.000153
 0.669841 0.129704 0.123820 0.076635
 0.549735 0.000272 0.355708 0.094285
 0.167324 0.070871 0.761652 0.000153

MOTIF 16-CACGCACGCACGCAC STREME-16
letter-probability matrix: alength= 4 w= 15 nsites= 61 E= 2.6e-001
 0.000611 0.974110 0.024668 0.000611
 0.943686 0.001091 0.031035 0.024188
 0.000611 0.974110 0.001091 0.024188
 0.047765 0.024668 0.903379 0.024188
 0.000611 0.926956 0.001091 0.071342
 0.902900 0.001091 0.048244 0.047765
 0.047765 0.879802 0.048244 0.024188
 0.142073 0.001091 0.809072 0.047765
 0.024188 0.879802 0.024668 0.071342
 0.902900 0.024668 0.071821 0.000611
 0.024188 0.926956 0.001091 0.047765
 0.094919 0.142552 0.761918 0.000611
 0.047765 0.809072 0.095398 0.047765
 0.832169 0.024668 0.142552 0.000611
 0.000611 0.926956 0.024668 0.047765

MOTIF 17-CCCCTCCCCCTCC STREME-17
letter-probability matrix: alength= 4 w= 13 nsites= 247 E= 2.7e-001
 0.015865 0.907364 0.044985 0.031786
 0.022519 0.856109 0.066771 0.054602
 0.017500 0.927035 0.042740 0.012725
 0.031628 0.872181 0.043895 0.052296
 0.038839 0.050741 0.023134 0.887287
 0.015865 0.933262 0.019581 0.031292
 0.023076 0.849638 0.078325 0.048961
 0.057955 0.756534 0.072942 0.112568
 0.025382 0.863482 0.078546 0.032590
 0.029322 0.854321 0.051412 0.064944
 0.099263 0.112656 0.081372 0.706709
 0.042180 0.824217 0.078323 0.055280
 0.015865 0.924086 0.033705 0.026344

MOTIF 18-AGCCAATC STREME-18
letter-probability matrix: alength= 4 w= 8 nsites= 56 E= 5.2e-001
 0.925418 0.029127 0.029127 0.016327
 0.016327 0.029127 0.938218 0.016327
 0.016327 0.938218 0.029127 0.016327
 0.016327 0.938218 0.029127 0.016327
 0.925418 0.029127 0.029127 0.016327
 0.925418 0.029127 0.029127 0.016327
 0.016327 0.029127 0.029127 0.925418
 0.016327 0.938218 0.029127 0.016327

MOTIF 19-CCGCCTCCGCCCCC STREME-19
letter-probability matrix: alength= 4 w= 14 nsites= 110 E= 6.4e-001
 0.000239 0.815039 0.083252 0.101470
 0.000239 0.644417 0.198657 0.156688
 0.000239 0.037237 0.925474 0.037050
 0.138282 0.815039 0.037237 0.009442
 0.000239 0.995279 0.000426 0.004056
 0.119876 0.000426 0.009629 0.870070
 0.027847 0.916271 0.000426 0.055456
 0.129079 0.682381 0.179098 0.009442
 0.000239 0.000426 0.999097 0.000239
 0.037050 0.934677 0.009629 0.018644
 0.000239 0.929706 0.060614 0.009442
 0.018644 0.644213 0.133084 0.204059
 0.000239 0.925474 0.074049 0.000239
 0.101470 0.822471 0.028034 0.048024

MOTIF 20-CCCGCCCCTC STREME-20
letter-probability matrix: alength= 4 w= 10 nsites= 84 E= 6.4e-001
 0.251360 0.746599 0.001307 0.000733
 0.061237 0.936722 0.001307 0.000733
 0.000733 0.997227 0.001307 0.000733
 0.000733 0.001307 0.997227 0.000733
 0.119190 0.878770 0.001307 0.000733
 0.000733 0.997227 0.001307 0.000733
 0.000733 0.997227 0.001307 0.000733
 0.161191 0.836768 0.001307 0.000733
 0.000733 0.001307 0.001307 0.996652
 0.147464 0.850496 0.001307 0.000733

MOTIF 21-GCCCCGCCC STREME-21
letter-probability matrix: alength= 4 w= 9 nsites= 364 E= 6.8e-001
 0.052721 0.000927 0.945832 0.000520
 0.155213 0.843340 0.000927 0.000520
 0.313206 0.685346 0.000927 0.000520
 0.000520 0.998033 0.000927 0.000520
 0.000520 0.998033 0.000927 0.000520
 0.071094 0.000927 0.927459 0.000520
 0.090560 0.904112 0.000927 0.004401
 0.000520 0.998033 0.000927 0.000520
 0.000520 0.998033 0.000927 0.000520

MOTIF 22-ATGGCGGC STREME-22
letter-probability matrix: alength= 4 w= 8 nsites= 114 E= 8.1e-001
 0.925418 0.029127 0.029127 0.016327
 0.016327 0.029127 0.029127 0.925418
 0.016327 0.029127 0.938218 0.016327
 0.016327 0.029127 0.938218 0.016327
 0.016327 0.938218 0.029127 0.016327
 0.016327 0.029127 0.938218 0.016327
 0.016327 0.029127 0.938218 0.016327
 0.016327 0.938218 0.029127 0.016327

MOTIF 23-CCGGAAAC STREME-23
letter-probability matrix: alength= 4 w= 8 nsites= 142 E= 8.5e-001
 0.016327 0.938218 0.029127 0.016327
 0.016327 0.938218 0.029127 0.016327
 0.016327 0.029127 0.938218 0.016327
 0.016327 0.029127 0.938218 0.016327
 0.925418 0.029127 0.029127 0.016327
 0.925418 0.029127 0.029127 0.016327
 0.925418 0.029127 0.029127 0.016327
 0.016327 0.938218 0.029127 0.016327

MOTIF 24-ACCATAGAGA STREME-24
letter-probability matrix: alength= 4 w= 10 nsites= 97 E= 1.1e+000
 0.998492 0.000589 0.000589 0.000330
 0.025792 0.833246 0.000589 0.140373
 0.000330 0.960557 0.038782 0.000330
 0.934836 0.000589 0.038782 0.025792
 0.031067 0.057055 0.000589 0.911290
 0.858449 0.140632 0.000589 0.000330
 0.000330 0.000589 0.909633 0.089448
 0.985761 0.013320 0.000589 0.000330
 0.000330 0.000589 0.929814 0.069267
 0.522158 0.140632 0.133182 0.204029

MOTIF 25-CCCTCCTTCCCYCYC STREME-25
letter-probability matrix: alength= 4 w= 15 nsites= 58 E= 1.1e+000
 0.015186 0.806124 0.000685 0.178006
 0.000384 0.998548 0.000685 0.000384
 0.000384 0.983746 0.000685 0.015186
 0.044789 0.030288 0.000685 0.924238
 0.000384 0.939340 0.045090 0.015186
 0.000384 0.865331 0.015487 0.118798
 0.000384 0.148703 0.000685 0.850228
 0.044789 0.059892 0.000685 0.894634
 0.000384 0.859191 0.030288 0.110137
 0.000384 0.983746 0.015487 0.000384
 0.029987 0.806124 0.045090 0.118798
 0.000384 0.592758 0.074694 0.332164
 0.015186 0.658106 0.163505 0.163204
 0.148402 0.495285 0.000685 0.355628
 0.044789 0.894935 0.015487 0.044789

MOTIF 26-CGCAGGCGCAG STREME-26
letter-probability matrix: alength= 4 w= 11 nsites= 81 E= 1.2e+000
 0.000453 0.998286 0.000808 0.000453
 0.000453 0.000808 0.998286 0.000453
 0.000453 0.998286 0.000808 0.000453
 0.997930 0.000808 0.000808 0.000453
 0.087808 0.178868 0.626432 0.106892
 0.054472 0.110018 0.779294 0.056216
 0.000453 0.998286 0.000808 0.000453
 0.000453 0.000808 0.998286 0.000453
 0.000453 0.973567 0.000808 0.025172
 0.997930 0.000808 0.000808 0.000453
 0.070319 0.196332 0.680483 0.052866

MOTIF 27-AAAAAAAAAAAAS STREME-27
letter-probability matrix: alength= 4 w= 13 nsites= 108 E= 1.2e+000
 0.939639 0.033231 0.026848 0.000283
 0.835076 0.033231 0.044140 0.087553
 0.856894 0.076866 0.033231 0.033009
 0.769624 0.142319 0.065957 0.022100
 0.776007 0.125026 0.065957 0.033009
 0.911438 0.022322 0.055049 0.011192
 0.758715 0.109592 0.131410 0.000283
 0.933255 0.055049 0.011413 0.000283
 0.765098 0.109592 0.022322 0.102987
 0.889620 0.055049 0.000505 0.054827
 0.987799 0.011413 0.000505 0.000283
 0.948488 0.011413 0.039815 0.000283
 0.035078 0.314559 0.455592 0.194772

MOTIF 28-CCCGMCCCC STREME-28
letter-probability matrix: alength= 4 w= 9 nsites= 158 E= 1.3e+000
 0.161170 0.835507 0.002130 0.001194
 0.035254 0.961422 0.002130 0.001194
 0.001194 0.995482 0.002130 0.001194
 0.001194 0.002130 0.995482 0.001194
 0.487835 0.508841 0.002130 0.001194
 0.001194 0.995482 0.002130 0.001194
 0.001194 0.995482 0.002130 0.001194
 0.001194 0.995482 0.002130 0.001194
 0.001194 0.995482 0.002130 0.001194

MOTIF 29-RCGTCAC STREME-29
letter-probability matrix: alength= 4 w= 7 nsites= 334 E= 1.4e+000
 0.514420 0.000905 0.418043 0.066633
 0.000507 0.998081 0.000905 0.000507
 0.000507 0.000905 0.998081 0.000507
 0.000507 0.000905 0.000905 0.997684
 0.022963 0.968833 0.000905 0.007299
 0.997684 0.000905 0.000905 0.000507
 0.000507 0.800916 0.000905 0.197672

MOTIF 30-GATGACGC STREME-30
letter-probability matrix: alength= 4 w= 8 nsites= 128 E= 1.6e+000
 0.016327 0.029127 0.938218 0.016327
 0.925418 0.029127 0.029127 0.016327
 0.016327 0.029127 0.029127 0.925418
 0.016327 0.029127 0.938218 0.016327
 0.925418 0.029127 0.029127 0.016327
 0.016327 0.938218 0.029127 0.016327
 0.016327 0.029127 0.938218 0.016327
 0.016327 0.938218 0.029127 0.016327

MOTIF 31-TAWATAA STREME-31
letter-probability matrix: alength= 4 w= 7 nsites= 287 E= 1.6e+000
 0.000567 0.001012 0.001012 0.997408
 0.937248 0.001012 0.001012 0.060728
 0.575782 0.075553 0.001012 0.347653
 0.917821 0.001012 0.001012 0.080155
 0.000567 0.164599 0.001012 0.833822
 0.997408 0.001012 0.001012 0.000567
 0.718077 0.082568 0.198787 0.000567

MOTIF 32-GCAGCWRCAGCAGCA STREME-32
letter-probability matrix: alength= 4 w= 15 nsites= 123 E= 6.5e+000
 0.018065 0.152003 0.669193 0.160739
 0.000231 0.936705 0.000413 0.062651
 0.972193 0.009330 0.018247 0.000231
 0.071568 0.053915 0.874286 0.000231
 0.026982 0.963457 0.000413 0.009148
 0.455002 0.018247 0.187671 0.339080
 0.508505 0.071749 0.374930 0.044817
 0.000231 0.847535 0.116335 0.035900
 0.704680 0.098500 0.018247 0.178573
 0.044817 0.009330 0.927788 0.018065
 0.035900 0.856452 0.000413 0.107236
 0.651178 0.232256 0.071749 0.044817
 0.196407 0.009330 0.794032 0.000231
 0.160739 0.811866 0.018247 0.009148
 0.544173 0.196588 0.071749 0.187490

MOTIF 33-GCCCCTTTAAGR STREME-33
letter-probability matrix: alength= 4 w= 12 nsites= 48 E= 9.3e+000
 0.000656 0.001169 0.921683 0.076492
 0.000656 0.708979 0.062200 0.228166
 0.025934 0.795288 0.127564 0.051213
 0.025934 0.896404 0.077006 0.000656
 0.000656 0.896404 0.051727 0.051213
 0.000656 0.026448 0.001169 0.971727
 0.051213 0.026448 0.001169 0.921169
 0.000656 0.001169 0.026448 0.971727
 0.946448 0.051727 0.001169 0.000656
 0.946448 0.026448 0.026448 0.000656
 0.051213 0.102285 0.845846 0.000656
 0.455676 0.152843 0.390826 0.000656

MOTIF 34-CCTCTTCSTC STREME-34
letter-probability matrix: alength= 4 w= 10 nsites= 189 E= 1.7e+001
 0.000389 0.893833 0.045717 0.060061
 0.000389 0.983520 0.015702 0.000389
 0.068505 0.113342 0.000694 0.817458
 0.000389 0.998527 0.000694 0.000389
 0.025564 0.000694 0.045033 0.928709
 0.023495 0.000694 0.000694 0.975117
 0.000389 0.885024 0.040707 0.073880
 0.000389 0.589421 0.371700 0.038490
 0.000389 0.103045 0.168772 0.727795
 0.015397 0.858332 0.119657 0.006615

********************************************************************************
Stopped because 3 consecutive motifs exceeded the p-value threshold (0.05).
********************************************************************************
COMMAND:	streme --verbosity 1 --oc meme_out_incomplete_DL/HepG2_HCFC1-human_ENCFF391KIU/streme_out -dna --seed 0 --p meme_out_incomplete_DL/HepG2_HCFC1-human_ENCFF391KIU/seqs-centered --minw 6 --maxw 15 --time 6191 --order 2 --thresh 0.05 --align center --totallength 4000000 --parse-genomic-coord
********************************************************************************
CPU:		9f05ee173ae9
********************************************************************************
FINALTIME:	431.77 seconds
********************************************************************************
