********************************************************************************
STREME - Sensitive, Thorough, Rapid, Enriched Motif Elicitation
********************************************************************************
MEME version 5.5.3 (Release date: Sat Jun 10 16:19:38 2023 -0700)

For further information on how to interpret these results please access http://localhost:8080/meme_5.5.3.
To get a copy of the MEME Suite software please access https://meme-suite.org.

********************************************************************************


********************************************************************************
REFERENCE
********************************************************************************
If you use this program in your research, please cite:

Timothy L. Bailey,
"STREME: accurate and versatile sequence motif discovery",
Bioinformatics, Mar. 24, 2021.
********************************************************************************


ALPHABET= ACGT

strands: + -

Background letter frequencies
A 0.21 C 0.29 G 0.29 T 0.21 

MOTIF 1-CAAAGKYCA STREME-1
letter-probability matrix: alength= 4 w= 9 nsites= 3782 E= 1.3e-047
 0.000017 0.956589 0.000023 0.043372
 0.927852 0.048460 0.023672 0.000017
 0.854682 0.000023 0.125485 0.019809
 0.950690 0.000023 0.049271 0.000017
 0.000017 0.000023 0.999944 0.000017
 0.025383 0.000023 0.326055 0.648539
 0.029511 0.468705 0.052744 0.449039
 0.000017 0.988606 0.000023 0.011354
 0.891558 0.000023 0.035640 0.072779

MOTIF 2-AGYAAAYAH STREME-2
letter-probability matrix: alength= 4 w= 9 nsites= 2340 E= 1.3e-017
 0.553269 0.000052 0.188687 0.257993
 0.313062 0.000052 0.675901 0.010985
 0.000037 0.402399 0.000052 0.597512
 0.999860 0.000052 0.000052 0.000037
 0.999860 0.000052 0.000052 0.000037
 0.999860 0.000052 0.000052 0.000037
 0.000037 0.619566 0.000052 0.380346
 0.999860 0.000052 0.000052 0.000037
 0.303367 0.222140 0.144469 0.330024

MOTIF 3-AGDTCAAAG STREME-3
letter-probability matrix: alength= 4 w= 9 nsites= 1636 E= 3.0e-010
 0.838629 0.000105 0.161191 0.000076
 0.000076 0.109290 0.890559 0.000076
 0.322461 0.019908 0.229723 0.427907
 0.132833 0.089997 0.117692 0.659477
 0.000076 0.999744 0.000105 0.000076
 0.984568 0.000105 0.000105 0.015223
 0.999715 0.000105 0.000105 0.000076
 0.821473 0.000105 0.104339 0.074084
 0.000076 0.000105 0.962849 0.036971

MOTIF 4-CCASCAGRKGGCGS STREME-4
letter-probability matrix: alength= 4 w= 14 nsites= 407 E= 7.1e-009
 0.000087 0.954346 0.045479 0.000087
 0.000087 0.993923 0.005902 0.000087
 0.617030 0.013642 0.261673 0.107654
 0.017430 0.483345 0.499138 0.000087
 0.061985 0.637428 0.129966 0.170620
 0.984019 0.000121 0.015773 0.000087
 0.000087 0.000121 0.999704 0.000087
 0.383306 0.000121 0.616486 0.000087
 0.005868 0.008792 0.645051 0.340289
 0.000087 0.000121 0.999704 0.000087
 0.000087 0.003011 0.956348 0.040553
 0.099829 0.829393 0.000121 0.070656
 0.317540 0.000121 0.673580 0.008759
 0.030191 0.621553 0.330826 0.017430

MOTIF 5-CCCCRCCCC STREME-5
letter-probability matrix: alength= 4 w= 9 nsites= 2294 E= 1.1e-008
 0.032473 0.851826 0.000084 0.115616
 0.000061 0.999794 0.000084 0.000061
 0.029143 0.970712 0.000084 0.000061
 0.000061 0.876696 0.000084 0.123159
 0.305378 0.000084 0.517336 0.177201
 0.041513 0.958342 0.000084 0.000061
 0.000061 0.999794 0.000084 0.000061
 0.000061 0.924362 0.000084 0.075493
 0.000061 0.999794 0.000084 0.000061

MOTIF 6-CAAGGTCA STREME-6
letter-probability matrix: alength= 4 w= 8 nsites= 1622 E= 1.3e-008
 0.000134 0.873621 0.054545 0.071700
 0.885329 0.000185 0.074785 0.039701
 0.925464 0.000185 0.074217 0.000134
 0.000134 0.037889 0.961843 0.000134
 0.000134 0.000185 0.969472 0.030209
 0.052372 0.219506 0.000185 0.727937
 0.000134 0.971717 0.000185 0.027964
 0.863994 0.077310 0.058562 0.000134

MOTIF 7-CCAGCCTGGGCRACA STREME-7
letter-probability matrix: alength= 4 w= 15 nsites= 245 E= 3.4e-006
 0.000139 0.962829 0.018543 0.018490
 0.009314 0.933398 0.002096 0.055191
 0.981126 0.004780 0.009367 0.004727
 0.041428 0.004780 0.930715 0.023077
 0.004727 0.949066 0.004780 0.041428
 0.013902 0.949066 0.009367 0.027665
 0.013902 0.009367 0.000192 0.976539
 0.036840 0.000192 0.958241 0.004727
 0.082717 0.000192 0.916952 0.000139
 0.032253 0.210447 0.747986 0.009314
 0.013902 0.660041 0.004780 0.321278
 0.563646 0.009367 0.422260 0.004727
 0.990302 0.000192 0.009367 0.000139
 0.018490 0.910460 0.025035 0.046016
 0.976539 0.004780 0.009367 0.009314

MOTIF 8-CTGTAATCCCAGCWM STREME-8
letter-probability matrix: alength= 4 w= 15 nsites= 287 E= 6.1e-006
 0.000118 0.956656 0.000163 0.043063
 0.015734 0.007972 0.004068 0.972227
 0.074295 0.015780 0.901999 0.007926
 0.000118 0.019684 0.007972 0.972227
 0.940994 0.004068 0.035300 0.019638
 0.741888 0.007972 0.250023 0.000118
 0.007926 0.015780 0.004068 0.972227
 0.000118 0.909807 0.031396 0.058679
 0.004022 0.909807 0.007972 0.078199
 0.000118 0.901999 0.000163 0.097719
 0.995651 0.000163 0.004068 0.000118
 0.054775 0.000163 0.929327 0.015734
 0.023542 0.937135 0.004068 0.035255
 0.523261 0.000163 0.015780 0.460796
 0.456892 0.503786 0.015780 0.023542

MOTIF 9-RTTRYRYAAY STREME-9
letter-probability matrix: alength= 4 w= 10 nsites= 1131 E= 8.9e-006
 0.495037 0.082494 0.422420 0.000049
 0.000049 0.000067 0.000067 0.999817
 0.000049 0.000067 0.196399 0.803485
 0.335165 0.000067 0.528290 0.136478
 0.070592 0.593159 0.000067 0.336182
 0.336182 0.000067 0.593159 0.070592
 0.136478 0.528290 0.000067 0.335165
 0.803485 0.196399 0.000067 0.000049
 0.999817 0.000067 0.000067 0.000049
 0.000049 0.422420 0.082494 0.495037

MOTIF 10-GCCKCVGCCKCCS STREME-10
letter-probability matrix: alength= 4 w= 13 nsites= 816 E= 3.3e-004
 0.135967 0.049081 0.807535 0.007416
 0.000053 0.972648 0.016602 0.010697
 0.000053 0.934901 0.049813 0.015233
 0.000053 0.018338 0.511043 0.470566
 0.000053 0.982399 0.005866 0.011682
 0.298156 0.400102 0.261276 0.040465
 0.000053 0.000073 0.999822 0.000053
 0.000053 0.953871 0.000073 0.046003
 0.000053 0.933066 0.038886 0.027996
 0.132852 0.012955 0.427904 0.426289
 0.005271 0.955688 0.000073 0.038968
 0.000053 0.853194 0.089333 0.057420
 0.062220 0.356181 0.465337 0.116262

MOTIF 11-AGACAGRGTYTCRCT STREME-11
letter-probability matrix: alength= 4 w= 15 nsites= 176 E= 8.6e-004
 0.977289 0.000231 0.011272 0.011208
 0.027769 0.038874 0.911107 0.022249
 0.971768 0.005752 0.016793 0.005688
 0.000167 0.866944 0.005752 0.127138
 0.657102 0.005752 0.309377 0.027769
 0.094015 0.022313 0.872464 0.011208
 0.325874 0.005752 0.651646 0.016728
 0.033290 0.005752 0.960791 0.000167
 0.000167 0.005752 0.005752 0.988330
 0.000167 0.590921 0.000231 0.408681
 0.005688 0.011272 0.022313 0.960727
 0.011208 0.717891 0.016793 0.254108
 0.574295 0.022313 0.392184 0.011208
 0.000167 0.922148 0.005752 0.071933
 0.011208 0.298336 0.000231 0.690225

MOTIF 12-CTCAAGYGATCCTCC STREME-12
letter-probability matrix: alength= 4 w= 15 nsites= 208 E= 1.7e-003
 0.004745 0.760056 0.009403 0.225796
 0.000139 0.014009 0.004798 0.981054
 0.000139 0.971897 0.000193 0.027771
 0.948817 0.014009 0.018614 0.018560
 0.764608 0.014009 0.189007 0.032376
 0.064613 0.018614 0.898213 0.018560
 0.036981 0.377822 0.018614 0.566583
 0.239612 0.009403 0.750846 0.000139
 0.994870 0.004798 0.000193 0.000139
 0.004745 0.032429 0.004798 0.958028
 0.000139 0.737030 0.009403 0.253427
 0.009350 0.815319 0.009403 0.165928
 0.124481 0.027824 0.221244 0.626451
 0.004745 0.898213 0.018614 0.078428
 0.009350 0.870582 0.014009 0.106060

MOTIF 13-AAAAAAAAAAAAA STREME-13
letter-probability matrix: alength= 4 w= 13 nsites= 277 E= 1.9e-003
 0.966419 0.018262 0.000243 0.015077
 0.999339 0.000243 0.000243 0.000175
 0.999339 0.000243 0.000243 0.000175
 0.981204 0.000243 0.012582 0.005971
 0.840447 0.042486 0.116891 0.000175
 0.684668 0.027481 0.008469 0.279382
 0.974055 0.002346 0.000243 0.023357
 0.725054 0.237199 0.018187 0.019559
 0.965759 0.011833 0.014870 0.007537
 0.988897 0.006038 0.004890 0.000175
 0.813147 0.087915 0.098763 0.000175
 0.963652 0.000243 0.012749 0.023357
 0.965966 0.012268 0.007269 0.014497

MOTIF 14-GCRTGAGCCACYGC STREME-14
letter-probability matrix: alength= 4 w= 14 nsites= 177 E= 3.4e-003
 0.037325 0.000259 0.962228 0.000187
 0.000187 0.832245 0.000259 0.167309
 0.411275 0.006449 0.582089 0.000187
 0.018756 0.025018 0.000259 0.955967
 0.018756 0.000259 0.980797 0.000187
 0.993105 0.000259 0.000259 0.006377
 0.039894 0.006449 0.953469 0.000187
 0.000187 0.894142 0.012638 0.093033
 0.000187 0.980797 0.018828 0.000187
 0.993105 0.006449 0.000259 0.000187
 0.006377 0.980797 0.000259 0.012567
 0.037325 0.609416 0.000259 0.352999
 0.229205 0.012638 0.745589 0.012567
 0.012567 0.733210 0.000259 0.253964

MOTIF 15-AGGAAGTGA STREME-15
letter-probability matrix: alength= 4 w= 9 nsites= 640 E= 9.0e-003
 0.758924 0.202386 0.036801 0.001890
 0.000680 0.006745 0.984262 0.008312
 0.003003 0.000439 0.969964 0.026594
 0.968554 0.016700 0.011841 0.002904
 0.960081 0.000788 0.029251 0.009879
 0.034845 0.003580 0.953331 0.008243
 0.067748 0.011104 0.028764 0.892384
 0.028296 0.103982 0.856039 0.011683
 0.841234 0.008372 0.144666 0.005728

MOTIF 16-CTCRGCTCACTGCAA STREME-16
letter-probability matrix: alength= 4 w= 15 nsites= 129 E= 1.4e-002
 0.019309 0.980005 0.000398 0.000288
 0.257078 0.009909 0.000398 0.732615
 0.000288 0.732725 0.000398 0.266589
 0.428271 0.047952 0.523489 0.000288
 0.057352 0.009909 0.913429 0.019309
 0.000288 0.980005 0.000398 0.019309
 0.000288 0.000398 0.000398 0.998916
 0.000288 0.980005 0.000398 0.019309
 0.970384 0.000398 0.019420 0.009799
 0.009799 0.989515 0.000398 0.000288
 0.000288 0.047952 0.009909 0.941851
 0.038331 0.000398 0.960983 0.000288
 0.000288 0.922940 0.000398 0.076374
 0.979894 0.009909 0.009909 0.000288
 0.666040 0.028930 0.295231 0.009799

MOTIF 17-GCGCATGCGCACA STREME-17
letter-probability matrix: alength= 4 w= 13 nsites= 263 E= 1.4e-002
 0.082215 0.011965 0.899783 0.006037
 0.023617 0.917362 0.029545 0.029477
 0.038464 0.023685 0.920094 0.017757
 0.000177 0.975961 0.011965 0.011897
 0.780493 0.106311 0.098867 0.014329
 0.041196 0.122306 0.113338 0.723160
 0.017757 0.006105 0.964241 0.011897
 0.006037 0.932510 0.029545 0.031909
 0.067763 0.029545 0.882503 0.020189
 0.006037 0.917362 0.006105 0.070495
 0.859282 0.045280 0.054241 0.041196
 0.058776 0.766002 0.157465 0.017757
 0.572062 0.123302 0.175543 0.129094

MOTIF 18-GGAGTTCGAGA STREME-18
letter-probability matrix: alength= 4 w= 11 nsites= 90 E= 2.7e-002
 0.021829 0.000450 0.977396 0.000325
 0.011077 0.032705 0.955892 0.000325
 0.977271 0.011202 0.000450 0.011077
 0.032581 0.011202 0.945141 0.011077
 0.043332 0.043457 0.018492 0.894719
 0.000325 0.004912 0.000450 0.994312
 0.021829 0.808830 0.018492 0.150849
 0.150849 0.000450 0.848375 0.000325
 0.972809 0.000450 0.021954 0.004788
 0.021829 0.011202 0.966644 0.000325
 0.969980 0.011202 0.018492 0.000325

MOTIF 19-RTGASTCAY STREME-19
letter-probability matrix: alength= 4 w= 9 nsites= 556 E= 2.8e-002
 0.394486 0.144956 0.460350 0.000209
 0.000209 0.000289 0.000289 0.999214
 0.007593 0.000289 0.914882 0.077237
 0.944561 0.054941 0.000289 0.000209
 0.028859 0.471141 0.471141 0.028859
 0.000209 0.000289 0.054941 0.944561
 0.077237 0.914882 0.000289 0.007593
 0.999214 0.000289 0.000289 0.000209
 0.000209 0.460350 0.144956 0.394486

MOTIF 20-CAAAGTCC STREME-20
letter-probability matrix: alength= 4 w= 8 nsites= 886 E= 3.6e-002
 0.000337 0.920603 0.033476 0.045584
 0.883647 0.052270 0.029142 0.034941
 0.977768 0.000466 0.000466 0.021299
 0.942111 0.029487 0.000466 0.027936
 0.000337 0.072188 0.796414 0.131061
 0.000337 0.000466 0.000466 0.998731
 0.015981 0.942591 0.021090 0.020338
 0.054173 0.785752 0.026119 0.133956

MOTIF 21-AATCAWTAAC STREME-21
letter-probability matrix: alength= 4 w= 10 nsites= 261 E= 5.9e-002
 0.798441 0.046987 0.085816 0.068756
 0.984906 0.000218 0.014719 0.000157
 0.054599 0.039403 0.000218 0.905780
 0.061214 0.815144 0.038669 0.084973
 0.848378 0.010611 0.111503 0.029508
 0.497840 0.023813 0.016809 0.461539
 0.000157 0.019331 0.000218 0.980294
 0.970938 0.001219 0.005414 0.022429
 0.689482 0.088627 0.111987 0.109905
 0.123828 0.666113 0.043860 0.166199

MOTIF 22-AAGATGGCGGCGG STREME-22
letter-probability matrix: alength= 4 w= 13 nsites= 111 E= 1.8e-001
 0.923624 0.043394 0.032658 0.000325
 0.955832 0.000449 0.021922 0.021797
 0.107685 0.215170 0.633875 0.043269
 0.998776 0.000449 0.000449 0.000325
 0.000325 0.011186 0.000449 0.988040
 0.000325 0.011186 0.988165 0.000325
 0.011061 0.000449 0.955956 0.032533
 0.000325 0.977429 0.000449 0.021797
 0.011061 0.021922 0.923748 0.043269
 0.021797 0.064866 0.902276 0.011061
 0.075477 0.880804 0.000449 0.043269
 0.064741 0.225906 0.666084 0.043269
 0.011061 0.258114 0.698292 0.032533

MOTIF 23-CACGTG STREME-23
letter-probability matrix: alength= 4 w= 6 nsites= 886 E= 2.8e-001
 0.090391 0.712621 0.093566 0.103422
 0.994476 0.002029 0.002029 0.001467
 0.001467 0.995038 0.002029 0.001467
 0.001467 0.002029 0.995038 0.001467
 0.001467 0.002029 0.002029 0.994476
 0.103422 0.093566 0.712621 0.090391

MOTIF 24-GGTGACGTCA STREME-24
letter-probability matrix: alength= 4 w= 10 nsites= 148 E= 3.3e-001
 0.026685 0.188824 0.766632 0.017859
 0.282670 0.049945 0.667011 0.000374
 0.042169 0.000517 0.055462 0.901852
 0.000374 0.000517 0.974021 0.025088
 0.998591 0.000517 0.000517 0.000374
 0.000374 0.903536 0.095716 0.000374
 0.132801 0.000517 0.866308 0.000374
 0.030216 0.089046 0.000517 0.880220
 0.000374 0.998735 0.000517 0.000374
 0.897356 0.000517 0.000517 0.101610

MOTIF 25-AGGGCAGAGGC STREME-25
letter-probability matrix: alength= 4 w= 11 nsites= 1059 E= 4.1e-001
 0.868269 0.075633 0.049617 0.006482
 0.020728 0.008227 0.933078 0.037968
 0.098710 0.035937 0.657596 0.207757
 0.051310 0.001868 0.805850 0.140971
 0.178484 0.785778 0.000073 0.035665
 0.942811 0.036130 0.021006 0.000053
 0.010460 0.009939 0.972184 0.007416
 0.658212 0.129662 0.030765 0.181361
 0.015548 0.023550 0.924046 0.036856
 0.178383 0.011776 0.594119 0.215722
 0.071554 0.623457 0.100509 0.204480

MOTIF 26-ACTACAAYTCCCA STREME-26
letter-probability matrix: alength= 4 w= 13 nsites= 100 E= 4.3e-001
 0.998757 0.000457 0.000457 0.000330
 0.000330 0.911632 0.000457 0.087581
 0.000330 0.098614 0.022269 0.878786
 0.966037 0.033176 0.000457 0.000330
 0.000330 0.987977 0.011363 0.000330
 0.900599 0.000457 0.098614 0.000330
 0.665620 0.076801 0.065895 0.191683
 0.054862 0.447619 0.196772 0.300747
 0.000330 0.076801 0.022269 0.900599
 0.011237 0.944351 0.000457 0.043956
 0.000330 0.977070 0.000457 0.022143
 0.000330 0.987977 0.000457 0.011237
 0.802442 0.000457 0.196772 0.000330

MOTIF 27-CAGGAAG STREME-27
letter-probability matrix: alength= 4 w= 7 nsites= 1062 E= 7.0e-001
 0.019073 0.935473 0.026382 0.019073
 0.928164 0.026382 0.026382 0.019073
 0.019073 0.026382 0.935473 0.019073
 0.019073 0.026382 0.935473 0.019073
 0.928164 0.026382 0.026382 0.019073
 0.928164 0.026382 0.026382 0.019073
 0.019073 0.026382 0.935473 0.019073

MOTIF 28-RYCACGTGRY STREME-28
letter-probability matrix: alength= 4 w= 10 nsites= 674 E= 7.9e-001
 0.278371 0.090705 0.508680 0.122244
 0.106238 0.383716 0.098981 0.411065
 0.017412 0.941266 0.017371 0.023951
 0.986189 0.000159 0.013537 0.000115
 0.000115 0.947492 0.000159 0.052233
 0.052233 0.000159 0.947492 0.000115
 0.000115 0.013537 0.000159 0.986189
 0.023951 0.017371 0.941266 0.017412
 0.411065 0.098981 0.383716 0.106238
 0.122244 0.508680 0.090705 0.278371

MOTIF 29-CRCCGCCTCCTCCC STREME-29
letter-probability matrix: alength= 4 w= 14 nsites= 184 E= 9.7e-001
 0.006356 0.927753 0.016347 0.049544
 0.569768 0.012598 0.318733 0.098901
 0.018696 0.766445 0.141686 0.073174
 0.000187 0.996808 0.000258 0.002747
 0.082952 0.203996 0.614151 0.098901
 0.000187 0.922772 0.000258 0.076783
 0.018696 0.956181 0.006428 0.018696
 0.075411 0.083756 0.000258 0.840574
 0.000187 0.895533 0.070685 0.033595
 0.000187 0.962350 0.037276 0.000187
 0.000187 0.000258 0.216910 0.782645
 0.061883 0.826619 0.012598 0.098901
 0.012526 0.806598 0.116433 0.064444
 0.012526 0.770219 0.128132 0.089122

MOTIF 30-AATGTTTAACA STREME-30
letter-probability matrix: alength= 4 w= 11 nsites= 128 E= 9.8e-001
 0.884481 0.007264 0.040341 0.067914
 0.973634 0.000522 0.025466 0.000377
 0.012850 0.037938 0.000522 0.948690
 0.128155 0.000522 0.870946 0.000377
 0.080386 0.012994 0.155363 0.751257
 0.037794 0.025466 0.088988 0.847753
 0.006614 0.098179 0.000522 0.894685
 0.936218 0.012994 0.012994 0.037794
 0.885169 0.012994 0.064044 0.037794
 0.005554 0.838706 0.037938 0.117802
 0.660672 0.108755 0.050410 0.180162

MOTIF 31-GAGGAAGGAARG STREME-31
letter-probability matrix: alength= 4 w= 12 nsites= 805 E= 1.1e+000
 0.023472 0.005643 0.917060 0.053825
 0.985948 0.000077 0.002905 0.011070
 0.028878 0.018122 0.848675 0.104325
 0.163364 0.014310 0.818599 0.003727
 0.813460 0.000077 0.065084 0.121380
 0.989850 0.008182 0.000077 0.001891
 0.000056 0.014763 0.908193 0.076988
 0.135559 0.121381 0.730154 0.012906
 0.612178 0.122515 0.164379 0.100928
 0.668170 0.110385 0.212170 0.009276
 0.465689 0.088073 0.329421 0.116817
 0.224166 0.057768 0.617947 0.100119

MOTIF 32-AGATGAGGAAAC STREME-32
letter-probability matrix: alength= 4 w= 12 nsites= 106 E= 1.1e+000
 0.916842 0.000462 0.011507 0.071188
 0.177053 0.011507 0.800060 0.011379
 0.998741 0.000462 0.000462 0.000334
 0.000334 0.000462 0.000462 0.998741
 0.161202 0.000462 0.789238 0.049098
 0.833067 0.033597 0.121957 0.011379
 0.055559 0.000462 0.844240 0.099739
 0.137458 0.044642 0.784431 0.033469
 0.848918 0.082361 0.002117 0.066604
 0.932471 0.011507 0.033597 0.022424
 0.888291 0.011507 0.099867 0.000334
 0.011379 0.844240 0.000462 0.143919

MOTIF 33-GTCAATA STREME-33
letter-probability matrix: alength= 4 w= 7 nsites= 270 E= 1.1e+000
 0.240202 0.001166 0.757790 0.000843
 0.000843 0.001166 0.001166 0.996826
 0.000843 0.997149 0.001166 0.000843
 0.920103 0.001166 0.077888 0.000843
 0.996826 0.001166 0.001166 0.000843
 0.000843 0.001166 0.001166 0.996826
 0.996826 0.001166 0.001166 0.000843

MOTIF 34-AGAGAGAGAGAGAV STREME-34
letter-probability matrix: alength= 4 w= 14 nsites= 64 E= 1.1e+000
 0.940216 0.000804 0.020002 0.038978
 0.000581 0.077598 0.921240 0.000581
 0.863422 0.077598 0.039201 0.019780
 0.000581 0.000804 0.978835 0.019780
 0.997811 0.000804 0.000804 0.000581
 0.038978 0.000804 0.863644 0.096574
 0.940216 0.020002 0.039201 0.000581
 0.000581 0.135193 0.844446 0.019780
 0.901819 0.020002 0.039201 0.038978
 0.019780 0.000804 0.902041 0.077375
 0.805826 0.000804 0.192789 0.000581
 0.000581 0.000804 0.998034 0.000581
 0.941847 0.020002 0.010403 0.027748
 0.330375 0.373544 0.218706 0.077375

MOTIF 35-GAGCTGGGA STREME-35
letter-probability matrix: alength= 4 w= 9 nsites= 1488 E= 1.3e+000
 0.000179 0.000248 0.948326 0.051247
 0.760478 0.031487 0.139708 0.068327
 0.000179 0.079895 0.919747 0.000179
 0.027456 0.844179 0.128185 0.000179
 0.028320 0.294346 0.019216 0.658118
 0.004295 0.000248 0.995278 0.000179
 0.000179 0.005034 0.994607 0.000179
 0.023166 0.000248 0.976406 0.000179
 0.837972 0.117787 0.044062 0.000179

MOTIF 36-GTCAACA STREME-36
letter-probability matrix: alength= 4 w= 7 nsites= 367 E= 1.3e+000
 0.019073 0.026382 0.935473 0.019073
 0.019073 0.026382 0.026382 0.928164
 0.019073 0.935473 0.026382 0.019073
 0.928164 0.026382 0.026382 0.019073
 0.928164 0.026382 0.026382 0.019073
 0.019073 0.935473 0.026382 0.019073
 0.928164 0.026382 0.026382 0.019073

MOTIF 37-CTCGGCCTC STREME-37
letter-probability matrix: alength= 4 w= 9 nsites= 846 E= 1.3e+000
 0.007099 0.989677 0.002946 0.000278
 0.000278 0.000385 0.000385 0.998951
 0.000278 0.916502 0.000385 0.082835
 0.075143 0.000385 0.837913 0.086559
 0.024511 0.059857 0.725929 0.189702
 0.031802 0.967534 0.000385 0.000278
 0.036647 0.800688 0.070185 0.092479
 0.029690 0.061459 0.000385 0.908466
 0.092217 0.830140 0.000385 0.077257

MOTIF 38-GCAGCAGCAGCGSC STREME-38
letter-probability matrix: alength= 4 w= 14 nsites= 185 E= 1.4e+000
 0.002021 0.117156 0.839838 0.040985
 0.080291 0.878534 0.004729 0.036447
 0.752305 0.049344 0.104682 0.093668
 0.004676 0.000190 0.994997 0.000137
 0.000137 0.999535 0.000190 0.000137
 0.708906 0.079231 0.119069 0.092794
 0.031908 0.000190 0.967765 0.000137
 0.000137 0.994997 0.004729 0.000137
 0.664001 0.198918 0.099760 0.037321
 0.091785 0.013035 0.890504 0.004676
 0.064791 0.843570 0.037038 0.054601
 0.155896 0.104378 0.639636 0.100091
 0.214566 0.429151 0.311530 0.044753
 0.000137 0.859505 0.140220 0.000137

MOTIF 39-GGGAAGGGGAA STREME-39
letter-probability matrix: alength= 4 w= 11 nsites= 237 E= 1.7e+000
 0.022220 0.114262 0.863279 0.000238
 0.066704 0.111841 0.781991 0.039465
 0.000238 0.000330 0.917153 0.082279
 0.999102 0.000330 0.000330 0.000238
 0.924651 0.038143 0.000330 0.036877
 0.000238 0.038377 0.875837 0.085548
 0.013457 0.214913 0.770753 0.000878
 0.013383 0.095034 0.829666 0.061917
 0.037281 0.048232 0.871595 0.042893
 0.900391 0.000330 0.032754 0.066525
 0.868162 0.039229 0.036497 0.056112

MOTIF 40-CTCTGACCCCG STREME-40
letter-probability matrix: alength= 4 w= 11 nsites= 77 E= 1.7e+000
 0.008821 0.950131 0.020639 0.020409
 0.000600 0.283819 0.080066 0.635515
 0.000600 0.997971 0.000829 0.000600
 0.000600 0.020639 0.000829 0.977932
 0.000600 0.031347 0.967454 0.000600
 0.918505 0.000829 0.000829 0.079837
 0.000600 0.997971 0.000829 0.000600
 0.020409 0.938544 0.040448 0.000600
 0.000600 0.997971 0.000829 0.000600
 0.000600 0.967454 0.031347 0.000600
 0.176806 0.048669 0.686017 0.088508

MOTIF 41-TCAGCACCRCGGACA STREME-41
letter-probability matrix: alength= 4 w= 15 nsites= 62 E= 1.7e+000
 0.000629 0.021641 0.083953 0.893778
 0.042170 0.956331 0.000870 0.000629
 0.976861 0.000870 0.000870 0.021400
 0.021400 0.000870 0.977102 0.000629
 0.000629 0.956331 0.042411 0.000629
 0.935319 0.042411 0.000870 0.021400
 0.021400 0.956331 0.021641 0.000629
 0.021400 0.935560 0.000870 0.042170
 0.582214 0.021641 0.291662 0.104483
 0.062941 0.561684 0.146266 0.229109
 0.000629 0.000870 0.997873 0.000629
 0.042170 0.021641 0.935560 0.000629
 0.914548 0.063182 0.000870 0.021400
 0.000629 0.935560 0.063182 0.000629
 0.956090 0.021641 0.021641 0.000629

MOTIF 42-CCCCACCC STREME-42
letter-probability matrix: alength= 4 w= 8 nsites= 595 E= 1.7e+000
 0.000519 0.998246 0.000717 0.000519
 0.000519 0.998246 0.000717 0.000519
 0.000519 0.998246 0.000717 0.000519
 0.212220 0.516128 0.196795 0.074857
 0.998047 0.000717 0.000717 0.000519
 0.000519 0.998246 0.000717 0.000519
 0.000519 0.970254 0.028709 0.000519
 0.000519 0.998246 0.000717 0.000519

MOTIF 43-CATTTCC STREME-43
letter-probability matrix: alength= 4 w= 7 nsites= 467 E= 1.8e+000
 0.019073 0.935473 0.026382 0.019073
 0.928164 0.026382 0.026382 0.019073
 0.019073 0.026382 0.026382 0.928164
 0.019073 0.026382 0.026382 0.928164
 0.019073 0.026382 0.026382 0.928164
 0.019073 0.935473 0.026382 0.019073
 0.019073 0.935473 0.026382 0.019073

MOTIF 44-TACACAAACA STREME-44
letter-probability matrix: alength= 4 w= 10 nsites= 89 E= 1.8e+000
 0.000610 0.000844 0.000844 0.997702
 0.997702 0.000844 0.000844 0.000610
 0.081227 0.847235 0.070928 0.000610
 0.916869 0.015959 0.044015 0.023157
 0.074547 0.885480 0.008314 0.031659
 0.928875 0.049517 0.020998 0.000610
 0.977548 0.000844 0.000844 0.020764
 0.956936 0.009209 0.020998 0.012857
 0.000610 0.836244 0.065189 0.097956
 0.913203 0.065189 0.000844 0.020764

MOTIF 45-GAAAACRAAG STREME-45
letter-probability matrix: alength= 4 w= 10 nsites= 88 E= 1.9e+000
 0.000508 0.137575 0.861408 0.000508
 0.863699 0.135090 0.000703 0.000508
 0.813304 0.017502 0.067897 0.101298
 0.873525 0.067897 0.000703 0.057875
 0.981287 0.000703 0.000703 0.017307
 0.000508 0.998280 0.000703 0.000508
 0.423325 0.000703 0.558665 0.017307
 0.994849 0.000703 0.000703 0.003745
 0.939154 0.009239 0.000703 0.050903
 0.010716 0.192050 0.763129 0.034105

MOTIF 46-CCAGCCCTGC STREME-46
letter-probability matrix: alength= 4 w= 10 nsites= 76 E= 1.9e+000
 0.019073 0.935473 0.026382 0.019073
 0.019073 0.935473 0.026382 0.019073
 0.928164 0.026382 0.026382 0.019073
 0.019073 0.026382 0.935473 0.019073
 0.019073 0.935473 0.026382 0.019073
 0.019073 0.935473 0.026382 0.019073
 0.019073 0.935473 0.026382 0.019073
 0.019073 0.026382 0.026382 0.928164
 0.019073 0.026382 0.935473 0.019073
 0.019073 0.935473 0.026382 0.019073

MOTIF 47-AGCCAGGCRTGGTGG STREME-47
letter-probability matrix: alength= 4 w= 15 nsites= 99 E= 1.9e+000
 0.812175 0.040480 0.093711 0.053634
 0.000403 0.000557 0.972022 0.027018
 0.000403 0.998637 0.000557 0.000403
 0.013711 0.759098 0.013865 0.213327
 0.679097 0.000557 0.293327 0.027018
 0.000403 0.000557 0.998637 0.000403
 0.000403 0.013865 0.985330 0.000403
 0.013711 0.905483 0.000557 0.080249
 0.519404 0.093711 0.333251 0.053634
 0.040326 0.000557 0.000557 0.958560
 0.080249 0.000557 0.905483 0.013711
 0.066941 0.027173 0.905483 0.000403
 0.013711 0.053788 0.027173 0.905329
 0.000403 0.000557 0.998637 0.000403
 0.226634 0.027173 0.732483 0.013711

MOTIF 48-CACACACACRCAC STREME-48
letter-probability matrix: alength= 4 w= 13 nsites= 257 E= 2.0e+000
 0.000187 0.847854 0.000258 0.151701
 0.972074 0.008966 0.018773 0.000187
 0.000187 0.934372 0.015070 0.050371
 0.502338 0.132948 0.150433 0.214281
 0.000187 0.976103 0.007664 0.016045
 0.777748 0.068146 0.120500 0.033606
 0.000187 0.855329 0.000258 0.144226
 0.993125 0.000258 0.006430 0.000187
 0.031003 0.846078 0.021859 0.101060
 0.572662 0.029059 0.313336 0.084943
 0.000187 0.968510 0.000258 0.031045
 0.872819 0.073623 0.047200 0.006358
 0.022753 0.900871 0.051263 0.025113

MOTIF 49-CCCGAGGCC STREME-49
letter-probability matrix: alength= 4 w= 9 nsites= 673 E= 2.3e+000
 0.117180 0.822856 0.059663 0.000302
 0.033884 0.965397 0.000417 0.000302
 0.000302 0.998980 0.000417 0.000302
 0.000302 0.000417 0.948659 0.050623
 0.998864 0.000417 0.000417 0.000302
 0.020904 0.030758 0.892646 0.055692
 0.208243 0.047192 0.602158 0.142408
 0.000302 0.998980 0.000417 0.000302
 0.038017 0.895436 0.000417 0.066131

MOTIF 50-CCCAGC STREME-50
letter-probability matrix: alength= 4 w= 6 nsites= 3327 E= 2.4e+000
 0.019073 0.935473 0.026382 0.019073
 0.019073 0.935473 0.026382 0.019073
 0.019073 0.935473 0.026382 0.019073
 0.928164 0.026382 0.026382 0.019073
 0.019073 0.026382 0.935473 0.019073
 0.019073 0.935473 0.026382 0.019073

MOTIF 51-GAATGAATGA STREME-51
letter-probability matrix: alength= 4 w= 10 nsites= 126 E= 2.6e+000
 0.043149 0.022819 0.932429 0.001604
 0.961829 0.013543 0.018840 0.005788
 0.937248 0.039540 0.022819 0.000393
 0.015592 0.026541 0.045745 0.912121
 0.009266 0.045530 0.942306 0.002898
 0.893255 0.038719 0.062814 0.005211
 0.973342 0.022819 0.002235 0.001604
 0.059627 0.078535 0.028331 0.833507
 0.022206 0.042044 0.909360 0.026390
 0.856559 0.076115 0.041225 0.026100

MOTIF 52-CAGCCCCAGGC STREME-52
letter-probability matrix: alength= 4 w= 11 nsites= 301 E= 2.7e+000
 0.000271 0.841252 0.158205 0.000271
 0.998979 0.000375 0.000375 0.000271
 0.000271 0.000375 0.985279 0.014075
 0.023473 0.792586 0.074962 0.108979
 0.000271 0.959642 0.000375 0.039711
 0.139003 0.860350 0.000375 0.000271
 0.016987 0.982366 0.000375 0.000271
 0.815029 0.000375 0.184324 0.000271
 0.000271 0.014179 0.963639 0.021911
 0.000271 0.281871 0.717587 0.000271
 0.000271 0.933214 0.066243 0.000271

MOTIF 53-AGGAATGTGS STREME-53
letter-probability matrix: alength= 4 w= 10 nsites= 173 E= 5.1e+000
 0.692471 0.059524 0.000409 0.247595
 0.000296 0.171519 0.794601 0.033585
 0.000296 0.000409 0.986896 0.012399
 0.998886 0.000409 0.000409 0.000296
 0.931002 0.000409 0.000409 0.068180
 0.000296 0.000409 0.000409 0.998886
 0.000296 0.000409 0.998999 0.000296
 0.000296 0.000409 0.000409 0.998886
 0.127347 0.000409 0.688047 0.184197
 0.085771 0.293380 0.415218 0.205631

MOTIF 54-CAGGGTCCAGRGDC STREME-54
letter-probability matrix: alength= 4 w= 14 nsites= 58 E= 1.3e+001
 0.000570 0.979256 0.019605 0.000570
 0.941405 0.057238 0.000788 0.000570
 0.000570 0.019605 0.979256 0.000570
 0.000570 0.000788 0.960440 0.038203
 0.019386 0.000788 0.979256 0.000570
 0.000570 0.000788 0.038421 0.960221
 0.000570 0.734639 0.170138 0.094653
 0.000570 0.941623 0.038421 0.019386
 0.884955 0.000788 0.113688 0.000570
 0.132286 0.019605 0.847539 0.000570
 0.565071 0.000788 0.433572 0.000570
 0.000570 0.000788 0.998073 0.000570
 0.395720 0.019605 0.264222 0.320454
 0.094653 0.659372 0.132505 0.113470

MOTIF 55-GGCCCCGCCC STREME-55
letter-probability matrix: alength= 4 w= 10 nsites= 378 E= 1.4e+001
 0.015364 0.076364 0.859858 0.048414
 0.050864 0.024393 0.863762 0.060981
 0.019294 0.946234 0.006396 0.028076
 0.093705 0.799557 0.008699 0.098039
 0.098488 0.851422 0.000572 0.049518
 0.000308 0.934346 0.065038 0.000308
 0.000308 0.000426 0.998958 0.000308
 0.007498 0.979091 0.010195 0.003215
 0.012698 0.980360 0.005926 0.001015
 0.007044 0.913982 0.022515 0.056460

********************************************************************************
Stopped because 3 consecutive motifs exceeded the p-value threshold (0.05).
********************************************************************************
COMMAND:	streme --verbosity 1 --oc meme_out_incomplete_DL/HepG2_HNF4G-human_ENCFF107CTN/streme_out -dna --seed 0 --p meme_out_incomplete_DL/HepG2_HNF4G-human_ENCFF107CTN/seqs-centered --minw 6 --maxw 15 --time 6185 --order 2 --thresh 0.05 --align center --totallength 4000000 --parse-genomic-coord
********************************************************************************
CPU:		9f05ee173ae9
********************************************************************************
FINALTIME:	1530.83 seconds
********************************************************************************
