********************************************************************************
STREME - Sensitive, Thorough, Rapid, Enriched Motif Elicitation
********************************************************************************
MEME version 5.5.3 (Release date: Sat Jun 10 16:19:38 2023 -0700)

For further information on how to interpret these results please access http://localhost:8080/meme_5.5.3.
To get a copy of the MEME Suite software please access https://meme-suite.org.

********************************************************************************


********************************************************************************
REFERENCE
********************************************************************************
If you use this program in your research, please cite:

Timothy L. Bailey,
"STREME: accurate and versatile sequence motif discovery",
Bioinformatics, Mar. 24, 2021.
********************************************************************************


ALPHABET= ACGT

strands: + -

Background letter frequencies
A 0.188 C 0.312 G 0.312 T 0.188 

MOTIF 1-GCGCATGCGCASTG STREME-1
letter-probability matrix: alength= 4 w= 14 nsites= 164 E= 1.4e-004
 0.064267 0.010927 0.924661 0.000145
 0.053580 0.930004 0.005584 0.010832
 0.032206 0.000241 0.962065 0.005488
 0.000145 0.983439 0.016271 0.000145
 0.673422 0.230010 0.059019 0.037549
 0.069610 0.091080 0.155201 0.684109
 0.000145 0.000241 0.999470 0.000145
 0.000145 0.951378 0.010927 0.037549
 0.000145 0.026958 0.940691 0.032206
 0.000145 0.913974 0.010927 0.074954
 0.785635 0.064362 0.107110 0.042893
 0.058923 0.390314 0.513214 0.037549
 0.181823 0.230010 0.112453 0.475714
 0.155106 0.123140 0.652144 0.069610

MOTIF 2-GCCCCGCCCC STREME-2
letter-probability matrix: alength= 4 w= 10 nsites= 407 E= 1.5e-003
 0.012874 0.000242 0.694995 0.291889
 0.000146 0.999466 0.000242 0.000146
 0.102182 0.897430 0.000242 0.000146
 0.103548 0.896063 0.000242 0.000146
 0.000146 0.999466 0.000242 0.000146
 0.190681 0.000242 0.686224 0.122853
 0.031303 0.958752 0.000242 0.009703
 0.000146 0.999466 0.000242 0.000146
 0.000146 0.839509 0.000242 0.160102
 0.206501 0.689451 0.000242 0.103806

MOTIF 3-AAGATGGCGGCV STREME-3
letter-probability matrix: alength= 4 w= 12 nsites= 128 E= 1.6e-003
 0.979440 0.019859 0.000437 0.000263
 0.950307 0.039282 0.010148 0.000263
 0.126508 0.175238 0.542612 0.155642
 0.998862 0.000437 0.000437 0.000263
 0.019686 0.010148 0.000437 0.969729
 0.000263 0.101579 0.868761 0.029397
 0.009975 0.010148 0.940769 0.039108
 0.068241 0.921347 0.000437 0.009975
 0.019686 0.214083 0.707701 0.058530
 0.233331 0.043312 0.713382 0.009975
 0.087664 0.791071 0.029571 0.091694
 0.243042 0.305513 0.334647 0.116797

MOTIF 4-GGCGGCGGCGRC STREME-4
letter-probability matrix: alength= 4 w= 12 nsites= 138 E= 1.7e-002
 0.013148 0.000410 0.977077 0.009364
 0.069165 0.021170 0.891184 0.018481
 0.000247 0.897053 0.018644 0.084056
 0.000247 0.018644 0.971744 0.009364
 0.119849 0.045995 0.779207 0.054949
 0.000247 0.962627 0.018644 0.018481
 0.169892 0.114446 0.706298 0.009364
 0.036715 0.009527 0.853225 0.100533
 0.026049 0.899613 0.000410 0.073927
 0.027598 0.040662 0.876791 0.054949
 0.480345 0.000410 0.436945 0.082299
 0.013148 0.926393 0.055112 0.005347

MOTIF 5-CACTTCCGGY STREME-5
letter-probability matrix: alength= 4 w= 10 nsites= 139 E= 2.9e-002
 0.067712 0.722710 0.040689 0.168889
 0.998871 0.000434 0.000434 0.000261
 0.000261 0.899798 0.061135 0.038805
 0.000261 0.000434 0.008432 0.990873
 0.019533 0.000434 0.000434 0.979599
 0.000261 0.999044 0.000434 0.000261
 0.000261 0.970136 0.029341 0.000261
 0.000261 0.000434 0.801117 0.198188
 0.096620 0.174752 0.651279 0.077348
 0.029169 0.639338 0.000434 0.331060

MOTIF 6-GTCACTG STREME-6
letter-probability matrix: alength= 4 w= 7 nsites= 302 E= 2.9e-001
 0.067728 0.001128 0.930464 0.000680
 0.000680 0.001128 0.001128 0.997064
 0.148653 0.795385 0.001128 0.054834
 0.831080 0.001128 0.167112 0.000680
 0.006528 0.923539 0.001128 0.068805
 0.000680 0.080886 0.013522 0.904912
 0.135432 0.108655 0.725200 0.030714

MOTIF 7-CCCTTCCCCR STREME-7
letter-probability matrix: alength= 4 w= 10 nsites= 219 E= 3.5e-001
 0.000325 0.762176 0.000539 0.236960
 0.000325 0.998811 0.000539 0.000325
 0.000325 0.952925 0.046425 0.000325
 0.270320 0.000539 0.000539 0.728602
 0.199680 0.000539 0.000539 0.799241
 0.284272 0.714864 0.000539 0.000325
 0.000325 0.998811 0.000539 0.000325
 0.000325 0.998811 0.000539 0.000325
 0.012305 0.796404 0.024500 0.166790
 0.505465 0.058997 0.321334 0.114204

MOTIF 8-GGARGMGGA STREME-8
letter-probability matrix: alength= 4 w= 9 nsites= 249 E= 3.8e-001
 0.000312 0.000518 0.998857 0.000312
 0.000312 0.000518 0.890188 0.108981
 0.928609 0.000518 0.000518 0.070355
 0.375936 0.000518 0.623233 0.000312
 0.000312 0.000518 0.998857 0.000312
 0.561633 0.313061 0.000518 0.124787
 0.044977 0.261660 0.693051 0.000312
 0.000312 0.000518 0.998857 0.000312
 0.884332 0.000518 0.000518 0.114631

MOTIF 9-ASGTSACST STREME-9
letter-probability matrix: alength= 4 w= 9 nsites= 177 E= 5.1e-001
 0.674722 0.112702 0.110024 0.102552
 0.007639 0.406533 0.537647 0.048181
 0.046172 0.000442 0.905152 0.048234
 0.000267 0.000442 0.000442 0.998848
 0.017052 0.482948 0.482948 0.017052
 0.998848 0.000442 0.000442 0.000267
 0.048234 0.905152 0.000442 0.046172
 0.048181 0.537647 0.406533 0.007639
 0.102552 0.110024 0.112702 0.674722

MOTIF 10-AGCAGCAGCAGC STREME-10
letter-probability matrix: alength= 4 w= 12 nsites= 100 E= 5.1e-001
 0.796215 0.064548 0.098031 0.041205
 0.024812 0.011967 0.942507 0.020714
 0.026821 0.886524 0.061843 0.024812
 0.880886 0.033155 0.061147 0.024812
 0.016615 0.041352 0.925418 0.016615
 0.008419 0.913819 0.052950 0.024812
 0.745517 0.118522 0.058567 0.077393
 0.036410 0.069343 0.894024 0.000222
 0.044607 0.883552 0.055225 0.016615
 0.678552 0.134915 0.128934 0.057598
 0.073991 0.069343 0.790871 0.065795
 0.036597 0.837855 0.105531 0.020017

MOTIF 11-ACACACACACACA STREME-11
letter-probability matrix: alength= 4 w= 13 nsites= 45 E= 1.4e+000
 0.926182 0.028364 0.028364 0.017091
 0.017091 0.937455 0.028364 0.017091
 0.926182 0.028364 0.028364 0.017091
 0.017091 0.937455 0.028364 0.017091
 0.926182 0.028364 0.028364 0.017091
 0.017091 0.937455 0.028364 0.017091
 0.926182 0.028364 0.028364 0.017091
 0.017091 0.937455 0.028364 0.017091
 0.926182 0.028364 0.028364 0.017091
 0.017091 0.937455 0.028364 0.017091
 0.926182 0.028364 0.028364 0.017091
 0.017091 0.937455 0.028364 0.017091
 0.926182 0.028364 0.028364 0.017091

MOTIF 12-GTGCTGGGGAT STREME-12
letter-probability matrix: alength= 4 w= 11 nsites= 73 E= 6.5e+000
 0.049259 0.049550 0.900749 0.000441
 0.016714 0.000732 0.033278 0.949276
 0.000441 0.033278 0.959086 0.007195
 0.098077 0.770567 0.049550 0.081805
 0.000441 0.003867 0.000732 0.994959
 0.016714 0.049550 0.933294 0.000441
 0.016714 0.000732 0.982112 0.000441
 0.000441 0.000732 0.905987 0.092839
 0.254420 0.017005 0.614225 0.114350
 0.642860 0.040032 0.056304 0.260804
 0.095974 0.065823 0.196004 0.642199

MOTIF 13-CTGCGCAGCC STREME-13
letter-probability matrix: alength= 4 w= 10 nsites= 74 E= 8.3e+000
 0.037748 0.913238 0.048414 0.000600
 0.000600 0.000996 0.067407 0.930996
 0.126295 0.000996 0.827835 0.044874
 0.163442 0.834961 0.000996 0.000600
 0.000600 0.000996 0.997803 0.000600
 0.000600 0.997803 0.000996 0.000600
 0.791621 0.000996 0.206783 0.000600
 0.044874 0.000996 0.953529 0.000600
 0.000600 0.896926 0.101873 0.000600
 0.000600 0.997803 0.000996 0.000600

********************************************************************************
Stopped because 3 consecutive motifs exceeded the p-value threshold (0.05).
********************************************************************************
COMMAND:	streme --verbosity 1 --oc meme_out_incomplete_DL/HepG2_FIP1L1-human_ENCFF228MLP/streme_out -dna --seed 0 --p meme_out_incomplete_DL/HepG2_FIP1L1-human_ENCFF228MLP/seqs-centered --minw 6 --maxw 15 --time 6194 --order 2 --thresh 0.05 --align center --totallength 4000000 --parse-genomic-coord
********************************************************************************
CPU:		9f05ee173ae9
********************************************************************************
FINALTIME:	58.06 seconds
********************************************************************************
