********************************************************************************
STREME - Sensitive, Thorough, Rapid, Enriched Motif Elicitation
********************************************************************************
MEME version 5.5.3 (Release date: Sat Jun 10 16:19:38 2023 -0700)

For further information on how to interpret these results please access http://localhost:8080/meme_5.5.3.
To get a copy of the MEME Suite software please access https://meme-suite.org.

********************************************************************************


********************************************************************************
REFERENCE
********************************************************************************
If you use this program in your research, please cite:

Timothy L. Bailey,
"STREME: accurate and versatile sequence motif discovery",
Bioinformatics, Mar. 24, 2021.
********************************************************************************


ALPHABET= ACGT

strands: + -

Background letter frequencies
A 0.26 C 0.24 G 0.24 T 0.26 

MOTIF 1-WWTRTTTRCWYW STREME-1
letter-probability matrix: alength= 4 w= 12 nsites= 6176 E= 2.1e-075
 0.431452 0.142662 0.144855 0.281031
 0.408804 0.165223 0.174721 0.251252
 0.000008 0.006436 0.000007 0.993550
 0.484880 0.000007 0.515106 0.000008
 0.000008 0.000007 0.000007 0.999978
 0.000008 0.000007 0.000007 0.999978
 0.000008 0.000007 0.107993 0.891993
 0.652841 0.000007 0.347144 0.000008
 0.000008 0.748102 0.000007 0.251883
 0.284843 0.156721 0.000616 0.557820
 0.111084 0.253684 0.154480 0.480753
 0.499909 0.009097 0.026783 0.464211

MOTIF 2-CAAAGKYCAN STREME-2
letter-probability matrix: alength= 4 w= 10 nsites= 4575 E= 2.6e-049
 0.000018 0.852145 0.000017 0.147820
 0.691027 0.266857 0.028351 0.013765
 0.848131 0.000017 0.130259 0.021593
 0.999948 0.000017 0.000017 0.000018
 0.000018 0.000017 0.999947 0.000018
 0.065770 0.000017 0.511102 0.423111
 0.000018 0.316760 0.063689 0.619534
 0.000018 0.960931 0.000017 0.039034
 0.945952 0.000017 0.054013 0.000018
 0.252839 0.285211 0.281788 0.180163

MOTIF 3-ATTGCAYMAY STREME-3
letter-probability matrix: alength= 4 w= 10 nsites= 3088 E= 8.3e-041
 0.650130 0.047397 0.302452 0.000021
 0.000021 0.000019 0.000019 0.999940
 0.000021 0.005411 0.000019 0.994549
 0.166303 0.000019 0.638314 0.195363
 0.000021 0.999938 0.000019 0.000021
 0.643665 0.063260 0.156997 0.136078
 0.125608 0.461010 0.000019 0.413363
 0.642988 0.356107 0.000884 0.000021
 0.999940 0.000019 0.000019 0.000021
 0.000021 0.453308 0.113075 0.433596

MOTIF 4-AGWTCAAAG STREME-4
letter-probability matrix: alength= 4 w= 9 nsites= 2080 E= 1.3e-016
 0.877153 0.001511 0.108959 0.012376
 0.000041 0.234744 0.760613 0.004602
 0.465737 0.000038 0.151045 0.383180
 0.097632 0.000038 0.044583 0.857747
 0.008427 0.898865 0.092667 0.000041
 0.989721 0.000038 0.008248 0.001993
 0.999882 0.000038 0.000038 0.000041
 0.702107 0.007881 0.256548 0.033464
 0.000041 0.023472 0.976446 0.000041

MOTIF 5-RTGASTCAY STREME-5
letter-probability matrix: alength= 4 w= 9 nsites= 1517 E= 7.8e-016
 0.430389 0.175035 0.394524 0.000051
 0.000051 0.000816 0.000047 0.999086
 0.000051 0.000047 0.966929 0.032973
 0.956532 0.002424 0.040993 0.000051
 0.011015 0.488985 0.488985 0.011015
 0.000051 0.040993 0.002424 0.956532
 0.032973 0.966929 0.000047 0.000051
 0.999086 0.000047 0.000816 0.000051
 0.000051 0.394524 0.175035 0.430389

MOTIF 6-TGTAAACA STREME-6
letter-probability matrix: alength= 4 w= 8 nsites= 2689 E= 3.2e-014
 0.244074 0.014952 0.206274 0.534700
 0.020117 0.000090 0.925241 0.054551
 0.000097 0.233758 0.000090 0.766055
 0.860712 0.139101 0.000090 0.000097
 0.937566 0.054180 0.000090 0.008164
 0.981277 0.000090 0.000090 0.018543
 0.000097 0.917961 0.000090 0.081852
 0.948132 0.000090 0.043884 0.007894

MOTIF 7-CCTGTAATCCCAGCW STREME-7
letter-probability matrix: alength= 4 w= 15 nsites= 395 E= 3.0e-010
 0.022632 0.898324 0.008545 0.070500
 0.002921 0.963086 0.011361 0.022632
 0.011369 0.016992 0.008545 0.963094
 0.098657 0.005729 0.892692 0.002921
 0.002921 0.016992 0.022624 0.957463
 0.943384 0.002913 0.053597 0.000106
 0.698413 0.008545 0.290121 0.002921
 0.000106 0.031071 0.000098 0.968726
 0.008553 0.954639 0.002913 0.033895
 0.002921 0.909587 0.008545 0.078947
 0.000106 0.884245 0.002913 0.112736
 0.965910 0.011361 0.019808 0.002921
 0.053605 0.000098 0.940560 0.005737
 0.019816 0.951823 0.008545 0.019816
 0.549178 0.008545 0.028255 0.414022

MOTIF 8-CCCCDCCCCC STREME-8
letter-probability matrix: alength= 4 w= 10 nsites= 1273 E= 1.7e-008
 0.014014 0.962464 0.000079 0.023442
 0.000086 0.991715 0.008113 0.000086
 0.000086 0.999749 0.000079 0.000086
 0.000086 0.890679 0.000079 0.109156
 0.379097 0.000079 0.387702 0.233121
 0.004169 0.959027 0.000079 0.036724
 0.000086 0.987787 0.012041 0.000086
 0.000086 0.884724 0.013110 0.102080
 0.043477 0.886016 0.034919 0.035588
 0.100655 0.746273 0.099234 0.053837

MOTIF 9-CCAGGCTGGAGTGCA STREME-9
letter-probability matrix: alength= 4 w= 15 nsites= 363 E= 8.9e-008
 0.008272 0.933623 0.006199 0.051906
 0.018394 0.923502 0.015338 0.042766
 0.957022 0.006199 0.018385 0.018394
 0.036673 0.009245 0.941781 0.012301
 0.031844 0.009245 0.952703 0.006207
 0.006207 0.953967 0.012292 0.027533
 0.003161 0.018385 0.009245 0.969209
 0.076279 0.003152 0.917408 0.003161
 0.027533 0.024478 0.941781 0.006207
 0.957022 0.009245 0.015338 0.018394
 0.219467 0.012292 0.758987 0.009254
 0.012301 0.015338 0.021432 0.950929
 0.070186 0.012292 0.905222 0.012301
 0.015347 0.935688 0.021432 0.027533
 0.931386 0.009245 0.042758 0.016611

MOTIF 10-AATSATTAACY STREME-10
letter-probability matrix: alength= 4 w= 11 nsites= 1046 E= 1.1e-007
 0.881174 0.000055 0.055028 0.063742
 0.924687 0.019723 0.000055 0.055535
 0.157681 0.016231 0.000055 0.826033
 0.159244 0.325802 0.381812 0.133141
 0.756321 0.000055 0.033502 0.210122
 0.052217 0.000055 0.133275 0.814453
 0.000059 0.014415 0.000055 0.985471
 0.942415 0.000055 0.010741 0.046789
 0.882815 0.000481 0.101472 0.015232
 0.000059 0.973997 0.000055 0.025890
 0.148075 0.348027 0.018082 0.485816

MOTIF 11-RAACAAAG STREME-11
letter-probability matrix: alength= 4 w= 8 nsites= 2317 E= 4.8e-006
 0.360483 0.000224 0.639051 0.000242
 0.764134 0.000224 0.235400 0.000242
 0.677150 0.000224 0.095342 0.227285
 0.000242 0.982836 0.000224 0.016698
 0.999311 0.000224 0.000224 0.000242
 0.999311 0.000224 0.000224 0.000242
 0.999311 0.000224 0.000224 0.000242
 0.000242 0.158666 0.840851 0.000242

MOTIF 12-AGACYCTGTCTCAA STREME-12
letter-probability matrix: alength= 4 w= 14 nsites= 274 E= 2.0e-005
 0.973655 0.026033 0.000149 0.000162
 0.213338 0.004463 0.764781 0.017418
 0.956399 0.000149 0.026033 0.017418
 0.021732 0.889888 0.004463 0.083917
 0.021731 0.598326 0.008777 0.371166
 0.034674 0.921875 0.000149 0.043302
 0.008790 0.174500 0.013091 0.803619
 0.088232 0.000149 0.907143 0.004476
 0.013104 0.017405 0.000149 0.969341
 0.013104 0.911457 0.021719 0.053720
 0.017418 0.000149 0.000149 0.982283
 0.043302 0.917561 0.000149 0.038988
 0.732806 0.030347 0.021719 0.215127
 0.911470 0.021719 0.023508 0.043302

MOTIF 13-YTGCAGTGAGCYRTG STREME-13
letter-probability matrix: alength= 4 w= 15 nsites= 289 E= 3.7e-005
 0.015114 0.591570 0.003873 0.389443
 0.000140 0.007616 0.015103 0.977141
 0.131156 0.000130 0.857344 0.011370
 0.007627 0.909750 0.000130 0.082493
 0.917248 0.000130 0.063766 0.018857
 0.060033 0.007616 0.932210 0.000140
 0.007627 0.022589 0.018846 0.950937
 0.071263 0.003873 0.924724 0.000140
 0.977140 0.000130 0.018846 0.003884
 0.052547 0.003873 0.943440 0.000140
 0.003884 0.965900 0.000130 0.030087
 0.030087 0.419379 0.018846 0.531688
 0.486769 0.022589 0.490501 0.000140
 0.295861 0.026333 0.003873 0.673933
 0.015114 0.007616 0.969643 0.007627

MOTIF 14-CTGGAATGC STREME-14
letter-probability matrix: alength= 4 w= 9 nsites= 658 E= 2.3e-004
 0.023036 0.909032 0.031264 0.036668
 0.238455 0.005315 0.014028 0.742202
 0.011135 0.008928 0.975110 0.004826
 0.000324 0.011772 0.987285 0.000619
 0.977724 0.012870 0.005846 0.003559
 0.985391 0.000299 0.000299 0.014010
 0.000324 0.019594 0.000299 0.979783
 0.024790 0.041915 0.855195 0.078100
 0.013307 0.791184 0.014814 0.180695

MOTIF 15-ACTTCCKGG STREME-15
letter-probability matrix: alength= 4 w= 9 nsites= 1372 E= 3.1e-004
 0.776396 0.000168 0.223253 0.000182
 0.068620 0.858304 0.017179 0.055897
 0.000182 0.000168 0.011227 0.988423
 0.000182 0.000168 0.056006 0.943643
 0.000182 0.999467 0.000168 0.000182
 0.000182 0.997661 0.001974 0.000182
 0.000182 0.038947 0.338124 0.622747
 0.006094 0.010077 0.983647 0.000182
 0.045063 0.129921 0.566440 0.258575

MOTIF 16-CTCAGCCTCCCRARK STREME-16
letter-probability matrix: alength= 4 w= 15 nsites= 369 E= 3.6e-004
 0.023325 0.919708 0.007832 0.049134
 0.007840 0.025899 0.005251 0.961011
 0.010420 0.860347 0.002670 0.126562
 0.651300 0.023318 0.281410 0.043972
 0.028487 0.000089 0.968746 0.002678
 0.006330 0.957351 0.000089 0.036230
 0.002678 0.917127 0.002670 0.077524
 0.000097 0.000089 0.007832 0.991982
 0.010420 0.932613 0.010413 0.046553
 0.015582 0.891318 0.007832 0.085267
 0.059458 0.639899 0.018156 0.282488
 0.526345 0.049127 0.408945 0.015582
 0.865516 0.005251 0.126555 0.002678
 0.430851 0.043965 0.517345 0.007840
 0.028487 0.054289 0.393640 0.523584

MOTIF 17-GGATCRCTTGAGCCC STREME-17
letter-probability matrix: alength= 4 w= 15 nsites= 288 E= 3.7e-004
 0.119369 0.000122 0.866350 0.014160
 0.154439 0.003629 0.834787 0.007146
 0.968062 0.014150 0.017657 0.000132
 0.000132 0.014150 0.003629 0.982090
 0.010653 0.666451 0.038698 0.284198
 0.484097 0.014150 0.466552 0.035202
 0.024681 0.887392 0.000122 0.087806
 0.003639 0.136894 0.003629 0.855839
 0.000132 0.010643 0.014150 0.975076
 0.028188 0.000122 0.971559 0.000132
 0.957541 0.007136 0.035191 0.000132
 0.140411 0.010643 0.838294 0.010653
 0.014160 0.694507 0.168457 0.122876
 0.007146 0.792703 0.000122 0.200030
 0.014160 0.845308 0.000122 0.140411

MOTIF 18-TGACCTCA STREME-18
letter-probability matrix: alength= 4 w= 8 nsites= 1143 E= 1.1e-003
 0.000262 0.012233 0.000242 0.987262
 0.002872 0.000242 0.996142 0.000744
 0.999253 0.000242 0.000242 0.000262
 0.000262 0.983840 0.000242 0.015655
 0.129632 0.750619 0.096979 0.022771
 0.098072 0.154015 0.009841 0.738071
 0.025205 0.918859 0.000242 0.055693
 0.951396 0.048100 0.000242 0.000262

MOTIF 19-CAAGGTCA STREME-19
letter-probability matrix: alength= 4 w= 8 nsites= 2028 E= 1.2e-003
 0.050869 0.782721 0.143075 0.023335
 0.927053 0.013725 0.035472 0.023750
 0.890589 0.003858 0.099896 0.005657
 0.020269 0.004820 0.973772 0.001140
 0.000844 0.000106 0.993102 0.005948
 0.116805 0.000106 0.000106 0.882982
 0.001424 0.955480 0.000983 0.042113
 0.825499 0.069240 0.013539 0.091722

MOTIF 20-GACTTTGSACY STREME-20
letter-probability matrix: alength= 4 w= 11 nsites= 630 E= 1.5e-003
 0.054306 0.000080 0.812466 0.133148
 0.999753 0.000080 0.000080 0.000087
 0.033028 0.966806 0.000080 0.000087
 0.012082 0.000080 0.007010 0.980828
 0.033383 0.000080 0.000080 0.966457
 0.030118 0.055736 0.000080 0.914066
 0.137008 0.051756 0.811150 0.000087
 0.159867 0.233481 0.436415 0.170236
 0.616249 0.235766 0.000080 0.147905
 0.070508 0.804344 0.044323 0.080825
 0.080248 0.472440 0.005659 0.441653

MOTIF 21-AAAACAAACA STREME-21
letter-probability matrix: alength= 4 w= 10 nsites= 425 E= 2.2e-003
 0.730020 0.183672 0.086030 0.000277
 0.892824 0.000256 0.106643 0.000277
 0.889761 0.000256 0.109706 0.000277
 0.999211 0.000256 0.000256 0.000277
 0.000277 0.999190 0.000256 0.000277
 0.999211 0.000256 0.000256 0.000277
 0.999211 0.000256 0.000256 0.000277
 0.999211 0.000256 0.000256 0.000277
 0.000277 0.883902 0.000256 0.115565
 0.938083 0.061384 0.000256 0.000277

MOTIF 22-AAAAAMAAAAMAAAA STREME-22
letter-probability matrix: alength= 4 w= 15 nsites= 276 E= 3.8e-003
 0.833934 0.095755 0.028072 0.042239
 0.899388 0.072000 0.028433 0.000179
 0.980427 0.000165 0.000165 0.019242
 0.994725 0.004931 0.000165 0.000179
 0.999491 0.000165 0.000165 0.000179
 0.499661 0.319293 0.180867 0.000179
 0.970895 0.000165 0.028761 0.000179
 0.999491 0.000165 0.000165 0.000179
 0.999491 0.000165 0.000165 0.000179
 0.887715 0.083346 0.028761 0.000179
 0.651311 0.330917 0.017593 0.000179
 0.953215 0.046441 0.000165 0.000179
 0.901475 0.021994 0.076352 0.000179
 0.932768 0.000165 0.066888 0.000179
 0.950361 0.049296 0.000165 0.000179

MOTIF 23-AGCCACCRYGCCYRG STREME-23
letter-probability matrix: alength= 4 w= 15 nsites= 379 E= 4.6e-003
 0.718252 0.139337 0.017877 0.124534
 0.074172 0.011952 0.910802 0.003074
 0.020848 0.967088 0.011952 0.000111
 0.000111 0.978938 0.020840 0.000111
 0.952284 0.006028 0.041577 0.000111
 0.003074 0.952276 0.000103 0.044548
 0.029736 0.696277 0.038614 0.235373
 0.394116 0.014915 0.564196 0.026773
 0.003074 0.548155 0.023802 0.424970
 0.228219 0.033919 0.717014 0.020848
 0.003074 0.931539 0.023802 0.041585
 0.011961 0.964126 0.006028 0.017886
 0.011961 0.590858 0.032690 0.364492
 0.315359 0.041577 0.619253 0.023811
 0.044548 0.047502 0.907839 0.000111

MOTIF 24-CATTTCC STREME-24
letter-probability matrix: alength= 4 w= 7 nsites= 801 E= 4.7e-003
 0.023627 0.930918 0.021827 0.023627
 0.932718 0.021827 0.021827 0.023627
 0.023627 0.021827 0.021827 0.932718
 0.023627 0.021827 0.021827 0.932718
 0.023627 0.021827 0.021827 0.932718
 0.023627 0.930918 0.021827 0.023627
 0.023627 0.930918 0.021827 0.023627

MOTIF 25-CACACACACACACAC STREME-25
letter-probability matrix: alength= 4 w= 15 nsites= 229 E= 7.8e-003
 0.039321 0.888386 0.000181 0.072112
 0.962841 0.000181 0.036781 0.000196
 0.036796 0.905312 0.047238 0.010653
 0.884413 0.021095 0.089067 0.005425
 0.026339 0.764141 0.047238 0.162282
 0.868727 0.000181 0.099524 0.031568
 0.000196 0.947141 0.036781 0.015882
 0.779841 0.042010 0.125667 0.052482
 0.000196 0.790284 0.083838 0.125682
 0.738013 0.015867 0.193639 0.052482
 0.010653 0.858255 0.021095 0.109996
 0.941927 0.000181 0.036781 0.021110
 0.057710 0.884398 0.000181 0.057710
 0.931470 0.015867 0.052467 0.000196
 0.048811 0.885203 0.050104 0.015882

MOTIF 26-VAATCRATA STREME-26
letter-probability matrix: alength= 4 w= 9 nsites= 492 E= 1.7e-002
 0.412039 0.206975 0.223102 0.157885
 0.676612 0.000208 0.322955 0.000225
 0.999360 0.000208 0.000208 0.000225
 0.000225 0.000208 0.000208 0.999360
 0.000225 0.999343 0.000208 0.000225
 0.534844 0.000208 0.464723 0.000225
 0.999360 0.000208 0.000208 0.000225
 0.000225 0.000208 0.000208 0.999360
 0.654893 0.095311 0.176216 0.073580

MOTIF 27-GCTCTGTCAC STREME-27
letter-probability matrix: alength= 4 w= 10 nsites= 257 E= 3.5e-002
 0.266727 0.000227 0.704826 0.028220
 0.009825 0.979838 0.001117 0.009220
 0.020386 0.019977 0.000227 0.959410
 0.006803 0.888826 0.045509 0.058862
 0.006800 0.002010 0.009506 0.981684
 0.016086 0.012903 0.959329 0.011682
 0.000911 0.083205 0.001059 0.914825
 0.005002 0.942217 0.031220 0.021561
 0.854320 0.023510 0.072987 0.049182
 0.003945 0.951631 0.000227 0.044197

MOTIF 28-AGAAAGGAATGT STREME-28
letter-probability matrix: alength= 4 w= 12 nsites= 58 E= 9.9e-002
 0.948581 0.000846 0.049658 0.000915
 0.000915 0.098470 0.850886 0.049728
 0.948581 0.000846 0.000846 0.049728
 0.997393 0.000846 0.000846 0.000915
 0.899768 0.000846 0.000846 0.098540
 0.074134 0.000846 0.924105 0.000915
 0.059849 0.000846 0.913984 0.025322
 0.997393 0.000846 0.000846 0.000915
 0.948581 0.000846 0.000846 0.049728
 0.000915 0.025252 0.000846 0.972987
 0.000915 0.049658 0.948511 0.000915
 0.059849 0.098459 0.049658 0.792034

MOTIF 29-WTRTTTAAAYAW STREME-29
letter-probability matrix: alength= 4 w= 12 nsites= 164 E= 1.6e-001
 0.265155 0.171234 0.147390 0.416222
 0.081806 0.000239 0.000239 0.917717
 0.372545 0.000239 0.626958 0.000259
 0.026718 0.000239 0.031253 0.941790
 0.000259 0.000239 0.000239 0.999264
 0.000259 0.159136 0.000239 0.840367
 0.840367 0.000239 0.159136 0.000259
 0.999264 0.000239 0.000239 0.000259
 0.941790 0.031253 0.000239 0.026718
 0.000259 0.626958 0.000239 0.372545
 0.917717 0.000239 0.000239 0.081806
 0.416222 0.147390 0.171234 0.265155

MOTIF 30-CCACGTGVYC STREME-30
letter-probability matrix: alength= 4 w= 10 nsites= 481 E= 2.1e-001
 0.000137 0.976642 0.000127 0.023095
 0.000137 0.695783 0.167075 0.137005
 0.999609 0.000127 0.000127 0.000137
 0.000137 0.999599 0.000127 0.000137
 0.000137 0.000127 0.999599 0.000137
 0.000137 0.178097 0.000127 0.821639
 0.014139 0.000127 0.985597 0.000137
 0.223649 0.410643 0.267733 0.097974
 0.163157 0.351991 0.074111 0.410741
 0.065450 0.531103 0.253053 0.150393

MOTIF 31-AGAGAGRGARRRAGR STREME-31
letter-probability matrix: alength= 4 w= 15 nsites= 492 E= 2.1e-001
 0.728997 0.000064 0.270870 0.000069
 0.000069 0.032082 0.967779 0.000069
 0.862630 0.000064 0.137236 0.000069
 0.293656 0.036701 0.669574 0.000069
 0.782104 0.000064 0.190049 0.027783
 0.000069 0.087666 0.860108 0.052157
 0.528808 0.003759 0.467363 0.000069
 0.299827 0.000064 0.700039 0.000069
 0.776876 0.025930 0.127998 0.069196
 0.376030 0.000064 0.623837 0.000069
 0.507090 0.000064 0.492777 0.000069
 0.306178 0.098752 0.559898 0.035173
 0.878178 0.000064 0.000064 0.121694
 0.317288 0.025930 0.645628 0.011155
 0.418680 0.042244 0.514222 0.024854

MOTIF 32-CTCTGCCC STREME-32
letter-probability matrix: alength= 4 w= 8 nsites= 923 E= 2.1e-001
 0.000689 0.997987 0.000636 0.000689
 0.000689 0.000636 0.000636 0.998039
 0.000689 0.997987 0.000636 0.000689
 0.000689 0.147460 0.174595 0.677256
 0.187705 0.000636 0.810971 0.000689
 0.000689 0.997987 0.000636 0.000689
 0.000689 0.997987 0.000636 0.000689
 0.000689 0.997987 0.000636 0.000689

MOTIF 33-AGATAAGR STREME-33
letter-probability matrix: alength= 4 w= 8 nsites= 890 E= 3.1e-001
 0.978225 0.021393 0.000183 0.000198
 0.000198 0.000183 0.999420 0.000198
 0.999435 0.000183 0.000183 0.000198
 0.000198 0.000183 0.000183 0.999435
 0.999435 0.000183 0.000183 0.000198
 0.950615 0.049003 0.000183 0.000198
 0.000198 0.186873 0.725107 0.087822
 0.495415 0.121019 0.383369 0.000198

MOTIF 34-CTTTGAA STREME-34
letter-probability matrix: alength= 4 w= 7 nsites= 828 E= 3.1e-001
 0.023627 0.930918 0.021827 0.023627
 0.023627 0.021827 0.021827 0.932718
 0.023627 0.021827 0.021827 0.932718
 0.023627 0.021827 0.021827 0.932718
 0.023627 0.021827 0.930918 0.023627
 0.932718 0.021827 0.021827 0.023627
 0.932718 0.021827 0.021827 0.023627

MOTIF 35-AGATGAGGAAA STREME-35
letter-probability matrix: alength= 4 w= 11 nsites= 150 E= 3.3e-001
 0.791169 0.051887 0.124185 0.032759
 0.037280 0.000357 0.946103 0.016259
 0.974013 0.000357 0.000357 0.025273
 0.045326 0.004634 0.095089 0.854951
 0.000387 0.000357 0.881234 0.118022
 0.920497 0.000357 0.054375 0.024771
 0.046110 0.031275 0.904936 0.017678
 0.000387 0.031275 0.967952 0.000387
 0.858529 0.041576 0.000357 0.099537
 0.978287 0.000357 0.000357 0.020999
 0.955647 0.000357 0.029110 0.014886

MOTIF 36-TCATTCATTCA STREME-36
letter-probability matrix: alength= 4 w= 11 nsites= 113 E= 3.3e-001
 0.029508 0.205897 0.027624 0.736972
 0.050430 0.793690 0.031442 0.124437
 0.973685 0.000433 0.025414 0.000469
 0.000469 0.049365 0.000433 0.949734
 0.000469 0.000433 0.000433 0.998666
 0.000469 0.998630 0.000433 0.000469
 0.992422 0.000433 0.006677 0.000469
 0.000469 0.055202 0.000433 0.943897
 0.000469 0.040305 0.000433 0.958793
 0.000469 0.937693 0.032331 0.029508
 0.923723 0.000433 0.000433 0.075411

MOTIF 37-CCAGCCTGGSCAAC STREME-37
letter-probability matrix: alength= 4 w= 14 nsites= 111 E= 5.4e-001
 0.000371 0.969203 0.010247 0.020179
 0.000371 0.915576 0.004453 0.079600
 0.979135 0.020150 0.000343 0.000371
 0.010275 0.010247 0.880072 0.099407
 0.000371 0.969203 0.000343 0.030082
 0.010275 0.919686 0.020150 0.049889
 0.020179 0.000343 0.030054 0.949425
 0.099407 0.000343 0.880072 0.020179
 0.109310 0.000343 0.889975 0.000371
 0.000371 0.513641 0.475712 0.010275
 0.039986 0.909782 0.020150 0.030082
 0.969232 0.020150 0.010247 0.000371
 0.935412 0.034163 0.010247 0.020179
 0.000371 0.949396 0.010247 0.039986

MOTIF 38-AAGATGGCG STREME-38
letter-probability matrix: alength= 4 w= 9 nsites= 36 E= 7.9e-001
 0.932718 0.021827 0.021827 0.023627
 0.932718 0.021827 0.021827 0.023627
 0.023627 0.021827 0.930918 0.023627
 0.932718 0.021827 0.021827 0.023627
 0.023627 0.021827 0.021827 0.932718
 0.023627 0.021827 0.930918 0.023627
 0.023627 0.021827 0.930918 0.023627
 0.023627 0.930918 0.021827 0.023627
 0.023627 0.021827 0.930918 0.023627

MOTIF 39-AAGTACACA STREME-39
letter-probability matrix: alength= 4 w= 9 nsites= 148 E= 8.7e-001
 0.996217 0.001227 0.001227 0.001329
 0.858085 0.139359 0.001227 0.001329
 0.001329 0.001227 0.996116 0.001329
 0.001329 0.001227 0.001227 0.996217
 0.996217 0.001227 0.001227 0.001329
 0.001329 0.996116 0.001227 0.001329
 0.974704 0.001227 0.022740 0.001329
 0.001329 0.810957 0.001227 0.186487
 0.873093 0.001227 0.124351 0.001329

MOTIF 40-GTTTGTGTAA STREME-40
letter-probability matrix: alength= 4 w= 10 nsites= 261 E= 8.7e-001
 0.097111 0.000294 0.902277 0.000318
 0.106165 0.000294 0.000294 0.893247
 0.000318 0.000294 0.000294 0.999094
 0.000318 0.000294 0.000294 0.999094
 0.302334 0.000294 0.697053 0.000318
 0.000318 0.232891 0.000294 0.766497
 0.070686 0.105048 0.823948 0.000318
 0.000318 0.208975 0.000294 0.790413
 0.999094 0.000294 0.000294 0.000318
 0.924401 0.074987 0.000294 0.000318

MOTIF 41-AGTGACTAAG STREME-41
letter-probability matrix: alength= 4 w= 10 nsites= 127 E= 8.9e-001
 0.747447 0.000530 0.251450 0.000573
 0.221273 0.000530 0.751975 0.026223
 0.000573 0.076965 0.000530 0.921932
 0.011001 0.000530 0.955158 0.033311
 0.998367 0.000530 0.000530 0.000573
 0.000573 0.998323 0.000530 0.000573
 0.000573 0.000530 0.008791 0.990106
 0.798714 0.000530 0.000530 0.200227
 0.983086 0.000530 0.015811 0.000573
 0.000573 0.030752 0.804818 0.163856

MOTIF 42-CARGGGTCA STREME-42
letter-probability matrix: alength= 4 w= 9 nsites= 214 E= 8.9e-001
 0.000854 0.982869 0.000789 0.015489
 0.927934 0.065060 0.006152 0.000854
 0.310591 0.041355 0.592876 0.055178
 0.000854 0.004836 0.993457 0.000854
 0.000854 0.040608 0.957684 0.000854
 0.000854 0.000789 0.997504 0.000854
 0.000854 0.000789 0.000789 0.997569
 0.000854 0.928549 0.000789 0.069809
 0.967110 0.000789 0.031248 0.000854

MOTIF 43-GTCAAGGCCA STREME-43
letter-probability matrix: alength= 4 w= 10 nsites= 231 E= 1.4e+000
 0.000601 0.121938 0.771912 0.105549
 0.000601 0.000555 0.138565 0.860279
 0.000601 0.998243 0.000555 0.000601
 0.933960 0.000555 0.042338 0.023146
 0.847324 0.016577 0.060164 0.075935
 0.000601 0.016580 0.982218 0.000601
 0.000601 0.000555 0.998243 0.000601
 0.000601 0.933633 0.065165 0.000601
 0.000601 0.995157 0.003641 0.000601
 0.918164 0.000555 0.080680 0.000601

MOTIF 44-GGGGAGGGA STREME-44
letter-probability matrix: alength= 4 w= 9 nsites= 1044 E= 1.5e+000
 0.000207 0.000191 0.964118 0.035485
 0.000207 0.015506 0.949937 0.034351
 0.026942 0.042770 0.930081 0.000207
 0.250923 0.072788 0.635550 0.040739
 0.854054 0.009733 0.000191 0.136022
 0.027406 0.005194 0.967194 0.000207
 0.023763 0.047847 0.928184 0.000207
 0.102293 0.000191 0.886677 0.010839
 0.840945 0.022848 0.136001 0.000207

MOTIF 45-CCCAGCCC STREME-45
letter-probability matrix: alength= 4 w= 8 nsites= 1575 E= 1.6e+000
 0.008769 0.990565 0.000320 0.000346
 0.000346 0.971851 0.027457 0.000346
 0.004016 0.973180 0.007779 0.015026
 0.903543 0.054358 0.041752 0.000346
 0.042423 0.011828 0.941807 0.003941
 0.017589 0.973657 0.000320 0.008435
 0.106305 0.586232 0.086492 0.220971
 0.000346 0.968943 0.030365 0.000346

MOTIF 46-AGAGATAAC STREME-46
letter-probability matrix: alength= 4 w= 9 nsites= 592 E= 1.6e+000
 0.719250 0.239761 0.040652 0.000338
 0.000338 0.038091 0.880611 0.080960
 0.849418 0.149931 0.000312 0.000338
 0.000338 0.000312 0.999012 0.000338
 0.883286 0.064369 0.022075 0.030270
 0.000338 0.000312 0.000312 0.999037
 0.699919 0.142559 0.103327 0.054195
 0.850842 0.029172 0.119648 0.000338
 0.127135 0.728927 0.042972 0.100966

MOTIF 47-CCTCCTCCC STREME-47
letter-probability matrix: alength= 4 w= 9 nsites= 1082 E= 2.0e+000
 0.052402 0.856203 0.040146 0.051249
 0.072020 0.830725 0.026340 0.070916
 0.110278 0.000456 0.029477 0.859789
 0.023918 0.963454 0.000456 0.012171
 0.023446 0.880103 0.044333 0.052118
 0.000494 0.000456 0.000456 0.998593
 0.060190 0.841535 0.000456 0.097818
 0.000494 0.970689 0.028323 0.000494
 0.000494 0.993819 0.005192 0.000494

MOTIF 48-CAAAGAGGAAA STREME-48
letter-probability matrix: alength= 4 w= 11 nsites= 182 E= 2.3e+000
 0.044779 0.710999 0.150955 0.093267
 0.960658 0.032706 0.006125 0.000511
 0.927814 0.057579 0.000472 0.014134
 0.901863 0.000472 0.040046 0.057619
 0.040350 0.000472 0.938773 0.020405
 0.923066 0.000472 0.000472 0.075990
 0.022955 0.014096 0.948821 0.014128
 0.000511 0.000472 0.971573 0.027444
 0.998545 0.000472 0.000472 0.000511
 0.971300 0.027716 0.000472 0.000511
 0.648618 0.014091 0.303883 0.033407

MOTIF 49-AGGCTGAGGTGGG STREME-49
letter-probability matrix: alength= 4 w= 13 nsites= 57 E= 3.2e+000
 0.877591 0.023899 0.093196 0.005314
 0.047064 0.000800 0.951269 0.000866
 0.023965 0.023899 0.928170 0.023965
 0.000866 0.941684 0.023899 0.033550
 0.047064 0.093196 0.023899 0.835841
 0.023965 0.000800 0.928170 0.047064
 0.951335 0.046998 0.000800 0.000866
 0.070163 0.023899 0.905071 0.000866
 0.000866 0.000800 0.997467 0.000866
 0.023965 0.046998 0.023899 0.905137
 0.000866 0.023899 0.928170 0.047064
 0.023965 0.000800 0.974368 0.000866
 0.013348 0.000800 0.961886 0.023965

MOTIF 50-TTCCWGGAA STREME-50
letter-probability matrix: alength= 4 w= 9 nsites= 211 E= 5.8e+000
 0.000611 0.000564 0.000564 0.998261
 0.000611 0.000564 0.000564 0.998261
 0.000611 0.998215 0.000564 0.000611
 0.000611 0.752131 0.032620 0.214638
 0.337677 0.162323 0.162323 0.337677
 0.214638 0.032620 0.752131 0.000611
 0.000611 0.000564 0.998215 0.000611
 0.998261 0.000564 0.000564 0.000611
 0.998261 0.000564 0.000564 0.000611

MOTIF 51-YAAATATTTR STREME-51
letter-probability matrix: alength= 4 w= 10 nsites= 108 E= 6.0e+000
 0.000569 0.631933 0.000525 0.366973
 0.890299 0.000525 0.000525 0.108650
 0.857951 0.000525 0.000525 0.140998
 0.966241 0.032665 0.000525 0.000569
 0.000569 0.000525 0.000525 0.998381
 0.998381 0.000525 0.000525 0.000569
 0.000569 0.000525 0.032665 0.966241
 0.140998 0.000525 0.000525 0.857951
 0.108650 0.000525 0.000525 0.890299
 0.366973 0.000525 0.631933 0.000569

********************************************************************************
Stopped because 3 consecutive motifs exceeded the p-value threshold (0.05).
********************************************************************************
COMMAND:	streme --verbosity 1 --oc meme_out_incomplete_DL/HepG2_HMG20A-human_ENCFF245ELB/streme_out -dna --seed 0 --p meme_out_incomplete_DL/HepG2_HMG20A-human_ENCFF245ELB/seqs-centered --minw 6 --maxw 15 --time 6181 --order 2 --thresh 0.05 --align center --totallength 4000000 --parse-genomic-coord
********************************************************************************
CPU:		9f05ee173ae9
********************************************************************************
FINALTIME:	1803.44 seconds
********************************************************************************
