********************************************************************************
STREME - Sensitive, Thorough, Rapid, Enriched Motif Elicitation
********************************************************************************
MEME version 5.5.3 (Release date: Sat Jun 10 16:19:38 2023 -0700)

For further information on how to interpret these results please access http://localhost:8080/meme_5.5.3.
To get a copy of the MEME Suite software please access https://meme-suite.org.

********************************************************************************


********************************************************************************
REFERENCE
********************************************************************************
If you use this program in your research, please cite:

Timothy L. Bailey,
"STREME: accurate and versatile sequence motif discovery",
Bioinformatics, Mar. 24, 2021.
********************************************************************************


ALPHABET= ACGT

strands: + -

Background letter frequencies
A 0.212 C 0.288 G 0.288 T 0.212 

MOTIF 1-CCCCDCCCCCDCCC STREME-1
letter-probability matrix: alength= 4 w= 14 nsites= 1398 E= 2.0e-010
 0.044766 0.825039 0.009722 0.120473
 0.052347 0.901630 0.017324 0.028699
 0.001639 0.986999 0.000034 0.011328
 0.066969 0.895970 0.008915 0.028146
 0.287168 0.000034 0.460811 0.251988
 0.018595 0.951078 0.017857 0.012471
 0.000025 0.977783 0.022168 0.000025
 0.018792 0.838865 0.005213 0.137129
 0.091122 0.824928 0.006828 0.077122
 0.119579 0.650320 0.059472 0.170629
 0.267297 0.157473 0.220865 0.354365
 0.106188 0.542646 0.193176 0.157990
 0.091948 0.690502 0.109514 0.108036
 0.132763 0.564864 0.158105 0.144268

MOTIF 2-CCACCAGGGGGCGC STREME-2
letter-probability matrix: alength= 4 w= 14 nsites= 274 E= 1.4e-006
 0.072019 0.879761 0.020138 0.028082
 0.000122 0.995596 0.004160 0.000122
 0.782197 0.004160 0.147955 0.065688
 0.028082 0.690372 0.281424 0.000122
 0.048053 0.676053 0.040109 0.235785
 0.975580 0.004160 0.004160 0.016099
 0.000122 0.000166 0.995596 0.004116
 0.265276 0.024132 0.710470 0.000122
 0.064031 0.013807 0.636789 0.285374
 0.000122 0.004160 0.995596 0.000122
 0.000122 0.000166 0.955653 0.044059
 0.137585 0.786235 0.000166 0.076013
 0.239653 0.004160 0.756065 0.000122
 0.044059 0.660202 0.207742 0.087996

MOTIF 3-AAGATGGCGGCBSC STREME-3
letter-probability matrix: alength= 4 w= 14 nsites= 468 E= 1.8e-006
 0.953157 0.000097 0.039688 0.007058
 0.906580 0.023386 0.023386 0.046649
 0.225578 0.208335 0.538070 0.028018
 0.995077 0.000097 0.004755 0.000071
 0.000071 0.000097 0.000097 0.999735
 0.000071 0.000097 0.999761 0.000071
 0.002400 0.000097 0.997432 0.000071
 0.000071 0.990445 0.000097 0.009387
 0.086240 0.133810 0.703421 0.076529
 0.110495 0.137501 0.698368 0.053636
 0.088569 0.808792 0.000097 0.102542
 0.088569 0.356021 0.359712 0.195698
 0.147758 0.295470 0.398337 0.158436
 0.139804 0.550285 0.193395 0.116516

MOTIF 4-CGGAAGTGACK STREME-4
letter-probability matrix: alength= 4 w= 11 nsites= 452 E= 1.6e-005
 0.227203 0.720312 0.026951 0.025534
 0.000064 0.021750 0.978122 0.000064
 0.004224 0.000087 0.986443 0.009247
 0.918131 0.014647 0.000087 0.067135
 0.955172 0.016374 0.000087 0.028368
 0.123862 0.016573 0.859502 0.000064
 0.004224 0.073761 0.000087 0.921928
 0.100416 0.142853 0.687698 0.069033
 0.551722 0.109648 0.252781 0.085850
 0.098509 0.576415 0.186449 0.138627
 0.038368 0.169643 0.411381 0.380608

MOTIF 5-RTGACGTCAY STREME-5
letter-probability matrix: alength= 4 w= 10 nsites= 218 E= 1.5e-003
 0.265149 0.161280 0.527656 0.045915
 0.000153 0.077364 0.000208 0.922274
 0.002655 0.277532 0.587331 0.132481
 0.999431 0.000208 0.000208 0.000153
 0.000153 0.794938 0.000208 0.204701
 0.204701 0.000208 0.794938 0.000153
 0.000153 0.000208 0.000208 0.999431
 0.132481 0.587331 0.277532 0.002655
 0.922274 0.000208 0.077364 0.000153
 0.045915 0.527656 0.161280 0.265149

MOTIF 6-GCGCATGCGCR STREME-6
letter-probability matrix: alength= 4 w= 11 nsites= 148 E= 3.1e-003
 0.008512 0.008604 0.974372 0.008512
 0.064929 0.926215 0.008604 0.000252
 0.000252 0.000344 0.999152 0.000252
 0.000252 0.990892 0.008604 0.000252
 0.619095 0.229530 0.052003 0.099372
 0.043041 0.103109 0.032635 0.821216
 0.000252 0.000344 0.999152 0.000252
 0.033292 0.966112 0.000344 0.000252
 0.000252 0.038004 0.961492 0.000252
 0.000252 0.854169 0.000344 0.145235
 0.469681 0.008604 0.513203 0.008512

MOTIF 7-ARTAAAYA STREME-7
letter-probability matrix: alength= 4 w= 8 nsites= 1177 E= 1.0e-002
 0.670041 0.000146 0.093968 0.235844
 0.463872 0.024242 0.491289 0.020598
 0.000107 0.313053 0.000146 0.686694
 0.856233 0.143513 0.000146 0.000107
 0.977210 0.022537 0.000146 0.000107
 0.999600 0.000146 0.000146 0.000107
 0.020476 0.543401 0.000146 0.435977
 0.999600 0.000146 0.000146 0.000107

MOTIF 8-RNTCTCGCGAGANY STREME-8
letter-probability matrix: alength= 4 w= 14 nsites= 133 E= 2.4e-002
 0.401359 0.122236 0.409311 0.067093
 0.326641 0.224482 0.220549 0.228328
 0.008105 0.047518 0.019990 0.924387
 0.157542 0.818296 0.016057 0.008105
 0.012038 0.031787 0.012125 0.944050
 0.000240 0.999192 0.000327 0.000240
 0.012038 0.000327 0.979530 0.008105
 0.008105 0.979530 0.000327 0.012038
 0.000240 0.000327 0.999192 0.000240
 0.944050 0.012125 0.031787 0.012038
 0.008105 0.016057 0.818296 0.157542
 0.924387 0.019990 0.047518 0.008105
 0.228328 0.220549 0.224482 0.326641
 0.067093 0.409311 0.122236 0.401359

MOTIF 9-AGGTCACAK STREME-9
letter-probability matrix: alength= 4 w= 9 nsites= 941 E= 3.4e-002
 0.836199 0.044141 0.046196 0.073464
 0.155103 0.198089 0.646697 0.000110
 0.105396 0.029699 0.857570 0.007335
 0.003723 0.000150 0.000150 0.995977
 0.082221 0.783136 0.092197 0.042445
 0.911238 0.000150 0.088501 0.000110
 0.108167 0.757914 0.035378 0.098541
 0.623843 0.039308 0.295182 0.041667
 0.041726 0.089386 0.446163 0.422725

MOTIF 10-CTCCGCCYC STREME-10
letter-probability matrix: alength= 4 w= 9 nsites= 472 E= 5.4e-002
 0.000290 0.905893 0.000395 0.093423
 0.101976 0.254798 0.000395 0.642832
 0.000290 0.999026 0.000395 0.000290
 0.081617 0.873535 0.044558 0.000290
 0.000290 0.000395 0.999026 0.000290
 0.000290 0.999026 0.000395 0.000290
 0.000290 0.947206 0.000395 0.052110
 0.000290 0.352314 0.000395 0.647001
 0.000290 0.923530 0.000395 0.075786

MOTIF 11-RGCCAATCRG STREME-11
letter-probability matrix: alength= 4 w= 10 nsites= 259 E= 1.2e-001
 0.586993 0.000264 0.412550 0.000193
 0.243264 0.012340 0.582576 0.161821
 0.000193 0.999350 0.000264 0.000193
 0.000193 0.999350 0.000264 0.000193
 0.999280 0.000264 0.000264 0.000193
 0.999280 0.000264 0.000264 0.000193
 0.000193 0.000264 0.000264 0.999280
 0.000193 0.683430 0.316183 0.000193
 0.642922 0.000264 0.356621 0.000193
 0.000193 0.277022 0.607086 0.115699

MOTIF 12-AGGAAG STREME-12
letter-probability matrix: alength= 4 w= 6 nsites= 1451 E= 2.7e-001
 0.928336 0.026209 0.026209 0.019245
 0.019245 0.026209 0.935300 0.019245
 0.019245 0.026209 0.935300 0.019245
 0.928336 0.026209 0.026209 0.019245
 0.928336 0.026209 0.026209 0.019245
 0.019245 0.026209 0.935300 0.019245

MOTIF 13-CTTWTATA STREME-13
letter-probability matrix: alength= 4 w= 8 nsites= 89 E= 2.8e-001
 0.000778 0.920970 0.077474 0.000778
 0.000778 0.001059 0.051660 0.946503
 0.000778 0.001059 0.001059 0.997103
 0.531420 0.001059 0.001059 0.466461
 0.000778 0.001059 0.001059 0.997103
 0.997103 0.001059 0.001059 0.000778
 0.000778 0.001059 0.001059 0.997103
 0.997103 0.001059 0.001059 0.000778

MOTIF 14-CAAAGTCCA STREME-14
letter-probability matrix: alength= 4 w= 9 nsites= 392 E= 3.4e-001
 0.000191 0.981714 0.000261 0.017834
 0.973347 0.000261 0.026202 0.000191
 0.901013 0.000261 0.098535 0.000191
 0.906875 0.000261 0.092673 0.000191
 0.000191 0.033588 0.966029 0.000191
 0.000191 0.000261 0.000261 0.999287
 0.032335 0.749698 0.141522 0.076445
 0.010449 0.959173 0.006526 0.023851
 0.688753 0.037213 0.022094 0.251941

MOTIF 15-AAACAA STREME-15
letter-probability matrix: alength= 4 w= 6 nsites= 512 E= 3.5e-001
 0.928336 0.026209 0.026209 0.019245
 0.928336 0.026209 0.026209 0.019245
 0.928336 0.026209 0.026209 0.019245
 0.019245 0.935300 0.026209 0.019245
 0.928336 0.026209 0.026209 0.019245
 0.928336 0.026209 0.026209 0.019245

MOTIF 16-GAAATGAA STREME-16
letter-probability matrix: alength= 4 w= 8 nsites= 542 E= 3.9e-001
 0.070117 0.000591 0.860931 0.068360
 0.790796 0.076293 0.000591 0.132320
 0.945362 0.000591 0.053612 0.000434
 0.998383 0.000591 0.000591 0.000434
 0.000434 0.043087 0.107650 0.848828
 0.073941 0.000591 0.849205 0.076263
 0.902737 0.096237 0.000591 0.000434
 0.879461 0.059828 0.000591 0.060120

MOTIF 17-GCCGCCGCCGCCGCC STREME-17
letter-probability matrix: alength= 4 w= 15 nsites= 76 E= 3.9e-001
 0.046942 0.000644 0.936451 0.015963
 0.046942 0.905472 0.000644 0.046942
 0.000473 0.920961 0.031624 0.046942
 0.000473 0.000644 0.998410 0.000473
 0.015963 0.951941 0.000644 0.031452
 0.031452 0.905472 0.047113 0.015963
 0.031452 0.000644 0.967430 0.000473
 0.000473 0.874493 0.016134 0.108901
 0.000473 0.750575 0.047113 0.201838
 0.000473 0.000644 0.982920 0.015963
 0.000473 0.982920 0.000644 0.015963
 0.031452 0.775126 0.022563 0.170859
 0.000473 0.031624 0.967430 0.000473
 0.015963 0.812534 0.140051 0.031452
 0.046942 0.682188 0.062603 0.208267

MOTIF 18-GGATTCGAAC STREME-18
letter-probability matrix: alength= 4 w= 10 nsites= 108 E= 4.9e-001
 0.014327 0.014481 0.956866 0.014327
 0.003103 0.000578 0.990124 0.006195
 0.935294 0.008093 0.042285 0.014327
 0.153350 0.115962 0.023907 0.706781
 0.000425 0.000578 0.014481 0.984517
 0.006195 0.728658 0.014481 0.250667
 0.042132 0.000578 0.956866 0.000425
 0.964844 0.006348 0.014481 0.014327
 0.978747 0.000578 0.000578 0.020097
 0.006195 0.992803 0.000578 0.000425

MOTIF 19-AAAAAAAAAAAAASA STREME-19
letter-probability matrix: alength= 4 w= 15 nsites= 181 E= 7.7e-001
 0.911711 0.000260 0.019027 0.069002
 0.892945 0.000260 0.056560 0.050235
 0.855412 0.025282 0.069071 0.050235
 0.777749 0.109200 0.081582 0.031469
 0.912774 0.059156 0.027879 0.000191
 0.784005 0.046645 0.044049 0.125301
 0.835347 0.120413 0.025282 0.018958
 0.799112 0.075326 0.125371 0.000191
 0.736557 0.125371 0.050304 0.087768
 0.911711 0.062815 0.000260 0.025213
 0.936733 0.031538 0.019027 0.012702
 0.861667 0.006516 0.069071 0.062746
 0.717023 0.089136 0.003388 0.190453
 0.110255 0.352450 0.437015 0.100279
 0.795817 0.097592 0.010686 0.095904

MOTIF 20-ACTACAAYTCCCA STREME-20
letter-probability matrix: alength= 4 w= 13 nsites= 72 E= 7.8e-001
 0.937807 0.061103 0.000629 0.000462
 0.000462 0.998448 0.000629 0.000462
 0.015580 0.000629 0.000629 0.983162
 0.892451 0.000629 0.106458 0.000462
 0.000462 0.998448 0.000629 0.000462
 0.877333 0.000629 0.121577 0.000462
 0.605200 0.045984 0.136695 0.212120
 0.045817 0.393709 0.121577 0.438897
 0.000462 0.015747 0.000629 0.983162
 0.000462 0.953092 0.000629 0.045817
 0.000462 0.998448 0.000629 0.000462
 0.000462 0.968211 0.000629 0.030699
 0.801741 0.000629 0.197169 0.000462

MOTIF 21-CCCAGCC STREME-21
letter-probability matrix: alength= 4 w= 7 nsites= 752 E= 7.9e-001
 0.019245 0.935300 0.026209 0.019245
 0.019245 0.935300 0.026209 0.019245
 0.019245 0.935300 0.026209 0.019245
 0.928336 0.026209 0.026209 0.019245
 0.019245 0.026209 0.935300 0.019245
 0.019245 0.935300 0.026209 0.019245
 0.019245 0.935300 0.026209 0.019245

MOTIF 22-AGCCCCGCCCA STREME-22
letter-probability matrix: alength= 4 w= 11 nsites= 76 E= 8.8e-001
 0.868524 0.072727 0.000748 0.058000
 0.000550 0.018743 0.944168 0.036539
 0.030746 0.877983 0.072727 0.018544
 0.000550 0.882716 0.072727 0.044007
 0.108518 0.854195 0.018743 0.018544
 0.000550 0.998152 0.000748 0.000550
 0.072528 0.000748 0.926174 0.000550
 0.054534 0.926174 0.000748 0.018544
 0.054534 0.908179 0.018743 0.018544
 0.000550 0.998152 0.000748 0.000550
 0.959409 0.000748 0.039293 0.000550

MOTIF 23-RTGASTCAY STREME-23
letter-probability matrix: alength= 4 w= 9 nsites= 193 E= 4.8e+000
 0.333872 0.199519 0.466255 0.000354
 0.000354 0.000482 0.000482 0.998683
 0.108911 0.000482 0.890254 0.000354
 0.998683 0.000482 0.000482 0.000354
 0.000354 0.499646 0.499646 0.000354
 0.000354 0.000482 0.000482 0.998683
 0.000354 0.890254 0.000482 0.108911
 0.998683 0.000482 0.000482 0.000354
 0.000354 0.466255 0.199519 0.333872

MOTIF 24-AATSATTAAC STREME-24
letter-probability matrix: alength= 4 w= 10 nsites= 98 E= 9.1e+000
 0.961860 0.000509 0.000509 0.037121
 0.792684 0.047194 0.061755 0.098367
 0.000374 0.054590 0.000509 0.944527
 0.189195 0.465598 0.306632 0.038576
 0.986358 0.000509 0.012759 0.000374
 0.000374 0.025008 0.250575 0.724043
 0.045427 0.005593 0.000509 0.948470
 0.941369 0.000509 0.057747 0.000374
 0.998607 0.000509 0.000509 0.000374
 0.073869 0.820717 0.000509 0.104905

MOTIF 25-CAGCCACAGCC STREME-25
letter-probability matrix: alength= 4 w= 11 nsites= 59 E= 2.2e+001
 0.000554 0.980005 0.000754 0.018687
 0.834742 0.000754 0.163950 0.000554
 0.091218 0.155619 0.752609 0.000554
 0.000554 0.980005 0.000754 0.018687
 0.054952 0.760940 0.010556 0.173551
 0.997938 0.000754 0.000754 0.000554
 0.000554 0.998138 0.000754 0.000554
 0.997938 0.000754 0.000754 0.000554
 0.018687 0.215267 0.765493 0.000554
 0.000554 0.998138 0.000754 0.000554
 0.000554 0.925607 0.073286 0.000554

********************************************************************************
Stopped because 3 consecutive motifs exceeded the p-value threshold (0.05).
********************************************************************************
COMMAND:	streme --verbosity 1 --oc meme_out_incomplete_DL/HepG2_GTF2F1-human_ENCFF433KGK/streme_out -dna --seed 0 --p meme_out_incomplete_DL/HepG2_GTF2F1-human_ENCFF433KGK/seqs-centered --minw 6 --maxw 15 --time 6190 --order 2 --thresh 0.05 --align center --totallength 4000000 --parse-genomic-coord
********************************************************************************
CPU:		9f05ee173ae9
********************************************************************************
FINALTIME:	294.87 seconds
********************************************************************************
