********************************************************************************
STREME - Sensitive, Thorough, Rapid, Enriched Motif Elicitation
********************************************************************************
MEME version 5.5.3 (Release date: Sat Jun 10 16:19:38 2023 -0700)

For further information on how to interpret these results please access http://localhost:8080/meme_5.5.3.
To get a copy of the MEME Suite software please access https://meme-suite.org.

********************************************************************************


********************************************************************************
REFERENCE
********************************************************************************
If you use this program in your research, please cite:

Timothy L. Bailey,
"STREME: accurate and versatile sequence motif discovery",
Bioinformatics, Mar. 24, 2021.
********************************************************************************


ALPHABET= ACGT

strands: + -

Background letter frequencies
A 0.206 C 0.294 G 0.294 T 0.206 

MOTIF 1-CASCAGRKGGCR STREME-1
letter-probability matrix: alength= 4 w= 12 nsites= 1350 E= 1.6e-023
 0.000029 0.999902 0.000041 0.000029
 0.694557 0.025786 0.177349 0.102308
 0.015107 0.576733 0.408132 0.000029
 0.096625 0.571683 0.069279 0.262413
 0.999890 0.000041 0.000041 0.000029
 0.000029 0.000041 0.999902 0.000029
 0.388976 0.000041 0.610955 0.000029
 0.007458 0.014691 0.595609 0.382242
 0.000029 0.000041 0.999902 0.000029
 0.008300 0.000041 0.919892 0.071768
 0.000029 0.955591 0.000041 0.044340
 0.394042 0.000041 0.597260 0.008658

MOTIF 2-CCTCRGCCTCCCAAR STREME-2
letter-probability matrix: alength= 4 w= 15 nsites= 469 E= 5.3e-014
 0.002530 0.926052 0.024670 0.046748
 0.009899 0.935878 0.005017 0.049205
 0.002530 0.002561 0.000104 0.994805
 0.002530 0.815505 0.002561 0.179405
 0.593361 0.014844 0.356310 0.035485
 0.027096 0.002561 0.957988 0.012356
 0.004986 0.965357 0.002561 0.027096
 0.004986 0.950618 0.012387 0.032009
 0.004986 0.000104 0.007474 0.987436
 0.004986 0.962901 0.007474 0.024639
 0.009899 0.918682 0.017300 0.054118
 0.039379 0.776200 0.002561 0.181861
 0.631229 0.059062 0.297352 0.012356
 0.927458 0.005017 0.063976 0.003549
 0.490184 0.002561 0.507182 0.000073

MOTIF 3-CCTGTAATCCCAGCW STREME-3
letter-probability matrix: alength= 4 w= 15 nsites= 433 E= 2.3e-013
 0.023145 0.933097 0.000109 0.043650
 0.002639 0.958728 0.000109 0.038524
 0.000076 0.007798 0.012924 0.979201
 0.066718 0.007798 0.917718 0.007766
 0.000076 0.020614 0.015488 0.963822
 0.945880 0.002672 0.030867 0.020581
 0.758770 0.000109 0.241045 0.000076
 0.000076 0.015488 0.000109 0.984328
 0.002639 0.945913 0.018051 0.033397
 0.007766 0.940786 0.005235 0.046213
 0.002639 0.897213 0.005235 0.094913
 0.979201 0.000109 0.018051 0.002639
 0.033397 0.012924 0.940786 0.012892
 0.015455 0.943349 0.010361 0.030834
 0.535775 0.025740 0.018051 0.420434

MOTIF 4-RTTGCAYMA STREME-4
letter-probability matrix: alength= 4 w= 9 nsites= 1475 E= 4.1e-013
 0.586245 0.115143 0.298563 0.000049
 0.000049 0.000070 0.000070 0.999812
 0.000049 0.000070 0.000070 0.999812
 0.130192 0.000070 0.663547 0.206191
 0.005769 0.994113 0.000070 0.000049
 0.787774 0.000070 0.212107 0.000049
 0.154112 0.306905 0.000070 0.538913
 0.371970 0.624395 0.000070 0.003565
 0.999812 0.000070 0.000070 0.000049

MOTIF 5-GTAAAYAW STREME-5
letter-probability matrix: alength= 4 w= 8 nsites= 2209 E= 9.5e-013
 0.183961 0.000071 0.815919 0.000049
 0.000049 0.319670 0.000071 0.680210
 0.919490 0.080390 0.000071 0.000049
 0.999809 0.000071 0.000071 0.000049
 0.999809 0.000071 0.000071 0.000049
 0.000049 0.589733 0.000071 0.410147
 0.999809 0.000071 0.000071 0.000049
 0.350188 0.157761 0.099829 0.392222

MOTIF 6-CCAGCCTGGGCAACA STREME-6
letter-probability matrix: alength= 4 w= 15 nsites= 330 E= 5.8e-011
 0.007881 0.980191 0.007930 0.003998
 0.007881 0.956896 0.000165 0.035059
 0.963000 0.015695 0.017306 0.003998
 0.027294 0.004047 0.945248 0.023411
 0.000115 0.953013 0.000165 0.046707
 0.011763 0.949131 0.000165 0.038941
 0.003998 0.007930 0.007930 0.980142
 0.054472 0.004047 0.929718 0.011763
 0.054472 0.000165 0.941365 0.003998
 0.042824 0.229238 0.716175 0.011763
 0.011763 0.809357 0.007930 0.170950
 0.691218 0.011812 0.277441 0.019528
 0.972377 0.000165 0.015695 0.011763
 0.003998 0.937483 0.011812 0.046707
 0.960729 0.004047 0.023460 0.011763

MOTIF 7-CMAAGKTCAN STREME-7
letter-probability matrix: alength= 4 w= 10 nsites= 898 E= 8.1e-010
 0.000067 0.823542 0.000096 0.176296
 0.580850 0.382081 0.004606 0.032463
 0.973456 0.000096 0.000096 0.026353
 0.999742 0.000096 0.000096 0.000067
 0.000067 0.000096 0.999770 0.000067
 0.059400 0.000096 0.590194 0.350311
 0.000067 0.303435 0.000096 0.696402
 0.000067 0.957086 0.000096 0.042751
 0.970156 0.000096 0.029681 0.000067
 0.224820 0.342191 0.230139 0.202851

MOTIF 8-GTCTCTAMWAAAAAW STREME-8
letter-probability matrix: alength= 4 w= 15 nsites= 244 E= 1.7e-008
 0.281338 0.013162 0.688066 0.017434
 0.021760 0.000183 0.000183 0.977873
 0.004455 0.904381 0.039120 0.052044
 0.004455 0.000183 0.004510 0.990852
 0.017434 0.913033 0.021815 0.047718
 0.307296 0.008836 0.008836 0.675032
 0.938936 0.008836 0.004510 0.047718
 0.389496 0.575582 0.000183 0.034739
 0.523611 0.065078 0.013162 0.398148
 0.904326 0.021815 0.052099 0.021760
 0.925957 0.069404 0.000183 0.004455
 0.951915 0.034794 0.013162 0.000129
 0.895673 0.017489 0.030468 0.056371
 0.878368 0.060752 0.026141 0.034739
 0.458717 0.043446 0.026141 0.471696

MOTIF 9-CCCCRCCCCC STREME-9
letter-probability matrix: alength= 4 w= 10 nsites= 2102 E= 3.5e-007
 0.000052 0.999823 0.000074 0.000052
 0.018860 0.952617 0.001306 0.027217
 0.017439 0.980332 0.002177 0.000052
 0.024341 0.968835 0.002475 0.004348
 0.385729 0.000074 0.424800 0.189398
 0.045440 0.822630 0.042345 0.089586
 0.000052 0.969458 0.016707 0.013783
 0.005175 0.939487 0.000074 0.055265
 0.075120 0.864000 0.028691 0.032190
 0.080101 0.673370 0.129925 0.116604

MOTIF 10-AAAAATTAGCYRGGC STREME-10
letter-probability matrix: alength= 4 w= 15 nsites= 181 E= 1.8e-006
 0.915469 0.045393 0.019610 0.019528
 0.954142 0.000273 0.006719 0.038865
 0.967034 0.006719 0.000273 0.025974
 0.934806 0.006719 0.032501 0.025974
 0.921914 0.019610 0.045393 0.013083
 0.006637 0.045393 0.006719 0.941251
 0.006637 0.032501 0.013165 0.947697
 0.992816 0.000273 0.000273 0.006637
 0.025974 0.032501 0.921996 0.019528
 0.013083 0.941333 0.026056 0.019528
 0.006637 0.593270 0.000273 0.399820
 0.432048 0.006719 0.522368 0.038865
 0.064648 0.013165 0.909105 0.013083
 0.058202 0.000273 0.889768 0.051757
 0.013083 0.670617 0.013165 0.303135

MOTIF 11-CCACTTCCK STREME-11
letter-probability matrix: alength= 4 w= 9 nsites= 1257 E= 7.8e-006
 0.062231 0.571476 0.104272 0.262021
 0.065932 0.748978 0.036814 0.148276
 0.924671 0.000109 0.075145 0.000076
 0.000076 0.905619 0.011396 0.082909
 0.085739 0.000109 0.003382 0.910771
 0.000076 0.000109 0.000109 0.999707
 0.000076 0.992890 0.000109 0.006925
 0.000076 0.982246 0.017601 0.000076
 0.000076 0.020754 0.565337 0.413833

MOTIF 12-GTGASTCAC STREME-12
letter-probability matrix: alength= 4 w= 9 nsites= 1023 E= 8.4e-006
 0.266775 0.156953 0.565430 0.010843
 0.000072 0.000103 0.000103 0.999721
 0.002678 0.000103 0.992282 0.004937
 0.863526 0.007705 0.128696 0.000072
 0.000072 0.499928 0.499928 0.000072
 0.000072 0.128696 0.007705 0.863526
 0.004937 0.992282 0.000103 0.002678
 0.999721 0.000103 0.000103 0.000072
 0.010843 0.565430 0.156953 0.266775

MOTIF 13-AACTCCTGRSCTCAA STREME-13
letter-probability matrix: alength= 4 w= 15 nsites= 298 E= 1.3e-005
 0.985145 0.014595 0.000153 0.000107
 0.626212 0.236330 0.032647 0.104810
 0.000107 0.959917 0.000153 0.039822
 0.003718 0.018205 0.000153 0.977924
 0.001606 0.907873 0.021816 0.068706
 0.014549 0.934644 0.025426 0.025380
 0.014549 0.079583 0.000153 0.905715
 0.088256 0.000153 0.904262 0.007328
 0.456522 0.003764 0.535997 0.003718
 0.091867 0.476732 0.424073 0.007328
 0.000107 0.912982 0.010984 0.075927
 0.007328 0.003764 0.000153 0.988755
 0.014549 0.880488 0.029037 0.075927
 0.847948 0.025426 0.126519 0.000107
 0.644265 0.003764 0.221889 0.130083

MOTIF 14-GCTCACTGCARCCTY STREME-14
letter-probability matrix: alength= 4 w= 15 nsites= 219 E= 1.3e-005
 0.065371 0.024222 0.902556 0.007851
 0.000162 0.945105 0.021967 0.032766
 0.000162 0.018788 0.000230 0.980820
 0.000162 0.945105 0.011099 0.043634
 0.972207 0.005665 0.021967 0.000162
 0.011030 0.926548 0.011099 0.051324
 0.013967 0.049137 0.005665 0.931231
 0.054503 0.027401 0.912501 0.005596
 0.000162 0.907067 0.000230 0.092541
 0.977641 0.005665 0.016533 0.000162
 0.580687 0.016533 0.402619 0.000162
 0.027332 0.830989 0.092610 0.049068
 0.002417 0.953718 0.011099 0.032766
 0.000162 0.016533 0.011099 0.972207
 0.011030 0.605936 0.021967 0.361068

MOTIF 15-RYCACGTGRY STREME-15
letter-probability matrix: alength= 4 w= 10 nsites= 786 E= 1.9e-005
 0.230659 0.191090 0.442682 0.135568
 0.054621 0.411422 0.132363 0.401594
 0.101801 0.897990 0.000123 0.000086
 0.999668 0.000123 0.000123 0.000086
 0.000086 0.999705 0.000123 0.000086
 0.000086 0.000123 0.999705 0.000086
 0.000086 0.000123 0.000123 0.999668
 0.000086 0.000123 0.897990 0.101801
 0.401594 0.132363 0.411422 0.054621
 0.135568 0.442682 0.191090 0.230659

MOTIF 16-GTGATCCTCCYR STREME-16
letter-probability matrix: alength= 4 w= 12 nsites= 189 E= 1.7e-004
 0.058964 0.000239 0.907717 0.033080
 0.000168 0.217629 0.000239 0.781964
 0.000168 0.032294 0.967371 0.000168
 0.999353 0.000239 0.000239 0.000168
 0.000168 0.000239 0.000239 0.999353
 0.000168 0.828979 0.000239 0.170614
 0.000168 0.870543 0.000239 0.129050
 0.225979 0.000239 0.180455 0.593326
 0.000168 0.940880 0.000239 0.058713
 0.000168 0.999425 0.000239 0.000168
 0.000168 0.602034 0.000239 0.397559
 0.392561 0.000239 0.607031 0.000168

MOTIF 17-ACTACAWYTCCCA STREME-17
letter-probability matrix: alength= 4 w= 13 nsites= 182 E= 3.3e-004
 0.986864 0.012688 0.000263 0.000185
 0.000185 0.999367 0.000263 0.000185
 0.000185 0.056173 0.000263 0.943379
 0.884891 0.031324 0.056173 0.027612
 0.000185 0.943458 0.000263 0.056094
 0.837772 0.012688 0.124507 0.025033
 0.431403 0.105870 0.077388 0.385339
 0.068519 0.276177 0.155568 0.499737
 0.056094 0.037536 0.033903 0.872467
 0.000185 0.986943 0.000263 0.012609
 0.000185 0.999367 0.000263 0.000185
 0.018821 0.980731 0.000263 0.000185
 0.806711 0.000263 0.192841 0.000185

MOTIF 18-AGATGGCGGC STREME-18
letter-probability matrix: alength= 4 w= 10 nsites= 323 E= 3.3e-004
 0.772009 0.118388 0.000214 0.109389
 0.066314 0.283442 0.633992 0.016252
 0.999422 0.000214 0.000214 0.000150
 0.000150 0.000214 0.000214 0.999422
 0.020324 0.000214 0.979312 0.000150
 0.000150 0.000214 0.990351 0.009285
 0.000150 0.999486 0.000214 0.000150
 0.000150 0.039486 0.960214 0.000150
 0.088394 0.042759 0.760055 0.108792
 0.054280 0.884117 0.000214 0.061390

MOTIF 19-CCCTKCCCT STREME-19
letter-probability matrix: alength= 4 w= 9 nsites= 1817 E= 8.2e-004
 0.000145 0.719445 0.000207 0.280203
 0.000145 0.856457 0.000207 0.143192
 0.000145 0.925485 0.000207 0.074163
 0.000145 0.263811 0.000207 0.735837
 0.022063 0.000207 0.403396 0.574335
 0.040613 0.959036 0.000207 0.000145
 0.000145 0.999503 0.000207 0.000145
 0.000145 0.999503 0.000207 0.000145
 0.000145 0.198541 0.029490 0.771824

MOTIF 20-GGAGRATYGCTTGAA STREME-20
letter-probability matrix: alength= 4 w= 15 nsites= 117 E= 8.1e-003
 0.105908 0.048417 0.797378 0.048296
 0.038694 0.000407 0.951012 0.009888
 0.950890 0.000407 0.048417 0.000286
 0.057898 0.010009 0.912603 0.019490
 0.653226 0.000407 0.346081 0.000286
 0.989298 0.010009 0.000407 0.000286
 0.000286 0.019611 0.000407 0.979696
 0.048296 0.307673 0.144438 0.499593
 0.153919 0.038815 0.778174 0.029092
 0.038694 0.787776 0.010009 0.163521
 0.019490 0.019611 0.086826 0.874073
 0.000286 0.010009 0.029213 0.960492
 0.029092 0.058020 0.903001 0.009888
 0.950890 0.000407 0.029213 0.019490
 0.682032 0.019611 0.288469 0.009888

MOTIF 21-GCGCATGCGCACA STREME-21
letter-probability matrix: alength= 4 w= 13 nsites= 232 E= 1.4e-002
 0.064274 0.000219 0.930189 0.005318
 0.025977 0.942662 0.026043 0.005318
 0.005318 0.000219 0.994309 0.000154
 0.005318 0.994309 0.000219 0.000154
 0.795546 0.090163 0.093479 0.020813
 0.012627 0.235221 0.191098 0.561054
 0.010483 0.000219 0.989144 0.000154
 0.000154 0.963321 0.000219 0.036307
 0.031142 0.010548 0.937497 0.020813
 0.000154 0.951725 0.007527 0.040594
 0.870473 0.040797 0.088576 0.000154
 0.149931 0.556003 0.262924 0.031142
 0.547075 0.116547 0.174233 0.162146

MOTIF 22-RTTRVBYAAY STREME-22
letter-probability matrix: alength= 4 w= 10 nsites= 692 E= 1.9e-002
 0.363168 0.140868 0.495886 0.000079
 0.000079 0.000112 0.000112 0.999698
 0.000079 0.000112 0.000112 0.999698
 0.251368 0.000112 0.500598 0.247922
 0.305119 0.399664 0.295139 0.000079
 0.000079 0.295139 0.399664 0.305119
 0.247922 0.500598 0.000112 0.251368
 0.999698 0.000112 0.000112 0.000079
 0.999698 0.000112 0.000112 0.000079
 0.000079 0.495886 0.140868 0.363168

MOTIF 23-AGCRAGACYCTGTCT STREME-23
letter-probability matrix: alength= 4 w= 15 nsites= 101 E= 5.7e-002
 0.953320 0.000481 0.023171 0.023027
 0.057063 0.011826 0.930774 0.000337
 0.091098 0.669838 0.000481 0.238583
 0.544899 0.000481 0.431592 0.023027
 0.953320 0.000481 0.000481 0.045717
 0.113788 0.000481 0.885394 0.000337
 0.987356 0.000481 0.011826 0.000337
 0.000337 0.953464 0.000481 0.045717
 0.023027 0.624458 0.000481 0.352033
 0.000337 0.794634 0.000481 0.204548
 0.000337 0.204692 0.000481 0.794490
 0.147823 0.000481 0.828669 0.023027
 0.000337 0.000481 0.000481 0.998701
 0.023027 0.896739 0.000481 0.079753
 0.034372 0.011826 0.000481 0.953320

MOTIF 24-CGCCGCCGCCGCC STREME-24
letter-probability matrix: alength= 4 w= 13 nsites= 342 E= 8.7e-002
 0.149380 0.834281 0.011313 0.005025
 0.000111 0.000158 0.999621 0.000111
 0.011708 0.907048 0.000158 0.081087
 0.062129 0.764564 0.000158 0.173150
 0.058018 0.000158 0.941713 0.000111
 0.000111 0.934862 0.000158 0.064870
 0.000111 0.785258 0.123483 0.091148
 0.082265 0.000158 0.917466 0.000111
 0.003829 0.958371 0.000158 0.037642
 0.000111 0.903314 0.029621 0.066955
 0.138153 0.000158 0.798357 0.063332
 0.000111 0.925436 0.056009 0.018444
 0.008264 0.825253 0.092486 0.073998

MOTIF 25-AGATCAAAG STREME-25
letter-probability matrix: alength= 4 w= 9 nsites= 530 E= 9.3e-002
 0.949547 0.049999 0.000267 0.000187
 0.000187 0.283177 0.707834 0.008802
 0.747172 0.000267 0.073308 0.179254
 0.156363 0.000267 0.069018 0.774352
 0.000187 0.861035 0.138591 0.000187
 0.943024 0.000267 0.040532 0.016176
 0.992986 0.000267 0.000267 0.006481
 0.967703 0.023415 0.000267 0.008615
 0.018005 0.006229 0.975579 0.000187

MOTIF 26-CAGAGTCCAS STREME-26
letter-probability matrix: alength= 4 w= 10 nsites= 192 E= 1.1e-001
 0.000445 0.998475 0.000635 0.000445
 0.998286 0.000635 0.000635 0.000445
 0.000445 0.000635 0.998475 0.000445
 0.998286 0.000635 0.000635 0.000445
 0.000445 0.000635 0.998475 0.000445
 0.000445 0.000635 0.000635 0.998286
 0.122084 0.630228 0.000635 0.247054
 0.000445 0.962327 0.036783 0.000445
 0.998286 0.000635 0.000635 0.000445
 0.104637 0.416470 0.478448 0.000445

MOTIF 27-GATTCGAACYCG STREME-27
letter-probability matrix: alength= 4 w= 12 nsites= 102 E= 1.1e-001
 0.044846 0.030231 0.924483 0.000440
 0.858945 0.030231 0.095582 0.015242
 0.089251 0.030231 0.045033 0.835485
 0.000440 0.030231 0.119042 0.850287
 0.044846 0.776465 0.045033 0.133656
 0.044846 0.059835 0.835672 0.059647
 0.894692 0.015429 0.089438 0.000440
 0.968701 0.000628 0.015429 0.015242
 0.000440 0.968889 0.000628 0.030044
 0.059647 0.317609 0.104240 0.518503
 0.015242 0.850474 0.074637 0.059647
 0.133656 0.045033 0.806069 0.015242

MOTIF 28-AAAAAAAAAAAAAAA STREME-28
letter-probability matrix: alength= 4 w= 15 nsites= 136 E= 1.2e-001
 0.904352 0.009857 0.000401 0.085389
 0.989460 0.000401 0.009857 0.000281
 0.951635 0.009857 0.038227 0.000281
 0.853145 0.019314 0.094965 0.032575
 0.593896 0.183998 0.217899 0.004206
 0.781418 0.076053 0.057140 0.085389
 0.970548 0.000401 0.028770 0.000281
 0.838157 0.047683 0.028770 0.085389
 0.969005 0.009857 0.020856 0.000281
 0.819244 0.151704 0.000401 0.028651
 0.749897 0.047683 0.098118 0.104302
 0.955802 0.000401 0.005690 0.038107
 0.769584 0.009857 0.125713 0.094846
 0.909602 0.032412 0.015953 0.042032
 0.919687 0.070175 0.000401 0.009738

MOTIF 29-GCYSRGC STREME-29
letter-probability matrix: alength= 4 w= 7 nsites= 2489 E= 1.6e-001
 0.000874 0.001246 0.997006 0.000874
 0.000874 0.997006 0.001246 0.000874
 0.000874 0.625442 0.001246 0.372438
 0.000874 0.499126 0.499126 0.000874
 0.372438 0.001246 0.625442 0.000874
 0.000874 0.001246 0.997006 0.000874
 0.000874 0.997006 0.001246 0.000874

MOTIF 30-CAAAGGGCAGD STREME-30
letter-probability matrix: alength= 4 w= 11 nsites= 90 E= 2.1e-001
 0.000498 0.998295 0.000710 0.000498
 0.998083 0.000710 0.000710 0.000498
 0.998083 0.000710 0.000710 0.000498
 0.998083 0.000710 0.000710 0.000498
 0.000498 0.000710 0.998295 0.000498
 0.000498 0.000710 0.719745 0.279048
 0.000498 0.000710 0.998295 0.000498
 0.179822 0.719838 0.000710 0.099631
 0.998083 0.000710 0.000710 0.000498
 0.000498 0.000710 0.788953 0.209840
 0.212684 0.150418 0.419501 0.217397

MOTIF 31-CAGCACCAYGGACAG STREME-31
letter-probability matrix: alength= 4 w= 15 nsites= 131 E= 2.2e-001
 0.016778 0.974359 0.000350 0.008512
 0.999053 0.000350 0.000350 0.000246
 0.016778 0.000350 0.982626 0.000246
 0.049843 0.817301 0.091279 0.041577
 0.982521 0.000350 0.000350 0.016778
 0.000246 0.999158 0.000350 0.000246
 0.000246 0.982626 0.000350 0.016778
 0.521017 0.066480 0.207006 0.205497
 0.099440 0.395724 0.041682 0.463154
 0.008512 0.000350 0.990892 0.000246
 0.000246 0.016883 0.982626 0.000246
 0.937759 0.058214 0.000350 0.003677
 0.000246 0.871734 0.094710 0.033311
 0.999053 0.000350 0.000350 0.000246
 0.016778 0.000350 0.982626 0.000246

MOTIF 32-CACCGCCTCCYC STREME-32
letter-probability matrix: alength= 4 w= 12 nsites= 448 E= 2.3e-001
 0.062439 0.869255 0.000166 0.068140
 0.837323 0.000166 0.162396 0.000116
 0.019646 0.861181 0.001787 0.117386
 0.000116 0.934189 0.059872 0.005822
 0.290801 0.000166 0.708917 0.000116
 0.009549 0.990169 0.000166 0.000116
 0.011834 0.903088 0.075528 0.009549
 0.203772 0.000166 0.013505 0.782558
 0.126067 0.818967 0.035320 0.019646
 0.058707 0.765689 0.128702 0.046901
 0.000116 0.574218 0.126515 0.299150
 0.107379 0.642475 0.180501 0.069645

MOTIF 33-GGCCACTAGAGG STREME-33
letter-probability matrix: alength= 4 w= 12 nsites= 108 E= 3.4e-001
 0.035371 0.058868 0.893740 0.012022
 0.098589 0.012170 0.795498 0.093744
 0.000347 0.934127 0.012170 0.053356
 0.000347 0.963787 0.035519 0.000347
 0.880830 0.000495 0.118328 0.000347
 0.000347 0.938623 0.035519 0.025511
 0.093744 0.263313 0.000495 0.642448
 0.998663 0.000495 0.000495 0.000347
 0.000347 0.000495 0.998811 0.000347
 0.803365 0.000495 0.195793 0.000347
 0.000347 0.000495 0.917089 0.082069
 0.035371 0.093957 0.870325 0.000347

MOTIF 34-AGTGCAGTGGCRYGA STREME-34
letter-probability matrix: alength= 4 w= 15 nsites= 103 E= 3.4e-001
 0.998833 0.000432 0.000432 0.000303
 0.122572 0.010621 0.866504 0.000303
 0.010492 0.030999 0.020810 0.937698
 0.061437 0.010621 0.927638 0.000303
 0.000303 0.968395 0.000432 0.030870
 0.988644 0.000432 0.010621 0.000303
 0.163328 0.000432 0.835937 0.000303
 0.000303 0.030999 0.000432 0.968266
 0.041059 0.000432 0.958206 0.000303
 0.051248 0.010621 0.937828 0.000303
 0.000303 0.693290 0.020810 0.285597
 0.479190 0.041188 0.458941 0.020681
 0.010492 0.530264 0.051377 0.407866
 0.214274 0.092134 0.683101 0.010492
 0.968266 0.000432 0.020810 0.010492

MOTIF 35-AGGAAG STREME-35
letter-probability matrix: alength= 4 w= 6 nsites= 2180 E= 3.8e-001
 0.927827 0.026718 0.026718 0.018736
 0.018736 0.026718 0.935809 0.018736
 0.018736 0.026718 0.935809 0.018736
 0.927827 0.026718 0.026718 0.018736
 0.927827 0.026718 0.026718 0.018736
 0.018736 0.026718 0.935809 0.018736

MOTIF 36-GATGAGGAAA STREME-36
letter-probability matrix: alength= 4 w= 10 nsites= 567 E= 5.0e-001
 0.011819 0.016717 0.879365 0.092100
 0.999587 0.000153 0.000153 0.000107
 0.029857 0.090355 0.000153 0.879635
 0.074284 0.002861 0.633021 0.289834
 0.893179 0.031563 0.032366 0.042892
 0.100778 0.102960 0.636639 0.159622
 0.040622 0.010095 0.862862 0.086422
 0.693021 0.134347 0.036440 0.136193
 0.839421 0.104412 0.012481 0.043685
 0.805154 0.058188 0.106951 0.029708

MOTIF 37-AAARCAAACA STREME-37
letter-probability matrix: alength= 4 w= 10 nsites= 445 E= 6.6e-001
 0.773242 0.000186 0.009574 0.216998
 0.913191 0.000186 0.086493 0.000130
 0.890482 0.000186 0.082806 0.026526
 0.596919 0.102572 0.300379 0.000130
 0.000130 0.679597 0.057123 0.263150
 0.794905 0.204779 0.000186 0.000130
 0.999498 0.000186 0.000186 0.000130
 0.929577 0.000186 0.070106 0.000130
 0.000130 0.805393 0.038350 0.156127
 0.800694 0.136672 0.042701 0.019932

MOTIF 38-GGACTTTGBACC STREME-38
letter-probability matrix: alength= 4 w= 12 nsites= 187 E= 7.7e-001
 0.220768 0.000262 0.747831 0.031138
 0.131385 0.064741 0.640158 0.163716
 0.999291 0.000262 0.000262 0.000184
 0.000184 0.999369 0.000262 0.000184
 0.000184 0.000262 0.025026 0.974527
 0.000184 0.000262 0.000262 0.999291
 0.043520 0.070932 0.000262 0.885286
 0.000184 0.000262 0.999369 0.000184
 0.171100 0.260856 0.373373 0.194671
 0.722554 0.158797 0.000262 0.118387
 0.142574 0.734213 0.062171 0.061041
 0.075992 0.616121 0.018835 0.289051

MOTIF 39-CTGGGAA STREME-39
letter-probability matrix: alength= 4 w= 7 nsites= 916 E= 8.1e-001
 0.018736 0.935809 0.026718 0.018736
 0.018736 0.026718 0.026718 0.927827
 0.018736 0.026718 0.935809 0.018736
 0.018736 0.026718 0.935809 0.018736
 0.018736 0.026718 0.935809 0.018736
 0.927827 0.026718 0.026718 0.018736
 0.927827 0.026718 0.026718 0.018736

MOTIF 40-TCTCGCGAGANTT STREME-40
letter-probability matrix: alength= 4 w= 13 nsites= 64 E= 8.9e-001
 0.000520 0.035741 0.000742 0.962997
 0.123017 0.823222 0.000742 0.053019
 0.018020 0.000742 0.018242 0.962997
 0.000520 0.998217 0.000742 0.000520
 0.000520 0.000742 0.998217 0.000520
 0.000520 0.998217 0.000742 0.000520
 0.000520 0.000742 0.998217 0.000520
 0.962997 0.000742 0.018242 0.018020
 0.000520 0.123239 0.683225 0.193016
 0.805500 0.088240 0.105739 0.000520
 0.175516 0.350733 0.175738 0.298013
 0.000520 0.245736 0.000742 0.753002
 0.140517 0.088240 0.123239 0.648004

MOTIF 41-ACCGCTAGACCAA STREME-41
letter-probability matrix: alength= 4 w= 13 nsites= 36 E= 8.9e-001
 0.996070 0.001455 0.001455 0.001020
 0.001020 0.962193 0.001455 0.035332
 0.001020 0.790632 0.070079 0.138268
 0.172581 0.104391 0.722008 0.001020
 0.001020 0.996505 0.001455 0.001020
 0.001020 0.035767 0.001455 0.961758
 0.996070 0.001455 0.001455 0.001020
 0.069644 0.001455 0.893568 0.035332
 0.961758 0.001455 0.035767 0.001020
 0.001020 0.962193 0.001455 0.035332
 0.001020 0.996505 0.001455 0.001020
 0.996070 0.001455 0.001455 0.001020
 0.755886 0.241639 0.001455 0.001020

MOTIF 42-GCAGCAGCAGCRGC STREME-42
letter-probability matrix: alength= 4 w= 14 nsites= 132 E= 8.9e-001
 0.008844 0.203907 0.786994 0.000255
 0.000255 0.956184 0.026129 0.017432
 0.999016 0.000364 0.000364 0.000255
 0.068961 0.000364 0.913243 0.017432
 0.017432 0.939008 0.017541 0.026020
 0.980185 0.000364 0.000364 0.019086
 0.000255 0.029693 0.969796 0.000255
 0.043196 0.810185 0.034717 0.111902
 0.758662 0.026129 0.103307 0.111902
 0.163431 0.008952 0.827361 0.000255
 0.000255 0.999125 0.000364 0.000255
 0.535253 0.000364 0.455539 0.008844
 0.060373 0.026129 0.913243 0.000255
 0.000255 0.798032 0.163540 0.038173

MOTIF 43-CAGGCTGGAGTGCA STREME-43
letter-probability matrix: alength= 4 w= 14 nsites= 52 E= 8.9e-001
 0.023640 0.905833 0.069845 0.000683
 0.997371 0.000973 0.000973 0.000683
 0.023640 0.115759 0.836961 0.023640
 0.023640 0.023931 0.951747 0.000683
 0.023640 0.859918 0.046888 0.069554
 0.023640 0.046888 0.000973 0.928499
 0.069554 0.000973 0.882875 0.046597
 0.023640 0.023931 0.882875 0.069554
 0.974413 0.023931 0.000973 0.000683
 0.092511 0.000973 0.859918 0.046597
 0.000683 0.000973 0.010502 0.987842
 0.023640 0.000973 0.974704 0.000683
 0.000683 0.974704 0.023931 0.000683
 0.928499 0.046888 0.023931 0.000683

MOTIF 44-CACACACACACACAC STREME-44
letter-probability matrix: alength= 4 w= 15 nsites= 95 E= 1.1e+000
 0.000403 0.899968 0.017828 0.081801
 0.998446 0.000575 0.000575 0.000403
 0.013970 0.876522 0.000575 0.108933
 0.957747 0.000575 0.041274 0.000403
 0.000403 0.957919 0.000575 0.041102
 0.941366 0.000575 0.014141 0.043917
 0.000403 0.971706 0.019297 0.008594
 0.876350 0.027708 0.095539 0.000403
 0.081801 0.917220 0.000575 0.000403
 0.903482 0.014141 0.081973 0.000403
 0.013970 0.876522 0.027708 0.081801
 0.971314 0.000575 0.000575 0.027536
 0.027536 0.971485 0.000575 0.000403
 0.822085 0.041274 0.122672 0.013970
 0.000403 0.998618 0.000575 0.000403

MOTIF 45-TGABVTCA STREME-45
letter-probability matrix: alength= 4 w= 8 nsites= 620 E= 1.3e+000
 0.000437 0.293462 0.000624 0.705477
 0.000437 0.000624 0.998502 0.000437
 0.998315 0.000624 0.000624 0.000437
 0.000437 0.368490 0.323591 0.307482
 0.307482 0.323591 0.368490 0.000437
 0.000437 0.000624 0.000624 0.998315
 0.000437 0.998502 0.000624 0.000437
 0.705477 0.000624 0.293462 0.000437

MOTIF 46-GGGAGGA STREME-46
letter-probability matrix: alength= 4 w= 7 nsites= 1431 E= 1.4e+000
 0.018736 0.026718 0.935809 0.018736
 0.018736 0.026718 0.935809 0.018736
 0.018736 0.026718 0.935809 0.018736
 0.927827 0.026718 0.026718 0.018736
 0.018736 0.026718 0.935809 0.018736
 0.018736 0.026718 0.935809 0.018736
 0.927827 0.026718 0.026718 0.018736

MOTIF 47-ACCGGAAG STREME-47
letter-probability matrix: alength= 4 w= 8 nsites= 146 E= 1.5e+000
 0.927827 0.026718 0.026718 0.018736
 0.018736 0.935809 0.026718 0.018736
 0.018736 0.935809 0.026718 0.018736
 0.018736 0.026718 0.935809 0.018736
 0.018736 0.026718 0.935809 0.018736
 0.927827 0.026718 0.026718 0.018736
 0.927827 0.026718 0.026718 0.018736
 0.018736 0.026718 0.935809 0.018736

MOTIF 48-GTGACGTCAC STREME-48
letter-probability matrix: alength= 4 w= 10 nsites= 112 E= 1.8e+000
 0.198384 0.125732 0.651135 0.024749
 0.000453 0.000645 0.000645 0.998257
 0.000453 0.000645 0.998450 0.000453
 0.998257 0.000645 0.000645 0.000453
 0.000453 0.998450 0.000645 0.000453
 0.000453 0.000645 0.998450 0.000453
 0.000453 0.000645 0.000645 0.998257
 0.000453 0.998450 0.000645 0.000453
 0.998257 0.000645 0.000645 0.000453
 0.024749 0.651135 0.125732 0.198384

MOTIF 49-GAGAGAGAGAGAGA STREME-49
letter-probability matrix: alength= 4 w= 14 nsites= 49 E= 1.8e+000
 0.000765 0.052543 0.945927 0.000765
 0.997053 0.001091 0.001091 0.000765
 0.088621 0.001091 0.858070 0.052218
 0.997053 0.001091 0.001091 0.000765
 0.052218 0.001091 0.945927 0.000765
 0.791243 0.052543 0.052543 0.103670
 0.000765 0.001091 0.997379 0.000765
 0.997053 0.001091 0.001091 0.000765
 0.129396 0.088947 0.780892 0.000765
 0.905484 0.066934 0.026817 0.000765
 0.000765 0.001091 0.997379 0.000765
 0.997053 0.001091 0.001091 0.000765
 0.000765 0.052543 0.945927 0.000765
 0.997053 0.001091 0.001091 0.000765

MOTIF 50-AGGTCA STREME-50
letter-probability matrix: alength= 4 w= 6 nsites= 1235 E= 1.9e+000
 0.927827 0.026718 0.026718 0.018736
 0.018736 0.026718 0.935809 0.018736
 0.018736 0.026718 0.935809 0.018736
 0.018736 0.026718 0.026718 0.927827
 0.018736 0.935809 0.026718 0.018736
 0.927827 0.026718 0.026718 0.018736

MOTIF 51-ACCCGGAAGC STREME-51
letter-probability matrix: alength= 4 w= 10 nsites= 104 E= 2.2e+000
 0.997704 0.000850 0.000850 0.000596
 0.000596 0.933964 0.000850 0.064590
 0.000596 0.951268 0.034485 0.013650
 0.000596 0.997958 0.000850 0.000596
 0.000596 0.030131 0.968677 0.000596
 0.020640 0.005364 0.973400 0.000596
 0.954769 0.000850 0.000850 0.043531
 0.949297 0.000850 0.000850 0.049003
 0.114408 0.094210 0.770742 0.020640
 0.000596 0.901143 0.000850 0.097411

MOTIF 52-CTCGGCCTC STREME-52
letter-probability matrix: alength= 4 w= 9 nsites= 970 E= 2.5e+000
 0.031953 0.929709 0.029463 0.008876
 0.003024 0.026899 0.006603 0.963473
 0.026455 0.888182 0.042551 0.042811
 0.030569 0.060727 0.828326 0.080377
 0.054959 0.015000 0.893395 0.036647
 0.029399 0.943973 0.004221 0.022408
 0.021136 0.845343 0.068932 0.064590
 0.044007 0.069782 0.022412 0.863799
 0.033274 0.870074 0.072252 0.024400

MOTIF 53-CTGCAGCCACG STREME-53
letter-probability matrix: alength= 4 w= 11 nsites= 999 E= 2.6e+000
 0.058034 0.878289 0.038985 0.024692
 0.032606 0.098935 0.120649 0.747811
 0.078745 0.042585 0.837317 0.041352
 0.035506 0.871376 0.020690 0.072428
 0.868234 0.043608 0.078418 0.009740
 0.057446 0.014926 0.901982 0.025646
 0.027926 0.918422 0.006157 0.047495
 0.044671 0.714115 0.206202 0.035013
 0.676975 0.084327 0.111652 0.127046
 0.036055 0.792971 0.067865 0.103109
 0.146908 0.072323 0.681879 0.098890

MOTIF 54-AGCCTCAGCAATGGC STREME-54
letter-probability matrix: alength= 4 w= 15 nsites= 53 E= 7.1e+000
 0.997669 0.000863 0.000863 0.000605
 0.000605 0.061908 0.936882 0.000605
 0.020953 0.957231 0.021211 0.000605
 0.020953 0.957231 0.000863 0.020953
 0.000605 0.021211 0.000863 0.977321
 0.000605 0.916534 0.082256 0.000605
 0.855232 0.021211 0.102604 0.020953
 0.000605 0.021211 0.957231 0.020953
 0.000605 0.896186 0.041559 0.061650
 0.916276 0.082256 0.000863 0.000605
 0.956973 0.021211 0.000863 0.020953
 0.000605 0.000863 0.000863 0.997669
 0.000605 0.000863 0.997927 0.000605
 0.041302 0.021211 0.916534 0.020953
 0.000605 0.794445 0.021211 0.183739

MOTIF 55-CCAGGGTCACAG STREME-55
letter-probability matrix: alength= 4 w= 12 nsites= 216 E= 1.6e+001
 0.005131 0.953912 0.010176 0.030781
 0.080330 0.833389 0.066203 0.020078
 0.693041 0.162715 0.070428 0.073816
 0.000148 0.005194 0.882830 0.111828
 0.015095 0.025123 0.952583 0.007198
 0.067947 0.000211 0.897200 0.034642
 0.000148 0.000211 0.000211 0.999429
 0.015095 0.841743 0.056864 0.086298
 0.713371 0.106454 0.149300 0.030875
 0.102327 0.815063 0.062532 0.020078
 0.652847 0.195362 0.000211 0.151579
 0.088984 0.140092 0.719105 0.051819

MOTIF 56-GTTAAATA STREME-56
letter-probability matrix: alength= 4 w= 8 nsites= 210 E= 2.1e+001
 0.100093 0.010745 0.762078 0.127084
 0.000488 0.081723 0.017105 0.900684
 0.007092 0.049510 0.000696 0.942703
 0.913047 0.027741 0.047152 0.012060
 0.925903 0.008821 0.017105 0.048171
 0.879278 0.006335 0.023157 0.091230
 0.000488 0.000696 0.000696 0.998121
 0.920555 0.078262 0.000696 0.000488

********************************************************************************
Stopped because 3 consecutive motifs exceeded the p-value threshold (0.05).
********************************************************************************
COMMAND:	streme --verbosity 1 --oc meme_out_incomplete_DL/HepG2_CBX5-human_ENCFF574QKP/streme_out -dna --seed 0 --p meme_out_incomplete_DL/HepG2_CBX5-human_ENCFF574QKP/seqs-centered --minw 6 --maxw 15 --time 6186 --order 2 --thresh 0.05 --align center --totallength 4000000 --parse-genomic-coord
********************************************************************************
CPU:		9f05ee173ae9
********************************************************************************
FINALTIME:	1374.00 seconds
********************************************************************************
