********************************************************************************
STREME - Sensitive, Thorough, Rapid, Enriched Motif Elicitation
********************************************************************************
MEME version 5.5.3 (Release date: Sat Jun 10 16:19:38 2023 -0700)

For further information on how to interpret these results please access http://localhost:8080/meme_5.5.3.
To get a copy of the MEME Suite software please access https://meme-suite.org.

********************************************************************************


********************************************************************************
REFERENCE
********************************************************************************
If you use this program in your research, please cite:

Timothy L. Bailey,
"STREME: accurate and versatile sequence motif discovery",
Bioinformatics, Mar. 24, 2021.
********************************************************************************


ALPHABET= ACGT

strands: + -

Background letter frequencies
A 0.244 C 0.256 G 0.256 T 0.244 

MOTIF 1-WWTRTTTRCTY STREME-1
letter-probability matrix: alength= 4 w= 11 nsites= 4381 E= 1.6e-045
 0.436820 0.168737 0.135486 0.258957
 0.424475 0.147177 0.168846 0.259503
 0.000011 0.008237 0.000012 0.991740
 0.489936 0.000012 0.510041 0.000011
 0.000011 0.000012 0.000012 0.999966
 0.000011 0.000012 0.000012 0.999966
 0.000324 0.000012 0.146755 0.852909
 0.658010 0.000012 0.341967 0.000011
 0.005390 0.695050 0.000012 0.299548
 0.269154 0.161299 0.001394 0.568154
 0.134289 0.235833 0.170645 0.459233

MOTIF 2-CAAAGKYCAN STREME-2
letter-probability matrix: alength= 4 w= 10 nsites= 3963 E= 2.5e-042
 0.000021 0.947658 0.000022 0.052299
 0.799356 0.142918 0.037009 0.020717
 0.860247 0.000022 0.120335 0.019396
 0.962446 0.001779 0.035754 0.000021
 0.000021 0.000022 0.999936 0.000021
 0.029132 0.000022 0.386917 0.583929
 0.021917 0.405307 0.080115 0.492661
 0.000021 0.970723 0.001218 0.028038
 0.885910 0.004348 0.033513 0.076228
 0.223730 0.266039 0.336415 0.173816

MOTIF 3-RTTGCAYAAY STREME-3
letter-probability matrix: alength= 4 w= 10 nsites= 2721 E= 1.6e-017
 0.462892 0.112035 0.425044 0.000029
 0.000029 0.000030 0.000030 0.999910
 0.000029 0.000030 0.000030 0.999910
 0.180675 0.000030 0.549102 0.270193
 0.000029 0.999912 0.000030 0.000029
 0.579304 0.090648 0.110117 0.219932
 0.133444 0.508107 0.000030 0.358419
 0.754080 0.245039 0.000852 0.000029
 0.999910 0.000030 0.000030 0.000029
 0.000029 0.357813 0.150728 0.491431

MOTIF 4-RTGASTCAY STREME-4
letter-probability matrix: alength= 4 w= 9 nsites= 1497 E= 1.9e-013
 0.385820 0.140313 0.473802 0.000065
 0.000065 0.001107 0.000068 0.998761
 0.000065 0.000068 0.991620 0.008248
 0.911378 0.000068 0.088490 0.000065
 0.007223 0.492777 0.492777 0.007223
 0.000065 0.088490 0.000068 0.911378
 0.008248 0.991620 0.000068 0.000065
 0.998761 0.000068 0.001107 0.000065
 0.000065 0.473802 0.140313 0.385820

MOTIF 5-CTGTAATCCCAGCWM STREME-5
letter-probability matrix: alength= 4 w= 15 nsites= 535 E= 2.2e-013
 0.013861 0.930013 0.014682 0.041444
 0.007950 0.015834 0.009924 0.966292
 0.074938 0.019775 0.895367 0.009921
 0.007950 0.019775 0.019775 0.952500
 0.960381 0.015834 0.015834 0.007950
 0.759419 0.009924 0.224677 0.005980
 0.019772 0.023715 0.005983 0.950530
 0.019772 0.928861 0.011894 0.039474
 0.011891 0.938712 0.011894 0.037503
 0.011891 0.895367 0.002043 0.090699
 0.964321 0.005983 0.011894 0.017801
 0.051295 0.009924 0.922132 0.016649
 0.023712 0.924920 0.025685 0.025682
 0.576189 0.019775 0.019775 0.384261
 0.488682 0.449281 0.029626 0.032411

MOTIF 6-CTCAAGYGATCCTCC STREME-6
letter-probability matrix: alength= 4 w= 15 nsites= 401 E= 3.5e-012
 0.010455 0.797636 0.007868 0.184041
 0.002682 0.033777 0.000096 0.963446
 0.005273 0.957193 0.005277 0.032257
 0.976400 0.013050 0.005277 0.005273
 0.775829 0.002686 0.218802 0.002682
 0.070044 0.007868 0.885725 0.036363
 0.028591 0.430176 0.013050 0.528184
 0.238449 0.023413 0.730274 0.007864
 0.984172 0.000096 0.015641 0.000091
 0.010455 0.038958 0.005277 0.945310
 0.000091 0.822469 0.005277 0.172162
 0.010455 0.849453 0.005277 0.134815
 0.168496 0.021898 0.158137 0.651469
 0.005273 0.915739 0.007868 0.071119
 0.000091 0.902785 0.018231 0.078892

MOTIF 7-AGACCCTGTCTCWA STREME-7
letter-probability matrix: alength= 4 w= 14 nsites= 373 E= 6.9e-012
 0.959810 0.016955 0.003490 0.019744
 0.194277 0.000124 0.788649 0.016950
 0.971306 0.000124 0.014986 0.013584
 0.023682 0.898651 0.013589 0.064077
 0.006851 0.692997 0.003490 0.296661
 0.013584 0.836662 0.010223 0.139532
 0.013584 0.220327 0.010223 0.755867
 0.131402 0.003490 0.864989 0.000119
 0.016950 0.020322 0.003490 0.959238
 0.010217 0.939046 0.003490 0.047246
 0.000119 0.006857 0.000124 0.992901
 0.043880 0.935680 0.006857 0.013584
 0.555289 0.043885 0.016955 0.383870
 0.915477 0.013589 0.030420 0.040514

MOTIF 8-AGGCTGGAGTGCAGT STREME-8
letter-probability matrix: alength= 4 w= 15 nsites= 405 E= 2.8e-011
 0.950943 0.008227 0.027190 0.013640
 0.035312 0.000100 0.950948 0.013640
 0.046148 0.005518 0.940112 0.008222
 0.013640 0.948239 0.010936 0.027185
 0.008222 0.016354 0.002809 0.972615
 0.073238 0.000100 0.926567 0.000095
 0.048857 0.019063 0.918440 0.013640
 0.980742 0.005518 0.002809 0.010931
 0.224940 0.010936 0.761320 0.002804
 0.010931 0.013645 0.013645 0.961779
 0.089491 0.013645 0.888641 0.008222
 0.010931 0.961784 0.000100 0.027185
 0.972615 0.000100 0.019063 0.008222
 0.111163 0.002809 0.885932 0.000095
 0.008222 0.002809 0.005518 0.983451

MOTIF 9-CCTCAGCCTCCYRAG STREME-9
letter-probability matrix: alength= 4 w= 15 nsites= 408 E= 4.1e-007
 0.002937 0.925944 0.011451 0.059668
 0.011446 0.923108 0.022797 0.042649
 0.005773 0.002941 0.000105 0.991181
 0.005773 0.940127 0.002941 0.051158
 0.928776 0.036980 0.019961 0.014283
 0.047409 0.008614 0.943877 0.000100
 0.002937 0.948637 0.005778 0.042649
 0.017119 0.883396 0.002941 0.096544
 0.011446 0.017124 0.002941 0.968488
 0.002937 0.897578 0.028470 0.071015
 0.011446 0.917435 0.011451 0.059668
 0.017119 0.596637 0.056836 0.329408
 0.427614 0.025634 0.529632 0.017119
 0.903247 0.014288 0.082366 0.000100
 0.286595 0.022797 0.684835 0.005773

MOTIF 10-AGKTCAAGG STREME-10
letter-probability matrix: alength= 4 w= 9 nsites= 1939 E= 4.3e-007
 0.825518 0.000071 0.162177 0.012235
 0.000068 0.000071 0.999794 0.000068
 0.179770 0.000071 0.498326 0.321833
 0.000068 0.173174 0.000071 0.826687
 0.000068 0.999794 0.000071 0.000068
 0.903439 0.000071 0.096422 0.000068
 0.942340 0.010104 0.047488 0.000068
 0.320861 0.000071 0.679001 0.000068
 0.000068 0.000071 0.999794 0.000068

MOTIF 11-ATCWYRGCTCACTGC STREME-11
letter-probability matrix: alength= 4 w= 15 nsites= 292 E= 4.4e-007
 0.984144 0.000142 0.015578 0.000136
 0.007854 0.007860 0.000142 0.984144
 0.007854 0.968715 0.007860 0.015571
 0.467057 0.007860 0.015578 0.509505
 0.007854 0.575112 0.011719 0.405316
 0.517222 0.027154 0.428475 0.027148
 0.038725 0.007860 0.949421 0.003995
 0.007854 0.930126 0.007860 0.054160
 0.000136 0.011719 0.000142 0.988003
 0.000136 0.933985 0.000142 0.065737
 0.984144 0.000142 0.015578 0.000136
 0.000136 0.918550 0.031013 0.050301
 0.015571 0.034872 0.007860 0.941696
 0.046442 0.000142 0.953279 0.000136
 0.023289 0.845231 0.000142 0.131337

MOTIF 12-CAAGGTCAS STREME-12
letter-probability matrix: alength= 4 w= 9 nsites= 1128 E= 5.1e-007
 0.000118 0.903711 0.096053 0.000118
 0.848631 0.000124 0.151128 0.000118
 0.919131 0.022935 0.057816 0.000118
 0.000118 0.026600 0.973163 0.000118
 0.000118 0.000124 0.999640 0.000118
 0.036452 0.260842 0.000124 0.702582
 0.000118 0.999640 0.000124 0.000118
 0.775677 0.000124 0.224081 0.000118
 0.000118 0.524913 0.269183 0.205786

MOTIF 13-TGTAAACA STREME-13
letter-probability matrix: alength= 4 w= 8 nsites= 1342 E= 2.5e-006
 0.032399 0.034580 0.144679 0.788342
 0.009294 0.000790 0.949288 0.040628
 0.000124 0.154770 0.000130 0.844977
 0.828955 0.168516 0.000130 0.002400
 0.852179 0.132211 0.001995 0.013615
 0.991439 0.001224 0.001467 0.005870
 0.000124 0.970920 0.014373 0.014583
 0.973903 0.004280 0.004273 0.017545

MOTIF 14-RGDACAAAG STREME-14
letter-probability matrix: alength= 4 w= 9 nsites= 1277 E= 2.4e-004
 0.605634 0.000158 0.317259 0.076949
 0.000151 0.090160 0.909539 0.000151
 0.365218 0.000158 0.358857 0.275768
 0.713175 0.000158 0.286517 0.000151
 0.000151 0.999541 0.000158 0.000151
 0.999534 0.000158 0.000158 0.000151
 0.999534 0.000158 0.000158 0.000151
 0.999534 0.000158 0.000158 0.000151
 0.000151 0.058626 0.941073 0.000151

MOTIF 15-CCCCACCCCCACCC STREME-15
letter-probability matrix: alength= 4 w= 14 nsites= 1679 E= 4.6e-004
 0.043188 0.875674 0.038611 0.042528
 0.023762 0.857896 0.051942 0.066400
 0.020580 0.924734 0.023628 0.031058
 0.017067 0.923668 0.025025 0.034241
 0.621487 0.005133 0.179162 0.194218
 0.025819 0.874608 0.066593 0.032980
 0.038414 0.863736 0.059916 0.037934
 0.048427 0.857805 0.036494 0.057274
 0.068183 0.851084 0.025550 0.055183
 0.059472 0.840557 0.057909 0.042062
 0.531867 0.130721 0.168293 0.169118
 0.097107 0.624684 0.184435 0.093775
 0.062167 0.776977 0.090598 0.070258
 0.086832 0.740439 0.072756 0.099974

MOTIF 16-RCCACCATGCC STREME-16
letter-probability matrix: alength= 4 w= 11 nsites= 240 E= 1.2e-003
 0.486926 0.000244 0.478690 0.034141
 0.000233 0.920116 0.020074 0.059577
 0.027289 0.945793 0.000244 0.026674
 0.999279 0.000244 0.000244 0.000233
 0.006843 0.933188 0.000244 0.059725
 0.000233 0.925305 0.039905 0.034557
 0.948991 0.000244 0.050532 0.000233
 0.006843 0.323894 0.000244 0.669019
 0.089846 0.014080 0.895841 0.000233
 0.000233 0.907829 0.020377 0.071561
 0.000233 0.953019 0.000244 0.046504

MOTIF 17-WGGAATGTG STREME-17
letter-probability matrix: alength= 4 w= 9 nsites= 935 E= 3.4e-003
 0.413107 0.106043 0.018590 0.462260
 0.070126 0.000205 0.929473 0.000196
 0.000196 0.000205 0.999403 0.000196
 0.878618 0.000205 0.000205 0.120972
 0.999394 0.000205 0.000205 0.000196
 0.000196 0.016083 0.000205 0.983516
 0.000196 0.000205 0.736878 0.262721
 0.000196 0.100367 0.000205 0.899232
 0.036904 0.079832 0.781467 0.101797

MOTIF 18-AAAAAAAAAAAAAA STREME-18
letter-probability matrix: alength= 4 w= 14 nsites= 340 E= 3.5e-003
 0.754310 0.000153 0.000153 0.245385
 0.999549 0.000153 0.000153 0.000146
 0.999549 0.000153 0.000153 0.000146
 0.898699 0.000153 0.101002 0.000146
 0.814789 0.136782 0.048284 0.000146
 0.999549 0.000153 0.000153 0.000146
 0.696088 0.000153 0.061849 0.241910
 0.999549 0.000153 0.000153 0.000146
 0.717669 0.282033 0.000153 0.000146
 0.891109 0.108593 0.000153 0.000146
 0.971779 0.027923 0.000153 0.000146
 0.849130 0.026410 0.124315 0.000146
 0.999549 0.000153 0.000153 0.000146
 0.999549 0.000153 0.000153 0.000146

MOTIF 19-CCCTGCCC STREME-19
letter-probability matrix: alength= 4 w= 8 nsites= 1556 E= 4.8e-003
 0.000390 0.998810 0.000409 0.000390
 0.000390 0.998810 0.000409 0.000390
 0.000390 0.998810 0.000409 0.000390
 0.000390 0.116242 0.132120 0.751247
 0.000390 0.000409 0.682689 0.316512
 0.000390 0.998810 0.000409 0.000390
 0.000390 0.998810 0.000409 0.000390
 0.000390 0.998810 0.000409 0.000390

MOTIF 20-YRCTCTGTCRCC STREME-20
letter-probability matrix: alength= 4 w= 12 nsites= 240 E= 6.5e-003
 0.000179 0.563093 0.021655 0.415072
 0.501154 0.000188 0.498478 0.000179
 0.041870 0.884408 0.000188 0.073534
 0.000179 0.000188 0.015454 0.984179
 0.000179 0.876849 0.000188 0.122784
 0.000179 0.000188 0.000188 0.999445
 0.020534 0.000188 0.979098 0.000179
 0.000179 0.000188 0.000188 0.999445
 0.000179 0.756467 0.000188 0.243166
 0.608019 0.000188 0.391614 0.000179
 0.000179 0.915921 0.000188 0.083712
 0.000179 0.999454 0.000188 0.000179

MOTIF 21-RAACAAACA STREME-21
letter-probability matrix: alength= 4 w= 9 nsites= 565 E= 6.7e-003
 0.664956 0.000232 0.334589 0.000222
 0.814582 0.000232 0.184963 0.000222
 0.748267 0.000232 0.251279 0.000222
 0.000222 0.999324 0.000232 0.000222
 0.968757 0.030789 0.000232 0.000222
 0.999313 0.000232 0.000232 0.000222
 0.999313 0.000232 0.000232 0.000222
 0.000222 0.878844 0.000232 0.120702
 0.837771 0.070570 0.050648 0.041012

MOTIF 22-ACTTCAAAGS STREME-22
letter-probability matrix: alength= 4 w= 10 nsites= 361 E= 1.2e-002
 0.746756 0.000284 0.036469 0.216492
 0.000271 0.999174 0.000284 0.000271
 0.309850 0.000284 0.000284 0.689582
 0.000271 0.042741 0.000284 0.956704
 0.050599 0.948846 0.000284 0.000271
 0.999161 0.000284 0.000284 0.000271
 0.999161 0.000284 0.000284 0.000271
 0.999161 0.000284 0.000284 0.000271
 0.000271 0.000284 0.999174 0.000271
 0.053894 0.571135 0.351064 0.023907

MOTIF 23-CACGTG STREME-23
letter-probability matrix: alength= 4 w= 6 nsites= 683 E= 1.7e-002
 0.022209 0.932336 0.023245 0.022209
 0.931300 0.023245 0.023245 0.022209
 0.022209 0.932336 0.023245 0.022209
 0.022209 0.023245 0.932336 0.022209
 0.022209 0.023245 0.023245 0.931300
 0.022209 0.023245 0.932336 0.022209

MOTIF 24-CTTCCTGCC STREME-24
letter-probability matrix: alength= 4 w= 9 nsites= 3096 E= 2.3e-002
 0.004306 0.932901 0.002580 0.060213
 0.000099 0.015811 0.039143 0.944947
 0.047737 0.079928 0.108686 0.763649
 0.000856 0.993947 0.000104 0.005093
 0.001099 0.905453 0.089378 0.004071
 0.013067 0.100283 0.070694 0.815956
 0.064047 0.247738 0.502455 0.185760
 0.030308 0.756387 0.109805 0.103500
 0.010874 0.837475 0.013870 0.137781

MOTIF 25-AACCTCYRCCTCC STREME-25
letter-probability matrix: alength= 4 w= 13 nsites= 112 E= 2.9e-002
 0.921373 0.036600 0.000445 0.041583
 0.938426 0.060704 0.000445 0.000425
 0.000425 0.878187 0.084808 0.036581
 0.048632 0.878187 0.000445 0.072736
 0.012477 0.000445 0.000445 0.986634
 0.000425 0.890239 0.024548 0.084788
 0.036581 0.583939 0.000445 0.379036
 0.354932 0.012497 0.632146 0.000425
 0.048632 0.902291 0.000445 0.048632
 0.000425 0.873185 0.000445 0.125946
 0.000425 0.024548 0.000445 0.974582
 0.000425 0.950498 0.000445 0.048632
 0.012477 0.962550 0.000445 0.024529

MOTIF 26-AGGCTGGTCTYGAA STREME-26
letter-probability matrix: alength= 4 w= 14 nsites= 180 E= 5.4e-002
 0.945826 0.006167 0.024008 0.023999
 0.018051 0.012114 0.939889 0.029946
 0.029946 0.006167 0.933941 0.029946
 0.136997 0.826890 0.012114 0.023999
 0.000210 0.012114 0.000219 0.987457
 0.059682 0.012114 0.922047 0.006157
 0.053735 0.018061 0.916100 0.012104
 0.000210 0.000219 0.000219 0.999352
 0.000210 0.963678 0.000219 0.035893
 0.006157 0.012114 0.000219 0.981510
 0.035893 0.600894 0.035903 0.327310
 0.255942 0.041850 0.678209 0.023999
 0.969615 0.000219 0.024008 0.006157
 0.856617 0.006167 0.029956 0.107261

MOTIF 27-CTTATCA STREME-27
letter-probability matrix: alength= 4 w= 7 nsites= 433 E= 6.1e-002
 0.001245 0.996208 0.001303 0.001245
 0.001245 0.001303 0.001303 0.996150
 0.001245 0.001303 0.001303 0.996150
 0.996150 0.001303 0.001303 0.001245
 0.001245 0.001303 0.001303 0.996150
 0.001245 0.996208 0.001303 0.001245
 0.788472 0.001303 0.208980 0.001245

MOTIF 28-AAWNATTAACY STREME-28
letter-probability matrix: alength= 4 w= 11 nsites= 538 E= 6.1e-002
 0.885441 0.000099 0.059634 0.054826
 0.872030 0.127775 0.000099 0.000095
 0.407448 0.008189 0.000099 0.584263
 0.267873 0.232347 0.251351 0.248429
 0.999706 0.000099 0.000099 0.000095
 0.000095 0.000099 0.000099 0.999706
 0.000095 0.045950 0.000099 0.953855
 0.999706 0.000099 0.000099 0.000095
 0.680597 0.000099 0.319208 0.000095
 0.029756 0.898476 0.000099 0.071668
 0.178954 0.450642 0.005492 0.364912

MOTIF 29-AGATAAGG STREME-29
letter-probability matrix: alength= 4 w= 8 nsites= 1152 E= 6.5e-002
 0.999299 0.000237 0.000237 0.000227
 0.000227 0.000237 0.999310 0.000227
 0.999299 0.000237 0.000237 0.000227
 0.000227 0.000237 0.000237 0.999299
 0.999299 0.000237 0.000237 0.000227
 0.999299 0.000237 0.000237 0.000227
 0.128353 0.046362 0.825058 0.000227
 0.173210 0.177684 0.648879 0.000227

MOTIF 30-WGAGTCAACASAKS STREME-30
letter-probability matrix: alength= 4 w= 14 nsites= 121 E= 1.0e-001
 0.342722 0.000351 0.028883 0.628044
 0.200061 0.162033 0.637571 0.000335
 0.998963 0.000351 0.000351 0.000335
 0.057400 0.000351 0.884850 0.057400
 0.000335 0.000351 0.000351 0.998963
 0.000335 0.932404 0.066926 0.000335
 0.998963 0.000351 0.000351 0.000335
 0.998963 0.000351 0.000351 0.000335
 0.000335 0.941914 0.000351 0.057400
 0.979942 0.000351 0.000351 0.019357
 0.190550 0.485399 0.323716 0.000335
 0.666087 0.162033 0.000351 0.171529
 0.142996 0.114480 0.447356 0.295168
 0.181039 0.475888 0.238119 0.104953

MOTIF 31-CCCGTCTCTAC STREME-31
letter-probability matrix: alength= 4 w= 11 nsites= 71 E= 1.1e-001
 0.031588 0.905209 0.000573 0.062630
 0.016068 0.982813 0.000573 0.000547
 0.050099 0.731491 0.016093 0.202316
 0.186796 0.000573 0.796564 0.016068
 0.016068 0.000573 0.000573 0.982787
 0.000547 0.982813 0.000573 0.016068
 0.000547 0.000573 0.016093 0.982787
 0.000547 0.998333 0.000573 0.000547
 0.000547 0.016093 0.016093 0.967266
 0.965821 0.002018 0.016093 0.016068
 0.000547 0.982813 0.000573 0.016068

MOTIF 32-GAAAACA STREME-32
letter-probability matrix: alength= 4 w= 7 nsites= 908 E= 1.8e-001
 0.022209 0.023245 0.932336 0.022209
 0.931300 0.023245 0.023245 0.022209
 0.931300 0.023245 0.023245 0.022209
 0.931300 0.023245 0.023245 0.022209
 0.931300 0.023245 0.023245 0.022209
 0.022209 0.932336 0.023245 0.022209
 0.931300 0.023245 0.023245 0.022209

MOTIF 33-GGACTTTGGAC STREME-33
letter-probability matrix: alength= 4 w= 11 nsites= 310 E= 2.8e-001
 0.097695 0.019630 0.830153 0.052522
 0.030538 0.042841 0.834776 0.091845
 0.984609 0.007938 0.001311 0.006141
 0.035330 0.907712 0.042343 0.014614
 0.019451 0.177595 0.023528 0.779427
 0.061818 0.070675 0.038005 0.829503
 0.039893 0.028176 0.039191 0.892740
 0.111070 0.052339 0.763239 0.073352
 0.149017 0.038944 0.793944 0.018095
 0.747934 0.104868 0.046739 0.100460
 0.032934 0.875670 0.004041 0.087355

MOTIF 34-MCAGGAAGT STREME-34
letter-probability matrix: alength= 4 w= 9 nsites= 755 E= 3.0e-001
 0.575664 0.324862 0.000302 0.099173
 0.000289 0.987162 0.012261 0.000289
 0.772339 0.227071 0.000302 0.000289
 0.000289 0.000302 0.999121 0.000289
 0.000289 0.000302 0.999121 0.000289
 0.999107 0.000302 0.000302 0.000289
 0.890567 0.000302 0.000302 0.108829
 0.196351 0.000302 0.803059 0.000289
 0.000289 0.228344 0.000302 0.771065

MOTIF 35-RATCAATA STREME-35
letter-probability matrix: alength= 4 w= 8 nsites= 232 E= 3.1e-001
 0.594619 0.079925 0.324963 0.000493
 0.998475 0.000516 0.000516 0.000493
 0.000493 0.000516 0.000516 0.998475
 0.000493 0.998498 0.000516 0.000493
 0.734127 0.000516 0.264864 0.000493
 0.998475 0.000516 0.000516 0.000493
 0.000493 0.000516 0.000516 0.998475
 0.998475 0.000516 0.000516 0.000493

MOTIF 36-AGGGCAGAGWSCA STREME-36
letter-probability matrix: alength= 4 w= 13 nsites= 630 E= 3.6e-001
 0.726402 0.049393 0.213627 0.010577
 0.003950 0.002012 0.986207 0.007831
 0.117832 0.045182 0.614099 0.222886
 0.071213 0.140939 0.529814 0.258034
 0.000068 0.979580 0.000072 0.020280
 0.854094 0.027716 0.118121 0.000068
 0.000068 0.104761 0.858230 0.036941
 0.885145 0.110834 0.000072 0.003950
 0.007831 0.000072 0.986207 0.005890
 0.443200 0.108332 0.208705 0.239763
 0.120778 0.256607 0.447746 0.174869
 0.000068 0.852918 0.098759 0.048255
 0.649148 0.035228 0.207955 0.107669

MOTIF 37-GTGTGTGTGTGTGTG STREME-37
letter-probability matrix: alength= 4 w= 15 nsites= 246 E= 4.3e-001
 0.000345 0.000362 0.998948 0.000345
 0.010145 0.000362 0.000362 0.989132
 0.043027 0.000362 0.956266 0.000345
 0.000345 0.055426 0.000362 0.943867
 0.016200 0.000362 0.983093 0.000345
 0.000345 0.011739 0.000362 0.987554
 0.004316 0.000362 0.994978 0.000345
 0.000345 0.015532 0.000362 0.983761
 0.010145 0.000362 0.979348 0.010145
 0.000345 0.000362 0.010161 0.989132
 0.005245 0.000362 0.994048 0.000345
 0.000345 0.092336 0.000362 0.906957
 0.298190 0.000362 0.659870 0.041578
 0.004903 0.107191 0.000362 0.887544
 0.000345 0.000362 0.998948 0.000345

MOTIF 38-GCAAACA STREME-38
letter-probability matrix: alength= 4 w= 7 nsites= 459 E= 4.5e-001
 0.022209 0.023245 0.932336 0.022209
 0.022209 0.932336 0.023245 0.022209
 0.931300 0.023245 0.023245 0.022209
 0.931300 0.023245 0.023245 0.022209
 0.931300 0.023245 0.023245 0.022209
 0.022209 0.932336 0.023245 0.022209
 0.931300 0.023245 0.023245 0.022209

MOTIF 39-GCCTGTAATCC STREME-39
letter-probability matrix: alength= 4 w= 11 nsites= 60 E= 4.6e-001
 0.061668 0.031129 0.891382 0.015821
 0.000539 0.967794 0.000564 0.031104
 0.000539 0.983077 0.000564 0.015821
 0.000539 0.000564 0.015846 0.983051
 0.107516 0.009851 0.820965 0.061668
 0.000539 0.000564 0.000564 0.998334
 0.998334 0.000564 0.000564 0.000539
 0.965599 0.000564 0.033299 0.000539
 0.000539 0.031129 0.000564 0.967769
 0.015821 0.944250 0.031129 0.008800
 0.076951 0.799687 0.015846 0.107516

MOTIF 40-CAAATA STREME-40
letter-probability matrix: alength= 4 w= 6 nsites= 949 E= 5.2e-001
 0.022209 0.932336 0.023245 0.022209
 0.931300 0.023245 0.023245 0.022209
 0.931300 0.023245 0.023245 0.022209
 0.931300 0.023245 0.023245 0.022209
 0.022209 0.023245 0.023245 0.931300
 0.931300 0.023245 0.023245 0.022209

MOTIF 41-AAGATGAAAG STREME-41
letter-probability matrix: alength= 4 w= 10 nsites= 349 E= 5.5e-001
 0.722069 0.062277 0.176963 0.038691
 0.938712 0.000449 0.000449 0.060390
 0.000429 0.057714 0.941428 0.000429
 0.959080 0.000449 0.040042 0.000429
 0.000429 0.000449 0.084563 0.914559
 0.000429 0.000449 0.929327 0.069795
 0.993618 0.000449 0.000449 0.005483
 0.938842 0.031387 0.029273 0.000498
 0.966060 0.033061 0.000449 0.000429
 0.085119 0.033676 0.880776 0.000429

MOTIF 42-GAGAAAGAGAGAGA STREME-42
letter-probability matrix: alength= 4 w= 14 nsites= 149 E= 6.2e-001
 0.010213 0.014323 0.945521 0.029943
 0.929869 0.039824 0.020094 0.010213
 0.039808 0.000364 0.929885 0.029943
 0.821353 0.069419 0.089149 0.020078
 0.657954 0.069419 0.242684 0.029943
 0.831218 0.010229 0.108880 0.049673
 0.000348 0.004458 0.951292 0.043902
 0.974262 0.005296 0.010229 0.010213
 0.020078 0.059554 0.920020 0.000348
 0.896179 0.039824 0.039824 0.024172
 0.085845 0.071467 0.832476 0.010213
 0.890409 0.020094 0.069419 0.020078
 0.065897 0.051687 0.862337 0.020078
 0.936373 0.042453 0.017575 0.003599

MOTIF 43-AAATATTTGC STREME-43
letter-probability matrix: alength= 4 w= 10 nsites= 121 E= 6.6e-001
 0.981280 0.017503 0.000623 0.000595
 0.909621 0.082155 0.007629 0.000595
 0.964399 0.017503 0.000623 0.017475
 0.000595 0.000623 0.000623 0.998160
 0.998160 0.000623 0.000623 0.000595
 0.056862 0.003875 0.028949 0.910315
 0.005652 0.017503 0.020350 0.956496
 0.017475 0.007629 0.003875 0.971022
 0.084996 0.023116 0.788935 0.102953
 0.193224 0.539461 0.131679 0.135636

MOTIF 44-AGGAAATG STREME-44
letter-probability matrix: alength= 4 w= 8 nsites= 259 E= 1.3e+000
 0.995534 0.001511 0.001511 0.001444
 0.001444 0.052429 0.944684 0.001444
 0.001444 0.001511 0.995601 0.001444
 0.995534 0.001511 0.001511 0.001444
 0.995534 0.001511 0.001511 0.001444
 0.995534 0.001511 0.001511 0.001444
 0.001444 0.148806 0.001511 0.848239
 0.001444 0.001511 0.995601 0.001444

MOTIF 45-CAGCCTSG STREME-45
letter-probability matrix: alength= 4 w= 8 nsites= 774 E= 1.5e+000
 0.000900 0.993359 0.000942 0.004798
 0.854035 0.133332 0.011733 0.000900
 0.000900 0.000942 0.997258 0.000900
 0.000900 0.997258 0.000942 0.000900
 0.000900 0.862876 0.135324 0.000900
 0.000900 0.000942 0.000942 0.997216
 0.000900 0.386896 0.611303 0.000900
 0.000900 0.000942 0.997258 0.000900

MOTIF 46-AGATAA STREME-46
letter-probability matrix: alength= 4 w= 6 nsites= 487 E= 1.9e+000
 0.931300 0.023245 0.023245 0.022209
 0.022209 0.023245 0.932336 0.022209
 0.931300 0.023245 0.023245 0.022209
 0.022209 0.023245 0.023245 0.931300
 0.931300 0.023245 0.023245 0.022209
 0.931300 0.023245 0.023245 0.022209

MOTIF 47-GTTTGTGTAA STREME-47
letter-probability matrix: alength= 4 w= 10 nsites= 76 E= 2.1e+000
 0.000872 0.000913 0.997343 0.000872
 0.000872 0.000913 0.000913 0.997302
 0.038991 0.000913 0.000913 0.959184
 0.000872 0.000913 0.063775 0.934440
 0.145127 0.000913 0.853088 0.000872
 0.000872 0.124629 0.174116 0.700383
 0.086891 0.000913 0.911325 0.000872
 0.000872 0.000913 0.000913 0.997302
 0.997302 0.000913 0.000913 0.000872
 0.997302 0.000913 0.000913 0.000872

MOTIF 48-CAGATGAGGAAAC STREME-48
letter-probability matrix: alength= 4 w= 13 nsites= 109 E= 2.1e+000
 0.000373 0.818750 0.106339 0.074537
 0.882302 0.010986 0.000391 0.106322
 0.118958 0.021581 0.837899 0.021563
 0.935276 0.000391 0.000391 0.063942
 0.074537 0.021581 0.000391 0.903491
 0.000373 0.047167 0.952086 0.000373
 0.822144 0.000391 0.124118 0.053348
 0.000373 0.000391 0.998862 0.000373
 0.076578 0.110736 0.759338 0.053348
 0.945871 0.042770 0.010986 0.000373
 0.956466 0.032175 0.010986 0.000373
 0.941473 0.000391 0.047167 0.010968
 0.000373 0.776841 0.069687 0.153098

MOTIF 49-CACGTGGCT STREME-49
letter-probability matrix: alength= 4 w= 9 nsites= 284 E= 2.1e+000
 0.000593 0.998195 0.000620 0.000593
 0.998167 0.000620 0.000620 0.000593
 0.000593 0.998195 0.000620 0.000593
 0.000593 0.000620 0.998195 0.000593
 0.136651 0.000620 0.000620 0.862109
 0.000593 0.178166 0.820648 0.000593
 0.000593 0.102734 0.824081 0.072593
 0.000593 0.833535 0.125192 0.040680
 0.077615 0.261454 0.000620 0.660311

MOTIF 50-ATCGATCK STREME-50
letter-probability matrix: alength= 4 w= 8 nsites= 122 E= 2.2e+000
 0.967699 0.000678 0.030975 0.000648
 0.000648 0.000678 0.000678 0.997996
 0.000648 0.998026 0.000678 0.000648
 0.000648 0.000678 0.998026 0.000648
 0.997996 0.000678 0.000678 0.000648
 0.000648 0.107728 0.000678 0.890946
 0.000648 0.753944 0.000678 0.244730
 0.162886 0.110510 0.283441 0.443163

MOTIF 51-GTTAAACA STREME-51
letter-probability matrix: alength= 4 w= 8 nsites= 150 E= 2.2e+000
 0.022209 0.023245 0.932336 0.022209
 0.022209 0.023245 0.023245 0.931300
 0.022209 0.023245 0.023245 0.931300
 0.931300 0.023245 0.023245 0.022209
 0.931300 0.023245 0.023245 0.022209
 0.931300 0.023245 0.023245 0.022209
 0.022209 0.932336 0.023245 0.022209
 0.931300 0.023245 0.023245 0.022209

MOTIF 52-CCCAGCCC STREME-52
letter-probability matrix: alength= 4 w= 8 nsites= 1624 E= 2.5e+000
 0.022938 0.976209 0.000436 0.000417
 0.000417 0.972162 0.027005 0.000417
 0.020815 0.919355 0.058837 0.000994
 0.998711 0.000436 0.000436 0.000417
 0.064347 0.200698 0.668053 0.066902
 0.001732 0.994365 0.000436 0.003466
 0.142300 0.751341 0.010237 0.096121
 0.000417 0.973280 0.025886 0.000417

MOTIF 53-TGACCTCAG STREME-53
letter-probability matrix: alength= 4 w= 9 nsites= 432 E= 2.6e+000
 0.000521 0.020003 0.000546 0.978930
 0.003747 0.000546 0.994678 0.001029
 0.998387 0.000546 0.000546 0.000521
 0.000521 0.863523 0.000546 0.135410
 0.134058 0.738111 0.083299 0.044532
 0.000521 0.085689 0.007280 0.906509
 0.010429 0.988504 0.000546 0.000521
 0.987059 0.011874 0.000546 0.000521
 0.035074 0.061631 0.741877 0.161418

MOTIF 54-AGGAATGCAG STREME-54
letter-probability matrix: alength= 4 w= 10 nsites= 228 E= 2.6e+000
 0.683299 0.053350 0.047877 0.215474
 0.017032 0.003033 0.973352 0.006582
 0.000466 0.077535 0.903443 0.018556
 0.997925 0.000488 0.000488 0.001100
 0.998262 0.000488 0.000488 0.000762
 0.000466 0.026623 0.000488 0.972424
 0.001538 0.047819 0.950177 0.000466
 0.052031 0.947016 0.000488 0.000466
 0.972424 0.026623 0.000488 0.000466
 0.098299 0.028767 0.813996 0.058938

MOTIF 55-ATTCATTCATTC STREME-55
letter-probability matrix: alength= 4 w= 12 nsites= 158 E= 2.7e+000
 0.858882 0.020787 0.120074 0.000257
 0.058645 0.138148 0.068984 0.734223
 0.000257 0.156566 0.039791 0.803386
 0.000257 0.714901 0.091796 0.193046
 0.940817 0.000269 0.051358 0.007556
 0.000257 0.132096 0.007568 0.860079
 0.000257 0.014866 0.007568 0.977309
 0.000257 0.866298 0.073254 0.060191
 0.984607 0.000269 0.000269 0.014854
 0.000257 0.076283 0.000269 0.923191
 0.000257 0.127372 0.014866 0.857505
 0.054376 0.858757 0.000269 0.086598

MOTIF 56-AGCAGCAGCAGC STREME-56
letter-probability matrix: alength= 4 w= 12 nsites= 82 E= 6.6e+000
 0.990322 0.008346 0.000681 0.000651
 0.047817 0.019148 0.895451 0.037584
 0.000651 0.998017 0.000681 0.000651
 0.898264 0.019148 0.022980 0.059608
 0.000651 0.037615 0.961084 0.000651
 0.019118 0.971886 0.000681 0.008315
 0.905653 0.019148 0.056081 0.019118
 0.036025 0.019148 0.907242 0.037584
 0.000651 0.998017 0.000681 0.000651
 0.830637 0.031670 0.047847 0.089846
 0.000651 0.074548 0.905684 0.019118
 0.008315 0.953419 0.000681 0.037584

MOTIF 57-CCTCCTCCC STREME-57
letter-probability matrix: alength= 4 w= 9 nsites= 727 E= 8.0e+000
 0.035649 0.705312 0.047597 0.211442
 0.032191 0.966817 0.000507 0.000485
 0.325692 0.000507 0.000507 0.673294
 0.029361 0.969647 0.000507 0.000485
 0.027696 0.713748 0.000507 0.258049
 0.000485 0.000507 0.000507 0.998500
 0.043931 0.955077 0.000507 0.000485
 0.000485 0.998523 0.000507 0.000485
 0.000485 0.998523 0.000507 0.000485

MOTIF 58-GCCTCAGTTTCC STREME-58
letter-probability matrix: alength= 4 w= 12 nsites= 79 E= 1.1e+001
 0.000551 0.000577 0.998322 0.000551
 0.125576 0.763900 0.031833 0.078692
 0.109948 0.797811 0.000577 0.091664
 0.000551 0.000577 0.094345 0.904527
 0.000551 0.998322 0.000577 0.000551
 0.804272 0.000577 0.194601 0.000551
 0.047435 0.000577 0.873297 0.078692
 0.145670 0.000577 0.000577 0.853177
 0.000551 0.169675 0.000577 0.829198
 0.000551 0.094345 0.000577 0.904527
 0.000551 0.998322 0.000577 0.000551
 0.000551 0.998322 0.000577 0.000551

********************************************************************************
Stopped because 3 consecutive motifs exceeded the p-value threshold (0.05).
********************************************************************************
COMMAND:	streme --verbosity 1 --oc meme_out_incomplete_DL/HepG2_DPF2-human_ENCFF599FAQ/streme_out -dna --seed 0 --p meme_out_incomplete_DL/HepG2_DPF2-human_ENCFF599FAQ/seqs-centered --minw 6 --maxw 15 --time 6185 --order 2 --thresh 0.05 --align center --totallength 4000000 --parse-genomic-coord
********************************************************************************
CPU:		9f05ee173ae9
********************************************************************************
FINALTIME:	1550.85 seconds
********************************************************************************
