********************************************************************************
STREME - Sensitive, Thorough, Rapid, Enriched Motif Elicitation
********************************************************************************
MEME version 5.5.3 (Release date: Sat Jun 10 16:19:38 2023 -0700)

For further information on how to interpret these results please access http://localhost:8080/meme_5.5.3.
To get a copy of the MEME Suite software please access https://meme-suite.org.

********************************************************************************


********************************************************************************
REFERENCE
********************************************************************************
If you use this program in your research, please cite:

Timothy L. Bailey,
"STREME: accurate and versatile sequence motif discovery",
Bioinformatics, Mar. 24, 2021.
********************************************************************************


ALPHABET= ACGT

strands: + -

Background letter frequencies
A 0.182 C 0.318 G 0.318 T 0.182 

MOTIF 1-CCCCGCCCCC STREME-1
letter-probability matrix: alength= 4 w= 10 nsites= 2871 E= 5.2e-010
 0.000035 0.939256 0.000061 0.060648
 0.000035 0.999869 0.000061 0.000035
 0.038833 0.961071 0.000061 0.000035
 0.000035 0.999869 0.000061 0.000035
 0.170281 0.000061 0.711385 0.118273
 0.105808 0.876421 0.000061 0.017710
 0.000035 0.999869 0.000061 0.000035
 0.000035 0.914089 0.000061 0.085815
 0.040204 0.941918 0.000061 0.017816
 0.089787 0.507559 0.203416 0.199238

MOTIF 2-GCCGCCGCCGCC STREME-2
letter-probability matrix: alength= 4 w= 12 nsites= 1225 E= 5.9e-009
 0.032854 0.013292 0.953812 0.000042
 0.000042 0.908664 0.000073 0.091222
 0.036473 0.787069 0.013982 0.162477
 0.033011 0.007863 0.946633 0.012493
 0.000042 0.941047 0.000073 0.058839
 0.027733 0.795480 0.058379 0.118408
 0.133319 0.000073 0.840776 0.025832
 0.000042 0.865327 0.000073 0.134559
 0.027976 0.962942 0.000073 0.009009
 0.036408 0.000073 0.917641 0.045879
 0.000042 0.952947 0.000073 0.046939
 0.006450 0.792685 0.016065 0.184800

MOTIF 3-CTCGGCCTCCY STREME-3
letter-probability matrix: alength= 4 w= 11 nsites= 2422 E= 1.9e-007
 0.005824 0.960879 0.002259 0.031039
 0.000021 0.000036 0.000036 0.999908
 0.024085 0.806911 0.000036 0.168969
 0.225208 0.134878 0.577500 0.062414
 0.167637 0.007308 0.642767 0.182288
 0.154705 0.656754 0.030601 0.157940
 0.061807 0.539215 0.140542 0.258436
 0.038720 0.000036 0.011743 0.949501
 0.013637 0.970476 0.000036 0.015851
 0.012147 0.810489 0.119822 0.057542
 0.101229 0.371862 0.043769 0.483139

MOTIF 4-GCGCATGCGCR STREME-4
letter-probability matrix: alength= 4 w= 11 nsites= 501 E= 2.8e-006
 0.069813 0.000160 0.926450 0.003578
 0.040345 0.959404 0.000160 0.000092
 0.000092 0.000160 0.999657 0.000092
 0.000092 0.999657 0.000160 0.000092
 0.710005 0.120060 0.157405 0.012530
 0.000092 0.040609 0.220083 0.739216
 0.003578 0.000160 0.992685 0.003578
 0.005942 0.989779 0.000160 0.004120
 0.001539 0.024562 0.969212 0.004688
 0.005942 0.929956 0.000160 0.063942
 0.407307 0.027441 0.565160 0.000092

MOTIF 5-GTAAAYA STREME-5
letter-probability matrix: alength= 4 w= 7 nsites= 1143 E= 1.2e-005
 0.102374 0.007603 0.838212 0.051811
 0.000097 0.050922 0.000169 0.948812
 0.935918 0.034544 0.004708 0.024830
 0.949304 0.017605 0.017425 0.015666
 0.923968 0.020602 0.034739 0.020690
 0.000097 0.350221 0.000169 0.649513
 0.990847 0.000351 0.008705 0.000097

MOTIF 6-CCTGTAATCCCAGC STREME-6
letter-probability matrix: alength= 4 w= 14 nsites= 301 E= 4.9e-005
 0.003603 0.957523 0.014205 0.024669
 0.007114 0.957523 0.003672 0.031691
 0.007114 0.021227 0.003672 0.967987
 0.066801 0.010694 0.922413 0.000092
 0.003603 0.010694 0.003672 0.982031
 0.953943 0.021227 0.021227 0.003603
 0.824038 0.003672 0.168687 0.003603
 0.000092 0.016585 0.007183 0.976139
 0.007114 0.946990 0.010694 0.035202
 0.014136 0.929435 0.007183 0.049246
 0.003603 0.925924 0.010694 0.059779
 0.989053 0.000161 0.010694 0.000092
 0.045735 0.010694 0.943479 0.000092
 0.031691 0.939968 0.003672 0.024669

MOTIF 7-ACTACAWYTCCCAG STREME-7
letter-probability matrix: alength= 4 w= 14 nsites= 163 E= 4.8e-004
 0.990617 0.000385 0.000385 0.008614
 0.000221 0.999174 0.000385 0.000221
 0.000221 0.033957 0.000385 0.965437
 0.906685 0.008778 0.059137 0.025400
 0.000221 0.965601 0.008778 0.025400
 0.931864 0.008778 0.033957 0.025400
 0.461846 0.075923 0.059137 0.403094
 0.109332 0.319326 0.117889 0.453453
 0.050580 0.017171 0.025564 0.906685
 0.000221 0.990781 0.008778 0.000221
 0.000221 0.982387 0.000385 0.017007
 0.017007 0.982387 0.000385 0.000221
 0.839539 0.000385 0.151462 0.008614
 0.075760 0.050744 0.797737 0.075760

MOTIF 8-GGGAAGGGA STREME-8
letter-probability matrix: alength= 4 w= 9 nsites= 2481 E= 6.1e-004
 0.134600 0.000205 0.862738 0.002457
 0.069256 0.003503 0.927123 0.000118
 0.033441 0.000205 0.958207 0.008147
 0.855395 0.022740 0.025751 0.096114
 0.934302 0.043050 0.011114 0.011533
 0.006780 0.000205 0.962388 0.030628
 0.014020 0.134454 0.743344 0.108183
 0.152099 0.000205 0.842781 0.004915
 0.688863 0.032403 0.260527 0.018208

MOTIF 9-CTGCAGCCCCG STREME-9
letter-probability matrix: alength= 4 w= 11 nsites= 1414 E= 1.3e-003
 0.004023 0.938139 0.031148 0.026691
 0.006454 0.000087 0.017442 0.976017
 0.182185 0.092001 0.712286 0.013529
 0.023508 0.957846 0.003639 0.015007
 0.892701 0.007310 0.099939 0.000050
 0.086593 0.028882 0.800011 0.084513
 0.096282 0.744072 0.011562 0.148083
 0.094796 0.742188 0.043405 0.119610
 0.096301 0.626064 0.156473 0.121162
 0.041735 0.880677 0.064111 0.013478
 0.256118 0.088466 0.604102 0.051314

MOTIF 10-AASATGGCGRM STREME-10
letter-probability matrix: alength= 4 w= 11 nsites= 404 E= 1.3e-003
 0.999681 0.000124 0.000124 0.000071
 0.896553 0.073840 0.029536 0.000071
 0.056349 0.336956 0.558983 0.047711
 0.999681 0.000124 0.000124 0.000071
 0.000071 0.000124 0.000124 0.999681
 0.000071 0.027180 0.972677 0.000071
 0.000071 0.000124 0.985082 0.014722
 0.000071 0.756624 0.000124 0.243181
 0.079056 0.092417 0.814406 0.014121
 0.348351 0.020866 0.581660 0.049124
 0.319481 0.547226 0.000124 0.133169

MOTIF 11-AGRATYGCTTGARCC STREME-11
letter-probability matrix: alength= 4 w= 15 nsites= 131 E= 1.9e-003
 0.963604 0.009243 0.000405 0.026747
 0.062100 0.009243 0.928424 0.000233
 0.565882 0.026920 0.406966 0.000233
 0.954766 0.009243 0.035758 0.000233
 0.026747 0.071111 0.000405 0.901736
 0.000233 0.459995 0.177170 0.362602
 0.079777 0.018082 0.893071 0.009071
 0.017909 0.893071 0.018082 0.070939
 0.009071 0.000405 0.097626 0.892898
 0.000233 0.009243 0.018082 0.972443
 0.035586 0.009243 0.954939 0.000233
 0.998957 0.000405 0.000405 0.000233
 0.557044 0.000405 0.442319 0.000233
 0.009071 0.857718 0.071111 0.062100
 0.009071 0.919585 0.000405 0.070939

MOTIF 12-CCACGTGST STREME-12
letter-probability matrix: alength= 4 w= 9 nsites= 504 E= 4.1e-003
 0.067064 0.892156 0.022698 0.018082
 0.041265 0.895227 0.008113 0.055395
 0.999085 0.000355 0.000355 0.000204
 0.000204 0.999236 0.000355 0.000204
 0.000204 0.000355 0.999236 0.000204
 0.000204 0.000355 0.000355 0.999085
 0.000204 0.059291 0.920856 0.019649
 0.015720 0.489873 0.373638 0.120769
 0.197647 0.000355 0.182447 0.619550

MOTIF 13-TCAGCACCACGGACA STREME-13
letter-probability matrix: alength= 4 w= 15 nsites= 159 E= 7.7e-003
 0.000235 0.053911 0.044994 0.900860
 0.018069 0.963454 0.000409 0.018069
 0.990031 0.000409 0.000409 0.009152
 0.009152 0.009326 0.981288 0.000235
 0.009152 0.927785 0.044994 0.018069
 0.981114 0.009326 0.000409 0.009152
 0.009152 0.963454 0.009326 0.018069
 0.009152 0.972371 0.000409 0.018069
 0.579845 0.036077 0.259004 0.125074
 0.035903 0.606770 0.062828 0.294498
 0.000235 0.009326 0.981288 0.009152
 0.026986 0.027160 0.945620 0.000235
 0.927612 0.053911 0.000409 0.018069
 0.000235 0.945620 0.044994 0.009152
 0.972197 0.027160 0.000409 0.000235

MOTIF 14-AAAAATACAAAAAA STREME-14
letter-probability matrix: alength= 4 w= 14 nsites= 243 E= 8.8e-003
 0.911568 0.021285 0.038889 0.028258
 0.918609 0.063533 0.010723 0.007134
 0.911568 0.063533 0.010723 0.014175
 0.858758 0.112823 0.021285 0.007134
 0.892503 0.029788 0.042409 0.035299
 0.276447 0.040649 0.022121 0.660783
 0.943553 0.013945 0.031847 0.010655
 0.117926 0.784374 0.058879 0.038820
 0.962917 0.021285 0.008664 0.007134
 0.948834 0.022747 0.007203 0.021217
 0.901006 0.052971 0.024806 0.021217
 0.872840 0.074095 0.024806 0.028258
 0.878421 0.047391 0.014244 0.059944
 0.626992 0.043871 0.028327 0.300811

MOTIF 15-YCACGTGAYCM STREME-15
letter-probability matrix: alength= 4 w= 11 nsites= 605 E= 1.1e-002
 0.062437 0.424338 0.079523 0.433702
 0.021196 0.733503 0.189261 0.056040
 0.957361 0.000071 0.000071 0.042497
 0.149183 0.787933 0.047173 0.015711
 0.000041 0.000071 0.999848 0.000041
 0.000041 0.000071 0.000071 0.999817
 0.020472 0.245050 0.734438 0.000041
 0.855983 0.019157 0.060064 0.064796
 0.009023 0.528131 0.004177 0.458668
 0.087486 0.733117 0.088023 0.091374
 0.310388 0.405021 0.170554 0.114037

MOTIF 16-GCGCRGTGGCTCA STREME-16
letter-probability matrix: alength= 4 w= 13 nsites= 153 E= 3.1e-002
 0.000162 0.000282 0.987066 0.012490
 0.049473 0.635729 0.074248 0.240551
 0.224617 0.018774 0.725627 0.030981
 0.030981 0.771332 0.000282 0.197404
 0.335566 0.006446 0.657826 0.000162
 0.000162 0.000282 0.999393 0.000162
 0.000162 0.010626 0.012610 0.976602
 0.021212 0.012610 0.966016 0.000162
 0.111111 0.000282 0.888445 0.000162
 0.000162 0.999393 0.000282 0.000162
 0.000162 0.000282 0.061921 0.937635
 0.000162 0.999393 0.000282 0.000162
 0.999273 0.000282 0.000282 0.000162

MOTIF 17-CCAGCCTGGGCAACA STREME-17
letter-probability matrix: alength= 4 w= 15 nsites= 206 E= 3.1e-002
 0.016089 0.954740 0.000244 0.028928
 0.005456 0.956946 0.000244 0.037354
 0.999373 0.000244 0.000244 0.000140
 0.042670 0.005560 0.882517 0.069252
 0.000140 0.951630 0.000244 0.047987
 0.000140 0.956946 0.005560 0.037354
 0.000140 0.000244 0.000244 0.999373
 0.032038 0.000244 0.940997 0.026722
 0.101150 0.000244 0.887834 0.010773
 0.005456 0.276692 0.707079 0.010773
 0.044877 0.720821 0.026825 0.207477
 0.682836 0.019066 0.276692 0.021405
 0.983424 0.000244 0.016193 0.000140
 0.000140 0.909099 0.000244 0.090517
 0.871781 0.021509 0.074672 0.032038

MOTIF 18-CACTCACCK STREME-18
letter-probability matrix: alength= 4 w= 9 nsites= 927 E= 4.3e-002
 0.000157 0.906112 0.015149 0.078582
 0.805171 0.046114 0.148559 0.000157
 0.000157 0.970764 0.017218 0.011861
 0.000157 0.153258 0.010125 0.836460
 0.000157 0.842222 0.029462 0.128159
 0.999297 0.000273 0.000273 0.000157
 0.007880 0.991691 0.000273 0.000157
 0.012824 0.977286 0.004270 0.005619
 0.200720 0.030373 0.287224 0.481683

MOTIF 19-GCAAACA STREME-19
letter-probability matrix: alength= 4 w= 7 nsites= 301 E= 4.4e-002
 0.016582 0.028873 0.937964 0.016582
 0.016582 0.937964 0.028873 0.016582
 0.925673 0.028873 0.028873 0.016582
 0.925673 0.028873 0.028873 0.016582
 0.925673 0.028873 0.028873 0.016582
 0.016582 0.937964 0.028873 0.016582
 0.925673 0.028873 0.028873 0.016582

MOTIF 20-CMAAGGTCA STREME-20
letter-probability matrix: alength= 4 w= 9 nsites= 1240 E= 4.7e-002
 0.029448 0.696034 0.045159 0.229359
 0.365550 0.619362 0.010651 0.004437
 0.999682 0.000124 0.000124 0.000071
 0.973961 0.000124 0.016551 0.009365
 0.057307 0.032681 0.909941 0.000071
 0.000071 0.000124 0.726850 0.272955
 0.061162 0.277821 0.000124 0.660893
 0.028104 0.971701 0.000124 0.000071
 0.970768 0.000124 0.029037 0.000071

MOTIF 21-CCRSCAGRGGGCGC STREME-21
letter-probability matrix: alength= 4 w= 14 nsites= 409 E= 5.8e-002
 0.046414 0.847645 0.053735 0.052206
 0.000076 0.996819 0.003029 0.000076
 0.564881 0.000133 0.339831 0.095156
 0.008765 0.610418 0.380741 0.000076
 0.020349 0.661295 0.134622 0.183734
 0.999658 0.000133 0.000133 0.000076
 0.000076 0.000133 0.999715 0.000076
 0.335260 0.000133 0.664532 0.000076
 0.000076 0.020341 0.697315 0.282268
 0.000076 0.000133 0.999715 0.000076
 0.019857 0.000133 0.946875 0.033136
 0.078271 0.902941 0.000133 0.018655
 0.280725 0.000133 0.719066 0.000076
 0.068253 0.661712 0.243894 0.026141

MOTIF 22-CACACACACACACAC STREME-22
letter-probability matrix: alength= 4 w= 15 nsites= 177 E= 8.1e-002
 0.010192 0.856421 0.043328 0.090058
 0.972934 0.007395 0.019485 0.000186
 0.035542 0.956925 0.007348 0.000186
 0.801175 0.000324 0.184173 0.014328
 0.007257 0.907379 0.007395 0.077968
 0.880158 0.003259 0.085177 0.031405
 0.035542 0.756132 0.046706 0.161620
 0.658442 0.000324 0.271961 0.069273
 0.007257 0.956877 0.000324 0.035542
 0.814739 0.000324 0.148818 0.036119
 0.014328 0.869089 0.045686 0.070897
 0.789588 0.028608 0.134675 0.047128
 0.028471 0.925658 0.000324 0.045548
 0.904307 0.000324 0.014466 0.080903
 0.052619 0.883231 0.000324 0.063826

MOTIF 23-CTGATTGGCY STREME-23
letter-probability matrix: alength= 4 w= 10 nsites= 221 E= 8.2e-002
 0.093319 0.839430 0.023449 0.043801
 0.000234 0.259760 0.028817 0.711188
 0.000234 0.039225 0.960307 0.000234
 0.998950 0.000408 0.000408 0.000234
 0.000234 0.000408 0.000408 0.998950
 0.035828 0.000408 0.000408 0.963357
 0.031740 0.000408 0.934018 0.033835
 0.018031 0.000408 0.981327 0.000234
 0.018031 0.771943 0.037716 0.172310
 0.000234 0.375962 0.028817 0.594987

MOTIF 24-CACTTCCKG STREME-24
letter-probability matrix: alength= 4 w= 9 nsites= 1342 E= 1.1e-001
 0.065984 0.711444 0.096023 0.126549
 0.904361 0.000164 0.095381 0.000094
 0.000094 0.931433 0.000164 0.068309
 0.035256 0.000164 0.014374 0.950207
 0.000094 0.000164 0.000164 0.999578
 0.004859 0.994883 0.000164 0.000094
 0.000094 0.999648 0.000164 0.000094
 0.000094 0.012524 0.611742 0.375640
 0.034780 0.125477 0.839649 0.000094

MOTIF 25-AGTAGAGAYGGGGT STREME-25
letter-probability matrix: alength= 4 w= 14 nsites= 138 E= 1.1e-001
 0.734119 0.000368 0.088679 0.176834
 0.000211 0.008396 0.983153 0.008240
 0.024296 0.008396 0.011728 0.955579
 0.958912 0.000368 0.032481 0.008240
 0.016268 0.000368 0.983153 0.000211
 0.942855 0.008396 0.024453 0.024296
 0.008240 0.016424 0.967096 0.008240
 0.958912 0.000368 0.024453 0.016268
 0.000211 0.554321 0.000368 0.445100
 0.208947 0.000368 0.782445 0.008240
 0.152749 0.008396 0.838644 0.000211
 0.032324 0.008396 0.959068 0.000211
 0.040353 0.000368 0.926955 0.032324
 0.008240 0.008396 0.048538 0.934827

MOTIF 26-CCCGGGACCC STREME-26
letter-probability matrix: alength= 4 w= 10 nsites= 516 E= 1.1e-001
 0.082861 0.799145 0.078447 0.039547
 0.000249 0.969735 0.000433 0.029584
 0.000249 0.999069 0.000433 0.000249
 0.000249 0.000433 0.999069 0.000249
 0.058000 0.022513 0.919239 0.000249
 0.049147 0.000433 0.886877 0.063543
 0.932953 0.000433 0.000433 0.066181
 0.029584 0.811523 0.115298 0.043595
 0.049955 0.949363 0.000433 0.000249
 0.055147 0.912744 0.000433 0.031676

MOTIF 27-VTCTCGCGAGAB STREME-27
letter-probability matrix: alength= 4 w= 12 nsites= 58 E= 1.2e-001
 0.237531 0.422409 0.262469 0.077591
 0.000808 0.001407 0.001407 0.996377
 0.108304 0.821680 0.069207 0.000808
 0.000808 0.001407 0.001407 0.996377
 0.000808 0.996976 0.001407 0.000808
 0.000808 0.001407 0.996976 0.000808
 0.000808 0.996976 0.001407 0.000808
 0.000808 0.001407 0.996976 0.000808
 0.996377 0.001407 0.001407 0.000808
 0.000808 0.069207 0.821680 0.108304
 0.996377 0.001407 0.001407 0.000808
 0.077591 0.262469 0.422409 0.237531

MOTIF 28-CACGTG STREME-28
letter-probability matrix: alength= 4 w= 6 nsites= 446 E= 1.5e-001
 0.016582 0.937964 0.028873 0.016582
 0.925673 0.028873 0.028873 0.016582
 0.016582 0.937964 0.028873 0.016582
 0.016582 0.028873 0.937964 0.016582
 0.016582 0.028873 0.028873 0.925673
 0.016582 0.028873 0.937964 0.016582

MOTIF 29-GTGACTCA STREME-29
letter-probability matrix: alength= 4 w= 8 nsites= 577 E= 2.3e-001
 0.306344 0.000451 0.692947 0.000259
 0.000259 0.000451 0.000451 0.998840
 0.003028 0.068921 0.892138 0.035913
 0.998840 0.000451 0.000451 0.000259
 0.003113 0.884228 0.098283 0.014376
 0.000259 0.000451 0.049816 0.949474
 0.030525 0.935613 0.000451 0.033412
 0.962970 0.000451 0.036321 0.000259

MOTIF 30-GTTGTGCAATSM STREME-30
letter-probability matrix: alength= 4 w= 12 nsites= 124 E= 2.3e-001
 0.176537 0.165849 0.657435 0.000180
 0.000180 0.000313 0.007140 0.992367
 0.013835 0.007140 0.030457 0.948568
 0.203847 0.054934 0.646614 0.094606
 0.020662 0.000313 0.068589 0.910436
 0.000180 0.061761 0.937880 0.000180
 0.169709 0.563522 0.020796 0.245973
 0.999195 0.000313 0.000313 0.000180
 0.999195 0.000313 0.000313 0.000180
 0.034318 0.289905 0.007140 0.668637
 0.183364 0.470256 0.250613 0.095766
 0.278951 0.444620 0.146526 0.129904

MOTIF 31-ACCAGCCTGRCC STREME-31
letter-probability matrix: alength= 4 w= 12 nsites= 50 E= 2.5e-001
 0.996088 0.001520 0.001520 0.000873
 0.000873 0.996735 0.001520 0.000873
 0.000873 0.982968 0.015286 0.000873
 0.996088 0.001520 0.001520 0.000873
 0.014639 0.001520 0.883461 0.100380
 0.000873 0.996735 0.001520 0.000873
 0.000873 0.897228 0.067858 0.034042
 0.000873 0.001520 0.001520 0.996088
 0.034042 0.007910 0.943409 0.014639
 0.332562 0.001520 0.665045 0.000873
 0.000873 0.963566 0.001520 0.034042
 0.000873 0.996735 0.001520 0.000873

MOTIF 32-GAAAAGGAAA STREME-32
letter-probability matrix: alength= 4 w= 10 nsites= 1028 E= 2.8e-001
 0.111025 0.085018 0.764572 0.039386
 0.857124 0.016389 0.073149 0.053339
 0.758555 0.036335 0.085261 0.119849
 0.872260 0.017608 0.069372 0.040761
 0.774446 0.109735 0.088087 0.027733
 0.081791 0.077573 0.699834 0.140802
 0.014336 0.090514 0.840044 0.055106
 0.852957 0.059561 0.041804 0.045679
 0.862485 0.045798 0.023971 0.067746
 0.942260 0.026957 0.023414 0.007369

MOTIF 33-CCCCGCCCTCY STREME-33
letter-probability matrix: alength= 4 w= 11 nsites= 682 E= 3.0e-001
 0.000223 0.895204 0.058109 0.046464
 0.000223 0.999164 0.000389 0.000223
 0.208241 0.726218 0.000389 0.065152
 0.000223 0.999164 0.000389 0.000223
 0.000223 0.000389 0.999164 0.000223
 0.143856 0.855532 0.000389 0.000223
 0.047976 0.951412 0.000389 0.000223
 0.000223 0.862318 0.000389 0.137069
 0.000223 0.000389 0.131915 0.867473
 0.023071 0.831238 0.063058 0.082634
 0.000223 0.557430 0.035305 0.407042

MOTIF 34-CAGGTAC STREME-34
letter-probability matrix: alength= 4 w= 7 nsites= 318 E= 3.0e-001
 0.016582 0.937964 0.028873 0.016582
 0.925673 0.028873 0.028873 0.016582
 0.016582 0.028873 0.937964 0.016582
 0.016582 0.028873 0.937964 0.016582
 0.016582 0.028873 0.028873 0.925673
 0.925673 0.028873 0.028873 0.016582
 0.016582 0.937964 0.028873 0.016582

MOTIF 35-WAWRCAAAYAW STREME-35
letter-probability matrix: alength= 4 w= 11 nsites= 895 E= 3.0e-001
 0.617147 0.058578 0.014828 0.309447
 0.615555 0.104770 0.048813 0.230862
 0.595970 0.039835 0.060904 0.303291
 0.328587 0.116685 0.458650 0.096078
 0.149424 0.825920 0.024612 0.000045
 0.999799 0.000078 0.000078 0.000045
 0.969392 0.000078 0.000078 0.030452
 0.996393 0.000078 0.000078 0.003451
 0.000045 0.569414 0.064911 0.365630
 0.820710 0.000078 0.036212 0.142999
 0.372573 0.088130 0.111742 0.427554

MOTIF 36-CAGAGTCC STREME-36
letter-probability matrix: alength= 4 w= 8 nsites= 716 E= 3.5e-001
 0.000514 0.983505 0.000895 0.015085
 0.790604 0.207986 0.000895 0.000514
 0.270142 0.000895 0.661822 0.067141
 0.997695 0.000895 0.000895 0.000514
 0.000514 0.000895 0.998076 0.000514
 0.000514 0.000895 0.000895 0.997695
 0.003135 0.995456 0.000895 0.000514
 0.000514 0.947310 0.051661 0.000514

MOTIF 37-AGATCAAAG STREME-37
letter-probability matrix: alength= 4 w= 9 nsites= 162 E= 3.7e-001
 0.783327 0.024914 0.145359 0.046399
 0.000413 0.132387 0.866787 0.000413
 0.998148 0.000720 0.000720 0.000413
 0.000413 0.000720 0.000720 0.998148
 0.030784 0.968083 0.000720 0.000413
 0.998148 0.000720 0.000720 0.000413
 0.971793 0.000720 0.000720 0.026768
 0.802622 0.000720 0.106277 0.090381
 0.133990 0.031974 0.807740 0.026296

MOTIF 38-TGACCCCAG STREME-38
letter-probability matrix: alength= 4 w= 9 nsites= 312 E= 3.8e-001
 0.000226 0.077313 0.000394 0.922067
 0.091634 0.000394 0.830880 0.077091
 0.998986 0.000394 0.000394 0.000226
 0.000226 0.928574 0.000394 0.070806
 0.000226 0.811885 0.113801 0.074088
 0.016263 0.719964 0.000394 0.263379
 0.008822 0.517362 0.255818 0.217998
 0.998986 0.000394 0.000394 0.000226
 0.000226 0.035548 0.760586 0.203640

MOTIF 39-CGGGGAC STREME-39
letter-probability matrix: alength= 4 w= 7 nsites= 779 E= 5.0e-001
 0.016582 0.937964 0.028873 0.016582
 0.016582 0.028873 0.937964 0.016582
 0.016582 0.028873 0.937964 0.016582
 0.016582 0.028873 0.937964 0.016582
 0.016582 0.028873 0.937964 0.016582
 0.925673 0.028873 0.028873 0.016582
 0.016582 0.937964 0.028873 0.016582

MOTIF 40-ASGTGAC STREME-40
letter-probability matrix: alength= 4 w= 7 nsites= 1720 E= 5.1e-001
 0.998148 0.000719 0.000719 0.000413
 0.066554 0.476455 0.324176 0.132815
 0.000413 0.000719 0.998454 0.000413
 0.000413 0.000719 0.000719 0.998148
 0.036244 0.116742 0.823991 0.023023
 0.998148 0.000719 0.000719 0.000413
 0.000413 0.969085 0.000719 0.029783

MOTIF 41-TCCCCA STREME-41
letter-probability matrix: alength= 4 w= 6 nsites= 2531 E= 6.4e-001
 0.016582 0.028873 0.028873 0.925673
 0.016582 0.937964 0.028873 0.016582
 0.016582 0.937964 0.028873 0.016582
 0.016582 0.937964 0.028873 0.016582
 0.016582 0.937964 0.028873 0.016582
 0.925673 0.028873 0.028873 0.016582

MOTIF 42-AGTGCAGTGGCRCG STREME-42
letter-probability matrix: alength= 4 w= 14 nsites= 114 E= 6.8e-001
 0.989013 0.000450 0.000450 0.010086
 0.039570 0.000450 0.959721 0.000259
 0.000259 0.020106 0.000450 0.979185
 0.078881 0.000450 0.920410 0.000259
 0.000259 0.959721 0.000450 0.039570
 0.989013 0.000450 0.010278 0.000259
 0.167332 0.010278 0.822132 0.000259
 0.000259 0.024185 0.020106 0.955451
 0.019914 0.000450 0.959721 0.019914
 0.049398 0.000450 0.930238 0.019914
 0.000259 0.672821 0.010278 0.316642
 0.377795 0.000450 0.611669 0.010086
 0.010086 0.733681 0.010278 0.245954
 0.277331 0.079073 0.643338 0.000259

MOTIF 43-CTCGGCCTC STREME-43
letter-probability matrix: alength= 4 w= 9 nsites= 1880 E= 1.2e+000
 0.118001 0.803917 0.034191 0.043891
 0.000189 0.056420 0.039368 0.904023
 0.014330 0.816254 0.102048 0.067367
 0.045408 0.000329 0.922512 0.031751
 0.000840 0.000329 0.931470 0.067361
 0.000189 0.987677 0.000329 0.011805
 0.039269 0.801507 0.148550 0.010674
 0.020548 0.108158 0.066545 0.804749
 0.045312 0.876943 0.000329 0.077415

MOTIF 44-CCACCACGCCYGGCT STREME-44
letter-probability matrix: alength= 4 w= 15 nsites= 107 E= 1.2e+000
 0.000278 0.977808 0.000485 0.021429
 0.021429 0.924931 0.021635 0.032004
 0.988177 0.011060 0.000485 0.000278
 0.010854 0.967233 0.011060 0.010854
 0.000278 0.946082 0.011060 0.042580
 0.967026 0.011060 0.021635 0.000278
 0.021429 0.671122 0.000485 0.306964
 0.232937 0.011060 0.755725 0.000278
 0.010854 0.988383 0.000485 0.000278
 0.021429 0.914356 0.000485 0.063731
 0.053155 0.607670 0.000485 0.338690
 0.300778 0.000485 0.698459 0.000278
 0.010854 0.021635 0.967233 0.000278
 0.074306 0.924931 0.000485 0.000278
 0.000278 0.036600 0.000485 0.962637

MOTIF 45-CAGTGAGCCGAGAT STREME-45
letter-probability matrix: alength= 4 w= 14 nsites= 131 E= 1.2e+000
 0.000237 0.972122 0.009410 0.018231
 0.899968 0.018407 0.063393 0.018231
 0.009234 0.000412 0.990117 0.000237
 0.009234 0.018407 0.027404 0.944955
 0.009234 0.009410 0.981120 0.000237
 0.953952 0.027404 0.018407 0.000237
 0.018231 0.000412 0.981120 0.000237
 0.000237 0.972122 0.000412 0.027229
 0.027229 0.693206 0.018407 0.261159
 0.216172 0.027404 0.756187 0.000237
 0.836987 0.027404 0.036402 0.099207
 0.000237 0.009410 0.990117 0.000237
 0.935958 0.036402 0.027404 0.000237
 0.027229 0.054396 0.045399 0.872976

MOTIF 46-GCAGCCATGGCV STREME-46
letter-probability matrix: alength= 4 w= 12 nsites= 964 E= 1.4e+000
 0.020563 0.000076 0.868715 0.110647
 0.124584 0.730138 0.013328 0.131950
 0.620862 0.262072 0.040604 0.076461
 0.129439 0.000076 0.870442 0.000044
 0.000044 0.997494 0.000076 0.002386
 0.067082 0.815462 0.096703 0.020753
 0.913630 0.000076 0.004393 0.081901
 0.048829 0.106410 0.000076 0.844686
 0.047777 0.007386 0.895405 0.049433
 0.195367 0.023746 0.613087 0.167800
 0.133404 0.685315 0.033210 0.148072
 0.205041 0.358090 0.331950 0.104919

MOTIF 47-AAACAA STREME-47
letter-probability matrix: alength= 4 w= 6 nsites= 764 E= 1.5e+000
 0.925673 0.028873 0.028873 0.016582
 0.925673 0.028873 0.028873 0.016582
 0.925673 0.028873 0.028873 0.016582
 0.016582 0.937964 0.028873 0.016582
 0.925673 0.028873 0.028873 0.016582
 0.925673 0.028873 0.028873 0.016582

MOTIF 48-CCCAGCCCC STREME-48
letter-probability matrix: alength= 4 w= 9 nsites= 2245 E= 1.9e+000
 0.000297 0.956082 0.000518 0.043102
 0.000297 0.942259 0.000518 0.056925
 0.000297 0.998887 0.000518 0.000297
 0.847680 0.000518 0.000518 0.151284
 0.030336 0.000518 0.945665 0.023481
 0.077046 0.784913 0.068466 0.069575
 0.000297 0.934737 0.064668 0.000297
 0.039011 0.834060 0.000518 0.126411
 0.111429 0.792018 0.000518 0.096036

MOTIF 49-GCCAATGGGMG STREME-49
letter-probability matrix: alength= 4 w= 11 nsites= 60 E= 2.0e+000
 0.093631 0.001066 0.904692 0.000612
 0.013183 0.959720 0.003231 0.023867
 0.000612 0.974456 0.001066 0.023867
 0.997257 0.001066 0.001066 0.000612
 0.997257 0.001066 0.001066 0.000612
 0.000612 0.013636 0.001066 0.984686
 0.023867 0.010717 0.964804 0.000612
 0.000612 0.024320 0.974456 0.000612
 0.000612 0.050877 0.947899 0.000612
 0.648437 0.349885 0.001066 0.000612
 0.115348 0.024320 0.836465 0.023867

MOTIF 50-AGACRGAGTCTYRCT STREME-50
letter-probability matrix: alength= 4 w= 15 nsites= 108 E= 2.0e+000
 0.979466 0.010139 0.010139 0.000255
 0.000255 0.000444 0.989350 0.009950
 0.940685 0.000444 0.029530 0.029341
 0.029341 0.727581 0.010139 0.232939
 0.591660 0.000444 0.407641 0.000255
 0.077816 0.019835 0.892399 0.009950
 0.717697 0.000444 0.281604 0.000255
 0.068121 0.000444 0.931179 0.000255
 0.009950 0.039225 0.019835 0.930990
 0.000255 0.766362 0.019835 0.213549
 0.000255 0.000444 0.000444 0.998856
 0.000255 0.630630 0.039225 0.329891
 0.358976 0.039225 0.572459 0.029341
 0.009950 0.921484 0.010139 0.058426
 0.039036 0.019835 0.000444 0.940685

MOTIF 51-AGGGAGGGAGGGAGG STREME-51
letter-probability matrix: alength= 4 w= 15 nsites= 118 E= 2.1e+000
 0.884636 0.029779 0.073853 0.011732
 0.046024 0.080540 0.861704 0.011732
 0.039338 0.057678 0.868391 0.034593
 0.000301 0.000524 0.998875 0.000301
 0.747173 0.080540 0.000524 0.171764
 0.034593 0.011955 0.941720 0.011732
 0.207413 0.057678 0.723177 0.011732
 0.000301 0.034816 0.964582 0.000301
 0.941497 0.023385 0.000524 0.034593
 0.034593 0.011955 0.953151 0.000301
 0.137471 0.096715 0.696928 0.068886
 0.085061 0.091971 0.822668 0.000301
 0.987221 0.000524 0.000524 0.011732
 0.000301 0.114832 0.838843 0.046024
 0.160333 0.034816 0.804550 0.000301

MOTIF 52-AGCAGCAGCAGCAGC STREME-52
letter-probability matrix: alength= 4 w= 15 nsites= 374 E= 2.1e+000
 0.712435 0.083187 0.148720 0.055659
 0.013048 0.087937 0.898947 0.000068
 0.023431 0.911485 0.023482 0.041602
 0.881802 0.039057 0.028673 0.050467
 0.140245 0.002715 0.856972 0.000068
 0.005260 0.915599 0.053114 0.026027
 0.763911 0.063497 0.016772 0.155820
 0.013048 0.045326 0.925983 0.015644
 0.007856 0.944154 0.024559 0.023431
 0.747440 0.050518 0.098580 0.103462
 0.042680 0.174350 0.777710 0.005260
 0.098711 0.736485 0.128394 0.036410
 0.690141 0.094868 0.157814 0.057177
 0.077944 0.110223 0.783210 0.028623
 0.010452 0.850703 0.115414 0.023431

MOTIF 53-GTCAYCG STREME-53
letter-probability matrix: alength= 4 w= 7 nsites= 484 E= 2.2e+000
 0.001519 0.002645 0.994318 0.001519
 0.001519 0.002645 0.002645 0.993192
 0.001519 0.994318 0.002645 0.001519
 0.993192 0.002645 0.002645 0.001519
 0.001519 0.489231 0.002645 0.506606
 0.001519 0.994318 0.002645 0.001519
 0.001519 0.002645 0.994318 0.001519

MOTIF 54-GAAGGTGA STREME-54
letter-probability matrix: alength= 4 w= 8 nsites= 575 E= 2.4e+000
 0.000545 0.085293 0.913616 0.000545
 0.997556 0.000949 0.000949 0.000545
 0.911590 0.000949 0.000949 0.086511
 0.000545 0.059618 0.939292 0.000545
 0.073327 0.000949 0.837016 0.088707
 0.000545 0.102509 0.000949 0.895997
 0.000545 0.114917 0.820972 0.063566
 0.997556 0.000949 0.000949 0.000545

MOTIF 55-CTGCAG STREME-55
letter-probability matrix: alength= 4 w= 6 nsites= 1734 E= 2.4e+000
 0.016582 0.937964 0.028873 0.016582
 0.016582 0.028873 0.028873 0.925673
 0.016582 0.028873 0.937964 0.016582
 0.016582 0.937964 0.028873 0.016582
 0.925673 0.028873 0.028873 0.016582
 0.016582 0.028873 0.937964 0.016582

MOTIF 56-ACAAAG STREME-56
letter-probability matrix: alength= 4 w= 6 nsites= 1053 E= 2.8e+000
 0.925673 0.028873 0.028873 0.016582
 0.016582 0.937964 0.028873 0.016582
 0.925673 0.028873 0.028873 0.016582
 0.925673 0.028873 0.028873 0.016582
 0.925673 0.028873 0.028873 0.016582
 0.016582 0.028873 0.937964 0.016582

MOTIF 57-CCCAGCCCCGCG STREME-57
letter-probability matrix: alength= 4 w= 12 nsites= 1409 E= 2.8e+000
 0.029342 0.877668 0.034342 0.058648
 0.000036 0.881096 0.116099 0.002769
 0.053672 0.796774 0.094026 0.055527
 0.979921 0.000063 0.001291 0.018724
 0.043776 0.025510 0.909814 0.020900
 0.043866 0.856648 0.060042 0.039444
 0.039111 0.900377 0.006432 0.054081
 0.024740 0.921097 0.012541 0.041622
 0.059951 0.790296 0.064540 0.085213
 0.207141 0.000063 0.727799 0.064997
 0.141379 0.668992 0.137290 0.052339
 0.069666 0.274286 0.564488 0.091560

MOTIF 58-GAGGCGGGAA STREME-58
letter-probability matrix: alength= 4 w= 10 nsites= 392 E= 2.9e+000
 0.026757 0.042704 0.924456 0.006083
 0.850403 0.028413 0.000541 0.120642
 0.000311 0.042416 0.915018 0.042255
 0.020632 0.155893 0.811347 0.012128
 0.000311 0.980695 0.000541 0.018453
 0.122306 0.044521 0.809976 0.023197
 0.008660 0.000541 0.981913 0.008885
 0.000311 0.000541 0.993368 0.005780
 0.821626 0.000541 0.000541 0.177291
 0.804050 0.055116 0.059783 0.081052

MOTIF 59-CCTCTGCCC STREME-59
letter-probability matrix: alength= 4 w= 9 nsites= 208 E= 3.0e+000
 0.016582 0.937964 0.028873 0.016582
 0.016582 0.937964 0.028873 0.016582
 0.016582 0.028873 0.028873 0.925673
 0.016582 0.937964 0.028873 0.016582
 0.016582 0.028873 0.028873 0.925673
 0.016582 0.028873 0.937964 0.016582
 0.016582 0.937964 0.028873 0.016582
 0.016582 0.937964 0.028873 0.016582
 0.016582 0.937964 0.028873 0.016582

MOTIF 60-CACCACCACCACCAC STREME-60
letter-probability matrix: alength= 4 w= 15 nsites= 167 E= 3.0e+000
 0.026392 0.796155 0.078958 0.098495
 0.861575 0.033074 0.098623 0.006727
 0.111605 0.783045 0.046184 0.059166
 0.039501 0.874813 0.078958 0.006727
 0.812971 0.026520 0.052739 0.107770
 0.026392 0.894477 0.006855 0.072276
 0.072276 0.874813 0.046184 0.006727
 0.681875 0.166892 0.013410 0.137824
 0.059166 0.730607 0.144507 0.065721
 0.013282 0.835484 0.078958 0.072276
 0.868130 0.019965 0.105178 0.006727
 0.105050 0.789600 0.006855 0.098495
 0.006727 0.828929 0.124842 0.039501
 0.723924 0.006855 0.157616 0.111605
 0.179873 0.603345 0.118287 0.098495

MOTIF 61-CGGGCTCCGGGA STREME-61
letter-probability matrix: alength= 4 w= 12 nsites= 175 E= 1.1e+001
 0.000196 0.975474 0.000341 0.023988
 0.000196 0.037602 0.962006 0.000196
 0.086198 0.010556 0.862696 0.040550
 0.000196 0.136110 0.863498 0.000196
 0.082864 0.549012 0.159268 0.208857
 0.036163 0.000341 0.000341 0.963154
 0.000196 0.943551 0.041153 0.015100
 0.000196 0.837879 0.161728 0.000196
 0.052361 0.000341 0.947101 0.000196
 0.221555 0.004370 0.773879 0.000196
 0.030005 0.004370 0.950525 0.015100
 0.759955 0.171002 0.000341 0.068701

MOTIF 62-CAGTCTGAGATCAAA STREME-62
letter-probability matrix: alength= 4 w= 15 nsites= 36 E= 3.2e+001
 0.000935 0.889908 0.001628 0.107529
 0.889215 0.001628 0.072690 0.036466
 0.000935 0.037159 0.960971 0.000935
 0.036466 0.001628 0.072690 0.889215
 0.036466 0.889908 0.001628 0.071997
 0.000935 0.037159 0.001628 0.960278
 0.036466 0.001628 0.960971 0.000935
 0.924747 0.001628 0.037159 0.036466
 0.071997 0.037159 0.889908 0.000935
 0.960278 0.037159 0.001628 0.000935
 0.036466 0.037159 0.001628 0.924747
 0.000935 0.960971 0.001628 0.036466
 0.711559 0.037159 0.214815 0.036466
 0.818153 0.037159 0.108222 0.036466
 0.676028 0.285878 0.001628 0.036466

MOTIF 63-CCGAGGCCT STREME-63
letter-probability matrix: alength= 4 w= 9 nsites= 660 E= 4.5e+001
 0.023992 0.906588 0.039264 0.030156
 0.000380 0.998578 0.000662 0.000380
 0.000380 0.000662 0.955735 0.043223
 0.921901 0.000662 0.000662 0.076776
 0.009178 0.012750 0.970678 0.007393
 0.004152 0.065446 0.930021 0.000380
 0.008352 0.889353 0.054764 0.047531
 0.001808 0.909434 0.052150 0.036607
 0.211066 0.038080 0.128971 0.621883

********************************************************************************
Stopped because 3 consecutive motifs exceeded the p-value threshold (0.05).
********************************************************************************
COMMAND:	streme --verbosity 1 --oc meme_out_incomplete_DL/HepG2_BCL3-human_ENCFF731MBF/streme_out -dna --seed 0 --p meme_out_incomplete_DL/HepG2_BCL3-human_ENCFF731MBF/seqs-centered --minw 6 --maxw 15 --time 6184 --order 2 --thresh 0.05 --align center --totallength 4000000 --parse-genomic-coord
********************************************************************************
CPU:		9f05ee173ae9
********************************************************************************
FINALTIME:	1987.95 seconds
********************************************************************************
