********************************************************************************
STREME - Sensitive, Thorough, Rapid, Enriched Motif Elicitation
********************************************************************************
MEME version 5.5.3 (Release date: Sat Jun 10 16:19:38 2023 -0700)

For further information on how to interpret these results please access http://localhost:8080/meme_5.5.3.
To get a copy of the MEME Suite software please access https://meme-suite.org.

********************************************************************************


********************************************************************************
REFERENCE
********************************************************************************
If you use this program in your research, please cite:

Timothy L. Bailey,
"STREME: accurate and versatile sequence motif discovery",
Bioinformatics, Mar. 24, 2021.
********************************************************************************


ALPHABET= ACGT

strands: + -

Background letter frequencies
A 0.259 C 0.241 G 0.241 T 0.259 

MOTIF 1-WATRTTTRCTYWDB STREME-1
letter-probability matrix: alength= 4 w= 14 nsites= 3186 E= 2.3e-057
 0.489679 0.149587 0.112067 0.248668
 0.457821 0.148335 0.167680 0.226164
 0.000013 0.001701 0.000012 0.998274
 0.522285 0.000012 0.477691 0.000013
 0.000013 0.000012 0.000012 0.999964
 0.000013 0.000012 0.000012 0.999964
 0.000013 0.000012 0.103051 0.896925
 0.634648 0.000012 0.365328 0.000013
 0.001026 0.785916 0.000012 0.213045
 0.262856 0.126375 0.000012 0.610757
 0.085562 0.298130 0.174545 0.441763
 0.539778 0.000012 0.015557 0.444653
 0.250158 0.112147 0.392663 0.245032
 0.116652 0.308460 0.235494 0.339394

MOTIF 2-CAAAGKTCA STREME-2
letter-probability matrix: alength= 4 w= 9 nsites= 2124 E= 1.1e-018
 0.000046 0.834658 0.039326 0.125970
 0.764824 0.202512 0.018187 0.014478
 0.810657 0.000043 0.169491 0.019809
 0.998485 0.001426 0.000043 0.000046
 0.000046 0.000043 0.999865 0.000046
 0.071098 0.000043 0.578538 0.350320
 0.000046 0.251415 0.079934 0.668604
 0.000046 0.958454 0.000043 0.041457
 0.975757 0.000043 0.024154 0.000046

MOTIF 3-DGTAAACA STREME-3
letter-probability matrix: alength= 4 w= 8 nsites= 2172 E= 7.7e-011
 0.347596 0.013126 0.258515 0.380763
 0.000083 0.000077 0.999756 0.000083
 0.000083 0.248388 0.000077 0.751452
 0.790483 0.209357 0.000077 0.000083
 0.915009 0.084830 0.000077 0.000083
 0.993581 0.000077 0.000077 0.006264
 0.000083 0.914294 0.000077 0.085546
 0.972673 0.000077 0.027167 0.000083

MOTIF 4-AGATCAAAG STREME-4
letter-probability matrix: alength= 4 w= 9 nsites= 904 E= 5.6e-010
 0.878326 0.011044 0.071424 0.039206
 0.000102 0.264814 0.734982 0.000102
 0.764487 0.000095 0.044923 0.190495
 0.078135 0.000095 0.047322 0.874448
 0.024793 0.870326 0.104779 0.000102
 0.984342 0.000095 0.002589 0.012973
 0.999707 0.000095 0.000095 0.000102
 0.968267 0.005570 0.000095 0.026068
 0.000102 0.015349 0.984447 0.000102

MOTIF 5-ATTGCACAAY STREME-5
letter-probability matrix: alength= 4 w= 10 nsites= 990 E= 1.1e-007
 0.694421 0.076522 0.228974 0.000082
 0.000082 0.000077 0.000077 0.999765
 0.000082 0.000077 0.000077 0.999765
 0.177617 0.000077 0.601364 0.220942
 0.000082 0.999759 0.000077 0.000082
 0.654096 0.135828 0.000077 0.209999
 0.055232 0.632281 0.000077 0.312411
 0.786184 0.211455 0.002278 0.000082
 0.999765 0.000077 0.000077 0.000082
 0.000082 0.393325 0.084104 0.522488

MOTIF 6-CCCCWCCCCC STREME-6
letter-probability matrix: alength= 4 w= 10 nsites= 712 E= 3.4e-007
 0.004257 0.932468 0.009261 0.054014
 0.022248 0.958009 0.005665 0.014077
 0.000134 0.999606 0.000125 0.000134
 0.048840 0.898461 0.001202 0.051496
 0.480627 0.000125 0.223876 0.295373
 0.002440 0.933977 0.000125 0.063458
 0.000134 0.987667 0.001324 0.010875
 0.052193 0.899676 0.003721 0.044411
 0.099420 0.867203 0.024177 0.009200
 0.065928 0.814815 0.031975 0.087282

MOTIF 7-AAAACAAACA STREME-7
letter-probability matrix: alength= 4 w= 10 nsites= 615 E= 2.1e-004
 0.685678 0.131325 0.031870 0.151127
 0.837510 0.000136 0.162207 0.000147
 0.785738 0.000136 0.152987 0.061138
 0.815530 0.053836 0.000136 0.130498
 0.000147 0.999571 0.000136 0.000147
 0.999581 0.000136 0.000136 0.000147
 0.999581 0.000136 0.000136 0.000147
 0.999581 0.000136 0.000136 0.000147
 0.000147 0.827048 0.000136 0.172669
 0.902620 0.000136 0.097097 0.000147

MOTIF 8-GAGKTCAAGGYY STREME-8
letter-probability matrix: alength= 4 w= 12 nsites= 390 E= 2.4e-004
 0.150129 0.063302 0.772995 0.013574
 0.875846 0.000100 0.108999 0.015055
 0.014501 0.005857 0.968020 0.011622
 0.064143 0.034644 0.551968 0.349245
 0.000108 0.196718 0.000100 0.803074
 0.000108 0.993927 0.000100 0.005865
 0.806118 0.000100 0.187917 0.005865
 0.961565 0.018567 0.019761 0.000108
 0.000108 0.000100 0.993927 0.005865
 0.079026 0.018567 0.893664 0.008744
 0.103366 0.530125 0.067569 0.298940
 0.062948 0.408007 0.091338 0.437707

MOTIF 9-VATGASTCATB STREME-9
letter-probability matrix: alength= 4 w= 11 nsites= 428 E= 2.4e-003
 0.360481 0.213275 0.267180 0.159063
 0.623449 0.090565 0.268210 0.017776
 0.023831 0.021755 0.000086 0.954328
 0.010894 0.021616 0.848187 0.119303
 0.975609 0.015513 0.008785 0.000093
 0.083149 0.416851 0.416851 0.083149
 0.000093 0.008785 0.015513 0.975609
 0.119303 0.848187 0.021616 0.010894
 0.954328 0.000086 0.021755 0.023831
 0.017776 0.268210 0.090565 0.623449
 0.159063 0.267180 0.213275 0.360481

MOTIF 10-TGGGATTACAGGCRT STREME-10
letter-probability matrix: alength= 4 w= 15 nsites= 203 E= 2.8e-003
 0.018172 0.018157 0.000208 0.963463
 0.131846 0.000208 0.867722 0.000224
 0.042104 0.006191 0.951482 0.000224
 0.060052 0.018157 0.915585 0.006206
 0.993377 0.000208 0.006191 0.000224
 0.000224 0.161745 0.000208 0.837823
 0.006206 0.024139 0.018157 0.951497
 0.945515 0.024139 0.024139 0.006206
 0.012189 0.855756 0.024139 0.107915
 0.981412 0.000208 0.006191 0.012189
 0.012189 0.006191 0.975413 0.006206
 0.107915 0.006191 0.867722 0.018172
 0.024155 0.789945 0.000208 0.185692
 0.514749 0.024139 0.454905 0.006206
 0.012189 0.137814 0.006191 0.843806

MOTIF 11-AGAGATAAGA STREME-11
letter-probability matrix: alength= 4 w= 10 nsites= 578 E= 3.1e-003
 0.617091 0.045175 0.233540 0.104194
 0.110893 0.149826 0.579625 0.159657
 0.924439 0.000134 0.000134 0.075292
 0.000144 0.000134 0.999577 0.000144
 0.975596 0.012527 0.011733 0.000144
 0.000144 0.000134 0.000134 0.999587
 0.825240 0.047778 0.028842 0.098140
 0.994146 0.000134 0.005575 0.000144
 0.000144 0.083325 0.820498 0.096032
 0.544541 0.175374 0.262616 0.017470

MOTIF 12-MAATCAATA STREME-12
letter-probability matrix: alength= 4 w= 9 nsites= 506 E= 8.2e-003
 0.485609 0.294782 0.104307 0.115302
 0.683434 0.000185 0.316182 0.000198
 0.896036 0.000185 0.103581 0.000198
 0.000198 0.000185 0.000185 0.999432
 0.144460 0.855157 0.000185 0.000198
 0.704570 0.000185 0.295046 0.000198
 0.999432 0.000185 0.000185 0.000198
 0.000198 0.000185 0.000185 0.999432
 0.782004 0.000185 0.217613 0.000198

MOTIF 13-CCAGGCTGGAGTGC STREME-13
letter-probability matrix: alength= 4 w= 14 nsites= 124 E= 3.6e-002
 0.019120 0.876974 0.019095 0.084811
 0.000351 0.942666 0.009711 0.047273
 0.914537 0.000326 0.056633 0.028504
 0.019120 0.004221 0.957540 0.019120
 0.047273 0.019095 0.933281 0.000351
 0.019120 0.961434 0.019095 0.000351
 0.000351 0.000326 0.000326 0.998997
 0.131733 0.000326 0.867590 0.000351
 0.056657 0.000326 0.923897 0.019120
 0.980228 0.000326 0.009711 0.009735
 0.197424 0.009711 0.783130 0.009735
 0.000351 0.009711 0.000326 0.989612
 0.066042 0.000326 0.923897 0.009735
 0.009735 0.980203 0.000326 0.009735

MOTIF 14-CCTCAGCCTCC STREME-14
letter-probability matrix: alength= 4 w= 11 nsites= 119 E= 3.6e-002
 0.002847 0.958190 0.005163 0.033800
 0.009428 0.969279 0.007725 0.013569
 0.000235 0.022113 0.029216 0.948436
 0.007741 0.969523 0.000219 0.022518
 0.587501 0.172899 0.177023 0.062576
 0.019116 0.016207 0.958149 0.006528
 0.025129 0.879318 0.029770 0.065783
 0.019115 0.910231 0.012806 0.057847
 0.028506 0.030508 0.083248 0.857739
 0.000235 0.977885 0.007845 0.014035
 0.031017 0.767637 0.183017 0.018329

MOTIF 15-CACGTG STREME-15
letter-probability matrix: alength= 4 w= 6 nsites= 348 E= 4.5e-002
 0.023545 0.931000 0.021909 0.023545
 0.932636 0.021909 0.021909 0.023545
 0.023545 0.931000 0.021909 0.023545
 0.023545 0.021909 0.931000 0.023545
 0.023545 0.021909 0.021909 0.932636
 0.023545 0.021909 0.931000 0.023545

MOTIF 16-CTGACCTCT STREME-16
letter-probability matrix: alength= 4 w= 9 nsites= 1014 E= 4.8e-002
 0.000224 0.735758 0.149312 0.114706
 0.000224 0.000209 0.009859 0.989708
 0.056909 0.029114 0.913753 0.000224
 0.845270 0.090348 0.064158 0.000224
 0.000224 0.971980 0.027571 0.000224
 0.000224 0.999342 0.000209 0.000224
 0.000224 0.117873 0.000209 0.881694
 0.066536 0.674447 0.064037 0.194980
 0.116974 0.168140 0.190125 0.524762

MOTIF 17-AAAAAAAAAAAAAA STREME-17
letter-probability matrix: alength= 4 w= 14 nsites= 126 E= 6.8e-002
 0.979558 0.000416 0.000416 0.019611
 0.985621 0.000416 0.013517 0.000447
 0.998722 0.000416 0.000416 0.000447
 0.986773 0.012365 0.000416 0.000447
 0.787523 0.000416 0.187714 0.024347
 0.986772 0.012366 0.000416 0.000447
 0.974822 0.000416 0.000416 0.024347
 0.986772 0.000416 0.000416 0.012397
 0.998722 0.000416 0.000416 0.000447
 0.891171 0.000416 0.012366 0.096048
 0.950922 0.048216 0.000416 0.000447
 0.904871 0.012366 0.082317 0.000447
 0.979364 0.000416 0.007825 0.012396
 0.888723 0.000416 0.097542 0.013319

MOTIF 18-GAGCCACCGCGCC STREME-18
letter-probability matrix: alength= 4 w= 13 nsites= 187 E= 1.5e-001
 0.046701 0.006012 0.947070 0.000217
 0.859928 0.064117 0.000202 0.075753
 0.029269 0.000202 0.947070 0.023459
 0.017648 0.912207 0.000202 0.069942
 0.006028 0.976122 0.017633 0.000217
 0.938863 0.000202 0.025855 0.035080
 0.000217 0.952880 0.000202 0.046701
 0.017648 0.641762 0.023444 0.317146
 0.325602 0.017633 0.656548 0.000217
 0.011838 0.676624 0.017633 0.293904
 0.267497 0.023444 0.677378 0.031681
 0.000217 0.918018 0.000202 0.081563
 0.000217 0.935449 0.000202 0.064132

MOTIF 19-GRGAGAGAGRGAGRR STREME-19
letter-probability matrix: alength= 4 w= 15 nsites= 268 E= 2.2e-001
 0.092844 0.000140 0.906865 0.000151
 0.571597 0.000140 0.335419 0.092844
 0.210495 0.096864 0.688461 0.004181
 0.743221 0.000140 0.256488 0.000151
 0.118698 0.112984 0.768167 0.000151
 0.935087 0.000140 0.000140 0.064633
 0.016271 0.024321 0.959257 0.000151
 0.753730 0.000140 0.217768 0.028362
 0.076724 0.024321 0.898805 0.000151
 0.444990 0.133135 0.377393 0.044482
 0.225839 0.008200 0.705358 0.060603
 0.862544 0.112984 0.000140 0.024332
 0.082426 0.000140 0.917283 0.000151
 0.529623 0.028351 0.365303 0.076724
 0.440304 0.052532 0.432216 0.074947

MOTIF 20-TATTGACA STREME-20
letter-probability matrix: alength= 4 w= 8 nsites= 136 E= 2.4e-001
 0.023545 0.021909 0.021909 0.932636
 0.932636 0.021909 0.021909 0.023545
 0.023545 0.021909 0.021909 0.932636
 0.023545 0.021909 0.021909 0.932636
 0.023545 0.021909 0.931000 0.023545
 0.932636 0.021909 0.021909 0.023545
 0.023545 0.931000 0.021909 0.023545
 0.932636 0.021909 0.021909 0.023545

MOTIF 21-CTTYRAAG STREME-21
letter-probability matrix: alength= 4 w= 8 nsites= 145 E= 2.6e-001
 0.001670 0.995107 0.001554 0.001670
 0.001670 0.001554 0.079206 0.917570
 0.001670 0.001554 0.001554 0.995223
 0.001670 0.555477 0.001554 0.441300
 0.441300 0.001554 0.555477 0.001670
 0.995223 0.001554 0.001554 0.001670
 0.917570 0.079206 0.001554 0.001670
 0.001670 0.001554 0.995107 0.001670

MOTIF 22-CMGGAAG STREME-22
letter-probability matrix: alength= 4 w= 7 nsites= 925 E= 2.7e-001
 0.000326 0.933586 0.000303 0.065784
 0.573962 0.351696 0.074016 0.000326
 0.000326 0.001314 0.998033 0.000326
 0.000326 0.000303 0.999045 0.000326
 0.999067 0.000303 0.000303 0.000326
 0.994921 0.004450 0.000303 0.000326
 0.000326 0.000303 0.999045 0.000326

MOTIF 23-AGACYCTGTCTC STREME-23
letter-probability matrix: alength= 4 w= 12 nsites= 111 E= 3.2e-001
 0.967122 0.032115 0.000368 0.000395
 0.243787 0.000368 0.755449 0.000395
 0.998869 0.000368 0.000368 0.000395
 0.000395 0.933311 0.000368 0.065926
 0.021560 0.643768 0.000368 0.334304
 0.000395 0.880400 0.000368 0.118837
 0.000395 0.266633 0.010950 0.722022
 0.262269 0.021533 0.715804 0.000395
 0.000395 0.021533 0.000368 0.977704
 0.032142 0.967094 0.000368 0.000395
 0.000395 0.000368 0.000368 0.998869
 0.032142 0.967094 0.000368 0.000395

MOTIF 24-AGATAA STREME-24
letter-probability matrix: alength= 4 w= 6 nsites= 701 E= 3.2e-001
 0.932636 0.021909 0.021909 0.023545
 0.023545 0.021909 0.931000 0.023545
 0.932636 0.021909 0.021909 0.023545
 0.023545 0.021909 0.021909 0.932636
 0.932636 0.021909 0.021909 0.023545
 0.932636 0.021909 0.021909 0.023545

MOTIF 25-GATCRCTTGAGSYCA STREME-25
letter-probability matrix: alength= 4 w= 15 nsites= 142 E= 4.3e-001
 0.059012 0.032876 0.907868 0.000244
 0.927474 0.026346 0.045936 0.000244
 0.000244 0.000227 0.006757 0.992772
 0.019833 0.777272 0.000227 0.202668
 0.627104 0.019816 0.326717 0.026363
 0.065542 0.862159 0.013287 0.059012
 0.013304 0.215710 0.013287 0.757700
 0.006774 0.013287 0.032876 0.947064
 0.052482 0.058995 0.868689 0.019833
 0.947064 0.026346 0.019816 0.006774
 0.078602 0.019816 0.875219 0.026363
 0.026363 0.529140 0.365895 0.078602
 0.026363 0.542200 0.000227 0.431210
 0.019833 0.927457 0.006757 0.045953
 0.822998 0.000227 0.170002 0.006774

MOTIF 26-AAACATTTAC STREME-26
letter-probability matrix: alength= 4 w= 10 nsites= 112 E= 4.3e-001
 0.577631 0.210333 0.045795 0.166242
 0.998267 0.000564 0.000564 0.000606
 0.669663 0.023375 0.051490 0.255472
 0.000606 0.998225 0.000564 0.000606
 0.998267 0.000564 0.000564 0.000606
 0.000606 0.000564 0.000564 0.998267
 0.000606 0.123881 0.000564 0.874950
 0.163065 0.000564 0.000564 0.835808
 0.998267 0.000564 0.000564 0.000606
 0.000606 0.998225 0.000564 0.000606

MOTIF 27-GWTAAACAT STREME-27
letter-probability matrix: alength= 4 w= 9 nsites= 427 E= 5.6e-001
 0.112017 0.020028 0.757353 0.110602
 0.565742 0.018968 0.000263 0.415027
 0.000282 0.000263 0.000263 0.999192
 0.991641 0.000263 0.000263 0.007834
 0.989530 0.009925 0.000263 0.000282
 0.868207 0.009047 0.048357 0.074390
 0.019949 0.969998 0.005181 0.004872
 0.874248 0.008092 0.058901 0.058759
 0.144120 0.165841 0.087467 0.602572

MOTIF 28-ATGGCGGCT STREME-28
letter-probability matrix: alength= 4 w= 9 nsites= 42 E= 6.3e-001
 0.932636 0.021909 0.021909 0.023545
 0.023545 0.021909 0.021909 0.932636
 0.023545 0.021909 0.931000 0.023545
 0.023545 0.021909 0.931000 0.023545
 0.023545 0.931000 0.021909 0.023545
 0.023545 0.021909 0.931000 0.023545
 0.023545 0.021909 0.931000 0.023545
 0.023545 0.931000 0.021909 0.023545
 0.023545 0.021909 0.021909 0.932636

MOTIF 29-GCGCCTGCGCA STREME-29
letter-probability matrix: alength= 4 w= 11 nsites= 58 E= 7.9e-001
 0.000813 0.012514 0.985860 0.000813
 0.000813 0.975864 0.000756 0.022566
 0.000813 0.000756 0.975864 0.022566
 0.044319 0.823592 0.066016 0.066073
 0.087826 0.841158 0.070203 0.000813
 0.009840 0.000756 0.000756 0.988647
 0.000813 0.000756 0.997618 0.000813
 0.000813 0.997618 0.000756 0.000813
 0.000813 0.000756 0.975864 0.022566
 0.000813 0.975864 0.000756 0.022566
 0.721888 0.087769 0.153029 0.037314

MOTIF 30-AAATATTT STREME-30
letter-probability matrix: alength= 4 w= 8 nsites= 97 E= 7.9e-001
 0.932636 0.021909 0.021909 0.023545
 0.932636 0.021909 0.021909 0.023545
 0.932636 0.021909 0.021909 0.023545
 0.023545 0.021909 0.021909 0.932636
 0.932636 0.021909 0.021909 0.023545
 0.023545 0.021909 0.021909 0.932636
 0.023545 0.021909 0.021909 0.932636
 0.023545 0.021909 0.021909 0.932636

MOTIF 31-GCAAATA STREME-31
letter-probability matrix: alength= 4 w= 7 nsites= 342 E= 8.3e-001
 0.001637 0.001524 0.995202 0.001637
 0.001637 0.995202 0.001524 0.001637
 0.730818 0.001524 0.004701 0.262958
 0.995315 0.001524 0.001524 0.001637
 0.995315 0.001524 0.001524 0.001637
 0.001637 0.001524 0.001524 0.995315
 0.995315 0.001524 0.001524 0.001637

MOTIF 32-CTCCTCCCA STREME-32
letter-probability matrix: alength= 4 w= 9 nsites= 274 E= 1.1e+000
 0.125397 0.873256 0.000649 0.000698
 0.082518 0.000649 0.179186 0.737646
 0.215680 0.601052 0.000649 0.182618
 0.000698 0.985795 0.012809 0.000698
 0.085374 0.000649 0.000649 0.913327
 0.000698 0.997955 0.000649 0.000698
 0.000698 0.997955 0.000649 0.000698
 0.000698 0.997955 0.000649 0.000698
 0.998003 0.000649 0.000649 0.000698

MOTIF 33-GCAGTGAGCYRTGA STREME-33
letter-probability matrix: alength= 4 w= 14 nsites= 73 E= 1.3e+000
 0.158959 0.000551 0.824061 0.016429
 0.016429 0.950755 0.000551 0.032265
 0.966633 0.016387 0.000551 0.016429
 0.032265 0.063898 0.887408 0.016429
 0.016429 0.016387 0.000551 0.966633
 0.000592 0.016387 0.966592 0.016429
 0.998307 0.000551 0.000551 0.000592
 0.016429 0.000551 0.966592 0.016429
 0.000592 0.887408 0.000551 0.111449
 0.016429 0.364796 0.032224 0.586551
 0.554878 0.032224 0.396469 0.016429
 0.190633 0.095571 0.032224 0.681572
 0.032265 0.032224 0.934919 0.000592
 0.950796 0.000551 0.000551 0.048102

MOTIF 34-GGGTAATTRACATK STREME-34
letter-probability matrix: alength= 4 w= 14 nsites= 43 E= 1.3e+000
 0.122432 0.025150 0.851510 0.000908
 0.049518 0.000845 0.948729 0.000908
 0.243955 0.000845 0.754291 0.000908
 0.000908 0.000845 0.000845 0.997401
 0.973097 0.000845 0.025150 0.000908
 0.973097 0.000845 0.000845 0.025213
 0.025213 0.000845 0.000845 0.973097
 0.000908 0.073759 0.000845 0.924487
 0.657135 0.000845 0.341111 0.000908
 0.997401 0.000845 0.000845 0.000908
 0.000908 0.924424 0.000845 0.073822
 0.705745 0.268197 0.000845 0.025213
 0.000908 0.025150 0.025150 0.948792
 0.025213 0.025150 0.414025 0.535612

MOTIF 35-ATGACC STREME-35
letter-probability matrix: alength= 4 w= 6 nsites= 710 E= 1.3e+000
 0.932636 0.021909 0.021909 0.023545
 0.023545 0.021909 0.021909 0.932636
 0.023545 0.021909 0.931000 0.023545
 0.932636 0.021909 0.021909 0.023545
 0.023545 0.931000 0.021909 0.023545
 0.023545 0.931000 0.021909 0.023545

MOTIF 36-CACATTCC STREME-36
letter-probability matrix: alength= 4 w= 8 nsites= 142 E= 1.5e+000
 0.023545 0.931000 0.021909 0.023545
 0.932636 0.021909 0.021909 0.023545
 0.023545 0.931000 0.021909 0.023545
 0.932636 0.021909 0.021909 0.023545
 0.023545 0.021909 0.021909 0.932636
 0.023545 0.021909 0.021909 0.932636
 0.023545 0.931000 0.021909 0.023545
 0.023545 0.931000 0.021909 0.023545

MOTIF 37-ACACACACACACACA STREME-37
letter-probability matrix: alength= 4 w= 15 nsites= 111 E= 1.9e+000
 0.998421 0.000513 0.000513 0.000552
 0.000552 0.839413 0.000513 0.159521
 0.850763 0.000513 0.148172 0.000552
 0.000552 0.998383 0.000513 0.000552
 0.998421 0.000513 0.000513 0.000552
 0.000552 0.947332 0.000513 0.051603
 0.998421 0.000513 0.000513 0.000552
 0.000552 0.998383 0.000513 0.000552
 0.998421 0.000513 0.000513 0.000552
 0.000552 0.998383 0.000513 0.000552
 0.939358 0.000513 0.059577 0.000552
 0.000552 0.952178 0.000513 0.046757
 0.998421 0.000513 0.000513 0.000552
 0.000552 0.983617 0.000513 0.015318
 0.939358 0.000513 0.059577 0.000552

MOTIF 38-CAAAGTCC STREME-38
letter-probability matrix: alength= 4 w= 8 nsites= 713 E= 2.0e+000
 0.000334 0.961429 0.037746 0.000491
 0.928900 0.024646 0.011621 0.034834
 0.956231 0.000311 0.000311 0.043147
 0.923003 0.009245 0.044730 0.023022
 0.000664 0.000311 0.934017 0.065008
 0.005160 0.000311 0.000311 0.994218
 0.087909 0.610718 0.279311 0.022063
 0.030601 0.865370 0.018091 0.085937

MOTIF 39-GAAAGGAARG STREME-39
letter-probability matrix: alength= 4 w= 10 nsites= 480 E= 7.1e+000
 0.000173 0.000161 0.928391 0.071274
 0.704287 0.000161 0.295378 0.000173
 0.950501 0.000161 0.025034 0.024304
 0.873280 0.000161 0.024776 0.101783
 0.000173 0.168270 0.704192 0.127364
 0.000173 0.171103 0.786576 0.042148
 0.970210 0.008078 0.009441 0.012272
 0.928760 0.000161 0.000161 0.070918
 0.498932 0.029925 0.284638 0.186504
 0.058504 0.122771 0.727051 0.091675

MOTIF 40-CCAAGGACAG STREME-40
letter-probability matrix: alength= 4 w= 10 nsites= 166 E= 2.0e+001
 0.020338 0.898705 0.005931 0.075026
 0.063063 0.935942 0.000415 0.000580
 0.890231 0.032944 0.071961 0.004864
 0.736498 0.110028 0.052549 0.100924
 0.016409 0.036188 0.928589 0.018814
 0.009983 0.029941 0.947707 0.012369
 0.979333 0.000415 0.019807 0.000446
 0.004103 0.991741 0.001718 0.002438
 0.961985 0.000415 0.036188 0.001413
 0.078435 0.082524 0.778973 0.060068

MOTIF 41-AGGGTCAAGGRM STREME-41
letter-probability matrix: alength= 4 w= 12 nsites= 120 E= 3.2e+001
 0.957254 0.000280 0.000280 0.042185
 0.000301 0.000280 0.932612 0.066806
 0.068177 0.032545 0.890911 0.008368
 0.000301 0.000280 0.742373 0.257045
 0.092376 0.000280 0.000280 0.907063
 0.016434 0.982984 0.000280 0.000301
 0.802204 0.000280 0.197214 0.000301
 0.819859 0.040611 0.139228 0.000301
 0.070298 0.000280 0.775864 0.153557
 0.035913 0.000280 0.872802 0.091005
 0.404210 0.000280 0.508004 0.087505
 0.236194 0.462803 0.116553 0.184450

********************************************************************************
Stopped because 3 consecutive motifs exceeded the p-value threshold (0.05).
********************************************************************************
COMMAND:	streme --verbosity 1 --oc meme_out_incomplete_DL/HepG2_HHEX-human_ENCFF287QGX/streme_out -dna --seed 0 --p meme_out_incomplete_DL/HepG2_HHEX-human_ENCFF287QGX/seqs-centered --minw 6 --maxw 15 --time 6189 --order 2 --thresh 0.05 --align center --totallength 4000000 --parse-genomic-coord
********************************************************************************
CPU:		9f05ee173ae9
********************************************************************************
FINALTIME:	624.38 seconds
********************************************************************************
