********************************************************************************
STREME - Sensitive, Thorough, Rapid, Enriched Motif Elicitation
********************************************************************************
MEME version 5.5.3 (Release date: Sat Jun 10 16:19:38 2023 -0700)

For further information on how to interpret these results please access http://localhost:8080/meme_5.5.3.
To get a copy of the MEME Suite software please access https://meme-suite.org.

********************************************************************************


********************************************************************************
REFERENCE
********************************************************************************
If you use this program in your research, please cite:

Timothy L. Bailey,
"STREME: accurate and versatile sequence motif discovery",
Bioinformatics, Mar. 24, 2021.
********************************************************************************


ALPHABET= ACGT

strands: + -

Background letter frequencies
A 0.2 C 0.3 G 0.3 T 0.2 

MOTIF 1-AGTAAAYAH STREME-1
letter-probability matrix: alength= 4 w= 9 nsites= 1986 E= 1.7e-012
 0.559712 0.018173 0.160918 0.261198
 0.286627 0.014551 0.660414 0.038407
 0.000040 0.258262 0.000059 0.741639
 0.914809 0.085092 0.000059 0.000040
 0.999842 0.000059 0.000059 0.000040
 0.994443 0.000059 0.000059 0.005438
 0.000040 0.570855 0.006902 0.422204
 0.979374 0.000059 0.020528 0.000040
 0.274608 0.266246 0.062084 0.397062

MOTIF 2-GCCCCGCCCCCN STREME-2
letter-probability matrix: alength= 4 w= 12 nsites= 2144 E= 6.0e-011
 0.102262 0.037399 0.661914 0.198425
 0.008612 0.935047 0.000035 0.056306
 0.012391 0.955105 0.000035 0.032469
 0.065416 0.934525 0.000035 0.000023
 0.000023 0.999918 0.000035 0.000023
 0.089391 0.000035 0.793123 0.117451
 0.040334 0.932542 0.000035 0.027089
 0.000023 0.999918 0.000035 0.000023
 0.000023 0.923374 0.000035 0.076568
 0.107896 0.892046 0.000035 0.000023
 0.080511 0.541397 0.152768 0.225324
 0.175323 0.285058 0.254411 0.285207

MOTIF 3-TCAGCACCAYGGACA STREME-3
letter-probability matrix: alength= 4 w= 15 nsites= 333 E= 8.3e-010
 0.007848 0.083636 0.061156 0.847360
 0.006516 0.973984 0.000139 0.019361
 0.996418 0.000139 0.000139 0.003304
 0.012938 0.000139 0.983619 0.003304
 0.041841 0.749731 0.142774 0.065654
 0.989995 0.000139 0.003350 0.006516
 0.000093 0.996464 0.003350 0.000093
 0.006516 0.970773 0.003350 0.019361
 0.604626 0.061156 0.144652 0.189566
 0.139516 0.346972 0.059277 0.454235
 0.000093 0.003350 0.993253 0.003304
 0.006516 0.012985 0.977196 0.003304
 0.922556 0.051522 0.003350 0.022573
 0.000093 0.869886 0.110660 0.019361
 0.983572 0.009773 0.006562 0.000093

MOTIF 4-CAAAGTCCA STREME-4
letter-probability matrix: alength= 4 w= 9 nsites= 1059 E= 6.0e-009
 0.000099 0.978621 0.000149 0.021130
 0.921726 0.023626 0.029039 0.025609
 0.838428 0.000149 0.161324 0.000099
 0.957631 0.002783 0.039486 0.000099
 0.000099 0.028356 0.971445 0.000099
 0.018942 0.027353 0.027705 0.926001
 0.043085 0.848083 0.035927 0.072905
 0.040917 0.933821 0.009747 0.015514
 0.886540 0.026850 0.017059 0.069552

MOTIF 5-RTTGCAYAAY STREME-5
letter-probability matrix: alength= 4 w= 10 nsites= 776 E= 1.7e-008
 0.503085 0.092066 0.404773 0.000075
 0.000075 0.000112 0.000112 0.999702
 0.000075 0.000112 0.000112 0.999702
 0.309630 0.000112 0.690183 0.000075
 0.000075 0.999739 0.000112 0.000075
 0.776573 0.000112 0.041252 0.182063
 0.196189 0.373049 0.000112 0.430650
 0.769465 0.230348 0.000112 0.000075
 0.999702 0.000112 0.000112 0.000075
 0.048312 0.421581 0.141541 0.388566

MOTIF 6-CCACCAGGGGGC STREME-6
letter-probability matrix: alength= 4 w= 12 nsites= 468 E= 3.7e-008
 0.005626 0.985937 0.006395 0.002041
 0.000104 0.998947 0.000846 0.000104
 0.780307 0.010910 0.196213 0.012570
 0.000104 0.758524 0.241269 0.000104
 0.000104 0.772009 0.069818 0.158069
 0.997648 0.000155 0.002093 0.000104
 0.007607 0.012398 0.976306 0.003689
 0.267652 0.003740 0.728504 0.000104
 0.019708 0.021665 0.655675 0.302952
 0.003689 0.003740 0.992468 0.000104
 0.020459 0.003740 0.947153 0.028647
 0.006119 0.991232 0.000155 0.002494

MOTIF 7-RAGATGGCGGCGGC STREME-7
letter-probability matrix: alength= 4 w= 14 nsites= 1374 E= 1.4e-007
 0.632780 0.002417 0.364780 0.000023
 0.585969 0.291115 0.040877 0.082038
 0.093362 0.251640 0.627966 0.027032
 0.773626 0.000034 0.221551 0.004789
 0.013130 0.186560 0.000034 0.800276
 0.010350 0.017511 0.972117 0.000023
 0.000817 0.000034 0.984497 0.014651
 0.006378 0.969074 0.000034 0.024514
 0.088198 0.070599 0.762807 0.078396
 0.118841 0.035781 0.775255 0.070122
 0.068669 0.827676 0.019894 0.083762
 0.099514 0.218412 0.550582 0.131492
 0.127917 0.245494 0.538390 0.088198
 0.083357 0.643960 0.152845 0.119838

MOTIF 8-SGTSACGTSACS STREME-8
letter-probability matrix: alength= 4 w= 12 nsites= 653 E= 2.5e-007
 0.094565 0.322908 0.517469 0.065058
 0.167231 0.242109 0.530691 0.059969
 0.008174 0.312637 0.028027 0.651162
 0.035134 0.516444 0.371713 0.076709
 0.998270 0.000067 0.000843 0.000820
 0.000045 0.999843 0.000067 0.000045
 0.000045 0.000067 0.999843 0.000045
 0.000820 0.000843 0.000067 0.998270
 0.076709 0.371713 0.516444 0.035134
 0.651162 0.028027 0.312637 0.008174
 0.059969 0.530691 0.242109 0.167231
 0.065058 0.517469 0.322908 0.094565

MOTIF 9-ACTACAWYTCCCA STREME-9
letter-probability matrix: alength= 4 w= 13 nsites= 257 E= 8.5e-007
 0.966765 0.032917 0.000191 0.000127
 0.000127 0.999554 0.000191 0.000127
 0.000127 0.026671 0.000191 0.973010
 0.913804 0.000191 0.085877 0.000127
 0.000127 0.990727 0.000191 0.008954
 0.852016 0.048738 0.090291 0.008954
 0.529737 0.062829 0.127430 0.280004
 0.066329 0.442614 0.119353 0.371704
 0.039848 0.070805 0.000191 0.889155
 0.000127 0.928940 0.013431 0.057502
 0.000127 0.999554 0.000191 0.000127
 0.000127 0.990727 0.000191 0.008954
 0.750508 0.000191 0.244760 0.004541

MOTIF 10-CACTTCCGGBB STREME-10
letter-probability matrix: alength= 4 w= 11 nsites= 860 E= 6.0e-006
 0.142782 0.638736 0.078416 0.140067
 0.944992 0.000074 0.054885 0.000049
 0.000049 0.996411 0.000074 0.003466
 0.000049 0.000074 0.002491 0.997386
 0.006332 0.000074 0.000074 0.993520
 0.002466 0.997410 0.000074 0.000049
 0.000049 0.999827 0.000074 0.000049
 0.000049 0.000074 0.825891 0.173985
 0.024527 0.163393 0.722882 0.089199
 0.003143 0.400383 0.227194 0.369280
 0.100476 0.290663 0.233790 0.375071

MOTIF 11-VTGASTCAB STREME-11
letter-probability matrix: alength= 4 w= 9 nsites= 645 E= 1.2e-005
 0.446030 0.255966 0.294117 0.003887
 0.000110 0.017901 0.009290 0.972700
 0.008584 0.008407 0.907488 0.075521
 0.980383 0.015196 0.004312 0.000110
 0.019530 0.480470 0.480470 0.019530
 0.000110 0.004312 0.015196 0.980383
 0.075521 0.907488 0.008407 0.008584
 0.972700 0.009290 0.017901 0.000110
 0.003887 0.294117 0.255966 0.446030

MOTIF 12-GCGCATGCGC STREME-12
letter-probability matrix: alength= 4 w= 10 nsites= 518 E= 5.9e-005
 0.059215 0.001043 0.937555 0.002186
 0.037877 0.958156 0.001782 0.002186
 0.021592 0.000947 0.974623 0.002838
 0.003862 0.988795 0.000556 0.006787
 0.729798 0.141810 0.087537 0.040855
 0.040855 0.087537 0.141810 0.729798
 0.006787 0.000556 0.988795 0.003862
 0.002838 0.974623 0.000947 0.021592
 0.002186 0.001782 0.958156 0.037877
 0.002186 0.937555 0.001043 0.059215

MOTIF 13-GCCTGTAATCCCAGC STREME-13
letter-probability matrix: alength= 4 w= 15 nsites= 175 E= 3.1e-004
 0.198719 0.000277 0.775201 0.025802
 0.012994 0.928905 0.000277 0.057824
 0.000185 0.973736 0.006681 0.019398
 0.012994 0.000277 0.006681 0.980048
 0.077037 0.000277 0.916097 0.006589
 0.000185 0.000277 0.013086 0.986452
 0.954431 0.000277 0.045107 0.000185
 0.730279 0.013086 0.250046 0.006589
 0.000185 0.019490 0.000277 0.980048
 0.012994 0.941714 0.006681 0.038611
 0.006589 0.941714 0.000277 0.051420
 0.006589 0.877671 0.006681 0.109059
 0.960835 0.019490 0.013086 0.006589
 0.083441 0.006681 0.909692 0.000185
 0.019398 0.916097 0.019490 0.045015

MOTIF 14-ASCACGTGG STREME-14
letter-probability matrix: alength= 4 w= 9 nsites= 475 E= 4.3e-004
 0.610775 0.155944 0.000348 0.232933
 0.059849 0.374050 0.509726 0.056376
 0.000232 0.999187 0.000348 0.000232
 0.999071 0.000348 0.000348 0.000232
 0.000232 0.999187 0.000348 0.000232
 0.000232 0.000348 0.999187 0.000232
 0.000232 0.000348 0.000348 0.999071
 0.000232 0.099318 0.900217 0.000232
 0.000232 0.000348 0.844205 0.155215

MOTIF 15-CMAAGGTCA STREME-15
letter-probability matrix: alength= 4 w= 9 nsites= 1032 E= 6.3e-004
 0.000090 0.791428 0.043998 0.164484
 0.583906 0.390222 0.017315 0.008557
 0.843928 0.007194 0.099352 0.049526
 0.953334 0.003241 0.020860 0.022564
 0.000090 0.005922 0.984802 0.009187
 0.077995 0.000134 0.921781 0.000090
 0.000090 0.000134 0.086073 0.913703
 0.021073 0.893241 0.012855 0.072831
 0.915183 0.000134 0.049485 0.035197

MOTIF 16-GAATGAATGA STREME-16
letter-probability matrix: alength= 4 w= 10 nsites= 240 E= 3.5e-003
 0.054669 0.085641 0.846725 0.012965
 0.909077 0.012564 0.069710 0.008650
 0.959831 0.015232 0.021483 0.003453
 0.000143 0.005145 0.000215 0.994497
 0.008324 0.016876 0.972646 0.002154
 0.981152 0.001556 0.004470 0.012822
 0.964797 0.007599 0.012569 0.015035
 0.000143 0.011914 0.000215 0.987728
 0.001312 0.005152 0.990910 0.002625
 0.828135 0.019416 0.142825 0.009624

MOTIF 17-TGASSTCA STREME-17
letter-probability matrix: alength= 4 w= 8 nsites= 543 E= 4.5e-003
 0.000394 0.033967 0.000590 0.965049
 0.000394 0.000590 0.998622 0.000394
 0.998426 0.000590 0.000590 0.000394
 0.084039 0.495818 0.265791 0.154352
 0.154352 0.265791 0.495818 0.084039
 0.000394 0.000590 0.000590 0.998426
 0.000394 0.998622 0.000590 0.000394
 0.965049 0.000590 0.033967 0.000394

MOTIF 18-CCCCACCCC STREME-18
letter-probability matrix: alength= 4 w= 9 nsites= 2579 E= 4.6e-003
 0.009219 0.839904 0.000167 0.150710
 0.000111 0.976767 0.000167 0.022956
 0.000111 0.999611 0.000167 0.000111
 0.006097 0.877942 0.044397 0.071563
 0.999556 0.000167 0.000167 0.000111
 0.139228 0.604182 0.064543 0.192047
 0.000111 0.999611 0.000167 0.000111
 0.000111 0.849214 0.000167 0.150509
 0.070550 0.648485 0.017800 0.263165

MOTIF 19-GCCACCACGCCCRGC STREME-19
letter-probability matrix: alength= 4 w= 15 nsites= 111 E= 7.8e-003
 0.084908 0.000457 0.914329 0.000305
 0.032032 0.946055 0.011033 0.010881
 0.004695 0.973392 0.011033 0.010881
 0.988204 0.011033 0.000457 0.000305
 0.010881 0.967206 0.000457 0.021456
 0.000305 0.998932 0.000457 0.000305
 0.670943 0.021608 0.307143 0.000305
 0.000305 0.723972 0.021608 0.254114
 0.148361 0.011033 0.808575 0.032032
 0.000305 0.988356 0.011033 0.000305
 0.000305 0.956630 0.000457 0.042607
 0.074333 0.798000 0.021608 0.106059
 0.412745 0.000457 0.544191 0.042607
 0.074333 0.042759 0.882603 0.000305
 0.000305 0.998932 0.000457 0.000305

MOTIF 20-CDGCRGCNKCD STREME-20
letter-probability matrix: alength= 4 w= 11 nsites= 2436 E= 1.0e-002
 0.000027 0.999904 0.000041 0.000027
 0.259700 0.000041 0.342426 0.397832
 0.279014 0.000041 0.720918 0.000027
 0.015784 0.984147 0.000041 0.000027
 0.500588 0.000041 0.428175 0.071196
 0.241238 0.000041 0.595760 0.162961
 0.000027 0.998001 0.001944 0.000027
 0.188494 0.272866 0.217434 0.321207
 0.234926 0.000041 0.506884 0.258149
 0.000027 0.999904 0.000041 0.000027
 0.245961 0.000041 0.429629 0.324369

MOTIF 21-CCCGGCCCKGCYC STREME-21
letter-probability matrix: alength= 4 w= 13 nsites= 164 E= 1.1e-002
 0.000258 0.990176 0.009309 0.000258
 0.000258 0.864427 0.000386 0.134929
 0.000258 0.999099 0.000386 0.000258
 0.000258 0.074441 0.846256 0.079046
 0.000258 0.000386 0.972330 0.027026
 0.000258 0.999099 0.000386 0.000258
 0.000258 0.835182 0.000386 0.164174
 0.000258 0.999099 0.000386 0.000258
 0.077605 0.214338 0.267711 0.440347
 0.018103 0.000386 0.981253 0.000258
 0.000258 0.999099 0.000386 0.000258
 0.000258 0.442509 0.153791 0.403442
 0.009180 0.864620 0.125941 0.000258

MOTIF 22-AGCGCCCCCTGSHGG STREME-22
letter-probability matrix: alength= 4 w= 15 nsites= 259 E= 1.5e-002
 0.690851 0.000159 0.308885 0.000106
 0.000106 0.007488 0.951990 0.040417
 0.000106 0.992301 0.007488 0.000106
 0.122559 0.000159 0.781896 0.095386
 0.036752 0.868326 0.058170 0.036752
 0.000106 0.992301 0.000159 0.007435
 0.299359 0.623419 0.036805 0.040417
 0.003770 0.653635 0.047799 0.294796
 0.007435 0.988636 0.003823 0.000106
 0.016285 0.060313 0.018482 0.904920
 0.234642 0.107953 0.620653 0.036752
 0.000106 0.393171 0.606617 0.000106
 0.268521 0.297268 0.033140 0.401070
 0.000106 0.025811 0.973977 0.000106
 0.121038 0.129318 0.599911 0.149733

MOTIF 23-ATCRCTTGARCCC STREME-23
letter-probability matrix: alength= 4 w= 13 nsites= 103 E= 2.8e-002
 0.977767 0.000455 0.021475 0.000304
 0.000304 0.000455 0.000455 0.998787
 0.000304 0.736179 0.010965 0.252552
 0.462759 0.010965 0.525972 0.000304
 0.021324 0.977918 0.000455 0.000304
 0.000304 0.042496 0.000455 0.956746
 0.000304 0.000455 0.042496 0.956746
 0.052855 0.000455 0.935876 0.010814
 0.977767 0.000455 0.010965 0.010814
 0.441738 0.000455 0.525972 0.031835
 0.000304 0.820262 0.095048 0.084386
 0.000304 0.851793 0.000455 0.147449
 0.010814 0.893835 0.000455 0.094897

MOTIF 24-CTGTCACCCAG STREME-24
letter-probability matrix: alength= 4 w= 11 nsites= 239 E= 3.8e-002
 0.013576 0.745029 0.026488 0.214906
 0.041394 0.174513 0.038022 0.746071
 0.070357 0.000190 0.929327 0.000127
 0.000127 0.000190 0.000190 0.999494
 0.000127 0.730191 0.000190 0.269492
 0.719049 0.000190 0.280635 0.000127
 0.000127 0.930842 0.000190 0.068842
 0.000127 0.933731 0.000190 0.065953
 0.055502 0.694271 0.018130 0.232097
 0.886178 0.113506 0.000190 0.000127
 0.143482 0.043745 0.764024 0.048749

MOTIF 25-CACGTG STREME-25
letter-probability matrix: alength= 4 w= 6 nsites= 465 E= 3.8e-002
 0.018200 0.936345 0.027255 0.018200
 0.927291 0.027255 0.027255 0.018200
 0.018200 0.936345 0.027255 0.018200
 0.018200 0.027255 0.936345 0.018200
 0.018200 0.027255 0.027255 0.927291
 0.018200 0.027255 0.936345 0.018200

MOTIF 26-RGGAGGRGGRRGVGG STREME-26
letter-probability matrix: alength= 4 w= 15 nsites= 2084 E= 3.9e-002
 0.353541 0.055224 0.591220 0.000015
 0.060715 0.000023 0.939247 0.000015
 0.000015 0.000023 0.999947 0.000015
 0.990819 0.000023 0.000023 0.009135
 0.324896 0.012503 0.659967 0.002634
 0.000015 0.001594 0.998376 0.000015
 0.493565 0.136344 0.279960 0.090132
 0.180597 0.000023 0.819365 0.000015
 0.248772 0.045886 0.698518 0.006823
 0.437790 0.179425 0.310676 0.072109
 0.343658 0.040259 0.568411 0.047672
 0.219947 0.172985 0.598673 0.008394
 0.395481 0.230796 0.224590 0.149133
 0.225320 0.025813 0.659682 0.089185
 0.170475 0.096720 0.679856 0.052949

MOTIF 27-GYAAACA STREME-27
letter-probability matrix: alength= 4 w= 7 nsites= 504 E= 4.0e-002
 0.000505 0.000757 0.998232 0.000505
 0.000505 0.482551 0.000757 0.516186
 0.997981 0.000757 0.000757 0.000505
 0.997981 0.000757 0.000757 0.000505
 0.997981 0.000757 0.000757 0.000505
 0.000505 0.941401 0.000757 0.057336
 0.995186 0.000757 0.003551 0.000505

MOTIF 28-AAAAAAAAAAAARAA STREME-28
letter-probability matrix: alength= 4 w= 15 nsites= 229 E= 7.4e-002
 0.882990 0.050493 0.000220 0.066297
 0.923086 0.030751 0.000220 0.045943
 0.877290 0.061282 0.061282 0.000147
 0.893515 0.000220 0.070498 0.035766
 0.775651 0.005309 0.053951 0.165090
 0.928174 0.025662 0.000220 0.045943
 0.785697 0.142697 0.051105 0.020501
 0.851847 0.091812 0.010397 0.045943
 0.968882 0.000220 0.030751 0.000147
 0.994324 0.005309 0.000220 0.000147
 0.999413 0.000220 0.000220 0.000147
 0.818600 0.015485 0.127076 0.038838
 0.449331 0.117255 0.241922 0.191492
 0.839559 0.000220 0.000220 0.160001
 0.970752 0.005291 0.020574 0.003382

MOTIF 29-CCCASMATSCCCCGC STREME-29
letter-probability matrix: alength= 4 w= 15 nsites= 236 E= 9.5e-002
 0.000132 0.999540 0.000197 0.000132
 0.000132 0.999540 0.000197 0.000132
 0.000132 0.999540 0.000197 0.000132
 0.999474 0.000197 0.000197 0.000132
 0.036596 0.368629 0.571852 0.022922
 0.444160 0.455233 0.100475 0.000132
 0.646608 0.009313 0.280133 0.063945
 0.182456 0.032104 0.229994 0.555446
 0.018364 0.330273 0.564628 0.086736
 0.000132 0.999540 0.000197 0.000132
 0.218921 0.651232 0.000197 0.129650
 0.000132 0.669464 0.106925 0.223479
 0.198022 0.571852 0.059453 0.170673
 0.091294 0.000197 0.908377 0.000132
 0.000132 0.765184 0.234552 0.000132

MOTIF 30-AGACYCTGTCTC STREME-30
letter-probability matrix: alength= 4 w= 12 nsites= 145 E= 9.8e-002
 0.999079 0.000345 0.000345 0.000231
 0.306806 0.000345 0.676657 0.016192
 0.999079 0.000345 0.000345 0.000231
 0.016192 0.963959 0.000345 0.019504
 0.000231 0.594895 0.016306 0.388569
 0.000231 0.863523 0.032268 0.103979
 0.035465 0.313127 0.008326 0.643082
 0.159843 0.022931 0.816996 0.000231
 0.000231 0.000345 0.000345 0.999079
 0.000231 0.999194 0.000345 0.000231
 0.035465 0.000345 0.024287 0.939903
 0.043446 0.955978 0.000345 0.000231

MOTIF 31-CTCGGCCTC STREME-31
letter-probability matrix: alength= 4 w= 9 nsites= 1442 E= 4.2e-001
 0.011704 0.968891 0.019270 0.000135
 0.000135 0.057403 0.000202 0.942260
 0.042904 0.901236 0.000202 0.055658
 0.156165 0.000202 0.765962 0.077671
 0.032349 0.000202 0.948995 0.018454
 0.012259 0.935174 0.052432 0.000135
 0.027382 0.858446 0.064316 0.049857
 0.024400 0.051388 0.032827 0.891386
 0.014377 0.985286 0.000202 0.000135

MOTIF 32-CRGCCAATCRS STREME-32
letter-probability matrix: alength= 4 w= 11 nsites= 251 E= 4.2e-001
 0.027977 0.557723 0.242682 0.171617
 0.628446 0.000234 0.371164 0.000156
 0.275266 0.000234 0.624832 0.099668
 0.000156 0.999453 0.000234 0.000156
 0.000156 0.999453 0.000234 0.000156
 0.999375 0.000234 0.000234 0.000156
 0.999375 0.000234 0.000234 0.000156
 0.000156 0.000234 0.000234 0.999375
 0.000156 0.999453 0.000234 0.000156
 0.625676 0.000234 0.373933 0.000156
 0.077763 0.296031 0.555182 0.071024

MOTIF 33-CACTCAC STREME-33
letter-probability matrix: alength= 4 w= 7 nsites= 1024 E= 6.4e-001
 0.000987 0.876576 0.001479 0.120959
 0.996056 0.001479 0.001479 0.000987
 0.000987 0.996547 0.001479 0.000987
 0.000987 0.001479 0.001479 0.996056
 0.073833 0.814959 0.001479 0.109729
 0.996056 0.001479 0.001479 0.000987
 0.000987 0.996547 0.001479 0.000987

MOTIF 34-CTGGTCTCGAACTC STREME-34
letter-probability matrix: alength= 4 w= 14 nsites= 68 E= 8.9e-001
 0.093989 0.858116 0.016264 0.031630
 0.016040 0.016264 0.000674 0.967021
 0.016040 0.000674 0.967245 0.016040
 0.109579 0.000674 0.873706 0.016040
 0.016040 0.016264 0.000674 0.967021
 0.000450 0.936066 0.016264 0.047220
 0.016040 0.000674 0.000674 0.982611
 0.016040 0.748987 0.031854 0.203118
 0.249888 0.016264 0.717808 0.016040
 0.967021 0.016264 0.016264 0.000450
 0.889072 0.016264 0.016264 0.078400
 0.016040 0.920476 0.016264 0.047220
 0.000450 0.016264 0.031854 0.951432
 0.000450 0.904886 0.016264 0.078400

MOTIF 35-GCRCAGTGGCTCAY STREME-35
letter-probability matrix: alength= 4 w= 14 nsites= 41 E= 8.9e-001
 0.000846 0.030554 0.967754 0.000846
 0.059421 0.938466 0.001267 0.000846
 0.557308 0.030554 0.411292 0.000846
 0.000846 0.850604 0.001267 0.147283
 0.820896 0.001267 0.176992 0.000846
 0.088708 0.001267 0.909179 0.000846
 0.000846 0.001267 0.001267 0.996621
 0.000846 0.001267 0.997041 0.000846
 0.000846 0.030554 0.967754 0.000846
 0.000846 0.938466 0.001267 0.059421
 0.000846 0.001267 0.001267 0.996621
 0.000846 0.997041 0.001267 0.000846
 0.938046 0.001267 0.059842 0.000846
 0.030133 0.499154 0.030554 0.440158

MOTIF 36-GCCTCAGTTTCCYCA STREME-36
letter-probability matrix: alength= 4 w= 15 nsites= 94 E= 8.9e-001
 0.114195 0.011879 0.873597 0.000329
 0.034489 0.896370 0.000492 0.068649
 0.000329 0.805277 0.068812 0.125582
 0.011716 0.000492 0.057426 0.930366
 0.000329 0.998850 0.000492 0.000329
 0.862047 0.000492 0.080199 0.057262
 0.000329 0.068812 0.930530 0.000329
 0.011716 0.102972 0.046039 0.839273
 0.023102 0.068812 0.011879 0.896207
 0.000329 0.011879 0.023266 0.964526
 0.034489 0.873597 0.023266 0.068649
 0.034489 0.896370 0.000492 0.068649
 0.034489 0.455957 0.000492 0.509061
 0.000329 0.862210 0.057426 0.080035
 0.797393 0.087920 0.034652 0.080035

MOTIF 37-ACCATGTTGGCCAGG STREME-37
letter-probability matrix: alength= 4 w= 15 nsites= 53 E= 8.9e-001
 0.694103 0.000937 0.260991 0.043968
 0.000626 0.932797 0.000937 0.065639
 0.043968 0.716086 0.022608 0.217338
 0.845801 0.000937 0.152635 0.000626
 0.000626 0.022608 0.000937 0.975828
 0.000626 0.000937 0.976140 0.022297
 0.000626 0.044280 0.000937 0.954157
 0.000626 0.000937 0.000937 0.997499
 0.152324 0.000937 0.846113 0.000626
 0.087311 0.174307 0.651072 0.087311
 0.000626 0.867784 0.000937 0.130653
 0.043968 0.954469 0.000937 0.000626
 0.954157 0.000937 0.022608 0.022297
 0.065639 0.000937 0.911126 0.022297
 0.000626 0.000937 0.997811 0.000626

MOTIF 38-CAAATA STREME-38
letter-probability matrix: alength= 4 w= 6 nsites= 515 E= 9.6e-001
 0.018200 0.936345 0.027255 0.018200
 0.927291 0.027255 0.027255 0.018200
 0.927291 0.027255 0.027255 0.018200
 0.927291 0.027255 0.027255 0.018200
 0.018200 0.027255 0.027255 0.927291
 0.927291 0.027255 0.027255 0.018200

MOTIF 39-CCCAGACCCAG STREME-39
letter-probability matrix: alength= 4 w= 11 nsites= 806 E= 9.8e-001
 0.040777 0.842930 0.068023 0.048269
 0.049815 0.838821 0.073704 0.037659
 0.100932 0.767628 0.067468 0.063971
 0.876519 0.041664 0.062143 0.019674
 0.075271 0.061289 0.842942 0.020499
 0.793691 0.078561 0.046878 0.080870
 0.048061 0.856542 0.052719 0.042678
 0.044293 0.861725 0.051012 0.042971
 0.051114 0.853558 0.051959 0.043370
 0.770521 0.081111 0.089059 0.059309
 0.053722 0.104141 0.776989 0.065148

MOTIF 40-GGTGCTGAA STREME-40
letter-probability matrix: alength= 4 w= 9 nsites= 95 E= 1.0e+000
 0.018200 0.027255 0.936345 0.018200
 0.018200 0.027255 0.936345 0.018200
 0.018200 0.027255 0.027255 0.927291
 0.018200 0.027255 0.936345 0.018200
 0.018200 0.936345 0.027255 0.018200
 0.018200 0.027255 0.027255 0.927291
 0.018200 0.027255 0.936345 0.018200
 0.927291 0.027255 0.027255 0.018200
 0.927291 0.027255 0.027255 0.018200

MOTIF 41-GCCCCGCCCTCCCC STREME-41
letter-probability matrix: alength= 4 w= 14 nsites= 611 E= 1.0e+000
 0.016355 0.058616 0.834748 0.090282
 0.036316 0.877453 0.042349 0.043883
 0.029197 0.861015 0.065383 0.044404
 0.022320 0.878141 0.061696 0.037843
 0.026006 0.898910 0.044355 0.030729
 0.000658 0.001547 0.949414 0.048381
 0.035381 0.886926 0.042313 0.035381
 0.030476 0.796550 0.138026 0.034948
 0.026483 0.851194 0.047737 0.074585
 0.029119 0.015103 0.281263 0.674515
 0.027351 0.755698 0.132020 0.084932
 0.050096 0.703360 0.141646 0.104898
 0.028218 0.680384 0.169313 0.122084
 0.025000 0.726935 0.139120 0.108944

MOTIF 42-AGTGAGCTGAGATYG STREME-42
letter-probability matrix: alength= 4 w= 15 nsites= 83 E= 1.1e+000
 0.977304 0.000880 0.021228 0.000588
 0.020936 0.000880 0.957248 0.020936
 0.041284 0.021228 0.021228 0.916259
 0.020936 0.000880 0.977596 0.000588
 0.997652 0.000880 0.000880 0.000588
 0.041284 0.021228 0.936900 0.000588
 0.000588 0.977596 0.021228 0.000588
 0.041284 0.265407 0.021228 0.672080
 0.143025 0.021228 0.835158 0.000588
 0.794170 0.021228 0.021228 0.163374
 0.020936 0.021228 0.957248 0.000588
 0.936607 0.021228 0.021228 0.020936
 0.000588 0.000880 0.061925 0.936607
 0.000588 0.367149 0.041577 0.590687
 0.183722 0.021228 0.774114 0.020936

MOTIF 43-AGGAAG STREME-43
letter-probability matrix: alength= 4 w= 6 nsites= 2711 E= 1.5e+000
 0.927291 0.027255 0.027255 0.018200
 0.018200 0.027255 0.936345 0.018200
 0.018200 0.027255 0.936345 0.018200
 0.927291 0.027255 0.027255 0.018200
 0.927291 0.027255 0.027255 0.018200
 0.018200 0.027255 0.936345 0.018200

MOTIF 44-GAGAGAGAGAGARAG STREME-44
letter-probability matrix: alength= 4 w= 15 nsites= 176 E= 1.5e+000
 0.053959 0.111439 0.834430 0.000173
 0.987358 0.012211 0.000258 0.000173
 0.024077 0.012211 0.957563 0.006149
 0.727393 0.215402 0.033128 0.024077
 0.000173 0.026644 0.967035 0.006149
 0.879786 0.077949 0.012211 0.030054
 0.203364 0.024163 0.766324 0.006149
 0.676595 0.107830 0.161616 0.053959
 0.000173 0.101854 0.885848 0.012125
 0.831976 0.089902 0.077949 0.000173
 0.065911 0.144839 0.789077 0.000173
 0.613844 0.209426 0.104842 0.071887
 0.325369 0.043707 0.618799 0.012125
 0.963453 0.000258 0.036116 0.000173
 0.193892 0.058804 0.735179 0.012125

MOTIF 45-AGGAAATG STREME-45
letter-probability matrix: alength= 4 w= 8 nsites= 474 E= 1.7e+000
 0.997852 0.000805 0.000805 0.000538
 0.000538 0.002487 0.912044 0.084931
 0.000538 0.047285 0.927906 0.024271
 0.990033 0.000805 0.000805 0.008357
 0.990074 0.000805 0.000805 0.008316
 0.997852 0.000805 0.000805 0.000538
 0.000538 0.304923 0.000805 0.693734
 0.169236 0.000805 0.829421 0.000538

MOTIF 46-GGAGCTGTCCAT STREME-46
letter-probability matrix: alength= 4 w= 12 nsites= 55 E= 1.8e+000
 0.010734 0.001046 0.980279 0.007941
 0.049056 0.049404 0.900842 0.000698
 0.987175 0.011081 0.001046 0.000698
 0.000698 0.025225 0.973379 0.000698
 0.000698 0.949200 0.001046 0.049056
 0.000698 0.001046 0.025225 0.973031
 0.000698 0.001046 0.973379 0.024877
 0.000698 0.025225 0.049404 0.924673
 0.000698 0.987522 0.011081 0.000698
 0.000698 0.925021 0.073582 0.000698
 0.837444 0.005704 0.097761 0.059091
 0.041272 0.097761 0.271633 0.589334

MOTIF 47-ATCCCAGCACTTTGG STREME-47
letter-probability matrix: alength= 4 w= 15 nsites= 25 E= 1.8e+000
 0.859314 0.047112 0.092270 0.001304
 0.001304 0.001953 0.001953 0.994789
 0.046463 0.905121 0.001953 0.046463
 0.091621 0.859963 0.001953 0.046463
 0.001304 0.950280 0.001953 0.046463
 0.904472 0.047112 0.001953 0.046463
 0.046463 0.001953 0.950280 0.001304
 0.091621 0.814805 0.047112 0.046463
 0.949631 0.047112 0.001953 0.001304
 0.001304 0.859963 0.047112 0.091621
 0.046463 0.047112 0.001953 0.904472
 0.001304 0.001953 0.001953 0.994789
 0.001304 0.047112 0.001953 0.949631
 0.091621 0.047112 0.814805 0.046463
 0.001304 0.092270 0.859963 0.046463

MOTIF 48-RGGCWGAGGCRGGAG STREME-48
letter-probability matrix: alength= 4 w= 15 nsites= 1183 E= 1.8e+000
 0.495613 0.000041 0.320258 0.184088
 0.243850 0.014548 0.741575 0.000027
 0.000027 0.000041 0.999905 0.000027
 0.031084 0.706362 0.120576 0.141977
 0.478353 0.000041 0.076733 0.444873
 0.146292 0.000041 0.853640 0.000027
 0.573958 0.119865 0.237448 0.068729
 0.242749 0.000041 0.740243 0.016967
 0.135020 0.095876 0.769077 0.000027
 0.263134 0.536877 0.199962 0.000027
 0.583000 0.120496 0.296477 0.000027
 0.257908 0.018313 0.721870 0.001909
 0.091157 0.128996 0.772291 0.007556
 0.733208 0.000041 0.242255 0.024496
 0.155774 0.077053 0.767145 0.000027

MOTIF 49-AGGAAAACAA STREME-49
letter-probability matrix: alength= 4 w= 10 nsites= 277 E= 1.9e+000
 0.770654 0.031616 0.079134 0.118596
 0.054570 0.064860 0.880199 0.000371
 0.064260 0.000556 0.934812 0.000371
 0.965214 0.000556 0.033858 0.000371
 0.996038 0.000556 0.000556 0.002849
 0.933232 0.000556 0.033167 0.033045
 0.803865 0.072507 0.000556 0.123071
 0.000371 0.953991 0.000556 0.045081
 0.946151 0.040060 0.013417 0.000371
 0.861927 0.000556 0.088258 0.049259

MOTIF 50-GCTGGAGTGCAGTG STREME-50
letter-probability matrix: alength= 4 w= 14 nsites= 130 E= 2.0e+000
 0.041713 0.008653 0.916215 0.033418
 0.016829 0.941099 0.008653 0.033418
 0.000240 0.000359 0.008653 0.990748
 0.050008 0.000359 0.949394 0.000240
 0.016829 0.033537 0.932805 0.016829
 0.999043 0.000359 0.000359 0.000240
 0.174428 0.000359 0.816679 0.008534
 0.000240 0.000359 0.025243 0.974159
 0.078334 0.000359 0.921067 0.000240
 0.008534 0.974278 0.016948 0.000240
 0.965864 0.000359 0.016948 0.016829
 0.132954 0.000359 0.866447 0.000240
 0.000240 0.025243 0.000359 0.974159
 0.041713 0.000359 0.916215 0.041713

MOTIF 51-CAGTGAC STREME-51
letter-probability matrix: alength= 4 w= 7 nsites= 1914 E= 2.4e+000
 0.155181 0.842695 0.000632 0.001492
 0.858170 0.027792 0.113616 0.000422
 0.161959 0.000632 0.812453 0.024956
 0.000422 0.117784 0.000632 0.881162
 0.085972 0.000632 0.815881 0.097515
 0.998313 0.000632 0.000632 0.000422
 0.000422 0.998523 0.000632 0.000422

MOTIF 52-CACACRCACACACAC STREME-52
letter-probability matrix: alength= 4 w= 15 nsites= 257 E= 2.7e+000
 0.000167 0.894022 0.011783 0.094029
 0.743423 0.001808 0.209105 0.045665
 0.000167 0.967798 0.026103 0.005933
 0.912834 0.000249 0.075217 0.011700
 0.005933 0.831556 0.002643 0.159868
 0.504245 0.017550 0.435278 0.042927
 0.020149 0.946527 0.033158 0.000167
 0.919580 0.008410 0.071844 0.000167
 0.005933 0.911020 0.000249 0.082797
 0.766272 0.006016 0.227545 0.000167
 0.029000 0.883662 0.042058 0.045280
 0.789273 0.003133 0.086750 0.120843
 0.017467 0.968190 0.006016 0.008327
 0.826155 0.000249 0.173429 0.000167
 0.033099 0.949185 0.017550 0.000167

MOTIF 53-AACCCGGGABC STREME-53
letter-probability matrix: alength= 4 w= 11 nsites= 161 E= 2.7e+000
 0.800920 0.024243 0.132824 0.042013
 0.824815 0.051447 0.024243 0.099495
 0.000230 0.983263 0.016277 0.000230
 0.003536 0.887892 0.065205 0.043367
 0.003536 0.959587 0.000345 0.036532
 0.074237 0.016277 0.901290 0.008196
 0.091345 0.000345 0.908081 0.000230
 0.096565 0.003651 0.888282 0.011502
 0.975182 0.008311 0.008311 0.008196
 0.109191 0.275391 0.295763 0.319655
 0.043367 0.780062 0.149136 0.027435

MOTIF 54-CCGGAAGCKGC STREME-54
letter-probability matrix: alength= 4 w= 11 nsites= 278 E= 2.8e+000
 0.033167 0.809769 0.066148 0.090916
 0.000268 0.955468 0.000401 0.043863
 0.000268 0.000401 0.999063 0.000268
 0.000268 0.000401 0.995216 0.004115
 0.998930 0.000401 0.000401 0.000268
 0.998930 0.000401 0.000401 0.000268
 0.000268 0.083150 0.916315 0.000268
 0.000268 0.913631 0.000401 0.085700
 0.054911 0.160731 0.339166 0.445193
 0.028080 0.000401 0.971251 0.000268
 0.201848 0.712754 0.000401 0.084997

MOTIF 55-TCTCGCGAGAKYTV STREME-55
letter-probability matrix: alength= 4 w= 14 nsites= 62 E= 7.1e+000
 0.018005 0.000757 0.018256 0.962982
 0.158002 0.840736 0.000757 0.000505
 0.000505 0.000757 0.000757 0.997981
 0.000505 0.980733 0.000757 0.018005
 0.000505 0.018256 0.980733 0.000505
 0.000505 0.998232 0.000757 0.000505
 0.000505 0.000757 0.998232 0.000505
 0.962982 0.000757 0.000757 0.035505
 0.000505 0.105754 0.840736 0.053004
 0.875484 0.053256 0.070755 0.000505
 0.140502 0.070755 0.420747 0.367996
 0.000505 0.385747 0.070755 0.542992
 0.000505 0.175753 0.193252 0.630490
 0.210500 0.368248 0.420747 0.000505

MOTIF 56-AAAGATAA STREME-56
letter-probability matrix: alength= 4 w= 8 nsites= 901 E= 9.8e+000
 0.878756 0.002623 0.071420 0.047200
 0.763432 0.026536 0.128754 0.081277
 0.910636 0.072281 0.006732 0.010351
 0.018021 0.002484 0.969639 0.009855
 0.899399 0.024840 0.019338 0.056423
 0.084361 0.055401 0.085083 0.775155
 0.926519 0.006532 0.041200 0.025749
 0.991696 0.004831 0.000746 0.002727

MOTIF 57-CCTTGCCCTC STREME-57
letter-probability matrix: alength= 4 w= 10 nsites= 210 E= 1.5e+001
 0.064153 0.904293 0.013486 0.018068
 0.013300 0.920148 0.033401 0.033151
 0.013300 0.106368 0.029472 0.850860
 0.002735 0.022189 0.000559 0.974517
 0.013300 0.030525 0.875007 0.081168
 0.135444 0.848509 0.000559 0.015488
 0.008792 0.913983 0.005367 0.071858
 0.013300 0.941846 0.033401 0.011453
 0.046671 0.004278 0.016626 0.932425
 0.001422 0.984116 0.010395 0.004066

********************************************************************************
Stopped because 3 consecutive motifs exceeded the p-value threshold (0.05).
********************************************************************************
COMMAND:	streme --verbosity 1 --oc meme_out_incomplete_DL/HepG2_HBP1-human_ENCFF113RAY/streme_out -dna --seed 0 --p meme_out_incomplete_DL/HepG2_HBP1-human_ENCFF113RAY/seqs-centered --minw 6 --maxw 15 --time 6182 --order 2 --thresh 0.05 --align center --totallength 4000000 --parse-genomic-coord
********************************************************************************
CPU:		9f05ee173ae9
********************************************************************************
FINALTIME:	1923.39 seconds
********************************************************************************
