********************************************************************************
STREME - Sensitive, Thorough, Rapid, Enriched Motif Elicitation
********************************************************************************
MEME version 5.5.3 (Release date: Sat Jun 10 16:19:38 2023 -0700)

For further information on how to interpret these results please access http://localhost:8080/meme_5.5.3.
To get a copy of the MEME Suite software please access https://meme-suite.org.

********************************************************************************


********************************************************************************
REFERENCE
********************************************************************************
If you use this program in your research, please cite:

Timothy L. Bailey,
"STREME: accurate and versatile sequence motif discovery",
Bioinformatics, Mar. 24, 2021.
********************************************************************************


ALPHABET= ACGT

strands: + -

Background letter frequencies
A 0.18 C 0.32 G 0.32 T 0.18 

MOTIF 1-GCCCCKCCCCCD STREME-1
letter-probability matrix: alength= 4 w= 12 nsites= 1361 E= 6.9e-017
 0.059295 0.000047 0.641437 0.299221
 0.012833 0.966364 0.000047 0.020756
 0.007942 0.991985 0.000047 0.000026
 0.028620 0.971306 0.000047 0.000026
 0.000026 0.952037 0.000047 0.047890
 0.132020 0.000047 0.563229 0.304703
 0.006101 0.993825 0.000047 0.000026
 0.000026 0.999900 0.000047 0.000026
 0.000026 0.925011 0.000047 0.074915
 0.050897 0.936833 0.000047 0.012222
 0.022050 0.794674 0.083526 0.099749
 0.350906 0.153746 0.216242 0.279106

MOTIF 2-RNTCTCGCGAGANY STREME-2
letter-probability matrix: alength= 4 w= 14 nsites= 1392 E= 3.9e-015
 0.317373 0.143774 0.492015 0.046838
 0.263208 0.224638 0.294333 0.217821
 0.031575 0.170233 0.094015 0.704177
 0.170050 0.788332 0.039958 0.001660
 0.052270 0.143905 0.016190 0.787635
 0.000021 0.999920 0.000038 0.000021
 0.105678 0.000448 0.891804 0.002070
 0.002070 0.891804 0.000448 0.105678
 0.000021 0.000038 0.999920 0.000021
 0.787635 0.016190 0.143905 0.052270
 0.001660 0.039958 0.788332 0.170050
 0.704177 0.094015 0.170233 0.031575
 0.217821 0.294333 0.224638 0.263208
 0.046838 0.492015 0.143774 0.317373

MOTIF 3-RGCCAATCAGMR STREME-3
letter-probability matrix: alength= 4 w= 12 nsites= 690 E= 2.4e-013
 0.643820 0.018836 0.326582 0.010763
 0.220580 0.022408 0.578666 0.178346
 0.000046 0.999825 0.000083 0.000046
 0.000046 0.998039 0.001869 0.000046
 0.999789 0.000083 0.000083 0.000046
 0.999789 0.000083 0.000083 0.000046
 0.001832 0.008861 0.000083 0.989224
 0.102844 0.624055 0.253409 0.019693
 0.680333 0.022050 0.297571 0.000046
 0.097974 0.218719 0.613605 0.069701
 0.481681 0.292329 0.183079 0.042911
 0.377926 0.039375 0.405987 0.176712

MOTIF 4-CAAGATGGCGGC STREME-4
letter-probability matrix: alength= 4 w= 12 nsites= 302 E= 1.2e-006
 0.118232 0.590882 0.187300 0.103587
 0.993278 0.001591 0.005041 0.000089
 0.923694 0.020859 0.000159 0.055288
 0.167117 0.210017 0.574478 0.048388
 0.998194 0.001557 0.000159 0.000089
 0.001521 0.000159 0.001591 0.996728
 0.003539 0.027759 0.968613 0.000089
 0.000089 0.017409 0.978962 0.003539
 0.017339 0.949931 0.000159 0.032570
 0.029121 0.115438 0.736623 0.118818
 0.107036 0.134119 0.711042 0.047802
 0.109618 0.739510 0.037522 0.113350

MOTIF 5-CCCCGCCCC STREME-5
letter-probability matrix: alength= 4 w= 9 nsites= 1386 E= 3.5e-006
 0.036520 0.801123 0.060683 0.101674
 0.037304 0.882164 0.000222 0.080310
 0.017914 0.968862 0.006864 0.006361
 0.041714 0.907664 0.037053 0.013569
 0.117502 0.000190 0.804701 0.077607
 0.008379 0.963805 0.013940 0.013875
 0.016091 0.982678 0.000932 0.000299
 0.008712 0.963565 0.003440 0.024283
 0.037409 0.853495 0.035036 0.074059

MOTIF 6-ACTACAAYTCCCA STREME-6
letter-probability matrix: alength= 4 w= 13 nsites= 357 E= 2.2e-004
 0.976062 0.017828 0.006033 0.000076
 0.000076 0.996762 0.000136 0.003025
 0.011871 0.035519 0.000136 0.952474
 0.925936 0.014879 0.050262 0.008922
 0.000076 0.993814 0.000136 0.005974
 0.837478 0.044365 0.082697 0.035460
 0.583899 0.085646 0.067954 0.262502
 0.094432 0.398197 0.100389 0.406983
 0.020717 0.065005 0.008982 0.905296
 0.003025 0.961379 0.000136 0.035460
 0.000076 0.993814 0.000136 0.005974
 0.008922 0.982019 0.000136 0.008922
 0.784403 0.000136 0.206538 0.008922

MOTIF 7-GCCGCCGCCGCCGCC STREME-7
letter-probability matrix: alength= 4 w= 15 nsites= 317 E= 8.9e-004
 0.055905 0.000167 0.885905 0.058023
 0.010956 0.948957 0.000167 0.039920
 0.021817 0.825858 0.068958 0.083367
 0.039920 0.000167 0.901890 0.058023
 0.000094 0.956198 0.003788 0.039920
 0.047161 0.871922 0.004791 0.076126
 0.039920 0.000167 0.947147 0.012766
 0.010956 0.940213 0.000167 0.048664
 0.054402 0.749826 0.076199 0.119572
 0.072505 0.037876 0.842458 0.047161
 0.014576 0.869305 0.007408 0.108711
 0.000094 0.949265 0.000167 0.050474
 0.126814 0.000167 0.781981 0.091038
 0.000094 0.945336 0.000167 0.054402
 0.047591 0.806069 0.026115 0.120225

MOTIF 8-GCTGCAGC STREME-8
letter-probability matrix: alength= 4 w= 8 nsites= 927 E= 2.3e-003
 0.073649 0.044584 0.835245 0.046521
 0.001039 0.951753 0.040396 0.006812
 0.000500 0.089094 0.000891 0.909515
 0.065417 0.000891 0.926170 0.007522
 0.007522 0.926170 0.000891 0.065417
 0.909515 0.000891 0.089094 0.000500
 0.006812 0.040396 0.951753 0.001039
 0.046521 0.835245 0.044584 0.073649

MOTIF 9-AGTAAACA STREME-9
letter-probability matrix: alength= 4 w= 8 nsites= 264 E= 4.2e-003
 0.653441 0.029796 0.174389 0.142374
 0.034886 0.003389 0.941710 0.020014
 0.000306 0.109114 0.067945 0.822635
 0.907438 0.072555 0.012355 0.007652
 0.982201 0.009809 0.007415 0.000575
 0.992386 0.004937 0.001330 0.001347
 0.001949 0.970826 0.007212 0.020014
 0.956257 0.003919 0.034864 0.004959

MOTIF 10-YGCGCATGCGCR STREME-10
letter-probability matrix: alength= 4 w= 12 nsites= 329 E= 9.2e-003
 0.039012 0.315255 0.144737 0.500997
 0.084001 0.004216 0.911679 0.000105
 0.020252 0.975428 0.004216 0.000105
 0.034355 0.000186 0.965354 0.000105
 0.000105 0.999605 0.000186 0.000105
 0.681676 0.195351 0.112795 0.010178
 0.010178 0.112795 0.195351 0.681676
 0.000105 0.000186 0.999605 0.000105
 0.000105 0.965354 0.000186 0.034355
 0.000105 0.004216 0.975428 0.020252
 0.000105 0.911679 0.004216 0.084001
 0.500997 0.144737 0.315255 0.039012

MOTIF 11-CCCATCCCCCA STREME-11
letter-probability matrix: alength= 4 w= 11 nsites= 142 E= 1.1e-002
 0.075355 0.923743 0.000578 0.000324
 0.100366 0.898732 0.000578 0.000324
 0.000324 0.998774 0.000578 0.000324
 0.904630 0.000578 0.000578 0.094215
 0.194038 0.000578 0.188622 0.616763
 0.000324 0.998774 0.000578 0.000324
 0.014314 0.984784 0.000578 0.000324
 0.000324 0.998774 0.000578 0.000324
 0.000324 0.998774 0.000578 0.000324
 0.000324 0.998774 0.000578 0.000324
 0.751754 0.000578 0.053007 0.194661

MOTIF 12-CCGGAAGTGGB STREME-12
letter-probability matrix: alength= 4 w= 11 nsites= 527 E= 1.6e-002
 0.022447 0.948834 0.015295 0.013425
 0.050181 0.902895 0.046838 0.000086
 0.000086 0.000154 0.999673 0.000086
 0.000086 0.000154 0.989669 0.010090
 0.979288 0.016827 0.000154 0.003732
 0.957564 0.018211 0.003489 0.020736
 0.036089 0.053507 0.906983 0.003421
 0.000086 0.133628 0.010158 0.856128
 0.163947 0.087765 0.654820 0.093467
 0.196124 0.193578 0.560295 0.050002
 0.142950 0.265070 0.199041 0.392939

MOTIF 13-AGGCTGGG STREME-13
letter-probability matrix: alength= 4 w= 8 nsites= 581 E= 2.9e-002
 0.997527 0.000966 0.000966 0.000542
 0.000542 0.043262 0.832012 0.124184
 0.000542 0.000966 0.997950 0.000542
 0.004986 0.738724 0.215996 0.040294
 0.000542 0.000966 0.000966 0.997527
 0.002685 0.044896 0.951876 0.000542
 0.000542 0.188598 0.810318 0.000542
 0.000542 0.000966 0.946695 0.051797

MOTIF 14-GCMCCGCCC STREME-14
letter-probability matrix: alength= 4 w= 9 nsites= 211 E= 7.8e-002
 0.000569 0.001014 0.997848 0.000569
 0.015858 0.982559 0.001014 0.000569
 0.372871 0.625546 0.001014 0.000569
 0.212859 0.785558 0.001014 0.000569
 0.000569 0.997848 0.001014 0.000569
 0.000569 0.001014 0.997848 0.000569
 0.022515 0.966700 0.001014 0.009771
 0.000569 0.997848 0.001014 0.000569
 0.000569 0.997848 0.001014 0.000569

MOTIF 15-AAAAAAAAAAAAAAA STREME-15
letter-probability matrix: alength= 4 w= 15 nsites= 90 E= 8.1e-002
 0.948124 0.020739 0.010603 0.020533
 0.819508 0.101821 0.048003 0.030669
 0.816366 0.061280 0.071415 0.050939
 0.800112 0.101821 0.047128 0.050939
 0.877178 0.061280 0.030874 0.030669
 0.836637 0.071415 0.061280 0.030669
 0.861975 0.061280 0.046077 0.030669
 0.781754 0.136433 0.030874 0.050939
 0.796096 0.051144 0.081550 0.071210
 0.897448 0.041009 0.041009 0.020533
 0.836637 0.081550 0.030874 0.050939
 0.735284 0.132226 0.051144 0.081345
 0.715014 0.132226 0.091685 0.061074
 0.884220 0.030874 0.054238 0.030669
 0.899315 0.026408 0.037136 0.037140

MOTIF 16-CAGCCCCG STREME-16
letter-probability matrix: alength= 4 w= 8 nsites= 324 E= 1.1e-001
 0.016345 0.938200 0.029109 0.016345
 0.925436 0.029109 0.029109 0.016345
 0.016345 0.029109 0.938200 0.016345
 0.016345 0.938200 0.029109 0.016345
 0.016345 0.938200 0.029109 0.016345
 0.016345 0.938200 0.029109 0.016345
 0.016345 0.938200 0.029109 0.016345
 0.016345 0.029109 0.938200 0.016345

MOTIF 17-CACCTMCC STREME-17
letter-probability matrix: alength= 4 w= 8 nsites= 284 E= 1.2e-001
 0.001283 0.995149 0.002285 0.001283
 0.994147 0.002285 0.002285 0.001283
 0.001283 0.995149 0.002285 0.001283
 0.001283 0.995149 0.002285 0.001283
 0.001283 0.002285 0.002285 0.994147
 0.334072 0.662360 0.002285 0.001283
 0.001283 0.995149 0.002285 0.001283
 0.001283 0.995149 0.002285 0.001283

MOTIF 18-CCASCAGRGGGCRSY STREME-18
letter-probability matrix: alength= 4 w= 15 nsites= 120 E= 1.3e-001
 0.000233 0.963266 0.000414 0.036088
 0.000233 0.999121 0.000414 0.000233
 0.685205 0.000414 0.233474 0.080907
 0.009196 0.577820 0.385859 0.027124
 0.000233 0.753377 0.009378 0.237013
 0.998939 0.000414 0.000414 0.000233
 0.000233 0.000414 0.999121 0.000233
 0.577639 0.000414 0.412751 0.009196
 0.009196 0.000414 0.708558 0.281832
 0.000233 0.000414 0.999121 0.000233
 0.080907 0.000414 0.918446 0.000233
 0.062979 0.855699 0.036269 0.045052
 0.430497 0.000414 0.559893 0.009196
 0.018160 0.627883 0.335797 0.018160
 0.098835 0.493425 0.093773 0.313967

MOTIF 19-TGATGGTTTTATAA STREME-19
letter-probability matrix: alength= 4 w= 14 nsites= 102 E= 1.6e-001
 0.000262 0.050897 0.020639 0.928202
 0.020434 0.000466 0.958666 0.020434
 0.958461 0.000466 0.030725 0.010348
 0.000262 0.020639 0.030725 0.948375
 0.000262 0.000466 0.999011 0.000262
 0.030521 0.000466 0.948579 0.020434
 0.010348 0.050897 0.030725 0.908030
 0.000262 0.000466 0.010552 0.988720
 0.010348 0.010552 0.010552 0.968548
 0.070866 0.071070 0.030725 0.827339
 0.948375 0.000466 0.020639 0.030521
 0.242333 0.020639 0.020639 0.716390
 0.918116 0.050897 0.020639 0.010348
 0.928202 0.000466 0.071070 0.000262

MOTIF 20-AGGTAATTGAATCA STREME-20
letter-probability matrix: alength= 4 w= 14 nsites= 108 E= 1.6e-001
 0.987018 0.012145 0.000536 0.000301
 0.046735 0.000536 0.952428 0.000301
 0.174428 0.000536 0.789910 0.035126
 0.000301 0.012145 0.012145 0.975410
 0.720024 0.046970 0.232705 0.000301
 0.940584 0.000536 0.058578 0.000301
 0.000301 0.163054 0.012145 0.824500
 0.011910 0.046970 0.023753 0.917367
 0.046735 0.012145 0.929211 0.011910
 0.673590 0.023753 0.302356 0.000301
 0.963801 0.000536 0.023753 0.011910
 0.011910 0.023753 0.000536 0.963801
 0.011910 0.987253 0.000536 0.000301
 0.975410 0.012145 0.012145 0.000301

MOTIF 21-RTGACGTCA STREME-21
letter-probability matrix: alength= 4 w= 9 nsites= 259 E= 2.0e-001
 0.421080 0.016993 0.561805 0.000122
 0.000122 0.000217 0.000217 0.999444
 0.036889 0.000217 0.947035 0.015859
 0.969921 0.000217 0.029740 0.000122
 0.047878 0.936594 0.000217 0.015312
 0.034422 0.015978 0.935829 0.013772
 0.000122 0.177953 0.000217 0.821708
 0.218152 0.733096 0.039731 0.009021
 0.918583 0.000217 0.081078 0.000122

MOTIF 22-AAGGTCAM STREME-22
letter-probability matrix: alength= 4 w= 8 nsites= 491 E= 3.0e-001
 0.917138 0.000612 0.057179 0.025071
 0.957719 0.000612 0.000612 0.041056
 0.000344 0.010230 0.867736 0.121691
 0.017785 0.000612 0.909802 0.071800
 0.021580 0.052568 0.068579 0.857272
 0.016693 0.925649 0.047967 0.009691
 0.959262 0.000612 0.039782 0.000344
 0.592943 0.296624 0.094866 0.015567

MOTIF 23-ATCCCTCCGC STREME-23
letter-probability matrix: alength= 4 w= 10 nsites= 57 E= 3.2e-001
 0.925436 0.029109 0.029109 0.016345
 0.016345 0.029109 0.029109 0.925436
 0.016345 0.938200 0.029109 0.016345
 0.016345 0.938200 0.029109 0.016345
 0.016345 0.938200 0.029109 0.016345
 0.016345 0.029109 0.029109 0.925436
 0.016345 0.938200 0.029109 0.016345
 0.016345 0.938200 0.029109 0.016345
 0.016345 0.029109 0.938200 0.016345
 0.016345 0.938200 0.029109 0.016345

MOTIF 24-AGCATGGGGGAAA STREME-24
letter-probability matrix: alength= 4 w= 13 nsites= 86 E= 3.2e-001
 0.998382 0.000632 0.000632 0.000355
 0.027698 0.041646 0.916629 0.014026
 0.000355 0.916629 0.014303 0.068713
 0.984711 0.000632 0.000632 0.014026
 0.178086 0.027975 0.000632 0.793308
 0.041369 0.014303 0.943973 0.000355
 0.068713 0.014303 0.916629 0.000355
 0.137071 0.000632 0.848271 0.014026
 0.096056 0.000632 0.902958 0.000355
 0.137071 0.014303 0.834600 0.014026
 0.930024 0.000632 0.014303 0.055041
 0.998382 0.000632 0.000632 0.000355
 0.834323 0.123676 0.041646 0.000355

MOTIF 25-AGGAAG STREME-25
letter-probability matrix: alength= 4 w= 6 nsites= 1168 E= 5.9e-001
 0.925436 0.029109 0.029109 0.016345
 0.016345 0.029109 0.938200 0.016345
 0.016345 0.029109 0.938200 0.016345
 0.925436 0.029109 0.029109 0.016345
 0.925436 0.029109 0.029109 0.016345
 0.016345 0.029109 0.938200 0.016345

MOTIF 26-GAGGCGGGA STREME-26
letter-probability matrix: alength= 4 w= 9 nsites= 550 E= 6.0e-001
 0.083552 0.005733 0.897972 0.012743
 0.895886 0.067156 0.000713 0.036246
 0.031257 0.007110 0.959852 0.001781
 0.005437 0.021450 0.948622 0.024490
 0.000400 0.928507 0.000713 0.070380
 0.146765 0.010144 0.795616 0.047475
 0.052923 0.006881 0.924367 0.015829
 0.084054 0.030385 0.879041 0.006519
 0.954893 0.000713 0.000713 0.043681

MOTIF 27-GGGAGGGA STREME-27
letter-probability matrix: alength= 4 w= 8 nsites= 382 E= 6.4e-001
 0.016345 0.029109 0.938200 0.016345
 0.016345 0.029109 0.938200 0.016345
 0.016345 0.029109 0.938200 0.016345
 0.925436 0.029109 0.029109 0.016345
 0.016345 0.029109 0.938200 0.016345
 0.016345 0.029109 0.938200 0.016345
 0.016345 0.029109 0.938200 0.016345
 0.925436 0.029109 0.029109 0.016345

MOTIF 28-YCACGTGAC STREME-28
letter-probability matrix: alength= 4 w= 9 nsites= 155 E= 7.3e-001
 0.006698 0.561909 0.145068 0.286325
 0.051270 0.922342 0.013323 0.013065
 0.998493 0.000588 0.000588 0.000330
 0.000330 0.907070 0.000588 0.092011
 0.013065 0.000588 0.986016 0.000330
 0.000330 0.000588 0.000588 0.998493
 0.040988 0.044873 0.909089 0.005050
 0.998493 0.000588 0.000588 0.000330
 0.017384 0.933611 0.000588 0.048417

MOTIF 29-CAAAGTCCA STREME-29
letter-probability matrix: alength= 4 w= 9 nsites= 100 E= 8.1e-001
 0.018769 0.925339 0.029426 0.026466
 0.922734 0.018985 0.001949 0.056332
 0.910321 0.022494 0.065519 0.001666
 0.888261 0.019799 0.069744 0.022196
 0.020803 0.007971 0.956870 0.014355
 0.010249 0.011028 0.027705 0.951018
 0.020803 0.912330 0.052512 0.014355
 0.014355 0.907111 0.008210 0.070324
 0.786809 0.012067 0.012307 0.188817

MOTIF 30-CATTTCC STREME-30
letter-probability matrix: alength= 4 w= 7 nsites= 215 E= 9.0e-001
 0.016345 0.938200 0.029109 0.016345
 0.925436 0.029109 0.029109 0.016345
 0.016345 0.029109 0.029109 0.925436
 0.016345 0.029109 0.029109 0.925436
 0.016345 0.029109 0.029109 0.925436
 0.016345 0.938200 0.029109 0.016345
 0.016345 0.938200 0.029109 0.016345

MOTIF 31-CCGGGA STREME-31
letter-probability matrix: alength= 4 w= 6 nsites= 1397 E= 9.4e-001
 0.016345 0.938200 0.029109 0.016345
 0.016345 0.938200 0.029109 0.016345
 0.016345 0.029109 0.938200 0.016345
 0.016345 0.029109 0.938200 0.016345
 0.016345 0.029109 0.938200 0.016345
 0.925436 0.029109 0.029109 0.016345

MOTIF 32-CCAATCAG STREME-32
letter-probability matrix: alength= 4 w= 8 nsites= 128 E= 1.1e+000
 0.000922 0.996515 0.001642 0.000922
 0.000922 0.996515 0.001642 0.000922
 0.995795 0.001642 0.001642 0.000922
 0.995795 0.001642 0.001642 0.000922
 0.000922 0.001642 0.001642 0.995795
 0.000922 0.996515 0.001642 0.000922
 0.995795 0.001642 0.001642 0.000922
 0.000922 0.001642 0.869235 0.128202

MOTIF 33-CGCGAGAM STREME-33
letter-probability matrix: alength= 4 w= 8 nsites= 473 E= 1.2e+000
 0.000280 0.998943 0.000498 0.000280
 0.050799 0.000498 0.948424 0.000280
 0.000280 0.998943 0.000498 0.000280
 0.000280 0.000498 0.998943 0.000280
 0.998725 0.000498 0.000498 0.000280
 0.000280 0.000498 0.951935 0.047288
 0.998725 0.000498 0.000498 0.000280
 0.432789 0.247397 0.201244 0.118569

MOTIF 34-GCAGGAGAGAGARAG STREME-34
letter-probability matrix: alength= 4 w= 15 nsites= 63 E= 1.3e+000
 0.082198 0.000756 0.900267 0.016779
 0.131262 0.867558 0.000756 0.000424
 0.965355 0.000756 0.000756 0.033134
 0.131262 0.000756 0.867558 0.000424
 0.000424 0.000756 0.965686 0.033134
 0.949000 0.000756 0.017110 0.033134
 0.065843 0.017110 0.916622 0.000424
 0.834517 0.098884 0.066175 0.000424
 0.180327 0.000756 0.818494 0.000424
 0.981710 0.000756 0.000756 0.016779
 0.213036 0.000756 0.785784 0.000424
 0.703679 0.017110 0.033465 0.245746
 0.343874 0.033465 0.622236 0.000424
 0.703679 0.066175 0.082529 0.147617
 0.131262 0.000756 0.818494 0.049489

MOTIF 35-RTAATCCCCA STREME-35
letter-probability matrix: alength= 4 w= 10 nsites= 91 E= 1.5e+000
 0.461382 0.000607 0.537670 0.000341
 0.000341 0.000607 0.000607 0.998445
 0.945895 0.053158 0.000607 0.000341
 0.932757 0.000607 0.066295 0.000341
 0.000341 0.000607 0.000607 0.998445
 0.013478 0.885285 0.000607 0.100629
 0.032069 0.861882 0.000607 0.105442
 0.000341 0.893610 0.000607 0.105442
 0.000341 0.998712 0.000607 0.000341
 0.959032 0.000607 0.040020 0.000341

MOTIF 36-GTGACTCA STREME-36
letter-probability matrix: alength= 4 w= 8 nsites= 252 E= 1.5e+000
 0.304667 0.000709 0.694226 0.000398
 0.000398 0.000709 0.000709 0.998183
 0.000398 0.110503 0.848902 0.040197
 0.998183 0.000709 0.000709 0.000398
 0.000398 0.798493 0.200711 0.000398
 0.000398 0.000709 0.000709 0.998183
 0.086733 0.854965 0.000709 0.057593
 0.998183 0.000709 0.000709 0.000398

MOTIF 37-ACGTGG STREME-37
letter-probability matrix: alength= 4 w= 6 nsites= 452 E= 1.6e+000
 0.925436 0.029109 0.029109 0.016345
 0.016345 0.938200 0.029109 0.016345
 0.016345 0.029109 0.938200 0.016345
 0.016345 0.029109 0.029109 0.925436
 0.016345 0.029109 0.938200 0.016345
 0.016345 0.029109 0.938200 0.016345

MOTIF 38-AGGGGGCGC STREME-38
letter-probability matrix: alength= 4 w= 9 nsites= 122 E= 1.9e+000
 0.925436 0.029109 0.029109 0.016345
 0.016345 0.029109 0.938200 0.016345
 0.016345 0.029109 0.938200 0.016345
 0.016345 0.029109 0.938200 0.016345
 0.016345 0.029109 0.938200 0.016345
 0.016345 0.029109 0.938200 0.016345
 0.016345 0.938200 0.029109 0.016345
 0.016345 0.029109 0.938200 0.016345
 0.016345 0.938200 0.029109 0.016345

MOTIF 39-TTTWAAA STREME-39
letter-probability matrix: alength= 4 w= 7 nsites= 380 E= 1.0e+001
 0.000559 0.000996 0.103891 0.894553
 0.018550 0.000996 0.007790 0.972664
 0.042180 0.000996 0.018520 0.938304
 0.393304 0.106696 0.106696 0.393304
 0.938304 0.018520 0.000996 0.042180
 0.972664 0.007790 0.000996 0.018550
 0.894553 0.103891 0.000996 0.000559

MOTIF 40-ATCTCATCTTGAA STREME-40
letter-probability matrix: alength= 4 w= 13 nsites= 46 E= 1.0e+001
 0.976279 0.000980 0.022191 0.000550
 0.000550 0.000980 0.000980 0.997490
 0.000550 0.891862 0.085826 0.021762
 0.000550 0.000980 0.000980 0.997490
 0.021762 0.976708 0.000980 0.000550
 0.933856 0.000980 0.064614 0.000550
 0.021762 0.107037 0.000980 0.870221
 0.000550 0.700959 0.276729 0.021762
 0.064185 0.000980 0.000980 0.933856
 0.000550 0.276729 0.022191 0.700529
 0.255088 0.022191 0.679747 0.042973
 0.891433 0.022191 0.000980 0.085396
 0.976279 0.000980 0.022191 0.000550

MOTIF 41-CCAGGCTGGAGTGC STREME-41
letter-probability matrix: alength= 4 w= 14 nsites= 38 E= 2.1e+001
 0.000807 0.965839 0.001437 0.031917
 0.031917 0.965839 0.001437 0.000807
 0.965209 0.032547 0.001437 0.000807
 0.063026 0.001437 0.934729 0.000807
 0.000807 0.001437 0.996949 0.000807
 0.031917 0.965839 0.001437 0.000807
 0.000807 0.032547 0.001437 0.965209
 0.031917 0.001437 0.965839 0.000807
 0.094136 0.001437 0.872510 0.031917
 0.902990 0.063657 0.032547 0.000807
 0.000807 0.032547 0.934729 0.031917
 0.000807 0.032547 0.094766 0.871880
 0.031917 0.001437 0.934729 0.031917
 0.063026 0.810290 0.094766 0.031917

********************************************************************************
Stopped because 3 consecutive motifs exceeded the p-value threshold (0.05).
********************************************************************************
COMMAND:	streme --verbosity 1 --oc meme_out_incomplete_DL/HepG2_CHD2-human_ENCFF369UGC/streme_out -dna --seed 0 --p meme_out_incomplete_DL/HepG2_CHD2-human_ENCFF369UGC/seqs-centered --minw 6 --maxw 15 --time 6191 --order 2 --thresh 0.05 --align center --totallength 4000000 --parse-genomic-coord
********************************************************************************
CPU:		9f05ee173ae9
********************************************************************************
FINALTIME:	437.69 seconds
********************************************************************************
