********************************************************************************
STREME - Sensitive, Thorough, Rapid, Enriched Motif Elicitation
********************************************************************************
MEME version 5.5.3 (Release date: Sat Jun 10 16:19:38 2023 -0700)

For further information on how to interpret these results please access http://localhost:8080/meme_5.5.3.
To get a copy of the MEME Suite software please access https://meme-suite.org.

********************************************************************************


********************************************************************************
REFERENCE
********************************************************************************
If you use this program in your research, please cite:

Timothy L. Bailey,
"STREME: accurate and versatile sequence motif discovery",
Bioinformatics, Mar. 24, 2021.
********************************************************************************


ALPHABET= ACGT

strands: + -

Background letter frequencies
A 0.207 C 0.293 G 0.293 T 0.207 

MOTIF 1-ACTTCCKGY STREME-1
letter-probability matrix: alength= 4 w= 9 nsites= 8561 E= 9.5e-109
 0.706099 0.048808 0.202590 0.042503
 0.000010 0.924431 0.016926 0.058633
 0.097882 0.000014 0.000491 0.901613
 0.000488 0.000014 0.000014 0.999484
 0.000791 0.998922 0.000014 0.000273
 0.000010 0.999927 0.000054 0.000010
 0.000010 0.002313 0.579271 0.418406
 0.011287 0.108760 0.845949 0.034004
 0.055873 0.278262 0.171405 0.494460

MOTIF 2-AGYAAAYA STREME-2
letter-probability matrix: alength= 4 w= 8 nsites= 3707 E= 1.1e-037
 0.581199 0.000034 0.159536 0.259230
 0.246659 0.000034 0.753283 0.000024
 0.000024 0.368620 0.000034 0.631322
 0.950082 0.049860 0.000034 0.000024
 0.999908 0.000034 0.000034 0.000024
 0.999908 0.000034 0.000034 0.000024
 0.000024 0.617750 0.000034 0.382192
 0.999908 0.000034 0.000034 0.000024

MOTIF 3-GCCCCGCCCCC STREME-3
letter-probability matrix: alength= 4 w= 11 nsites= 3573 E= 1.3e-031
 0.114301 0.052570 0.661477 0.171652
 0.020507 0.948299 0.000030 0.031164
 0.000021 0.968578 0.000030 0.031371
 0.041690 0.958258 0.000030 0.000021
 0.000021 0.999927 0.000030 0.000021
 0.173781 0.000030 0.690708 0.135481
 0.010151 0.989798 0.000030 0.000021
 0.000021 0.999927 0.000030 0.000021
 0.000021 0.884427 0.000030 0.115522
 0.112161 0.830774 0.010351 0.046714
 0.050977 0.570716 0.164121 0.214186

MOTIF 4-CMAAGGTCA STREME-4
letter-probability matrix: alength= 4 w= 9 nsites= 3795 E= 1.7e-028
 0.045039 0.760918 0.036592 0.157451
 0.501167 0.431094 0.049421 0.018318
 0.960667 0.000040 0.039265 0.000028
 0.934001 0.004624 0.061346 0.000028
 0.003316 0.005438 0.991217 0.000028
 0.020928 0.000040 0.732764 0.246268
 0.043606 0.215934 0.086935 0.653526
 0.022048 0.926704 0.000040 0.051207
 0.966342 0.010187 0.023442 0.000028

MOTIF 5-CCASCAGRGGGCR STREME-5
letter-probability matrix: alength= 4 w= 13 nsites= 1160 E= 2.0e-019
 0.073542 0.854076 0.057846 0.014536
 0.001043 0.997452 0.001475 0.000030
 0.722328 0.021227 0.195155 0.061291
 0.019684 0.637480 0.330565 0.012272
 0.057577 0.602509 0.067131 0.272783
 0.988048 0.003275 0.008647 0.000030
 0.000030 0.000043 0.994415 0.005512
 0.358281 0.001055 0.640634 0.000030
 0.001969 0.013386 0.676253 0.308392
 0.007536 0.001055 0.991378 0.000030
 0.021116 0.024211 0.900969 0.053704
 0.031681 0.906042 0.000043 0.062233
 0.394081 0.010586 0.579830 0.015504

MOTIF 6-TGCGCATGCGCA STREME-6
letter-probability matrix: alength= 4 w= 12 nsites= 574 E= 2.5e-012
 0.000091 0.238859 0.113752 0.647298
 0.097215 0.000129 0.901040 0.001616
 0.037724 0.962056 0.000129 0.000091
 0.036199 0.006229 0.950347 0.007225
 0.000091 0.999689 0.000129 0.000091
 0.655132 0.212508 0.097392 0.034968
 0.034968 0.097392 0.212508 0.655132
 0.000091 0.000129 0.999689 0.000091
 0.007225 0.950347 0.006229 0.036199
 0.000091 0.000129 0.962056 0.037724
 0.001616 0.901040 0.000129 0.097215
 0.647298 0.113752 0.238859 0.000091

MOTIF 7-GVTGASTCABC STREME-7
letter-probability matrix: alength= 4 w= 11 nsites= 1058 E= 3.7e-012
 0.188021 0.185936 0.475114 0.150929
 0.339115 0.218410 0.372443 0.070033
 0.000032 0.000573 0.000045 0.999351
 0.000470 0.000045 0.944313 0.055172
 0.966285 0.004711 0.028973 0.000032
 0.030198 0.469802 0.469802 0.030198
 0.000032 0.028973 0.004711 0.966285
 0.055172 0.944313 0.000045 0.000470
 0.999351 0.000045 0.000573 0.000032
 0.070033 0.372443 0.218410 0.339115
 0.150929 0.475114 0.185936 0.188021

MOTIF 8-RTTGYRCAAY STREME-8
letter-probability matrix: alength= 4 w= 10 nsites= 1370 E= 3.3e-011
 0.591444 0.000094 0.408396 0.000066
 0.000066 0.000094 0.000094 0.999747
 0.000066 0.000094 0.084480 0.915360
 0.300800 0.000094 0.610767 0.088339
 0.080724 0.554139 0.063734 0.301403
 0.301403 0.063734 0.554139 0.080724
 0.088339 0.610767 0.000094 0.300800
 0.915360 0.084480 0.000094 0.000066
 0.999747 0.000094 0.000094 0.000066
 0.000066 0.408396 0.000094 0.591444

MOTIF 9-CAAGATGGCGGC STREME-9
letter-probability matrix: alength= 4 w= 12 nsites= 365 E= 2.1e-009
 0.080615 0.645244 0.150191 0.123950
 0.930026 0.000134 0.050736 0.019104
 0.957136 0.028648 0.007785 0.006431
 0.128138 0.135189 0.704896 0.031777
 0.999638 0.000134 0.000134 0.000095
 0.000095 0.000134 0.000134 0.999638
 0.000095 0.015975 0.983836 0.000095
 0.000095 0.000134 0.998362 0.001410
 0.000705 0.992730 0.000134 0.006431
 0.016546 0.100497 0.837028 0.045930
 0.120487 0.055647 0.744565 0.079300
 0.060941 0.883656 0.006470 0.048933

MOTIF 10-ACTACAWYTCCCA STREME-10
letter-probability matrix: alength= 4 w= 13 nsites= 358 E= 4.3e-008
 0.963657 0.020355 0.006438 0.009551
 0.003247 0.996526 0.000133 0.000094
 0.000094 0.031655 0.000133 0.968117
 0.862518 0.058449 0.072634 0.006399
 0.000094 0.952395 0.000133 0.047378
 0.914530 0.000133 0.072634 0.012703
 0.426952 0.115189 0.059010 0.398850
 0.044225 0.348453 0.104156 0.503165
 0.037921 0.030079 0.006438 0.925562
 0.000094 0.974461 0.000133 0.025312
 0.000094 0.999678 0.000133 0.000094
 0.003247 0.993374 0.000133 0.003247
 0.867246 0.003285 0.129374 0.000094

MOTIF 11-RTCACGTGAY STREME-11
letter-probability matrix: alength= 4 w= 10 nsites= 1645 E= 1.7e-006
 0.387116 0.050473 0.543224 0.019187
 0.037971 0.266419 0.101360 0.594249
 0.036022 0.604579 0.273049 0.086350
 0.941770 0.000059 0.004566 0.053606
 0.005013 0.972566 0.000059 0.022363
 0.022363 0.000059 0.972566 0.005013
 0.053606 0.004566 0.000059 0.941770
 0.086350 0.273049 0.604579 0.036022
 0.594249 0.101360 0.266419 0.037971
 0.019187 0.543224 0.050473 0.387116

MOTIF 12-CTTCCTCCC STREME-12
letter-probability matrix: alength= 4 w= 9 nsites= 2424 E= 3.3e-006
 0.000117 0.999600 0.000166 0.000117
 0.000117 0.100810 0.000166 0.898907
 0.053527 0.220715 0.000166 0.725592
 0.000117 0.999600 0.000166 0.000117
 0.000117 0.996230 0.003536 0.000117
 0.000117 0.000166 0.000166 0.999552
 0.039509 0.603932 0.114771 0.241789
 0.000117 0.846245 0.012137 0.141501
 0.000117 0.932688 0.000166 0.067029

MOTIF 13-CTTTGATCTY STREME-13
letter-probability matrix: alength= 4 w= 10 nsites= 843 E= 4.4e-006
 0.011442 0.949538 0.038946 0.000075
 0.000075 0.134375 0.009313 0.856237
 0.000075 0.000106 0.000106 0.999714
 0.000075 0.005169 0.000106 0.994650
 0.000075 0.059929 0.939921 0.000075
 0.901953 0.000106 0.000106 0.097835
 0.306968 0.048336 0.000106 0.644590
 0.026807 0.757903 0.215215 0.000075
 0.069189 0.059981 0.002609 0.868221
 0.140235 0.387564 0.093951 0.378250

MOTIF 14-CCCAGCCC STREME-14
letter-probability matrix: alength= 4 w= 8 nsites= 3472 E= 4.5e-006
 0.007404 0.988277 0.001185 0.003134
 0.011089 0.934869 0.038352 0.015690
 0.008189 0.933701 0.040050 0.018060
 0.761113 0.066807 0.036793 0.135287
 0.024983 0.001141 0.953040 0.020835
 0.027693 0.954646 0.016661 0.001000
 0.107891 0.701724 0.059241 0.131144
 0.020330 0.924842 0.004665 0.050163

MOTIF 15-GCCTGTAATCCCAGC STREME-15
letter-probability matrix: alength= 4 w= 15 nsites= 261 E= 1.5e-005
 0.201684 0.008576 0.764420 0.025320
 0.012723 0.928186 0.000177 0.058913
 0.000126 0.974377 0.000177 0.025320
 0.008524 0.025372 0.000177 0.965927
 0.100905 0.004376 0.886195 0.008524
 0.000126 0.029571 0.016974 0.953329
 0.957528 0.008576 0.029571 0.004325
 0.722377 0.004376 0.268922 0.004325
 0.008524 0.021173 0.000177 0.970126
 0.008524 0.932385 0.025372 0.033719
 0.000126 0.936584 0.004376 0.058913
 0.008524 0.932385 0.004376 0.054714
 0.995321 0.000177 0.004376 0.000126
 0.067312 0.008576 0.919788 0.004325
 0.008524 0.949182 0.021173 0.021121

MOTIF 16-MGGAAAYGV STREME-16
letter-probability matrix: alength= 4 w= 9 nsites= 1509 E= 1.9e-005
 0.642783 0.356969 0.000145 0.000103
 0.000103 0.000145 0.999650 0.000103
 0.000103 0.000145 0.999650 0.000103
 0.999607 0.000145 0.000145 0.000103
 0.999607 0.000145 0.000145 0.000103
 0.999607 0.000145 0.000145 0.000103
 0.000103 0.344303 0.000145 0.655449
 0.264084 0.032549 0.624498 0.078869
 0.415533 0.242661 0.242375 0.099431

MOTIF 17-AGATAAGR STREME-17
letter-probability matrix: alength= 4 w= 8 nsites= 1368 E= 2.3e-005
 0.986732 0.012643 0.000366 0.000259
 0.000259 0.003060 0.992389 0.004292
 0.999008 0.000366 0.000366 0.000259
 0.000259 0.000366 0.000366 0.999008
 0.972299 0.000366 0.000366 0.026969
 0.959150 0.004674 0.028331 0.007845
 0.148284 0.047993 0.716293 0.087429
 0.287287 0.139879 0.571729 0.001106

MOTIF 18-GCGGCGGCGGCGG STREME-18
letter-probability matrix: alength= 4 w= 13 nsites= 589 E= 4.8e-004
 0.000070 0.000098 0.957222 0.042610
 0.014188 0.955757 0.000098 0.029957
 0.000070 0.000098 0.999763 0.000070
 0.121120 0.000098 0.848499 0.030282
 0.000070 0.830668 0.000098 0.169164
 0.082561 0.000098 0.917272 0.000070
 0.096933 0.000098 0.898252 0.004718
 0.000070 0.882017 0.000098 0.117815
 0.097386 0.118843 0.672541 0.111230
 0.110990 0.014245 0.870823 0.003943
 0.000070 0.961898 0.000098 0.037935
 0.161168 0.018922 0.744758 0.075152
 0.097935 0.073278 0.828718 0.000070

MOTIF 19-CAGCACCAYGGACAG STREME-19
letter-probability matrix: alength= 4 w= 15 nsites= 143 E= 1.0e-003
 0.016092 0.935771 0.000335 0.047802
 0.983238 0.000335 0.016190 0.000237
 0.016092 0.000335 0.983336 0.000237
 0.055729 0.808933 0.095464 0.039874
 0.991166 0.000335 0.000335 0.008165
 0.000237 0.999191 0.000335 0.000237
 0.000237 0.983336 0.000335 0.016092
 0.547230 0.079609 0.190593 0.182568
 0.000237 0.436343 0.039972 0.523447
 0.000237 0.008262 0.991264 0.000237
 0.000237 0.008262 0.991264 0.000237
 0.927746 0.047899 0.008262 0.016092
 0.000237 0.888207 0.087537 0.024019
 0.999093 0.000335 0.000335 0.000237
 0.016092 0.000335 0.983336 0.000237

MOTIF 20-AATSATTAACYA STREME-20
letter-probability matrix: alength= 4 w= 12 nsites= 276 E= 2.1e-003
 0.931858 0.000147 0.046955 0.021040
 0.929817 0.042018 0.003637 0.024529
 0.184438 0.017593 0.003637 0.794332
 0.116696 0.392972 0.332890 0.157443
 0.793325 0.000147 0.028061 0.178467
 0.091678 0.003637 0.000147 0.904538
 0.003594 0.010615 0.000147 0.985644
 0.931858 0.000147 0.001595 0.066399
 0.912964 0.000147 0.052485 0.034403
 0.045788 0.874895 0.021083 0.058234
 0.191417 0.289303 0.007126 0.512154
 0.525518 0.139447 0.073421 0.261615

MOTIF 21-CCAGGCTGGAGTGCA STREME-21
letter-probability matrix: alength= 4 w= 15 nsites= 150 E= 1.6e-002
 0.000220 0.977215 0.000310 0.022255
 0.000220 0.955179 0.015001 0.029600
 0.955089 0.000310 0.029691 0.014910
 0.044291 0.007655 0.933144 0.014910
 0.007565 0.000310 0.969870 0.022255
 0.014910 0.955179 0.015001 0.014910
 0.007565 0.015001 0.000310 0.977124
 0.058981 0.000310 0.940489 0.000220
 0.036945 0.015001 0.940489 0.007565
 0.984470 0.000310 0.007655 0.007565
 0.176503 0.000310 0.815622 0.007565
 0.007565 0.015001 0.007655 0.969779
 0.051636 0.000310 0.947834 0.000220
 0.000220 0.977215 0.000310 0.022255
 0.977124 0.007655 0.007655 0.007565

MOTIF 22-AAACAAAG STREME-22
letter-probability matrix: alength= 4 w= 8 nsites= 1620 E= 1.8e-002
 0.793804 0.010783 0.177464 0.017949
 0.910768 0.046632 0.031151 0.011449
 0.887983 0.002351 0.056721 0.052945
 0.000251 0.968611 0.000354 0.030784
 0.965058 0.010470 0.010112 0.014359
 0.996934 0.000354 0.000354 0.002358
 0.891737 0.019360 0.034409 0.054494
 0.058500 0.143416 0.755117 0.042966

MOTIF 23-AATCGAT STREME-23
letter-probability matrix: alength= 4 w= 7 nsites= 444 E= 2.3e-002
 0.717380 0.000724 0.264007 0.017889
 0.892942 0.000724 0.105822 0.000513
 0.000513 0.000724 0.000724 0.998040
 0.000513 0.998251 0.000724 0.000513
 0.312739 0.000724 0.686025 0.000513
 0.998040 0.000724 0.000724 0.000513
 0.000513 0.000724 0.000724 0.998040

MOTIF 24-GGCGCRGTGGCTCA STREME-24
letter-probability matrix: alength= 4 w= 14 nsites= 164 E= 3.3e-002
 0.058424 0.026153 0.915230 0.000194
 0.045484 0.000273 0.934640 0.019604
 0.058424 0.759949 0.000273 0.181354
 0.271934 0.013213 0.695249 0.019604
 0.019604 0.818179 0.000273 0.161944
 0.323694 0.032623 0.611139 0.032544
 0.032544 0.000273 0.966990 0.000194
 0.000194 0.013213 0.000273 0.986320
 0.026074 0.019683 0.954050 0.000194
 0.000194 0.000273 0.986400 0.013134
 0.000194 0.992870 0.006743 0.000194
 0.000194 0.000273 0.002958 0.996575
 0.000194 0.947580 0.013213 0.039014
 0.960440 0.000273 0.019683 0.019604

MOTIF 25-CCAAAGTCC STREME-25
letter-probability matrix: alength= 4 w= 9 nsites= 718 E= 4.5e-002
 0.086637 0.610540 0.228671 0.074151
 0.000243 0.993845 0.002300 0.003612
 0.940448 0.000343 0.031863 0.027346
 0.981818 0.000343 0.000343 0.017495
 0.895996 0.028268 0.075493 0.000243
 0.000243 0.000343 0.999170 0.000243
 0.000243 0.000343 0.000343 0.999070
 0.043742 0.873622 0.038687 0.043949
 0.015493 0.915569 0.006087 0.062850

MOTIF 26-GTTAAWSWTTAAC STREME-26
letter-probability matrix: alength= 4 w= 13 nsites= 228 E= 5.0e-002
 0.144001 0.000206 0.762995 0.092798
 0.000146 0.053847 0.039218 0.906790
 0.091372 0.093870 0.000206 0.814552
 0.913093 0.000206 0.051409 0.035293
 0.720246 0.223323 0.017274 0.039157
 0.350692 0.083106 0.031903 0.534300
 0.162722 0.337278 0.337278 0.162722
 0.534300 0.031903 0.083106 0.350692
 0.039157 0.017274 0.223323 0.720246
 0.035293 0.051409 0.000206 0.913093
 0.814552 0.000206 0.093870 0.091372
 0.906790 0.039218 0.053847 0.000146
 0.092798 0.762995 0.000206 0.144001

MOTIF 27-CAGAGTCCAGV STREME-27
letter-probability matrix: alength= 4 w= 11 nsites= 281 E= 6.1e-002
 0.000134 0.982979 0.000189 0.016698
 0.957205 0.042473 0.000189 0.000134
 0.000134 0.000189 0.979613 0.020064
 0.956835 0.000189 0.042842 0.000134
 0.000134 0.000189 0.999544 0.000134
 0.050895 0.071108 0.000189 0.877808
 0.094535 0.757429 0.000189 0.147848
 0.012601 0.945787 0.024383 0.017228
 0.987022 0.000189 0.012656 0.000134
 0.115859 0.236871 0.587376 0.059894
 0.246200 0.260020 0.345440 0.148340

MOTIF 28-ACAAACA STREME-28
letter-probability matrix: alength= 4 w= 7 nsites= 572 E= 7.0e-002
 0.927936 0.026609 0.026609 0.018845
 0.018845 0.935700 0.026609 0.018845
 0.927936 0.026609 0.026609 0.018845
 0.927936 0.026609 0.026609 0.018845
 0.927936 0.026609 0.026609 0.018845
 0.018845 0.935700 0.026609 0.018845
 0.927936 0.026609 0.026609 0.018845

MOTIF 29-CCTCCGCCTCC STREME-29
letter-probability matrix: alength= 4 w= 11 nsites= 449 E= 9.6e-002
 0.015708 0.906979 0.048931 0.028382
 0.009419 0.956573 0.000740 0.033269
 0.027052 0.012751 0.024801 0.935396
 0.024171 0.969093 0.003781 0.002954
 0.130837 0.608393 0.163322 0.097448
 0.044579 0.002721 0.874597 0.078103
 0.001811 0.992323 0.001781 0.004085
 0.000179 0.981748 0.001697 0.016376
 0.010678 0.009474 0.007192 0.972657
 0.006177 0.972485 0.002738 0.018600
 0.004624 0.981902 0.012999 0.000475

MOTIF 30-TGATGMAAK STREME-30
letter-probability matrix: alength= 4 w= 9 nsites= 276 E= 1.0e-001
 0.000508 0.000717 0.000717 0.998057
 0.000508 0.000717 0.998267 0.000508
 0.998057 0.000717 0.000717 0.000508
 0.000508 0.000717 0.000717 0.998057
 0.000508 0.000717 0.998267 0.000508
 0.550869 0.287375 0.000717 0.161039
 0.963082 0.000717 0.000717 0.035484
 0.916028 0.082747 0.000717 0.000508
 0.000508 0.168274 0.402068 0.429150

MOTIF 31-ARAGTCAACA STREME-31
letter-probability matrix: alength= 4 w= 10 nsites= 367 E= 1.1e-001
 0.693962 0.000177 0.000177 0.305685
 0.653929 0.000177 0.345769 0.000125
 0.663927 0.033641 0.000177 0.302256
 0.206234 0.029458 0.764183 0.000125
 0.000125 0.000177 0.000177 0.999522
 0.000125 0.999573 0.000177 0.000125
 0.999522 0.000177 0.000177 0.000125
 0.999522 0.000177 0.000177 0.000125
 0.000125 0.746094 0.000177 0.253604
 0.999522 0.000177 0.000177 0.000125

MOTIF 32-AGACYCTGTCTCAA STREME-32
letter-probability matrix: alength= 4 w= 14 nsites= 126 E= 1.3e-001
 0.988982 0.010304 0.000418 0.000296
 0.168372 0.000418 0.811141 0.020069
 0.988982 0.000418 0.010304 0.000296
 0.000296 0.890235 0.010304 0.099164
 0.010183 0.643064 0.000418 0.346336
 0.000296 0.900122 0.020191 0.079391
 0.039843 0.158607 0.010304 0.791245
 0.069504 0.000418 0.919896 0.010183
 0.010183 0.000418 0.010304 0.979095
 0.000296 0.939670 0.000418 0.059617
 0.020069 0.010304 0.000418 0.969209
 0.000296 0.989104 0.000418 0.010183
 0.672603 0.049852 0.020191 0.257354
 0.988982 0.000418 0.010304 0.000296

MOTIF 33-AGGTCAC STREME-33
letter-probability matrix: alength= 4 w= 7 nsites= 513 E= 1.8e-001
 0.927936 0.026609 0.026609 0.018845
 0.018845 0.026609 0.935700 0.018845
 0.018845 0.026609 0.935700 0.018845
 0.018845 0.026609 0.026609 0.927936
 0.018845 0.935700 0.026609 0.018845
 0.927936 0.026609 0.026609 0.018845
 0.018845 0.935700 0.026609 0.018845

MOTIF 34-CTGCAGCCGCCG STREME-34
letter-probability matrix: alength= 4 w= 12 nsites= 1002 E= 1.9e-001
 0.024445 0.881042 0.082236 0.012277
 0.075993 0.092668 0.085820 0.745519
 0.046752 0.004544 0.946825 0.001879
 0.009162 0.939812 0.016741 0.034285
 0.837941 0.050470 0.071657 0.039932
 0.035642 0.046916 0.877344 0.040098
 0.055206 0.837343 0.057080 0.050370
 0.063518 0.810039 0.047050 0.079393
 0.067932 0.024057 0.789426 0.118585
 0.057912 0.828043 0.047234 0.066811
 0.066431 0.777217 0.089637 0.066715
 0.103074 0.090860 0.749441 0.056624

MOTIF 35-CCCCACCCC STREME-35
letter-probability matrix: alength= 4 w= 9 nsites= 1422 E= 2.4e-001
 0.026683 0.892950 0.000842 0.079525
 0.047550 0.922292 0.000375 0.029784
 0.003938 0.985097 0.006619 0.004346
 0.049415 0.898925 0.011471 0.040189
 0.936582 0.000155 0.063153 0.000110
 0.133537 0.713768 0.124125 0.028570
 0.002027 0.970969 0.014630 0.012374
 0.019341 0.932942 0.021151 0.026566
 0.038179 0.875466 0.024200 0.062155

MOTIF 36-CTGAGTCAY STREME-36
letter-probability matrix: alength= 4 w= 9 nsites= 727 E= 2.5e-001
 0.093317 0.752629 0.102161 0.051893
 0.000165 0.019899 0.000234 0.979702
 0.022033 0.000234 0.669431 0.308302
 0.811444 0.096559 0.091831 0.000165
 0.001050 0.095186 0.702585 0.201179
 0.000165 0.000234 0.000234 0.999367
 0.065098 0.934503 0.000234 0.000165
 0.999367 0.000234 0.000234 0.000165
 0.000165 0.451777 0.053676 0.494382

MOTIF 37-TGACMTCRW STREME-37
letter-probability matrix: alength= 4 w= 9 nsites= 868 E= 5.3e-001
 0.000131 0.153866 0.000185 0.845818
 0.022606 0.087095 0.791084 0.099214
 0.999498 0.000185 0.000185 0.000131
 0.000131 0.933448 0.000185 0.066235
 0.287131 0.556199 0.126679 0.029992
 0.000131 0.000185 0.000185 0.999498
 0.019403 0.980281 0.000185 0.000131
 0.577386 0.000185 0.354344 0.068085
 0.331271 0.148491 0.157648 0.362590

MOTIF 38-ATCCTCCCRCCTCAG STREME-38
letter-probability matrix: alength= 4 w= 15 nsites= 118 E= 5.3e-001
 0.938745 0.017584 0.026194 0.017478
 0.008868 0.026194 0.026194 0.938745
 0.000258 0.852752 0.008974 0.138017
 0.000258 0.990511 0.000364 0.008868
 0.146627 0.000364 0.103683 0.749326
 0.000258 0.895802 0.000364 0.103577
 0.000258 0.964681 0.000364 0.034697
 0.000258 0.611672 0.095073 0.292997
 0.620176 0.008974 0.370593 0.000258
 0.000258 0.921631 0.043414 0.034697
 0.000258 0.904411 0.000364 0.094967
 0.008868 0.000364 0.008974 0.981795
 0.034697 0.844142 0.008974 0.112187
 0.654616 0.000364 0.241443 0.103577
 0.051917 0.026194 0.904411 0.017478

MOTIF 39-GCCTCAGTTTCCTCA STREME-39
letter-probability matrix: alength= 4 w= 15 nsites= 54 E= 5.3e-001
 0.020957 0.000859 0.957227 0.020957
 0.000609 0.957227 0.021208 0.020957
 0.000609 0.896182 0.021208 0.082002
 0.041305 0.000859 0.000859 0.956976
 0.020957 0.855486 0.021208 0.102350
 0.834887 0.000859 0.102601 0.061653
 0.020957 0.000859 0.957227 0.020957
 0.000609 0.265387 0.000859 0.733145
 0.000609 0.000859 0.000859 0.997673
 0.000609 0.000859 0.000859 0.997673
 0.020957 0.875834 0.041556 0.061653
 0.000609 0.875834 0.000859 0.122698
 0.020957 0.245038 0.000859 0.733145
 0.000609 0.794441 0.143297 0.061653
 0.814538 0.082252 0.082252 0.020957

MOTIF 40-ACGTGS STREME-40
letter-probability matrix: alength= 4 w= 6 nsites= 2190 E= 5.9e-001
 0.998262 0.000642 0.000642 0.000455
 0.000455 0.998449 0.000642 0.000455
 0.000455 0.000642 0.998449 0.000455
 0.000455 0.000642 0.000642 0.998262
 0.043729 0.080056 0.875760 0.000455
 0.086725 0.329777 0.583043 0.000455

MOTIF 41-CCGGAAGGA STREME-41
letter-probability matrix: alength= 4 w= 9 nsites= 702 E= 6.2e-001
 0.012765 0.955839 0.030721 0.000675
 0.000294 0.984961 0.014451 0.000294
 0.000294 0.000557 0.998856 0.000294
 0.006864 0.007087 0.985672 0.000377
 0.976903 0.019014 0.000415 0.003668
 0.913964 0.020504 0.000415 0.065118
 0.175927 0.005953 0.816766 0.001355
 0.069296 0.000415 0.929996 0.000294
 0.606499 0.094693 0.213987 0.084821

MOTIF 42-GTCAACA STREME-42
letter-probability matrix: alength= 4 w= 7 nsites= 392 E= 6.6e-001
 0.018845 0.026609 0.935700 0.018845
 0.018845 0.026609 0.026609 0.927936
 0.018845 0.935700 0.026609 0.018845
 0.927936 0.026609 0.026609 0.018845
 0.927936 0.026609 0.026609 0.018845
 0.018845 0.935700 0.026609 0.018845
 0.927936 0.026609 0.026609 0.018845

MOTIF 43-CCGGAACC STREME-43
letter-probability matrix: alength= 4 w= 8 nsites= 340 E= 7.0e-001
 0.018845 0.935700 0.026609 0.018845
 0.018845 0.935700 0.026609 0.018845
 0.018845 0.026609 0.935700 0.018845
 0.018845 0.026609 0.935700 0.018845
 0.927936 0.026609 0.026609 0.018845
 0.927936 0.026609 0.026609 0.018845
 0.018845 0.935700 0.026609 0.018845
 0.018845 0.935700 0.026609 0.018845

MOTIF 44-AGGTCAAGGTY STREME-44
letter-probability matrix: alength= 4 w= 11 nsites= 425 E= 7.3e-001
 0.731946 0.014482 0.194155 0.059417
 0.098128 0.001814 0.889314 0.010744
 0.080078 0.070194 0.736067 0.113660
 0.012022 0.000168 0.040534 0.947276
 0.000119 0.987692 0.000168 0.012022
 0.919451 0.000168 0.080262 0.000119
 0.698521 0.042465 0.162412 0.096601
 0.000119 0.031397 0.892519 0.075966
 0.016754 0.009750 0.969410 0.004087
 0.122033 0.112849 0.000168 0.764950
 0.034348 0.576831 0.083451 0.305370

MOTIF 45-CCCCTCCC STREME-45
letter-probability matrix: alength= 4 w= 8 nsites= 810 E= 1.1e+000
 0.018845 0.935700 0.026609 0.018845
 0.018845 0.935700 0.026609 0.018845
 0.018845 0.935700 0.026609 0.018845
 0.018845 0.935700 0.026609 0.018845
 0.018845 0.026609 0.026609 0.927936
 0.018845 0.935700 0.026609 0.018845
 0.018845 0.935700 0.026609 0.018845
 0.018845 0.935700 0.026609 0.018845

MOTIF 46-CAGCCAATCAG STREME-46
letter-probability matrix: alength= 4 w= 11 nsites= 286 E= 1.2e+000
 0.073271 0.673185 0.064372 0.189173
 0.700768 0.000219 0.298857 0.000155
 0.119682 0.000219 0.871236 0.008862
 0.000155 0.999470 0.000219 0.000155
 0.000155 0.999470 0.000219 0.000155
 0.999406 0.000219 0.000219 0.000155
 0.999406 0.000219 0.000219 0.000155
 0.000155 0.000219 0.000219 0.999406
 0.019240 0.664837 0.315767 0.000155
 0.672865 0.047919 0.279061 0.000155
 0.113429 0.129288 0.688672 0.068610

MOTIF 47-TTRCGYAA STREME-47
letter-probability matrix: alength= 4 w= 8 nsites= 520 E= 1.2e+000
 0.000773 0.001092 0.001092 0.997044
 0.000773 0.001092 0.001092 0.997044
 0.539504 0.001092 0.458631 0.000773
 0.000773 0.743521 0.001092 0.254614
 0.254614 0.001092 0.743521 0.000773
 0.000773 0.458631 0.001092 0.539504
 0.997044 0.001092 0.001092 0.000773
 0.997044 0.001092 0.001092 0.000773

MOTIF 48-CCCGCCCC STREME-48
letter-probability matrix: alength= 4 w= 8 nsites= 510 E= 1.3e+000
 0.018845 0.935700 0.026609 0.018845
 0.018845 0.935700 0.026609 0.018845
 0.018845 0.935700 0.026609 0.018845
 0.018845 0.026609 0.935700 0.018845
 0.018845 0.935700 0.026609 0.018845
 0.018845 0.935700 0.026609 0.018845
 0.018845 0.935700 0.026609 0.018845
 0.018845 0.935700 0.026609 0.018845

MOTIF 49-ACACACACACACAC STREME-49
letter-probability matrix: alength= 4 w= 14 nsites= 138 E= 1.3e+000
 0.998991 0.000373 0.000373 0.000264
 0.009089 0.884371 0.053324 0.053215
 0.884262 0.018023 0.062149 0.035565
 0.000264 0.999099 0.000373 0.000264
 0.957806 0.009198 0.015081 0.017914
 0.017914 0.910847 0.026848 0.044390
 0.751884 0.000373 0.247479 0.000264
 0.017914 0.803897 0.000373 0.177816
 0.735923 0.000373 0.086936 0.176769
 0.036705 0.953833 0.009198 0.000264
 0.876072 0.009198 0.100803 0.013927
 0.009089 0.981449 0.009198 0.000264
 0.998991 0.000373 0.000373 0.000264
 0.026740 0.942446 0.000373 0.030441

MOTIF 50-CGGCTCACTGCA STREME-50
letter-probability matrix: alength= 4 w= 12 nsites= 110 E= 1.3e+000
 0.000342 0.786205 0.034764 0.178689
 0.232303 0.007425 0.732334 0.027937
 0.023196 0.000483 0.975979 0.000342
 0.000342 0.982664 0.005225 0.011769
 0.011769 0.005225 0.023337 0.959669
 0.000342 0.959810 0.005225 0.034623
 0.905075 0.069046 0.023336 0.002543
 0.000342 0.975979 0.000483 0.023196
 0.000342 0.023337 0.000483 0.975839
 0.011769 0.000483 0.987407 0.000342
 0.000342 0.964552 0.000483 0.034623
 0.964411 0.023337 0.011910 0.000342

MOTIF 51-CATGGCGGC STREME-51
letter-probability matrix: alength= 4 w= 9 nsites= 86 E= 1.3e+000
 0.018845 0.935700 0.026609 0.018845
 0.927936 0.026609 0.026609 0.018845
 0.018845 0.026609 0.026609 0.927936
 0.018845 0.026609 0.935700 0.018845
 0.018845 0.026609 0.935700 0.018845
 0.018845 0.935700 0.026609 0.018845
 0.018845 0.026609 0.935700 0.018845
 0.018845 0.026609 0.935700 0.018845
 0.018845 0.935700 0.026609 0.018845

MOTIF 52-AGTAGCTGGGACC STREME-52
letter-probability matrix: alength= 4 w= 13 nsites= 77 E= 1.3e+000
 0.886278 0.016660 0.096584 0.000478
 0.048433 0.000675 0.934429 0.016463
 0.000478 0.064615 0.000675 0.934232
 0.966202 0.016660 0.016660 0.000478
 0.039081 0.048630 0.895826 0.016463
 0.032448 0.966399 0.000675 0.000478
 0.016463 0.016660 0.080599 0.886278
 0.048433 0.016660 0.886475 0.048433
 0.048433 0.016660 0.902459 0.032448
 0.064418 0.032645 0.854505 0.048433
 0.950217 0.016660 0.000675 0.032448
 0.064418 0.742612 0.032643 0.160327
 0.000478 0.656053 0.016660 0.326809

MOTIF 53-CCATRGCAACS STREME-53
letter-probability matrix: alength= 4 w= 11 nsites= 204 E= 1.4e+000
 0.021601 0.952933 0.000301 0.025165
 0.028730 0.835301 0.021689 0.114280
 0.790535 0.059080 0.046035 0.104350
 0.000213 0.000301 0.000301 0.999185
 0.370485 0.022352 0.606949 0.000213
 0.014472 0.000301 0.985014 0.000213
 0.091547 0.856979 0.000301 0.051173
 0.679054 0.000301 0.281828 0.038817
 0.999185 0.000301 0.000301 0.000213
 0.000213 0.999272 0.000301 0.000213
 0.112375 0.304757 0.552767 0.030101

MOTIF 54-CTAGAGAGGCAG STREME-54
letter-probability matrix: alength= 4 w= 12 nsites= 107 E= 2.1e+000
 0.011230 0.933465 0.033172 0.022134
 0.011229 0.035270 0.000461 0.953040
 0.949290 0.020414 0.008162 0.022134
 0.000326 0.218536 0.735098 0.046040
 0.932317 0.062372 0.004986 0.000326
 0.033037 0.000461 0.950747 0.015755
 0.880665 0.098594 0.011364 0.009376
 0.000326 0.092216 0.869896 0.037562
 0.015755 0.004661 0.946547 0.033037
 0.011229 0.937744 0.004986 0.046041
 0.866895 0.065882 0.048601 0.018622
 0.011230 0.059504 0.928940 0.000326

MOTIF 55-AGTTCGAGACCA STREME-55
letter-probability matrix: alength= 4 w= 12 nsites= 53 E= 2.1e+000
 0.997198 0.001035 0.001035 0.000733
 0.000733 0.001035 0.997500 0.000733
 0.098719 0.001035 0.025531 0.874715
 0.000733 0.001035 0.025531 0.972702
 0.000733 0.777031 0.025531 0.196705
 0.139819 0.050028 0.809420 0.000733
 0.948205 0.025531 0.025531 0.000733
 0.000733 0.001035 0.997500 0.000733
 0.997198 0.001035 0.001035 0.000733
 0.000733 0.973003 0.025531 0.000733
 0.000733 0.973003 0.001035 0.025229
 0.972702 0.001035 0.001035 0.025229

MOTIF 56-GGGCTCCACCCAGT STREME-56
letter-probability matrix: alength= 4 w= 14 nsites= 44 E= 2.1e+000
 0.000876 0.001237 0.967723 0.030164
 0.000876 0.030524 0.967723 0.000876
 0.030164 0.030524 0.938436 0.000876
 0.000876 0.967723 0.030524 0.000876
 0.000876 0.001237 0.001237 0.996650
 0.000876 0.997011 0.001237 0.000876
 0.000876 0.997011 0.001237 0.000876
 0.850213 0.001237 0.089099 0.059451
 0.000876 0.997011 0.001237 0.000876
 0.000876 0.997011 0.001237 0.000876
 0.000876 0.997011 0.001237 0.000876
 0.967363 0.030524 0.001237 0.000876
 0.030164 0.030524 0.938436 0.000876
 0.000876 0.001237 0.030524 0.967363

MOTIF 57-GAGAGAGAGAGAGA STREME-57
letter-probability matrix: alength= 4 w= 14 nsites= 130 E= 2.2e+000
 0.074464 0.002746 0.906905 0.015885
 0.757339 0.092313 0.000111 0.150237
 0.184056 0.002746 0.810485 0.002713
 0.846261 0.113388 0.032369 0.007982
 0.009075 0.281176 0.675423 0.034325
 0.928571 0.036992 0.021186 0.013251
 0.029057 0.034358 0.882727 0.053859
 0.788306 0.060701 0.090324 0.060669
 0.071206 0.171403 0.744140 0.013251
 0.644958 0.113388 0.143011 0.098643
 0.193255 0.047305 0.735651 0.023788
 0.733325 0.097134 0.097241 0.072299
 0.040911 0.060253 0.896122 0.002713
 0.891641 0.009108 0.093904 0.005347

MOTIF 58-ATATTTGSCTT STREME-58
letter-probability matrix: alength= 4 w= 11 nsites= 143 E= 2.4e+000
 0.845398 0.073966 0.080392 0.000245
 0.000245 0.000345 0.024886 0.974524
 0.832834 0.049425 0.117496 0.000245
 0.011819 0.024886 0.024885 0.938410
 0.044540 0.000345 0.000345 0.954769
 0.008425 0.008526 0.036460 0.946589
 0.044540 0.000345 0.954870 0.000245
 0.157666 0.432527 0.244356 0.165451
 0.028180 0.809020 0.080755 0.082045
 0.172785 0.000345 0.052821 0.774049
 0.069080 0.016706 0.000345 0.913869

MOTIF 59-AGCAGCAGCAGC STREME-59
letter-probability matrix: alength= 4 w= 12 nsites= 88 E= 2.4e+000
 0.874222 0.124503 0.000747 0.000529
 0.000529 0.000747 0.998196 0.000529
 0.000529 0.998196 0.000747 0.000529
 0.944939 0.053785 0.000747 0.000529
 0.000529 0.130393 0.833191 0.035888
 0.000529 0.998196 0.000747 0.000529
 0.997978 0.000747 0.000747 0.000529
 0.130832 0.000747 0.838227 0.030194
 0.000529 0.980516 0.000747 0.018208
 0.997978 0.000747 0.000747 0.000529
 0.124285 0.166538 0.628377 0.080800
 0.000529 0.998196 0.000747 0.000529

MOTIF 60-CCTAGAG STREME-60
letter-probability matrix: alength= 4 w= 7 nsites= 480 E= 2.4e+000
 0.018845 0.935700 0.026609 0.018845
 0.018845 0.935700 0.026609 0.018845
 0.018845 0.026609 0.026609 0.927936
 0.927936 0.026609 0.026609 0.018845
 0.018845 0.026609 0.935700 0.018845
 0.927936 0.026609 0.026609 0.018845
 0.018845 0.026609 0.935700 0.018845

MOTIF 61-GGAGGCGGGA STREME-61
letter-probability matrix: alength= 4 w= 10 nsites= 293 E= 2.5e+000
 0.000463 0.019887 0.979187 0.000463
 0.038720 0.000654 0.944686 0.015940
 0.813295 0.154239 0.000654 0.031812
 0.000463 0.016126 0.971476 0.011935
 0.086318 0.000654 0.751717 0.161311
 0.000463 0.998420 0.000654 0.000463
 0.000463 0.000654 0.998420 0.000463
 0.036113 0.051056 0.892970 0.019861
 0.000463 0.000654 0.970820 0.028063
 0.954334 0.000654 0.000654 0.044359

MOTIF 62-CTCTGC STREME-62
letter-probability matrix: alength= 4 w= 6 nsites= 4285 E= 2.7e+000
 0.018845 0.935700 0.026609 0.018845
 0.018845 0.026609 0.026609 0.927936
 0.018845 0.935700 0.026609 0.018845
 0.018845 0.026609 0.026609 0.927936
 0.018845 0.026609 0.935700 0.018845
 0.018845 0.935700 0.026609 0.018845

MOTIF 63-TCTCGCGAGATTY STREME-63
letter-probability matrix: alength= 4 w= 13 nsites= 89 E= 3.1e+000
 0.038332 0.019681 0.019681 0.922305
 0.076100 0.847002 0.057449 0.019449
 0.038332 0.000798 0.038565 0.922305
 0.000565 0.998073 0.000798 0.000565
 0.019449 0.000798 0.979189 0.000565
 0.019449 0.979189 0.000798 0.000565
 0.000565 0.000798 0.998073 0.000565
 0.884537 0.038565 0.057449 0.019449
 0.000565 0.057449 0.903654 0.038332
 0.922305 0.000798 0.057449 0.019449
 0.076100 0.189636 0.076333 0.657932
 0.038332 0.223837 0.076333 0.661498
 0.094984 0.491776 0.129418 0.283822

MOTIF 64-AAAAAAAAAAAAAAA STREME-64
letter-probability matrix: alength= 4 w= 15 nsites= 159 E= 3.1e+000
 0.921255 0.000329 0.000329 0.078087
 0.999109 0.000329 0.000329 0.000233
 0.960182 0.000329 0.039256 0.000233
 0.820045 0.101539 0.078183 0.000233
 0.999109 0.000329 0.000329 0.000233
 0.812259 0.000329 0.000329 0.187083
 0.991324 0.000329 0.008114 0.000233
 0.843401 0.156037 0.000329 0.000233
 0.874543 0.117110 0.000329 0.008018
 0.975753 0.023685 0.000329 0.000233
 0.975753 0.008114 0.008114 0.008018
 0.991324 0.008114 0.000329 0.000233
 0.983539 0.000329 0.000329 0.015804
 0.647665 0.137870 0.093488 0.120977
 0.753464 0.000329 0.000329 0.245878

MOTIF 65-TGTGTACACAG STREME-65
letter-probability matrix: alength= 4 w= 11 nsites= 172 E= 3.2e+000
 0.000245 0.009516 0.040965 0.949274
 0.160975 0.000346 0.838434 0.000245
 0.006798 0.082315 0.089119 0.821768
 0.095602 0.000346 0.903807 0.000245
 0.000245 0.000346 0.089024 0.910385
 0.981869 0.017539 0.000346 0.000245
 0.000245 0.814669 0.184841 0.000245
 0.716729 0.137090 0.000346 0.145835
 0.067794 0.688980 0.020141 0.223086
 0.893899 0.008543 0.097313 0.000245
 0.000245 0.013128 0.963782 0.022845

MOTIF 66-TGTTGCAACA STREME-66
letter-probability matrix: alength= 4 w= 10 nsites= 73 E= 3.7e+000
 0.000613 0.038541 0.253029 0.707817
 0.202354 0.000865 0.796168 0.000613
 0.000613 0.000865 0.000865 0.997657
 0.000613 0.000865 0.000865 0.997657
 0.155291 0.000865 0.843231 0.000613
 0.000613 0.843231 0.000865 0.155291
 0.997657 0.000865 0.000865 0.000613
 0.997657 0.000865 0.000865 0.000613
 0.000613 0.796168 0.000865 0.202354
 0.707817 0.253029 0.038541 0.000613

MOTIF 67-GCGCATGCGCT STREME-67
letter-probability matrix: alength= 4 w= 11 nsites= 115 E= 7.1e+000
 0.092023 0.002419 0.903360 0.002198
 0.043697 0.955013 0.000755 0.000535
 0.010195 0.000755 0.981098 0.007952
 0.000535 0.998176 0.000755 0.000535
 0.884682 0.053259 0.012392 0.049667
 0.057595 0.039036 0.090547 0.812822
 0.000535 0.054376 0.926682 0.018408
 0.000535 0.952770 0.018628 0.028066
 0.000535 0.036502 0.873061 0.089903
 0.000535 0.883519 0.000755 0.115192
 0.013523 0.000755 0.000755 0.984967

MOTIF 68-CCTGGGYTCAAGYG STREME-68
letter-probability matrix: alength= 4 w= 14 nsites= 105 E= 1.2e+001
 0.010302 0.918958 0.000422 0.070317
 0.000299 0.988977 0.000422 0.010302
 0.000299 0.154612 0.000422 0.844666
 0.000299 0.000422 0.998979 0.000299
 0.070317 0.000422 0.918958 0.010302
 0.010302 0.100448 0.888951 0.000299
 0.010302 0.638886 0.000422 0.350390
 0.000299 0.010425 0.010425 0.978851
 0.000299 0.848940 0.070441 0.080320
 0.888827 0.040433 0.070441 0.000299
 0.968848 0.000422 0.030430 0.000299
 0.254514 0.040433 0.684749 0.020304
 0.010302 0.358815 0.020427 0.610457
 0.214504 0.150461 0.514704 0.120330

********************************************************************************
Stopped because 3 consecutive motifs exceeded the p-value threshold (0.05).
********************************************************************************
COMMAND:	streme --verbosity 1 --oc meme_out_incomplete_DL/HepG2_ETV5-human_ENCFF072RWQ/streme_out -dna --seed 0 --p meme_out_incomplete_DL/HepG2_ETV5-human_ENCFF072RWQ/seqs-centered --minw 6 --maxw 15 --time 6180 --order 2 --thresh 0.05 --align center --totallength 4000000 --parse-genomic-coord
********************************************************************************
CPU:		9f05ee173ae9
********************************************************************************
FINALTIME:	2950.43 seconds
********************************************************************************
