********************************************************************************
STREME - Sensitive, Thorough, Rapid, Enriched Motif Elicitation
********************************************************************************
MEME version 5.5.3 (Release date: Sat Jun 10 16:19:38 2023 -0700)

For further information on how to interpret these results please access http://localhost:8080/meme_5.5.3.
To get a copy of the MEME Suite software please access https://meme-suite.org.

********************************************************************************


********************************************************************************
REFERENCE
********************************************************************************
If you use this program in your research, please cite:

Timothy L. Bailey,
"STREME: accurate and versatile sequence motif discovery",
Bioinformatics, Mar. 24, 2021.
********************************************************************************


ALPHABET= ACGT

strands: + -

Background letter frequencies
A 0.188 C 0.312 G 0.312 T 0.188 

MOTIF 1-CCCCGCCCCCN STREME-1
letter-probability matrix: alength= 4 w= 11 nsites= 2631 E= 8.3e-014
 0.000032 0.981737 0.000053 0.018178
 0.036062 0.940904 0.000053 0.022981
 0.038002 0.961912 0.000053 0.000032
 0.000032 0.999883 0.000053 0.000032
 0.236043 0.000053 0.670443 0.093461
 0.059147 0.926135 0.000053 0.014665
 0.025228 0.974686 0.000053 0.000032
 0.015335 0.903152 0.000053 0.081460
 0.096516 0.884983 0.006404 0.012097
 0.107327 0.553073 0.200831 0.138769
 0.295416 0.234782 0.187104 0.282698

MOTIF 2-CAAGGTCA STREME-2
letter-probability matrix: alength= 4 w= 8 nsites= 2458 E= 1.1e-008
 0.136489 0.816717 0.028412 0.018381
 0.868415 0.000596 0.094762 0.036227
 0.919186 0.013681 0.051688 0.015444
 0.021841 0.076081 0.887065 0.015013
 0.055042 0.014410 0.895850 0.034698
 0.030562 0.084116 0.019780 0.865543
 0.000541 0.929716 0.008387 0.061357
 0.892623 0.016233 0.089015 0.002128

MOTIF 3-CCAGCCTGGGCRACA STREME-3
letter-probability matrix: alength= 4 w= 15 nsites= 254 E= 6.8e-007
 0.004642 0.967912 0.000204 0.027242
 0.004642 0.963392 0.004723 0.027242
 0.999470 0.000204 0.000204 0.000123
 0.018202 0.000204 0.949830 0.031764
 0.000123 0.931750 0.004723 0.063404
 0.009162 0.949832 0.004723 0.036283
 0.009162 0.004723 0.000204 0.985911
 0.036283 0.000204 0.958871 0.004642
 0.045324 0.004723 0.949830 0.000123
 0.027244 0.262495 0.692060 0.018202
 0.013682 0.764448 0.013763 0.208106
 0.624200 0.027326 0.330270 0.018204
 0.999470 0.000204 0.000204 0.000123
 0.000123 0.945311 0.040884 0.013682
 0.936190 0.009243 0.040884 0.013682

MOTIF 4-CTGTAATCCCAGCWM STREME-4
letter-probability matrix: alength= 4 w= 15 nsites= 310 E= 1.3e-006
 0.000096 0.949883 0.000160 0.049861
 0.000096 0.010823 0.000160 0.988921
 0.088960 0.007269 0.889457 0.014314
 0.000096 0.035705 0.007269 0.956929
 0.921379 0.021487 0.053483 0.003651
 0.722241 0.003714 0.266840 0.007205
 0.003651 0.003714 0.000160 0.992475
 0.000096 0.956995 0.000160 0.042749
 0.003651 0.932113 0.003714 0.060522
 0.007205 0.942775 0.000160 0.049860
 0.981812 0.003714 0.010823 0.003651
 0.046306 0.014377 0.935666 0.003651
 0.024978 0.932113 0.003714 0.039195
 0.441218 0.010823 0.003714 0.544245
 0.533582 0.430616 0.010823 0.024978

MOTIF 5-AMWAAAAAWAMAAAA STREME-5
letter-probability matrix: alength= 4 w= 15 nsites= 259 E= 2.9e-006
 0.949801 0.009734 0.000192 0.040273
 0.615079 0.351794 0.020208 0.012918
 0.581010 0.059940 0.030066 0.328984
 0.978162 0.008727 0.012995 0.000116
 0.952556 0.025798 0.017263 0.004383
 0.931218 0.038601 0.012995 0.017186
 0.888538 0.012995 0.047137 0.051330
 0.895306 0.055672 0.008727 0.040295
 0.506684 0.123959 0.030067 0.339290
 0.916644 0.034333 0.023301 0.025722
 0.585274 0.367470 0.025801 0.021454
 0.916281 0.012995 0.062073 0.008651
 0.837311 0.012996 0.094099 0.055594
 0.914034 0.008727 0.034447 0.042791
 0.970928 0.004460 0.003930 0.020682

MOTIF 6-GCCTCRGCCTCC STREME-6
letter-probability matrix: alength= 4 w= 12 nsites= 1146 E= 9.0e-006
 0.252978 0.009830 0.679710 0.057481
 0.068421 0.869650 0.000058 0.061871
 0.002187 0.919835 0.047179 0.030799
 0.000035 0.000058 0.028951 0.970957
 0.000035 0.878856 0.000058 0.121052
 0.489927 0.055828 0.433139 0.021107
 0.088844 0.000058 0.820387 0.090711
 0.037984 0.758123 0.000058 0.203835
 0.021837 0.649997 0.087284 0.240882
 0.000035 0.000058 0.042471 0.957437
 0.000035 0.967822 0.000058 0.032085
 0.000035 0.862770 0.075716 0.061479

MOTIF 7-AGRATCGCTTGARCC STREME-7
letter-probability matrix: alength= 4 w= 15 nsites= 218 E= 1.2e-005
 0.994391 0.000226 0.005247 0.000136
 0.015198 0.005247 0.979419 0.000136
 0.582653 0.005247 0.411964 0.000136
 0.974308 0.010268 0.015288 0.000136
 0.020219 0.020309 0.005247 0.954225
 0.010178 0.617894 0.075543 0.296386
 0.266270 0.030351 0.673119 0.030260
 0.030260 0.904108 0.010268 0.055364
 0.020219 0.025330 0.060481 0.893971
 0.010178 0.015288 0.025330 0.949204
 0.025240 0.025330 0.939253 0.010178
 0.979329 0.005247 0.015288 0.000136
 0.592698 0.000226 0.396898 0.010178
 0.045323 0.803692 0.070517 0.080468
 0.010178 0.868958 0.015289 0.105576

MOTIF 8-WTRTTTACW STREME-8
letter-probability matrix: alength= 4 w= 9 nsites= 1242 E= 1.6e-005
 0.433413 0.180206 0.092452 0.293929
 0.000050 0.002476 0.000084 0.997390
 0.407868 0.000084 0.591998 0.000050
 0.000050 0.000084 0.000084 0.999782
 0.037711 0.000084 0.000084 0.962122
 0.000050 0.000084 0.010113 0.989753
 0.723325 0.000084 0.276541 0.000050
 0.099336 0.599636 0.007809 0.293219
 0.261943 0.232259 0.000084 0.505714

MOTIF 9-CCACCACGCCYGGCT STREME-9
letter-probability matrix: alength= 4 w= 15 nsites= 199 E= 2.4e-005
 0.017272 0.942374 0.005963 0.034390
 0.005861 0.965198 0.011669 0.017272
 0.987920 0.000257 0.011669 0.000155
 0.011567 0.982316 0.000257 0.005861
 0.011567 0.970904 0.000257 0.017272
 0.805310 0.017375 0.177160 0.000155
 0.011567 0.657045 0.011669 0.319720
 0.217529 0.005963 0.776354 0.000155
 0.005861 0.953786 0.000257 0.040096
 0.000155 0.902432 0.034493 0.062920
 0.028685 0.479614 0.000257 0.491445
 0.268364 0.028787 0.702695 0.000155
 0.028684 0.051611 0.902432 0.017272
 0.011567 0.988022 0.000257 0.000155
 0.034390 0.249506 0.000257 0.715847

MOTIF 10-GGACTTTGAACY STREME-10
letter-probability matrix: alength= 4 w= 12 nsites= 333 E= 3.3e-005
 0.143644 0.003657 0.852605 0.000095
 0.063939 0.038055 0.814525 0.083482
 0.873028 0.029930 0.036602 0.060439
 0.022543 0.952710 0.024652 0.000095
 0.003594 0.153535 0.015607 0.827265
 0.008546 0.036604 0.000158 0.954693
 0.007093 0.000158 0.064597 0.928152
 0.041491 0.007156 0.930263 0.021090
 0.565120 0.127368 0.182038 0.125475
 0.493155 0.212572 0.082547 0.211726
 0.064534 0.846280 0.049147 0.040039
 0.132475 0.299428 0.007156 0.560941

MOTIF 11-CCCAGCCC STREME-11
letter-probability matrix: alength= 4 w= 8 nsites= 4019 E= 1.4e-004
 0.000120 0.999561 0.000199 0.000120
 0.000120 0.975061 0.024699 0.000120
 0.019927 0.938694 0.041259 0.000120
 0.517181 0.134191 0.103259 0.245369
 0.038588 0.000199 0.719846 0.241366
 0.000120 0.999561 0.000199 0.000120
 0.050241 0.855248 0.000199 0.094311
 0.000120 0.999561 0.000199 0.000120

MOTIF 12-ACTACAACTCCCA STREME-12
letter-probability matrix: alength= 4 w= 13 nsites= 101 E= 6.4e-003
 0.967710 0.000687 0.031190 0.000413
 0.000413 0.998486 0.000687 0.000413
 0.000413 0.061700 0.015938 0.921948
 0.952457 0.015938 0.031191 0.000413
 0.000413 0.983235 0.015938 0.000413
 0.906702 0.015938 0.046442 0.030917
 0.824098 0.022268 0.076956 0.076678
 0.061421 0.678174 0.153223 0.107183
 0.015666 0.076949 0.000687 0.906699
 0.015665 0.906976 0.015938 0.061421
 0.000413 0.983235 0.015938 0.000413
 0.000413 0.983235 0.015938 0.000413
 0.799924 0.000687 0.198976 0.000413

MOTIF 13-GAGACRGRGTYTCRC STREME-13
letter-probability matrix: alength= 4 w= 15 nsites= 199 E= 7.1e-003
 0.035281 0.020309 0.929211 0.015198
 0.959246 0.000226 0.000226 0.040302
 0.040302 0.000226 0.949294 0.010178
 0.954224 0.000226 0.020310 0.025240
 0.000136 0.868961 0.000226 0.130677
 0.512323 0.005247 0.442128 0.040302
 0.055364 0.005247 0.934232 0.005157
 0.336548 0.000226 0.663090 0.000136
 0.060385 0.010268 0.889045 0.040302
 0.000136 0.010268 0.000226 0.989370
 0.005157 0.437068 0.005247 0.552528
 0.000136 0.005247 0.000226 0.994391
 0.000136 0.788619 0.000226 0.211019
 0.587692 0.010268 0.356718 0.045323
 0.015198 0.949294 0.000226 0.035282

MOTIF 14-GCCRCCAGGGGGCGC STREME-14
letter-probability matrix: alength= 4 w= 15 nsites= 277 E= 7.8e-003
 0.116157 0.040206 0.762718 0.080919
 0.038148 0.923490 0.028728 0.009633
 0.000129 0.999528 0.000214 0.000129
 0.624781 0.000214 0.374876 0.000129
 0.004881 0.770493 0.224497 0.000129
 0.009633 0.786480 0.094454 0.109433
 0.949948 0.011691 0.028728 0.009633
 0.000129 0.000214 0.999528 0.000129
 0.218740 0.004966 0.771412 0.004881
 0.014386 0.033480 0.780920 0.171214
 0.028645 0.000214 0.956756 0.014386
 0.009633 0.000214 0.966262 0.023890
 0.038148 0.926270 0.000214 0.035367
 0.187454 0.000214 0.797946 0.014386
 0.014386 0.747535 0.204684 0.033395

MOTIF 15-CGGCGGCGGCGGC STREME-15
letter-probability matrix: alength= 4 w= 13 nsites= 456 E= 8.2e-003
 0.000085 0.798203 0.000141 0.201571
 0.000085 0.032343 0.967488 0.000085
 0.073821 0.000141 0.922823 0.003215
 0.000085 0.894791 0.000141 0.104983
 0.057257 0.000141 0.893273 0.049329
 0.151471 0.000141 0.805009 0.043379
 0.000085 0.944553 0.000141 0.055221
 0.068797 0.093625 0.766517 0.071061
 0.006346 0.000141 0.985868 0.007645
 0.010887 0.961118 0.000141 0.027854
 0.143565 0.006051 0.840148 0.010237
 0.122309 0.003847 0.867498 0.006346
 0.000085 0.848854 0.044654 0.106407

MOTIF 16-CTCCTCCTCCYCCYC STREME-16
letter-probability matrix: alength= 4 w= 15 nsites= 2058 E= 9.4e-003
 0.000016 0.966401 0.012322 0.021261
 0.000016 0.226822 0.239271 0.533892
 0.017480 0.662951 0.148688 0.170881
 0.020112 0.655366 0.005194 0.319328
 0.132698 0.000026 0.237719 0.629558
 0.002312 0.997646 0.000026 0.000016
 0.000016 0.729888 0.100748 0.169348
 0.118343 0.000026 0.000026 0.881606
 0.000016 0.701807 0.077585 0.220592
 0.025518 0.765739 0.026341 0.182402
 0.110878 0.359784 0.113816 0.415523
 0.073623 0.481524 0.237633 0.207220
 0.000016 0.821857 0.160074 0.018054
 0.033796 0.369344 0.124401 0.472460
 0.031022 0.654038 0.125146 0.189794

MOTIF 17-TCTCRGCTCACTGCA STREME-17
letter-probability matrix: alength= 4 w= 15 nsites= 154 E= 1.3e-002
 0.000252 0.028303 0.000418 0.971027
 0.000252 0.989784 0.000418 0.009546
 0.130379 0.022864 0.009713 0.837044
 0.000252 0.887537 0.009713 0.102498
 0.487595 0.028301 0.455969 0.028135
 0.028135 0.000418 0.971195 0.000252
 0.009546 0.958044 0.013570 0.018840
 0.000252 0.000418 0.000418 0.998911
 0.000252 0.971195 0.009713 0.018841
 0.933851 0.028301 0.037595 0.000252
 0.000252 0.971195 0.000418 0.028135
 0.000252 0.074777 0.009713 0.915259
 0.009546 0.009713 0.980489 0.000252
 0.000252 0.971195 0.009713 0.018840
 0.989617 0.000418 0.000418 0.009546

MOTIF 18-AGTGCAGTGGYGCRA STREME-18
letter-probability matrix: alength= 4 w= 15 nsites= 175 E= 2.6e-002
 0.956645 0.000274 0.024641 0.018440
 0.054991 0.012458 0.932386 0.000165
 0.018441 0.000274 0.018549 0.962736
 0.073265 0.000274 0.926295 0.000165
 0.006257 0.950662 0.006366 0.036715
 0.968828 0.000274 0.030733 0.000165
 0.164644 0.018549 0.816642 0.000165
 0.000165 0.018550 0.000274 0.981011
 0.030624 0.000274 0.950662 0.018440
 0.073266 0.012458 0.908019 0.006257
 0.006257 0.579039 0.000274 0.414430
 0.280398 0.006366 0.694796 0.018440
 0.000165 0.822732 0.030733 0.146370
 0.383984 0.103837 0.487647 0.024532
 0.950552 0.000274 0.049009 0.000165

MOTIF 19-TGRGGWCR STREME-19
letter-probability matrix: alength= 4 w= 8 nsites= 2159 E= 3.8e-002
 0.000177 0.237518 0.000294 0.762011
 0.076821 0.000294 0.922708 0.000177
 0.382896 0.000294 0.616634 0.000177
 0.000177 0.000294 0.751807 0.247722
 0.000177 0.000294 0.999352 0.000177
 0.598486 0.000294 0.000294 0.400927
 0.000177 0.999352 0.000294 0.000177
 0.657794 0.000294 0.341735 0.000177

MOTIF 20-CGCRGTGGCTCACGC STREME-20
letter-probability matrix: alength= 4 w= 15 nsites= 106 E= 5.2e-002
 0.038885 0.670734 0.000435 0.289946
 0.264986 0.029402 0.686038 0.019573
 0.000262 0.859851 0.000435 0.139453
 0.560325 0.087338 0.352075 0.000262
 0.058197 0.000435 0.941107 0.000262
 0.000262 0.019747 0.000435 0.979557
 0.000262 0.000435 0.999042 0.000262
 0.106478 0.000435 0.892826 0.000262
 0.000262 0.999042 0.000435 0.000262
 0.000262 0.010091 0.010091 0.979557
 0.019573 0.970074 0.010091 0.000262
 0.989213 0.010091 0.000435 0.000262
 0.019573 0.686041 0.019747 0.274639
 0.183728 0.010091 0.805920 0.000262
 0.000262 0.873514 0.010091 0.116133

MOTIF 21-TGCGCATGCGCA STREME-21
letter-probability matrix: alength= 4 w= 12 nsites= 182 E= 6.4e-002
 0.029603 0.229531 0.071623 0.669243
 0.051027 0.000279 0.948526 0.000168
 0.056008 0.895784 0.032549 0.015659
 0.044830 0.000279 0.948527 0.006364
 0.000168 0.993189 0.006476 0.000168
 0.696019 0.119870 0.149861 0.034250
 0.034250 0.149861 0.119870 0.696019
 0.000168 0.006476 0.993189 0.000168
 0.006364 0.948527 0.000279 0.044830
 0.015659 0.032549 0.895784 0.056008
 0.000168 0.948526 0.000279 0.051027
 0.669243 0.071623 0.229531 0.029603

MOTIF 22-CACTTCCGGY STREME-22
letter-probability matrix: alength= 4 w= 10 nsites= 362 E= 6.4e-002
 0.002393 0.879360 0.005786 0.112461
 0.925809 0.000249 0.036262 0.037680
 0.000150 0.999451 0.000249 0.000150
 0.000150 0.000249 0.005786 0.993815
 0.016761 0.000249 0.000249 0.982740
 0.005687 0.988377 0.000249 0.005687
 0.000150 0.999451 0.000249 0.000150
 0.000150 0.000249 0.835280 0.164320
 0.030831 0.181004 0.738178 0.049986
 0.013863 0.353984 0.083986 0.548167

MOTIF 23-GGAGTTCGAGA STREME-23
letter-probability matrix: alength= 4 w= 11 nsites= 141 E= 9.0e-002
 0.031919 0.009002 0.958846 0.000234
 0.081346 0.000388 0.874960 0.043306
 0.981762 0.009002 0.000388 0.008848
 0.064114 0.009002 0.909421 0.017463
 0.017463 0.034848 0.000388 0.947301
 0.000234 0.000388 0.000388 0.998991
 0.017462 0.749209 0.057927 0.175402
 0.273124 0.000388 0.717641 0.008848
 0.964532 0.000388 0.017617 0.017463
 0.000234 0.009002 0.990531 0.000234
 0.985720 0.009002 0.005044 0.000234

MOTIF 24-TCAGCACCAYGGACA STREME-24
letter-probability matrix: alength= 4 w= 15 nsites= 86 E= 9.0e-002
 0.000366 0.095015 0.081526 0.823094
 0.013852 0.985175 0.000607 0.000366
 0.998420 0.000607 0.000607 0.000366
 0.000366 0.000607 0.985175 0.013852
 0.027339 0.850309 0.121986 0.000366
 0.917502 0.014094 0.027580 0.040825
 0.000366 0.944716 0.014094 0.040825
 0.027338 0.931230 0.000607 0.040825
 0.526369 0.054554 0.243387 0.175690
 0.027338 0.418736 0.162448 0.391477
 0.027338 0.014094 0.958202 0.000366
 0.013852 0.000607 0.985175 0.000366
 0.944474 0.054553 0.000607 0.000366
 0.000366 0.742418 0.243364 0.013852
 0.957961 0.027580 0.000607 0.013852

MOTIF 25-AGCAGCAGCAGCR STREME-25
letter-probability matrix: alength= 4 w= 13 nsites= 427 E= 1.1e-001
 0.999654 0.000133 0.000133 0.000080
 0.059118 0.049895 0.876148 0.014839
 0.070426 0.892713 0.000133 0.036728
 0.608370 0.122958 0.197155 0.071517
 0.066271 0.000133 0.933516 0.000080
 0.000080 0.961332 0.000133 0.038455
 0.668045 0.108626 0.114365 0.108964
 0.023695 0.096610 0.879615 0.000080
 0.000080 0.999707 0.000133 0.000080
 0.583912 0.180162 0.060705 0.175222
 0.038378 0.028909 0.932632 0.000080
 0.000080 0.873090 0.057356 0.069474
 0.489591 0.106685 0.354344 0.049380

MOTIF 26-CCCGAGKCC STREME-26
letter-probability matrix: alength= 4 w= 9 nsites= 762 E= 1.3e-001
 0.000264 0.742529 0.256943 0.000264
 0.000264 0.888607 0.000439 0.110690
 0.000264 0.999033 0.000439 0.000264
 0.000264 0.000439 0.999033 0.000264
 0.998859 0.000439 0.000439 0.000264
 0.174740 0.000439 0.824557 0.000264
 0.074110 0.147804 0.362357 0.415729
 0.000264 0.909470 0.000439 0.089828
 0.000264 0.935044 0.064428 0.000264

MOTIF 27-ACACACACACACAC STREME-27
letter-probability matrix: alength= 4 w= 14 nsites= 331 E= 1.4e-001
 0.961376 0.000221 0.021930 0.016473
 0.083722 0.856569 0.000221 0.059487
 0.808836 0.040505 0.150526 0.000133
 0.031676 0.879563 0.014972 0.073788
 0.917774 0.019889 0.042535 0.019802
 0.113192 0.841001 0.021252 0.024554
 0.689468 0.045689 0.259792 0.005050
 0.058301 0.698071 0.068988 0.174640
 0.774023 0.034223 0.065028 0.126726
 0.014884 0.807182 0.055220 0.122713
 0.742416 0.061266 0.098680 0.097639
 0.066162 0.857691 0.031761 0.044386
 0.994507 0.000221 0.005138 0.000133
 0.066417 0.784341 0.005710 0.143531

MOTIF 28-CCCGGGACCC STREME-28
letter-probability matrix: alength= 4 w= 10 nsites= 1043 E= 1.4e-001
 0.017082 0.937464 0.028373 0.017082
 0.017082 0.937464 0.028373 0.017082
 0.017082 0.937464 0.028373 0.017082
 0.017082 0.028373 0.937464 0.017082
 0.017082 0.028373 0.937464 0.017082
 0.017082 0.028373 0.937464 0.017082
 0.926173 0.028373 0.028373 0.017082
 0.017082 0.937464 0.028373 0.017082
 0.017082 0.937464 0.028373 0.017082
 0.017082 0.937464 0.028373 0.017082

MOTIF 29-CTCTGCCCT STREME-29
letter-probability matrix: alength= 4 w= 9 nsites= 903 E= 1.7e-001
 0.000337 0.998767 0.000560 0.000337
 0.114176 0.000560 0.000560 0.884705
 0.028157 0.911236 0.000560 0.060048
 0.000337 0.000560 0.057613 0.941491
 0.000337 0.000560 0.998767 0.000337
 0.031890 0.852842 0.000560 0.114709
 0.035388 0.963715 0.000560 0.000337
 0.000337 0.948540 0.000560 0.050564
 0.056775 0.100472 0.062699 0.780055

MOTIF 30-CAAAGTCCA STREME-30
letter-probability matrix: alength= 4 w= 9 nsites= 425 E= 1.7e-001
 0.000380 0.861793 0.064668 0.073158
 0.828555 0.034025 0.079070 0.058350
 0.840084 0.050457 0.076270 0.033189
 0.928580 0.031214 0.003606 0.036600
 0.014815 0.058463 0.898899 0.027823
 0.040375 0.011297 0.021327 0.927001
 0.065924 0.886613 0.047232 0.000231
 0.000231 0.719878 0.194568 0.085324
 0.920943 0.011175 0.023620 0.044261

MOTIF 31-AGCAAACASMA STREME-31
letter-probability matrix: alength= 4 w= 11 nsites= 286 E= 1.9e-001
 0.949326 0.000281 0.000281 0.050112
 0.236272 0.027843 0.645724 0.090161
 0.056989 0.802526 0.140315 0.000169
 0.999269 0.000281 0.000281 0.000169
 0.986783 0.000281 0.000281 0.012655
 0.999269 0.000281 0.000281 0.000169
 0.020101 0.813562 0.076175 0.090161
 0.881604 0.019010 0.000281 0.099105
 0.000169 0.342149 0.657512 0.000169
 0.235366 0.454346 0.113588 0.196700
 0.780968 0.096218 0.000281 0.122533

MOTIF 32-CAAGATGGCGGCG STREME-32
letter-probability matrix: alength= 4 w= 13 nsites= 188 E= 2.4e-001
 0.074479 0.631450 0.225785 0.068285
 0.897625 0.025049 0.064773 0.012553
 0.844463 0.086973 0.012664 0.055900
 0.072485 0.124131 0.790832 0.012553
 0.968313 0.000279 0.025048 0.006360
 0.027509 0.033811 0.006471 0.932209
 0.000168 0.000279 0.999385 0.000168
 0.037323 0.006471 0.956038 0.000168
 0.006360 0.962231 0.000279 0.031130
 0.062093 0.025048 0.872965 0.039894
 0.074478 0.056012 0.832187 0.037323
 0.062093 0.931268 0.000279 0.006360
 0.099248 0.204634 0.563334 0.132784

MOTIF 33-CAGCCAATCGGCGV STREME-33
letter-probability matrix: alength= 4 w= 14 nsites= 112 E= 3.1e-001
 0.000520 0.863853 0.135108 0.000520
 0.805978 0.058396 0.135106 0.000520
 0.000520 0.000863 0.998097 0.000520
 0.019697 0.940565 0.039218 0.000520
 0.000520 0.998097 0.000863 0.000520
 0.978576 0.000863 0.020041 0.000520
 0.997753 0.000863 0.000863 0.000520
 0.000520 0.020041 0.000863 0.978576
 0.134763 0.595364 0.250176 0.019697
 0.307363 0.020041 0.672076 0.000520
 0.019697 0.269347 0.652903 0.058053
 0.134761 0.748790 0.077574 0.038875
 0.115584 0.000863 0.863855 0.019697
 0.249827 0.441951 0.250171 0.058052

MOTIF 34-GTTAATGATT STREME-34
letter-probability matrix: alength= 4 w= 10 nsites= 87 E= 3.1e-001
 0.083948 0.000695 0.914939 0.000418
 0.000418 0.000695 0.000695 0.998193
 0.000418 0.000695 0.000695 0.998193
 0.967342 0.000695 0.031545 0.000418
 0.658817 0.154962 0.000695 0.185527
 0.000418 0.134559 0.000695 0.864328
 0.086916 0.202688 0.591540 0.118855
 0.998193 0.000695 0.000695 0.000418
 0.031269 0.108675 0.093248 0.766808
 0.015843 0.000695 0.000695 0.982768

MOTIF 35-GTTRYRYAAC STREME-35
letter-probability matrix: alength= 4 w= 10 nsites= 137 E= 3.4e-001
 0.200928 0.000571 0.798157 0.000344
 0.000344 0.000571 0.000571 0.998514
 0.000344 0.000571 0.000571 0.998514
 0.459114 0.000571 0.539971 0.000344
 0.006686 0.584058 0.000571 0.408684
 0.408684 0.000571 0.584058 0.006686
 0.000344 0.539971 0.000571 0.459114
 0.998514 0.000571 0.000571 0.000344
 0.998514 0.000571 0.000571 0.000344
 0.000344 0.798157 0.000571 0.200928

MOTIF 36-RTCACGTG STREME-36
letter-probability matrix: alength= 4 w= 8 nsites= 1225 E= 5.1e-001
 0.614718 0.000219 0.384931 0.000132
 0.066523 0.143810 0.059715 0.729952
 0.068361 0.769264 0.134984 0.027390
 0.998748 0.000219 0.000900 0.000132
 0.000132 0.999516 0.000219 0.000132
 0.000132 0.057229 0.908937 0.033703
 0.014241 0.000219 0.000219 0.985320
 0.092021 0.095165 0.761800 0.051014

MOTIF 37-CAGGAAG STREME-37
letter-probability matrix: alength= 4 w= 7 nsites= 1018 E= 5.6e-001
 0.017082 0.937464 0.028373 0.017082
 0.926173 0.028373 0.028373 0.017082
 0.017082 0.028373 0.937464 0.017082
 0.017082 0.028373 0.937464 0.017082
 0.926173 0.028373 0.028373 0.017082
 0.926173 0.028373 0.028373 0.017082
 0.017082 0.028373 0.937464 0.017082

MOTIF 38-AGATAA STREME-38
letter-probability matrix: alength= 4 w= 6 nsites= 450 E= 6.0e-001
 0.926173 0.028373 0.028373 0.017082
 0.017082 0.028373 0.937464 0.017082
 0.926173 0.028373 0.028373 0.017082
 0.017082 0.028373 0.028373 0.926173
 0.926173 0.028373 0.028373 0.017082
 0.926173 0.028373 0.028373 0.017082

MOTIF 39-CTCCCTCCC STREME-39
letter-probability matrix: alength= 4 w= 9 nsites= 1809 E= 7.2e-001
 0.000294 0.916072 0.000488 0.083147
 0.000294 0.000488 0.070602 0.928617
 0.064520 0.798170 0.078762 0.058548
 0.000294 0.975004 0.024409 0.000294
 0.025505 0.782615 0.000488 0.191392
 0.137957 0.000488 0.124008 0.737548
 0.000294 0.998925 0.000488 0.000294
 0.000294 0.998925 0.000488 0.000294
 0.000294 0.998925 0.000488 0.000294

MOTIF 40-AGCAAAG STREME-40
letter-probability matrix: alength= 4 w= 7 nsites= 669 E= 8.3e-001
 0.926173 0.028373 0.028373 0.017082
 0.017082 0.028373 0.937464 0.017082
 0.017082 0.937464 0.028373 0.017082
 0.926173 0.028373 0.028373 0.017082
 0.926173 0.028373 0.028373 0.017082
 0.926173 0.028373 0.028373 0.017082
 0.017082 0.028373 0.937464 0.017082

MOTIF 41-CACTCACC STREME-41
letter-probability matrix: alength= 4 w= 8 nsites= 330 E= 8.9e-001
 0.000726 0.849894 0.001206 0.148174
 0.996862 0.001206 0.001206 0.000726
 0.000726 0.997342 0.001206 0.000726
 0.000726 0.001206 0.001206 0.996862
 0.014220 0.881928 0.001206 0.102646
 0.996862 0.001206 0.001206 0.000726
 0.000726 0.997342 0.001206 0.000726
 0.000726 0.997342 0.001206 0.000726

MOTIF 42-CTGCAGCCGC STREME-42
letter-probability matrix: alength= 4 w= 10 nsites= 503 E= 1.0e+000
 0.037290 0.921648 0.024761 0.016300
 0.028764 0.118606 0.000555 0.852075
 0.015025 0.034871 0.949770 0.000334
 0.000334 0.967261 0.000555 0.031851
 0.979600 0.000555 0.000555 0.019290
 0.038636 0.031910 0.929119 0.000334
 0.065186 0.767088 0.096200 0.071526
 0.034184 0.940466 0.000555 0.024796
 0.020787 0.054996 0.876178 0.048039
 0.016539 0.848051 0.053046 0.082364

MOTIF 43-ATGTCAACAGC STREME-43
letter-probability matrix: alength= 4 w= 11 nsites= 82 E= 1.0e+000
 0.791194 0.093146 0.078237 0.037423
 0.000500 0.000831 0.037753 0.960915
 0.111263 0.000831 0.868945 0.018961
 0.037423 0.000831 0.119260 0.842486
 0.000500 0.972046 0.000831 0.026622
 0.997837 0.000831 0.000831 0.000500
 0.923988 0.000831 0.074680 0.000500
 0.000500 0.868944 0.019292 0.111264
 0.960916 0.037752 0.000831 0.000500
 0.137386 0.019292 0.805901 0.037421
 0.092810 0.702786 0.093137 0.111267

MOTIF 44-AAAACAAA STREME-44
letter-probability matrix: alength= 4 w= 8 nsites= 163 E= 1.3e+000
 0.995765 0.001628 0.001628 0.000980
 0.914921 0.001628 0.001628 0.081824
 0.797126 0.001628 0.001628 0.199618
 0.995765 0.001628 0.001628 0.000980
 0.000980 0.996413 0.001628 0.000980
 0.906067 0.001628 0.091326 0.000980
 0.995765 0.001628 0.001628 0.000980
 0.995765 0.001628 0.001628 0.000980

MOTIF 45-GCAAACAC STREME-45
letter-probability matrix: alength= 4 w= 8 nsites= 172 E= 1.4e+000
 0.000990 0.001645 0.996375 0.000990
 0.000990 0.704334 0.001645 0.293031
 0.995721 0.001645 0.001645 0.000990
 0.995721 0.001645 0.001645 0.000990
 0.995721 0.001645 0.001645 0.000990
 0.000990 0.853617 0.001645 0.143748
 0.995721 0.001645 0.001645 0.000990
 0.000990 0.996375 0.001645 0.000990

MOTIF 46-GAGTCAACA STREME-46
letter-probability matrix: alength= 4 w= 9 nsites= 38 E= 1.7e+000
 0.017082 0.028373 0.937464 0.017082
 0.926173 0.028373 0.028373 0.017082
 0.017082 0.028373 0.937464 0.017082
 0.017082 0.028373 0.028373 0.926173
 0.017082 0.937464 0.028373 0.017082
 0.926173 0.028373 0.028373 0.017082
 0.926173 0.028373 0.028373 0.017082
 0.017082 0.937464 0.028373 0.017082
 0.926173 0.028373 0.028373 0.017082

MOTIF 47-CATGGCGGCSGC STREME-47
letter-probability matrix: alength= 4 w= 12 nsites= 361 E= 1.7e+000
 0.112556 0.712579 0.102402 0.072464
 0.899368 0.000149 0.066427 0.034056
 0.023683 0.195878 0.000149 0.780290
 0.028908 0.087358 0.880329 0.003405
 0.000090 0.000149 0.954780 0.044981
 0.000090 0.913926 0.000149 0.085835
 0.000090 0.000149 0.792933 0.206828
 0.190589 0.000149 0.791220 0.018042
 0.203841 0.760975 0.000149 0.035035
 0.042059 0.294785 0.537211 0.125944
 0.131576 0.084275 0.756724 0.027425
 0.042526 0.819240 0.079436 0.058797

MOTIF 48-AATGAATGAATGAA STREME-48
letter-probability matrix: alength= 4 w= 14 nsites= 107 E= 1.8e+000
 0.789650 0.047982 0.162110 0.000258
 0.770629 0.076514 0.057493 0.095365
 0.104875 0.019450 0.000428 0.875247
 0.114386 0.124067 0.723246 0.038301
 0.922800 0.000428 0.067003 0.009769
 0.884757 0.009939 0.028960 0.076343
 0.076343 0.009939 0.076514 0.837204
 0.190472 0.038471 0.751778 0.019279
 0.761118 0.124067 0.114557 0.000258
 0.903779 0.019450 0.019450 0.057322
 0.057322 0.114556 0.028960 0.799161
 0.019279 0.047982 0.799332 0.133407
 0.875246 0.009939 0.047983 0.066833
 0.523350 0.133578 0.200154 0.142918

MOTIF 49-ACCTCCACCTCCCG STREME-49
letter-probability matrix: alength= 4 w= 14 nsites= 67 E= 1.8e+000
 0.996846 0.001212 0.001212 0.000730
 0.081491 0.728106 0.189673 0.000730
 0.000730 0.943488 0.001212 0.054571
 0.027650 0.001212 0.001212 0.969926
 0.000730 0.997328 0.001212 0.000730
 0.000730 0.997328 0.001212 0.000730
 0.700704 0.028133 0.270434 0.000730
 0.027650 0.943488 0.001212 0.027650
 0.027650 0.943488 0.028133 0.000730
 0.000730 0.001212 0.028133 0.969926
 0.081491 0.862726 0.001212 0.054571
 0.000730 0.970408 0.028133 0.000730
 0.000730 0.916562 0.001212 0.081496
 0.189191 0.001212 0.566582 0.243015

MOTIF 50-GTGASTCAC STREME-50
letter-probability matrix: alength= 4 w= 9 nsites= 323 E= 2.1e+000
 0.171027 0.223190 0.605586 0.000197
 0.000197 0.046962 0.000327 0.952514
 0.087351 0.048700 0.844912 0.019037
 0.999149 0.000327 0.000327 0.000197
 0.005309 0.494691 0.494691 0.005309
 0.000197 0.000327 0.000327 0.999149
 0.019037 0.844912 0.048700 0.087351
 0.952514 0.000327 0.046962 0.000197
 0.000197 0.605586 0.223190 0.171027

MOTIF 51-CAGCCTGGGCTW STREME-51
letter-probability matrix: alength= 4 w= 12 nsites= 230 E= 2.3e+000
 0.000174 0.999363 0.000289 0.000174
 0.918032 0.000289 0.081504 0.000174
 0.000174 0.000289 0.919669 0.079868
 0.000174 0.999363 0.000289 0.000174
 0.051528 0.830629 0.025966 0.091878
 0.000174 0.000289 0.000289 0.999248
 0.000174 0.009372 0.742128 0.248326
 0.000174 0.000289 0.963797 0.035740
 0.106092 0.133274 0.646972 0.113662
 0.091621 0.820252 0.000289 0.087839
 0.232661 0.122793 0.042067 0.602480
 0.293357 0.210671 0.000289 0.495683

MOTIF 52-CCACCACCACCC STREME-52
letter-probability matrix: alength= 4 w= 12 nsites= 1004 E= 7.0e+000
 0.000035 0.919635 0.040905 0.039425
 0.135208 0.695349 0.123590 0.045852
 0.994746 0.000057 0.000057 0.005139
 0.000035 0.705395 0.091210 0.203360
 0.000035 0.775984 0.223947 0.000035
 0.531087 0.172393 0.120507 0.176012
 0.000035 0.669466 0.159501 0.170999
 0.000035 0.784057 0.132889 0.083019
 0.937729 0.000057 0.006499 0.055714
 0.000035 0.678414 0.092692 0.228859
 0.081625 0.587621 0.178251 0.152503
 0.188504 0.589570 0.160906 0.061020

MOTIF 53-CAGAGCCAGG STREME-53
letter-probability matrix: alength= 4 w= 10 nsites= 535 E= 9.9e+000
 0.000325 0.998812 0.000539 0.000325
 0.751535 0.210039 0.000539 0.037887
 0.000325 0.000539 0.998812 0.000325
 0.810534 0.056534 0.132607 0.000325
 0.000325 0.075784 0.899596 0.024295
 0.000325 0.933038 0.066313 0.000325
 0.034769 0.964368 0.000539 0.000325
 0.758057 0.000539 0.111936 0.129467
 0.000325 0.000539 0.978824 0.020313
 0.089298 0.000539 0.909838 0.000325

MOTIF 54-STGACGTCASGGCSC STREME-54
letter-probability matrix: alength= 4 w= 15 nsites= 42 E= 1.3e+001
 0.000643 0.475630 0.523084 0.000643
 0.095555 0.001068 0.001068 0.902308
 0.000643 0.001068 0.997645 0.000643
 0.973492 0.024796 0.001068 0.000643
 0.000643 0.997645 0.001068 0.000643
 0.000643 0.001068 0.950189 0.048099
 0.000643 0.001068 0.001068 0.997220
 0.000643 0.997645 0.001068 0.000643
 0.997220 0.001068 0.001068 0.000643
 0.024371 0.594268 0.380718 0.000643
 0.143011 0.072252 0.641725 0.143011
 0.214195 0.238348 0.546814 0.000643
 0.095555 0.689181 0.214620 0.000643
 0.071827 0.380718 0.404444 0.143011
 0.071827 0.570542 0.190892 0.166739

********************************************************************************
Stopped because 3 consecutive motifs exceeded the p-value threshold (0.05).
********************************************************************************
COMMAND:	streme --verbosity 1 --oc meme_out_incomplete_DL/HepG2_AKAP8-human_ENCFF540SLC/streme_out -dna --seed 0 --p meme_out_incomplete_DL/HepG2_AKAP8-human_ENCFF540SLC/seqs-centered --minw 6 --maxw 15 --time 6184 --order 2 --thresh 0.05 --align center --totallength 4000000 --parse-genomic-coord
********************************************************************************
CPU:		9f05ee173ae9
********************************************************************************
FINALTIME:	1732.25 seconds
********************************************************************************
