********************************************************************************
STREME - Sensitive, Thorough, Rapid, Enriched Motif Elicitation
********************************************************************************
MEME version 5.5.3 (Release date: Sat Jun 10 16:19:38 2023 -0700)

For further information on how to interpret these results please access http://localhost:8080/meme_5.5.3.
To get a copy of the MEME Suite software please access https://meme-suite.org.

********************************************************************************


********************************************************************************
REFERENCE
********************************************************************************
If you use this program in your research, please cite:

Timothy L. Bailey,
"STREME: accurate and versatile sequence motif discovery",
Bioinformatics, Mar. 24, 2021.
********************************************************************************


ALPHABET= ACGT

strands: + -

Background letter frequencies
A 0.173 C 0.327 G 0.327 T 0.173 

MOTIF 1-TGACGTCACYDCC STREME-1
letter-probability matrix: alength= 4 w= 13 nsites= 702 E= 4.7e-013
 0.103949 0.099517 0.067948 0.728585
 0.063178 0.068737 0.599707 0.268378
 0.760020 0.000074 0.189355 0.050550
 0.000039 0.996690 0.003231 0.000039
 0.037923 0.000074 0.961964 0.000039
 0.000039 0.000074 0.000074 0.999812
 0.012667 0.980905 0.000074 0.006353
 0.999812 0.000074 0.000074 0.000039
 0.000039 0.663770 0.015859 0.320332
 0.154103 0.319770 0.156073 0.370054
 0.235259 0.124504 0.314380 0.325857
 0.105171 0.563450 0.224929 0.106451
 0.105796 0.545625 0.258567 0.090011

MOTIF 2-CACTTCCGG STREME-2
letter-probability matrix: alength= 4 w= 9 nsites= 285 E= 1.1e-004
 0.041014 0.875599 0.042349 0.041037
 0.899804 0.000298 0.099740 0.000158
 0.000745 0.920737 0.000619 0.077899
 0.019087 0.008730 0.006599 0.965584
 0.002046 0.002443 0.010135 0.985375
 0.006468 0.993077 0.000298 0.000158
 0.001211 0.979407 0.012917 0.006465
 0.001459 0.000809 0.926860 0.070872
 0.009874 0.074542 0.848546 0.067037

MOTIF 3-RGGGGCGGGGCB STREME-3
letter-probability matrix: alength= 4 w= 12 nsites= 415 E= 3.7e-004
 0.286975 0.215138 0.441632 0.056255
 0.103172 0.000141 0.772736 0.123951
 0.113696 0.000141 0.886088 0.000075
 0.000075 0.000141 0.999710 0.000075
 0.000075 0.000141 0.999710 0.000075
 0.022295 0.952383 0.000141 0.025181
 0.000075 0.000141 0.999710 0.000075
 0.000075 0.000141 0.977333 0.022452
 0.126292 0.000141 0.858000 0.015567
 0.129698 0.035557 0.834671 0.000075
 0.107375 0.817088 0.000141 0.075396
 0.081778 0.324423 0.352855 0.240944

MOTIF 4-RACTACAAYTCCCA STREME-4
letter-probability matrix: alength= 4 w= 14 nsites= 128 E= 8.7e-003
 0.550892 0.065773 0.355102 0.028233
 0.952220 0.009773 0.037773 0.000233
 0.009567 0.989760 0.000440 0.000233
 0.018900 0.000440 0.019107 0.961553
 0.961553 0.028440 0.000440 0.009567
 0.000233 0.961760 0.000440 0.037566
 0.756223 0.047106 0.149771 0.046899
 0.569559 0.084439 0.065773 0.280230
 0.056233 0.448434 0.205771 0.289563
 0.028233 0.075106 0.056439 0.840222
 0.018900 0.905761 0.000440 0.074899
 0.009567 0.952427 0.009773 0.028233
 0.000233 0.999093 0.000440 0.000233
 0.644225 0.000440 0.317769 0.037566

MOTIF 5-CAGCCAATSRG STREME-5
letter-probability matrix: alength= 4 w= 11 nsites= 122 E= 3.5e-002
 0.023304 0.791734 0.184674 0.000288
 0.895053 0.023559 0.081100 0.000288
 0.080845 0.000543 0.918324 0.000288
 0.000288 0.987373 0.012051 0.000288
 0.000288 0.998882 0.000543 0.000288
 0.998627 0.000543 0.000543 0.000288
 0.993852 0.005317 0.000543 0.000288
 0.000288 0.000543 0.000543 0.998627
 0.069337 0.553779 0.296039 0.080845
 0.336824 0.085871 0.565509 0.011796
 0.046321 0.228740 0.563537 0.161402

MOTIF 6-AARATGGCGGCG STREME-6
letter-probability matrix: alength= 4 w= 12 nsites= 173 E= 9.5e-002
 0.885770 0.010371 0.073901 0.029958
 0.840362 0.040081 0.049985 0.069572
 0.420305 0.202647 0.366897 0.010151
 0.988915 0.000467 0.010371 0.000248
 0.000248 0.040081 0.000467 0.959204
 0.000248 0.000467 0.989134 0.010151
 0.010151 0.000467 0.989134 0.000248
 0.000248 0.979230 0.000467 0.020055
 0.029958 0.030178 0.885990 0.053874
 0.049765 0.099502 0.810871 0.039862
 0.059669 0.870292 0.040081 0.029958
 0.039862 0.248055 0.648305 0.063778

MOTIF 7-ACGTCAG STREME-7
letter-probability matrix: alength= 4 w= 7 nsites= 148 E= 2.0e-001
 0.996619 0.001336 0.001336 0.000709
 0.000709 0.997247 0.001336 0.000709
 0.000709 0.001336 0.997247 0.000709
 0.000709 0.001336 0.001336 0.996619
 0.049400 0.859577 0.001336 0.089687
 0.884436 0.001336 0.113519 0.000709
 0.045442 0.258638 0.554562 0.141358

MOTIF 8-CGCCCCCTCCCGG STREME-8
letter-probability matrix: alength= 4 w= 13 nsites= 54 E= 2.8e-001
 0.022791 0.908899 0.023284 0.045026
 0.032017 0.001049 0.966379 0.000556
 0.022791 0.908899 0.001049 0.067261
 0.032017 0.966379 0.001049 0.000556
 0.178436 0.775489 0.045519 0.000556
 0.111731 0.766264 0.076979 0.045026
 0.045026 0.886664 0.023284 0.045026
 0.045026 0.001049 0.054744 0.899181
 0.000556 0.908899 0.089989 0.000556
 0.000556 0.931134 0.045519 0.022791
 0.022791 0.842194 0.045519 0.089496
 0.045026 0.267868 0.686549 0.000556
 0.022791 0.067754 0.842194 0.067261

MOTIF 9-RTGACGCA STREME-9
letter-probability matrix: alength= 4 w= 8 nsites= 84 E= 3.1e-001
 0.337667 0.001021 0.660771 0.000542
 0.000542 0.001021 0.001021 0.997417
 0.000542 0.001021 0.899620 0.098818
 0.997417 0.001021 0.001021 0.000542
 0.000542 0.997896 0.001021 0.000542
 0.000542 0.001021 0.997896 0.000542
 0.000542 0.889647 0.001021 0.108790
 0.997417 0.001021 0.001021 0.000542

MOTIF 10-AAACAAAACAAAA STREME-10
letter-probability matrix: alength= 4 w= 13 nsites= 58 E= 5.6e-001
 0.922851 0.075364 0.001166 0.000619
 0.873387 0.075364 0.025899 0.025351
 0.848654 0.100096 0.001166 0.050084
 0.156146 0.718407 0.025899 0.099548
 0.823922 0.100096 0.050631 0.025351
 0.848654 0.100096 0.050631 0.000619
 0.898119 0.050631 0.050631 0.000619
 0.774457 0.149561 0.025899 0.050084
 0.255076 0.619477 0.124828 0.000619
 0.774457 0.124828 0.050631 0.050084
 0.823922 0.050631 0.100096 0.025351
 0.823922 0.050631 0.100096 0.025351
 0.799189 0.100096 0.025899 0.074816

MOTIF 11-GCGCATGCGCA STREME-11
letter-probability matrix: alength= 4 w= 11 nsites= 79 E= 5.6e-001
 0.071206 0.029009 0.899431 0.000354
 0.042865 0.941942 0.000668 0.014525
 0.028695 0.014838 0.956112 0.000354
 0.000354 0.984453 0.014838 0.000354
 0.747051 0.157464 0.038449 0.057035
 0.014518 0.114030 0.100862 0.770590
 0.028695 0.006548 0.964403 0.000354
 0.014525 0.984453 0.000668 0.000354
 0.000354 0.000668 0.970282 0.028695
 0.000354 0.934859 0.007751 0.057035
 0.903232 0.010724 0.071519 0.014525

MOTIF 12-CGTCATCAG STREME-12
letter-probability matrix: alength= 4 w= 9 nsites= 25 E= 5.6e-001
 0.001425 0.994465 0.002686 0.001425
 0.001425 0.002686 0.994465 0.001425
 0.001425 0.002686 0.002686 0.993204
 0.115330 0.823607 0.002686 0.058377
 0.993204 0.002686 0.002686 0.001425
 0.001425 0.002686 0.002686 0.993204
 0.001425 0.994465 0.002686 0.001425
 0.993204 0.002686 0.002686 0.001425
 0.172283 0.230496 0.595796 0.001425

MOTIF 13-GCCGCCGCCGCCGC STREME-13
letter-probability matrix: alength= 4 w= 14 nsites= 97 E= 6.3e-001
 0.052922 0.000459 0.946376 0.000243
 0.000243 0.921226 0.000459 0.078071
 0.058614 0.746113 0.010187 0.185085
 0.048886 0.000459 0.950412 0.000243
 0.029429 0.823941 0.010187 0.136442
 0.000243 0.917190 0.019916 0.062651
 0.247492 0.000459 0.596149 0.155900
 0.048886 0.901769 0.019916 0.029429
 0.019700 0.858819 0.053138 0.068343
 0.146171 0.000459 0.853127 0.000243
 0.039157 0.862855 0.039373 0.058614
 0.000243 0.882312 0.000459 0.116985
 0.000243 0.078287 0.830977 0.090493
 0.000243 0.940683 0.049101 0.009972

MOTIF 14-GCTGCGGCCGGGG STREME-14
letter-probability matrix: alength= 4 w= 13 nsites= 83 E= 6.3e-001
 0.010919 0.047530 0.919980 0.021571
 0.021571 0.919980 0.036878 0.021571
 0.096136 0.085719 0.047530 0.770615
 0.010919 0.032459 0.935052 0.021571
 0.036642 0.872952 0.068835 0.021571
 0.064179 0.032456 0.849838 0.053527
 0.025990 0.032456 0.926216 0.015338
 0.068599 0.866722 0.053760 0.010919
 0.036642 0.883604 0.064415 0.015338
 0.042875 0.149632 0.792155 0.015338
 0.032223 0.169121 0.730058 0.068599
 0.068599 0.079487 0.825924 0.025990
 0.053527 0.100791 0.824111 0.021571

MOTIF 15-CAGCAAC STREME-15
letter-probability matrix: alength= 4 w= 7 nsites= 237 E= 6.8e-001
 0.011577 0.849775 0.004553 0.134095
 0.965057 0.003246 0.022374 0.009323
 0.017241 0.013994 0.931454 0.037311
 0.003538 0.931499 0.000973 0.063990
 0.823776 0.062853 0.072498 0.040872
 0.642913 0.253173 0.040126 0.063788
 0.031507 0.922072 0.002011 0.044410

MOTIF 16-AGAGGYTGA STREME-16
letter-probability matrix: alength= 4 w= 9 nsites= 84 E= 3.1e+000
 0.953056 0.000710 0.045858 0.000376
 0.000376 0.000710 0.983492 0.015422
 0.922958 0.000710 0.000710 0.075623
 0.000376 0.022003 0.955951 0.021670
 0.000376 0.000710 0.998537 0.000376
 0.006620 0.387671 0.051206 0.554503
 0.003274 0.128258 0.063788 0.804680
 0.320695 0.000710 0.663170 0.015426
 0.658899 0.067145 0.142987 0.130969

MOTIF 17-ACCATGGASAGMGC STREME-17
letter-probability matrix: alength= 4 w= 14 nsites= 40 E= 5.6e+000
 0.996400 0.001423 0.001423 0.000755
 0.000755 0.997068 0.001423 0.000755
 0.000755 0.936726 0.001423 0.061097
 0.815373 0.182449 0.001423 0.000755
 0.181781 0.091936 0.031594 0.694689
 0.242123 0.091936 0.665186 0.000755
 0.000755 0.001423 0.997068 0.000755
 0.905886 0.001423 0.001423 0.091268
 0.030926 0.544502 0.393647 0.030926
 0.936058 0.031594 0.001423 0.030926
 0.000755 0.212620 0.665186 0.121439
 0.302465 0.544502 0.122107 0.030926
 0.000755 0.001423 0.695357 0.302465
 0.121439 0.635015 0.212620 0.030926

MOTIF 18-GGGGCTGCAG STREME-18
letter-probability matrix: alength= 4 w= 10 nsites= 46 E= 9.0e+000
 0.082752 0.016070 0.745188 0.155991
 0.000684 0.183827 0.650669 0.164820
 0.000684 0.001290 0.997341 0.000684
 0.008872 0.019944 0.943151 0.028033
 0.000684 0.997341 0.001290 0.000684
 0.000684 0.001290 0.001290 0.996736
 0.000684 0.001290 0.997341 0.000684
 0.000684 0.997341 0.001290 0.000684
 0.996736 0.001290 0.001290 0.000684
 0.000684 0.180189 0.818442 0.000684

********************************************************************************
Stopped because 3 consecutive motifs exceeded the p-value threshold (0.05).
********************************************************************************
COMMAND:	streme --verbosity 1 --oc meme_out_incomplete_DL/HepG2_CREM-human_ENCFF847YQG/streme_out -dna --seed 0 --p meme_out_incomplete_DL/HepG2_CREM-human_ENCFF847YQG/seqs-centered --minw 6 --maxw 15 --time 6195 --order 2 --thresh 0.05 --align center --totallength 4000000 --parse-genomic-coord
********************************************************************************
CPU:		9f05ee173ae9
********************************************************************************
FINALTIME:	58.65 seconds
********************************************************************************
