********************************************************************************
STREME - Sensitive, Thorough, Rapid, Enriched Motif Elicitation
********************************************************************************
MEME version 5.5.3 (Release date: Sat Jun 10 16:19:38 2023 -0700)

For further information on how to interpret these results please access http://localhost:8080/meme_5.5.3.
To get a copy of the MEME Suite software please access https://meme-suite.org.

********************************************************************************


********************************************************************************
REFERENCE
********************************************************************************
If you use this program in your research, please cite:

Timothy L. Bailey,
"STREME: accurate and versatile sequence motif discovery",
Bioinformatics, Mar. 24, 2021.
********************************************************************************


ALPHABET= ACGT

strands: + -

Background letter frequencies
A 0.264 C 0.236 G 0.236 T 0.264 

MOTIF 1-YTGGCABNVTGCCAR STREME-1
letter-probability matrix: alength= 4 w= 15 nsites= 1942 E= 2.5e-053
 0.000022 0.483967 0.000019 0.515992
 0.000022 0.000305 0.000877 0.998796
 0.000022 0.000019 0.999651 0.000308
 0.000022 0.000019 0.999937 0.000022
 0.000022 0.999937 0.000019 0.000022
 0.676733 0.069212 0.022321 0.231734
 0.181063 0.365137 0.207310 0.246490
 0.293715 0.206285 0.206285 0.293715
 0.246490 0.207310 0.365137 0.181063
 0.231734 0.022321 0.069212 0.676733
 0.000022 0.000019 0.999937 0.000022
 0.000022 0.999937 0.000019 0.000022
 0.000308 0.999651 0.000019 0.000022
 0.998796 0.000877 0.000305 0.000022
 0.515992 0.000019 0.483967 0.000022

MOTIF 2-GCCTCRGCCTCCCRA STREME-2
letter-probability matrix: alength= 4 w= 15 nsites= 672 E= 1.5e-018
 0.281418 0.008481 0.689820 0.020281
 0.004133 0.958681 0.001742 0.035444
 0.010173 0.939163 0.008481 0.042183
 0.000064 0.005112 0.001742 0.993082
 0.006803 0.802698 0.006796 0.183702
 0.587057 0.035437 0.337008 0.040498
 0.057346 0.006796 0.918946 0.016912
 0.011857 0.950956 0.003427 0.033759
 0.005118 0.939163 0.010166 0.045552
 0.006803 0.000057 0.000057 0.993082
 0.003434 0.956011 0.000057 0.040498
 0.003434 0.937478 0.008481 0.050607
 0.028705 0.738678 0.028698 0.203919
 0.559402 0.037122 0.396673 0.006803
 0.873465 0.006796 0.112936 0.006803

MOTIF 3-CTGGGATTACAGGCR STREME-3
letter-probability matrix: alength= 4 w= 15 nsites= 579 E= 3.8e-016
 0.002006 0.937958 0.009726 0.050309
 0.000074 0.009726 0.003930 0.986270
 0.071563 0.001998 0.920569 0.005870
 0.038717 0.007794 0.943755 0.009734
 0.044513 0.003930 0.945687 0.005870
 0.978541 0.001998 0.011659 0.007802
 0.002006 0.300350 0.003930 0.693714
 0.003938 0.021319 0.013591 0.961152
 0.983536 0.000066 0.016325 0.000074
 0.003938 0.937958 0.003930 0.054174
 0.972745 0.000066 0.011659 0.015531
 0.019395 0.000066 0.968873 0.011666
 0.034852 0.005862 0.947619 0.011666
 0.013599 0.763263 0.003930 0.219208
 0.392299 0.023252 0.570851 0.013599

MOTIF 4-CYGTCTCAAAAAAA STREME-4
letter-probability matrix: alength= 4 w= 14 nsites= 569 E= 7.7e-016
 0.000072 0.928098 0.007662 0.064168
 0.005770 0.445271 0.013359 0.535600
 0.232482 0.017158 0.747601 0.002760
 0.016054 0.007662 0.001964 0.974320
 0.009568 0.977000 0.007662 0.005770
 0.002760 0.001964 0.001964 0.993312
 0.035047 0.941237 0.000065 0.023651
 0.671978 0.036150 0.009561 0.282311
 0.955328 0.008450 0.022855 0.013367
 0.739605 0.222274 0.013359 0.024762
 0.769992 0.032351 0.005762 0.191894
 0.950741 0.036938 0.000853 0.011468
 0.875561 0.087429 0.016047 0.020964
 0.930638 0.047545 0.007662 0.014155

MOTIF 5-CCCAGGCTGGAGTGC STREME-5
letter-probability matrix: alength= 4 w= 15 nsites= 467 E= 3.8e-013
 0.014475 0.925421 0.021657 0.038447
 0.009680 0.918229 0.002479 0.069612
 0.014475 0.951791 0.000082 0.033653
 0.963787 0.000082 0.019260 0.016872
 0.033653 0.004876 0.956585 0.004886
 0.028858 0.002479 0.963777 0.004886
 0.004886 0.951791 0.009671 0.033653
 0.002489 0.012068 0.002479 0.982965
 0.091187 0.004876 0.903846 0.000091
 0.026461 0.009671 0.951791 0.012078
 0.990156 0.002479 0.004876 0.002489
 0.129543 0.016862 0.846312 0.007283
 0.002489 0.009671 0.009671 0.978170
 0.060023 0.014465 0.911037 0.014475
 0.000091 0.973366 0.002479 0.024064

MOTIF 6-AAAAAAAAAAAAAAA STREME-6
letter-probability matrix: alength= 4 w= 15 nsites= 531 E= 1.1e-012
 0.986652 0.000100 0.000100 0.013147
 0.999687 0.000100 0.000100 0.000112
 0.979806 0.000100 0.004157 0.015937
 0.771309 0.158293 0.070286 0.000112
 0.663718 0.315208 0.020961 0.000112
 0.990830 0.000100 0.000100 0.008969
 0.999687 0.000100 0.000100 0.000112
 0.742809 0.178399 0.061516 0.017276
 0.980088 0.013795 0.006005 0.000112
 0.820726 0.152789 0.026373 0.000112
 0.923515 0.073320 0.000100 0.003065
 0.721404 0.155603 0.122881 0.000112
 0.926532 0.024308 0.049048 0.000112
 0.979443 0.000100 0.020344 0.000112
 0.999687 0.000100 0.000100 0.000112

MOTIF 7-AGGAGRATSRCTTGA STREME-7
letter-probability matrix: alength= 4 w= 15 nsites= 442 E= 4.8e-012
 0.690235 0.004918 0.292664 0.012182
 0.055707 0.019427 0.915102 0.009764
 0.060543 0.000082 0.939283 0.000092
 0.736178 0.120984 0.019427 0.123412
 0.087141 0.000082 0.910266 0.002510
 0.591096 0.000082 0.406312 0.002510
 0.999743 0.000082 0.000082 0.000092
 0.000092 0.026681 0.000082 0.973145
 0.010768 0.536886 0.273320 0.179027
 0.407325 0.014590 0.570738 0.007346
 0.014600 0.904427 0.000082 0.080891
 0.087141 0.183853 0.174181 0.554825
 0.000092 0.004918 0.012172 0.982817
 0.026690 0.014590 0.958627 0.000092
 0.980399 0.000082 0.009754 0.009764

MOTIF 8-CCACCACGCCYGG STREME-8
letter-probability matrix: alength= 4 w= 13 nsites= 298 E= 2.4e-011
 0.015801 0.948700 0.000133 0.035366
 0.000149 0.976091 0.000133 0.023627
 0.999585 0.000133 0.000133 0.000149
 0.015801 0.960439 0.000133 0.023627
 0.000149 0.999569 0.000133 0.000149
 0.681009 0.000133 0.318709 0.000149
 0.015801 0.653602 0.007959 0.322638
 0.205248 0.000133 0.794469 0.000149
 0.000149 0.980004 0.000133 0.019714
 0.000149 0.976091 0.000133 0.023627
 0.004062 0.647400 0.000133 0.348405
 0.326551 0.007959 0.661428 0.004062
 0.023627 0.000133 0.976091 0.000149

MOTIF 9-CAAAGKTCAV STREME-9
letter-probability matrix: alength= 4 w= 10 nsites= 1073 E= 1.4e-010
 0.000070 0.792384 0.036542 0.171004
 0.830917 0.119099 0.009467 0.040518
 0.929455 0.000063 0.045770 0.024712
 0.920397 0.006596 0.072937 0.000070
 0.000070 0.003159 0.996700 0.000070
 0.094022 0.005482 0.537514 0.362982
 0.000070 0.162120 0.063017 0.774793
 0.011832 0.940195 0.000063 0.047909
 0.950971 0.000063 0.045620 0.003346
 0.294941 0.201619 0.350600 0.152840

MOTIF 10-AGTGGYGCRATC STREME-10
letter-probability matrix: alength= 4 w= 12 nsites= 426 E= 5.2e-010
 0.956935 0.005302 0.027237 0.010526
 0.139334 0.000089 0.860478 0.000099
 0.000099 0.005302 0.000089 0.994510
 0.020952 0.002695 0.958006 0.018346
 0.087201 0.000089 0.912611 0.000099
 0.000099 0.616978 0.007909 0.375014
 0.279011 0.000089 0.710375 0.010526
 0.009001 0.731671 0.000089 0.259239
 0.489263 0.060042 0.440169 0.010526
 0.959542 0.000089 0.039188 0.001181
 0.005313 0.015729 0.000089 0.978870
 0.002706 0.975171 0.002695 0.019428

MOTIF 11-AGTCTCRCTCTGTCR STREME-11
letter-probability matrix: alength= 4 w= 15 nsites= 338 E= 1.5e-009
 0.759762 0.003445 0.226671 0.010122
 0.076757 0.000113 0.916339 0.006790
 0.000127 0.003445 0.000113 0.996315
 0.000127 0.969647 0.016772 0.013454
 0.003459 0.000113 0.003445 0.992983
 0.006790 0.659796 0.006777 0.326637
 0.323305 0.030099 0.629811 0.016786
 0.000127 0.949657 0.000113 0.050103
 0.010122 0.013440 0.003445 0.972992
 0.000127 0.909676 0.056753 0.033444
 0.003459 0.000113 0.000113 0.996315
 0.023449 0.003445 0.962984 0.010122
 0.000127 0.016772 0.000113 0.982988
 0.010122 0.736426 0.013440 0.240012
 0.459906 0.033431 0.473219 0.033444

MOTIF 12-CAGGAGTTCRAGACC STREME-12
letter-probability matrix: alength= 4 w= 15 nsites= 253 E= 4.8e-008
 0.004741 0.949262 0.009289 0.036708
 0.953848 0.000155 0.041256 0.004741
 0.068675 0.004722 0.921862 0.004741
 0.066004 0.000155 0.933667 0.000174
 0.985815 0.000155 0.013856 0.000174
 0.068675 0.000155 0.921862 0.009307
 0.141743 0.032123 0.004722 0.821412
 0.000174 0.018422 0.000155 0.981248
 0.000174 0.712568 0.059523 0.227735
 0.447715 0.027556 0.515422 0.009307
 0.979353 0.009289 0.004722 0.006636
 0.041275 0.004722 0.935562 0.018441
 0.853379 0.000155 0.141725 0.004741
 0.004741 0.903595 0.004722 0.086942
 0.018441 0.880761 0.000155 0.100642

MOTIF 13-AGTAAAYA STREME-13
letter-probability matrix: alength= 4 w= 8 nsites= 1603 E= 9.8e-006
 0.679542 0.000104 0.131877 0.188478
 0.079734 0.000104 0.920045 0.000117
 0.000117 0.207897 0.000104 0.791882
 0.928676 0.071103 0.000104 0.000117
 0.999675 0.000104 0.000104 0.000117
 0.999675 0.000104 0.000104 0.000117
 0.000117 0.434491 0.000104 0.565288
 0.999675 0.000104 0.000104 0.000117

MOTIF 14-RGACTTTGRMCYY STREME-14
letter-probability matrix: alength= 4 w= 13 nsites= 570 E= 2.8e-005
 0.399729 0.000062 0.600139 0.000070
 0.220547 0.029441 0.663192 0.086820
 0.966754 0.000062 0.000062 0.033121
 0.000070 0.964148 0.032039 0.003742
 0.023940 0.133478 0.000062 0.842519
 0.091878 0.123223 0.022858 0.762040
 0.010013 0.003735 0.023933 0.962320
 0.159816 0.000062 0.840052 0.000070
 0.381679 0.102575 0.360226 0.155520
 0.564359 0.292288 0.023933 0.119420
 0.000070 0.896523 0.000062 0.103345
 0.108091 0.301331 0.009243 0.581335
 0.203572 0.211047 0.176784 0.408598

MOTIF 15-AATACAAAAATTA STREME-15
letter-probability matrix: alength= 4 w= 13 nsites= 127 E= 9.6e-005
 0.999009 0.000318 0.000318 0.000356
 0.980343 0.000318 0.000318 0.019022
 0.000356 0.000318 0.000318 0.999009
 0.943010 0.000318 0.056317 0.000356
 0.000356 0.998971 0.000318 0.000356
 0.989676 0.009651 0.000318 0.000356
 0.999009 0.000318 0.000318 0.000356
 0.971009 0.009651 0.018984 0.000356
 0.943010 0.000318 0.018984 0.037688
 0.980343 0.000318 0.018984 0.000356
 0.280352 0.028317 0.009651 0.681680
 0.009689 0.018984 0.000318 0.971009
 0.728346 0.000318 0.000318 0.271019

MOTIF 16-CCAACATGGTGAAAC STREME-16
letter-probability matrix: alength= 4 w= 15 nsites= 178 E= 1.4e-004
 0.000244 0.832781 0.128305 0.038670
 0.019457 0.807164 0.000218 0.173161
 0.967298 0.000218 0.032240 0.000244
 0.986511 0.000218 0.006622 0.006648
 0.032266 0.884016 0.019431 0.064287
 0.941681 0.013027 0.045048 0.000244
 0.013053 0.147518 0.006622 0.832807
 0.096309 0.000218 0.884016 0.019457
 0.083500 0.006622 0.909633 0.000244
 0.045074 0.173135 0.000218 0.781573
 0.083500 0.000218 0.896825 0.019457
 0.992916 0.006622 0.000218 0.000244
 0.967298 0.006622 0.025835 0.000244
 0.973703 0.019431 0.006622 0.000244
 0.000244 0.935251 0.006622 0.057883

MOTIF 17-RTTRYRYAAY STREME-17
letter-probability matrix: alength= 4 w= 10 nsites= 770 E= 1.5e-004
 0.277522 0.197065 0.524156 0.001257
 0.002425 0.003584 0.000080 0.993911
 0.000089 0.000080 0.031914 0.967918
 0.554013 0.006890 0.413156 0.025941
 0.025397 0.491556 0.022398 0.460648
 0.460648 0.022398 0.491556 0.025397
 0.025941 0.413156 0.006890 0.554013
 0.967918 0.031914 0.000080 0.000089
 0.993911 0.000080 0.003584 0.002425
 0.001257 0.524156 0.197065 0.277522

MOTIF 18-CCCCAAA STREME-18
letter-probability matrix: alength= 4 w= 7 nsites= 458 E= 3.0e-004
 0.024009 0.930536 0.021445 0.024009
 0.024009 0.930536 0.021445 0.024009
 0.024009 0.930536 0.021445 0.024009
 0.024009 0.930536 0.021445 0.024009
 0.933100 0.021445 0.021445 0.024009
 0.933100 0.021445 0.021445 0.024009
 0.933100 0.021445 0.021445 0.024009

MOTIF 19-AAACAAACA STREME-19
letter-probability matrix: alength= 4 w= 9 nsites= 530 E= 4.6e-004
 0.829693 0.000330 0.169609 0.000369
 0.626788 0.000330 0.282773 0.090109
 0.998972 0.000330 0.000330 0.000369
 0.000369 0.805448 0.000330 0.193853
 0.998972 0.000330 0.000330 0.000369
 0.998972 0.000330 0.000330 0.000369
 0.998972 0.000330 0.000330 0.000369
 0.000369 0.680029 0.000330 0.319273
 0.987609 0.000330 0.011693 0.000369

MOTIF 20-GGTCACGTGACC STREME-20
letter-probability matrix: alength= 4 w= 12 nsites= 146 E= 1.3e-002
 0.162441 0.131987 0.640015 0.065557
 0.262946 0.029265 0.697861 0.009928
 0.016382 0.064764 0.032492 0.886362
 0.019609 0.960562 0.009901 0.009928
 0.976724 0.000220 0.009901 0.013155
 0.016382 0.975359 0.008014 0.000246
 0.000246 0.008014 0.975359 0.016382
 0.013155 0.009901 0.000220 0.976724
 0.009928 0.009901 0.960562 0.019609
 0.886362 0.032492 0.064764 0.016382
 0.009928 0.697861 0.029265 0.262946
 0.065557 0.640015 0.131987 0.162441

MOTIF 21-TCRGCTCACTGCA STREME-21
letter-probability matrix: alength= 4 w= 13 nsites= 215 E= 1.3e-002
 0.218842 0.000171 0.000171 0.780815
 0.020337 0.654888 0.005208 0.319568
 0.354822 0.025353 0.599489 0.020337
 0.010264 0.000171 0.989372 0.000192
 0.000192 0.944046 0.015280 0.040482
 0.000192 0.000171 0.000171 0.999465
 0.010264 0.908792 0.010244 0.070700
 0.989393 0.000171 0.010244 0.000192
 0.000192 0.964191 0.000171 0.035446
 0.015301 0.017370 0.005208 0.962121
 0.015301 0.005208 0.979300 0.000192
 0.000192 0.949082 0.000171 0.050555
 0.989393 0.000171 0.010244 0.000192

MOTIF 22-RTGASTCAY STREME-22
letter-probability matrix: alength= 4 w= 9 nsites= 412 E= 1.6e-002
 0.385828 0.181308 0.432583 0.000280
 0.000280 0.003929 0.000250 0.995541
 0.018196 0.000250 0.959839 0.021715
 0.999219 0.000250 0.000250 0.000280
 0.016555 0.483445 0.483445 0.016555
 0.000280 0.000250 0.000250 0.999219
 0.021715 0.959839 0.000250 0.018196
 0.995541 0.000250 0.003929 0.000280
 0.000280 0.432583 0.181308 0.385828

MOTIF 23-ACCCGGGAGGCRGAG STREME-23
letter-probability matrix: alength= 4 w= 15 nsites= 213 E= 4.5e-002
 0.932510 0.030591 0.018437 0.018462
 0.012385 0.929963 0.018437 0.039215
 0.012385 0.944639 0.030591 0.012385
 0.042769 0.790196 0.006284 0.160751
 0.164306 0.000207 0.823102 0.012385
 0.030616 0.006284 0.956792 0.006308
 0.036693 0.012360 0.932485 0.018462
 0.944663 0.006284 0.018437 0.030616
 0.036693 0.030591 0.926408 0.006308
 0.036693 0.024514 0.926408 0.012385
 0.018462 0.871717 0.000207 0.109615
 0.434209 0.024514 0.528892 0.012385
 0.018462 0.006284 0.968946 0.006308
 0.908202 0.018437 0.054898 0.018462
 0.048846 0.012360 0.938562 0.000232

MOTIF 24-CCCTCCCCMMMYC STREME-24
letter-probability matrix: alength= 4 w= 13 nsites= 767 E= 7.0e-002
 0.040520 0.838100 0.032428 0.088952
 0.009309 0.930586 0.006219 0.053886
 0.058380 0.847797 0.019192 0.074630
 0.169154 0.013928 0.116958 0.699961
 0.021642 0.860324 0.028442 0.089592
 0.000059 0.998288 0.000052 0.001600
 0.000059 0.988398 0.005317 0.006225
 0.033452 0.896901 0.009942 0.059705
 0.434125 0.413895 0.053240 0.098740
 0.493623 0.268867 0.140417 0.097093
 0.417776 0.322832 0.123384 0.136008
 0.111815 0.395805 0.075367 0.417013
 0.038601 0.792490 0.048484 0.120425

MOTIF 25-GAGCCACTGCRCCCR STREME-25
letter-probability matrix: alength= 4 w= 15 nsites= 147 E= 8.4e-002
 0.007739 0.015163 0.969360 0.007739
 0.991754 0.000254 0.000254 0.007739
 0.015193 0.030072 0.954450 0.000284
 0.007739 0.820266 0.007708 0.164287
 0.000284 0.969360 0.022618 0.007739
 0.954481 0.015163 0.030072 0.000284
 0.000284 0.961905 0.015163 0.022648
 0.045012 0.238803 0.022618 0.693567
 0.089740 0.007708 0.864994 0.037557
 0.000284 0.663718 0.030072 0.305925
 0.335744 0.082255 0.514625 0.067376
 0.000284 0.946996 0.015163 0.037557
 0.000284 0.909722 0.000254 0.089740
 0.015193 0.618991 0.067346 0.298470
 0.335744 0.030072 0.596627 0.037557

MOTIF 26-ATTTCCCAA STREME-26
letter-probability matrix: alength= 4 w= 9 nsites= 418 E= 1.4e-001
 0.753792 0.049294 0.196485 0.000430
 0.000430 0.040604 0.026089 0.932877
 0.000430 0.000384 0.000384 0.998803
 0.133236 0.019759 0.106522 0.740483
 0.033412 0.965775 0.000384 0.000430
 0.095642 0.892272 0.011656 0.000430
 0.037927 0.824493 0.000384 0.137196
 0.912255 0.042639 0.029672 0.015434
 0.976258 0.000384 0.000384 0.022975

MOTIF 27-AATGATTAAC STREME-27
letter-probability matrix: alength= 4 w= 10 nsites= 107 E= 1.6e-001
 0.959811 0.000440 0.000440 0.039308
 0.998626 0.000440 0.000440 0.000493
 0.000493 0.167423 0.000440 0.831643
 0.028207 0.114216 0.704246 0.153331
 0.801485 0.110942 0.000440 0.087132
 0.052247 0.000440 0.000440 0.946872
 0.000493 0.039256 0.000440 0.959811
 0.898395 0.059364 0.041748 0.000493
 0.936376 0.000440 0.023876 0.039308
 0.000493 0.957921 0.041093 0.000493

MOTIF 28-GGCACTGTGCCA STREME-28
letter-probability matrix: alength= 4 w= 12 nsites= 85 E= 1.9e-001
 0.014788 0.000485 0.984185 0.000543
 0.029032 0.000485 0.969940 0.000543
 0.000543 0.998430 0.000485 0.000543
 0.984243 0.000485 0.014730 0.000543
 0.086011 0.694216 0.000485 0.219287
 0.000543 0.285380 0.000485 0.713592
 0.242704 0.028974 0.555516 0.172806
 0.029032 0.000485 0.024389 0.946094
 0.000543 0.000485 0.927206 0.071767
 0.000543 0.941451 0.057464 0.000543
 0.000543 0.998430 0.000485 0.000543
 0.998488 0.000485 0.000485 0.000543

MOTIF 29-CAAATTCC STREME-29
letter-probability matrix: alength= 4 w= 8 nsites= 183 E= 2.0e-001
 0.024009 0.930536 0.021445 0.024009
 0.933100 0.021445 0.021445 0.024009
 0.933100 0.021445 0.021445 0.024009
 0.933100 0.021445 0.021445 0.024009
 0.024009 0.021445 0.021445 0.933100
 0.024009 0.021445 0.021445 0.933100
 0.024009 0.930536 0.021445 0.024009
 0.024009 0.930536 0.021445 0.024009

MOTIF 30-ACCTCGTGATCCRC STREME-30
letter-probability matrix: alength= 4 w= 14 nsites= 70 E= 3.8e-001
 0.998075 0.000617 0.000617 0.000691
 0.000691 0.961732 0.000617 0.036959
 0.018825 0.961732 0.000617 0.018825
 0.036959 0.000617 0.000617 0.961806
 0.055094 0.798524 0.000617 0.145765
 0.145765 0.000617 0.834793 0.018825
 0.000691 0.000617 0.000617 0.998075
 0.018825 0.018751 0.943598 0.018825
 0.871135 0.036886 0.055020 0.036959
 0.000691 0.018751 0.000617 0.979940
 0.000691 0.961732 0.000617 0.036959
 0.018825 0.762256 0.000617 0.218302
 0.508450 0.018751 0.472108 0.000691
 0.018825 0.925464 0.000617 0.055094

MOTIF 31-ATATTTG STREME-31
letter-probability matrix: alength= 4 w= 7 nsites= 306 E= 5.7e-001
 0.933100 0.021445 0.021445 0.024009
 0.024009 0.021445 0.021445 0.933100
 0.933100 0.021445 0.021445 0.024009
 0.024009 0.021445 0.021445 0.933100
 0.024009 0.021445 0.021445 0.933100
 0.024009 0.021445 0.021445 0.933100
 0.024009 0.021445 0.930536 0.024009

MOTIF 32-ACATTCCWG STREME-32
letter-probability matrix: alength= 4 w= 9 nsites= 517 E= 8.1e-001
 0.648459 0.000355 0.300806 0.050380
 0.000398 0.998850 0.000355 0.000398
 0.998892 0.000355 0.000355 0.000398
 0.000398 0.000355 0.000355 0.998892
 0.000398 0.000355 0.000355 0.998892
 0.000398 0.998850 0.000355 0.000398
 0.000398 0.960829 0.000355 0.038418
 0.358009 0.000355 0.033663 0.607973
 0.061662 0.000355 0.769979 0.168005

MOTIF 33-CCTTTGATC STREME-33
letter-probability matrix: alength= 4 w= 9 nsites= 345 E= 8.2e-001
 0.000396 0.853595 0.058010 0.087999
 0.000396 0.994540 0.004668 0.000396
 0.000396 0.000354 0.000354 0.998897
 0.041972 0.000354 0.000354 0.957321
 0.000396 0.005972 0.000354 0.993278
 0.065173 0.137039 0.747775 0.050013
 0.870859 0.067324 0.000354 0.061463
 0.086475 0.110182 0.000354 0.802989
 0.000396 0.956325 0.042883 0.000396

MOTIF 34-CAGAGTCCAG STREME-34
letter-probability matrix: alength= 4 w= 10 nsites= 118 E= 8.6e-001
 0.050123 0.891595 0.026511 0.031771
 0.930178 0.040579 0.000536 0.028707
 0.000601 0.000536 0.998263 0.000601
 0.953080 0.007078 0.039241 0.000601
 0.000601 0.000536 0.998263 0.000601
 0.000601 0.000536 0.000536 0.998327
 0.020857 0.756524 0.000536 0.222082
 0.000601 0.874850 0.000536 0.124013
 0.956117 0.026985 0.016298 0.000601
 0.055409 0.227662 0.676285 0.040643

MOTIF 35-CCGGAAG STREME-35
letter-probability matrix: alength= 4 w= 7 nsites= 173 E= 8.8e-001
 0.024009 0.930536 0.021445 0.024009
 0.024009 0.930536 0.021445 0.024009
 0.024009 0.021445 0.930536 0.024009
 0.024009 0.021445 0.930536 0.024009
 0.933100 0.021445 0.021445 0.024009
 0.933100 0.021445 0.021445 0.024009
 0.024009 0.021445 0.930536 0.024009

MOTIF 36-AGATAAGG STREME-36
letter-probability matrix: alength= 4 w= 8 nsites= 117 E= 1.2e+000
 0.975981 0.020742 0.001546 0.001731
 0.001731 0.001546 0.994992 0.001731
 0.995177 0.001546 0.001546 0.001731
 0.001731 0.001546 0.001546 0.995177
 0.995177 0.001546 0.001546 0.001731
 0.832484 0.164239 0.001546 0.001731
 0.001731 0.079663 0.916875 0.001731
 0.001731 0.001546 0.994992 0.001731

MOTIF 37-AGARAGAGAGAGAGA STREME-37
letter-probability matrix: alength= 4 w= 15 nsites= 131 E= 1.2e+000
 0.929941 0.012922 0.006674 0.050463
 0.055650 0.000425 0.937200 0.006725
 0.936189 0.025419 0.000425 0.037967
 0.386815 0.109915 0.502794 0.000476
 0.993765 0.000425 0.005333 0.000476
 0.000476 0.000425 0.998622 0.000476
 0.947070 0.000425 0.052028 0.000476
 0.092998 0.000425 0.906100 0.000476
 0.998673 0.000425 0.000425 0.000476
 0.036177 0.089617 0.861233 0.012973
 0.946370 0.000425 0.052728 0.000476
 0.161579 0.042691 0.795254 0.000476
 0.987966 0.000425 0.011133 0.000476
 0.000476 0.012922 0.979877 0.006725
 0.957950 0.000425 0.041148 0.000476

MOTIF 38-ATGAGGAAA STREME-38
letter-probability matrix: alength= 4 w= 9 nsites= 92 E= 1.4e+000
 0.996696 0.001059 0.001059 0.001186
 0.001186 0.032179 0.001059 0.965577
 0.001186 0.001059 0.880750 0.117005
 0.965577 0.032179 0.001059 0.001186
 0.001186 0.001059 0.996569 0.001186
 0.001186 0.001059 0.814540 0.183215
 0.740240 0.001059 0.001059 0.257641
 0.990362 0.001059 0.001059 0.007520
 0.996696 0.001059 0.001059 0.001186

MOTIF 39-AAAAATTAGC STREME-39
letter-probability matrix: alength= 4 w= 10 nsites= 40 E= 1.5e+000
 0.881782 0.001389 0.001389 0.115440
 0.978729 0.001389 0.001389 0.018493
 0.873234 0.001389 0.083011 0.042366
 0.914045 0.001389 0.001389 0.083177
 0.995667 0.001389 0.001389 0.001555
 0.001555 0.001389 0.001389 0.995667
 0.001555 0.001389 0.001389 0.995667
 0.995667 0.001389 0.001389 0.001555
 0.001555 0.001389 0.995501 0.001555
 0.001555 0.995501 0.001389 0.001555

MOTIF 40-GAGGGAGGGAA STREME-40
letter-probability matrix: alength= 4 w= 11 nsites= 64 E= 1.5e+000
 0.016235 0.016172 0.951357 0.016235
 0.911688 0.031811 0.047451 0.009050
 0.017268 0.003545 0.957155 0.022032
 0.100040 0.022663 0.850457 0.026840
 0.021474 0.023379 0.948060 0.007087
 0.979687 0.000532 0.016172 0.003609
 0.018865 0.016172 0.948728 0.016235
 0.044104 0.016172 0.912884 0.026840
 0.042192 0.003545 0.938027 0.016235
 0.945573 0.031811 0.013565 0.009050
 0.794957 0.000532 0.177670 0.026840

MOTIF 41-ACAAGAGCRAA STREME-41
letter-probability matrix: alength= 4 w= 11 nsites= 36 E= 1.5e+000
 0.996408 0.001151 0.001151 0.001289
 0.001289 0.996271 0.001151 0.001289
 0.914707 0.001151 0.034982 0.049160
 0.996408 0.001151 0.001151 0.001289
 0.001289 0.001151 0.759459 0.238101
 0.996408 0.001151 0.001151 0.001289
 0.001289 0.001151 0.996271 0.001289
 0.001289 0.996271 0.001151 0.001289
 0.522784 0.001151 0.271794 0.204271
 0.996408 0.001151 0.001151 0.001289
 0.996408 0.001151 0.001151 0.001289

MOTIF 42-GCCTGGGCAACA STREME-42
letter-probability matrix: alength= 4 w= 12 nsites= 55 E= 1.5e+000
 0.022897 0.000751 0.953454 0.022897
 0.044955 0.909340 0.044865 0.000840
 0.000840 0.997569 0.000751 0.000840
 0.000840 0.044865 0.000751 0.953544
 0.044955 0.022808 0.931397 0.000840
 0.177297 0.000751 0.799055 0.022897
 0.089069 0.133093 0.666712 0.111126
 0.000840 0.953454 0.022808 0.022897
 0.953544 0.000751 0.044865 0.000840
 0.997658 0.000751 0.000751 0.000840
 0.000840 0.975511 0.022808 0.000840
 0.865316 0.000751 0.111036 0.022897

MOTIF 43-ACCTCAGGTGAYC STREME-43
letter-probability matrix: alength= 4 w= 13 nsites= 50 E= 1.5e+000
 0.997670 0.000747 0.000747 0.000836
 0.022786 0.800036 0.154393 0.022786
 0.000836 0.997580 0.000747 0.000836
 0.022786 0.088545 0.044646 0.844024
 0.000836 0.865884 0.000747 0.132533
 0.887923 0.066595 0.044646 0.000836
 0.176432 0.022696 0.756137 0.044735
 0.154482 0.000747 0.768976 0.075794
 0.000836 0.000747 0.044646 0.953771
 0.022786 0.088545 0.865884 0.022786
 0.997670 0.000747 0.000747 0.000836
 0.022786 0.461685 0.000747 0.514783
 0.000836 0.909783 0.000747 0.088634

MOTIF 44-ATGAATGAAT STREME-44
letter-probability matrix: alength= 4 w= 10 nsites= 158 E= 1.9e+000
 0.966974 0.000484 0.000484 0.032059
 0.000542 0.003222 0.000484 0.995753
 0.079378 0.017156 0.848379 0.055086
 0.938740 0.011432 0.028522 0.021306
 0.956878 0.031436 0.000484 0.011202
 0.000542 0.028911 0.000484 0.970064
 0.016488 0.042838 0.936252 0.004422
 0.705601 0.042228 0.176312 0.075859
 0.964178 0.030930 0.000484 0.004409
 0.000542 0.042633 0.000484 0.956342

MOTIF 45-RTCAATA STREME-45
letter-probability matrix: alength= 4 w= 7 nsites= 366 E= 2.0e+000
 0.464084 0.000939 0.533925 0.001052
 0.001052 0.000939 0.000939 0.997070
 0.001052 0.996958 0.000939 0.001052
 0.813909 0.000939 0.184100 0.001052
 0.997070 0.000939 0.000939 0.001052
 0.001052 0.000939 0.000939 0.997070
 0.997070 0.000939 0.000939 0.001052

MOTIF 46-CTTCCTCTC STREME-46
letter-probability matrix: alength= 4 w= 9 nsites= 633 E= 9.8e+000
 0.057118 0.917259 0.024866 0.000757
 0.007061 0.000676 0.007735 0.984529
 0.002742 0.000676 0.000676 0.995906
 0.008980 0.878288 0.081978 0.030753
 0.051821 0.914223 0.033135 0.000821
 0.009744 0.018061 0.027282 0.944913
 0.048173 0.731189 0.129663 0.090976
 0.017734 0.119114 0.038613 0.824539
 0.051607 0.934750 0.000676 0.012966

MOTIF 47-ACTTCAAAGC STREME-47
letter-probability matrix: alength= 4 w= 10 nsites= 113 E= 2.4e+001
 0.896361 0.044663 0.005149 0.053827
 0.004296 0.882810 0.064047 0.048847
 0.072957 0.000722 0.000433 0.925888
 0.114990 0.021401 0.015360 0.848249
 0.013208 0.964546 0.020033 0.002213
 0.937197 0.013156 0.043882 0.005765
 0.932489 0.021783 0.007075 0.038653
 0.981349 0.013156 0.002559 0.002936
 0.008771 0.031159 0.934140 0.025930
 0.130164 0.765743 0.085700 0.018393

MOTIF 48-GGGAAAGAG STREME-48
letter-probability matrix: alength= 4 w= 9 nsites= 321 E= 2.7e+001
 0.000583 0.002858 0.995976 0.000583
 0.000583 0.021018 0.886559 0.091840
 0.000583 0.000521 0.991101 0.007795
 0.784435 0.017071 0.102166 0.096328
 0.880574 0.055208 0.000521 0.063696
 0.824943 0.057259 0.091909 0.025890
 0.000583 0.000521 0.995916 0.002980
 0.952461 0.036752 0.000521 0.010266
 0.083617 0.102135 0.784982 0.029266

********************************************************************************
Stopped because 3 consecutive motifs exceeded the p-value threshold (0.05).
********************************************************************************
COMMAND:	streme --verbosity 1 --oc meme_out_incomplete_DL/HepG2_LCORL-human_ENCFF789IAH/streme_out -dna --seed 0 --p meme_out_incomplete_DL/HepG2_LCORL-human_ENCFF789IAH/seqs-centered --minw 6 --maxw 15 --time 6189 --order 2 --thresh 0.05 --align center --totallength 4000000 --parse-genomic-coord
********************************************************************************
CPU:		9f05ee173ae9
********************************************************************************
FINALTIME:	1428.96 seconds
********************************************************************************
