********************************************************************************
STREME - Sensitive, Thorough, Rapid, Enriched Motif Elicitation
********************************************************************************
MEME version 5.5.3 (Release date: Sat Jun 10 16:19:38 2023 -0700)

For further information on how to interpret these results please access http://localhost:8080/meme_5.5.3.
To get a copy of the MEME Suite software please access https://meme-suite.org.

********************************************************************************


********************************************************************************
REFERENCE
********************************************************************************
If you use this program in your research, please cite:

Timothy L. Bailey,
"STREME: accurate and versatile sequence motif discovery",
Bioinformatics, Mar. 24, 2021.
********************************************************************************


ALPHABET= ACGT

strands: + -

Background letter frequencies
A 0.308 C 0.192 G 0.192 T 0.308 

MOTIF 1-WWWTGCTGASTHAGS STREME-1
letter-probability matrix: alength= 4 w= 15 nsites= 13447 E= 2.8e-361
 0.576178 0.024814 0.073607 0.325401
 0.515773 0.042426 0.051777 0.390024
 0.327234 0.149906 0.139257 0.383603
 0.046855 0.030424 0.000892 0.921829
 0.000004 0.000002 0.999991 0.000004
 0.122840 0.877154 0.000002 0.000004
 0.000732 0.003805 0.000002 0.995461
 0.005943 0.000002 0.928112 0.065942
 0.994112 0.000326 0.000488 0.005075
 0.045892 0.524464 0.290293 0.139350
 0.217539 0.097980 0.087685 0.596795
 0.228062 0.393535 0.115652 0.262751
 0.529644 0.041487 0.189387 0.239483
 0.180119 0.036269 0.537517 0.246095
 0.155483 0.468880 0.236461 0.139176

MOTIF 2-RTCAGCAWWWW STREME-2
letter-probability matrix: alength= 4 w= 11 nsites= 2139 E= 5.5e-021
 0.375376 0.000020 0.624571 0.000033
 0.000033 0.000020 0.000020 0.999926
 0.074198 0.925748 0.000020 0.000033
 0.917028 0.000020 0.082919 0.000033
 0.000033 0.000020 0.741574 0.258373
 0.000033 0.999914 0.000020 0.000033
 0.897685 0.000020 0.072637 0.029657
 0.506690 0.005287 0.226181 0.261843
 0.555259 0.000020 0.112257 0.332464
 0.595452 0.000020 0.000020 0.404507
 0.374643 0.081711 0.000020 0.543625

MOTIF 3-CCAGCCTGGGYRACA STREME-3
letter-probability matrix: alength= 4 w= 15 nsites= 422 E= 4.1e-011
 0.013761 0.931485 0.030083 0.024672
 0.002849 0.906933 0.008259 0.081958
 0.977904 0.005532 0.010987 0.005577
 0.027400 0.010987 0.928757 0.032856
 0.000121 0.966947 0.016443 0.016488
 0.000121 0.952176 0.008259 0.039444
 0.016488 0.024627 0.005532 0.953353
 0.046495 0.002804 0.934212 0.016488
 0.043768 0.008259 0.931485 0.016488
 0.041565 0.156698 0.779792 0.021944
 0.032856 0.619372 0.013715 0.334057
 0.533720 0.005532 0.449716 0.011033
 0.944037 0.012119 0.030083 0.013761
 0.016488 0.917845 0.013715 0.051951
 0.956081 0.000076 0.024627 0.019216

MOTIF 4-VTGACTCAGC STREME-4
letter-probability matrix: alength= 4 w= 10 nsites= 588 E= 2.2e-010
 0.366830 0.406903 0.226103 0.000164
 0.008405 0.044450 0.000812 0.946332
 0.000164 0.000102 0.989515 0.010219
 0.999632 0.000102 0.000102 0.000164
 0.000164 0.999571 0.000102 0.000164
 0.186047 0.000102 0.035418 0.778433
 0.000164 0.991693 0.000102 0.008041
 0.822610 0.029671 0.103052 0.044667
 0.045341 0.075080 0.817487 0.062092
 0.000164 0.924759 0.000102 0.074975

MOTIF 5-CTGGGATTACAGGCR STREME-5
letter-probability matrix: alength= 4 w= 15 nsites= 403 E= 9.8e-008
 0.008094 0.896007 0.024001 0.071899
 0.000118 0.008049 0.016025 0.975807
 0.087850 0.000074 0.901324 0.010752
 0.045313 0.000074 0.954495 0.000118
 0.026704 0.018684 0.949178 0.005435
 0.978466 0.002732 0.013367 0.005435
 0.005435 0.122367 0.002732 0.869465
 0.000118 0.037294 0.000074 0.962515
 0.986442 0.000074 0.013367 0.000118
 0.005435 0.906641 0.002732 0.085192
 0.986442 0.000074 0.013367 0.000118
 0.042655 0.002732 0.951836 0.002777
 0.042655 0.010708 0.946519 0.000118
 0.037338 0.725859 0.016025 0.220778
 0.420170 0.029318 0.534443 0.016069

MOTIF 6-AGYRAGACYCYGTCT STREME-6
letter-probability matrix: alength= 4 w= 15 nsites= 363 E= 1.9e-007
 0.845909 0.000075 0.137705 0.016312
 0.035202 0.016267 0.940316 0.008216
 0.027106 0.465358 0.032458 0.475077
 0.349362 0.008171 0.639649 0.002818
 0.997032 0.002774 0.000075 0.000120
 0.245694 0.006592 0.742196 0.005517
 0.961950 0.008171 0.027061 0.002818
 0.010914 0.937617 0.005472 0.045996
 0.032503 0.343920 0.008171 0.615406
 0.008216 0.897138 0.005472 0.089174
 0.000120 0.515512 0.008171 0.476197
 0.318557 0.024363 0.646166 0.010914
 0.008216 0.048650 0.005472 0.937662
 0.008216 0.943014 0.005472 0.043298
 0.010914 0.002774 0.010869 0.975443

MOTIF 7-GGAAGAAA STREME-7
letter-probability matrix: alength= 4 w= 8 nsites= 5036 E= 1.0e-006
 0.074456 0.013932 0.911443 0.000169
 0.096906 0.000106 0.902820 0.000169
 0.799260 0.000106 0.034927 0.165707
 0.974922 0.000222 0.024686 0.000169
 0.000169 0.000106 0.980350 0.019375
 0.862586 0.000106 0.130412 0.006896
 0.673481 0.063991 0.207586 0.054942
 0.804291 0.009208 0.186332 0.000169

MOTIF 8-GGGTGGGGA STREME-8
letter-probability matrix: alength= 4 w= 9 nsites= 707 E= 1.0e-005
 0.000282 0.017642 0.981794 0.000282
 0.000282 0.017509 0.981927 0.000282
 0.035477 0.000176 0.919434 0.044912
 0.113456 0.013436 0.000176 0.872931
 0.000282 0.015519 0.969720 0.014479
 0.039695 0.000467 0.955849 0.003988
 0.053218 0.000467 0.941648 0.004667
 0.000282 0.000176 0.951253 0.048288
 0.608156 0.197643 0.110500 0.083701

MOTIF 9-CAAWCCTTTAGCTAG STREME-9
letter-probability matrix: alength= 4 w= 15 nsites= 199 E= 2.4e-005
 0.000253 0.970787 0.000158 0.028801
 0.988010 0.000158 0.011578 0.000253
 0.976591 0.000158 0.022997 0.000253
 0.422762 0.000158 0.022997 0.554082
 0.005963 0.953658 0.000158 0.040220
 0.005963 0.976496 0.017287 0.000253
 0.011673 0.045835 0.000158 0.942334
 0.000253 0.199994 0.000158 0.799594
 0.005963 0.000158 0.062964 0.930915
 0.919496 0.000158 0.005868 0.074478
 0.011673 0.000158 0.987916 0.000253
 0.005963 0.987916 0.005868 0.000253
 0.000253 0.000158 0.000158 0.999430
 0.999430 0.000158 0.000158 0.000253
 0.000253 0.017287 0.976496 0.005963

MOTIF 10-AGCCACCRCGCCC STREME-10
letter-probability matrix: alength= 4 w= 13 nsites= 457 E= 7.5e-005
 0.881087 0.089574 0.007358 0.021980
 0.038992 0.029231 0.929239 0.002538
 0.007399 0.951111 0.007358 0.034132
 0.004968 0.948681 0.014649 0.031701
 0.929693 0.014649 0.055550 0.000108
 0.002538 0.979266 0.001076 0.017120
 0.000108 0.712731 0.012219 0.274943
 0.359787 0.018088 0.617156 0.004968
 0.019550 0.649758 0.009789 0.320903
 0.264594 0.026800 0.689056 0.019550
 0.002538 0.928231 0.022948 0.046283
 0.007399 0.970554 0.009789 0.012259
 0.019550 0.661695 0.014649 0.304106

MOTIF 11-CAAAAAAAAAAAAAA STREME-11
letter-probability matrix: alength= 4 w= 15 nsites= 595 E= 1.1e-004
 0.044253 0.803501 0.047783 0.104463
 0.924704 0.000075 0.008187 0.067033
 0.999730 0.000075 0.000075 0.000120
 0.981261 0.018544 0.000075 0.000120
 0.896977 0.102828 0.000075 0.000120
 0.893324 0.106481 0.000075 0.000120
 0.897265 0.085414 0.009088 0.008232
 0.946170 0.051607 0.000075 0.002148
 0.863426 0.127365 0.009088 0.000120
 0.998217 0.001588 0.000075 0.000120
 0.878292 0.121513 0.000075 0.000120
 0.924017 0.075788 0.000075 0.000120
 0.922000 0.073267 0.000075 0.004657
 0.999730 0.000075 0.000075 0.000120
 0.986277 0.000075 0.013528 0.000120

MOTIF 12-CAATCAGCACTCTGT STREME-12
letter-probability matrix: alength= 4 w= 15 nsites= 231 E= 2.6e-004
 0.005042 0.984955 0.000134 0.009869
 0.980208 0.009789 0.009789 0.000214
 0.980208 0.000134 0.019444 0.000214
 0.000214 0.019444 0.000134 0.980208
 0.000214 0.999437 0.000134 0.000214
 0.960897 0.009789 0.019444 0.009869
 0.000214 0.000134 0.984955 0.014697
 0.000214 0.936679 0.000134 0.062972
 0.719520 0.009789 0.241512 0.029180
 0.000214 0.931852 0.000134 0.067800
 0.005042 0.058065 0.000134 0.936760
 0.000214 0.965645 0.009789 0.024352
 0.009869 0.004962 0.000134 0.985035
 0.014697 0.004962 0.980127 0.000214
 0.000214 0.000134 0.000134 0.999518

MOTIF 13-CACTTTGGGAGGCYG STREME-13
letter-probability matrix: alength= 4 w= 15 nsites= 239 E= 7.9e-004
 0.014487 0.966135 0.014408 0.004970
 0.975731 0.009649 0.004891 0.009728
 0.009728 0.932825 0.009649 0.047798
 0.014487 0.004891 0.004891 0.975731
 0.009728 0.019167 0.004891 0.966214
 0.000211 0.014408 0.004891 0.980490
 0.014487 0.009649 0.966135 0.009728
 0.062073 0.004891 0.928066 0.004970
 0.043039 0.000132 0.956618 0.000211
 0.994766 0.004891 0.000132 0.000211
 0.047798 0.000132 0.947101 0.004970
 0.024004 0.000132 0.966135 0.009728
 0.014487 0.947101 0.009649 0.028763
 0.052556 0.594962 0.019167 0.333316
 0.290488 0.004891 0.685376 0.019246

MOTIF 14-AAAGTGCTGA STREME-14
letter-probability matrix: alength= 4 w= 10 nsites= 682 E= 1.0e-002
 0.928191 0.006162 0.043020 0.022627
 0.936318 0.006085 0.021067 0.036531
 0.850530 0.053279 0.029640 0.066551
 0.063572 0.068671 0.822020 0.045737
 0.092298 0.028740 0.003361 0.875601
 0.021119 0.010339 0.955244 0.013297
 0.051996 0.935714 0.000769 0.011521
 0.009033 0.078385 0.043109 0.869473
 0.050742 0.001547 0.863689 0.084022
 0.985425 0.002648 0.008871 0.003055

MOTIF 15-CTCCTGGSCTCAAGY STREME-15
letter-probability matrix: alength= 4 w= 15 nsites= 175 E= 1.3e-002
 0.000269 0.950852 0.012279 0.036601
 0.012379 0.018334 0.018334 0.950953
 0.006324 0.938741 0.006223 0.048711
 0.000269 0.920575 0.000168 0.078988
 0.000269 0.103108 0.000168 0.896455
 0.066877 0.000168 0.932686 0.000269
 0.236426 0.018334 0.744971 0.000269
 0.060822 0.387708 0.539091 0.012379
 0.018435 0.823690 0.000168 0.157707
 0.000269 0.018334 0.000168 0.981229
 0.000269 0.981128 0.000168 0.018435
 0.987284 0.006223 0.006223 0.000269
 0.890399 0.012279 0.078887 0.018435
 0.048711 0.000168 0.944797 0.006324
 0.024490 0.466427 0.030445 0.478638

MOTIF 16-CAACAACAACAAAAA STREME-16
letter-probability matrix: alength= 4 w= 15 nsites= 103 E= 1.3e-002
 0.067804 0.920168 0.000311 0.011716
 0.954008 0.011529 0.000311 0.034151
 0.954008 0.022747 0.022747 0.000498
 0.000498 0.987475 0.000311 0.011716
 0.965226 0.011529 0.000311 0.022933
 0.897919 0.000311 0.033965 0.067804
 0.067804 0.920168 0.000311 0.011716
 0.987662 0.000311 0.000311 0.011716
 0.875484 0.000311 0.112489 0.011716
 0.000498 0.965040 0.000311 0.034151
 0.954008 0.045182 0.000311 0.000498
 0.920355 0.022747 0.045182 0.011716
 0.684782 0.235885 0.022747 0.056587
 0.853048 0.045182 0.101271 0.000498
 0.796959 0.090054 0.056400 0.056587

MOTIF 17-AAGTCTGAGAAACTG STREME-17
letter-probability matrix: alength= 4 w= 15 nsites= 98 E= 1.3e-002
 0.965226 0.000311 0.033965 0.000498
 0.875484 0.022747 0.078836 0.022933
 0.079022 0.022747 0.841644 0.056587
 0.067804 0.033965 0.033965 0.864266
 0.000498 0.987475 0.000311 0.011716
 0.056587 0.011529 0.000311 0.931573
 0.067804 0.033965 0.886515 0.011716
 0.954008 0.000311 0.045182 0.000498
 0.045369 0.000311 0.931386 0.022933
 0.954008 0.000311 0.033965 0.011716
 0.954008 0.011529 0.033965 0.000498
 0.942790 0.022747 0.022747 0.011716
 0.022933 0.819209 0.022747 0.135111
 0.079022 0.011529 0.011529 0.897919
 0.090240 0.011529 0.875297 0.022933

MOTIF 18-TCAGCAAAA STREME-18
letter-probability matrix: alength= 4 w= 9 nsites= 993 E= 2.0e-002
 0.000403 0.000252 0.000252 0.999094
 0.209938 0.765538 0.000252 0.024272
 0.993366 0.001244 0.004987 0.000403
 0.027533 0.000252 0.897225 0.074990
 0.000403 0.998943 0.000252 0.000403
 0.884183 0.000252 0.018194 0.097371
 0.913590 0.058081 0.000252 0.028078
 0.985657 0.001516 0.001886 0.010940
 0.830841 0.049296 0.085591 0.034273

MOTIF 19-AYTGCAACCTCAGC STREME-19
letter-probability matrix: alength= 4 w= 14 nsites= 276 E= 2.3e-002
 0.829762 0.007858 0.003983 0.158398
 0.182308 0.425065 0.046610 0.346017
 0.007922 0.034985 0.000108 0.956985
 0.035049 0.000108 0.941420 0.023423
 0.004047 0.995673 0.000108 0.000172
 0.929859 0.069862 0.000108 0.000172
 0.915017 0.000108 0.084704 0.000172
 0.054425 0.778661 0.127990 0.038924
 0.229760 0.688581 0.046610 0.035049
 0.000172 0.021092 0.007858 0.970878
 0.011798 0.987923 0.000108 0.000172
 0.660860 0.137349 0.073737 0.128054
 0.133538 0.000108 0.740567 0.125788
 0.001780 0.711832 0.251339 0.035049

MOTIF 20-GATCCACCCRCCT STREME-20
letter-probability matrix: alength= 4 w= 13 nsites= 143 E= 2.5e-002
 0.076456 0.000230 0.914669 0.008645
 0.999173 0.000230 0.000230 0.000367
 0.000367 0.000230 0.016784 0.982619
 0.008645 0.990758 0.000230 0.000367
 0.000367 0.999036 0.000230 0.000367
 0.546666 0.016784 0.231993 0.204557
 0.000367 0.949372 0.000230 0.050031
 0.008645 0.916263 0.008507 0.066585
 0.000367 0.697114 0.008507 0.294012
 0.390992 0.000230 0.608411 0.000367
 0.008645 0.916263 0.000230 0.074863
 0.016922 0.982481 0.000230 0.000367
 0.016922 0.025062 0.000230 0.957787

MOTIF 21-ACTTTGGAAAACAGT STREME-21
letter-probability matrix: alength= 4 w= 15 nsites= 100 E= 2.5e-002
 0.860250 0.000257 0.120572 0.018921
 0.009666 0.815394 0.065042 0.109898
 0.009666 0.004098 0.000257 0.985979
 0.032017 0.018767 0.189198 0.760018
 0.018921 0.000257 0.000257 0.980565
 0.146918 0.000257 0.843159 0.009666
 0.009666 0.009512 0.943391 0.037431
 0.980565 0.000257 0.018767 0.000411
 0.856409 0.018767 0.105903 0.018921
 0.971310 0.009512 0.009512 0.009666
 0.722998 0.000257 0.046532 0.230213
 0.055941 0.719003 0.133668 0.091388
 0.749190 0.037277 0.028022 0.185511
 0.063623 0.118999 0.779947 0.037431
 0.046686 0.046532 0.028022 0.878760

MOTIF 22-AAAATGCAC STREME-22
letter-probability matrix: alength= 4 w= 9 nsites= 226 E= 2.7e-002
 0.937055 0.017491 0.017491 0.027964
 0.937055 0.017491 0.017491 0.027964
 0.937055 0.017491 0.017491 0.027964
 0.937055 0.017491 0.017491 0.027964
 0.027964 0.017491 0.017491 0.937055
 0.027964 0.017491 0.926582 0.027964
 0.027964 0.926582 0.017491 0.027964
 0.937055 0.017491 0.017491 0.027964
 0.027964 0.926582 0.017491 0.027964

MOTIF 23-CTTGGCA STREME-23
letter-probability matrix: alength= 4 w= 7 nsites= 3543 E= 2.9e-002
 0.000735 0.832670 0.165860 0.000735
 0.000735 0.000460 0.038667 0.960138
 0.228270 0.019318 0.000460 0.751952
 0.169599 0.001847 0.827819 0.000735
 0.000735 0.000460 0.998070 0.000735
 0.000735 0.974952 0.000460 0.023853
 0.724848 0.135877 0.018642 0.120633

MOTIF 24-AAATAAATAAAT STREME-24
letter-probability matrix: alength= 4 w= 12 nsites= 318 E= 7.3e-002
 0.822555 0.000116 0.177144 0.000185
 0.824844 0.083353 0.091618 0.000185
 0.999583 0.000116 0.000116 0.000185
 0.000185 0.000116 0.000116 0.999583
 0.791794 0.068738 0.139282 0.000185
 0.905758 0.093941 0.000116 0.000185
 0.798150 0.130752 0.070914 0.000185
 0.000185 0.000116 0.103862 0.895837
 0.860785 0.000116 0.138914 0.000185
 0.849186 0.150513 0.000116 0.000185
 0.876758 0.122941 0.000116 0.000185
 0.243305 0.000116 0.000116 0.756464

MOTIF 25-AAATGSACCAATC STREME-25
letter-probability matrix: alength= 4 w= 13 nsites= 89 E= 1.0e-001
 0.998772 0.000341 0.000341 0.000546
 0.998772 0.000341 0.000341 0.000546
 0.998772 0.000341 0.000341 0.000546
 0.000546 0.307719 0.000341 0.691394
 0.098907 0.012636 0.887911 0.000546
 0.037431 0.443543 0.506185 0.012841
 0.998772 0.000341 0.000341 0.000546
 0.000546 0.998567 0.000341 0.000546
 0.000546 0.949387 0.012636 0.037431
 0.998772 0.000341 0.000341 0.000546
 0.937296 0.000341 0.061817 0.000546
 0.000546 0.000341 0.000341 0.998772
 0.037431 0.910757 0.000341 0.051471

MOTIF 26-WTGCTGABVTCAGCAW STREME-26
letter-probability matrix: alength= 4 w= 16 nsites= 246 E= 1.1e-001
 0.397520 0.193478 0.101195 0.307807
 0.094676 0.015503 0.000122 0.889700
 0.006787 0.059447 0.931374 0.002392
 0.219918 0.713848 0.015503 0.050731
 0.000195 0.004516 0.002319 0.992969
 0.015576 0.000122 0.731426 0.252876
 0.806205 0.028686 0.057250 0.107859
 0.033153 0.323115 0.378957 0.264774
 0.264774 0.378957 0.323115 0.033153
 0.107859 0.057250 0.028686 0.806205
 0.252876 0.731426 0.000122 0.015576
 0.992969 0.002319 0.004516 0.000195
 0.050731 0.015503 0.713848 0.219918
 0.002392 0.931374 0.059447 0.006787
 0.889700 0.000122 0.015503 0.094676
 0.307807 0.101195 0.193478 0.397520

MOTIF 27-AAAAGAAAASAAAAA STREME-27
letter-probability matrix: alength= 4 w= 15 nsites= 215 E= 1.1e-001
 0.981577 0.017995 0.000165 0.000264
 0.981577 0.017995 0.000165 0.000264
 0.990997 0.008575 0.000165 0.000264
 0.761122 0.000165 0.238450 0.000264
 0.074161 0.160022 0.673939 0.091878
 0.975633 0.000165 0.000165 0.024037
 0.969690 0.017995 0.000165 0.012150
 0.999406 0.000165 0.000165 0.000264
 0.950404 0.000165 0.049167 0.000264
 0.173217 0.322001 0.362035 0.142748
 0.897227 0.000165 0.090458 0.012150
 0.903789 0.000165 0.077953 0.018093
 0.987520 0.000165 0.000165 0.012150
 0.931564 0.053654 0.014518 0.000264
 0.653395 0.233255 0.083370 0.029980

MOTIF 28-AGGAAATAA STREME-28
letter-probability matrix: alength= 4 w= 9 nsites= 1125 E= 1.6e-001
 0.807825 0.000263 0.177473 0.014439
 0.024496 0.008825 0.956171 0.010508
 0.100123 0.053173 0.826358 0.020346
 0.924798 0.010799 0.057489 0.006915
 0.877151 0.004882 0.038190 0.079776
 0.976780 0.000694 0.018421 0.004105
 0.000381 0.004346 0.050427 0.944845
 0.901021 0.000728 0.077026 0.021225
 0.946649 0.011777 0.023117 0.018457

MOTIF 29-AGTGCAGTGGCR STREME-29
letter-probability matrix: alength= 4 w= 12 nsites= 152 E= 1.7e-001
 0.992096 0.000200 0.007386 0.000319
 0.000319 0.000200 0.999163 0.000319
 0.000319 0.028947 0.000200 0.970535
 0.057813 0.000200 0.941668 0.000319
 0.000319 0.999163 0.000200 0.000319
 0.992095 0.007386 0.000200 0.000319
 0.151241 0.000200 0.826680 0.021879
 0.000319 0.000200 0.000200 0.999282
 0.000319 0.000200 0.999163 0.000319
 0.000319 0.000200 0.999163 0.000319
 0.000319 0.769185 0.000200 0.230296
 0.481833 0.014573 0.474527 0.029066

MOTIF 30-CTCAAAACTGTCAAG STREME-30
letter-probability matrix: alength= 4 w= 15 nsites= 89 E= 2.0e-001
 0.013538 0.881825 0.000360 0.104277
 0.013538 0.026285 0.000360 0.959817
 0.000575 0.881825 0.013323 0.104277
 0.946854 0.026285 0.013323 0.013538
 0.985742 0.000360 0.013323 0.000575
 0.972780 0.000360 0.000360 0.026501
 0.972780 0.000360 0.000360 0.026501
 0.000575 0.881825 0.013323 0.104277
 0.026501 0.026285 0.000360 0.946854
 0.013538 0.000360 0.985527 0.000575
 0.000575 0.052211 0.000360 0.946854
 0.013538 0.894788 0.026285 0.065389
 0.972780 0.013323 0.000360 0.013538
 0.946854 0.000360 0.000360 0.052426
 0.026501 0.013323 0.933676 0.026501

MOTIF 31-GTCAGGTATTTTGTA STREME-31
letter-probability matrix: alength= 4 w= 15 nsites= 93 E= 2.0e-001
 0.071481 0.000328 0.915840 0.012351
 0.012351 0.035806 0.028888 0.922954
 0.024177 0.868536 0.023980 0.083307
 0.982085 0.000328 0.000328 0.017259
 0.071481 0.035806 0.844884 0.047829
 0.118785 0.071284 0.785754 0.024177
 0.024177 0.059458 0.023980 0.892384
 0.880558 0.000328 0.118588 0.000525
 0.012351 0.023980 0.012154 0.951514
 0.059655 0.012154 0.035806 0.892384
 0.036003 0.035806 0.000328 0.927862
 0.000525 0.023980 0.012154 0.963341
 0.071481 0.000328 0.904014 0.024177
 0.012351 0.047632 0.012154 0.927862
 0.927862 0.000328 0.035806 0.036003

MOTIF 32-GTGCATTTACAAWCC STREME-32
letter-probability matrix: alength= 4 w= 15 nsites= 51 E= 2.0e-001
 0.001053 0.000659 0.997235 0.001053
 0.001053 0.000659 0.000659 0.997630
 0.024781 0.000659 0.973507 0.001053
 0.001053 0.854867 0.000659 0.143421
 0.736621 0.000659 0.261667 0.001053
 0.001053 0.071843 0.000659 0.926446
 0.001053 0.000659 0.000659 0.997630
 0.001053 0.000659 0.000659 0.997630
 0.997630 0.000659 0.000659 0.001053
 0.048509 0.926051 0.024387 0.001053
 0.997630 0.000659 0.000659 0.001053
 0.902718 0.000659 0.095571 0.001053
 0.333245 0.000659 0.000659 0.665437
 0.001053 0.949779 0.000659 0.048509
 0.001053 0.902323 0.000659 0.095965

MOTIF 33-CCTAGG STREME-33
letter-probability matrix: alength= 4 w= 6 nsites= 2848 E= 2.6e-001
 0.014664 0.830092 0.000771 0.154474
 0.001233 0.950827 0.005513 0.042428
 0.131358 0.000771 0.063000 0.804871
 0.804871 0.063000 0.000771 0.131358
 0.042428 0.005513 0.950827 0.001233
 0.154474 0.000771 0.830092 0.014664

MOTIF 34-TATATACCCAAGAG STREME-34
letter-probability matrix: alength= 4 w= 14 nsites= 68 E= 4.1e-001
 0.012008 0.023314 0.057807 0.906870
 0.918368 0.011817 0.057807 0.012008
 0.046501 0.051081 0.023314 0.879103
 0.883875 0.011817 0.057807 0.046501
 0.000510 0.023314 0.023314 0.952861
 0.872377 0.023314 0.046310 0.057999
 0.035003 0.883684 0.023314 0.057999
 0.046501 0.883684 0.023314 0.046501
 0.046501 0.890410 0.000319 0.062770
 0.860880 0.046310 0.034812 0.057999
 0.837884 0.034812 0.103798 0.023506
 0.218966 0.046310 0.671954 0.062770
 0.918368 0.011817 0.034812 0.035003
 0.039775 0.046310 0.855917 0.057999

MOTIF 35-ACACACACACACACA STREME-35
letter-probability matrix: alength= 4 w= 15 nsites= 328 E= 4.3e-001
 0.915905 0.000117 0.052603 0.031376
 0.000187 0.820327 0.000117 0.179370
 0.995376 0.000117 0.004320 0.000187
 0.021407 0.748244 0.008524 0.221825
 0.917966 0.048101 0.033746 0.000187
 0.000187 0.826595 0.037950 0.135269
 0.928118 0.016931 0.046357 0.008594
 0.014752 0.819561 0.000117 0.165570
 0.926016 0.000117 0.073681 0.000187
 0.010395 0.736085 0.004320 0.249200
 0.961747 0.000117 0.012728 0.025408
 0.025991 0.914630 0.008524 0.050855
 0.940837 0.021135 0.000117 0.037912
 0.100306 0.735654 0.013864 0.150176
 0.687180 0.070059 0.171220 0.071541

MOTIF 36-AATAATAATAATAA STREME-36
letter-probability matrix: alength= 4 w= 14 nsites= 70 E= 5.6e-001
 0.947735 0.017328 0.017328 0.017609
 0.953356 0.000468 0.045428 0.000748
 0.051329 0.017328 0.000468 0.930874
 0.981455 0.000468 0.017328 0.000748
 0.947735 0.034189 0.017328 0.000748
 0.000748 0.000468 0.017328 0.981456
 0.964595 0.000468 0.034189 0.000748
 0.956165 0.000468 0.008898 0.034469
 0.000748 0.017328 0.000468 0.981455
 0.914014 0.000468 0.051049 0.034469
 0.930874 0.034189 0.034189 0.000748
 0.000748 0.051049 0.000468 0.947735
 0.930874 0.051049 0.017328 0.000748
 0.964595 0.000468 0.017328 0.017609

MOTIF 37-GAGGCTGAGGCGGGM STREME-37
letter-probability matrix: alength= 4 w= 15 nsites= 115 E= 5.9e-001
 0.056744 0.032444 0.878234 0.032578
 0.894478 0.024389 0.056610 0.024523
 0.024523 0.040499 0.902400 0.032578
 0.048688 0.016334 0.902400 0.032578
 0.032578 0.894345 0.008279 0.064799
 0.032578 0.153271 0.048554 0.765596
 0.032578 0.032444 0.934620 0.000357
 0.846148 0.032444 0.072720 0.048688
 0.048688 0.048554 0.870179 0.032578
 0.056744 0.056610 0.870179 0.016468
 0.121185 0.604359 0.088830 0.185626
 0.233957 0.064665 0.604359 0.097019
 0.056744 0.032444 0.854069 0.056744
 0.056744 0.040499 0.829903 0.072854
 0.354784 0.515753 0.064665 0.064799

MOTIF 38-CATTTTACAAAC STREME-38
letter-probability matrix: alength= 4 w= 12 nsites= 130 E= 5.9e-001
 0.000219 0.993528 0.000137 0.006115
 0.920405 0.005081 0.074294 0.000219
 0.002731 0.017973 0.005081 0.974215
 0.005163 0.000137 0.000137 0.994562
 0.015051 0.111423 0.007133 0.866394
 0.022507 0.061515 0.015081 0.900898
 0.856673 0.058354 0.084753 0.000219
 0.000219 0.980189 0.008433 0.011159
 0.871672 0.127971 0.000137 0.000219
 0.596346 0.038812 0.181099 0.183743
 0.643228 0.071683 0.002189 0.282900
 0.116024 0.624240 0.025316 0.234419

MOTIF 39-AGAAATGCAA STREME-39
letter-probability matrix: alength= 4 w= 10 nsites= 798 E= 9.6e-001
 0.837533 0.022397 0.139703 0.000367
 0.000367 0.000229 0.962202 0.037201
 0.946350 0.000229 0.030726 0.022695
 0.976965 0.000229 0.000229 0.022576
 0.999174 0.000229 0.000229 0.000367
 0.042151 0.000229 0.000229 0.957390
 0.049183 0.000229 0.950221 0.000367
 0.291270 0.639358 0.029393 0.039980
 0.930617 0.000229 0.003293 0.065861
 0.887283 0.000229 0.076157 0.036331

MOTIF 40-CCTCTTGGCTGTGA STREME-40
letter-probability matrix: alength= 4 w= 14 nsites= 84 E= 1.0e+000
 0.030448 0.849331 0.015307 0.104914
 0.045341 0.864225 0.000413 0.090021
 0.045341 0.000413 0.015307 0.938939
 0.000661 0.983371 0.000413 0.015554
 0.060234 0.015307 0.000413 0.924046
 0.060234 0.015307 0.015307 0.909152
 0.045341 0.000413 0.953585 0.000661
 0.090021 0.000413 0.879118 0.030448
 0.060234 0.819545 0.045093 0.075128
 0.015554 0.000413 0.015307 0.968726
 0.060234 0.000413 0.879119 0.060234
 0.030448 0.015307 0.059987 0.894259
 0.045340 0.000413 0.894012 0.060234
 0.879366 0.015307 0.074880 0.030448

MOTIF 41-GAGAGAGAGAGA STREME-41
letter-probability matrix: alength= 4 w= 12 nsites= 127 E= 1.0e+000
 0.000469 0.000293 0.998770 0.000469
 0.777223 0.148108 0.074201 0.000469
 0.000469 0.000293 0.998770 0.000469
 0.821449 0.063642 0.114440 0.000469
 0.053124 0.087015 0.848834 0.011027
 0.865088 0.000293 0.134150 0.000469
 0.227470 0.000293 0.771768 0.000469
 0.730608 0.110257 0.031967 0.127167
 0.060210 0.000293 0.939028 0.000469
 0.967271 0.031968 0.000293 0.000469
 0.000469 0.000293 0.988212 0.011027
 0.998945 0.000293 0.000293 0.000469

MOTIF 42-AAATRTTTACT STREME-42
letter-probability matrix: alength= 4 w= 11 nsites= 1677 E= 1.3e+000
 0.955968 0.006377 0.003999 0.033656
 0.950039 0.035734 0.012167 0.002059
 0.898956 0.050240 0.045222 0.005581
 0.000088 0.065755 0.000888 0.933269
 0.339225 0.000055 0.660633 0.000088
 0.044205 0.263986 0.027390 0.664418
 0.000088 0.210884 0.002429 0.786600
 0.116431 0.027113 0.089495 0.766962
 0.845601 0.041284 0.105123 0.007992
 0.003442 0.780019 0.068733 0.147806
 0.086153 0.250437 0.059968 0.603443

MOTIF 43-CCCCGCC STREME-43
letter-probability matrix: alength= 4 w= 7 nsites= 865 E= 1.4e+000
 0.001255 0.996704 0.000785 0.001255
 0.001255 0.989429 0.008061 0.001255
 0.001255 0.853682 0.009855 0.135208
 0.001255 0.542099 0.189360 0.267286
 0.001255 0.000785 0.996704 0.001255
 0.107060 0.890899 0.000785 0.001255
 0.001255 0.931256 0.066234 0.001255

MOTIF 44-GAAAAGTTCTCSAAG STREME-44
letter-probability matrix: alength= 4 w= 15 nsites= 75 E= 1.6e+000
 0.041622 0.096081 0.683960 0.178338
 0.971291 0.000380 0.014051 0.014278
 0.971291 0.000380 0.027723 0.000607
 0.957619 0.014051 0.027723 0.000607
 0.943948 0.027723 0.014051 0.014278
 0.014278 0.027723 0.943721 0.014278
 0.000607 0.014051 0.000380 0.984963
 0.000607 0.014051 0.000380 0.984963
 0.014278 0.957392 0.014051 0.014278
 0.014278 0.000380 0.014051 0.971291
 0.027950 0.752318 0.027723 0.192009
 0.014278 0.601930 0.342170 0.041622
 0.957619 0.000380 0.027723 0.014278
 0.943948 0.000380 0.027723 0.027950
 0.014278 0.027723 0.957392 0.000607

MOTIF 45-AAACAAACAAA STREME-45
letter-probability matrix: alength= 4 w= 11 nsites= 77 E= 1.7e+000
 0.996823 0.000883 0.000883 0.001411
 0.996823 0.000883 0.000883 0.001411
 0.996823 0.000883 0.000883 0.001411
 0.001411 0.996294 0.000883 0.001411
 0.983625 0.000883 0.014081 0.001411
 0.996823 0.000883 0.000883 0.001411
 0.996823 0.000883 0.000883 0.001411
 0.001411 0.996294 0.000883 0.001411
 0.901418 0.000883 0.096288 0.001411
 0.996823 0.000883 0.000883 0.001411
 0.996823 0.000883 0.000883 0.001411

MOTIF 46-CCAAGGTCA STREME-46
letter-probability matrix: alength= 4 w= 9 nsites= 566 E= 1.9e+000
 0.000380 0.886810 0.040272 0.072538
 0.000380 0.865417 0.133823 0.000380
 0.986630 0.000238 0.012753 0.000380
 0.945750 0.053632 0.000238 0.000380
 0.000380 0.000238 0.999003 0.000380
 0.222691 0.000238 0.691343 0.085729
 0.050990 0.085998 0.000238 0.862775
 0.000380 0.948783 0.028132 0.022706
 0.779234 0.052857 0.105135 0.062774

MOTIF 47-AGGTGGGG STREME-47
letter-probability matrix: alength= 4 w= 8 nsites= 241 E= 2.3e+000
 0.948359 0.049976 0.000641 0.001024
 0.001024 0.007134 0.990817 0.001024
 0.001024 0.000641 0.997310 0.001024
 0.001024 0.078896 0.000641 0.919439
 0.259245 0.028735 0.572948 0.139071
 0.001024 0.008984 0.988967 0.001024
 0.001024 0.145369 0.852582 0.001024
 0.001024 0.000641 0.997310 0.001024

MOTIF 48-GGGAGGGAGA STREME-48
letter-probability matrix: alength= 4 w= 10 nsites= 408 E= 2.4e+000
 0.011464 0.003905 0.937840 0.046791
 0.078736 0.005283 0.914777 0.001203
 0.000530 0.008501 0.990440 0.000530
 0.923789 0.033873 0.000331 0.042007
 0.000530 0.000331 0.809549 0.189590
 0.014297 0.024194 0.941993 0.019516
 0.042017 0.079315 0.877028 0.001640
 0.896163 0.012263 0.090489 0.001085
 0.072851 0.039772 0.878418 0.008958
 0.828478 0.008908 0.127178 0.035435

MOTIF 49-TATTTTTAA STREME-49
letter-probability matrix: alength= 4 w= 9 nsites= 2155 E= 2.4e+000
 0.000378 0.000237 0.010020 0.989364
 0.999148 0.000237 0.000237 0.000378
 0.082233 0.019688 0.007306 0.890773
 0.054250 0.015204 0.031421 0.899124
 0.008494 0.012155 0.028079 0.951272
 0.019396 0.099175 0.037546 0.843883
 0.141150 0.000237 0.035782 0.822831
 0.999148 0.000237 0.000237 0.000378
 0.859757 0.017476 0.098244 0.024524

MOTIF 50-AAAATTAGCCRGGY STREME-50
letter-probability matrix: alength= 4 w= 14 nsites= 51 E= 3.3e+000
 0.954324 0.044106 0.000604 0.000965
 0.997827 0.000604 0.000604 0.000965
 0.932573 0.022355 0.000604 0.044468
 0.997827 0.000604 0.000604 0.000965
 0.000965 0.000604 0.000604 0.997827
 0.022717 0.000604 0.000604 0.976076
 0.967049 0.000604 0.031382 0.000965
 0.000965 0.000604 0.953963 0.044468
 0.000965 0.953963 0.000604 0.044468
 0.000965 0.836181 0.000604 0.162250
 0.597278 0.000604 0.357651 0.044468
 0.000965 0.022355 0.953963 0.022717
 0.022717 0.000604 0.910460 0.066219
 0.000965 0.640417 0.022355 0.336262

MOTIF 51-ACAGTTCTGGAGGC STREME-51
letter-probability matrix: alength= 4 w= 14 nsites= 43 E= 6.5e+000
 0.997630 0.000659 0.000659 0.001053
 0.001053 0.902323 0.000659 0.095965
 0.973902 0.024387 0.000659 0.001053
 0.048509 0.000659 0.926051 0.024781
 0.001053 0.024387 0.000659 0.973902
 0.001053 0.024387 0.000659 0.973902
 0.024781 0.902323 0.024387 0.048509
 0.001053 0.000659 0.000659 0.997630
 0.119693 0.000659 0.878595 0.001053
 0.072237 0.024387 0.878595 0.024781
 0.973902 0.000659 0.024387 0.001053
 0.048509 0.000659 0.949779 0.001053
 0.072237 0.024387 0.902323 0.001053
 0.001053 0.831139 0.000659 0.167149

MOTIF 52-ATAACTCCCACATG STREME-52
letter-probability matrix: alength= 4 w= 14 nsites= 40 E= 1.3e+001
 0.937055 0.017491 0.017491 0.027964
 0.027964 0.017491 0.017491 0.937055
 0.937055 0.017491 0.017491 0.027964
 0.937055 0.017491 0.017491 0.027964
 0.027964 0.926582 0.017491 0.027964
 0.027964 0.017491 0.017491 0.937055
 0.027964 0.926582 0.017491 0.027964
 0.027964 0.926582 0.017491 0.027964
 0.027964 0.926582 0.017491 0.027964
 0.937055 0.017491 0.017491 0.027964
 0.027964 0.926582 0.017491 0.027964
 0.937055 0.017491 0.017491 0.027964
 0.027964 0.017491 0.017491 0.937055
 0.027964 0.017491 0.926582 0.027964

********************************************************************************
Stopped because 3 consecutive motifs exceeded the p-value threshold (0.05).
********************************************************************************
COMMAND:	streme --verbosity 1 --oc meme_out_incomplete_DL/HepG2_MAFK-human_ENCFF259ECH/streme_out -dna --seed 0 --p meme_out_incomplete_DL/HepG2_MAFK-human_ENCFF259ECH/seqs-centered --minw 6 --maxw 15 --time 6135 --order 2 --thresh 0.05 --align center --totallength 4000000 --parse-genomic-coord
********************************************************************************
CPU:		9f05ee173ae9
********************************************************************************
FINALTIME:	2688.71 seconds
********************************************************************************
