********************************************************************************
STREME - Sensitive, Thorough, Rapid, Enriched Motif Elicitation
********************************************************************************
MEME version 5.5.3 (Release date: Sat Jun 10 16:19:38 2023 -0700)

For further information on how to interpret these results please access http://localhost:8080/meme_5.5.3.
To get a copy of the MEME Suite software please access https://meme-suite.org.

********************************************************************************


********************************************************************************
REFERENCE
********************************************************************************
If you use this program in your research, please cite:

Timothy L. Bailey,
"STREME: accurate and versatile sequence motif discovery",
Bioinformatics, Mar. 24, 2021.
********************************************************************************


ALPHABET= ACGT

strands: + -

Background letter frequencies
A 0.164 C 0.336 G 0.336 T 0.164 

MOTIF 1-ACTACATTTCCCA STREME-1
letter-probability matrix: alength= 4 w= 13 nsites= 74 E= 4.9e-002
 0.967466 0.031427 0.000743 0.000364
 0.031048 0.921819 0.046769 0.000364
 0.015706 0.092795 0.000743 0.890756
 0.844696 0.031432 0.031427 0.092446
 0.000364 0.952503 0.000743 0.046390
 0.952124 0.031427 0.016085 0.000364
 0.246013 0.169574 0.062111 0.522302
 0.061732 0.123577 0.077453 0.737238
 0.061732 0.046774 0.031427 0.860067
 0.015706 0.952503 0.031427 0.000364
 0.000364 0.921819 0.031427 0.046390
 0.031048 0.952503 0.000743 0.015706
 0.829363 0.031427 0.108162 0.031048

MOTIF 2-GCCGGAAGCVSVR STREME-2
letter-probability matrix: alength= 4 w= 13 nsites= 108 E= 1.3e-001
 0.190150 0.009482 0.782066 0.018303
 0.090660 0.881555 0.027570 0.000215
 0.108745 0.800162 0.090878 0.000215
 0.000215 0.000438 0.999133 0.000215
 0.027347 0.009482 0.962957 0.000215
 0.962728 0.000438 0.027576 0.009259
 0.989866 0.009482 0.000438 0.000215
 0.072575 0.018526 0.908684 0.000215
 0.000215 0.881558 0.118013 0.000215
 0.217282 0.226555 0.429327 0.126836
 0.000215 0.371299 0.619228 0.009259
 0.443419 0.257433 0.244669 0.054478
 0.524813 0.022278 0.434607 0.018303

MOTIF 3-ATCTTGGCCAC STREME-3
letter-probability matrix: alength= 4 w= 11 nsites= 72 E= 1.3e-001
 0.826056 0.061574 0.063724 0.048647
 0.012922 0.106835 0.043715 0.836528
 0.050797 0.758938 0.126844 0.063420
 0.050789 0.101607 0.101591 0.746012
 0.012922 0.038487 0.051101 0.897490
 0.012922 0.038479 0.872565 0.076034
 0.050789 0.063732 0.784191 0.101288
 0.038167 0.753718 0.157326 0.050789
 0.063420 0.809444 0.101591 0.025544
 0.811283 0.063724 0.048951 0.076043
 0.101280 0.627469 0.220462 0.050789

MOTIF 4-AAGATGGCGGCGGCG STREME-4
letter-probability matrix: alength= 4 w= 15 nsites= 76 E= 2.1e-001
 0.733498 0.036050 0.230172 0.000280
 0.655622 0.284396 0.024224 0.035758
 0.213148 0.213447 0.561298 0.012106
 0.951271 0.024224 0.000573 0.023932
 0.000280 0.111912 0.000573 0.887235
 0.000280 0.000573 0.987040 0.012106
 0.000280 0.012399 0.987040 0.000280
 0.012106 0.951563 0.012399 0.023932
 0.083062 0.047876 0.809651 0.059410
 0.071236 0.095180 0.833303 0.000280
 0.106714 0.821477 0.024224 0.047584
 0.035758 0.260744 0.608610 0.094888
 0.059410 0.130658 0.726869 0.083062
 0.118540 0.644088 0.142484 0.094888
 0.130366 0.171042 0.556400 0.142192

MOTIF 5-CTCGGCCTCC STREME-5
letter-probability matrix: alength= 4 w= 10 nsites= 68 E= 2.1e-001
 0.016515 0.972526 0.007473 0.003486
 0.004004 0.036966 0.000781 0.958249
 0.016515 0.970823 0.003564 0.009098
 0.180630 0.053403 0.746719 0.019248
 0.000383 0.078860 0.881380 0.039377
 0.039377 0.929186 0.024363 0.007075
 0.016515 0.894866 0.081544 0.007075
 0.048810 0.027864 0.012167 0.911159
 0.016515 0.934613 0.039775 0.009098
 0.016515 0.950057 0.016913 0.016515

MOTIF 6-GCCGCCGCCGCCGC STREME-6
letter-probability matrix: alength= 4 w= 14 nsites= 96 E= 2.5e-001
 0.011455 0.034099 0.931802 0.022644
 0.056195 0.797560 0.000542 0.145703
 0.011455 0.965359 0.022920 0.000265
 0.056209 0.022913 0.831125 0.089752
 0.011451 0.954184 0.000542 0.033823
 0.063788 0.814258 0.038739 0.083214
 0.011455 0.000542 0.987738 0.000265
 0.000265 0.898248 0.000542 0.100945
 0.011451 0.781731 0.117048 0.089770
 0.168061 0.049940 0.759362 0.022637
 0.000265 0.954184 0.000542 0.045009
 0.011451 0.831122 0.011727 0.145700
 0.000265 0.058630 0.834192 0.106912
 0.000265 0.864676 0.112422 0.022637

MOTIF 7-CTGCGCCTGCGCA STREME-7
letter-probability matrix: alength= 4 w= 13 nsites= 58 E= 4.2e-001
 0.000460 0.746016 0.156109 0.097414
 0.116818 0.144725 0.039721 0.698736
 0.019851 0.000939 0.978750 0.000460
 0.000460 0.998141 0.000939 0.000460
 0.039242 0.000939 0.959360 0.000460
 0.000460 0.912522 0.086559 0.000460
 0.155600 0.552064 0.272486 0.019851
 0.000460 0.000939 0.000939 0.997662
 0.000460 0.000939 0.998141 0.000460
 0.000460 0.998141 0.000939 0.000460
 0.000460 0.000939 0.920578 0.078024
 0.000460 0.862393 0.000939 0.136209
 0.609758 0.233698 0.156085 0.000460

MOTIF 8-ACTCACCGC STREME-8
letter-probability matrix: alength= 4 w= 9 nsites= 72 E= 4.6e-001
 0.997045 0.001187 0.001187 0.000581
 0.025092 0.850423 0.099393 0.025092
 0.000581 0.037016 0.017902 0.944500
 0.000581 0.920581 0.053745 0.025092
 0.997045 0.001187 0.001187 0.000581
 0.000581 0.987483 0.001187 0.010749
 0.057668 0.817917 0.025697 0.098717
 0.078935 0.008517 0.813760 0.098788
 0.147879 0.711067 0.042336 0.098717

MOTIF 9-GGGGCGGGGA STREME-9
letter-probability matrix: alength= 4 w= 10 nsites= 212 E= 5.5e-001
 0.026907 0.026084 0.903393 0.043616
 0.029163 0.008162 0.944251 0.018424
 0.052725 0.000524 0.941083 0.005667
 0.007471 0.000524 0.902860 0.089145
 0.029138 0.946876 0.000524 0.023462
 0.034851 0.000524 0.936693 0.027932
 0.018424 0.036657 0.912190 0.032729
 0.000257 0.043782 0.948490 0.007471
 0.000257 0.000524 0.953748 0.045471
 0.641377 0.320146 0.000524 0.037953

MOTIF 10-CCGGAAGTGV STREME-10
letter-probability matrix: alength= 4 w= 10 nsites= 209 E= 5.9e-001
 0.083491 0.752894 0.163485 0.000131
 0.027510 0.972092 0.000267 0.000131
 0.000131 0.000267 0.999471 0.000131
 0.000131 0.000267 0.999471 0.000131
 0.999335 0.000267 0.000267 0.000131
 0.962499 0.037103 0.000267 0.000131
 0.088528 0.000267 0.911073 0.000131
 0.000131 0.028426 0.000267 0.971176
 0.105135 0.150956 0.644377 0.099531
 0.281553 0.314664 0.342909 0.060875

MOTIF 11-ACGTGRH STREME-11
letter-probability matrix: alength= 4 w= 7 nsites= 225 E= 6.7e-001
 0.997869 0.000856 0.000856 0.000419
 0.000419 0.998306 0.000856 0.000419
 0.000419 0.000856 0.998306 0.000419
 0.000419 0.000856 0.000856 0.997869
 0.024635 0.161502 0.751724 0.062139
 0.573759 0.000856 0.330957 0.094428
 0.253110 0.370652 0.024158 0.352079

MOTIF 12-CTGCAGCTCTTG STREME-12
letter-probability matrix: alength= 4 w= 12 nsites= 47 E= 9.6e+000
 0.000488 0.998026 0.000997 0.000488
 0.062266 0.000997 0.062775 0.873962
 0.000488 0.021590 0.977434 0.000488
 0.000488 0.956841 0.021590 0.021081
 0.750394 0.062788 0.000997 0.185821
 0.000488 0.042182 0.895064 0.062266
 0.082865 0.853872 0.062775 0.000488
 0.000488 0.248120 0.091909 0.659482
 0.000488 0.915656 0.042182 0.041673
 0.000488 0.309918 0.042182 0.647412
 0.082858 0.186330 0.227548 0.503264
 0.021081 0.042182 0.833286 0.103451

MOTIF 13-CGAGGCCCAG STREME-13
letter-probability matrix: alength= 4 w= 10 nsites= 103 E= 1.1e+001
 0.000282 0.845652 0.000576 0.153490
 0.091661 0.189682 0.632795 0.085862
 0.998566 0.000576 0.000576 0.000282
 0.000282 0.000576 0.986964 0.012178
 0.000282 0.000576 0.796498 0.202644
 0.000282 0.998860 0.000576 0.000282
 0.000282 0.801105 0.000576 0.198037
 0.012178 0.844141 0.012472 0.131209
 0.612475 0.277856 0.109387 0.000282
 0.012178 0.102219 0.861522 0.024081

MOTIF 14-GCAGGGGGCGSTGCD STREME-14
letter-probability matrix: alength= 4 w= 15 nsites= 32 E= 1.4e+001
 0.000787 0.067954 0.930473 0.000787
 0.033961 0.797777 0.167475 0.000787
 0.962827 0.034780 0.001606 0.000787
 0.033961 0.134301 0.830951 0.000787
 0.000787 0.101128 0.897299 0.000787
 0.199830 0.134301 0.665082 0.000787
 0.067134 0.001606 0.830951 0.100308
 0.000787 0.001606 0.963646 0.033961
 0.067134 0.897299 0.034780 0.000787
 0.000787 0.034780 0.963646 0.000787
 0.000787 0.665082 0.333344 0.000787
 0.000787 0.067954 0.167475 0.763784
 0.000787 0.001606 0.996820 0.000787
 0.100308 0.897299 0.001606 0.000787
 0.398872 0.134301 0.266997 0.199830

********************************************************************************
Stopped because 3 consecutive motifs exceeded the p-value threshold (0.05).
********************************************************************************
COMMAND:	streme --verbosity 1 --oc meme_out_incomplete_DL/HepG2_ELK4-human_ENCFF905ONX/streme_out -dna --seed 0 --p meme_out_incomplete_DL/HepG2_ELK4-human_ENCFF905ONX/seqs-centered --minw 6 --maxw 15 --time 6195 --order 2 --thresh 0.05 --align center --totallength 4000000 --parse-genomic-coord
********************************************************************************
CPU:		9f05ee173ae9
********************************************************************************
FINALTIME:	36.65 seconds
********************************************************************************
