********************************************************************************
STREME - Sensitive, Thorough, Rapid, Enriched Motif Elicitation
********************************************************************************
MEME version 5.5.3 (Release date: Sat Jun 10 16:19:38 2023 -0700)

For further information on how to interpret these results please access http://localhost:8080/meme_5.5.3.
To get a copy of the MEME Suite software please access https://meme-suite.org.

********************************************************************************


********************************************************************************
REFERENCE
********************************************************************************
If you use this program in your research, please cite:

Timothy L. Bailey,
"STREME: accurate and versatile sequence motif discovery",
Bioinformatics, Mar. 24, 2021.
********************************************************************************


ALPHABET= ACGT

strands: + -

Background letter frequencies
A 0.28 C 0.22 G 0.22 T 0.28 

MOTIF 1-NNHTRTTTACWYWDB STREME-1
letter-probability matrix: alength= 4 w= 15 nsites= 11528 E= 9.0e-176
 0.239398 0.322404 0.194747 0.243451
 0.305574 0.248044 0.186589 0.259792
 0.337514 0.200419 0.168065 0.294002
 0.000004 0.002299 0.000003 0.997694
 0.380441 0.000003 0.619552 0.000004
 0.000004 0.000003 0.000003 0.999990
 0.000004 0.000003 0.000003 0.999990
 0.000004 0.000003 0.158911 0.841082
 0.789344 0.000003 0.210649 0.000004
 0.000004 0.877542 0.000003 0.122451
 0.361059 0.136024 0.001247 0.501670
 0.062183 0.315643 0.116320 0.505854
 0.509197 0.000768 0.022276 0.467759
 0.229097 0.128937 0.410727 0.231238
 0.136602 0.302601 0.253641 0.307156

MOTIF 2-CAAAGKTCAN STREME-2
letter-probability matrix: alength= 4 w= 10 nsites= 4347 E= 1.6e-022
 0.000022 0.870631 0.030478 0.098869
 0.728655 0.188412 0.060949 0.021983
 0.834687 0.000017 0.126228 0.039068
 0.946446 0.004771 0.046054 0.002728
 0.000022 0.005293 0.994664 0.000022
 0.044037 0.007153 0.479474 0.469336
 0.047950 0.302823 0.040993 0.608235
 0.000650 0.920007 0.013469 0.065873
 0.911671 0.000633 0.059675 0.028021
 0.225367 0.273941 0.282161 0.218531

MOTIF 3-AAACAAACAV STREME-3
letter-probability matrix: alength= 4 w= 10 nsites= 3138 E= 1.6e-020
 0.799305 0.000029 0.200629 0.000037
 0.778288 0.000029 0.221647 0.000037
 0.719683 0.000029 0.280251 0.000037
 0.000037 0.705724 0.000029 0.294210
 0.999906 0.000029 0.000029 0.000037
 0.999906 0.000029 0.000029 0.000037
 0.999906 0.000029 0.000029 0.000037
 0.000037 0.727607 0.000029 0.272327
 0.996341 0.003594 0.000029 0.000037
 0.371233 0.197393 0.264272 0.167101

MOTIF 4-TGTAAACA STREME-4
letter-probability matrix: alength= 4 w= 8 nsites= 3831 E= 1.9e-017
 0.029049 0.011941 0.111921 0.847089
 0.006472 0.000152 0.993295 0.000081
 0.000081 0.060696 0.000064 0.939158
 0.836267 0.163475 0.000064 0.000194
 0.745387 0.252571 0.000088 0.001955
 0.989351 0.002599 0.000226 0.007824
 0.000081 0.902265 0.002785 0.094869
 0.939721 0.000882 0.017988 0.041409

MOTIF 5-RTTRCGYAAY STREME-5
letter-probability matrix: alength= 4 w= 10 nsites= 1792 E= 2.5e-011
 0.499858 0.124302 0.353031 0.022809
 0.000059 0.006627 0.001808 0.991506
 0.003706 0.000046 0.112167 0.884080
 0.413583 0.000046 0.500490 0.085880
 0.064968 0.654212 0.053126 0.227694
 0.227694 0.053126 0.654212 0.064968
 0.085880 0.500490 0.000046 0.413583
 0.884080 0.112167 0.000046 0.003706
 0.991506 0.001808 0.006627 0.000059
 0.022809 0.353031 0.124302 0.499858

MOTIF 6-CCCCWCCCCC STREME-6
letter-probability matrix: alength= 4 w= 10 nsites= 1106 E= 1.9e-008
 0.007137 0.954635 0.000061 0.038167
 0.000077 0.980515 0.019330 0.000077
 0.000077 0.979862 0.019983 0.000077
 0.046085 0.906823 0.014958 0.032134
 0.347839 0.000061 0.135862 0.516238
 0.011855 0.960087 0.017455 0.010604
 0.000077 0.978254 0.021592 0.000077
 0.005557 0.915782 0.003057 0.075604
 0.046759 0.859324 0.024591 0.069325
 0.076539 0.820423 0.042744 0.060294

MOTIF 7-ATGASTCAT STREME-7
letter-probability matrix: alength= 4 w= 9 nsites= 937 E= 1.8e-007
 0.507721 0.244081 0.235386 0.012812
 0.000112 0.008383 0.002233 0.989271
 0.011308 0.008300 0.944006 0.036386
 0.981489 0.006277 0.012122 0.000112
 0.007628 0.492372 0.492372 0.007628
 0.000112 0.012122 0.006277 0.981489
 0.036386 0.944006 0.008300 0.011308
 0.989271 0.002233 0.008383 0.000112
 0.012812 0.235386 0.244081 0.507721

MOTIF 8-YAAATATTTR STREME-8
letter-probability matrix: alength= 4 w= 10 nsites= 575 E= 1.9e-007
 0.032265 0.497142 0.065951 0.404643
 0.817626 0.105737 0.000135 0.076502
 0.999558 0.000135 0.000135 0.000172
 0.982828 0.016865 0.000135 0.000172
 0.000172 0.100015 0.000135 0.899678
 0.899678 0.000135 0.100015 0.000172
 0.000172 0.000135 0.016865 0.982828
 0.000172 0.000135 0.000135 0.999558
 0.076502 0.000135 0.105737 0.817626
 0.404643 0.065951 0.497142 0.032265

MOTIF 9-AATCAWTAAC STREME-9
letter-probability matrix: alength= 4 w= 10 nsites= 854 E= 3.5e-006
 0.938409 0.000086 0.051181 0.010323
 0.975030 0.000086 0.000086 0.024798
 0.000109 0.027959 0.000086 0.971846
 0.061021 0.646239 0.197758 0.094982
 0.938472 0.000086 0.049991 0.011450
 0.367824 0.032995 0.000086 0.599095
 0.000109 0.028919 0.000086 0.970886
 0.930003 0.023902 0.020591 0.025505
 0.754532 0.032774 0.206607 0.006087
 0.076620 0.788766 0.059609 0.075005

MOTIF 10-AGATCAAAGR STREME-10
letter-probability matrix: alength= 4 w= 10 nsites= 1598 E= 1.1e-005
 0.786113 0.022203 0.130019 0.061665
 0.000084 0.219025 0.780806 0.000084
 0.621237 0.000066 0.075537 0.303160
 0.056882 0.070311 0.000066 0.872741
 0.016941 0.795786 0.187188 0.000084
 0.997692 0.000066 0.002157 0.000084
 0.999783 0.000066 0.000066 0.000084
 0.973499 0.000066 0.004631 0.021803
 0.000084 0.057884 0.941947 0.000084
 0.245513 0.179598 0.431556 0.143332

MOTIF 11-GTKTACTTAR STREME-11
letter-probability matrix: alength= 4 w= 10 nsites= 490 E= 1.4e-005
 0.230226 0.000150 0.769435 0.000190
 0.000190 0.036410 0.000150 0.963250
 0.000190 0.000150 0.379961 0.619699
 0.000190 0.000150 0.014276 0.985385
 0.999511 0.000150 0.000150 0.000190
 0.000190 0.999470 0.000150 0.000190
 0.000190 0.102530 0.026345 0.870935
 0.000190 0.225108 0.000150 0.774553
 0.733902 0.018984 0.000150 0.246964
 0.294510 0.201800 0.503501 0.000190

MOTIF 12-CCTGTAATCCCAGC STREME-12
letter-probability matrix: alength= 4 w= 14 nsites= 163 E= 5.5e-005
 0.000251 0.822782 0.043682 0.133285
 0.006463 0.955816 0.000197 0.037524
 0.006463 0.027624 0.000197 0.965715
 0.155555 0.025046 0.800512 0.018887
 0.000251 0.000197 0.000197 0.999355
 0.993142 0.006409 0.000197 0.000251
 0.878745 0.012622 0.108382 0.000251
 0.000251 0.093380 0.008988 0.897382
 0.000251 0.955816 0.012622 0.031312
 0.000251 0.930967 0.000197 0.068585
 0.006463 0.806724 0.000197 0.186616
 0.968294 0.000197 0.031258 0.000251
 0.099646 0.000197 0.899906 0.000251
 0.012675 0.943392 0.018834 0.025100

MOTIF 13-AAAAAAAAAAAAAA STREME-13
letter-probability matrix: alength= 4 w= 14 nsites= 321 E= 2.5e-004
 0.944167 0.000167 0.006797 0.048868
 0.999453 0.000167 0.000167 0.000213
 0.987344 0.000167 0.012276 0.000213
 0.847313 0.000167 0.141769 0.010750
 0.937254 0.000167 0.062366 0.000213
 0.999453 0.000167 0.000167 0.000213
 0.932915 0.014710 0.005408 0.046968
 0.991603 0.000167 0.000167 0.008063
 0.891889 0.107731 0.000167 0.000213
 0.971277 0.000167 0.000167 0.028388
 0.982723 0.000167 0.016897 0.000213
 0.903495 0.000167 0.096125 0.000213
 0.985406 0.000167 0.014214 0.000213
 0.893273 0.000167 0.083791 0.022768

MOTIF 14-MCAGGAAGY STREME-14
letter-probability matrix: alength= 4 w= 9 nsites= 1258 E= 4.4e-004
 0.304566 0.483013 0.212258 0.000163
 0.000163 0.772579 0.227094 0.000163
 0.796201 0.144512 0.059125 0.000163
 0.000163 0.030674 0.969000 0.000163
 0.000163 0.000128 0.999546 0.000163
 0.999580 0.000128 0.000128 0.000163
 0.999580 0.000128 0.000128 0.000163
 0.061435 0.000128 0.938274 0.000163
 0.074910 0.506289 0.000128 0.418672

MOTIF 15-AAGTTAAACATTAAC STREME-15
letter-probability matrix: alength= 4 w= 15 nsites= 240 E= 8.0e-004
 0.606876 0.028940 0.065981 0.298202
 0.740286 0.037172 0.103022 0.119520
 0.070132 0.000131 0.904877 0.024860
 0.000166 0.004246 0.008362 0.987225
 0.024860 0.061866 0.024825 0.888450
 0.941953 0.008362 0.049519 0.000166
 0.783850 0.145887 0.004246 0.066017
 0.871987 0.000131 0.037172 0.090711
 0.207657 0.499834 0.152410 0.140099
 0.785558 0.012478 0.037172 0.164793
 0.053670 0.012478 0.145887 0.787966
 0.177140 0.024825 0.000131 0.797905
 0.658672 0.156526 0.114670 0.070132
 0.843177 0.033056 0.103022 0.020744
 0.108882 0.824971 0.000131 0.066017

MOTIF 16-CCAGGCTGGAGTGCA STREME-16
letter-probability matrix: alength= 4 w= 15 nsites= 203 E= 8.8e-004
 0.016511 0.923362 0.005603 0.054525
 0.021941 0.901640 0.005603 0.070816
 0.955992 0.005603 0.021895 0.016511
 0.011080 0.016464 0.972236 0.000219
 0.065386 0.005603 0.928792 0.000219
 0.005650 0.934223 0.016464 0.043663
 0.005650 0.043617 0.016464 0.934270
 0.114260 0.000172 0.885348 0.000219
 0.043663 0.043617 0.901640 0.011080
 0.966853 0.005603 0.016464 0.011080
 0.141413 0.011033 0.836473 0.011080
 0.005650 0.021895 0.016464 0.955992
 0.103399 0.032756 0.858195 0.005650
 0.011080 0.912501 0.016464 0.059955
 0.972283 0.011033 0.016464 0.000219

MOTIF 17-CRTGAGCCACYGCGC STREME-17
letter-probability matrix: alength= 4 w= 15 nsites= 137 E= 8.8e-004
 0.000339 0.814406 0.000267 0.184989
 0.394819 0.008660 0.587790 0.008732
 0.042305 0.033839 0.017053 0.906803
 0.033912 0.000267 0.965483 0.000339
 0.973948 0.025446 0.000267 0.000339
 0.042305 0.000267 0.957090 0.000339
 0.042305 0.957090 0.000267 0.000339
 0.000339 0.982269 0.008660 0.008732
 0.940376 0.025446 0.033839 0.000339
 0.000339 0.965483 0.008660 0.025518
 0.033912 0.529037 0.025446 0.411605
 0.210169 0.008660 0.780833 0.000339
 0.025518 0.654935 0.017053 0.302494
 0.252135 0.000267 0.713687 0.033912
 0.008732 0.889944 0.017053 0.084271

MOTIF 18-ACACACACACACA STREME-18
letter-probability matrix: alength= 4 w= 13 nsites= 288 E= 1.2e-003
 0.991753 0.000237 0.007708 0.000302
 0.000302 0.916924 0.019065 0.063710
 0.851475 0.000237 0.140516 0.007772
 0.000302 0.883414 0.064443 0.051842
 0.986599 0.000237 0.012862 0.000302
 0.017954 0.870690 0.019418 0.091938
 0.857646 0.011443 0.130609 0.000302
 0.007772 0.920660 0.000237 0.071331
 0.921386 0.000237 0.067471 0.010906
 0.000302 0.983859 0.015538 0.000302
 0.651904 0.071571 0.239291 0.037234
 0.000302 0.983478 0.015918 0.000302
 0.960574 0.000237 0.038888 0.000302

MOTIF 19-GCAAACA STREME-19
letter-probability matrix: alength= 4 w= 7 nsites= 501 E= 4.3e-003
 0.025445 0.020009 0.929100 0.025445
 0.025445 0.929100 0.020009 0.025445
 0.934536 0.020009 0.020009 0.025445
 0.934536 0.020009 0.020009 0.025445
 0.934536 0.020009 0.020009 0.025445
 0.025445 0.929100 0.020009 0.025445
 0.934536 0.020009 0.020009 0.025445

MOTIF 20-AGATAA STREME-20
letter-probability matrix: alength= 4 w= 6 nsites= 2306 E= 4.5e-003
 0.934536 0.020009 0.020009 0.025445
 0.025445 0.020009 0.929100 0.025445
 0.934536 0.020009 0.020009 0.025445
 0.025445 0.020009 0.020009 0.934536
 0.934536 0.020009 0.020009 0.025445
 0.934536 0.020009 0.020009 0.025445

MOTIF 21-CCATTGCTGAGGCTT STREME-21
letter-probability matrix: alength= 4 w= 15 nsites= 159 E= 7.0e-003
 0.007070 0.958459 0.007012 0.027459
 0.013867 0.972051 0.000216 0.013867
 0.999294 0.000216 0.000216 0.000274
 0.013867 0.007012 0.000216 0.978906
 0.013867 0.007012 0.007012 0.972110
 0.258524 0.013808 0.727393 0.000274
 0.000274 0.985643 0.007012 0.007070
 0.000274 0.000216 0.000216 0.999294
 0.013867 0.007012 0.972051 0.007070
 0.978906 0.007012 0.013808 0.000274
 0.013867 0.020604 0.965255 0.000274
 0.027459 0.007012 0.965255 0.000274
 0.000274 0.951663 0.013808 0.034255
 0.007070 0.000216 0.007012 0.985702
 0.013867 0.013808 0.007012 0.965314

MOTIF 22-GTGGGCTCCACCCA STREME-22
letter-probability matrix: alength= 4 w= 14 nsites= 136 E= 1.4e-002
 0.009620 0.018787 0.971219 0.000373
 0.009620 0.000294 0.009541 0.980546
 0.028114 0.009541 0.952725 0.009620
 0.037361 0.000294 0.934231 0.028114
 0.074349 0.000294 0.915737 0.009620
 0.037361 0.934231 0.009541 0.018867
 0.000373 0.028034 0.000294 0.971299
 0.000373 0.989713 0.000294 0.009620
 0.000373 0.980466 0.009541 0.009620
 0.675398 0.000294 0.286948 0.037361
 0.009620 0.971219 0.000294 0.018867
 0.000373 0.998960 0.000294 0.000373
 0.009620 0.971219 0.000294 0.018867
 0.980546 0.018787 0.000294 0.000373

MOTIF 23-YTRTTTAAAYAR STREME-23
letter-probability matrix: alength= 4 w= 12 nsites= 296 E= 1.8e-002
 0.031176 0.492739 0.080612 0.395473
 0.007760 0.000160 0.000160 0.991920
 0.451455 0.045993 0.502349 0.000203
 0.000203 0.000160 0.059430 0.940206
 0.000203 0.013800 0.000160 0.985837
 0.000203 0.181590 0.060064 0.758143
 0.758143 0.060064 0.181590 0.000203
 0.985837 0.000160 0.013800 0.000203
 0.940206 0.059430 0.000160 0.000203
 0.000203 0.502349 0.045993 0.451455
 0.991920 0.000160 0.000160 0.007760
 0.395473 0.080612 0.492739 0.031176

MOTIF 24-CAAAGTCCA STREME-24
letter-probability matrix: alength= 4 w= 9 nsites= 321 E= 2.1e-002
 0.000406 0.964832 0.024310 0.010453
 0.904027 0.010366 0.004489 0.081119
 0.998956 0.000319 0.000319 0.000406
 0.941614 0.008734 0.028819 0.020833
 0.000406 0.000319 0.698950 0.300325
 0.010453 0.000319 0.000319 0.988909
 0.000406 0.988823 0.000319 0.010453
 0.054173 0.914962 0.000319 0.030546
 0.603325 0.153809 0.000319 0.242547

MOTIF 25-GACCTTGRCC STREME-25
letter-probability matrix: alength= 4 w= 10 nsites= 946 E= 2.6e-002
 0.001437 0.108635 0.864190 0.025738
 0.783240 0.008787 0.048687 0.159286
 0.000080 0.996441 0.000063 0.003415
 0.005096 0.778487 0.056138 0.160280
 0.031647 0.140104 0.033717 0.794531
 0.025317 0.165211 0.111649 0.697824
 0.017196 0.013823 0.965193 0.003788
 0.306271 0.115814 0.462291 0.115624
 0.209296 0.697460 0.019493 0.073751
 0.002403 0.854917 0.075121 0.067559

MOTIF 26-AAAATCAACA STREME-26
letter-probability matrix: alength= 4 w= 10 nsites= 205 E= 1.1e-001
 0.887795 0.000454 0.000454 0.111297
 0.980209 0.000454 0.000454 0.018882
 0.847211 0.000454 0.075228 0.077106
 0.998514 0.000454 0.000454 0.000578
 0.000578 0.000454 0.000454 0.998514
 0.000578 0.998390 0.000454 0.000578
 0.990781 0.000454 0.008187 0.000578
 0.997288 0.000454 0.000454 0.001803
 0.000578 0.736506 0.000454 0.262462
 0.990781 0.000454 0.008187 0.000578

MOTIF 27-ACAGAGYGAGACY STREME-27
letter-probability matrix: alength= 4 w= 13 nsites= 142 E= 1.2e-001
 0.941437 0.023614 0.023614 0.011336
 0.000315 0.967968 0.000247 0.031470
 0.975824 0.008036 0.015825 0.000315
 0.031470 0.000247 0.874503 0.093780
 0.968036 0.008036 0.008036 0.015892
 0.054836 0.000247 0.936813 0.008103
 0.000315 0.419519 0.062558 0.517608
 0.217078 0.000247 0.774572 0.008103
 0.983613 0.015825 0.000247 0.000315
 0.008103 0.000247 0.991335 0.000315
 0.968036 0.000247 0.008036 0.023681
 0.008103 0.921236 0.008036 0.062625
 0.031470 0.517541 0.008036 0.442953

MOTIF 28-CCACTAGRKGGC STREME-28
letter-probability matrix: alength= 4 w= 12 nsites= 251 E= 1.2e-001
 0.012474 0.962614 0.000130 0.024782
 0.000166 0.966717 0.004233 0.028885
 0.899406 0.000130 0.049363 0.051101
 0.012474 0.724583 0.160324 0.102619
 0.027000 0.246548 0.016541 0.709911
 0.995471 0.004233 0.000130 0.000166
 0.000166 0.000130 0.999538 0.000166
 0.546029 0.000130 0.453675 0.000166
 0.032987 0.038757 0.448923 0.479332
 0.000166 0.000130 0.995436 0.004268
 0.012474 0.073979 0.778523 0.135024
 0.135240 0.691568 0.000130 0.173062

MOTIF 29-CCACGTGGY STREME-29
letter-probability matrix: alength= 4 w= 9 nsites= 448 E= 1.3e-001
 0.174864 0.574093 0.150101 0.100943
 0.125349 0.790074 0.084355 0.000222
 0.693956 0.107325 0.025463 0.173255
 0.000222 0.999381 0.000175 0.000222
 0.000222 0.000175 0.999381 0.000222
 0.011629 0.063070 0.000175 0.925126
 0.085636 0.061809 0.852333 0.000222
 0.194825 0.000175 0.804779 0.000222
 0.085186 0.343382 0.049987 0.521445

MOTIF 30-AGGTCA STREME-30
letter-probability matrix: alength= 4 w= 6 nsites= 1992 E= 1.3e-001
 0.934536 0.020009 0.020009 0.025445
 0.025445 0.020009 0.929100 0.025445
 0.025445 0.020009 0.929100 0.025445
 0.025445 0.020009 0.020009 0.934536
 0.025445 0.929100 0.020009 0.025445
 0.934536 0.020009 0.020009 0.025445

MOTIF 31-TCAAGGCCA STREME-31
letter-probability matrix: alength= 4 w= 9 nsites= 90 E= 2.1e-001
 0.025445 0.020009 0.020009 0.934536
 0.025445 0.929100 0.020009 0.025445
 0.934536 0.020009 0.020009 0.025445
 0.934536 0.020009 0.020009 0.025445
 0.025445 0.020009 0.929100 0.025445
 0.025445 0.020009 0.929100 0.025445
 0.025445 0.929100 0.020009 0.025445
 0.025445 0.929100 0.020009 0.025445
 0.934536 0.020009 0.020009 0.025445

MOTIF 32-AAAACCGCCTACTC STREME-32
letter-probability matrix: alength= 4 w= 14 nsites= 91 E= 2.2e-001
 0.911361 0.000396 0.075261 0.012981
 0.948794 0.000396 0.050306 0.000504
 0.986226 0.000396 0.000396 0.012981
 0.986226 0.012874 0.000396 0.000504
 0.000504 0.948686 0.000396 0.050414
 0.012981 0.699136 0.000396 0.287486
 0.237576 0.000396 0.749046 0.012981
 0.000504 0.998596 0.000396 0.000504
 0.012981 0.948686 0.000396 0.037936
 0.000504 0.000396 0.000396 0.998704
 0.973749 0.000396 0.025351 0.000504
 0.000504 0.923731 0.000396 0.075369
 0.000504 0.000396 0.025351 0.973749
 0.000504 0.873821 0.100216 0.025459

MOTIF 33-TGGAACACAGCCAY STREME-33
letter-probability matrix: alength= 4 w= 14 nsites= 77 E= 4.4e-001
 0.000607 0.030525 0.000477 0.968391
 0.090752 0.015501 0.878116 0.015631
 0.015631 0.015501 0.968261 0.000607
 0.908294 0.015501 0.075598 0.000607
 0.826937 0.015501 0.090622 0.066939
 0.000607 0.863092 0.015501 0.120800
 0.818149 0.045550 0.135695 0.000607
 0.000607 0.983285 0.000477 0.015631
 0.833173 0.060574 0.090622 0.015631
 0.030655 0.000477 0.968261 0.000607
 0.105776 0.712850 0.090622 0.090752
 0.000607 0.983285 0.000477 0.015631
 0.803125 0.015501 0.105646 0.075728
 0.090752 0.451203 0.000477 0.457568

MOTIF 34-GCCTCTCTAGATTCC STREME-34
letter-probability matrix: alength= 4 w= 15 nsites= 79 E= 4.4e-001
 0.000568 0.028558 0.970307 0.000568
 0.014624 0.928139 0.000446 0.056791
 0.000568 0.956251 0.028558 0.014624
 0.028679 0.000446 0.000446 0.970428
 0.000568 0.942195 0.000446 0.056791
 0.014624 0.000446 0.000446 0.984484
 0.155183 0.647020 0.197230 0.000568
 0.000568 0.028558 0.000446 0.970428
 0.956372 0.014502 0.028558 0.000568
 0.014624 0.014502 0.970307 0.000568
 0.900148 0.000446 0.084782 0.014624
 0.000568 0.211286 0.000446 0.787701
 0.000568 0.028558 0.028558 0.942316
 0.014624 0.942195 0.014502 0.028679
 0.000568 0.998418 0.000446 0.000568

MOTIF 35-CCTCAGCCTCCCAAR STREME-35
letter-probability matrix: alength= 4 w= 15 nsites= 93 E= 6.0e-001
 0.025646 0.935740 0.000399 0.038215
 0.000508 0.973447 0.025538 0.000508
 0.013077 0.025538 0.012968 0.948417
 0.050785 0.935740 0.012968 0.000508
 0.830077 0.055893 0.113522 0.000508
 0.013077 0.000399 0.960878 0.025646
 0.025646 0.898032 0.012968 0.063354
 0.013077 0.847755 0.012968 0.126200
 0.000508 0.012968 0.000399 0.986125
 0.000508 0.948309 0.000399 0.050785
 0.000508 0.935740 0.025538 0.038215
 0.038215 0.822616 0.025538 0.113631
 0.659325 0.063245 0.251784 0.025646
 0.885571 0.012968 0.100953 0.000508
 0.365016 0.025538 0.558662 0.050785

MOTIF 36-GATGATGAAA STREME-36
letter-probability matrix: alength= 4 w= 10 nsites= 294 E= 6.5e-001
 0.034785 0.113081 0.840281 0.011853
 0.855477 0.050769 0.072977 0.020777
 0.039215 0.000362 0.004880 0.955543
 0.002007 0.002186 0.977795 0.018012
 0.872116 0.010615 0.053611 0.063658
 0.041110 0.003775 0.114624 0.840491
 0.005891 0.000362 0.990187 0.003560
 0.988205 0.007285 0.000950 0.003560
 0.905136 0.031448 0.024716 0.038700
 0.959029 0.000884 0.033469 0.006619

MOTIF 37-GAATGAATGAA STREME-37
letter-probability matrix: alength= 4 w= 11 nsites= 147 E= 7.5e-001
 0.000462 0.000363 0.998713 0.000462
 0.950774 0.029584 0.019179 0.000462
 0.959340 0.039835 0.000363 0.000462
 0.000462 0.034686 0.044267 0.920585
 0.000462 0.024870 0.974206 0.000462
 0.932326 0.046126 0.021086 0.000462
 0.998811 0.000363 0.000363 0.000462
 0.000462 0.014178 0.050539 0.934821
 0.029683 0.021086 0.891565 0.057666
 0.826246 0.069008 0.083562 0.021184
 0.884404 0.000363 0.103330 0.011903

MOTIF 38-CCTTGCTGAGCTGC STREME-38
letter-probability matrix: alength= 4 w= 14 nsites= 110 E= 8.7e-001
 0.000456 0.964854 0.000359 0.034332
 0.000456 0.897103 0.000359 0.102083
 0.011748 0.000359 0.011650 0.976243
 0.011748 0.011650 0.000359 0.976243
 0.023040 0.000359 0.976146 0.000456
 0.023040 0.942270 0.011650 0.023040
 0.034332 0.022942 0.022942 0.919784
 0.023040 0.022942 0.953562 0.000456
 0.953659 0.022942 0.011650 0.011748
 0.011748 0.000359 0.987438 0.000456
 0.034332 0.942270 0.000359 0.023040
 0.000456 0.011650 0.000359 0.987535
 0.023040 0.000359 0.976146 0.000456
 0.011748 0.813373 0.005045 0.169834

MOTIF 39-GAGAGAGAGAGAGA STREME-39
letter-probability matrix: alength= 4 w= 14 nsites= 89 E= 8.7e-001
 0.000572 0.000450 0.998406 0.000572
 0.956017 0.000450 0.000450 0.043083
 0.128105 0.020501 0.850822 0.000572
 0.785974 0.000450 0.213004 0.000572
 0.000572 0.000450 0.998406 0.000572
 0.956017 0.042961 0.000450 0.000572
 0.071424 0.099642 0.828363 0.000572
 0.927677 0.000450 0.057131 0.014742
 0.014742 0.113812 0.870873 0.000572
 0.913506 0.014620 0.071301 0.000572
 0.014742 0.000450 0.984235 0.000572
 0.899336 0.000450 0.099642 0.000572
 0.005243 0.000450 0.993735 0.000572
 0.890288 0.099642 0.000450 0.009620

MOTIF 40-AACTCCTGGGCTCAA STREME-40
letter-probability matrix: alength= 4 w= 15 nsites= 61 E= 8.7e-001
 0.961143 0.000586 0.037525 0.000746
 0.776451 0.203747 0.019056 0.000746
 0.074623 0.868638 0.037525 0.019215
 0.019215 0.000586 0.019056 0.961143
 0.000746 0.905576 0.000586 0.093092
 0.000746 0.960984 0.037525 0.000746
 0.000746 0.111402 0.000586 0.887266
 0.019215 0.019056 0.942514 0.019215
 0.130030 0.019056 0.850169 0.000746
 0.056153 0.148340 0.794761 0.000746
 0.000746 0.831699 0.000586 0.166968
 0.000746 0.019056 0.000586 0.979612
 0.000746 0.942514 0.055994 0.000746
 0.979612 0.019056 0.000586 0.000746
 0.868797 0.019056 0.092932 0.019215

MOTIF 41-CCCAGC STREME-41
letter-probability matrix: alength= 4 w= 6 nsites= 2322 E= 9.0e-001
 0.025445 0.929100 0.020009 0.025445
 0.025445 0.929100 0.020009 0.025445
 0.025445 0.929100 0.020009 0.025445
 0.934536 0.020009 0.020009 0.025445
 0.025445 0.020009 0.929100 0.025445
 0.025445 0.929100 0.020009 0.025445

MOTIF 42-AAACMAAACAAAAM STREME-42
letter-probability matrix: alength= 4 w= 14 nsites= 123 E= 1.1e+000
 0.982072 0.000271 0.000271 0.017387
 0.982072 0.000271 0.008792 0.008866
 0.736396 0.059921 0.186296 0.017387
 0.000344 0.813016 0.000271 0.186369
 0.437350 0.553514 0.000271 0.008866
 0.999115 0.000271 0.000271 0.000344
 0.990593 0.000271 0.000271 0.008866
 0.982072 0.017314 0.000271 0.000344
 0.000344 0.990520 0.000271 0.008866
 0.888335 0.102529 0.008792 0.000344
 0.816626 0.000271 0.131630 0.051473
 0.944449 0.029372 0.025835 0.000344
 0.691700 0.186296 0.012329 0.109676
 0.290075 0.505922 0.008792 0.195211

MOTIF 43-AGGGCAGAGA STREME-43
letter-probability matrix: alength= 4 w= 10 nsites= 44 E= 1.7e+000
 0.996031 0.001213 0.001213 0.001543
 0.001543 0.065316 0.931598 0.001543
 0.001543 0.001213 0.995702 0.001543
 0.001543 0.001213 0.995702 0.001543
 0.001543 0.995702 0.001213 0.001543
 0.881430 0.115815 0.001213 0.001543
 0.001543 0.001213 0.995702 0.001543
 0.975381 0.021863 0.001213 0.001543
 0.001543 0.001213 0.995702 0.001543
 0.996031 0.001213 0.001213 0.001543

MOTIF 44-CTTTGGGAGGC STREME-44
letter-probability matrix: alength= 4 w= 11 nsites= 27 E= 1.7e+000
 0.002400 0.993312 0.001888 0.002400
 0.002400 0.001888 0.001888 0.993824
 0.002400 0.001888 0.001888 0.993824
 0.002400 0.061332 0.001888 0.934380
 0.002400 0.061332 0.933867 0.002400
 0.002400 0.001888 0.993312 0.002400
 0.002400 0.001888 0.993312 0.002400
 0.993824 0.001888 0.001888 0.002400
 0.002400 0.001888 0.993312 0.002400
 0.002400 0.001888 0.993312 0.002400
 0.002400 0.993312 0.001888 0.002400

MOTIF 45-AGTCTGGCTACA STREME-45
letter-probability matrix: alength= 4 w= 12 nsites= 59 E= 1.7e+000
 0.997884 0.000647 0.000647 0.000823
 0.000823 0.041389 0.936594 0.021194
 0.000823 0.000647 0.000647 0.997884
 0.000823 0.977337 0.000647 0.021194
 0.021194 0.000647 0.000647 0.977513
 0.000823 0.000647 0.997708 0.000823
 0.021194 0.000647 0.956966 0.021194
 0.021194 0.977337 0.000647 0.000823
 0.000823 0.326586 0.000647 0.671945
 0.749505 0.106427 0.122874 0.021194
 0.000823 0.977337 0.000647 0.021194
 0.977513 0.000647 0.000647 0.021194

MOTIF 46-GATGTGCTTTGTTA STREME-46
letter-probability matrix: alength= 4 w= 14 nsites= 40 E= 1.7e+000
 0.067687 0.001053 0.929920 0.001340
 0.897032 0.067401 0.034227 0.001340
 0.001340 0.067401 0.001053 0.930206
 0.034513 0.034227 0.863572 0.067687
 0.001340 0.001053 0.001053 0.996554
 0.034513 0.001053 0.963094 0.001340
 0.001340 0.996267 0.001053 0.001340
 0.001340 0.034227 0.001053 0.963380
 0.001340 0.034227 0.034227 0.930206
 0.001340 0.001053 0.001053 0.996554
 0.034513 0.001053 0.963094 0.001340
 0.001340 0.034227 0.166922 0.797511
 0.001340 0.001053 0.001053 0.996554
 0.797511 0.133749 0.067401 0.001340

MOTIF 47-CTAAATCCATTAAAC STREME-47
letter-probability matrix: alength= 4 w= 15 nsites= 28 E= 1.7e+000
 0.001910 0.994679 0.001502 0.001910
 0.001910 0.001502 0.001502 0.995087
 0.900498 0.001502 0.001502 0.096498
 0.947793 0.001502 0.001502 0.049204
 0.947793 0.048796 0.001502 0.001910
 0.001910 0.048796 0.001502 0.947793
 0.049204 0.947385 0.001502 0.001910
 0.001910 0.947385 0.001502 0.049204
 0.853204 0.096090 0.048796 0.001910
 0.001910 0.048796 0.001502 0.947793
 0.001910 0.001502 0.001502 0.995087
 0.900498 0.001502 0.001502 0.096498
 0.995087 0.001502 0.001502 0.001910
 0.947793 0.001502 0.048796 0.001910
 0.001910 0.994679 0.001502 0.001910

MOTIF 48-CTCCTAGGCTACAAA STREME-48
letter-probability matrix: alength= 4 w= 15 nsites= 27 E= 1.7e+000
 0.001910 0.852796 0.001502 0.143792
 0.001910 0.001502 0.001502 0.995087
 0.001910 0.900090 0.048796 0.049204
 0.001910 0.947385 0.001502 0.049204
 0.001910 0.096090 0.001502 0.900498
 0.947793 0.001502 0.001502 0.049204
 0.001910 0.001502 0.994679 0.001910
 0.049204 0.001502 0.947385 0.001910
 0.001910 0.947385 0.001502 0.049204
 0.001910 0.001502 0.001502 0.995087
 0.947793 0.001502 0.048796 0.001910
 0.001910 0.900090 0.001502 0.096498
 0.947793 0.001502 0.048796 0.001910
 0.995087 0.001502 0.001502 0.001910
 0.900498 0.001502 0.096090 0.001910

MOTIF 49-CTCACTGCAGCCT STREME-49
letter-probability matrix: alength= 4 w= 13 nsites= 143 E= 1.8e+000
 0.003588 0.964335 0.000250 0.031828
 0.016073 0.008128 0.023882 0.951917
 0.000318 0.967604 0.016005 0.016073
 0.888898 0.008128 0.079024 0.023950
 0.023950 0.959727 0.000250 0.016073
 0.000318 0.023882 0.008128 0.967672
 0.055460 0.000250 0.936094 0.008196
 0.063337 0.883488 0.000250 0.052924
 0.810123 0.079024 0.023882 0.086970
 0.262578 0.008128 0.689589 0.039705
 0.023950 0.916081 0.000250 0.059718
 0.031828 0.948580 0.000250 0.019342
 0.016073 0.031760 0.039637 0.912530

MOTIF 50-CACATTCC STREME-50
letter-probability matrix: alength= 4 w= 8 nsites= 270 E= 1.9e+000
 0.025445 0.929100 0.020009 0.025445
 0.934536 0.020009 0.020009 0.025445
 0.025445 0.929100 0.020009 0.025445
 0.934536 0.020009 0.020009 0.025445
 0.025445 0.020009 0.020009 0.934536
 0.025445 0.020009 0.020009 0.934536
 0.025445 0.929100 0.020009 0.025445
 0.025445 0.929100 0.020009 0.025445

MOTIF 51-ATGGTATAGCC STREME-51
letter-probability matrix: alength= 4 w= 11 nsites= 65 E= 2.0e+000
 0.908234 0.018550 0.072489 0.000726
 0.018706 0.072489 0.018550 0.890255
 0.000726 0.072489 0.926059 0.000726
 0.010783 0.018550 0.933981 0.036685
 0.072644 0.018550 0.045520 0.863285
 0.962173 0.018550 0.018550 0.000726
 0.000726 0.108448 0.000571 0.890255
 0.854296 0.000571 0.072489 0.072644
 0.026168 0.000571 0.954556 0.018706
 0.000726 0.979997 0.000571 0.018706
 0.000726 0.926059 0.018550 0.054665

MOTIF 52-CCCTTCCCTCCC STREME-52
letter-probability matrix: alength= 4 w= 12 nsites= 1898 E= 2.1e+000
 0.045265 0.818328 0.057846 0.078562
 0.062248 0.810477 0.059512 0.067763
 0.062770 0.816884 0.050471 0.069874
 0.050944 0.080841 0.079696 0.788519
 0.057922 0.075585 0.071965 0.794527
 0.038949 0.862364 0.030345 0.068342
 0.054507 0.826615 0.054344 0.064533
 0.052351 0.817574 0.056305 0.073771
 0.076983 0.052570 0.108875 0.761572
 0.066214 0.747225 0.100282 0.086278
 0.053917 0.788320 0.073281 0.084481
 0.047528 0.816701 0.075954 0.059818

MOTIF 53-CTGTACAAACAGA STREME-53
letter-probability matrix: alength= 4 w= 13 nsites= 153 E= 3.2e+000
 0.077611 0.705949 0.000291 0.216148
 0.114326 0.000291 0.000291 0.885091
 0.050074 0.055364 0.660910 0.233651
 0.027907 0.120471 0.000291 0.851330
 0.870950 0.018242 0.000291 0.110517
 0.000371 0.998967 0.000291 0.000371
 0.989868 0.009470 0.000291 0.000371
 0.999046 0.000291 0.000291 0.000371
 0.999046 0.000291 0.000291 0.000371
 0.000371 0.878788 0.009470 0.111371
 0.989868 0.000291 0.000291 0.009549
 0.136494 0.179354 0.606542 0.077611
 0.622714 0.165511 0.055364 0.156411

MOTIF 54-GCCCTGCCCMCAGAG STREME-54
letter-probability matrix: alength= 4 w= 15 nsites= 57 E= 6.9e+000
 0.032833 0.000511 0.966006 0.000650
 0.016741 0.901640 0.048786 0.032833
 0.032833 0.901640 0.000511 0.065016
 0.016741 0.982098 0.000511 0.000650
 0.048925 0.016603 0.032694 0.901779
 0.032833 0.000511 0.966006 0.000650
 0.032833 0.966006 0.000511 0.000650
 0.016741 0.949915 0.016603 0.016741
 0.000650 0.982098 0.000511 0.016741
 0.322482 0.611991 0.000511 0.065016
 0.016741 0.676358 0.193610 0.113291
 0.853504 0.000511 0.097060 0.048925
 0.000650 0.080969 0.901640 0.016741
 0.901779 0.080969 0.016603 0.000650
 0.048925 0.016603 0.933823 0.000650

MOTIF 55-GCAAATA STREME-55
letter-probability matrix: alength= 4 w= 7 nsites= 405 E= 7.6e+000
 0.025445 0.020009 0.929100 0.025445
 0.025445 0.929100 0.020009 0.025445
 0.934536 0.020009 0.020009 0.025445
 0.934536 0.020009 0.020009 0.025445
 0.934536 0.020009 0.020009 0.025445
 0.025445 0.020009 0.020009 0.934536
 0.934536 0.020009 0.020009 0.025445

********************************************************************************
Stopped because 3 consecutive motifs exceeded the p-value threshold (0.05).
********************************************************************************
COMMAND:	streme --verbosity 1 --oc meme_out_incomplete_DL/HepG2_FOXA2-human_ENCFF129HWV/streme_out -dna --seed 0 --p meme_out_incomplete_DL/HepG2_FOXA2-human_ENCFF129HWV/seqs-centered --minw 6 --maxw 15 --time 6182 --order 2 --thresh 0.05 --align center --totallength 4000000 --parse-genomic-coord
********************************************************************************
CPU:		9f05ee173ae9
********************************************************************************
FINALTIME:	2153.64 seconds
********************************************************************************
