********************************************************************************
STREME - Sensitive, Thorough, Rapid, Enriched Motif Elicitation
********************************************************************************
MEME version 5.5.3 (Release date: Sat Jun 10 16:19:38 2023 -0700)

For further information on how to interpret these results please access http://localhost:8080/meme_5.5.3.
To get a copy of the MEME Suite software please access https://meme-suite.org.

********************************************************************************


********************************************************************************
REFERENCE
********************************************************************************
If you use this program in your research, please cite:

Timothy L. Bailey,
"STREME: accurate and versatile sequence motif discovery",
Bioinformatics, Mar. 24, 2021.
********************************************************************************


ALPHABET= ACGT

strands: + -

Background letter frequencies
A 0.176 C 0.324 G 0.324 T 0.176 

MOTIF 1-RCCGGAAGTGVS STREME-1
letter-probability matrix: alength= 4 w= 12 nsites= 3373 E= 8.3e-055
 0.473023 0.187476 0.298588 0.040912
 0.063138 0.762392 0.161680 0.012789
 0.238703 0.759297 0.001201 0.000799
 0.000010 0.000413 0.999567 0.000010
 0.000010 0.000018 0.999962 0.000010
 0.997982 0.000018 0.000018 0.001981
 0.969490 0.010114 0.000018 0.020378
 0.090274 0.008557 0.900764 0.000404
 0.014180 0.109193 0.012004 0.864622
 0.095425 0.135972 0.669797 0.098806
 0.326516 0.265578 0.337087 0.070819
 0.168881 0.427130 0.248638 0.155351

MOTIF 2-GCCCCGCCCCCY STREME-2
letter-probability matrix: alength= 4 w= 12 nsites= 1301 E= 6.3e-021
 0.034025 0.000049 0.895950 0.069976
 0.036808 0.855638 0.043868 0.063687
 0.025226 0.935605 0.000049 0.039120
 0.064764 0.921231 0.000049 0.013956
 0.000027 0.999332 0.000049 0.000592
 0.026781 0.000049 0.956365 0.016805
 0.004372 0.995553 0.000049 0.000027
 0.000027 0.999898 0.000049 0.000027
 0.006159 0.903323 0.000049 0.090469
 0.073888 0.891498 0.000049 0.034565
 0.049271 0.585578 0.105395 0.259756
 0.155603 0.224007 0.181298 0.439093

MOTIF 3-ACTACAWTTCCCAGM STREME-3
letter-probability matrix: alength= 4 w= 15 nsites= 575 E= 2.2e-017
 0.985189 0.007375 0.004954 0.002482
 0.007323 0.990082 0.000113 0.002482
 0.002482 0.014636 0.009795 0.973087
 0.953723 0.017056 0.019477 0.009743
 0.000062 0.990082 0.000113 0.009743
 0.905314 0.019477 0.070307 0.004902
 0.329244 0.109034 0.055784 0.505938
 0.053312 0.230057 0.082409 0.634222
 0.065414 0.029159 0.009795 0.895632
 0.000062 0.977980 0.000113 0.021846
 0.002482 0.985241 0.002534 0.009743
 0.000062 0.994923 0.000113 0.004902
 0.883530 0.004954 0.106613 0.004902
 0.060573 0.036420 0.835172 0.067834
 0.372813 0.406751 0.181648 0.038789

MOTIF 4-CCGGAAGCM STREME-4
letter-probability matrix: alength= 4 w= 9 nsites= 1667 E= 1.9e-013
 0.000065 0.999750 0.000120 0.000065
 0.168279 0.831536 0.000120 0.000065
 0.000065 0.000120 0.999750 0.000065
 0.000065 0.000120 0.999750 0.000065
 0.999695 0.000120 0.000120 0.000065
 0.999695 0.000120 0.000120 0.000065
 0.215223 0.020501 0.764210 0.000065
 0.076454 0.845245 0.078236 0.000065
 0.460074 0.233902 0.162324 0.143700

MOTIF 5-RRCCAATSR STREME-5
letter-probability matrix: alength= 4 w= 9 nsites= 769 E= 3.8e-011
 0.586432 0.059803 0.346779 0.006986
 0.347569 0.000108 0.579358 0.072965
 0.000059 0.999775 0.000108 0.000059
 0.000059 0.999775 0.000108 0.000059
 0.999725 0.000108 0.000108 0.000059
 0.999725 0.000108 0.000108 0.000059
 0.000059 0.000108 0.000108 0.999725
 0.106226 0.561198 0.320284 0.012292
 0.520380 0.000108 0.479453 0.000059

MOTIF 6-CAAGATGGCGGCSSC STREME-6
letter-probability matrix: alength= 4 w= 15 nsites= 323 E= 7.1e-010
 0.142189 0.610577 0.169329 0.077905
 0.972530 0.003542 0.023842 0.000086
 0.975914 0.000158 0.003542 0.020387
 0.150360 0.179479 0.643007 0.027153
 0.999598 0.000158 0.000158 0.000086
 0.000086 0.000158 0.000158 0.999598
 0.000086 0.000158 0.999670 0.000086
 0.000086 0.000158 0.992903 0.006853
 0.000086 0.992903 0.000158 0.006853
 0.033920 0.088127 0.766214 0.111739
 0.111739 0.081360 0.766214 0.040687
 0.077905 0.833882 0.013692 0.074521
 0.162490 0.265468 0.450153 0.121889
 0.138806 0.308049 0.448173 0.104972
 0.135423 0.559826 0.135495 0.169257

MOTIF 7-KGCGCATGCGCM STREME-7
letter-probability matrix: alength= 4 w= 12 nsites= 416 E= 1.6e-009
 0.015855 0.209346 0.259464 0.515335
 0.128473 0.000148 0.864990 0.006390
 0.025973 0.969067 0.004880 0.000080
 0.048445 0.000148 0.946595 0.004813
 0.000080 0.999692 0.000148 0.000080
 0.701858 0.184586 0.086600 0.026956
 0.026956 0.086600 0.184586 0.701858
 0.000080 0.000148 0.999692 0.000080
 0.004813 0.946595 0.000148 0.048445
 0.000080 0.004880 0.969067 0.025973
 0.006390 0.864990 0.000148 0.128473
 0.515335 0.259464 0.209346 0.015855

MOTIF 8-TSACGTSAC STREME-8
letter-probability matrix: alength= 4 w= 9 nsites= 721 E= 8.6e-009
 0.067559 0.223452 0.106618 0.602371
 0.037156 0.383883 0.427565 0.151396
 0.953455 0.000114 0.000114 0.046316
 0.000062 0.999761 0.000114 0.000062
 0.089482 0.000114 0.910341 0.000062
 0.000062 0.035698 0.000114 0.964125
 0.022671 0.510336 0.435920 0.031073
 0.999709 0.000114 0.000114 0.000062
 0.000062 0.747308 0.000114 0.252515

MOTIF 9-DCCCCRCCCC STREME-9
letter-probability matrix: alength= 4 w= 10 nsites= 1780 E= 3.2e-006
 0.320404 0.119964 0.315788 0.243845
 0.015115 0.971175 0.000111 0.013598
 0.019421 0.930277 0.000111 0.050191
 0.029640 0.970188 0.000111 0.000060
 0.000060 0.999768 0.000111 0.000060
 0.470864 0.000111 0.408156 0.120868
 0.046267 0.953562 0.000111 0.000060
 0.000060 0.999768 0.000111 0.000060
 0.000060 0.803201 0.000111 0.196627
 0.127950 0.670061 0.000111 0.201877

MOTIF 10-CGCCGCCGCCGCCGC STREME-10
letter-probability matrix: alength= 4 w= 15 nsites= 308 E= 5.4e-006
 0.080772 0.746809 0.076958 0.095461
 0.063956 0.005501 0.922943 0.007600
 0.022610 0.920834 0.000175 0.056381
 0.032615 0.922085 0.000175 0.045124
 0.027919 0.000175 0.971810 0.000095
 0.000095 0.922710 0.003928 0.073267
 0.104086 0.819492 0.041130 0.035292
 0.052629 0.000175 0.920833 0.026362
 0.003848 0.902071 0.000175 0.093906
 0.015105 0.891134 0.022690 0.071071
 0.097018 0.000175 0.895206 0.007600
 0.015105 0.962110 0.000175 0.022610
 0.002491 0.988160 0.000175 0.009174
 0.078896 0.015184 0.905825 0.000095
 0.015104 0.949353 0.000175 0.035367

MOTIF 11-CCATRGCAACSRS STREME-11
letter-probability matrix: alength= 4 w= 13 nsites= 241 E= 1.0e-004
 0.005086 0.823876 0.000232 0.170806
 0.000126 0.935043 0.000232 0.064599
 0.644015 0.177929 0.000232 0.177824
 0.034842 0.059746 0.000232 0.905180
 0.396041 0.000232 0.603601 0.000126
 0.000126 0.000232 0.994557 0.005086
 0.029883 0.850731 0.000232 0.119154
 0.833689 0.025029 0.111398 0.029883
 0.994451 0.000232 0.005191 0.000126
 0.000126 0.979678 0.000232 0.019964
 0.188587 0.492435 0.279177 0.039802
 0.292736 0.163895 0.474654 0.068715
 0.148911 0.455661 0.276275 0.119154

MOTIF 12-AGGAAGRGGAGGG STREME-12
letter-probability matrix: alength= 4 w= 13 nsites= 346 E= 1.2e-003
 0.689627 0.233006 0.077274 0.000093
 0.000093 0.000171 0.999644 0.000093
 0.000093 0.003822 0.995993 0.000093
 0.995915 0.000171 0.000171 0.003744
 0.949301 0.000171 0.050435 0.000093
 0.020172 0.000171 0.979565 0.000093
 0.632528 0.000171 0.367209 0.000093
 0.000093 0.022077 0.977738 0.000093
 0.068284 0.011124 0.920500 0.000093
 0.693228 0.243740 0.000171 0.062862
 0.271224 0.060101 0.615953 0.052721
 0.040252 0.007473 0.899554 0.052721
 0.251954 0.133200 0.528306 0.086539

MOTIF 13-GCWGCWGCWGC STREME-13
letter-probability matrix: alength= 4 w= 11 nsites= 567 E= 7.5e-002
 0.076251 0.035091 0.843987 0.044671
 0.009418 0.735747 0.012240 0.242595
 0.300600 0.047651 0.095994 0.555755
 0.130342 0.067001 0.789535 0.013122
 0.000070 0.927804 0.000128 0.071998
 0.499872 0.000128 0.000128 0.499872
 0.071998 0.000128 0.927804 0.000070
 0.013122 0.789535 0.067001 0.130342
 0.555755 0.095994 0.047651 0.300600
 0.242595 0.012240 0.735747 0.009418
 0.044671 0.843987 0.035091 0.076251

MOTIF 14-CCCGCCCC STREME-14
letter-probability matrix: alength= 4 w= 8 nsites= 951 E= 1.1e-001
 0.000583 0.997760 0.001073 0.000583
 0.168296 0.830047 0.001073 0.000583
 0.000583 0.997760 0.001073 0.000583
 0.000583 0.001073 0.997760 0.000583
 0.223156 0.775188 0.001073 0.000583
 0.000583 0.997760 0.001073 0.000583
 0.000583 0.997760 0.001073 0.000583
 0.000583 0.997760 0.001073 0.000583

MOTIF 15-ACTCACC STREME-15
letter-probability matrix: alength= 4 w= 7 nsites= 289 E= 1.2e-001
 0.925100 0.029445 0.029445 0.016009
 0.016009 0.938536 0.029445 0.016009
 0.016009 0.029445 0.029445 0.925100
 0.016009 0.938536 0.029445 0.016009
 0.925100 0.029445 0.029445 0.016009
 0.016009 0.938536 0.029445 0.016009
 0.016009 0.938536 0.029445 0.016009

MOTIF 16-AAACAAAG STREME-16
letter-probability matrix: alength= 4 w= 8 nsites= 505 E= 2.5e-001
 0.976517 0.013671 0.000673 0.009139
 0.658042 0.000673 0.294144 0.047141
 0.958137 0.029423 0.000673 0.011767
 0.000366 0.929240 0.000673 0.069721
 0.964902 0.006413 0.005866 0.022819
 0.998166 0.000673 0.000673 0.000488
 0.955662 0.002497 0.000673 0.041168
 0.161789 0.128265 0.649663 0.060283

MOTIF 17-ACCATAGAGA STREME-17
letter-probability matrix: alength= 4 w= 10 nsites= 123 E= 2.7e-001
 0.973483 0.004615 0.011649 0.010252
 0.000254 0.799080 0.010462 0.190203
 0.000254 0.989027 0.000467 0.010252
 0.910537 0.074599 0.004615 0.010249
 0.055571 0.199315 0.000467 0.744647
 0.772284 0.226995 0.000467 0.000254
 0.000254 0.000467 0.999024 0.000254
 0.998811 0.000467 0.000467 0.000254
 0.000254 0.000467 0.999024 0.000254
 0.711043 0.075849 0.034602 0.178506

MOTIF 18-AGGAGGCGGWGSC STREME-18
letter-probability matrix: alength= 4 w= 13 nsites= 483 E= 2.8e-001
 0.751822 0.026406 0.167322 0.054450
 0.035935 0.081660 0.855014 0.027391
 0.021669 0.022513 0.935733 0.020085
 0.807347 0.101185 0.042506 0.048963
 0.008596 0.067499 0.911625 0.012280
 0.045733 0.016399 0.927627 0.010242
 0.066887 0.813897 0.023019 0.096197
 0.013517 0.044130 0.889125 0.053227
 0.055077 0.028453 0.872776 0.043695
 0.261279 0.093004 0.169284 0.476434
 0.150377 0.070941 0.735334 0.043348
 0.068731 0.527883 0.403334 0.000052
 0.014778 0.779189 0.065617 0.140415

MOTIF 19-ACATCCGGGY STREME-19
letter-probability matrix: alength= 4 w= 10 nsites= 121 E= 4.9e-001
 0.894728 0.000600 0.104345 0.000326
 0.000326 0.960229 0.000600 0.038845
 0.947111 0.000600 0.000600 0.051688
 0.038848 0.000600 0.000600 0.959951
 0.000326 0.998747 0.000600 0.000326
 0.013161 0.973072 0.000600 0.013167
 0.036147 0.031604 0.931922 0.000326
 0.000326 0.000600 0.998747 0.000326
 0.000326 0.000600 0.960225 0.038848
 0.080615 0.286916 0.200994 0.431474

MOTIF 20-TGAKTGACA STREME-20
letter-probability matrix: alength= 4 w= 9 nsites= 58 E= 7.8e-001
 0.000901 0.001656 0.001656 0.995787
 0.000901 0.001656 0.996542 0.000901
 0.995787 0.001656 0.001656 0.000901
 0.000901 0.001656 0.476822 0.520621
 0.000901 0.001656 0.001656 0.995787
 0.000901 0.001656 0.996542 0.000901
 0.995787 0.001656 0.001656 0.000901
 0.000901 0.993247 0.001656 0.004196
 0.995787 0.001656 0.001656 0.000901

MOTIF 21-ACGTGGG STREME-21
letter-probability matrix: alength= 4 w= 7 nsites= 719 E= 8.2e-001
 0.997459 0.000999 0.000999 0.000543
 0.000543 0.702707 0.296207 0.000543
 0.000543 0.000999 0.997915 0.000543
 0.000543 0.000999 0.000999 0.997459
 0.024770 0.070978 0.903709 0.000543
 0.000543 0.000999 0.997915 0.000543
 0.000543 0.000999 0.823322 0.175136

MOTIF 22-GAGGCGGAAGCG STREME-22
letter-probability matrix: alength= 4 w= 12 nsites= 146 E= 9.6e-001
 0.144478 0.086141 0.694118 0.075263
 0.713492 0.061204 0.201772 0.023532
 0.091276 0.011201 0.897328 0.000195
 0.087666 0.000358 0.877948 0.034027
 0.157042 0.803379 0.023345 0.016234
 0.000195 0.001834 0.959460 0.038511
 0.000195 0.011201 0.988409 0.000195
 0.969430 0.001834 0.028541 0.000195
 0.948969 0.004499 0.046338 0.000195
 0.003374 0.000358 0.927103 0.069164
 0.121926 0.869864 0.008016 0.000195
 0.133338 0.054365 0.745821 0.066476

MOTIF 23-TCTCGCGAGAGCT STREME-23
letter-probability matrix: alength= 4 w= 13 nsites= 69 E= 3.1e+000
 0.000453 0.018644 0.000833 0.980071
 0.160754 0.766716 0.072078 0.000453
 0.000453 0.036455 0.000833 0.962259
 0.000453 0.998262 0.000833 0.000453
 0.071698 0.000833 0.909206 0.018264
 0.000453 0.980451 0.018644 0.000453
 0.000453 0.000833 0.998262 0.000453
 0.926637 0.036455 0.018644 0.018264
 0.000453 0.018644 0.873583 0.107320
 0.891014 0.000833 0.107700 0.000453
 0.196376 0.054266 0.552981 0.196376
 0.018264 0.606415 0.161134 0.214188
 0.125131 0.143323 0.089889 0.641657

MOTIF 24-ATATTTAAAA STREME-24
letter-probability matrix: alength= 4 w= 10 nsites= 131 E= 3.3e+000
 0.746383 0.046786 0.099630 0.107202
 0.031146 0.100945 0.055294 0.812615
 0.846974 0.088020 0.022255 0.042751
 0.073043 0.023574 0.046786 0.856598
 0.022092 0.031311 0.082432 0.864165
 0.073043 0.014520 0.071487 0.840951
 0.798572 0.042258 0.093209 0.065961
 0.807624 0.084813 0.057733 0.049831
 0.850180 0.057733 0.042256 0.049831
 0.716556 0.073208 0.132669 0.077568

MOTIF 25-CGCCATGGCG STREME-25
letter-probability matrix: alength= 4 w= 10 nsites= 153 E= 8.3e+000
 0.049822 0.825661 0.056963 0.067554
 0.222328 0.012714 0.760708 0.004249
 0.130750 0.605460 0.006338 0.257452
 0.000499 0.807959 0.136650 0.054892
 0.973433 0.000325 0.018416 0.007826
 0.007826 0.018416 0.000325 0.973433
 0.054892 0.136650 0.807959 0.000499
 0.257452 0.006338 0.605460 0.130750
 0.004249 0.760708 0.012714 0.222328
 0.067554 0.056963 0.825661 0.049822

********************************************************************************
Stopped because 3 consecutive motifs exceeded the p-value threshold (0.05).
********************************************************************************
COMMAND:	streme --verbosity 1 --oc meme_out_incomplete_DL/HepG2_GABPA-human_ENCFF528DHC/streme_out -dna --seed 0 --p meme_out_incomplete_DL/HepG2_GABPA-human_ENCFF528DHC/seqs-centered --minw 6 --maxw 15 --time 6189 --order 2 --thresh 0.05 --align center --totallength 4000000 --parse-genomic-coord
********************************************************************************
CPU:		9f05ee173ae9
********************************************************************************
FINALTIME:	367.66 seconds
********************************************************************************
