********************************************************************************
STREME - Sensitive, Thorough, Rapid, Enriched Motif Elicitation
********************************************************************************
MEME version 5.5.3 (Release date: Sat Jun 10 16:19:38 2023 -0700)

For further information on how to interpret these results please access http://localhost:8080/meme_5.5.3.
To get a copy of the MEME Suite software please access https://meme-suite.org.

********************************************************************************


********************************************************************************
REFERENCE
********************************************************************************
If you use this program in your research, please cite:

Timothy L. Bailey,
"STREME: accurate and versatile sequence motif discovery",
Bioinformatics, Mar. 24, 2021.
********************************************************************************


ALPHABET= ACGT

strands: + -

Background letter frequencies
A 0.266 C 0.234 G 0.234 T 0.266 

MOTIF 1-WRWGTAAACAN STREME-1
letter-probability matrix: alength= 4 w= 11 nsites= 12217 E= 1.1e-192
 0.454664 0.038162 0.012053 0.495121
 0.557856 0.076080 0.309380 0.056684
 0.478467 0.005056 0.176856 0.339621
 0.100414 0.000004 0.899576 0.000005
 0.000005 0.125699 0.000004 0.874291
 0.848702 0.151288 0.000004 0.000005
 0.997151 0.002839 0.000004 0.000005
 0.999986 0.000004 0.000004 0.000005
 0.000005 0.675087 0.000004 0.324903
 0.996998 0.000004 0.002718 0.000280
 0.359127 0.183408 0.204576 0.252889

MOTIF 2-CAAAGKYCA STREME-2
letter-probability matrix: alength= 4 w= 9 nsites= 4779 E= 1.9e-037
 0.000025 0.938475 0.000022 0.061477
 0.834605 0.129950 0.027499 0.007945
 0.849822 0.000022 0.124891 0.025265
 0.999930 0.000022 0.000022 0.000025
 0.000025 0.000022 0.999927 0.000025
 0.041053 0.000022 0.381231 0.577695
 0.025893 0.471204 0.011921 0.490982
 0.000025 0.934735 0.002312 0.062928
 0.862941 0.037577 0.034719 0.064763

MOTIF 3-HWAAACAAACA STREME-3
letter-probability matrix: alength= 4 w= 11 nsites= 1763 E= 3.0e-021
 0.323043 0.338531 0.095921 0.242504
 0.604594 0.062572 0.000037 0.332797
 0.811434 0.000037 0.188487 0.000042
 0.881122 0.000037 0.093423 0.025417
 0.999883 0.000037 0.000037 0.000042
 0.000042 0.999878 0.000037 0.000042
 0.999883 0.000037 0.000037 0.000042
 0.999883 0.000037 0.000037 0.000042
 0.999883 0.000037 0.000037 0.000042
 0.000042 0.793860 0.000037 0.206061
 0.999883 0.000037 0.000037 0.000042

MOTIF 4-GTMAACA STREME-4
letter-probability matrix: alength= 4 w= 7 nsites= 4092 E= 2.1e-018
 0.000057 0.000051 0.999834 0.000057
 0.000057 0.000051 0.000051 0.999841
 0.586844 0.413048 0.000051 0.000057
 0.774960 0.224932 0.000051 0.000057
 0.999841 0.000051 0.000051 0.000057
 0.000057 0.765536 0.000051 0.234356
 0.982071 0.000051 0.017821 0.000057

MOTIF 5-CCCCWCCCCC STREME-5
letter-probability matrix: alength= 4 w= 10 nsites= 1954 E= 2.1e-016
 0.002716 0.984778 0.000128 0.012379
 0.007547 0.975564 0.005293 0.011596
 0.002704 0.990402 0.001723 0.005171
 0.009356 0.975691 0.004707 0.010246
 0.548121 0.000262 0.094361 0.357256
 0.044539 0.906043 0.000056 0.049362
 0.009307 0.976767 0.001723 0.012204
 0.014689 0.943834 0.005303 0.036175
 0.041818 0.920081 0.017470 0.020631
 0.031817 0.901344 0.037341 0.029499

MOTIF 6-RTGASTCAY STREME-6
letter-probability matrix: alength= 4 w= 9 nsites= 2054 E= 4.3e-014
 0.420671 0.139223 0.431120 0.008987
 0.000052 0.005914 0.000046 0.993989
 0.000052 0.000046 0.979727 0.020176
 0.913631 0.008793 0.077524 0.000052
 0.025269 0.474731 0.474731 0.025269
 0.000052 0.077524 0.008793 0.913631
 0.020176 0.979727 0.000046 0.000052
 0.993989 0.000046 0.005914 0.000052
 0.008987 0.431120 0.139223 0.420671

MOTIF 7-AAATCAATA STREME-7
letter-probability matrix: alength= 4 w= 9 nsites= 1426 E= 8.6e-012
 0.505430 0.099996 0.173611 0.220963
 0.809735 0.000083 0.190088 0.000094
 0.999739 0.000083 0.000083 0.000094
 0.000094 0.000083 0.000083 0.999739
 0.000094 0.999728 0.000083 0.000094
 0.784861 0.000083 0.214961 0.000094
 0.871651 0.000083 0.000083 0.128182
 0.000094 0.208072 0.000083 0.791750
 0.782352 0.081528 0.105039 0.031081

MOTIF 8-GCAAACA STREME-8
letter-probability matrix: alength= 4 w= 7 nsites= 2335 E= 3.3e-010
 0.000132 0.000116 0.999621 0.000132
 0.000132 0.999621 0.000116 0.000132
 0.999636 0.000116 0.000116 0.000132
 0.999637 0.000116 0.000116 0.000132
 0.980714 0.000116 0.000116 0.019054
 0.000132 0.687422 0.000116 0.312330
 0.984094 0.000116 0.015658 0.000132

MOTIF 9-AGWTCAAAG STREME-9
letter-probability matrix: alength= 4 w= 9 nsites= 1599 E= 1.5e-009
 0.840403 0.009459 0.100773 0.049365
 0.008270 0.172177 0.819489 0.000064
 0.632730 0.007599 0.029219 0.330452
 0.045350 0.008965 0.060954 0.884731
 0.014579 0.869082 0.112135 0.004204
 0.951230 0.000057 0.047617 0.001097
 0.994974 0.000057 0.004528 0.000441
 0.858830 0.001156 0.095343 0.044671
 0.000064 0.170874 0.827590 0.001471

MOTIF 10-CAAGCCTCAGCAATG STREME-10
letter-probability matrix: alength= 4 w= 15 nsites= 347 E= 2.2e-009
 0.009641 0.920321 0.050878 0.019161
 0.964759 0.012800 0.019146 0.003295
 0.961586 0.006454 0.022319 0.009641
 0.035026 0.009627 0.939360 0.015987
 0.003295 0.971091 0.009627 0.015987
 0.003295 0.948879 0.019146 0.028680
 0.000122 0.003280 0.006454 0.990144
 0.006468 0.745797 0.215881 0.031853
 0.755331 0.009627 0.222228 0.012814
 0.000122 0.003280 0.993303 0.003295
 0.009641 0.729932 0.009627 0.250800
 0.977452 0.003280 0.006454 0.012814
 0.955240 0.009627 0.022319 0.012814
 0.006468 0.012800 0.006454 0.974279
 0.009641 0.000107 0.977437 0.012814

MOTIF 11-CAAGGTCA STREME-11
letter-probability matrix: alength= 4 w= 8 nsites= 3992 E= 3.2e-009
 0.045041 0.792654 0.137053 0.025252
 0.727119 0.063291 0.182256 0.027333
 0.822430 0.005784 0.141912 0.029874
 0.000094 0.021033 0.978780 0.000094
 0.053706 0.000082 0.946118 0.000094
 0.048844 0.056404 0.000082 0.894669
 0.000094 0.977645 0.000082 0.022179
 0.816479 0.035331 0.130440 0.017751

MOTIF 12-ACTGCACTCCAGCCT STREME-12
letter-probability matrix: alength= 4 w= 15 nsites= 436 E= 1.8e-008
 0.942375 0.015048 0.032505 0.010071
 0.005083 0.861524 0.007566 0.125827
 0.002590 0.022530 0.002578 0.972303
 0.039998 0.012554 0.919919 0.027529
 0.015059 0.907449 0.017542 0.059950
 0.971268 0.012554 0.005072 0.011106
 0.005083 0.832631 0.005072 0.157213
 0.012565 0.006107 0.007566 0.973762
 0.015059 0.902461 0.025024 0.057456
 0.002590 0.927401 0.000084 0.069926
 0.962327 0.005072 0.027517 0.005083
 0.020047 0.007566 0.959822 0.012565
 0.010071 0.936341 0.006107 0.047480
 0.012565 0.934882 0.007566 0.044986
 0.017553 0.032505 0.012554 0.937388

MOTIF 13-ACTGGGYGGAGCCCA STREME-13
letter-probability matrix: alength= 4 w= 15 nsites= 319 E= 1.4e-007
 0.989183 0.000118 0.010565 0.000134
 0.021029 0.954342 0.014048 0.010581
 0.007099 0.007083 0.000118 0.985701
 0.017546 0.010565 0.971755 0.000134
 0.007099 0.000118 0.992650 0.000134
 0.017546 0.000118 0.982202 0.000134
 0.027994 0.323997 0.000118 0.647891
 0.122023 0.000118 0.874243 0.003616
 0.017546 0.000118 0.982202 0.000134
 0.975253 0.000118 0.017531 0.007099
 0.027994 0.010565 0.936929 0.024511
 0.007099 0.947377 0.017531 0.027994
 0.024511 0.926481 0.007083 0.041924
 0.024511 0.933446 0.000118 0.041924
 0.982218 0.000118 0.000118 0.017546

MOTIF 14-CACYAGRKGGCR STREME-14
letter-probability matrix: alength= 4 w= 12 nsites= 508 E= 2.0e-007
 0.000087 0.972643 0.000076 0.027194
 0.857397 0.000076 0.142440 0.000087
 0.004604 0.688645 0.306664 0.000087
 0.076890 0.363634 0.028121 0.531355
 0.997502 0.002335 0.000076 0.000087
 0.000087 0.000076 0.999750 0.000087
 0.532721 0.006853 0.460339 0.000087
 0.024935 0.000076 0.406369 0.568620
 0.019379 0.000076 0.980458 0.000087
 0.008395 0.054190 0.904556 0.032859
 0.046413 0.820707 0.000076 0.132804
 0.579362 0.027183 0.377346 0.016109

MOTIF 15-CTCAAGYGATCCTCC STREME-15
letter-probability matrix: alength= 4 w= 15 nsites= 247 E= 1.1e-006
 0.004760 0.866554 0.013907 0.114779
 0.000176 0.000155 0.000155 0.999514
 0.000176 0.990325 0.009323 0.000176
 0.967425 0.018491 0.000155 0.013928
 0.751972 0.000155 0.243113 0.004760
 0.114779 0.004739 0.880306 0.000176
 0.036849 0.330212 0.036828 0.596112
 0.197293 0.023076 0.761119 0.018512
 0.981178 0.004739 0.013907 0.000176
 0.004760 0.009323 0.000155 0.985762
 0.004760 0.829881 0.018491 0.146868
 0.009344 0.852802 0.000155 0.137699
 0.133115 0.000155 0.174352 0.692378
 0.000176 0.939900 0.018491 0.041433
 0.004760 0.871138 0.000155 0.123947

MOTIF 16-RCTTCCTGG STREME-16
letter-probability matrix: alength= 4 w= 9 nsites= 1528 E= 1.3e-006
 0.564073 0.000103 0.414717 0.021107
 0.000117 0.999664 0.000103 0.000117
 0.000117 0.058660 0.000103 0.941120
 0.000117 0.000103 0.000103 0.999677
 0.000117 0.999664 0.000103 0.000117
 0.000117 0.962278 0.037488 0.000117
 0.000117 0.100565 0.143128 0.756190
 0.028910 0.028661 0.942312 0.000117
 0.000117 0.204203 0.598941 0.196740

MOTIF 17-AAAAAAAAAAAAAAA STREME-17
letter-probability matrix: alength= 4 w= 15 nsites= 396 E= 6.9e-005
 0.911421 0.011012 0.000138 0.077429
 0.970951 0.000138 0.028755 0.000156
 0.994390 0.000138 0.005316 0.000156
 0.999569 0.000138 0.000138 0.000156
 0.953524 0.004842 0.041478 0.000156
 0.999569 0.000138 0.000138 0.000156
 0.989845 0.000138 0.005789 0.004228
 0.980835 0.000138 0.018871 0.000156
 0.999569 0.000138 0.000138 0.000156
 0.966319 0.020387 0.000138 0.013156
 0.999569 0.000138 0.000138 0.000156
 0.986032 0.000138 0.012889 0.000940
 0.875990 0.000138 0.123716 0.000156
 0.956462 0.000138 0.043244 0.000156
 0.894745 0.015421 0.047764 0.042070

MOTIF 18-RTTGYRCAAY STREME-18
letter-probability matrix: alength= 4 w= 10 nsites= 937 E= 7.0e-005
 0.419179 0.146128 0.434598 0.000094
 0.000094 0.000083 0.000083 0.999739
 0.000094 0.000083 0.000083 0.999739
 0.322068 0.000083 0.651065 0.026783
 0.138890 0.540742 0.000083 0.320285
 0.320285 0.000083 0.540742 0.138890
 0.026783 0.651065 0.000083 0.322068
 0.999739 0.000083 0.000083 0.000094
 0.999739 0.000083 0.000083 0.000094
 0.000094 0.434598 0.146128 0.419179

MOTIF 19-GCTGGGATTACAGGC STREME-19
letter-probability matrix: alength= 4 w= 15 nsites= 367 E= 1.1e-004
 0.037886 0.011721 0.950281 0.000111
 0.003017 0.927035 0.005910 0.064038
 0.000111 0.014627 0.000098 0.985163
 0.122153 0.000098 0.877637 0.000111
 0.064038 0.008816 0.924129 0.003017
 0.037886 0.008816 0.944470 0.008829
 0.970635 0.005910 0.023344 0.000111
 0.008829 0.142480 0.003004 0.845687
 0.005923 0.037873 0.008816 0.947388
 0.953200 0.014627 0.023344 0.008829
 0.008829 0.889260 0.000098 0.101813
 0.973540 0.003004 0.011721 0.011734
 0.034980 0.011721 0.953187 0.000111
 0.052415 0.023344 0.906695 0.017546
 0.029169 0.790464 0.011721 0.168645

MOTIF 20-TAATRWTTAAC STREME-20
letter-probability matrix: alength= 4 w= 11 nsites= 628 E= 6.4e-004
 0.058980 0.055557 0.105053 0.780410
 0.978549 0.008380 0.012982 0.000088
 0.903341 0.020235 0.000078 0.076346
 0.039774 0.056120 0.000078 0.904029
 0.316183 0.144537 0.428664 0.110616
 0.341729 0.029809 0.106227 0.522236
 0.062518 0.006982 0.103807 0.826693
 0.000088 0.024373 0.000078 0.975461
 0.857852 0.019854 0.025251 0.097044
 0.963716 0.001850 0.014161 0.020273
 0.040933 0.910928 0.000078 0.048061

MOTIF 21-AGATAA STREME-21
letter-probability matrix: alength= 4 w= 6 nsites= 2510 E= 7.6e-004
 0.933245 0.021300 0.021300 0.024155
 0.024155 0.021300 0.930391 0.024155
 0.933245 0.021300 0.021300 0.024155
 0.024155 0.021300 0.021300 0.933245
 0.933245 0.021300 0.021300 0.024155
 0.933245 0.021300 0.021300 0.024155

MOTIF 22-ACTTTGGGAGGCCRA STREME-22
letter-probability matrix: alength= 4 w= 15 nsites= 195 E= 7.9e-004
 0.936498 0.019063 0.044198 0.000241
 0.006524 0.967888 0.000212 0.025375
 0.000241 0.012780 0.012780 0.974200
 0.006524 0.031630 0.000212 0.961633
 0.000241 0.025347 0.000212 0.974200
 0.044226 0.000212 0.923903 0.031659
 0.031659 0.006496 0.936470 0.025375
 0.075644 0.006496 0.917619 0.000241
 0.974200 0.000212 0.012780 0.012808
 0.050510 0.000212 0.942753 0.006524
 0.019092 0.000212 0.974171 0.006524
 0.000241 0.980455 0.006496 0.012808
 0.012808 0.735394 0.000212 0.251585
 0.345839 0.019063 0.628573 0.006524
 0.961633 0.000212 0.031630 0.006524

MOTIF 23-GATTGCRCC STREME-23
letter-probability matrix: alength= 4 w= 9 nsites= 159 E= 1.5e-003
 0.000565 0.000498 0.998371 0.000565
 0.998438 0.000498 0.000498 0.000565
 0.000565 0.000498 0.000498 0.998438
 0.000565 0.046825 0.000498 0.952111
 0.000565 0.000498 0.998371 0.000565
 0.000565 0.998371 0.000498 0.000565
 0.340100 0.000498 0.658836 0.000565
 0.000565 0.998371 0.000498 0.000565
 0.000565 0.997175 0.001694 0.000565

MOTIF 24-CTASAGAGGCAGKC STREME-24
letter-probability matrix: alength= 4 w= 14 nsites= 187 E= 2.9e-003
 0.000231 0.999335 0.000203 0.000231
 0.000231 0.030298 0.000203 0.969268
 0.999362 0.000203 0.000203 0.000231
 0.000231 0.487731 0.415505 0.096533
 0.993343 0.006222 0.000203 0.000231
 0.000231 0.000203 0.999335 0.000231
 0.969268 0.018260 0.000203 0.012268
 0.000231 0.000203 0.999335 0.000231
 0.048382 0.000203 0.939146 0.012268
 0.012268 0.939146 0.024279 0.024306
 0.993343 0.000203 0.006222 0.000231
 0.018287 0.000203 0.981279 0.000231
 0.000231 0.000203 0.529863 0.469702
 0.168759 0.818769 0.000203 0.012268

MOTIF 25-ACAGAGYGAGAC STREME-25
letter-probability matrix: alength= 4 w= 12 nsites= 316 E= 3.9e-003
 0.977197 0.000126 0.022533 0.000143
 0.000143 0.969712 0.015064 0.015081
 0.992135 0.003861 0.003861 0.000143
 0.015081 0.019713 0.937240 0.027965
 0.973463 0.000126 0.015064 0.011347
 0.069304 0.000126 0.919223 0.011347
 0.044957 0.442695 0.030002 0.482346
 0.280578 0.000126 0.719153 0.000143
 0.988401 0.011330 0.000126 0.000143
 0.007612 0.000126 0.992118 0.000143
 0.977198 0.000126 0.022533 0.000143
 0.018816 0.934552 0.024083 0.022550

MOTIF 26-CCCYGCCC STREME-26
letter-probability matrix: alength= 4 w= 8 nsites= 2292 E= 5.5e-003
 0.000194 0.927543 0.000171 0.072092
 0.061684 0.937952 0.000171 0.000194
 0.089093 0.910542 0.000171 0.000194
 0.153333 0.406498 0.000171 0.439998
 0.000194 0.000171 0.723404 0.276232
 0.005003 0.994632 0.000171 0.000194
 0.000194 0.999442 0.000171 0.000194
 0.000194 0.999442 0.000171 0.000194

MOTIF 27-GGGAGGARG STREME-27
letter-probability matrix: alength= 4 w= 9 nsites= 3635 E= 8.9e-003
 0.138127 0.010999 0.850762 0.000112
 0.167952 0.011595 0.820341 0.000112
 0.097593 0.150124 0.713081 0.039201
 0.966340 0.033449 0.000099 0.000112
 0.081146 0.001558 0.917184 0.000112
 0.000112 0.000099 0.999676 0.000112
 0.575481 0.244763 0.116009 0.063747
 0.608056 0.047051 0.338272 0.006622
 0.060623 0.000099 0.930882 0.008396

MOTIF 28-AGYGAGACYCYGTCT STREME-28
letter-probability matrix: alength= 4 w= 15 nsites= 238 E= 9.2e-003
 0.853497 0.004575 0.137333 0.004595
 0.053273 0.015262 0.926870 0.004595
 0.017871 0.522333 0.075379 0.384417
 0.234710 0.048828 0.694167 0.022296
 0.981830 0.000150 0.017851 0.000170
 0.274537 0.017851 0.698592 0.009020
 0.937577 0.000150 0.044402 0.017871
 0.010857 0.851640 0.004575 0.132928
 0.004595 0.402850 0.017851 0.574704
 0.000170 0.950833 0.009000 0.039997
 0.000170 0.442678 0.000150 0.557003
 0.159480 0.000150 0.840201 0.000170
 0.013445 0.035552 0.000150 0.950853
 0.022296 0.754284 0.214400 0.009020
 0.013445 0.017851 0.208138 0.760566

MOTIF 29-ACCAAGCTCRAGYRT STREME-29
letter-probability matrix: alength= 4 w= 15 nsites= 106 E= 9.2e-003
 0.988376 0.000355 0.010866 0.000403
 0.000403 0.914756 0.021376 0.063465
 0.010913 0.977818 0.010866 0.000403
 0.998886 0.000355 0.000355 0.000403
 0.998886 0.000355 0.000355 0.000403
 0.010913 0.063417 0.914756 0.010913
 0.010913 0.988328 0.000355 0.000403
 0.000403 0.000355 0.000355 0.998886
 0.000403 0.662508 0.147500 0.189589
 0.347245 0.200052 0.420769 0.031934
 0.977866 0.010866 0.000355 0.010913
 0.073975 0.031886 0.872715 0.021424
 0.052955 0.588935 0.000355 0.357755
 0.473369 0.000355 0.462811 0.063465
 0.000403 0.031886 0.000355 0.967355

MOTIF 30-WAWGTAAAC STREME-30
letter-probability matrix: alength= 4 w= 9 nsites= 1173 E= 1.0e-002
 0.377363 0.000150 0.000150 0.622338
 0.783512 0.000150 0.216168 0.000170
 0.640339 0.001355 0.000150 0.358157
 0.000170 0.017504 0.982156 0.000170
 0.000170 0.158036 0.000150 0.841644
 0.999531 0.000150 0.000150 0.000170
 0.912286 0.087395 0.000150 0.000170
 0.999531 0.000150 0.000150 0.000170
 0.000170 0.768582 0.000150 0.231099

MOTIF 31-ATGACTAA STREME-31
letter-probability matrix: alength= 4 w= 8 nsites= 183 E= 1.2e-002
 0.933245 0.021300 0.021300 0.024155
 0.024155 0.021300 0.021300 0.933245
 0.024155 0.021300 0.930391 0.024155
 0.933245 0.021300 0.021300 0.024155
 0.024155 0.930391 0.021300 0.024155
 0.024155 0.021300 0.021300 0.933245
 0.933245 0.021300 0.021300 0.024155
 0.933245 0.021300 0.021300 0.024155

MOTIF 32-YTRTTTAAAYAR STREME-32
letter-probability matrix: alength= 4 w= 12 nsites= 407 E= 1.3e-002
 0.140187 0.327424 0.120573 0.411816
 0.001341 0.000100 0.000100 0.998459
 0.435351 0.011207 0.553329 0.000113
 0.053886 0.000100 0.077781 0.868233
 0.000113 0.024075 0.000100 0.975712
 0.000113 0.208876 0.095627 0.695385
 0.695385 0.095627 0.208876 0.000113
 0.975712 0.000100 0.024075 0.000113
 0.868233 0.077781 0.000100 0.053886
 0.000113 0.553329 0.011207 0.435351
 0.998459 0.000100 0.000100 0.001341
 0.411816 0.120573 0.327424 0.140187

MOTIF 33-AGGYTGCAGTGAG STREME-33
letter-probability matrix: alength= 4 w= 13 nsites= 327 E= 1.5e-002
 0.983180 0.011871 0.000132 0.004817
 0.035367 0.000132 0.936960 0.027541
 0.033078 0.035713 0.927146 0.004063
 0.000150 0.481060 0.000132 0.518658
 0.017666 0.011871 0.152741 0.817722
 0.047106 0.000132 0.942133 0.010629
 0.000150 0.969523 0.000132 0.030194
 0.948716 0.007958 0.043176 0.000150
 0.019715 0.015784 0.952611 0.011889
 0.007976 0.164480 0.000132 0.827412
 0.081659 0.000132 0.918059 0.000150
 0.983933 0.000132 0.000132 0.015802
 0.037745 0.000132 0.961973 0.000150

MOTIF 34-ACTGCTGTGCTAGC STREME-34
letter-probability matrix: alength= 4 w= 14 nsites= 188 E= 1.8e-002
 0.988044 0.000192 0.005869 0.005895
 0.000218 0.970987 0.028578 0.000218
 0.000218 0.017223 0.000192 0.982367
 0.000218 0.005869 0.988018 0.005895
 0.000218 0.976664 0.000192 0.022926
 0.005895 0.005869 0.000192 0.988044
 0.022926 0.000192 0.976664 0.000218
 0.005895 0.153475 0.005869 0.834761
 0.062666 0.005869 0.931247 0.000218
 0.000218 0.988018 0.000192 0.011572
 0.005895 0.011546 0.000192 0.982367
 0.840438 0.000192 0.159153 0.000218
 0.011572 0.000192 0.976664 0.011572
 0.005895 0.948278 0.011546 0.034281

MOTIF 35-CAGCTCAGCAARGCC STREME-35
letter-probability matrix: alength= 4 w= 15 nsites= 149 E= 2.0e-002
 0.027744 0.923670 0.034583 0.014003
 0.971792 0.000232 0.020842 0.007133
 0.020874 0.013972 0.964891 0.000263
 0.007133 0.964891 0.013972 0.014003
 0.014003 0.013972 0.000232 0.971792
 0.007133 0.937411 0.034583 0.020874
 0.861871 0.041453 0.034583 0.062094
 0.117054 0.030564 0.831509 0.020874
 0.027744 0.951151 0.000232 0.020874
 0.985532 0.007102 0.007102 0.000263
 0.962071 0.009953 0.013972 0.014003
 0.394708 0.000232 0.597927 0.007133
 0.041484 0.007102 0.951151 0.000263
 0.020874 0.951151 0.020842 0.007133
 0.000263 0.848100 0.013972 0.137664

MOTIF 36-ATGATGMAAT STREME-36
letter-probability matrix: alength= 4 w= 10 nsites= 513 E= 2.9e-002
 0.736746 0.000137 0.262962 0.000155
 0.025845 0.092551 0.000137 0.881467
 0.000155 0.000137 0.982478 0.017230
 0.756243 0.000137 0.030666 0.212954
 0.030515 0.214572 0.072477 0.682436
 0.000155 0.000137 0.999552 0.000155
 0.532153 0.431192 0.023905 0.012751
 0.892327 0.064438 0.009985 0.033250
 0.981626 0.000137 0.000137 0.018100
 0.000155 0.104010 0.056646 0.839188

MOTIF 37-ACACACACACACACA STREME-37
letter-probability matrix: alength= 4 w= 15 nsites= 317 E= 5.4e-002
 0.999437 0.000180 0.000180 0.000204
 0.033222 0.906907 0.000180 0.059691
 0.822424 0.002385 0.174987 0.000204
 0.000204 0.978155 0.000180 0.021462
 0.922829 0.000180 0.076788 0.000204
 0.005518 0.994098 0.000180 0.000204
 0.820716 0.000180 0.146327 0.032777
 0.000204 0.978155 0.000180 0.021462
 0.946181 0.018329 0.035287 0.000204
 0.000204 0.939737 0.011752 0.048308
 0.909091 0.000180 0.090526 0.000204
 0.057454 0.838185 0.003093 0.101268
 0.896691 0.021438 0.081668 0.000204
 0.025075 0.974542 0.000180 0.000204
 0.965779 0.000180 0.021438 0.012604

MOTIF 38-AAATATTTGTTGA STREME-38
letter-probability matrix: alength= 4 w= 13 nsites= 179 E= 6.9e-002
 0.826041 0.093616 0.050027 0.030315
 0.978075 0.002795 0.012665 0.006466
 0.943297 0.006438 0.043800 0.006466
 0.000239 0.037573 0.002795 0.959394
 0.873391 0.000211 0.126160 0.000239
 0.000239 0.074935 0.000211 0.924616
 0.025147 0.012665 0.006438 0.955751
 0.018920 0.000211 0.065065 0.915804
 0.332856 0.000211 0.666695 0.000239
 0.093644 0.000211 0.006438 0.899707
 0.068736 0.037573 0.018891 0.874800
 0.111150 0.000211 0.888401 0.000239
 0.946041 0.037573 0.003693 0.012693

MOTIF 39-CTCTGCCC STREME-39
letter-probability matrix: alength= 4 w= 8 nsites= 388 E= 1.4e-001
 0.024155 0.930391 0.021300 0.024155
 0.024155 0.021300 0.021300 0.933245
 0.024155 0.930391 0.021300 0.024155
 0.024155 0.021300 0.021300 0.933245
 0.024155 0.021300 0.930391 0.024155
 0.024155 0.930391 0.021300 0.024155
 0.024155 0.930391 0.021300 0.024155
 0.024155 0.930391 0.021300 0.024155

MOTIF 40-CCCAGC STREME-40
letter-probability matrix: alength= 4 w= 6 nsites= 3306 E= 1.5e-001
 0.024155 0.930391 0.021300 0.024155
 0.024155 0.930391 0.021300 0.024155
 0.024155 0.930391 0.021300 0.024155
 0.933245 0.021300 0.021300 0.024155
 0.024155 0.021300 0.930391 0.024155
 0.024155 0.930391 0.021300 0.024155

MOTIF 41-AAAACCRCCTACT STREME-41
letter-probability matrix: alength= 4 w= 13 nsites= 148 E= 1.7e-001
 0.917327 0.027544 0.045702 0.009427
 0.926406 0.027544 0.027544 0.018506
 0.944564 0.000307 0.018465 0.036664
 0.980880 0.009386 0.000307 0.009427
 0.018506 0.908207 0.000307 0.072980
 0.018506 0.871891 0.018465 0.091138
 0.617720 0.009386 0.354388 0.018506
 0.045743 0.890049 0.000307 0.063901
 0.000348 0.962681 0.009386 0.027585
 0.009427 0.000307 0.000307 0.989960
 0.962722 0.000307 0.018465 0.018506
 0.009427 0.926365 0.018465 0.045743
 0.018506 0.018465 0.009386 0.953643

MOTIF 42-CRGTGAC STREME-42
letter-probability matrix: alength= 4 w= 7 nsites= 998 E= 2.9e-001
 0.001060 0.996944 0.000935 0.001060
 0.550133 0.021909 0.426897 0.001060
 0.239927 0.000935 0.758077 0.001060
 0.001060 0.097784 0.000935 0.900221
 0.001060 0.000935 0.996944 0.001060
 0.997069 0.000935 0.000935 0.001060
 0.001060 0.996944 0.000935 0.001060

MOTIF 43-CTCTGTCACC STREME-43
letter-probability matrix: alength= 4 w= 10 nsites= 70 E= 2.9e-001
 0.001299 0.996257 0.001145 0.001299
 0.001299 0.001145 0.035028 0.962527
 0.001299 0.996257 0.001145 0.001299
 0.001299 0.001145 0.286271 0.711285
 0.015361 0.001145 0.982195 0.001299
 0.001299 0.001145 0.001145 0.996410
 0.001299 0.996257 0.001145 0.001299
 0.842571 0.001145 0.154985 0.001299
 0.001299 0.996257 0.001145 0.001299
 0.001299 0.874021 0.123381 0.001299

MOTIF 44-CACGTGGC STREME-44
letter-probability matrix: alength= 4 w= 8 nsites= 361 E= 3.4e-001
 0.016125 0.970044 0.008133 0.005697
 0.945959 0.000396 0.016493 0.037152
 0.000449 0.998706 0.000396 0.000449
 0.000449 0.000396 0.998706 0.000449
 0.005058 0.059787 0.000396 0.934759
 0.004127 0.006079 0.935738 0.054056
 0.171295 0.000396 0.719576 0.108733
 0.067666 0.747865 0.000396 0.184072

MOTIF 45-AAATAAAYA STREME-45
letter-probability matrix: alength= 4 w= 9 nsites= 277 E= 3.6e-001
 0.997636 0.000754 0.000754 0.000855
 0.997636 0.000754 0.000754 0.000855
 0.997636 0.000754 0.000754 0.000855
 0.000855 0.000754 0.000754 0.997636
 0.997636 0.000754 0.000754 0.000855
 0.823558 0.000754 0.000754 0.174933
 0.997636 0.000754 0.000754 0.000855
 0.000855 0.632732 0.000754 0.365658
 0.720555 0.000754 0.053503 0.225188

MOTIF 46-ATGASSTCAT STREME-46
letter-probability matrix: alength= 4 w= 10 nsites= 194 E= 4.0e-001
 0.998124 0.000599 0.000599 0.000679
 0.000679 0.000599 0.000599 0.998124
 0.000679 0.000599 0.883638 0.115084
 0.998124 0.000599 0.000599 0.000679
 0.086380 0.406163 0.333861 0.173597
 0.173597 0.333861 0.406163 0.086380
 0.000679 0.000599 0.000599 0.998124
 0.115084 0.883638 0.000599 0.000679
 0.998124 0.000599 0.000599 0.000679
 0.000679 0.000599 0.000599 0.998124

MOTIF 47-CCTCAGCCTCC STREME-47
letter-probability matrix: alength= 4 w= 11 nsites= 150 E= 4.4e-001
 0.024937 0.875684 0.000443 0.098937
 0.006563 0.899271 0.005879 0.088287
 0.000502 0.000443 0.019577 0.979478
 0.000502 0.976572 0.000443 0.022483
 0.943693 0.002966 0.052839 0.000502
 0.005356 0.055361 0.920345 0.018937
 0.017730 0.975791 0.000443 0.006036
 0.013599 0.888490 0.000443 0.097468
 0.052817 0.000443 0.009382 0.937358
 0.013600 0.939908 0.000443 0.046049
 0.000502 0.919956 0.079039 0.000502

MOTIF 48-TATGTATAYAT STREME-48
letter-probability matrix: alength= 4 w= 11 nsites= 102 E= 4.8e-001
 0.000394 0.000347 0.000347 0.998912
 0.858610 0.020878 0.120119 0.000394
 0.000394 0.051675 0.145018 0.802914
 0.073054 0.000347 0.926206 0.000394
 0.000394 0.027837 0.000347 0.971422
 0.839151 0.160109 0.000347 0.000394
 0.000394 0.000347 0.000347 0.998912
 0.802742 0.000347 0.196517 0.000394
 0.000394 0.498479 0.000347 0.500781
 0.948882 0.000347 0.000347 0.050424
 0.120009 0.106888 0.216395 0.556707

MOTIF 49-GTGCCAGGCACTG STREME-49
letter-probability matrix: alength= 4 w= 13 nsites= 216 E= 5.5e-001
 0.155200 0.005269 0.839336 0.000195
 0.015484 0.051136 0.057758 0.875622
 0.081737 0.012480 0.854150 0.051633
 0.022696 0.879125 0.052117 0.046062
 0.010388 0.826161 0.000172 0.163278
 0.920900 0.007384 0.071521 0.000195
 0.086833 0.010365 0.902606 0.000195
 0.037985 0.032865 0.898377 0.030773
 0.119526 0.722119 0.035847 0.122508
 0.766483 0.169878 0.058347 0.005292
 0.000195 0.941262 0.025654 0.032888
 0.075981 0.025654 0.071521 0.826844
 0.127604 0.000172 0.821065 0.051159

MOTIF 50-RCTCCACCTCTG STREME-50
letter-probability matrix: alength= 4 w= 12 nsites= 112 E= 5.9e-001
 0.546139 0.000325 0.453168 0.000369
 0.000369 0.861491 0.000325 0.137815
 0.000369 0.000325 0.019559 0.979748
 0.000369 0.998938 0.000325 0.000369
 0.000369 0.998938 0.000325 0.000369
 0.998981 0.000325 0.000325 0.000369
 0.000369 0.998938 0.000325 0.000369
 0.000369 0.998938 0.000325 0.000369
 0.000369 0.000325 0.000325 0.998981
 0.000369 0.998938 0.000325 0.000369
 0.000369 0.000325 0.009942 0.989364
 0.069538 0.000325 0.929769 0.000369

MOTIF 51-CAAAGGGCA STREME-51
letter-probability matrix: alength= 4 w= 9 nsites= 650 E= 6.2e-001
 0.000384 0.908942 0.039131 0.051544
 0.955092 0.038755 0.002073 0.004080
 0.965898 0.000338 0.000338 0.033425
 0.982295 0.000696 0.013779 0.003230
 0.000384 0.000696 0.988787 0.010133
 0.084183 0.007597 0.762955 0.145264
 0.000384 0.000338 0.998894 0.000384
 0.136131 0.815207 0.000338 0.048324
 0.985723 0.000338 0.013555 0.000384

MOTIF 52-TCATTCATTCA STREME-52
letter-probability matrix: alength= 4 w= 11 nsites= 108 E= 1.2e+000
 0.000488 0.056133 0.089611 0.853768
 0.000488 0.880556 0.042896 0.076060
 0.973170 0.000431 0.025911 0.000488
 0.000488 0.000431 0.000431 0.998650
 0.000488 0.000431 0.000431 0.998650
 0.000488 0.883933 0.115090 0.000488
 0.934950 0.000431 0.064131 0.000488
 0.000488 0.000431 0.000431 0.998650
 0.000488 0.053832 0.000431 0.945249
 0.102408 0.896673 0.000431 0.000488
 0.993363 0.000431 0.005718 0.000488

MOTIF 53-GGTTTAATGGATTTA STREME-53
letter-probability matrix: alength= 4 w= 15 nsites= 43 E= 1.2e+000
 0.001061 0.000935 0.996943 0.001061
 0.001061 0.000935 0.996943 0.001061
 0.001061 0.028602 0.000935 0.969402
 0.001061 0.000935 0.028602 0.969402
 0.167062 0.000935 0.000935 0.831067
 0.997069 0.000935 0.000935 0.001061
 0.941735 0.000935 0.056269 0.001061
 0.001061 0.028602 0.111603 0.858734
 0.001061 0.000935 0.996943 0.001061
 0.001061 0.028602 0.969276 0.001061
 0.941735 0.000935 0.028602 0.028728
 0.001061 0.000935 0.000935 0.997069
 0.028728 0.083936 0.000935 0.886401
 0.139395 0.028602 0.000935 0.831067
 0.997069 0.000935 0.000935 0.001061

MOTIF 54-TGASSTCA STREME-54
letter-probability matrix: alength= 4 w= 8 nsites= 351 E= 1.3e+000
 0.024155 0.021300 0.021300 0.933245
 0.024155 0.021300 0.930391 0.024155
 0.933245 0.021300 0.021300 0.024155
 0.024155 0.475845 0.475845 0.024155
 0.024155 0.475845 0.475845 0.024155
 0.024155 0.021300 0.021300 0.933245
 0.024155 0.930391 0.021300 0.024155
 0.933245 0.021300 0.021300 0.024155

MOTIF 55-CCCAGGGC STREME-55
letter-probability matrix: alength= 4 w= 8 nsites= 997 E= 1.4e+000
 0.000936 0.997302 0.000825 0.000936
 0.000936 0.989975 0.008153 0.000936
 0.000936 0.936192 0.038258 0.024614
 0.834580 0.087416 0.077068 0.000936
 0.112826 0.107930 0.642137 0.137106
 0.000936 0.000825 0.997302 0.000936
 0.000936 0.000825 0.950784 0.047454
 0.000936 0.997302 0.000825 0.000936

MOTIF 56-GCCGCCGCCGCCGSS STREME-56
letter-probability matrix: alength= 4 w= 15 nsites= 87 E= 1.4e+000
 0.000494 0.103583 0.882535 0.013388
 0.000494 0.895429 0.039116 0.064961
 0.026281 0.792282 0.116476 0.064961
 0.000494 0.000436 0.985682 0.013388
 0.000494 0.895429 0.013329 0.090748
 0.000494 0.954545 0.044467 0.000494
 0.000494 0.000436 0.985682 0.013388
 0.026281 0.954545 0.018680 0.000494
 0.000494 0.895429 0.090689 0.013388
 0.039174 0.052009 0.908322 0.000494
 0.026281 0.947002 0.000436 0.026281
 0.026281 0.722464 0.237867 0.013388
 0.052068 0.116476 0.792282 0.039174
 0.052068 0.624668 0.322770 0.000494
 0.090748 0.335663 0.444161 0.129428

MOTIF 57-AAACAAAACAAAACM STREME-57
letter-probability matrix: alength= 4 w= 15 nsites= 106 E= 1.5e+000
 0.935083 0.000359 0.000359 0.064198
 0.977610 0.000359 0.000359 0.021671
 0.945715 0.021623 0.010991 0.021671
 0.000408 0.988194 0.010991 0.000408
 0.807502 0.191731 0.000359 0.000408
 0.988242 0.000359 0.010991 0.000408
 0.988242 0.010991 0.000359 0.000408
 0.966978 0.000359 0.032255 0.000408
 0.000408 0.988194 0.010991 0.000408
 0.807502 0.159836 0.032255 0.000408
 0.924452 0.000359 0.074781 0.000408
 0.988242 0.000359 0.000359 0.011039
 0.816872 0.138572 0.044148 0.000408
 0.186448 0.627633 0.042886 0.143033
 0.611718 0.366251 0.000359 0.021671

MOTIF 58-AAGTCCAAAGT STREME-58
letter-probability matrix: alength= 4 w= 11 nsites= 147 E= 1.6e+000
 0.817650 0.000425 0.156274 0.025650
 0.933966 0.013009 0.039960 0.013064
 0.000482 0.000425 0.998610 0.000482
 0.027435 0.000425 0.000425 0.971714
 0.063401 0.923108 0.013008 0.000482
 0.000482 0.923107 0.050760 0.025650
 0.840861 0.025593 0.113679 0.019867
 0.986083 0.000425 0.000425 0.013066
 0.844030 0.000425 0.140985 0.014559
 0.027435 0.060521 0.898979 0.013065
 0.035596 0.040599 0.122152 0.801653

MOTIF 59-TATTTCACAA STREME-59
letter-probability matrix: alength= 4 w= 10 nsites= 488 E= 1.8e+000
 0.000396 0.101729 0.225573 0.672301
 0.785698 0.060930 0.152976 0.000396
 0.000396 0.000349 0.019630 0.979625
 0.000396 0.000349 0.000349 0.998905
 0.000396 0.000349 0.000349 0.998905
 0.000396 0.998858 0.000349 0.000396
 0.682968 0.121395 0.156584 0.039053
 0.111878 0.851756 0.035969 0.000396
 0.964756 0.034499 0.000349 0.000396
 0.998905 0.000349 0.000349 0.000396

MOTIF 60-CATTCC STREME-60
letter-probability matrix: alength= 4 w= 6 nsites= 2533 E= 1.9e+000
 0.024155 0.930391 0.021300 0.024155
 0.933245 0.021300 0.021300 0.024155
 0.024155 0.021300 0.021300 0.933245
 0.024155 0.021300 0.021300 0.933245
 0.024155 0.930391 0.021300 0.024155
 0.024155 0.930391 0.021300 0.024155

MOTIF 61-AGGAAATG STREME-61
letter-probability matrix: alength= 4 w= 8 nsites= 414 E= 2.3e+000
 0.933245 0.021300 0.021300 0.024155
 0.024155 0.021300 0.930391 0.024155
 0.024155 0.021300 0.930391 0.024155
 0.933245 0.021300 0.021300 0.024155
 0.933245 0.021300 0.021300 0.024155
 0.933245 0.021300 0.021300 0.024155
 0.024155 0.021300 0.021300 0.933245
 0.024155 0.021300 0.930391 0.024155

MOTIF 62-AAGATGGCG STREME-62
letter-probability matrix: alength= 4 w= 9 nsites= 41 E= 2.3e+000
 0.840671 0.001312 0.001312 0.156706
 0.872005 0.125196 0.001312 0.001488
 0.001488 0.001312 0.995713 0.001488
 0.995889 0.001312 0.001312 0.001488
 0.001488 0.001312 0.001312 0.995889
 0.001488 0.001312 0.995713 0.001488
 0.001488 0.001312 0.995713 0.001488
 0.001488 0.995713 0.001312 0.001488
 0.001488 0.001312 0.995713 0.001488

MOTIF 63-CATAGCTCAC STREME-63
letter-probability matrix: alength= 4 w= 10 nsites= 35 E= 2.3e+000
 0.024155 0.930391 0.021300 0.024155
 0.933245 0.021300 0.021300 0.024155
 0.024155 0.021300 0.021300 0.933245
 0.933245 0.021300 0.021300 0.024155
 0.024155 0.021300 0.930391 0.024155
 0.024155 0.930391 0.021300 0.024155
 0.024155 0.021300 0.021300 0.933245
 0.024155 0.930391 0.021300 0.024155
 0.933245 0.021300 0.021300 0.024155
 0.024155 0.930391 0.021300 0.024155

MOTIF 64-AGGCCTCCTTG STREME-64
letter-probability matrix: alength= 4 w= 11 nsites= 74 E= 2.3e+000
 0.933245 0.021300 0.021300 0.024155
 0.024155 0.021300 0.930391 0.024155
 0.024155 0.021300 0.930391 0.024155
 0.024155 0.930391 0.021300 0.024155
 0.024155 0.930391 0.021300 0.024155
 0.024155 0.021300 0.021300 0.933245
 0.024155 0.930391 0.021300 0.024155
 0.024155 0.930391 0.021300 0.024155
 0.024155 0.021300 0.021300 0.933245
 0.024155 0.021300 0.021300 0.933245
 0.024155 0.021300 0.930391 0.024155

MOTIF 65-GTCTTAGGACCA STREME-65
letter-probability matrix: alength= 4 w= 12 nsites= 43 E= 2.3e+000
 0.001032 0.000910 0.997026 0.001032
 0.054876 0.027832 0.027832 0.889459
 0.001032 0.916260 0.000910 0.081798
 0.001032 0.027832 0.027832 0.943304
 0.001032 0.000910 0.000910 0.997148
 0.970226 0.000910 0.027832 0.001032
 0.054876 0.000910 0.943182 0.001032
 0.001032 0.000910 0.997026 0.001032
 0.970226 0.000910 0.000910 0.027954
 0.081798 0.862415 0.000910 0.054876
 0.054876 0.943182 0.000910 0.001032
 0.943304 0.000910 0.027832 0.027954

MOTIF 66-CCAGCCTGGGCAAC STREME-66
letter-probability matrix: alength= 4 w= 14 nsites= 82 E= 2.3e+000
 0.025302 0.956237 0.005571 0.012889
 0.025302 0.849670 0.012833 0.112195
 0.986272 0.012833 0.000420 0.000476
 0.025302 0.025246 0.911736 0.037716
 0.000476 0.948976 0.012833 0.037716
 0.000476 0.961389 0.037659 0.000476
 0.012889 0.000420 0.012833 0.973858
 0.012889 0.012833 0.961389 0.012889
 0.062542 0.000420 0.936563 0.000476
 0.012889 0.273510 0.700711 0.012889
 0.012889 0.936563 0.037659 0.012889
 0.874553 0.000420 0.124552 0.000476
 0.998685 0.000420 0.000420 0.000476
 0.012889 0.849670 0.037659 0.099782

MOTIF 67-ACATCCTGCACAGC STREME-67
letter-probability matrix: alength= 4 w= 14 nsites= 41 E= 2.3e+000
 0.967610 0.000990 0.030278 0.001123
 0.001123 0.996764 0.000990 0.001123
 0.879747 0.030278 0.088853 0.001123
 0.001123 0.147427 0.030278 0.821172
 0.001123 0.967477 0.000990 0.030410
 0.001123 0.967477 0.000990 0.030410
 0.001123 0.000990 0.000990 0.996897
 0.001123 0.000990 0.996764 0.001123
 0.001123 0.967477 0.000990 0.030410
 0.967610 0.000990 0.030278 0.001123
 0.001123 0.938189 0.000990 0.059698
 0.909035 0.000990 0.059565 0.030410
 0.030410 0.000990 0.967477 0.001123
 0.001123 0.996764 0.000990 0.001123

MOTIF 68-CCCCAACCCTGTGC STREME-68
letter-probability matrix: alength= 4 w= 14 nsites= 30 E= 2.3e+000
 0.001588 0.871171 0.001400 0.125841
 0.001588 0.995424 0.001400 0.001588
 0.043005 0.829754 0.084236 0.043005
 0.001588 0.954007 0.042818 0.001588
 0.995612 0.001400 0.001400 0.001588
 0.954194 0.001400 0.001400 0.043005
 0.001588 0.995424 0.001400 0.001588
 0.001588 0.954007 0.001400 0.043005
 0.001588 0.995424 0.001400 0.001588
 0.001588 0.001400 0.042818 0.954194
 0.001588 0.001400 0.995424 0.001588
 0.001588 0.001400 0.001400 0.995612
 0.001588 0.001400 0.995424 0.001588
 0.001588 0.912589 0.042818 0.043005

MOTIF 69-AACTTCCCAGYGGCT STREME-69
letter-probability matrix: alength= 4 w= 15 nsites= 50 E= 2.3e+000
 0.974947 0.000766 0.000766 0.023521
 0.952294 0.000766 0.046072 0.000868
 0.000868 0.997497 0.000766 0.000868
 0.023521 0.023419 0.023419 0.929641
 0.046174 0.023419 0.000766 0.929641
 0.000868 0.952191 0.000766 0.046174
 0.000868 0.952191 0.000766 0.046174
 0.023521 0.952191 0.000766 0.023521
 0.771070 0.000766 0.000766 0.227398
 0.000868 0.023419 0.952191 0.023521
 0.159439 0.317908 0.000766 0.521887
 0.136786 0.023419 0.816273 0.023521
 0.000868 0.000766 0.997497 0.000868
 0.000868 0.974844 0.000766 0.023521
 0.000868 0.000766 0.000766 0.997600

MOTIF 70-ACAAACA STREME-70
letter-probability matrix: alength= 4 w= 7 nsites= 1388 E= 2.7e+000
 0.933245 0.021300 0.021300 0.024155
 0.024155 0.930391 0.021300 0.024155
 0.933245 0.021300 0.021300 0.024155
 0.933245 0.021300 0.021300 0.024155
 0.933245 0.021300 0.021300 0.024155
 0.024155 0.930391 0.021300 0.024155
 0.933245 0.021300 0.021300 0.024155

MOTIF 71-AAATATTT STREME-71
letter-probability matrix: alength= 4 w= 8 nsites= 149 E= 3.5e+000
 0.933245 0.021300 0.021300 0.024155
 0.933245 0.021300 0.021300 0.024155
 0.933245 0.021300 0.021300 0.024155
 0.024155 0.021300 0.021300 0.933245
 0.933245 0.021300 0.021300 0.024155
 0.024155 0.021300 0.021300 0.933245
 0.024155 0.021300 0.021300 0.933245
 0.024155 0.021300 0.021300 0.933245

MOTIF 72-GAGAGAGAGARAGAG STREME-72
letter-probability matrix: alength= 4 w= 15 nsites= 123 E= 3.5e+000
 0.042636 0.023258 0.916514 0.017592
 0.899186 0.011822 0.065682 0.023310
 0.023310 0.046130 0.930122 0.000438
 0.964481 0.000387 0.034694 0.000438
 0.091924 0.039440 0.845326 0.023310
 0.930174 0.034694 0.011822 0.023310
 0.023310 0.000387 0.964429 0.011874
 0.918738 0.046130 0.034694 0.000438
 0.057617 0.000387 0.941558 0.000438
 0.925428 0.073747 0.000387 0.000438
 0.531229 0.103308 0.353588 0.011874
 0.930174 0.034694 0.023258 0.011874
 0.011874 0.046130 0.918686 0.023310
 0.884431 0.046130 0.046129 0.023310
 0.080489 0.011822 0.842770 0.064919

MOTIF 73-ATGTTAATTACCYAC STREME-73
letter-probability matrix: alength= 4 w= 15 nsites= 48 E= 9.4e+000
 0.997544 0.000784 0.000784 0.000889
 0.093601 0.000784 0.139852 0.765764
 0.070423 0.000784 0.904727 0.024067
 0.000889 0.000784 0.023962 0.974366
 0.000889 0.070318 0.023962 0.904832
 0.835298 0.000784 0.000784 0.163135
 0.997544 0.000784 0.000784 0.000889
 0.000889 0.000784 0.000784 0.997544
 0.000889 0.000784 0.000784 0.997544
 0.997544 0.000784 0.000784 0.000889
 0.000889 0.812015 0.000784 0.186313
 0.000889 0.997439 0.000784 0.000889
 0.000889 0.626591 0.000784 0.371737
 0.673052 0.023962 0.116674 0.186313
 0.000889 0.951083 0.023962 0.024067

MOTIF 74-GCGCCCGGCC STREME-74
letter-probability matrix: alength= 4 w= 10 nsites= 145 E= 1.5e+001
 0.014654 0.047851 0.915209 0.022285
 0.033949 0.900043 0.008442 0.057566
 0.057475 0.007557 0.923152 0.011816
 0.014657 0.908831 0.072793 0.003719
 0.000661 0.956866 0.007844 0.034629
 0.000541 0.834976 0.003987 0.160496
 0.000541 0.010938 0.957746 0.030775
 0.006399 0.095071 0.883874 0.014656
 0.009733 0.975136 0.014590 0.000541
 0.030775 0.939893 0.000879 0.028453

MOTIF 75-AGCCTTGCTCACT STREME-75
letter-probability matrix: alength= 4 w= 13 nsites= 53 E= 1.9e+001
 0.933245 0.021300 0.021300 0.024155
 0.024155 0.021300 0.930391 0.024155
 0.024155 0.930391 0.021300 0.024155
 0.024155 0.930391 0.021300 0.024155
 0.024155 0.021300 0.021300 0.933245
 0.024155 0.021300 0.021300 0.933245
 0.024155 0.021300 0.930391 0.024155
 0.024155 0.930391 0.021300 0.024155
 0.024155 0.021300 0.021300 0.933245
 0.024155 0.930391 0.021300 0.024155
 0.933245 0.021300 0.021300 0.024155
 0.024155 0.930391 0.021300 0.024155
 0.024155 0.021300 0.021300 0.933245

********************************************************************************
Stopped because 3 consecutive motifs exceeded the p-value threshold (0.05).
********************************************************************************
COMMAND:	streme --verbosity 1 --oc meme_out_incomplete_DL/HepG2_FOXA1-human_ENCFF356THI/streme_out -dna --seed 0 --p meme_out_incomplete_DL/HepG2_FOXA1-human_ENCFF356THI/seqs-centered --minw 6 --maxw 15 --time 6162 --order 2 --thresh 0.05 --align center --totallength 4000000 --parse-genomic-coord
********************************************************************************
CPU:		9f05ee173ae9
********************************************************************************
FINALTIME:	3482.13 seconds
********************************************************************************
