********************************************************************************
STREME - Sensitive, Thorough, Rapid, Enriched Motif Elicitation
********************************************************************************
MEME version 5.5.3 (Release date: Sat Jun 10 16:19:38 2023 -0700)

For further information on how to interpret these results please access http://localhost:8080/meme_5.5.3.
To get a copy of the MEME Suite software please access https://meme-suite.org.

********************************************************************************


********************************************************************************
REFERENCE
********************************************************************************
If you use this program in your research, please cite:

Timothy L. Bailey,
"STREME: accurate and versatile sequence motif discovery",
Bioinformatics, Mar. 24, 2021.
********************************************************************************


ALPHABET= ACGT

strands: + -

Background letter frequencies
A 0.182 C 0.318 G 0.318 T 0.182 

MOTIF 1-CCCMGCCCC STREME-1
letter-probability matrix: alength= 4 w= 9 nsites= 2596 E= 5.4e-010
 0.000061 0.981790 0.000106 0.018043
 0.016948 0.939994 0.030723 0.012335
 0.037745 0.884071 0.014376 0.063809
 0.471357 0.435804 0.023589 0.069250
 0.065363 0.007815 0.877814 0.049007
 0.116003 0.827025 0.032434 0.024538
 0.088219 0.859934 0.034815 0.017032
 0.007508 0.938080 0.004726 0.049685
 0.028069 0.829951 0.012220 0.129760

MOTIF 2-ACTTCCGGKTC STREME-2
letter-probability matrix: alength= 4 w= 11 nsites= 171 E= 1.6e-003
 0.892800 0.019587 0.046520 0.041092
 0.004996 0.977092 0.001160 0.016751
 0.000128 0.050926 0.000223 0.948723
 0.000128 0.005904 0.034300 0.959668
 0.004996 0.970315 0.005091 0.019599
 0.065663 0.874382 0.059827 0.000128
 0.056148 0.000223 0.917143 0.026486
 0.068059 0.123119 0.639867 0.168955
 0.000128 0.181240 0.474050 0.344583
 0.036222 0.186734 0.132362 0.644682
 0.014731 0.725026 0.062160 0.198083

MOTIF 3-CTCGGCCTCC STREME-3
letter-probability matrix: alength= 4 w= 10 nsites= 571 E= 5.2e-003
 0.020787 0.957402 0.021675 0.000136
 0.000136 0.000237 0.000237 0.999391
 0.013876 0.872077 0.000237 0.113810
 0.228857 0.048272 0.722736 0.000136
 0.023619 0.000237 0.875336 0.100808
 0.000136 0.986489 0.000237 0.013139
 0.000269 0.683057 0.174195 0.142479
 0.021919 0.000237 0.000237 0.977608
 0.005814 0.951135 0.042915 0.000136
 0.028979 0.743645 0.120908 0.106467

MOTIF 4-AAGATGGCGG STREME-4
letter-probability matrix: alength= 4 w= 10 nsites= 161 E= 1.1e-002
 0.987566 0.000372 0.000372 0.011691
 0.875374 0.112564 0.000372 0.011691
 0.000213 0.165320 0.834254 0.000213
 0.999043 0.000372 0.000372 0.000213
 0.000213 0.000372 0.000372 0.999043
 0.024548 0.081486 0.885642 0.008324
 0.024548 0.060522 0.854573 0.060358
 0.073229 0.828623 0.005300 0.092848
 0.014682 0.133982 0.786011 0.065325
 0.114529 0.152764 0.649588 0.083118

MOTIF 5-RYGGCGGCGGC STREME-5
letter-probability matrix: alength= 4 w= 11 nsites= 872 E= 1.2e-002
 0.606159 0.000084 0.380505 0.013253
 0.071335 0.333806 0.000084 0.594774
 0.001882 0.096720 0.901350 0.000048
 0.054568 0.000084 0.940871 0.004477
 0.000048 0.873649 0.000084 0.126218
 0.046246 0.000084 0.912182 0.041488
 0.320317 0.000084 0.674361 0.005238
 0.011969 0.987899 0.000084 0.000048
 0.071669 0.139882 0.729325 0.059124
 0.144713 0.093961 0.576504 0.184822
 0.062536 0.804646 0.072341 0.060477

MOTIF 6-CACGTGAY STREME-6
letter-probability matrix: alength= 4 w= 8 nsites= 375 E= 2.1e-002
 0.070495 0.920896 0.006525 0.002084
 0.972040 0.000380 0.000380 0.027200
 0.098139 0.884875 0.000380 0.016607
 0.029498 0.000380 0.969904 0.000218
 0.000218 0.000380 0.000380 0.999022
 0.005256 0.080866 0.894254 0.019624
 0.585119 0.175122 0.216851 0.022908
 0.000218 0.432866 0.000380 0.566536

MOTIF 7-CCAGCCTGGSCAACA STREME-7
letter-probability matrix: alength= 4 w= 15 nsites= 120 E= 2.7e-002
 0.009068 0.954950 0.000405 0.035577
 0.009068 0.848916 0.018076 0.123939
 0.981286 0.018076 0.000405 0.000233
 0.009068 0.000405 0.937277 0.053250
 0.009068 0.919603 0.018076 0.053252
 0.009068 0.919607 0.000405 0.070920
 0.009068 0.000405 0.000405 0.990122
 0.044415 0.018076 0.937276 0.000233
 0.035578 0.000405 0.963785 0.000233
 0.009068 0.353960 0.601394 0.035577
 0.026741 0.769373 0.000405 0.203482
 0.751524 0.000405 0.247838 0.000233
 0.990122 0.000405 0.009241 0.000233
 0.026740 0.884262 0.000405 0.088593
 0.910599 0.035748 0.044585 0.009068

MOTIF 8-AGGAGGAAGAGA STREME-8
letter-probability matrix: alength= 4 w= 12 nsites= 1901 E= 7.7e-002
 0.818776 0.040312 0.092687 0.048224
 0.067890 0.105415 0.771369 0.055326
 0.073974 0.078546 0.778916 0.068564
 0.890804 0.013346 0.027417 0.068432
 0.076838 0.063500 0.780406 0.079256
 0.073868 0.068554 0.810840 0.046738
 0.661554 0.116815 0.129169 0.092462
 0.818161 0.037402 0.107503 0.036934
 0.110662 0.082058 0.776684 0.030596
 0.531465 0.124355 0.202700 0.141480
 0.139354 0.130237 0.647698 0.082711
 0.609250 0.122870 0.214642 0.053238

MOTIF 9-TGCGCATGCGCA STREME-9
letter-probability matrix: alength= 4 w= 12 nsites= 142 E= 8.9e-002
 0.021256 0.173995 0.069161 0.735588
 0.026501 0.000481 0.972742 0.000276
 0.016011 0.962255 0.010969 0.010765
 0.021254 0.000481 0.977989 0.000276
 0.000276 0.993723 0.000481 0.005520
 0.628961 0.170469 0.154776 0.045794
 0.045794 0.154776 0.170469 0.628961
 0.005520 0.000481 0.993723 0.000276
 0.000276 0.977989 0.000481 0.021254
 0.010765 0.010969 0.962255 0.016011
 0.000276 0.972742 0.000481 0.026501
 0.735588 0.069161 0.173995 0.021256

MOTIF 10-AAAAAWAMAAAAA STREME-10
letter-probability matrix: alength= 4 w= 13 nsites= 205 E= 1.0e-001
 0.915124 0.021304 0.016041 0.047531
 0.915126 0.047634 0.005507 0.031733
 0.936188 0.016039 0.021307 0.026466
 0.781279 0.149882 0.063435 0.005404
 0.876079 0.021304 0.076150 0.026467
 0.441990 0.037106 0.005507 0.515398
 0.951988 0.000241 0.031835 0.015935
 0.384818 0.513330 0.075385 0.026466
 0.952883 0.025674 0.000241 0.021202
 0.873000 0.089760 0.000241 0.036999
 0.894065 0.084493 0.000241 0.021201
 0.836130 0.079235 0.005510 0.079125
 0.936189 0.010773 0.010772 0.042265

MOTIF 11-CCGCAGCC STREME-11
letter-probability matrix: alength= 4 w= 8 nsites= 2522 E= 1.1e-001
 0.047580 0.869562 0.024489 0.058370
 0.041963 0.750017 0.007463 0.200557
 0.025054 0.017395 0.937658 0.019893
 0.019023 0.929215 0.013115 0.038647
 0.848635 0.070845 0.055437 0.025083
 0.029682 0.000615 0.955681 0.014021
 0.011501 0.934350 0.043223 0.010926
 0.012414 0.921253 0.000562 0.065771

MOTIF 12-ATTACAGGCRTGAGC STREME-12
letter-probability matrix: alength= 4 w= 15 nsites= 109 E= 1.1e-001
 0.944980 0.009405 0.027392 0.018223
 0.000237 0.081352 0.000412 0.918000
 0.009230 0.009405 0.027391 0.953974
 0.962967 0.000412 0.009405 0.027216
 0.009230 0.936160 0.018398 0.036212
 0.980953 0.009405 0.009405 0.000237
 0.045202 0.000412 0.945156 0.009230
 0.036209 0.009405 0.918176 0.036210
 0.000237 0.918160 0.009405 0.072198
 0.467986 0.036384 0.468413 0.027217
 0.000237 0.090347 0.018398 0.891018
 0.009230 0.063367 0.918174 0.009230
 0.648198 0.306184 0.009405 0.036212
 0.144128 0.018398 0.819252 0.018223
 0.000237 0.927170 0.027391 0.045202

MOTIF 13-CCGAGTCCCCG STREME-13
letter-probability matrix: alength= 4 w= 11 nsites= 1445 E= 1.2e-001
 0.083632 0.752285 0.050598 0.113486
 0.011695 0.945725 0.016877 0.025703
 0.141027 0.004190 0.771033 0.083750
 0.744004 0.177601 0.049411 0.028984
 0.018060 0.077861 0.858064 0.046015
 0.074060 0.005745 0.020415 0.899780
 0.047633 0.828122 0.034766 0.089479
 0.108319 0.744343 0.094567 0.052771
 0.147223 0.581935 0.137345 0.133496
 0.145528 0.508132 0.210324 0.136017
 0.193490 0.112437 0.585223 0.108850

MOTIF 14-GTAAAYA STREME-14
letter-probability matrix: alength= 4 w= 7 nsites= 387 E= 1.9e-001
 0.147130 0.038536 0.790552 0.023782
 0.000216 0.041265 0.000376 0.958143
 0.999032 0.000376 0.000376 0.000216
 0.910701 0.020240 0.025993 0.043067
 0.861712 0.049506 0.027160 0.061623
 0.000216 0.441937 0.000376 0.557471
 0.917422 0.000376 0.081985 0.000216

MOTIF 15-CACCRCGCCCGGCYA STREME-15
letter-probability matrix: alength= 4 w= 15 nsites= 120 E= 3.0e-001
 0.000235 0.990205 0.009325 0.000235
 0.927613 0.000409 0.071744 0.000235
 0.009151 0.972372 0.000409 0.018068
 0.000235 0.901038 0.018242 0.080486
 0.455015 0.000409 0.535425 0.009151
 0.053735 0.624602 0.053909 0.267753
 0.107236 0.009325 0.847537 0.035902
 0.009151 0.927788 0.018242 0.044819
 0.071569 0.874287 0.018242 0.035902
 0.000235 0.758366 0.000409 0.240991
 0.241003 0.036076 0.695936 0.026985
 0.009151 0.000409 0.972372 0.018068
 0.000235 0.954537 0.036077 0.009151
 0.000235 0.544342 0.009325 0.446098
 0.633353 0.107411 0.098499 0.160737

MOTIF 16-TCAGCACCAYGGACA STREME-16
letter-probability matrix: alength= 4 w= 15 nsites= 116 E= 3.0e-001
 0.000253 0.067640 0.086837 0.845270
 0.009852 0.989455 0.000440 0.000253
 0.998868 0.000440 0.000440 0.000253
 0.009852 0.000440 0.989455 0.000253
 0.048251 0.883859 0.038838 0.029051
 0.989268 0.000440 0.000440 0.009852
 0.000253 0.979856 0.010039 0.009852
 0.000253 0.970256 0.000440 0.029051
 0.576417 0.048437 0.202092 0.173053
 0.134671 0.375023 0.077240 0.413066
 0.000253 0.000440 0.999055 0.000253
 0.009852 0.000440 0.989455 0.000253
 0.912470 0.086838 0.000440 0.000253
 0.000253 0.883855 0.077241 0.038652
 0.998868 0.000440 0.000440 0.000253

MOTIF 17-AGGTGAGGRCG STREME-17
letter-probability matrix: alength= 4 w= 11 nsites= 311 E= 3.3e-001
 0.915948 0.068517 0.015444 0.000091
 0.003553 0.080240 0.912653 0.003553
 0.027200 0.000159 0.856460 0.116181
 0.000091 0.008520 0.000159 0.991231
 0.132826 0.035294 0.816503 0.015377
 0.941320 0.029293 0.029295 0.000091
 0.000091 0.025830 0.941110 0.032968
 0.091267 0.116854 0.533588 0.258291
 0.493013 0.045830 0.256697 0.204460
 0.231675 0.564727 0.140612 0.062986
 0.185007 0.159825 0.651615 0.003553

MOTIF 18-AACTCCTGACCTCAA STREME-18
letter-probability matrix: alength= 4 w= 15 nsites= 97 E= 4.5e-001
 0.939901 0.024023 0.035766 0.000309
 0.916416 0.024023 0.047509 0.012052
 0.000309 0.940130 0.024023 0.035537
 0.023794 0.000538 0.000538 0.975130
 0.000309 0.951873 0.012281 0.035537
 0.012052 0.940129 0.012281 0.035539
 0.012052 0.035766 0.000538 0.951644
 0.059022 0.024023 0.904902 0.012052
 0.728514 0.035766 0.223668 0.012052
 0.059027 0.728745 0.141459 0.070770
 0.035537 0.893158 0.024023 0.047281
 0.023794 0.012281 0.012281 0.951644
 0.012052 0.928388 0.012281 0.047280
 0.892926 0.024023 0.059256 0.023794
 0.599276 0.024023 0.294189 0.082512

MOTIF 19-AGACGGGGTTTCA STREME-19
letter-probability matrix: alength= 4 w= 13 nsites= 87 E= 4.5e-001
 0.987024 0.000532 0.012138 0.000305
 0.000305 0.000532 0.998857 0.000305
 0.905776 0.035352 0.023745 0.035127
 0.011912 0.685418 0.012138 0.290531
 0.244077 0.000532 0.755086 0.000305
 0.058340 0.035353 0.906001 0.000305
 0.209245 0.012138 0.778311 0.000305
 0.046733 0.000532 0.952429 0.000305
 0.023519 0.000532 0.035352 0.940598
 0.011912 0.290728 0.000532 0.696828
 0.011912 0.012138 0.023745 0.952204
 0.000305 0.940824 0.000532 0.058339
 0.720047 0.000532 0.221081 0.058340

MOTIF 20-AGTAGCTGGGACTA STREME-20
letter-probability matrix: alength= 4 w= 14 nsites= 62 E= 4.5e-001
 0.930384 0.017680 0.051491 0.000445
 0.017350 0.051491 0.879996 0.051162
 0.000445 0.051491 0.000775 0.947289
 0.913478 0.034586 0.034586 0.017350
 0.017350 0.068397 0.896902 0.017350
 0.017350 0.879996 0.034586 0.068067
 0.000445 0.068397 0.000775 0.930384
 0.084975 0.017680 0.879994 0.017350
 0.101878 0.000775 0.846185 0.051162
 0.017350 0.034586 0.913808 0.034256
 0.947289 0.034586 0.000775 0.017350
 0.034256 0.710934 0.034586 0.220224
 0.068067 0.085309 0.000775 0.845849
 0.862761 0.017680 0.085303 0.034256

MOTIF 21-CCAAGGTCACA STREME-21
letter-probability matrix: alength= 4 w= 11 nsites= 168 E= 4.8e-001
 0.063402 0.753743 0.079946 0.102909
 0.043653 0.854432 0.030615 0.071300
 0.906815 0.039863 0.021517 0.031805
 0.894439 0.035236 0.035240 0.035085
 0.050883 0.063555 0.861657 0.023905
 0.045061 0.024059 0.903697 0.027183
 0.008107 0.027340 0.000362 0.964191
 0.058779 0.881344 0.031959 0.027918
 0.885832 0.040982 0.057180 0.016006
 0.016006 0.869555 0.063556 0.050883
 0.770583 0.138676 0.058936 0.031805

MOTIF 22-ACTCACC STREME-22
letter-probability matrix: alength= 4 w= 7 nsites= 241 E= 7.2e-001
 0.925673 0.028873 0.028873 0.016582
 0.016582 0.937964 0.028873 0.016582
 0.016582 0.028873 0.028873 0.925673
 0.016582 0.937964 0.028873 0.016582
 0.925673 0.028873 0.028873 0.016582
 0.016582 0.937964 0.028873 0.016582
 0.016582 0.937964 0.028873 0.016582

MOTIF 23-ACTACAAYTCCCAG STREME-23
letter-probability matrix: alength= 4 w= 14 nsites= 59 E= 9.0e-001
 0.980774 0.017986 0.000788 0.000453
 0.000453 0.998307 0.000788 0.000453
 0.000453 0.035184 0.000788 0.963576
 0.929180 0.000788 0.069579 0.000453
 0.034848 0.946713 0.000788 0.017650
 0.894778 0.017986 0.086784 0.000453
 0.533611 0.103977 0.138375 0.224037
 0.138037 0.379153 0.052384 0.430426
 0.017650 0.052384 0.052381 0.877585
 0.017650 0.946713 0.017986 0.017650
 0.017650 0.963911 0.000788 0.017650
 0.017650 0.946713 0.000788 0.034848
 0.877587 0.000788 0.103975 0.017650
 0.120839 0.155568 0.602755 0.120837

MOTIF 24-AGAATYGCTTGAACC STREME-24
letter-probability matrix: alength= 4 w= 15 nsites= 46 E= 9.0e-001
 0.996825 0.001233 0.001233 0.000708
 0.027628 0.001233 0.916592 0.054547
 0.916067 0.028153 0.055072 0.000708
 0.916067 0.081991 0.001233 0.000708
 0.000708 0.001233 0.001233 0.996825
 0.081466 0.458914 0.162749 0.296871
 0.054547 0.001233 0.916592 0.027628
 0.000708 0.889673 0.028153 0.081466
 0.054547 0.001233 0.108910 0.835309
 0.000708 0.001233 0.001233 0.996825
 0.000708 0.001233 0.916592 0.081466
 0.889148 0.001233 0.028153 0.081466
 0.808390 0.081991 0.081991 0.027628
 0.027628 0.916589 0.001233 0.054550
 0.027628 0.943511 0.028153 0.000708

MOTIF 25-GCCTCAGTTTCCYCA STREME-25
letter-probability matrix: alength= 4 w= 15 nsites= 42 E= 1.0e+000
 0.031927 0.001425 0.965829 0.000819
 0.125258 0.779172 0.001425 0.094145
 0.000819 0.996937 0.001425 0.000819
 0.000819 0.001425 0.001425 0.996331
 0.000819 0.996937 0.001425 0.000819
 0.965222 0.001425 0.032534 0.000819
 0.063036 0.001425 0.903611 0.031927
 0.000819 0.001425 0.001425 0.996331
 0.000819 0.063643 0.032534 0.903004
 0.000819 0.001425 0.001425 0.996331
 0.000819 0.872502 0.063643 0.063036
 0.063036 0.779176 0.001425 0.156363
 0.031927 0.374746 0.001425 0.591901
 0.000819 0.841390 0.032534 0.125258
 0.498575 0.094752 0.188082 0.218592

MOTIF 26-CCACTTCCC STREME-26
letter-probability matrix: alength= 4 w= 9 nsites= 734 E= 1.2e+000
 0.000246 0.968544 0.000428 0.030782
 0.137063 0.720825 0.070060 0.072052
 0.954143 0.000428 0.000428 0.045002
 0.024055 0.914557 0.000428 0.060960
 0.206781 0.050304 0.048831 0.694085
 0.001246 0.000428 0.047077 0.951249
 0.093142 0.883867 0.000428 0.022563
 0.000246 0.991840 0.007668 0.000246
 0.030306 0.672274 0.131211 0.166209

MOTIF 27-AGTGCAGTGGYRCGA STREME-27
letter-probability matrix: alength= 4 w= 15 nsites= 46 E= 3.6e+000
 0.949747 0.048541 0.001087 0.000624
 0.024351 0.001087 0.973937 0.000624
 0.048078 0.001087 0.001087 0.949747
 0.071805 0.048541 0.879029 0.000624
 0.071805 0.926483 0.001087 0.000624
 0.973474 0.001087 0.024814 0.000624
 0.142986 0.001087 0.855302 0.000624
 0.000624 0.072268 0.001087 0.926020
 0.048078 0.001087 0.950210 0.000624
 0.142986 0.001087 0.831575 0.024351
 0.000624 0.570552 0.001087 0.427736
 0.380274 0.048541 0.570561 0.000624
 0.119259 0.570570 0.072268 0.237903
 0.285357 0.024814 0.689205 0.000624
 0.997201 0.001087 0.001087 0.000624

MOTIF 28-CCCGGGTC STREME-28
letter-probability matrix: alength= 4 w= 8 nsites= 1327 E= 7.5e+000
 0.013186 0.854786 0.000609 0.131420
 0.042202 0.931541 0.000609 0.025649
 0.064339 0.678228 0.141589 0.115844
 0.000350 0.000609 0.998692 0.000350
 0.077873 0.000609 0.921169 0.000350
 0.000350 0.000609 0.977579 0.021462
 0.090896 0.082534 0.102442 0.724128
 0.010320 0.911434 0.021210 0.057036

MOTIF 29-ACRCACACACACACD STREME-29
letter-probability matrix: alength= 4 w= 15 nsites= 129 E= 1.4e+001
 0.917913 0.031575 0.031575 0.018938
 0.062741 0.755336 0.025317 0.156606
 0.310914 0.094152 0.519678 0.075256
 0.025195 0.880489 0.050348 0.043968
 0.936686 0.000287 0.031575 0.031453
 0.056483 0.842943 0.075378 0.025195
 0.746358 0.025317 0.146811 0.081514
 0.087772 0.836685 0.050348 0.025195
 0.761470 0.069121 0.075378 0.094031
 0.000165 0.905519 0.056605 0.037710
 0.736439 0.100409 0.119183 0.043969
 0.062741 0.893004 0.000287 0.043968
 0.780244 0.131697 0.050348 0.037711
 0.087772 0.736563 0.100409 0.075257
 0.266991 0.156846 0.194280 0.381884

********************************************************************************
Stopped because 3 consecutive motifs exceeded the p-value threshold (0.05).
********************************************************************************
COMMAND:	streme --verbosity 1 --oc meme_out_incomplete_DL/HepG2_GLI4-human_ENCFF707KQF/streme_out -dna --seed 0 --p meme_out_incomplete_DL/HepG2_GLI4-human_ENCFF707KQF/seqs-centered --minw 6 --maxw 15 --time 6190 --order 2 --thresh 0.05 --align center --totallength 4000000 --parse-genomic-coord
********************************************************************************
CPU:		9f05ee173ae9
********************************************************************************
FINALTIME:	434.10 seconds
********************************************************************************
