********************************************************************************
STREME - Sensitive, Thorough, Rapid, Enriched Motif Elicitation
********************************************************************************
MEME version 5.5.3 (Release date: Sat Jun 10 16:19:38 2023 -0700)

For further information on how to interpret these results please access http://localhost:8080/meme_5.5.3.
To get a copy of the MEME Suite software please access https://meme-suite.org.

********************************************************************************


********************************************************************************
REFERENCE
********************************************************************************
If you use this program in your research, please cite:

Timothy L. Bailey,
"STREME: accurate and versatile sequence motif discovery",
Bioinformatics, Mar. 24, 2021.
********************************************************************************


ALPHABET= ACGT

strands: + -

Background letter frequencies
A 0.187 C 0.313 G 0.313 T 0.187 

MOTIF 1-GGGGGCGGGGCSKGG STREME-1
letter-probability matrix: alength= 4 w= 15 nsites= 4134 E= 8.8e-052
 0.203302 0.242769 0.519088 0.034841
 0.078961 0.013435 0.805907 0.101698
 0.129231 0.000013 0.870748 0.000008
 0.000008 0.000013 0.999972 0.000008
 0.000008 0.000013 0.999972 0.000008
 0.000008 0.936682 0.000013 0.063297
 0.000008 0.000013 0.999972 0.000008
 0.000008 0.000013 0.916023 0.083957
 0.078738 0.000013 0.900612 0.020638
 0.096353 0.000013 0.887894 0.015741
 0.102182 0.793798 0.019594 0.084425
 0.060732 0.472728 0.272326 0.194215
 0.181331 0.137261 0.422685 0.258723
 0.140318 0.256127 0.546109 0.057446
 0.139148 0.228548 0.583365 0.048939

MOTIF 2-TGCGCATGCGCA STREME-2
letter-probability matrix: alength= 4 w= 12 nsites= 1046 E= 2.2e-021
 0.055742 0.240656 0.102076 0.601526
 0.085027 0.000059 0.914222 0.000692
 0.067780 0.930812 0.000059 0.001349
 0.027971 0.000059 0.971934 0.000035
 0.003397 0.996235 0.000059 0.000308
 0.694869 0.175478 0.105283 0.024370
 0.024370 0.105283 0.175478 0.694869
 0.000308 0.000059 0.996235 0.003397
 0.000035 0.971934 0.000059 0.027971
 0.001349 0.000059 0.930812 0.067780
 0.000692 0.914222 0.000059 0.085027
 0.601526 0.102076 0.240656 0.055742

MOTIF 3-CYGATTGGCYG STREME-3
letter-probability matrix: alength= 4 w= 11 nsites= 1981 E= 1.3e-020
 0.050211 0.667325 0.179668 0.102796
 0.000020 0.383727 0.035213 0.581039
 0.007365 0.304261 0.614766 0.073607
 0.999914 0.000033 0.000033 0.000020
 0.000020 0.000033 0.000033 0.999914
 0.008664 0.000033 0.000033 0.991270
 0.000020 0.000033 0.999927 0.000020
 0.000020 0.000033 0.999927 0.000020
 0.072890 0.675113 0.018973 0.233024
 0.000020 0.376453 0.020348 0.603179
 0.239494 0.169067 0.534387 0.057053

MOTIF 4-ACTACAWYTCCCAGV STREME-4
letter-probability matrix: alength= 4 w= 15 nsites= 624 E= 1.3e-015
 0.982947 0.016924 0.000081 0.000048
 0.001837 0.996245 0.000081 0.001837
 0.000048 0.035861 0.000081 0.964010
 0.929277 0.026916 0.034814 0.008993
 0.000048 0.998034 0.000081 0.001837
 0.854882 0.032283 0.105631 0.007204
 0.517809 0.082374 0.073429 0.326387
 0.060874 0.372191 0.142153 0.424782
 0.037617 0.034072 0.000081 0.928231
 0.003626 0.967621 0.001870 0.026883
 0.000048 0.999823 0.000081 0.000048
 0.003626 0.987300 0.000081 0.008993
 0.747543 0.000081 0.246961 0.005415
 0.089498 0.057328 0.731474 0.121700
 0.353222 0.392612 0.220127 0.034039

MOTIF 5-GGGGCGGGA STREME-5
letter-probability matrix: alength= 4 w= 9 nsites= 3969 E= 3.2e-015
 0.216162 0.023300 0.628276 0.132262
 0.159739 0.072609 0.637980 0.129672
 0.019731 0.000081 0.980139 0.000049
 0.000049 0.000081 0.996979 0.002891
 0.027129 0.947466 0.000081 0.025324
 0.000049 0.000081 0.999822 0.000049
 0.000049 0.000081 0.999822 0.000049
 0.000049 0.000081 0.999822 0.000049
 0.823672 0.105552 0.059541 0.011234

MOTIF 6-CACTTCCGGBN STREME-6
letter-probability matrix: alength= 4 w= 11 nsites= 1192 E= 3.9e-014
 0.059831 0.786368 0.063934 0.089867
 0.982118 0.000063 0.017788 0.000030
 0.000030 0.969332 0.013928 0.016710
 0.023352 0.008352 0.017850 0.950445
 0.013949 0.000239 0.011484 0.974329
 0.006790 0.979998 0.003915 0.009297
 0.000638 0.989636 0.008812 0.000914
 0.007805 0.022765 0.852558 0.116872
 0.036828 0.146456 0.770278 0.046438
 0.048942 0.466757 0.239022 0.245278
 0.311733 0.220654 0.158008 0.309606

MOTIF 7-GTSACGTSAC STREME-7
letter-probability matrix: alength= 4 w= 10 nsites= 1041 E= 1.2e-013
 0.164700 0.125731 0.691052 0.018517
 0.019064 0.123659 0.033577 0.823700
 0.015263 0.480881 0.453100 0.050756
 0.993166 0.000060 0.002165 0.004609
 0.000036 0.939617 0.004846 0.055501
 0.055501 0.004846 0.939617 0.000036
 0.004609 0.002165 0.000060 0.993166
 0.050756 0.453100 0.480881 0.015263
 0.823700 0.033577 0.123659 0.019064
 0.018517 0.691052 0.125731 0.164700

MOTIF 8-CCRSCAGRGGGCG STREME-8
letter-probability matrix: alength= 4 w= 13 nsites= 1280 E= 3.8e-012
 0.079108 0.845874 0.029868 0.045151
 0.000029 0.999892 0.000049 0.000029
 0.598233 0.035450 0.308000 0.058317
 0.016824 0.577946 0.401932 0.003298
 0.065500 0.594978 0.099602 0.239920
 0.995514 0.000049 0.000049 0.004387
 0.000029 0.000049 0.999892 0.000029
 0.344672 0.000049 0.655249 0.000029
 0.031214 0.020530 0.642213 0.306043
 0.006566 0.000049 0.993355 0.000029
 0.021191 0.000049 0.914636 0.064124
 0.051898 0.905717 0.000049 0.042336
 0.332089 0.000049 0.667832 0.000029

MOTIF 9-CGCCGCCGCCGCCGC STREME-9
letter-probability matrix: alength= 4 w= 15 nsites= 782 E= 1.3e-011
 0.054706 0.839753 0.006527 0.099014
 0.009842 0.000069 0.990047 0.000041
 0.000041 0.907259 0.000069 0.092630
 0.083787 0.788350 0.016019 0.111844
 0.082655 0.000069 0.917235 0.000041
 0.029201 0.878100 0.000069 0.092630
 0.060185 0.791720 0.048475 0.099620
 0.047487 0.000069 0.948113 0.004331
 0.000041 0.943831 0.000069 0.056058
 0.035613 0.943765 0.000069 0.020553
 0.103872 0.000069 0.862333 0.033726
 0.000041 0.930149 0.000069 0.069740
 0.003755 0.903288 0.006208 0.086749
 0.120362 0.039495 0.764525 0.075617
 0.022295 0.929124 0.008478 0.040103

MOTIF 10-CAAGATGGCG STREME-10
letter-probability matrix: alength= 4 w= 10 nsites= 569 E= 2.3e-011
 0.099596 0.704551 0.144150 0.051703
 0.964663 0.000104 0.000104 0.035128
 0.985172 0.008220 0.000104 0.006503
 0.095046 0.241245 0.650845 0.012864
 0.999729 0.000104 0.000104 0.000062
 0.000062 0.000104 0.000104 0.999729
 0.000168 0.003263 0.986950 0.009618
 0.001020 0.000104 0.982604 0.016271
 0.012958 0.883917 0.000104 0.103021
 0.012958 0.021261 0.949344 0.016437

MOTIF 11-GTAAAYAW STREME-11
letter-probability matrix: alength= 4 w= 8 nsites= 1641 E= 2.7e-010
 0.149480 0.000106 0.850350 0.000063
 0.000063 0.000106 0.000106 0.999725
 0.934750 0.065081 0.000106 0.000063
 0.999725 0.000106 0.000106 0.000063
 0.999725 0.000106 0.000106 0.000063
 0.000063 0.646284 0.000106 0.353547
 0.999725 0.000106 0.000106 0.000063
 0.410929 0.110139 0.172031 0.306901

MOTIF 12-CCCCTCCCCCWSCC STREME-12
letter-probability matrix: alength= 4 w= 14 nsites= 2859 E= 4.1e-010
 0.023469 0.932502 0.000018 0.044010
 0.113463 0.626335 0.000018 0.260185
 0.000011 0.985697 0.000018 0.014274
 0.093982 0.802162 0.012179 0.091677
 0.310460 0.000018 0.000018 0.689503
 0.013971 0.985999 0.000018 0.000011
 0.000011 0.962413 0.037565 0.000011
 0.007525 0.764245 0.000018 0.228212
 0.096934 0.721999 0.003301 0.177766
 0.104567 0.629479 0.064808 0.201145
 0.331164 0.163748 0.127756 0.377332
 0.100874 0.469881 0.290420 0.138824
 0.000011 0.743453 0.124403 0.132133
 0.121321 0.536529 0.121604 0.220546

MOTIF 13-CCTGTAATCCCAGCW STREME-13
letter-probability matrix: alength= 4 w= 15 nsites= 379 E= 3.6e-009
 0.000077 0.940253 0.017118 0.042552
 0.005740 0.965739 0.005791 0.022730
 0.005740 0.000128 0.002959 0.991173
 0.051047 0.005791 0.940253 0.002908
 0.000077 0.011455 0.019950 0.968519
 0.971351 0.008623 0.017118 0.002908
 0.804280 0.000128 0.192684 0.002908
 0.002908 0.011455 0.000128 0.985509
 0.000077 0.948749 0.005791 0.045384
 0.002908 0.957244 0.005791 0.034057
 0.005740 0.917600 0.002959 0.073701
 0.968519 0.000128 0.019950 0.011403
 0.014235 0.002959 0.982729 0.000077
 0.017067 0.928927 0.014286 0.039720
 0.577744 0.014286 0.028445 0.379525

MOTIF 14-AAAAAAAAAAAAA STREME-14
letter-probability matrix: alength= 4 w= 13 nsites= 542 E= 2.6e-007
 0.981500 0.003823 0.001328 0.013349
 0.982863 0.005293 0.007148 0.004696
 0.910680 0.042088 0.028095 0.019137
 0.891420 0.090891 0.012019 0.005669
 0.878360 0.090769 0.000126 0.030744
 0.751410 0.051904 0.007819 0.188867
 0.944821 0.031581 0.005850 0.017748
 0.713987 0.271903 0.008444 0.005666
 0.907713 0.051622 0.009824 0.030842
 0.878385 0.113437 0.004005 0.004173
 0.911329 0.040444 0.028241 0.019986
 0.982788 0.004562 0.004557 0.008094
 0.991604 0.003784 0.003460 0.001151

MOTIF 15-TCAGCACCAYGGACA STREME-15
letter-probability matrix: alength= 4 w= 15 nsites= 237 E= 2.0e-006
 0.004891 0.090702 0.038315 0.866092
 0.009654 0.947140 0.000215 0.042991
 0.999442 0.000215 0.000215 0.000129
 0.009654 0.009740 0.975715 0.004891
 0.078305 0.786025 0.111729 0.023941
 0.994679 0.000215 0.000215 0.004891
 0.000129 0.999528 0.000215 0.000129
 0.000129 0.961428 0.004977 0.033466
 0.568841 0.066890 0.185952 0.178317
 0.090616 0.378428 0.081177 0.449779
 0.004891 0.000215 0.994765 0.000129
 0.009654 0.000215 0.975715 0.014416
 0.961342 0.024027 0.000215 0.014416
 0.000129 0.895562 0.085130 0.019179
 0.994679 0.004977 0.000215 0.000129

MOTIF 16-RTGACTCA STREME-16
letter-probability matrix: alength= 4 w= 8 nsites= 1064 E= 3.1e-006
 0.506518 0.000202 0.493159 0.000121
 0.000121 0.000202 0.000202 0.999474
 0.000121 0.000202 0.999556 0.000121
 0.999474 0.000202 0.000202 0.000121
 0.000121 0.797112 0.202646 0.000121
 0.000121 0.000202 0.227533 0.772143
 0.060873 0.807544 0.000202 0.131381
 0.999474 0.000202 0.000202 0.000121

MOTIF 17-AAAGCAAACA STREME-17
letter-probability matrix: alength= 4 w= 10 nsites= 1076 E= 9.6e-006
 0.689657 0.065829 0.007264 0.237250
 0.689067 0.077301 0.105775 0.127857
 0.793987 0.016921 0.040685 0.148407
 0.246597 0.046317 0.658277 0.048809
 0.015026 0.960051 0.022183 0.002739
 0.986267 0.000349 0.007455 0.005929
 0.992023 0.007254 0.000390 0.000333
 0.917686 0.040710 0.023514 0.018091
 0.005720 0.762599 0.040996 0.190686
 0.911843 0.004282 0.046433 0.037442

MOTIF 18-CAAAGTCCA STREME-18
letter-probability matrix: alength= 4 w= 9 nsites= 886 E= 1.2e-005
 0.000103 0.978789 0.000172 0.020936
 0.898815 0.087597 0.000172 0.013416
 0.837385 0.000172 0.149942 0.012501
 0.959726 0.000172 0.039999 0.000103
 0.000103 0.000172 0.971896 0.027829
 0.000103 0.026181 0.000172 0.973544
 0.007396 0.723182 0.048226 0.221196
 0.115771 0.856382 0.011887 0.015960
 0.904571 0.000172 0.000172 0.095085

MOTIF 19-RCCTCRGCCTCC STREME-19
letter-probability matrix: alength= 4 w= 12 nsites= 854 E= 1.4e-005
 0.382804 0.000082 0.545675 0.071439
 0.000049 0.972002 0.000082 0.027867
 0.000049 0.943663 0.056239 0.000049
 0.000049 0.000082 0.000082 0.999787
 0.000049 0.840325 0.000082 0.159543
 0.429088 0.085455 0.382208 0.103248
 0.167136 0.000082 0.832733 0.000049
 0.000049 0.812302 0.000082 0.187567
 0.000049 0.761026 0.000082 0.238843
 0.006252 0.000082 0.000082 0.993584
 0.023508 0.904851 0.000082 0.071558
 0.038539 0.850799 0.024186 0.086477

MOTIF 20-DTTTAAAH STREME-20
letter-probability matrix: alength= 4 w= 8 nsites= 2304 E= 9.2e-005
 0.346821 0.009435 0.308170 0.335575
 0.000126 0.000210 0.000210 0.999455
 0.000126 0.000210 0.000210 0.999455
 0.000126 0.307931 0.000210 0.691734
 0.691734 0.000210 0.307931 0.000126
 0.999455 0.000210 0.000210 0.000126
 0.999455 0.000210 0.000210 0.000126
 0.335575 0.308170 0.009435 0.346821

MOTIF 21-AGATCAAAG STREME-21
letter-probability matrix: alength= 4 w= 9 nsites= 535 E= 2.4e-004
 0.845732 0.018794 0.075899 0.059576
 0.000232 0.123738 0.855996 0.020034
 0.841533 0.000388 0.053404 0.104676
 0.079664 0.000388 0.064258 0.855690
 0.000232 0.928684 0.070852 0.000232
 0.978653 0.000388 0.020727 0.000232
 0.998992 0.000388 0.000388 0.000232
 0.953224 0.007262 0.039282 0.000232
 0.000232 0.112178 0.887358 0.000232

MOTIF 22-GATYGCGCCACTGC STREME-22
letter-probability matrix: alength= 4 w= 14 nsites= 221 E= 2.6e-004
 0.009909 0.005109 0.984850 0.000132
 0.972955 0.002249 0.014886 0.009909
 0.005021 0.009998 0.000221 0.984761
 0.009909 0.535102 0.049106 0.405882
 0.151677 0.000221 0.838193 0.009909
 0.024575 0.823527 0.019775 0.132123
 0.215229 0.000221 0.774642 0.009909
 0.000132 0.955518 0.009998 0.034352
 0.019686 0.950630 0.000221 0.029463
 0.970095 0.019775 0.009998 0.000132
 0.000132 0.823527 0.005109 0.171232
 0.005021 0.029552 0.000221 0.965207
 0.000132 0.000221 0.994627 0.005021
 0.009909 0.935964 0.019775 0.034352

MOTIF 23-CCAGCCTGGGCRACA STREME-23
letter-probability matrix: alength= 4 w= 15 nsites= 319 E= 5.1e-004
 0.008128 0.955492 0.016221 0.020159
 0.000108 0.975542 0.000181 0.024169
 0.975469 0.012211 0.008201 0.004118
 0.036199 0.004191 0.939452 0.020159
 0.004118 0.951482 0.000181 0.044219
 0.004118 0.955492 0.012211 0.028179
 0.004118 0.020231 0.004191 0.971459
 0.040209 0.008201 0.943462 0.008128
 0.047482 0.000181 0.948218 0.004118
 0.032189 0.135776 0.827917 0.004118
 0.009793 0.793425 0.012211 0.184571
 0.618575 0.012211 0.353066 0.016149
 0.983490 0.008201 0.004191 0.004118
 0.012139 0.951482 0.008201 0.028179
 0.975469 0.008201 0.016221 0.000108

MOTIF 24-DGTTAATSATTAACH STREME-24
letter-probability matrix: alength= 4 w= 15 nsites= 293 E= 2.3e-003
 0.341710 0.009936 0.384725 0.263629
 0.160172 0.039217 0.663865 0.136747
 0.027434 0.080209 0.035313 0.857044
 0.148459 0.097777 0.039217 0.714547
 0.915605 0.002128 0.080209 0.002058
 0.839476 0.084113 0.021648 0.054762
 0.212876 0.019696 0.007984 0.759443
 0.152363 0.347637 0.347637 0.152363
 0.759443 0.007984 0.019696 0.212876
 0.054762 0.021648 0.084113 0.839476
 0.002058 0.080209 0.002128 0.915605
 0.714547 0.039217 0.097777 0.148459
 0.857044 0.035313 0.080209 0.027434
 0.136747 0.663865 0.039217 0.160172
 0.263629 0.384725 0.009936 0.341710

MOTIF 25-CTGCAGCCA STREME-25
letter-probability matrix: alength= 4 w= 9 nsites= 1348 E= 2.4e-003
 0.011102 0.970551 0.000320 0.018026
 0.057771 0.036727 0.032121 0.873381
 0.009142 0.020431 0.970235 0.000192
 0.000192 0.976647 0.000320 0.022841
 0.999168 0.000320 0.000320 0.000192
 0.004057 0.084665 0.830031 0.081247
 0.006365 0.860314 0.020308 0.113013
 0.033955 0.846771 0.106041 0.013233
 0.706364 0.088116 0.098554 0.106966

MOTIF 26-GCCACCRCGCCCGGC STREME-26
letter-probability matrix: alength= 4 w= 15 nsites= 377 E= 3.9e-003
 0.108036 0.001443 0.887299 0.003222
 0.006358 0.953171 0.000142 0.040329
 0.003222 0.936954 0.006415 0.053409
 0.996495 0.003278 0.000142 0.000085
 0.009495 0.943228 0.012688 0.034589
 0.015768 0.853272 0.000142 0.130818
 0.579849 0.020264 0.393528 0.006358
 0.029617 0.643643 0.028372 0.298368
 0.172898 0.000142 0.826876 0.000085
 0.012632 0.955775 0.000142 0.031452
 0.003222 0.949501 0.015825 0.031452
 0.031452 0.674185 0.009552 0.284811
 0.249899 0.006415 0.734191 0.009495
 0.029617 0.018962 0.941926 0.009495
 0.000085 0.962048 0.006415 0.031452

MOTIF 27-AAACCCCGTCTCTAC STREME-27
letter-probability matrix: alength= 4 w= 15 nsites= 180 E= 8.6e-003
 0.953388 0.006001 0.034713 0.005898
 0.918934 0.006001 0.069167 0.005898
 0.947645 0.011744 0.023229 0.017382
 0.023125 0.930522 0.017486 0.028867
 0.023125 0.896068 0.011744 0.069064
 0.034609 0.867356 0.034713 0.063321
 0.051836 0.672116 0.011744 0.264304
 0.218365 0.006001 0.752509 0.023125
 0.028867 0.046198 0.017486 0.907449
 0.017382 0.907553 0.028971 0.046094
 0.023125 0.011744 0.023229 0.941903
 0.000155 0.936265 0.028971 0.034609
 0.011640 0.034713 0.006001 0.947645
 0.918934 0.028971 0.034713 0.017382
 0.028867 0.930522 0.006001 0.034609

MOTIF 28-CACGTGGT STREME-28
letter-probability matrix: alength= 4 w= 8 nsites= 1244 E= 9.8e-003
 0.027177 0.952271 0.013475 0.007076
 0.999437 0.000217 0.000217 0.000130
 0.000130 0.999524 0.000217 0.000130
 0.039282 0.000217 0.960372 0.000130
 0.041993 0.000217 0.000217 0.957574
 0.013303 0.013047 0.962780 0.010871
 0.122597 0.199364 0.619275 0.058764
 0.072634 0.277838 0.093277 0.556252

MOTIF 29-RNTCTCGCGAGANY STREME-29
letter-probability matrix: alength= 4 w= 14 nsites= 148 E= 1.4e-002
 0.434322 0.148969 0.364487 0.052222
 0.260309 0.258270 0.273133 0.208288
 0.000201 0.031604 0.026346 0.941849
 0.142945 0.815645 0.037494 0.003917
 0.003917 0.026346 0.000335 0.969402
 0.000201 0.999263 0.000335 0.000201
 0.029927 0.000335 0.969536 0.000201
 0.000201 0.969536 0.000335 0.029927
 0.000201 0.000335 0.999263 0.000201
 0.969402 0.000335 0.026346 0.003917
 0.003917 0.037494 0.815645 0.142945
 0.941849 0.026346 0.031604 0.000201
 0.208288 0.273133 0.258270 0.260309
 0.052222 0.364487 0.148969 0.434322

MOTIF 30-CCCASMATGCMCCG STREME-30
letter-probability matrix: alength= 4 w= 14 nsites= 219 E= 1.9e-002
 0.013813 0.985858 0.000206 0.000123
 0.000123 0.999548 0.000206 0.000123
 0.004687 0.994984 0.000206 0.000123
 0.999465 0.000206 0.000206 0.000123
 0.000123 0.419248 0.484677 0.095951
 0.529802 0.401420 0.054965 0.013813
 0.793001 0.054189 0.138997 0.013813
 0.079592 0.000206 0.162238 0.757964
 0.043086 0.082344 0.874446 0.000123
 0.004687 0.994984 0.000206 0.000123
 0.387223 0.480114 0.000206 0.132457
 0.082262 0.546668 0.170940 0.200130
 0.125225 0.634839 0.000206 0.239730
 0.036629 0.000206 0.899156 0.064009

MOTIF 31-ACAGGAAGT STREME-31
letter-probability matrix: alength= 4 w= 9 nsites= 1494 E= 2.3e-002
 0.461838 0.208737 0.230383 0.099042
 0.135205 0.668993 0.108446 0.087356
 0.999322 0.000261 0.000261 0.000156
 0.000156 0.000261 0.999427 0.000156
 0.000156 0.000261 0.999427 0.000156
 0.999322 0.000261 0.000261 0.000156
 0.999322 0.000261 0.000261 0.000156
 0.234983 0.000261 0.764600 0.000156
 0.000156 0.217993 0.000261 0.781590

MOTIF 32-KCCCMGCCC STREME-32
letter-probability matrix: alength= 4 w= 9 nsites= 1904 E= 3.3e-002
 0.000170 0.069323 0.506025 0.424482
 0.000170 0.999376 0.000284 0.000170
 0.000170 0.999376 0.000284 0.000170
 0.000170 0.999376 0.000284 0.000170
 0.426834 0.404672 0.000284 0.168210
 0.000170 0.000284 0.999376 0.000170
 0.000170 0.999376 0.000284 0.000170
 0.090036 0.909510 0.000284 0.000170
 0.000170 0.999376 0.000284 0.000170

MOTIF 33-AGACRGAGTCTCGCT STREME-33
letter-probability matrix: alength= 4 w= 15 nsites= 204 E= 3.4e-002
 0.957625 0.026337 0.015896 0.000141
 0.036683 0.073320 0.884635 0.005361
 0.957625 0.000236 0.041998 0.000141
 0.005361 0.701924 0.026337 0.266377
 0.451255 0.005456 0.501386 0.041904
 0.088886 0.015896 0.889856 0.005361
 0.780135 0.000236 0.198607 0.021022
 0.031463 0.000236 0.962940 0.005361
 0.015802 0.026337 0.005456 0.952405
 0.005361 0.814605 0.005456 0.174578
 0.000141 0.000236 0.000236 0.999388
 0.005361 0.649721 0.026337 0.318580
 0.268544 0.026337 0.668436 0.036683
 0.000141 0.913791 0.010676 0.075392
 0.010582 0.015896 0.000236 0.973286

MOTIF 34-TCGGCTCACTGCA STREME-34
letter-probability matrix: alength= 4 w= 13 nsites= 129 E= 3.5e-002
 0.224216 0.000421 0.000421 0.774942
 0.000252 0.777774 0.009753 0.212221
 0.264355 0.037748 0.688313 0.009584
 0.000252 0.009753 0.985870 0.004125
 0.000252 0.999075 0.000421 0.000252
 0.000252 0.000421 0.000421 0.998906
 0.000252 0.924420 0.009753 0.065575
 0.952247 0.037748 0.000421 0.009584
 0.000252 0.989743 0.009753 0.000252
 0.009584 0.065744 0.000421 0.924251
 0.000252 0.000421 0.999075 0.000252
 0.028248 0.971079 0.000421 0.000252
 0.998906 0.000421 0.000421 0.000252

MOTIF 35-GGGAGGRAGAGA STREME-35
letter-probability matrix: alength= 4 w= 12 nsites= 2384 E= 4.4e-002
 0.061547 0.000035 0.843750 0.094668
 0.201214 0.024659 0.705758 0.068370
 0.074379 0.066993 0.740394 0.118235
 0.980709 0.000035 0.000035 0.019222
 0.204991 0.014745 0.750475 0.029789
 0.082960 0.031359 0.885660 0.000021
 0.331176 0.044198 0.472690 0.151936
 0.929142 0.047841 0.008866 0.014150
 0.277154 0.018262 0.704563 0.000021
 0.575188 0.164081 0.186684 0.074047
 0.176838 0.089332 0.716236 0.017595
 0.764374 0.000035 0.165574 0.070018

MOTIF 36-CCCCACCC STREME-36
letter-probability matrix: alength= 4 w= 8 nsites= 1027 E= 4.6e-002
 0.000637 0.997663 0.001063 0.000637
 0.000637 0.997663 0.001063 0.000637
 0.000637 0.997663 0.001063 0.000637
 0.276103 0.557979 0.133850 0.032068
 0.997237 0.001063 0.001063 0.000637
 0.000637 0.997663 0.001063 0.000637
 0.000637 0.997663 0.001063 0.000637
 0.000637 0.997663 0.001063 0.000637

MOTIF 37-AACTCCTGACCTCA STREME-37
letter-probability matrix: alength= 4 w= 14 nsites= 219 E= 4.6e-002
 0.965641 0.000218 0.034011 0.000130
 0.854607 0.000218 0.005045 0.140129
 0.038751 0.931936 0.005045 0.024268
 0.024268 0.009873 0.000218 0.965641
 0.000130 0.931936 0.009873 0.058061
 0.000130 0.960901 0.000218 0.038751
 0.004958 0.048493 0.009873 0.936676
 0.033923 0.005045 0.946418 0.014613
 0.709781 0.005045 0.280216 0.004958
 0.029096 0.680903 0.231940 0.058061
 0.000130 0.956073 0.005045 0.038751
 0.004958 0.024356 0.000218 0.970469
 0.000130 0.902970 0.014700 0.082199
 0.801504 0.000218 0.174010 0.024268

MOTIF 38-CTCGGCCTC STREME-38
letter-probability matrix: alength= 4 w= 9 nsites= 1845 E= 5.2e-002
 0.000190 0.989162 0.010458 0.000190
 0.000190 0.000317 0.000317 0.999176
 0.032349 0.889357 0.062942 0.015352
 0.043928 0.074221 0.846180 0.035670
 0.006840 0.000317 0.914053 0.078791
 0.035018 0.858997 0.034630 0.071355
 0.021084 0.655006 0.175020 0.148890
 0.116789 0.063959 0.000317 0.818935
 0.004809 0.971430 0.000317 0.023444

MOTIF 39-CCSGGAAGC STREME-39
letter-probability matrix: alength= 4 w= 9 nsites= 2615 E= 5.7e-002
 0.083429 0.761070 0.125894 0.029607
 0.000122 0.930299 0.000204 0.069375
 0.000122 0.359076 0.640679 0.000122
 0.023594 0.000204 0.976080 0.000122
 0.000122 0.000204 0.999551 0.000122
 0.999469 0.000204 0.000204 0.000122
 0.940228 0.059446 0.000204 0.000122
 0.082760 0.104101 0.790230 0.022909
 0.000122 0.686750 0.083045 0.230083

MOTIF 40-ACCAATVG STREME-40
letter-probability matrix: alength= 4 w= 8 nsites= 213 E= 8.1e-002
 0.997250 0.001058 0.001058 0.000634
 0.000634 0.997674 0.001058 0.000634
 0.000634 0.979095 0.019638 0.000634
 0.902627 0.001058 0.095681 0.000634
 0.997250 0.001058 0.001058 0.000634
 0.000634 0.001058 0.001058 0.997250
 0.272796 0.330794 0.395776 0.000634
 0.000634 0.001058 0.997674 0.000634

MOTIF 41-CRCACACACACAC STREME-41
letter-probability matrix: alength= 4 w= 13 nsites= 261 E= 8.8e-002
 0.009680 0.950136 0.006621 0.033563
 0.382649 0.001044 0.602726 0.013580
 0.032946 0.865149 0.030564 0.071342
 0.984003 0.000341 0.000341 0.015316
 0.019542 0.957246 0.007897 0.015316
 0.755914 0.007897 0.235985 0.000204
 0.000204 0.941324 0.030564 0.027909
 0.913282 0.013020 0.050827 0.022871
 0.015316 0.907685 0.023905 0.053094
 0.731763 0.039575 0.175568 0.053094
 0.000204 0.953916 0.023008 0.022871
 0.924290 0.017971 0.057535 0.000204
 0.041540 0.903424 0.001044 0.053991

MOTIF 42-GAGAATCGCTTGA STREME-42
letter-probability matrix: alength= 4 w= 13 nsites= 189 E= 1.2e-001
 0.030107 0.000270 0.939517 0.030107
 0.951386 0.012248 0.036204 0.000162
 0.036095 0.020723 0.913075 0.030107
 0.765729 0.012248 0.209883 0.012140
 0.987320 0.000270 0.006259 0.006151
 0.000162 0.036204 0.000270 0.963364
 0.006151 0.655551 0.110557 0.227742
 0.200283 0.020723 0.754877 0.024118
 0.024118 0.915561 0.006259 0.054062
 0.036095 0.012248 0.084115 0.867541
 0.006151 0.000270 0.048182 0.945397
 0.072029 0.000270 0.921550 0.006151
 0.981331 0.018237 0.000270 0.000162

MOTIF 43-CMAAGGTCACW STREME-43
letter-probability matrix: alength= 4 w= 11 nsites= 428 E= 1.5e-001
 0.061468 0.719210 0.000151 0.219172
 0.335003 0.572284 0.079259 0.013454
 0.999608 0.000151 0.000151 0.000090
 0.999608 0.000151 0.000151 0.000090
 0.000090 0.059289 0.940531 0.000090
 0.074463 0.000151 0.925296 0.000090
 0.000090 0.000151 0.000151 0.999608
 0.010113 0.889029 0.000151 0.100707
 0.999608 0.000151 0.000151 0.000090
 0.115051 0.585722 0.179500 0.119726
 0.441215 0.147494 0.137654 0.273638

MOTIF 44-ATGCAAATGT STREME-44
letter-probability matrix: alength= 4 w= 10 nsites= 73 E= 2.8e-001
 0.942082 0.000789 0.056655 0.000473
 0.000473 0.000789 0.000789 0.997948
 0.000473 0.004160 0.994894 0.000473
 0.000473 0.914268 0.074153 0.011106
 0.962952 0.000789 0.035786 0.000473
 0.815702 0.043048 0.088281 0.052968
 0.890365 0.070783 0.027747 0.011106
 0.000473 0.008052 0.018288 0.973188
 0.000473 0.006031 0.993023 0.000473
 0.280447 0.018287 0.010248 0.691018

MOTIF 45-RTTRYRYAAY STREME-45
letter-probability matrix: alength= 4 w= 10 nsites= 352 E= 3.1e-001
 0.411373 0.145313 0.443184 0.000130
 0.000130 0.000218 0.000218 0.999434
 0.005959 0.000218 0.000218 0.993605
 0.377387 0.000218 0.622265 0.000130
 0.092911 0.458974 0.041302 0.406813
 0.406813 0.041302 0.458974 0.092911
 0.000130 0.622265 0.000218 0.377387
 0.993605 0.000218 0.000218 0.005959
 0.999434 0.000218 0.000218 0.000130
 0.000130 0.443184 0.145313 0.411373

MOTIF 46-CTGCGGCTGC STREME-46
letter-probability matrix: alength= 4 w= 10 nsites= 1965 E= 3.8e-001
 0.006723 0.952048 0.029593 0.011637
 0.000133 0.179427 0.032145 0.788295
 0.000133 0.000223 0.992607 0.007037
 0.090829 0.715062 0.078286 0.115823
 0.183098 0.000223 0.664396 0.152284
 0.072203 0.038142 0.857283 0.032371
 0.000133 0.966453 0.000223 0.033191
 0.000133 0.042495 0.000223 0.957149
 0.003037 0.000223 0.898855 0.097885
 0.000133 0.999511 0.000223 0.000133

MOTIF 47-CCATRGCAACSG STREME-47
letter-probability matrix: alength= 4 w= 12 nsites= 220 E= 4.6e-001
 0.000136 0.856714 0.015302 0.127849
 0.000136 0.883925 0.005252 0.110688
 0.629262 0.130025 0.050478 0.190235
 0.000136 0.000227 0.000227 0.999411
 0.336817 0.000227 0.662821 0.000136
 0.030286 0.000227 0.969351 0.000136
 0.000136 0.899000 0.000227 0.100638
 0.833189 0.000227 0.141323 0.025261
 0.999411 0.000227 0.000227 0.000136
 0.000136 0.999502 0.000227 0.000136
 0.110688 0.496524 0.372552 0.020236
 0.227402 0.229281 0.527510 0.015808

MOTIF 48-CTTAAAGGGGCCGCG STREME-48
letter-probability matrix: alength= 4 w= 15 nsites= 97 E= 5.6e-001
 0.000273 0.998998 0.000456 0.000273
 0.020480 0.000456 0.010559 0.968504
 0.000273 0.000456 0.000456 0.998815
 0.964311 0.020663 0.014753 0.000273
 0.998815 0.000456 0.000456 0.000273
 0.978608 0.000456 0.010559 0.010377
 0.000273 0.010559 0.968687 0.020480
 0.081102 0.040870 0.877755 0.000273
 0.172035 0.075375 0.752318 0.000273
 0.141724 0.172218 0.685786 0.000273
 0.212449 0.756511 0.020663 0.010377
 0.252864 0.695889 0.050974 0.000273
 0.131620 0.050974 0.817133 0.000273
 0.070998 0.691696 0.146100 0.091206
 0.222553 0.190708 0.505637 0.081102

MOTIF 49-CCAATCMCMGS STREME-49
letter-probability matrix: alength= 4 w= 11 nsites= 482 E= 6.1e-001
 0.000089 0.994267 0.005556 0.000089
 0.000089 0.995041 0.000148 0.004723
 0.999616 0.000148 0.000148 0.000089
 0.999616 0.000148 0.000148 0.000089
 0.000089 0.030944 0.000148 0.968819
 0.000089 0.978664 0.011333 0.009914
 0.427637 0.442946 0.129329 0.000089
 0.111550 0.644718 0.243643 0.000089
 0.459616 0.274555 0.126367 0.139463
 0.272755 0.009220 0.717937 0.000089
 0.179096 0.384515 0.350802 0.085586

MOTIF 50-CCCGGCTCCCG STREME-50
letter-probability matrix: alength= 4 w= 11 nsites= 578 E= 6.1e-001
 0.000298 0.998908 0.000497 0.000298
 0.023883 0.876797 0.041121 0.058199
 0.000298 0.931635 0.000497 0.067570
 0.000298 0.000497 0.929295 0.069910
 0.066967 0.040673 0.892062 0.000298
 0.028271 0.869628 0.085719 0.016382
 0.057791 0.000497 0.000497 0.941216
 0.006250 0.930922 0.032786 0.030043
 0.000298 0.967792 0.031613 0.000298
 0.000298 0.944866 0.054539 0.000298
 0.152793 0.000497 0.765846 0.080865

MOTIF 51-GTTGCTA STREME-51
letter-probability matrix: alength= 4 w= 7 nsites= 276 E= 7.0e-001
 0.017027 0.028427 0.937518 0.017027
 0.017027 0.028427 0.028427 0.926118
 0.017027 0.028427 0.028427 0.926118
 0.017027 0.028427 0.937518 0.017027
 0.017027 0.937518 0.028427 0.017027
 0.017027 0.028427 0.028427 0.926118
 0.926118 0.028427 0.028427 0.017027

MOTIF 52-GCGCMKGCGC STREME-52
letter-probability matrix: alength= 4 w= 10 nsites= 179 E= 9.4e-001
 0.017027 0.028427 0.937518 0.017027
 0.017027 0.937518 0.028427 0.017027
 0.017027 0.028427 0.937518 0.017027
 0.017027 0.937518 0.028427 0.017027
 0.471573 0.482973 0.028427 0.017027
 0.017027 0.028427 0.482973 0.471573
 0.017027 0.028427 0.937518 0.017027
 0.017027 0.937518 0.028427 0.017027
 0.017027 0.028427 0.937518 0.017027
 0.017027 0.937518 0.028427 0.017027

MOTIF 53-AGACCAGCCTGGC STREME-53
letter-probability matrix: alength= 4 w= 13 nsites= 72 E= 1.1e+000
 0.961312 0.000824 0.037370 0.000494
 0.000494 0.019097 0.979915 0.000494
 0.943039 0.055643 0.000824 0.000494
 0.055312 0.925097 0.000824 0.018766
 0.008078 0.972332 0.019097 0.000494
 0.979585 0.000824 0.000824 0.018766
 0.000494 0.000824 0.888552 0.110130
 0.018766 0.954059 0.008408 0.018766
 0.018766 0.943370 0.000824 0.037039
 0.000494 0.019097 0.019097 0.961312
 0.000494 0.019097 0.979915 0.000494
 0.110130 0.019097 0.870279 0.000494
 0.000494 0.870279 0.073915 0.055312

MOTIF 54-AGCCCGGG STREME-54
letter-probability matrix: alength= 4 w= 8 nsites= 599 E= 1.2e+000
 0.926118 0.028427 0.028427 0.017027
 0.017027 0.028427 0.937518 0.017027
 0.017027 0.937518 0.028427 0.017027
 0.017027 0.937518 0.028427 0.017027
 0.017027 0.937518 0.028427 0.017027
 0.017027 0.028427 0.937518 0.017027
 0.017027 0.028427 0.937518 0.017027
 0.017027 0.028427 0.937518 0.017027

MOTIF 55-CGCCRCCRHC STREME-55
letter-probability matrix: alength= 4 w= 10 nsites= 1134 E= 1.2e+000
 0.000195 0.999285 0.000325 0.000195
 0.000195 0.000325 0.999285 0.000195
 0.184004 0.562811 0.000325 0.252860
 0.000195 0.999285 0.000325 0.000195
 0.361816 0.000325 0.637664 0.000195
 0.141179 0.729298 0.000325 0.129197
 0.000195 0.999285 0.000325 0.000195
 0.404257 0.000325 0.595223 0.000195
 0.242883 0.452195 0.000325 0.304596
 0.000195 0.999285 0.000325 0.000195

MOTIF 56-ACTCACC STREME-56
letter-probability matrix: alength= 4 w= 7 nsites= 563 E= 1.3e+000
 0.926118 0.028427 0.028427 0.017027
 0.017027 0.937518 0.028427 0.017027
 0.017027 0.028427 0.028427 0.926118
 0.017027 0.937518 0.028427 0.017027
 0.926118 0.028427 0.028427 0.017027
 0.017027 0.937518 0.028427 0.017027
 0.017027 0.937518 0.028427 0.017027

MOTIF 57-CTGGGAA STREME-57
letter-probability matrix: alength= 4 w= 7 nsites= 1284 E= 1.3e+000
 0.017027 0.937518 0.028427 0.017027
 0.017027 0.028427 0.028427 0.926118
 0.017027 0.028427 0.937518 0.017027
 0.017027 0.028427 0.937518 0.017027
 0.017027 0.028427 0.937518 0.017027
 0.926118 0.028427 0.028427 0.017027
 0.926118 0.028427 0.028427 0.017027

MOTIF 58-AGAGCGGGAA STREME-58
letter-probability matrix: alength= 4 w= 10 nsites= 388 E= 1.5e+000
 0.819451 0.011679 0.064515 0.104355
 0.152138 0.014950 0.828874 0.004038
 0.942995 0.000412 0.000412 0.056181
 0.009381 0.000412 0.988200 0.002007
 0.138191 0.839380 0.000412 0.022018
 0.030068 0.044620 0.696860 0.228451
 0.102602 0.022890 0.874261 0.000247
 0.027767 0.000412 0.971574 0.000247
 0.995790 0.000412 0.000412 0.003386
 0.947565 0.000412 0.039273 0.012750

MOTIF 59-ASGTCAC STREME-59
letter-probability matrix: alength= 4 w= 7 nsites= 1012 E= 1.7e+000
 0.998288 0.000659 0.000659 0.000395
 0.000395 0.596410 0.402801 0.000395
 0.000395 0.000659 0.998552 0.000395
 0.000395 0.000659 0.000659 0.998288
 0.225428 0.575082 0.177564 0.021926
 0.998288 0.000659 0.000659 0.000395
 0.000395 0.857858 0.000659 0.141089

MOTIF 60-CTTTGAA STREME-60
letter-probability matrix: alength= 4 w= 7 nsites= 504 E= 1.7e+000
 0.017027 0.937518 0.028427 0.017027
 0.017027 0.028427 0.028427 0.926118
 0.017027 0.028427 0.028427 0.926118
 0.017027 0.028427 0.028427 0.926118
 0.017027 0.028427 0.937518 0.017027
 0.926118 0.028427 0.028427 0.017027
 0.926118 0.028427 0.028427 0.017027

MOTIF 61-AAATACAAAR STREME-61
letter-probability matrix: alength= 4 w= 10 nsites= 201 E= 1.7e+000
 0.913426 0.000416 0.055584 0.030574
 0.921929 0.000416 0.049718 0.027937
 0.923804 0.060044 0.000416 0.015736
 0.075173 0.022413 0.033470 0.868944
 0.896107 0.000416 0.021071 0.082406
 0.000249 0.971604 0.018668 0.009478
 0.920097 0.070009 0.000416 0.009478
 0.901363 0.078079 0.000416 0.020142
 0.914138 0.060480 0.000416 0.024965
 0.351492 0.037333 0.605318 0.005858

MOTIF 62-CGCCCGCCCGCCCG STREME-62
letter-probability matrix: alength= 4 w= 14 nsites= 96 E= 2.1e+000
 0.058270 0.890065 0.017516 0.034148
 0.014361 0.009128 0.976132 0.000378
 0.000378 0.968288 0.016973 0.014361
 0.000378 0.935050 0.046222 0.018350
 0.014361 0.900729 0.000631 0.084279
 0.006182 0.000631 0.992810 0.000378
 0.014361 0.966458 0.004820 0.014361
 0.000378 0.953969 0.045275 0.000378
 0.028345 0.913410 0.034401 0.023843
 0.000378 0.000631 0.998613 0.000378
 0.006182 0.866958 0.098516 0.028345
 0.028345 0.928852 0.014458 0.028345
 0.000378 0.975568 0.023676 0.000378
 0.000378 0.000631 0.998613 0.000378

MOTIF 63-AGTAGCTGGGACTAC STREME-63
letter-probability matrix: alength= 4 w= 15 nsites= 49 E= 2.2e+000
 0.997005 0.001152 0.001152 0.000690
 0.026237 0.001152 0.971920 0.000690
 0.000690 0.026699 0.001152 0.971458
 0.971458 0.026699 0.001152 0.000690
 0.102876 0.026699 0.869734 0.000690
 0.000690 0.869734 0.077792 0.051783
 0.051783 0.077792 0.026699 0.843726
 0.000690 0.001152 0.971920 0.026237
 0.000690 0.001152 0.971920 0.026237
 0.051783 0.001152 0.946374 0.000690
 0.971458 0.026699 0.001152 0.000690
 0.000690 0.716455 0.026699 0.256156
 0.051783 0.179978 0.001152 0.767086
 0.843726 0.001152 0.154432 0.000690
 0.077330 0.793095 0.001152 0.128423

MOTIF 64-TGCTAGCACAGC STREME-64
letter-probability matrix: alength= 4 w= 12 nsites= 49 E= 2.2e+000
 0.026074 0.026533 0.011682 0.935711
 0.000686 0.001145 0.997483 0.000686
 0.026074 0.946707 0.026533 0.000686
 0.076849 0.062457 0.026533 0.834161
 0.920861 0.026533 0.001145 0.051461
 0.026074 0.001145 0.972095 0.000686
 0.000686 0.946707 0.026533 0.026074
 0.935712 0.001145 0.062457 0.000686
 0.000686 0.997483 0.001145 0.000686
 0.997023 0.001145 0.001145 0.000686
 0.051461 0.026533 0.921320 0.000686
 0.000686 0.997483 0.001145 0.000686

MOTIF 65-AGGAGGCGGG STREME-65
letter-probability matrix: alength= 4 w= 10 nsites= 703 E= 2.3e+000
 0.998657 0.000517 0.000517 0.000310
 0.086310 0.051365 0.805006 0.057319
 0.066616 0.094783 0.811171 0.027431
 0.965444 0.000517 0.000517 0.033522
 0.036893 0.014031 0.947951 0.001125
 0.000946 0.054076 0.896382 0.048596
 0.000310 0.935791 0.000517 0.063383
 0.000310 0.004572 0.994809 0.000310
 0.023904 0.013936 0.924676 0.037485
 0.000310 0.139534 0.776259 0.083898

MOTIF 66-GGGTGGATCAC STREME-66
letter-probability matrix: alength= 4 w= 11 nsites= 106 E= 2.3e+000
 0.137548 0.037332 0.824789 0.000331
 0.000331 0.012813 0.986525 0.000331
 0.012591 0.000553 0.986525 0.000331
 0.000331 0.314492 0.000553 0.684623
 0.000331 0.000553 0.998784 0.000331
 0.059546 0.021125 0.918998 0.000331
 0.949524 0.000553 0.049591 0.000331
 0.000331 0.061851 0.000553 0.937265
 0.000331 0.978212 0.000553 0.020904
 0.998563 0.000553 0.000553 0.000331
 0.024850 0.962006 0.000553 0.012591

MOTIF 67-ATGAATGAA STREME-67
letter-probability matrix: alength= 4 w= 9 nsites= 78 E= 2.3e+000
 0.996768 0.001243 0.001243 0.000745
 0.000745 0.103942 0.001243 0.894070
 0.000745 0.001243 0.997267 0.000745
 0.996768 0.001243 0.001243 0.000745
 0.996768 0.001243 0.001243 0.000745
 0.000745 0.189706 0.001243 0.808306
 0.000745 0.001243 0.997267 0.000745
 0.996768 0.001243 0.001243 0.000745
 0.996768 0.001243 0.001243 0.000745

MOTIF 68-AGATAA STREME-68
letter-probability matrix: alength= 4 w= 6 nsites= 784 E= 2.6e+000
 0.926118 0.028427 0.028427 0.017027
 0.017027 0.028427 0.937518 0.017027
 0.926118 0.028427 0.028427 0.017027
 0.017027 0.028427 0.028427 0.926118
 0.926118 0.028427 0.028427 0.017027
 0.926118 0.028427 0.028427 0.017027

MOTIF 69-ACGTGG STREME-69
letter-probability matrix: alength= 4 w= 6 nsites= 1325 E= 3.1e+000
 0.926118 0.028427 0.028427 0.017027
 0.017027 0.937518 0.028427 0.017027
 0.017027 0.028427 0.937518 0.017027
 0.017027 0.028427 0.028427 0.926118
 0.017027 0.028427 0.937518 0.017027
 0.017027 0.028427 0.937518 0.017027

MOTIF 70-GAGACAAAGGCCCCG STREME-70
letter-probability matrix: alength= 4 w= 15 nsites= 40 E= 1.8e+001
 0.024369 0.024798 0.950191 0.000641
 0.926034 0.001070 0.072255 0.000641
 0.071825 0.024798 0.902735 0.000641
 0.902306 0.095983 0.001070 0.000641
 0.000641 0.997647 0.001070 0.000641
 0.973490 0.001070 0.024798 0.000641
 0.973490 0.024798 0.001070 0.000641
 0.973490 0.001070 0.001070 0.024369
 0.000641 0.024798 0.950191 0.024369
 0.048097 0.024798 0.902735 0.024369
 0.024369 0.831551 0.143439 0.000641
 0.024369 0.926463 0.001070 0.048097
 0.024369 0.807823 0.167167 0.000641
 0.071825 0.879007 0.001070 0.048097
 0.024369 0.048526 0.926463 0.000641

MOTIF 71-CATTTTACAGATG STREME-71
letter-probability matrix: alength= 4 w= 13 nsites= 43 E= 1.8e+001
 0.000629 0.951153 0.024319 0.023898
 0.987614 0.001050 0.001050 0.010287
 0.000629 0.047589 0.024319 0.927463
 0.023898 0.047589 0.001050 0.927463
 0.000629 0.001050 0.024319 0.974002
 0.000629 0.163938 0.024319 0.811114
 0.927463 0.070859 0.001050 0.000629
 0.000629 0.732068 0.233747 0.033556
 0.904193 0.001050 0.070859 0.023898
 0.000629 0.001050 0.927884 0.070438
 0.880923 0.001050 0.094129 0.023898
 0.000629 0.001050 0.070859 0.927463
 0.047168 0.001050 0.881344 0.070438

MOTIF 72-ATGGCGGCGGCC STREME-72
letter-probability matrix: alength= 4 w= 12 nsites= 86 E= 2.6e+001
 0.998623 0.000530 0.000530 0.000317
 0.000317 0.036865 0.000530 0.962288
 0.000317 0.017152 0.946972 0.035558
 0.000317 0.000530 0.970466 0.028687
 0.012064 0.987088 0.000530 0.000317
 0.023811 0.006880 0.752670 0.216639
 0.000317 0.005405 0.993960 0.000317
 0.064195 0.824360 0.012277 0.099169
 0.000317 0.179881 0.814609 0.005193
 0.035558 0.187207 0.753423 0.023811
 0.047305 0.920388 0.031989 0.000317
 0.120667 0.710882 0.000530 0.167921

********************************************************************************
Stopped because 3 consecutive motifs exceeded the p-value threshold (0.05).
********************************************************************************
COMMAND:	streme --verbosity 1 --oc meme_out_incomplete_DL/HepG2_E2F4-human_ENCFF519KUR/streme_out -dna --seed 0 --p meme_out_incomplete_DL/HepG2_E2F4-human_ENCFF519KUR/seqs-centered --minw 6 --maxw 15 --time 6177 --order 2 --thresh 0.05 --align center --totallength 4000000 --parse-genomic-coord
********************************************************************************
CPU:		9f05ee173ae9
********************************************************************************
FINALTIME:	3268.22 seconds
********************************************************************************
