********************************************************************************
STREME - Sensitive, Thorough, Rapid, Enriched Motif Elicitation
********************************************************************************
MEME version 5.5.3 (Release date: Sat Jun 10 16:19:38 2023 -0700)

For further information on how to interpret these results please access http://localhost:8080/meme_5.5.3.
To get a copy of the MEME Suite software please access https://meme-suite.org.

********************************************************************************


********************************************************************************
REFERENCE
********************************************************************************
If you use this program in your research, please cite:

Timothy L. Bailey,
"STREME: accurate and versatile sequence motif discovery",
Bioinformatics, Mar. 24, 2021.
********************************************************************************


ALPHABET= ACGT

strands: + -

Background letter frequencies
A 0.198 C 0.302 G 0.302 T 0.198 

MOTIF 1-CCCCGCCCCC STREME-1
letter-probability matrix: alength= 4 w= 10 nsites= 1505 E= 9.8e-009
 0.010547 0.989269 0.000111 0.000073
 0.011897 0.965774 0.000111 0.022217
 0.011223 0.988593 0.000111 0.000073
 0.000073 0.999743 0.000111 0.000073
 0.253903 0.000111 0.659310 0.086676
 0.110705 0.889111 0.000111 0.000073
 0.015167 0.961163 0.023597 0.000073
 0.000073 0.869316 0.000111 0.130500
 0.118941 0.880875 0.000111 0.000073
 0.141572 0.516907 0.174435 0.167086

MOTIF 2-YGCCTGTAATCCCAG STREME-2
letter-probability matrix: alength= 4 w= 15 nsites= 315 E= 2.1e-006
 0.013645 0.613094 0.020477 0.352783
 0.212494 0.006922 0.773714 0.006871
 0.006871 0.955626 0.000147 0.037356
 0.000097 0.965787 0.000147 0.033969
 0.003484 0.000147 0.006922 0.989447
 0.071229 0.010309 0.908205 0.010258
 0.000097 0.020471 0.020471 0.958961
 0.955576 0.006922 0.034019 0.003484
 0.858411 0.000147 0.137957 0.003484
 0.003484 0.020470 0.000147 0.975898
 0.003484 0.945464 0.010309 0.040743
 0.023807 0.935299 0.003534 0.037359
 0.006871 0.921746 0.006922 0.064461
 0.955576 0.013696 0.010309 0.020420
 0.040744 0.010309 0.942076 0.006871

MOTIF 3-CCAGCCTGGSCAACA STREME-3
letter-probability matrix: alength= 4 w= 15 nsites= 314 E= 3.6e-005
 0.013734 0.928065 0.030830 0.027370
 0.000098 0.951929 0.010376 0.037598
 0.975742 0.000148 0.024012 0.000098
 0.034191 0.017194 0.873496 0.075119
 0.003507 0.945109 0.010376 0.041009
 0.020552 0.948521 0.003557 0.027370
 0.000098 0.017194 0.000148 0.982560
 0.037598 0.000148 0.958747 0.003507
 0.088761 0.003557 0.897357 0.010325
 0.037598 0.471013 0.453786 0.037603
 0.044415 0.754143 0.017194 0.184248
 0.764313 0.034240 0.197941 0.003507
 0.958697 0.006966 0.030830 0.003507
 0.020552 0.904197 0.027422 0.047829
 0.931421 0.013785 0.044469 0.010325

MOTIF 4-CGCCCCCTGSTGGC STREME-4
letter-probability matrix: alength= 4 w= 14 nsites= 236 E= 1.1e-004
 0.000163 0.799919 0.005932 0.193986
 0.017217 0.000247 0.976688 0.005847
 0.039956 0.945905 0.013976 0.000163
 0.005847 0.982372 0.000247 0.011534
 0.155049 0.764954 0.051411 0.028587
 0.000163 0.798084 0.000247 0.201506
 0.011532 0.988058 0.000247 0.000163
 0.011532 0.008291 0.022987 0.957190
 0.068381 0.093569 0.798094 0.039957
 0.000163 0.366456 0.610480 0.022902
 0.005847 0.258433 0.022987 0.712732
 0.000163 0.011617 0.988058 0.000163
 0.034271 0.055266 0.893245 0.017217
 0.125233 0.669700 0.057096 0.147971

MOTIF 5-CTCRGCCTCCCAA STREME-5
letter-probability matrix: alength= 4 w= 13 nsites= 230 E= 6.1e-004
 0.000128 0.959422 0.013570 0.026880
 0.009045 0.000194 0.000194 0.990567
 0.000128 0.771953 0.013571 0.214349
 0.372513 0.013571 0.604871 0.009045
 0.017962 0.000194 0.972799 0.009045
 0.000128 0.977258 0.004653 0.017962
 0.009045 0.963881 0.004653 0.022421
 0.000128 0.000194 0.000194 0.999484
 0.000128 0.981716 0.000194 0.017962
 0.005445 0.934409 0.002044 0.058102
 0.013504 0.976398 0.000194 0.009904
 0.879052 0.040332 0.062653 0.017962
 0.968273 0.004653 0.018030 0.009045

MOTIF 6-MGGAAGTG STREME-6
letter-probability matrix: alength= 4 w= 8 nsites= 590 E= 7.7e-004
 0.477210 0.522205 0.000353 0.000232
 0.000232 0.002249 0.997286 0.000232
 0.000232 0.000353 0.949931 0.049484
 0.999062 0.000353 0.000353 0.000232
 0.979192 0.020223 0.000353 0.000232
 0.216138 0.000353 0.783277 0.000232
 0.112940 0.000353 0.000353 0.886354
 0.000232 0.000353 0.928773 0.070642

MOTIF 7-GGCGCGGTGGCTCA STREME-7
letter-probability matrix: alength= 4 w= 14 nsites= 225 E= 2.9e-003
 0.064096 0.000214 0.935549 0.000141
 0.064095 0.000214 0.930630 0.005060
 0.029659 0.714080 0.010053 0.246208
 0.265906 0.000214 0.733739 0.000141
 0.014900 0.753464 0.000214 0.231422
 0.275739 0.000214 0.689466 0.034581
 0.029660 0.000214 0.969985 0.000141
 0.000141 0.024812 0.000214 0.974833
 0.000141 0.000214 0.999504 0.000141
 0.044421 0.000214 0.950305 0.005060
 0.000141 0.920785 0.005134 0.073941
 0.000141 0.000214 0.064177 0.935468
 0.000141 0.965067 0.000214 0.034578
 0.974833 0.014973 0.000214 0.009980

MOTIF 8-AACTCCTGACCTCA STREME-8
letter-probability matrix: alength= 4 w= 14 nsites= 236 E= 4.4e-003
 0.990419 0.000197 0.009254 0.000130
 0.840966 0.027368 0.013782 0.117883
 0.000130 0.972373 0.022839 0.004658
 0.000130 0.022839 0.004726 0.972305
 0.009187 0.936142 0.013782 0.040889
 0.004658 0.945197 0.004726 0.045419
 0.000130 0.050011 0.013783 0.936077
 0.040886 0.006605 0.952379 0.000130
 0.750316 0.009254 0.240300 0.000130
 0.013716 0.800248 0.167793 0.018244
 0.000130 0.927083 0.013782 0.059005
 0.000130 0.000197 0.000197 0.999476
 0.004658 0.861789 0.022839 0.110714
 0.775659 0.004726 0.205900 0.013715

MOTIF 9-GCAAAGGKCAG STREME-9
letter-probability matrix: alength= 4 w= 11 nsites= 189 E= 5.6e-003
 0.077388 0.042861 0.838760 0.040991
 0.000206 0.954999 0.044590 0.000206
 0.769054 0.110946 0.088080 0.031920
 0.770848 0.000313 0.214268 0.014571
 0.999169 0.000313 0.000313 0.000206
 0.000206 0.050273 0.931969 0.017552
 0.000206 0.000313 0.881359 0.118123
 0.000206 0.089283 0.554910 0.355602
 0.000206 0.891369 0.000313 0.108113
 0.963252 0.000313 0.036230 0.000206
 0.276264 0.053576 0.558290 0.111870

MOTIF 10-CCGGGAC STREME-10
letter-probability matrix: alength= 4 w= 7 nsites= 1199 E= 8.4e-003
 0.000444 0.998438 0.000675 0.000444
 0.000444 0.715179 0.283933 0.000444
 0.000444 0.000675 0.998438 0.000444
 0.184760 0.000675 0.784932 0.029633
 0.000444 0.000675 0.998438 0.000444
 0.998207 0.000675 0.000675 0.000444
 0.000444 0.698416 0.000675 0.300466

MOTIF 11-GCGGGYGGATCAC STREME-11
letter-probability matrix: alength= 4 w= 13 nsites= 142 E= 2.1e-002
 0.049741 0.000359 0.949664 0.000236
 0.033241 0.693811 0.000359 0.272589
 0.247857 0.000359 0.751547 0.000236
 0.016738 0.000359 0.982667 0.000236
 0.041491 0.000359 0.957914 0.000236
 0.058001 0.462576 0.008610 0.470814
 0.124024 0.016860 0.850628 0.008487
 0.000236 0.000359 0.999169 0.000236
 0.999046 0.000359 0.000359 0.000236
 0.000236 0.000359 0.000359 0.999046
 0.000236 0.966165 0.008610 0.024989
 0.999046 0.000359 0.000359 0.000236
 0.000236 0.941411 0.000359 0.057994

MOTIF 12-GTCTCTACTAAAA STREME-12
letter-probability matrix: alength= 4 w= 13 nsites= 157 E= 4.2e-002
 0.261787 0.000299 0.723955 0.013958
 0.000197 0.007180 0.000299 0.992324
 0.000197 0.937381 0.014060 0.048362
 0.007077 0.007180 0.007180 0.978564
 0.000197 0.964903 0.034703 0.000197
 0.007077 0.034704 0.000299 0.957920
 0.992324 0.000299 0.007180 0.000197
 0.000197 0.951141 0.007180 0.041483
 0.124085 0.041593 0.007180 0.827142
 0.944156 0.007180 0.048468 0.000197
 0.971683 0.020941 0.007180 0.000197
 0.971684 0.020940 0.000299 0.007077
 0.964802 0.000299 0.014061 0.020838

MOTIF 13-ACTACADTTCCCAG STREME-13
letter-probability matrix: alength= 4 w= 14 nsites= 108 E= 4.2e-002
 0.998900 0.000414 0.000414 0.000272
 0.000272 0.999042 0.000414 0.000272
 0.009782 0.019433 0.000414 0.970371
 0.799193 0.038453 0.095512 0.066842
 0.000272 0.999042 0.000414 0.000272
 0.837234 0.028943 0.133550 0.000272
 0.361675 0.076493 0.200124 0.361708
 0.085867 0.266696 0.095523 0.551914
 0.057331 0.057472 0.019433 0.865764
 0.000272 0.970513 0.009924 0.019292
 0.000272 0.989532 0.000414 0.009782
 0.000272 0.980022 0.009924 0.009782
 0.837233 0.000414 0.162081 0.000272
 0.104880 0.076493 0.723257 0.095370

MOTIF 14-AAGCGATTCTCCT STREME-14
letter-probability matrix: alength= 4 w= 13 nsites= 114 E= 8.4e-002
 0.974993 0.000514 0.012334 0.012159
 0.927704 0.059624 0.012334 0.000338
 0.023979 0.012334 0.963349 0.000338
 0.000338 0.833263 0.000514 0.165885
 0.154063 0.059624 0.769250 0.017064
 0.963173 0.012334 0.012334 0.012159
 0.000338 0.012334 0.024155 0.963173
 0.012159 0.047799 0.000514 0.939528
 0.000338 0.951528 0.047795 0.000338
 0.023979 0.035976 0.012334 0.927711
 0.000338 0.963349 0.012334 0.023979
 0.059442 0.880605 0.035975 0.023979
 0.012159 0.071441 0.024155 0.892246

MOTIF 15-AAATTAGCYGGGCGT STREME-15
letter-probability matrix: alength= 4 w= 15 nsites= 129 E= 1.7e-001
 0.974285 0.016866 0.000359 0.008490
 0.949525 0.025119 0.000359 0.024996
 0.966032 0.000359 0.016866 0.016743
 0.000236 0.033373 0.025119 0.941272
 0.000236 0.033373 0.016866 0.949525
 0.990792 0.000359 0.000359 0.008490
 0.016743 0.025119 0.957902 0.000236
 0.000236 0.957902 0.016866 0.024996
 0.016743 0.627695 0.008612 0.346950
 0.289130 0.008612 0.669007 0.033251
 0.066264 0.000359 0.900127 0.033250
 0.066263 0.016866 0.900128 0.016743
 0.016743 0.652489 0.025119 0.305649
 0.280897 0.058133 0.627721 0.033250
 0.000236 0.025119 0.000359 0.974285

MOTIF 16-GCGCAKGCGCASN STREME-16
letter-probability matrix: alength= 4 w= 13 nsites= 124 E= 1.7e-001
 0.000268 0.000407 0.999057 0.000268
 0.093815 0.905511 0.000407 0.000268
 0.000268 0.000407 0.999057 0.000268
 0.000268 0.999057 0.000407 0.000268
 0.795455 0.134505 0.000407 0.069633
 0.018976 0.122017 0.290428 0.568578
 0.000268 0.000407 0.999057 0.000268
 0.000268 0.999057 0.000407 0.000268
 0.000268 0.000407 0.999057 0.000268
 0.000268 0.961641 0.000407 0.037684
 0.905364 0.000407 0.093961 0.000268
 0.140588 0.421388 0.437756 0.000268
 0.262977 0.271707 0.159445 0.305871

MOTIF 17-CCTCAGCYTC STREME-17
letter-probability matrix: alength= 4 w= 10 nsites= 319 E= 2.8e-001
 0.154146 0.845438 0.000251 0.000165
 0.190131 0.809452 0.000251 0.000165
 0.000165 0.000251 0.000251 0.999333
 0.032754 0.893416 0.000251 0.073579
 0.738463 0.000251 0.261121 0.000165
 0.048246 0.134815 0.815774 0.001164
 0.116660 0.615780 0.000251 0.267308
 0.019904 0.573016 0.079642 0.327438
 0.000165 0.000251 0.000251 0.999333
 0.001128 0.998456 0.000251 0.000165

MOTIF 18-CTGGGA STREME-18
letter-probability matrix: alength= 4 w= 6 nsites= 1660 E= 4.3e-001
 0.018036 0.936509 0.027418 0.018036
 0.018036 0.027418 0.027418 0.927127
 0.018036 0.027418 0.936509 0.018036
 0.018036 0.027418 0.936509 0.018036
 0.018036 0.027418 0.936509 0.018036
 0.927127 0.027418 0.027418 0.018036

MOTIF 19-GAGCCGAGGCT STREME-19
letter-probability matrix: alength= 4 w= 11 nsites= 111 E= 4.5e-001
 0.000401 0.084576 0.823550 0.091474
 0.984072 0.009111 0.006416 0.000401
 0.084366 0.188347 0.726887 0.000401
 0.095980 0.839470 0.022166 0.042383
 0.056385 0.942606 0.000609 0.000401
 0.000401 0.000609 0.984596 0.014394
 0.885112 0.034410 0.056593 0.023885
 0.000401 0.078047 0.879171 0.042382
 0.000401 0.244511 0.754688 0.000401
 0.035955 0.819664 0.110187 0.034195
 0.000401 0.056279 0.146638 0.796683

MOTIF 20-CACACRCACACACAC STREME-20
letter-probability matrix: alength= 4 w= 15 nsites= 123 E= 4.8e-001
 0.000312 0.966175 0.000475 0.033038
 0.900562 0.011383 0.087743 0.000312
 0.022129 0.889814 0.065928 0.022129
 0.998738 0.000475 0.000475 0.000312
 0.060309 0.718461 0.133398 0.087832
 0.419560 0.000475 0.452261 0.127704
 0.000312 0.863472 0.011383 0.124833
 0.889646 0.011383 0.098659 0.000312
 0.000312 0.842992 0.033200 0.123495
 0.797856 0.033200 0.157723 0.011221
 0.033038 0.955266 0.000475 0.011221
 0.922377 0.011383 0.055018 0.011221
 0.004839 0.907113 0.055017 0.033031
 0.627847 0.033200 0.175011 0.163941
 0.069451 0.732256 0.000475 0.197819

MOTIF 21-AGCAGCAGCAA STREME-21
letter-probability matrix: alength= 4 w= 11 nsites= 227 E= 5.0e-001
 0.880993 0.000333 0.118455 0.000219
 0.284657 0.046305 0.668818 0.000219
 0.055326 0.838808 0.000333 0.105533
 0.921782 0.000333 0.043837 0.034047
 0.127162 0.011174 0.792489 0.069175
 0.002408 0.874282 0.000333 0.122977
 0.987311 0.007995 0.000333 0.004360
 0.197818 0.009470 0.689713 0.102998
 0.018725 0.910779 0.028788 0.041708
 0.824471 0.019115 0.125889 0.030524
 0.787474 0.069306 0.116070 0.027150

MOTIF 22-AGACYCTGTCTCAA STREME-22
letter-probability matrix: alength= 4 w= 14 nsites= 67 E= 6.8e-001
 0.981453 0.000723 0.017348 0.000476
 0.116848 0.000723 0.881952 0.000476
 0.948202 0.000723 0.050598 0.000476
 0.017100 0.865326 0.000723 0.116850
 0.017100 0.482879 0.000723 0.499297
 0.017100 0.881952 0.017348 0.083600
 0.033725 0.283385 0.050598 0.632292
 0.233258 0.000723 0.765543 0.000476
 0.000476 0.050597 0.000723 0.948204
 0.000476 0.965076 0.017348 0.017100
 0.000476 0.000723 0.000723 0.998077
 0.000476 0.998325 0.000723 0.000476
 0.781959 0.000723 0.050597 0.166722
 0.998077 0.000723 0.000723 0.000476

MOTIF 23-CCATTTTACAGATG STREME-23
letter-probability matrix: alength= 4 w= 14 nsites= 52 E= 6.8e-001
 0.000571 0.858396 0.040752 0.100281
 0.000571 0.938164 0.000868 0.060397
 0.997694 0.000868 0.000868 0.000571
 0.000571 0.200289 0.040752 0.758388
 0.020513 0.100578 0.000868 0.878041
 0.000571 0.060694 0.060694 0.878041
 0.040455 0.300007 0.000868 0.658671
 0.798270 0.060694 0.100581 0.040455
 0.040455 0.698859 0.000868 0.259819
 0.997694 0.000868 0.000868 0.000571
 0.060397 0.000868 0.878338 0.060397
 0.997694 0.000868 0.000868 0.000571
 0.060397 0.080636 0.060694 0.798272
 0.100281 0.040752 0.858396 0.000571

MOTIF 24-CAAGATGGCG STREME-24
letter-probability matrix: alength= 4 w= 10 nsites= 173 E= 7.5e-001
 0.097436 0.744240 0.108467 0.049858
 0.907753 0.000352 0.091663 0.000232
 0.914735 0.060390 0.000352 0.024523
 0.089340 0.129988 0.780440 0.000232
 0.999064 0.000352 0.000352 0.000232
 0.000232 0.000352 0.000352 0.999064
 0.008328 0.091658 0.899783 0.000232
 0.016425 0.000352 0.979631 0.003592
 0.000232 0.999184 0.000352 0.000232
 0.000232 0.000352 0.953194 0.046222

MOTIF 25-CTGCAGCCTC STREME-25
letter-probability matrix: alength= 4 w= 10 nsites= 798 E= 8.0e-001
 0.000086 0.955181 0.028950 0.015783
 0.000086 0.066948 0.064616 0.868350
 0.099041 0.035696 0.708614 0.156649
 0.001423 0.952739 0.004155 0.041683
 0.889319 0.002292 0.023210 0.085179
 0.284110 0.000510 0.669867 0.045513
 0.026575 0.897692 0.015543 0.060190
 0.099689 0.833418 0.042046 0.024847
 0.064633 0.020521 0.215684 0.699162
 0.032907 0.917206 0.034106 0.015781

MOTIF 26-CCCAAGTCC STREME-26
letter-probability matrix: alength= 4 w= 9 nsites= 263 E= 8.1e-001
 0.092656 0.859398 0.034819 0.013127
 0.002951 0.921954 0.055970 0.019125
 0.059405 0.833382 0.087323 0.019890
 0.859745 0.026419 0.095118 0.018718
 0.838288 0.114739 0.027512 0.019461
 0.017096 0.005234 0.922990 0.054680
 0.031132 0.023899 0.032654 0.912315
 0.067673 0.909289 0.007825 0.015213
 0.095850 0.740207 0.135292 0.028651

MOTIF 27-YRASRTCAY STREME-27
letter-probability matrix: alength= 4 w= 9 nsites= 535 E= 9.1e-001
 0.000133 0.647153 0.000202 0.352512
 0.408006 0.000202 0.591660 0.000133
 0.999464 0.000202 0.000202 0.000133
 0.000133 0.370509 0.629226 0.000133
 0.335969 0.000202 0.663696 0.000133
 0.000133 0.000202 0.000202 0.999464
 0.000133 0.999533 0.000202 0.000133
 0.799353 0.000202 0.200312 0.000133
 0.000133 0.516429 0.189523 0.293915

MOTIF 28-GGGAAGGGAG STREME-28
letter-probability matrix: alength= 4 w= 10 nsites= 863 E= 9.4e-001
 0.000132 0.011255 0.945830 0.042784
 0.031862 0.016696 0.949717 0.001726
 0.000132 0.000200 0.893441 0.106228
 0.823336 0.000200 0.000200 0.176264
 0.812882 0.056520 0.000200 0.130398
 0.000132 0.094850 0.795563 0.109455
 0.068801 0.097617 0.787307 0.046274
 0.061961 0.102918 0.699066 0.136055
 0.897947 0.063451 0.001000 0.037603
 0.210442 0.184927 0.487592 0.117039

MOTIF 29-CTCCCGCCCC STREME-29
letter-probability matrix: alength= 4 w= 10 nsites= 227 E= 9.9e-001
 0.081348 0.659804 0.258125 0.000723
 0.000723 0.001099 0.088800 0.909379
 0.016063 0.982116 0.001099 0.000723
 0.002440 0.978396 0.009770 0.009394
 0.000723 0.997456 0.001099 0.000723
 0.000723 0.001099 0.997456 0.000723
 0.000723 0.997456 0.001099 0.000723
 0.096107 0.822696 0.080474 0.000723
 0.000723 0.897308 0.101247 0.000723
 0.000723 0.932483 0.066071 0.000723

MOTIF 30-AAAACAAA STREME-30
letter-probability matrix: alength= 4 w= 8 nsites= 840 E= 1.1e+000
 0.911738 0.000350 0.000350 0.087561
 0.929457 0.000350 0.069962 0.000230
 0.809269 0.000350 0.049770 0.140610
 0.901461 0.033223 0.065086 0.000230
 0.000230 0.721466 0.130504 0.147799
 0.999069 0.000350 0.000350 0.000230
 0.999069 0.000350 0.000350 0.000230
 0.950679 0.000350 0.048740 0.000230

MOTIF 31-CCGCGGCCGCCRC STREME-31
letter-probability matrix: alength= 4 w= 13 nsites= 352 E= 1.2e+000
 0.003055 0.845653 0.133386 0.017906
 0.039370 0.888816 0.044997 0.026817
 0.026684 0.009040 0.926942 0.037334
 0.017402 0.956818 0.007874 0.017906
 0.038192 0.170438 0.770251 0.021119
 0.014299 0.038634 0.933869 0.013198
 0.048841 0.865976 0.009612 0.075572
 0.022110 0.853346 0.055416 0.069127
 0.035223 0.087240 0.867397 0.010140
 0.054780 0.809218 0.091869 0.044133
 0.017906 0.786534 0.127293 0.068267
 0.428368 0.156725 0.299669 0.115238
 0.055761 0.574045 0.213986 0.156207

MOTIF 32-CACGTGRC STREME-32
letter-probability matrix: alength= 4 w= 8 nsites= 252 E= 1.3e+000
 0.000547 0.978981 0.000831 0.019642
 0.997792 0.000831 0.000831 0.000547
 0.000547 0.998076 0.000831 0.000547
 0.000547 0.000831 0.998076 0.000547
 0.000547 0.000831 0.000831 0.997792
 0.106631 0.035538 0.845213 0.012618
 0.368671 0.000831 0.629952 0.000547
 0.000547 0.875808 0.000831 0.122814

MOTIF 33-GCCCAGCCCCGG STREME-33
letter-probability matrix: alength= 4 w= 12 nsites= 409 E= 1.3e+000
 0.046122 0.057656 0.852928 0.043294
 0.030451 0.929404 0.020820 0.019325
 0.024588 0.882597 0.047536 0.045279
 0.030846 0.921772 0.040047 0.007334
 0.848716 0.032560 0.059124 0.059599
 0.021425 0.029326 0.930930 0.018319
 0.061143 0.829379 0.083473 0.026006
 0.040857 0.850430 0.042759 0.065954
 0.035775 0.856320 0.047062 0.060842
 0.115868 0.711024 0.069666 0.103442
 0.118072 0.106859 0.704673 0.070395
 0.062357 0.092759 0.786994 0.057889

MOTIF 34-GTCCCCA STREME-34
letter-probability matrix: alength= 4 w= 7 nsites= 380 E= 1.4e+000
 0.018036 0.027418 0.936509 0.018036
 0.018036 0.027418 0.027418 0.927127
 0.018036 0.936509 0.027418 0.018036
 0.018036 0.936509 0.027418 0.018036
 0.018036 0.936509 0.027418 0.018036
 0.018036 0.936509 0.027418 0.018036
 0.927127 0.027418 0.027418 0.018036

MOTIF 35-AAGTCAC STREME-35
letter-probability matrix: alength= 4 w= 7 nsites= 283 E= 1.4e+000
 0.958073 0.001254 0.001254 0.039419
 0.922631 0.029494 0.001254 0.046620
 0.000825 0.047129 0.951222 0.000825
 0.000825 0.001254 0.001254 0.996667
 0.143726 0.744021 0.062432 0.049821
 0.918433 0.001254 0.079488 0.000825
 0.174858 0.776286 0.001254 0.047602

MOTIF 36-GGTTTCACCA STREME-36
letter-probability matrix: alength= 4 w= 10 nsites= 74 E= 1.4e+000
 0.000472 0.050233 0.948823 0.000472
 0.000472 0.000718 0.998337 0.000472
 0.000472 0.000718 0.000718 0.998091
 0.016975 0.000718 0.000718 0.981589
 0.000472 0.000718 0.000718 0.998091
 0.000472 0.998337 0.000718 0.000472
 0.998091 0.000718 0.000718 0.000472
 0.000472 0.998337 0.000718 0.000472
 0.000472 0.897427 0.007567 0.094533
 0.998091 0.000718 0.000718 0.000472

MOTIF 37-CCTCCCRGGTTC STREME-37
letter-probability matrix: alength= 4 w= 12 nsites= 57 E= 1.4e+000
 0.000596 0.997901 0.000906 0.000596
 0.000596 0.997901 0.000906 0.000596
 0.000596 0.000906 0.000906 0.997591
 0.000596 0.997901 0.000906 0.000596
 0.000596 0.997901 0.000906 0.000596
 0.104762 0.584564 0.021736 0.288938
 0.334101 0.021736 0.643566 0.000596
 0.000596 0.000906 0.997901 0.000596
 0.000596 0.000906 0.997901 0.000596
 0.000596 0.000906 0.000906 0.997591
 0.000596 0.000906 0.000906 0.997591
 0.000596 0.997901 0.000906 0.000596

MOTIF 38-GGGTTCGAAT STREME-38
letter-probability matrix: alength= 4 w= 10 nsites= 38 E= 1.4e+000
 0.031972 0.094610 0.810360 0.063058
 0.013789 0.001352 0.983969 0.000890
 0.000890 0.001352 0.965786 0.031972
 0.094148 0.001352 0.032435 0.872065
 0.000890 0.001352 0.001352 0.996405
 0.000890 0.996868 0.001352 0.000890
 0.000890 0.001352 0.996868 0.000890
 0.965323 0.032435 0.001352 0.000890
 0.710611 0.063521 0.125720 0.100148
 0.000890 0.014252 0.094610 0.890249

MOTIF 39-AGTGCAGTGG STREME-39
letter-probability matrix: alength= 4 w= 10 nsites= 81 E= 1.5e+000
 0.997787 0.000833 0.000833 0.000548
 0.000548 0.000833 0.998072 0.000548
 0.000548 0.000833 0.000833 0.997787
 0.000548 0.000833 0.998072 0.000548
 0.000548 0.931526 0.000833 0.067094
 0.997787 0.000833 0.000833 0.000548
 0.211155 0.000833 0.787465 0.000548
 0.000548 0.000833 0.000833 0.997787
 0.000548 0.000833 0.998072 0.000548
 0.000548 0.000833 0.998072 0.000548

MOTIF 40-CGGCGGCGGCGGC STREME-40
letter-probability matrix: alength= 4 w= 13 nsites= 172 E= 1.7e+000
 0.014033 0.939623 0.000301 0.046043
 0.000198 0.000301 0.999303 0.000198
 0.083170 0.027959 0.867931 0.020940
 0.016280 0.920981 0.000301 0.062438
 0.041685 0.007215 0.950902 0.000198
 0.129343 0.007215 0.863245 0.000198
 0.027857 0.893287 0.017001 0.061855
 0.023810 0.000301 0.941910 0.033979
 0.069340 0.000301 0.916332 0.014026
 0.020943 0.890324 0.000301 0.088432
 0.058632 0.000301 0.940869 0.000198
 0.062435 0.000301 0.923238 0.014026
 0.034777 0.905949 0.000301 0.058973

MOTIF 41-AGGAAG STREME-41
letter-probability matrix: alength= 4 w= 6 nsites= 1393 E= 1.9e+000
 0.927127 0.027418 0.027418 0.018036
 0.018036 0.027418 0.936509 0.018036
 0.018036 0.027418 0.936509 0.018036
 0.927127 0.027418 0.027418 0.018036
 0.927127 0.027418 0.027418 0.018036
 0.018036 0.027418 0.936509 0.018036

MOTIF 42-AAAAAAAAAAAAAAA STREME-42
letter-probability matrix: alength= 4 w= 15 nsites= 68 E= 7.5e+000
 0.893019 0.000834 0.028920 0.077227
 0.946664 0.000834 0.032785 0.019717
 0.825268 0.077508 0.096676 0.000549
 0.863599 0.096682 0.039170 0.000549
 0.940279 0.020002 0.039170 0.000549
 0.959447 0.000834 0.039170 0.000549
 0.959446 0.020003 0.000834 0.019717
 0.901936 0.077513 0.020002 0.000549
 0.940279 0.000834 0.020002 0.038885
 0.940279 0.020002 0.039170 0.000549
 0.940278 0.039171 0.020002 0.000549
 0.901940 0.020002 0.039173 0.038885
 0.844428 0.096677 0.058346 0.000549
 0.844411 0.039170 0.077529 0.038889
 0.907490 0.058344 0.000834 0.033332

MOTIF 43-CAGGGTGGTATGGC STREME-43
letter-probability matrix: alength= 4 w= 14 nsites= 46 E= 1.1e+001
 0.022778 0.931334 0.000964 0.044925
 0.953151 0.000964 0.045252 0.000634
 0.000634 0.000964 0.931336 0.067066
 0.044922 0.000964 0.931336 0.022778
 0.044922 0.000964 0.953480 0.000634
 0.044922 0.000964 0.000964 0.953151
 0.044922 0.000964 0.953480 0.000634
 0.067066 0.045252 0.864904 0.022778
 0.000634 0.045252 0.045252 0.908862
 0.775997 0.023108 0.111684 0.089211
 0.022778 0.000964 0.023108 0.953151
 0.000634 0.045252 0.953480 0.000634
 0.022778 0.045252 0.931336 0.000634
 0.044925 0.909190 0.023108 0.022778

MOTIF 44-AGGAGGTGCTG STREME-44
letter-probability matrix: alength= 4 w= 11 nsites= 111 E= 1.1e+001
 0.980871 0.018584 0.000329 0.000216
 0.000216 0.195224 0.721619 0.082941
 0.091809 0.068637 0.562449 0.277105
 0.911013 0.011973 0.076797 0.000216
 0.000216 0.015444 0.935640 0.048700
 0.018468 0.114600 0.791137 0.075795
 0.000216 0.000329 0.000329 0.999126
 0.010037 0.038825 0.950922 0.000216
 0.177279 0.772744 0.042203 0.007774
 0.077428 0.018581 0.120938 0.783053
 0.000216 0.040277 0.746203 0.213303

********************************************************************************
Stopped because 3 consecutive motifs exceeded the p-value threshold (0.05).
********************************************************************************
COMMAND:	streme --verbosity 1 --oc meme_out_incomplete_DL/HepG2_GTF3A-human_ENCFF413CKX/streme_out -dna --seed 0 --p meme_out_incomplete_DL/HepG2_GTF3A-human_ENCFF413CKX/seqs-centered --minw 6 --maxw 15 --time 6190 --order 2 --thresh 0.05 --align center --totallength 4000000 --parse-genomic-coord
********************************************************************************
CPU:		9f05ee173ae9
********************************************************************************
FINALTIME:	822.57 seconds
********************************************************************************
