********************************************************************************
STREME - Sensitive, Thorough, Rapid, Enriched Motif Elicitation
********************************************************************************
MEME version 5.5.3 (Release date: Sat Jun 10 16:19:38 2023 -0700)

For further information on how to interpret these results please access http://localhost:8080/meme_5.5.3.
To get a copy of the MEME Suite software please access https://meme-suite.org.

********************************************************************************


********************************************************************************
REFERENCE
********************************************************************************
If you use this program in your research, please cite:

Timothy L. Bailey,
"STREME: accurate and versatile sequence motif discovery",
Bioinformatics, Mar. 24, 2021.
********************************************************************************


ALPHABET= ACGT

strands: + -

Background letter frequencies
A 0.212 C 0.288 G 0.288 T 0.212 

MOTIF 1-GCCCCGCCCCCBCCC STREME-1
letter-probability matrix: alength= 4 w= 15 nsites= 783 E= 8.1e-012
 0.050583 0.036938 0.717333 0.195146
 0.009604 0.931560 0.013717 0.045119
 0.042387 0.853132 0.006887 0.097594
 0.051949 0.939756 0.001423 0.006872
 0.001408 0.953648 0.016449 0.028495
 0.112053 0.000057 0.776869 0.111021
 0.000042 0.972540 0.005521 0.021898
 0.000042 0.940859 0.049495 0.009604
 0.008238 0.840271 0.017015 0.134475
 0.118347 0.793565 0.031474 0.056614
 0.054681 0.570038 0.129026 0.246254
 0.165893 0.232305 0.229645 0.372157
 0.112053 0.528564 0.207151 0.152233
 0.077903 0.686482 0.165908 0.069707
 0.041588 0.652565 0.174903 0.130944

MOTIF 2-CAAGATGGCGGCSSC STREME-2
letter-probability matrix: alength= 4 w= 15 nsites= 395 E= 2.9e-011
 0.111789 0.618774 0.157647 0.111789
 0.985354 0.000119 0.005847 0.008680
 0.945256 0.008711 0.014440 0.031593
 0.229219 0.217794 0.532850 0.020137
 0.999674 0.000119 0.000119 0.000088
 0.000088 0.000119 0.000119 0.999674
 0.000088 0.000119 0.999706 0.000088
 0.000088 0.000119 0.999706 0.000088
 0.000088 0.988249 0.000119 0.011544
 0.077420 0.123277 0.681786 0.117518
 0.091740 0.143326 0.721884 0.043050
 0.126110 0.807808 0.000119 0.065963
 0.088876 0.389643 0.358137 0.163344
 0.169072 0.335224 0.395371 0.100333
 0.137567 0.587269 0.157647 0.117518

MOTIF 3-CCACCAGGGGGCRS STREME-3
letter-probability matrix: alength= 4 w= 14 nsites= 309 E= 2.5e-006
 0.047292 0.905253 0.023749 0.023706
 0.000120 0.983872 0.015887 0.000120
 0.854107 0.011956 0.114162 0.019775
 0.000120 0.722796 0.265171 0.011913
 0.096095 0.729027 0.029312 0.145567
 0.968105 0.000163 0.008025 0.023706
 0.000120 0.008025 0.991734 0.000120
 0.326392 0.004094 0.661532 0.007982
 0.015844 0.011956 0.750313 0.221887
 0.011913 0.004094 0.979941 0.004051
 0.019775 0.041105 0.891828 0.047292
 0.103957 0.864311 0.000163 0.031568
 0.400412 0.027680 0.556063 0.015844
 0.023706 0.600935 0.351652 0.023706

MOTIF 4-CGGAAGTGR STREME-4
letter-probability matrix: alength= 4 w= 9 nsites= 338 E= 4.9e-004
 0.000181 0.968516 0.031121 0.000181
 0.000181 0.012942 0.986695 0.000181
 0.010338 0.000246 0.989234 0.000181
 0.956817 0.000246 0.000246 0.042691
 0.978353 0.007190 0.000246 0.014210
 0.085349 0.000246 0.914223 0.000181
 0.000181 0.000246 0.000246 0.999326
 0.143664 0.084915 0.655143 0.116278
 0.448442 0.101613 0.421877 0.028068

MOTIF 5-CCTCCTCCCACC STREME-5
letter-probability matrix: alength= 4 w= 12 nsites= 311 E= 3.0e-002
 0.015254 0.854204 0.072667 0.057876
 0.039073 0.861923 0.037770 0.061234
 0.041906 0.046769 0.053119 0.858206
 0.030248 0.897859 0.028569 0.043323
 0.018590 0.894906 0.039110 0.047394
 0.067040 0.060923 0.039969 0.832067
 0.012785 0.867439 0.062407 0.057369
 0.027339 0.883814 0.046774 0.042073
 0.041602 0.908396 0.029705 0.020297
 0.737281 0.071927 0.077386 0.113405
 0.052632 0.740619 0.148256 0.058493
 0.096569 0.783556 0.042934 0.076941

MOTIF 6-CTGCAGCCGC STREME-6
letter-probability matrix: alength= 4 w= 10 nsites= 360 E= 4.1e-002
 0.000229 0.962725 0.024049 0.012997
 0.017442 0.010217 0.139265 0.833076
 0.055262 0.008188 0.932672 0.003877
 0.022310 0.956900 0.009990 0.010800
 0.813367 0.147721 0.038683 0.000229
 0.000229 0.000310 0.999232 0.000229
 0.011142 0.807352 0.011966 0.169540
 0.008786 0.825784 0.000310 0.165119
 0.204243 0.053868 0.631534 0.110355
 0.014470 0.957549 0.027753 0.000229

MOTIF 7-GCTGGGATTACAGGC STREME-7
letter-probability matrix: alength= 4 w= 15 nsites= 82 E= 6.1e-002
 0.015581 0.015746 0.968210 0.000463
 0.015581 0.922854 0.030865 0.030700
 0.000463 0.015746 0.030865 0.952926
 0.045818 0.000628 0.953091 0.000463
 0.045818 0.015746 0.922854 0.015581
 0.106292 0.000628 0.877499 0.015581
 0.952926 0.000628 0.045983 0.000463
 0.015581 0.076220 0.015746 0.892452
 0.000463 0.030865 0.030865 0.937807
 0.862215 0.030865 0.045983 0.060937
 0.000463 0.953091 0.000628 0.045818
 0.741267 0.045983 0.197168 0.015581
 0.060937 0.000628 0.892617 0.045818
 0.000463 0.030865 0.922854 0.045818
 0.030700 0.862380 0.015746 0.091173

MOTIF 8-AAWRCAAAMA STREME-8
letter-probability matrix: alength= 4 w= 10 nsites= 289 E= 6.4e-002
 0.695555 0.000212 0.000212 0.304020
 0.994304 0.000212 0.000212 0.005271
 0.636972 0.000212 0.000212 0.362603
 0.505205 0.000212 0.494426 0.000157
 0.000157 0.999475 0.000212 0.000157
 0.999419 0.000212 0.000212 0.000157
 0.999419 0.000212 0.000212 0.000157
 0.624017 0.088753 0.185919 0.101311
 0.295601 0.383220 0.153759 0.167420
 0.923243 0.000212 0.000212 0.076332

MOTIF 9-CCTCCKCCTCC STREME-9
letter-probability matrix: alength= 4 w= 11 nsites= 665 E= 6.5e-002
 0.000083 0.999723 0.000112 0.000083
 0.004289 0.659543 0.101426 0.234742
 0.256410 0.000112 0.005507 0.737971
 0.000083 0.999723 0.000112 0.000083
 0.105830 0.570920 0.279057 0.044193
 0.032979 0.042318 0.403662 0.521041
 0.015727 0.846351 0.000112 0.137810
 0.071400 0.720021 0.121983 0.086596
 0.060161 0.000112 0.033581 0.906146
 0.066485 0.878676 0.000112 0.054727
 0.000083 0.835628 0.117189 0.047100

MOTIF 10-ACGTGAC STREME-10
letter-probability matrix: alength= 4 w= 7 nsites= 699 E= 7.0e-002
 0.998995 0.000367 0.000367 0.000271
 0.143221 0.663956 0.000367 0.192455
 0.000271 0.000367 0.999091 0.000271
 0.000271 0.082209 0.000367 0.917153
 0.038447 0.311777 0.649505 0.000271
 0.998995 0.000367 0.000367 0.000271
 0.000271 0.848561 0.000367 0.150801

MOTIF 11-TCTCGCGAGAWY STREME-11
letter-probability matrix: alength= 4 w= 12 nsites= 149 E= 1.1e-001
 0.023219 0.030964 0.030964 0.914853
 0.230079 0.738722 0.015641 0.015557
 0.007896 0.007980 0.007980 0.976145
 0.000234 0.999213 0.000318 0.000234
 0.000234 0.000318 0.999213 0.000234
 0.007896 0.991551 0.000318 0.000234
 0.000234 0.000318 0.991551 0.007896
 0.876545 0.023303 0.076933 0.023219
 0.000234 0.023303 0.899613 0.076849
 0.911673 0.023303 0.057128 0.007896
 0.424796 0.129916 0.008348 0.436939
 0.038542 0.429083 0.092256 0.440119

MOTIF 12-CAAACA STREME-12
letter-probability matrix: alength= 4 w= 6 nsites= 730 E= 1.5e-001
 0.019282 0.935264 0.026173 0.019282
 0.928373 0.026173 0.026173 0.019282
 0.928373 0.026173 0.026173 0.019282
 0.928373 0.026173 0.026173 0.019282
 0.019282 0.935264 0.026173 0.019282
 0.928373 0.026173 0.026173 0.019282

MOTIF 13-GYCGCCGYCGC STREME-13
letter-probability matrix: alength= 4 w= 11 nsites= 217 E= 1.6e-001
 0.000229 0.000311 0.999232 0.000229
 0.183373 0.537594 0.000311 0.278722
 0.000229 0.999232 0.000311 0.000229
 0.000229 0.000311 0.999232 0.000229
 0.063157 0.869001 0.007789 0.060053
 0.090109 0.782202 0.045438 0.082250
 0.190236 0.000311 0.809225 0.000229
 0.015184 0.590121 0.058863 0.335832
 0.052575 0.877365 0.058614 0.011446
 0.022774 0.000311 0.925129 0.051786
 0.138633 0.726556 0.004353 0.130458

MOTIF 14-AGGAAG STREME-14
letter-probability matrix: alength= 4 w= 6 nsites= 1416 E= 1.7e-001
 0.928373 0.026173 0.026173 0.019282
 0.019282 0.026173 0.935264 0.019282
 0.019282 0.026173 0.935264 0.019282
 0.928373 0.026173 0.026173 0.019282
 0.928373 0.026173 0.026173 0.019282
 0.019282 0.026173 0.935264 0.019282

MOTIF 15-GGGTTCGADTCCCRG STREME-15
letter-probability matrix: alength= 4 w= 15 nsites= 129 E= 1.8e-001
 0.008438 0.114959 0.843605 0.032999
 0.098495 0.000340 0.900914 0.000251
 0.000251 0.000340 0.999159 0.000251
 0.032999 0.000340 0.008527 0.958134
 0.000251 0.000340 0.033088 0.966321
 0.041186 0.958224 0.000340 0.000251
 0.270423 0.033088 0.696238 0.000251
 0.974508 0.000340 0.024901 0.000251
 0.425977 0.016714 0.237764 0.319545
 0.082121 0.221390 0.041275 0.655214
 0.000251 0.982785 0.008527 0.008438
 0.024812 0.876353 0.000340 0.098495
 0.024812 0.835418 0.139520 0.000251
 0.311358 0.041275 0.540685 0.106682
 0.000251 0.245951 0.638929 0.114869

MOTIF 16-NCAAAGTCCA STREME-16
letter-probability matrix: alength= 4 w= 10 nsites= 348 E= 1.9e-001
 0.202097 0.268756 0.195364 0.333784
 0.000144 0.936874 0.000195 0.062787
 0.968270 0.000195 0.000195 0.031339
 0.813375 0.000195 0.162533 0.023896
 0.999465 0.000195 0.000195 0.000144
 0.000144 0.000195 0.903937 0.095723
 0.000144 0.000195 0.149217 0.850443
 0.000144 0.681030 0.000195 0.318631
 0.000144 0.887856 0.089085 0.022915
 0.916047 0.000195 0.000195 0.083562

MOTIF 17-CCCGGAAGCCG STREME-17
letter-probability matrix: alength= 4 w= 11 nsites= 283 E= 1.9e-001
 0.158924 0.681485 0.145787 0.013803
 0.020426 0.967044 0.000282 0.012247
 0.000208 0.955343 0.044241 0.000208
 0.000208 0.017332 0.982252 0.000208
 0.000208 0.020675 0.978909 0.000208
 0.956911 0.027473 0.001813 0.013803
 0.885503 0.100411 0.000282 0.013803
 0.159138 0.223174 0.568587 0.049100
 0.000208 0.965313 0.013878 0.020601
 0.142419 0.646782 0.154174 0.056625
 0.133091 0.088425 0.722724 0.055760

MOTIF 18-ACTACAWYTCCCAG STREME-18
letter-probability matrix: alength= 4 w= 14 nsites= 85 E= 2.5e-001
 0.971872 0.027168 0.000553 0.000407
 0.000407 0.998633 0.000553 0.000407
 0.000407 0.000553 0.000553 0.998487
 0.865410 0.053784 0.080399 0.000407
 0.000407 0.998633 0.000553 0.000407
 0.931948 0.000553 0.040476 0.027023
 0.506101 0.067091 0.107015 0.319793
 0.066946 0.306631 0.093707 0.532717
 0.013715 0.027168 0.000553 0.958564
 0.000407 0.972017 0.013861 0.013715
 0.000407 0.998633 0.000553 0.000407
 0.013715 0.958709 0.000553 0.027023
 0.892025 0.000553 0.107015 0.000407
 0.080254 0.040476 0.745786 0.133485

MOTIF 19-CAGCCTGGGCAACA STREME-19
letter-probability matrix: alength= 4 w= 14 nsites= 83 E= 6.1e-001
 0.013715 0.918786 0.000553 0.066946
 0.945256 0.000553 0.053784 0.000407
 0.053638 0.013861 0.892171 0.040330
 0.000407 0.918786 0.013861 0.066946
 0.000407 0.972017 0.013861 0.013715
 0.000407 0.000553 0.000553 0.998487
 0.053638 0.000553 0.945402 0.000407
 0.133485 0.000553 0.812324 0.053638
 0.013715 0.213477 0.772401 0.000407
 0.066946 0.799017 0.000553 0.133485
 0.692409 0.067091 0.240092 0.000407
 0.985179 0.013861 0.000553 0.000407
 0.040330 0.878863 0.040476 0.040330
 0.971872 0.013861 0.013861 0.000407

MOTIF 20-ATTGGCTG STREME-20
letter-probability matrix: alength= 4 w= 8 nsites= 130 E= 7.6e-001
 0.928373 0.026173 0.026173 0.019282
 0.019282 0.026173 0.026173 0.928373
 0.019282 0.026173 0.026173 0.928373
 0.019282 0.026173 0.935264 0.019282
 0.019282 0.026173 0.935264 0.019282
 0.019282 0.935264 0.026173 0.019282
 0.019282 0.026173 0.026173 0.928373
 0.019282 0.026173 0.935264 0.019282

MOTIF 21-CCCAAGGTCAC STREME-21
letter-probability matrix: alength= 4 w= 11 nsites= 263 E= 9.8e-001
 0.034606 0.732860 0.079175 0.153358
 0.131719 0.605315 0.023726 0.239240
 0.000176 0.906782 0.044044 0.048999
 0.929080 0.000238 0.048528 0.022154
 0.753614 0.069100 0.171372 0.005914
 0.061047 0.000238 0.915585 0.023130
 0.040345 0.017454 0.936287 0.005914
 0.001281 0.067785 0.011715 0.919218
 0.051822 0.919072 0.000238 0.028868
 0.777068 0.008358 0.175204 0.039369
 0.023130 0.714609 0.105742 0.156519

MOTIF 22-GTAAAYA STREME-22
letter-probability matrix: alength= 4 w= 7 nsites= 975 E= 9.9e-001
 0.280653 0.000213 0.671913 0.047222
 0.000157 0.000213 0.000213 0.999417
 0.815825 0.147735 0.000213 0.036226
 0.933373 0.000213 0.021166 0.045248
 0.999417 0.000213 0.000213 0.000157
 0.000157 0.385340 0.000213 0.614290
 0.999417 0.000213 0.000213 0.000157

MOTIF 23-WGCGCATGCGCW STREME-23
letter-probability matrix: alength= 4 w= 12 nsites= 133 E= 1.0e+000
 0.264434 0.230151 0.018604 0.486810
 0.104062 0.004582 0.885052 0.006304
 0.044274 0.942463 0.013077 0.000187
 0.019807 0.000254 0.970577 0.009362
 0.000187 0.999372 0.000254 0.000187
 0.702652 0.189897 0.063588 0.043863
 0.043863 0.063588 0.189897 0.702652
 0.000187 0.000254 0.999372 0.000187
 0.009362 0.970577 0.000254 0.019807
 0.000187 0.013077 0.942463 0.044274
 0.006304 0.885052 0.004582 0.104062
 0.486810 0.018604 0.230151 0.264434

MOTIF 24-GCCAATCAGA STREME-24
letter-probability matrix: alength= 4 w= 10 nsites= 117 E= 1.0e+000
 0.102466 0.051054 0.783770 0.062710
 0.000387 0.983636 0.002958 0.013019
 0.050916 0.942930 0.000525 0.005629
 0.948034 0.000525 0.000525 0.050916
 0.998564 0.000525 0.000525 0.000387
 0.000387 0.000525 0.000525 0.998564
 0.001563 0.805337 0.129552 0.063549
 0.935405 0.013156 0.051052 0.000387
 0.004170 0.031031 0.933906 0.030893
 0.898021 0.094752 0.000525 0.006702

MOTIF 25-AATGAA STREME-25
letter-probability matrix: alength= 4 w= 6 nsites= 461 E= 1.4e+000
 0.928373 0.026173 0.026173 0.019282
 0.928373 0.026173 0.026173 0.019282
 0.019282 0.026173 0.026173 0.928373
 0.019282 0.026173 0.935264 0.019282
 0.928373 0.026173 0.026173 0.019282
 0.928373 0.026173 0.026173 0.019282

MOTIF 26-CCCCTCCC STREME-26
letter-probability matrix: alength= 4 w= 8 nsites= 992 E= 1.4e+000
 0.048918 0.950076 0.000579 0.000427
 0.047980 0.855681 0.095912 0.000427
 0.000427 0.967913 0.031234 0.000427
 0.105520 0.892674 0.001379 0.000427
 0.273389 0.000579 0.095891 0.630140
 0.065081 0.933913 0.000579 0.000427
 0.005763 0.974143 0.019667 0.000427
 0.000427 0.998518 0.000628 0.000427

MOTIF 27-AGAAAAAAAAAAA STREME-27
letter-probability matrix: alength= 4 w= 13 nsites= 119 E= 1.4e+000
 0.967247 0.000594 0.000594 0.031564
 0.255275 0.097441 0.639694 0.007590
 0.960066 0.014899 0.024598 0.000438
 0.984069 0.000594 0.000594 0.014743
 0.900289 0.000594 0.098679 0.000438
 0.941154 0.029204 0.000594 0.029048
 0.870846 0.029204 0.056598 0.043352
 0.955459 0.000594 0.000594 0.043352
 0.783800 0.072119 0.057814 0.086267
 0.920913 0.000594 0.043509 0.034984
 0.926849 0.014899 0.029204 0.029048
 0.912544 0.086424 0.000594 0.000438
 0.898240 0.000594 0.000594 0.100572

MOTIF 28-CTTTGATC STREME-28
letter-probability matrix: alength= 4 w= 8 nsites= 518 E= 1.5e+000
 0.011819 0.955097 0.017439 0.015645
 0.030319 0.004401 0.029619 0.935661
 0.089907 0.003212 0.016344 0.890536
 0.001956 0.000770 0.033305 0.963969
 0.011818 0.140844 0.787915 0.059422
 0.783098 0.100776 0.016142 0.099983
 0.018327 0.048097 0.000477 0.933099
 0.017461 0.926418 0.055608 0.000513

MOTIF 29-CATTTCCCA STREME-29
letter-probability matrix: alength= 4 w= 9 nsites= 279 E= 1.5e+000
 0.052846 0.791695 0.000669 0.154790
 0.904582 0.094256 0.000669 0.000493
 0.000493 0.061594 0.130564 0.807349
 0.000493 0.000669 0.045827 0.953011
 0.086700 0.057196 0.000669 0.855435
 0.000493 0.998345 0.000669 0.000493
 0.000493 0.982242 0.016773 0.000493
 0.000493 0.998345 0.000669 0.000493
 0.825086 0.000669 0.000669 0.173576

MOTIF 30-GTGAGCCACCGCRCC STREME-30
letter-probability matrix: alength= 4 w= 15 nsites= 49 E= 2.0e+000
 0.070243 0.024141 0.904906 0.000709
 0.000709 0.000963 0.047319 0.951009
 0.023887 0.000963 0.974440 0.000709
 0.997365 0.000963 0.000963 0.000709
 0.000709 0.000963 0.997619 0.000709
 0.023887 0.928084 0.047319 0.000709
 0.000709 0.974440 0.000963 0.023887
 0.974187 0.000963 0.000963 0.023887
 0.000709 0.997619 0.000963 0.000709
 0.047065 0.673126 0.024141 0.255668
 0.093421 0.000963 0.904906 0.000709
 0.000709 0.696304 0.000963 0.302024
 0.348380 0.047319 0.557236 0.047065
 0.023887 0.974440 0.000963 0.000709
 0.000709 0.974440 0.024141 0.000709

MOTIF 31-RTGASTCAY STREME-31
letter-probability matrix: alength= 4 w= 9 nsites= 129 E= 5.3e+000
 0.571500 0.000685 0.427310 0.000505
 0.000505 0.000685 0.000685 0.998124
 0.000505 0.000685 0.668540 0.330270
 0.998124 0.000685 0.000685 0.000505
 0.000505 0.499495 0.499495 0.000505
 0.000505 0.000685 0.000685 0.998124
 0.330270 0.668540 0.000685 0.000505
 0.998124 0.000685 0.000685 0.000505
 0.000505 0.427310 0.000685 0.571500

MOTIF 32-CTCGAACTCCTGACC STREME-32
letter-probability matrix: alength= 4 w= 15 nsites= 42 E= 8.0e+000
 0.001050 0.996475 0.001425 0.001050
 0.001050 0.001425 0.001425 0.996099
 0.001050 0.687666 0.035737 0.275546
 0.172610 0.035737 0.790602 0.001050
 0.996099 0.001425 0.001425 0.001050
 0.927475 0.001425 0.001425 0.069674
 0.001050 0.893538 0.001425 0.103986
 0.001050 0.001425 0.001425 0.996099
 0.001050 0.927850 0.035737 0.035362
 0.001050 0.996475 0.001425 0.001050
 0.001050 0.035737 0.001425 0.961787
 0.001050 0.001425 0.996475 0.001050
 0.790227 0.001425 0.207298 0.001050
 0.001050 0.859226 0.070049 0.069674
 0.001050 0.962162 0.001425 0.035362

********************************************************************************
Stopped because 3 consecutive motifs exceeded the p-value threshold (0.05).
********************************************************************************
COMMAND:	streme --verbosity 1 --oc meme_out_incomplete_DL/HepG2_GTF2F1-human_ENCFF171VVS/streme_out -dna --seed 0 --p meme_out_incomplete_DL/HepG2_GTF2F1-human_ENCFF171VVS/seqs-centered --minw 6 --maxw 15 --time 6190 --order 2 --thresh 0.05 --align center --totallength 4000000 --parse-genomic-coord
********************************************************************************
CPU:		9f05ee173ae9
********************************************************************************
FINALTIME:	380.85 seconds
********************************************************************************
