********************************************************************************
STREME - Sensitive, Thorough, Rapid, Enriched Motif Elicitation
********************************************************************************
MEME version 5.5.3 (Release date: Sat Jun 10 16:19:38 2023 -0700)

For further information on how to interpret these results please access http://localhost:8080/meme_5.5.3.
To get a copy of the MEME Suite software please access https://meme-suite.org.

********************************************************************************


********************************************************************************
REFERENCE
********************************************************************************
If you use this program in your research, please cite:

Timothy L. Bailey,
"STREME: accurate and versatile sequence motif discovery",
Bioinformatics, Mar. 24, 2021.
********************************************************************************


ALPHABET= ACGT

strands: + -

Background letter frequencies
A 0.224 C 0.276 G 0.276 T 0.224 

MOTIF 1-GCTGGGATTACAGGY STREME-1
letter-probability matrix: alength= 4 w= 15 nsites= 69 E= 2.1e-002
 0.018386 0.000710 0.962518 0.018386
 0.018386 0.944707 0.000710 0.036197
 0.018386 0.018522 0.000710 0.962382
 0.036197 0.036333 0.926896 0.000575
 0.071820 0.018522 0.855651 0.054008
 0.018386 0.000710 0.944707 0.036197
 0.980194 0.000710 0.000710 0.018386
 0.018386 0.196634 0.036333 0.748647
 0.036197 0.089767 0.054144 0.819892
 0.855515 0.089767 0.054144 0.000575
 0.018386 0.962518 0.000710 0.018386
 0.926760 0.000710 0.071955 0.000575
 0.196498 0.036333 0.766594 0.000575
 0.054008 0.071955 0.802217 0.071820
 0.036197 0.445992 0.000710 0.517101

MOTIF 2-ACTTCCKGT STREME-2
letter-probability matrix: alength= 4 w= 9 nsites= 301 E= 5.4e-002
 0.999195 0.000287 0.000287 0.000232
 0.000232 0.935015 0.000287 0.064467
 0.035879 0.000287 0.000287 0.963547
 0.017598 0.000287 0.000287 0.981828
 0.015283 0.977007 0.007478 0.000232
 0.000232 0.984868 0.014669 0.000232
 0.000232 0.000287 0.565534 0.433947
 0.036186 0.107357 0.771600 0.084857
 0.063250 0.140153 0.133329 0.663268

MOTIF 3-CCCCGCCCCCDCC STREME-3
letter-probability matrix: alength= 4 w= 13 nsites= 358 E= 5.9e-002
 0.006511 0.980442 0.000128 0.012919
 0.006511 0.777808 0.105858 0.109823
 0.012919 0.953480 0.014273 0.019327
 0.059104 0.826472 0.000128 0.114296
 0.229316 0.000128 0.637496 0.133061
 0.025735 0.935587 0.003332 0.035347
 0.003307 0.993258 0.003332 0.000103
 0.060978 0.854253 0.077640 0.007128
 0.033473 0.953480 0.012944 0.000103
 0.071920 0.751178 0.041779 0.135122
 0.388556 0.127409 0.249327 0.234708
 0.112622 0.571589 0.110633 0.205156
 0.051367 0.842078 0.073819 0.032737

MOTIF 4-CCTCAGCCTCCCVA STREME-4
letter-probability matrix: alength= 4 w= 14 nsites= 67 E= 8.3e-002
 0.000433 0.971776 0.013947 0.013845
 0.000433 0.904715 0.027359 0.067493
 0.013845 0.013947 0.000535 0.971673
 0.000433 0.958363 0.000535 0.040669
 0.609546 0.081008 0.255366 0.054081
 0.040669 0.000535 0.891303 0.067493
 0.040669 0.904715 0.000535 0.054081
 0.013845 0.904715 0.000535 0.080906
 0.054081 0.027359 0.040771 0.877788
 0.000433 0.845500 0.013947 0.140121
 0.000433 0.971776 0.000535 0.027257
 0.121142 0.770593 0.040771 0.067493
 0.416209 0.287756 0.255366 0.040669
 0.944849 0.040771 0.013947 0.000433

MOTIF 5-CTTTGATCT STREME-5
letter-probability matrix: alength= 4 w= 9 nsites= 199 E= 9.6e-002
 0.000486 0.961487 0.036318 0.001708
 0.086035 0.021808 0.075933 0.816225
 0.015553 0.000601 0.057492 0.926355
 0.016955 0.021920 0.000601 0.960523
 0.000486 0.121911 0.877117 0.000486
 0.914133 0.000601 0.000601 0.084666
 0.000486 0.000601 0.000601 0.998312
 0.000486 0.885971 0.113057 0.000486
 0.100794 0.165020 0.077336 0.656850

MOTIF 6-CAAAGTCCAD STREME-6
letter-probability matrix: alength= 4 w= 10 nsites= 139 E= 2.3e-001
 0.000247 0.907247 0.000306 0.092201
 0.872643 0.062321 0.000306 0.064730
 0.999142 0.000306 0.000306 0.000247
 0.999142 0.000306 0.000306 0.000247
 0.000247 0.000306 0.983874 0.015573
 0.050880 0.054659 0.037317 0.857144
 0.031612 0.746854 0.001782 0.219753
 0.049404 0.924983 0.015631 0.009981
 0.918620 0.000306 0.015631 0.065443
 0.271190 0.134467 0.282526 0.311817

MOTIF 7-AAAAAAAAARAAA STREME-7
letter-probability matrix: alength= 4 w= 13 nsites= 182 E= 2.3e-001
 0.999265 0.000262 0.000262 0.000212
 0.908678 0.000262 0.071171 0.019890
 0.893536 0.000262 0.079753 0.026449
 0.721047 0.265361 0.000262 0.013330
 0.917830 0.072415 0.009543 0.000212
 0.634050 0.019940 0.210163 0.135848
 0.908548 0.042340 0.048900 0.000212
 0.675204 0.188373 0.083736 0.052687
 0.979587 0.006821 0.000262 0.013330
 0.448028 0.065856 0.411029 0.075088
 0.862632 0.136895 0.000262 0.000212
 0.836747 0.000262 0.044711 0.118281
 0.962948 0.036579 0.000262 0.000212

MOTIF 8-TGASTCA STREME-8
letter-probability matrix: alength= 4 w= 7 nsites= 155 E= 2.8e-001
 0.020327 0.025127 0.025127 0.929418
 0.020327 0.025127 0.934218 0.020327
 0.929418 0.025127 0.025127 0.020327
 0.020327 0.479673 0.479673 0.020327
 0.020327 0.025127 0.025127 0.929418
 0.020327 0.934218 0.025127 0.020327
 0.929418 0.025127 0.025127 0.020327

MOTIF 9-CTCCCTYCCCHTCCC STREME-9
letter-probability matrix: alength= 4 w= 15 nsites= 299 E= 3.6e-001
 0.011281 0.847084 0.063391 0.078244
 0.022441 0.044790 0.000148 0.932620
 0.003840 0.767417 0.081992 0.146751
 0.029881 0.969850 0.000148 0.000120
 0.041042 0.884286 0.033630 0.041042
 0.063363 0.052231 0.044790 0.839616
 0.070803 0.320084 0.053775 0.555338
 0.041042 0.830976 0.000148 0.127834
 0.003840 0.914048 0.003869 0.078244
 0.041042 0.780437 0.015029 0.163492
 0.247196 0.414316 0.113614 0.224875
 0.154191 0.095013 0.243504 0.507292
 0.000120 0.823219 0.131899 0.044762
 0.139311 0.678765 0.055951 0.125974
 0.100565 0.704174 0.026190 0.169072

MOTIF 10-CMAAGGTCA STREME-10
letter-probability matrix: alength= 4 w= 9 nsites= 321 E= 5.8e-001
 0.043640 0.744644 0.110385 0.101330
 0.348284 0.582986 0.063090 0.005640
 0.692318 0.000218 0.303968 0.003496
 0.895004 0.005681 0.067327 0.031989
 0.000176 0.083995 0.915653 0.000176
 0.078054 0.082078 0.826126 0.013743
 0.022452 0.000218 0.000218 0.977112
 0.022029 0.969887 0.000218 0.007866
 0.816342 0.000218 0.183264 0.000176

MOTIF 11-GTAAATA STREME-11
letter-probability matrix: alength= 4 w= 7 nsites= 409 E= 6.3e-001
 0.140874 0.019657 0.820876 0.018593
 0.000261 0.103518 0.000323 0.895898
 0.864539 0.060137 0.002805 0.072519
 0.942073 0.051855 0.004387 0.001686
 0.953477 0.011391 0.008422 0.026710
 0.000261 0.234107 0.000323 0.765308
 0.960157 0.011745 0.027751 0.000347

MOTIF 12-CAGCGCCCCCTGS STREME-12
letter-probability matrix: alength= 4 w= 13 nsites= 72 E= 6.6e-001
 0.000386 0.915072 0.072202 0.012340
 0.787333 0.048294 0.120019 0.044354
 0.024294 0.036339 0.831393 0.107974
 0.000386 0.945974 0.041301 0.012340
 0.072111 0.000477 0.927027 0.000386
 0.072111 0.910111 0.005438 0.012340
 0.000386 0.986798 0.000477 0.012340
 0.215562 0.711851 0.048294 0.024294
 0.000386 0.763516 0.060248 0.175851
 0.000386 0.962889 0.000477 0.036248
 0.084065 0.012431 0.012431 0.891073
 0.227516 0.060248 0.711851 0.000386
 0.000386 0.311287 0.604263 0.084065

MOTIF 13-GGCTGGAGTGCAG STREME-13
letter-probability matrix: alength= 4 w= 13 nsites= 84 E= 6.9e-001
 0.099665 0.057255 0.842623 0.000457
 0.028802 0.000565 0.970176 0.000457
 0.071320 0.828451 0.085600 0.014630
 0.014630 0.043083 0.000565 0.941723
 0.034684 0.000565 0.964293 0.000457
 0.063029 0.099772 0.836741 0.000457
 0.955895 0.000565 0.000565 0.042975
 0.057147 0.000565 0.941831 0.000457
 0.113837 0.028910 0.156462 0.700791
 0.113837 0.043083 0.842623 0.000457
 0.057147 0.785933 0.156462 0.000457
 0.955895 0.000565 0.014738 0.028802
 0.289789 0.014738 0.695016 0.000457

MOTIF 14-ACACACACATACAC STREME-14
letter-probability matrix: alength= 4 w= 14 nsites= 92 E= 6.9e-001
 0.929418 0.025127 0.025127 0.020327
 0.020327 0.934218 0.025127 0.020327
 0.929418 0.025127 0.025127 0.020327
 0.020327 0.934218 0.025127 0.020327
 0.929418 0.025127 0.025127 0.020327
 0.020327 0.934218 0.025127 0.020327
 0.929418 0.025127 0.025127 0.020327
 0.020327 0.934218 0.025127 0.020327
 0.929418 0.025127 0.025127 0.020327
 0.020327 0.025127 0.025127 0.929418
 0.929418 0.025127 0.025127 0.020327
 0.020327 0.934218 0.025127 0.020327
 0.929418 0.025127 0.025127 0.020327
 0.020327 0.934218 0.025127 0.020327

MOTIF 15-CCCAGC STREME-15
letter-probability matrix: alength= 4 w= 6 nsites= 760 E= 7.0e-001
 0.020327 0.934218 0.025127 0.020327
 0.020327 0.934218 0.025127 0.020327
 0.020327 0.934218 0.025127 0.020327
 0.929418 0.025127 0.025127 0.020327
 0.020327 0.025127 0.934218 0.020327
 0.020327 0.934218 0.025127 0.020327

MOTIF 16-GCAGCCGC STREME-16
letter-probability matrix: alength= 4 w= 8 nsites= 379 E= 7.2e-001
 0.000587 0.000726 0.998100 0.000587
 0.000587 0.998100 0.000726 0.000587
 0.845324 0.153363 0.000726 0.000587
 0.000587 0.000726 0.998100 0.000587
 0.000587 0.762646 0.156485 0.080282
 0.000587 0.828559 0.000726 0.170127
 0.170141 0.000726 0.654623 0.174510
 0.000587 0.998100 0.000726 0.000587

MOTIF 17-ATTGCRYMA STREME-17
letter-probability matrix: alength= 4 w= 9 nsites= 218 E= 9.9e-001
 0.903681 0.075942 0.020060 0.000317
 0.011319 0.000392 0.039728 0.948562
 0.000317 0.000392 0.000392 0.998899
 0.049050 0.000392 0.868624 0.081934
 0.000317 0.998973 0.000392 0.000317
 0.259122 0.128051 0.492641 0.120187
 0.122799 0.520631 0.000392 0.356178
 0.492827 0.506464 0.000392 0.000317
 0.989065 0.000392 0.010226 0.000317

MOTIF 18-WRWGCAAACA STREME-18
letter-probability matrix: alength= 4 w= 10 nsites= 139 E= 1.0e+000
 0.456931 0.069188 0.000292 0.473588
 0.566104 0.148099 0.285561 0.000236
 0.527874 0.000292 0.079617 0.392217
 0.267224 0.000292 0.718558 0.013925
 0.000236 0.999236 0.000292 0.000236
 0.999180 0.000292 0.000292 0.000236
 0.999180 0.000292 0.000292 0.000236
 0.963992 0.000292 0.035480 0.000236
 0.000236 0.999236 0.000292 0.000236
 0.926003 0.000292 0.022245 0.051460

MOTIF 19-CACYAGRGGGCR STREME-19
letter-probability matrix: alength= 4 w= 12 nsites= 74 E= 3.6e+000
 0.000341 0.988319 0.000422 0.010918
 0.835779 0.000422 0.163458 0.000341
 0.114885 0.676417 0.197780 0.010918
 0.000341 0.381071 0.074457 0.544131
 0.988239 0.000422 0.010998 0.000341
 0.000341 0.000422 0.998896 0.000341
 0.655979 0.000422 0.332682 0.010918
 0.000341 0.000422 0.903708 0.095529
 0.099919 0.063881 0.835859 0.000341
 0.021494 0.000422 0.977743 0.000341
 0.251481 0.641992 0.000422 0.106106
 0.383686 0.000422 0.573245 0.042647

MOTIF 20-AGGTTCCGGBY STREME-20
letter-probability matrix: alength= 4 w= 11 nsites= 66 E= 7.7e+000
 0.903817 0.000933 0.024323 0.070927
 0.070927 0.057422 0.824115 0.047536
 0.000755 0.000933 0.997558 0.000755
 0.000755 0.000933 0.000933 0.997380
 0.000755 0.075611 0.000933 0.922702
 0.000755 0.997558 0.000933 0.000755
 0.000755 0.974167 0.024323 0.000755
 0.000755 0.000933 0.997558 0.000755
 0.000755 0.024323 0.927386 0.047536
 0.047536 0.211449 0.389399 0.351616
 0.117708 0.361502 0.141277 0.379513

MOTIF 21-CTGGGCTCAAGYG STREME-21
letter-probability matrix: alength= 4 w= 13 nsites= 42 E= 1.1e+001
 0.067168 0.798327 0.000883 0.133622
 0.000715 0.133791 0.067337 0.798158
 0.000715 0.000883 0.975536 0.022866
 0.022866 0.023035 0.953385 0.000715
 0.067168 0.178093 0.754024 0.000715
 0.000715 0.864780 0.000883 0.133622
 0.022866 0.023035 0.000883 0.953216
 0.000715 0.997688 0.000883 0.000715
 0.908914 0.000883 0.045186 0.045017
 0.953216 0.000883 0.045186 0.000715
 0.067168 0.111639 0.820478 0.000715
 0.045017 0.377454 0.067337 0.510192
 0.133622 0.111639 0.687571 0.067168

********************************************************************************
Stopped because 3 consecutive motifs exceeded the p-value threshold (0.05).
********************************************************************************
COMMAND:	streme --verbosity 1 --oc meme_out_incomplete_DL/HepG2_CCAR2-human_ENCFF504CCV/streme_out -dna --seed 0 --p meme_out_incomplete_DL/HepG2_CCAR2-human_ENCFF504CCV/seqs-centered --minw 6 --maxw 15 --time 6194 --order 2 --thresh 0.05 --align center --totallength 4000000 --parse-genomic-coord
********************************************************************************
CPU:		9f05ee173ae9
********************************************************************************
FINALTIME:	96.65 seconds
********************************************************************************
