********************************************************************************
STREME - Sensitive, Thorough, Rapid, Enriched Motif Elicitation
********************************************************************************
MEME version 5.5.3 (Release date: Sat Jun 10 16:19:38 2023 -0700)

For further information on how to interpret these results please access http://localhost:8080/meme_5.5.3.
To get a copy of the MEME Suite software please access https://meme-suite.org.

********************************************************************************


********************************************************************************
REFERENCE
********************************************************************************
If you use this program in your research, please cite:

Timothy L. Bailey,
"STREME: accurate and versatile sequence motif discovery",
Bioinformatics, Mar. 24, 2021.
********************************************************************************


ALPHABET= ACGT

strands: + -

Background letter frequencies
A 0.233 C 0.267 G 0.267 T 0.233 

MOTIF 1-NWWTRTTTRCWYW STREME-1
letter-probability matrix: alength= 4 w= 13 nsites= 4015 E= 1.7e-039
 0.320779 0.245803 0.187851 0.245568
 0.398054 0.178497 0.127725 0.295724
 0.386910 0.170261 0.160003 0.282826
 0.000010 0.000304 0.000011 0.999675
 0.415629 0.000011 0.584350 0.000010
 0.000010 0.000011 0.000011 0.999968
 0.000010 0.000011 0.000011 0.999968
 0.000010 0.000011 0.115958 0.884020
 0.566637 0.000011 0.433342 0.000010
 0.005280 0.707867 0.000011 0.286842
 0.299370 0.172841 0.000011 0.527778
 0.109532 0.272664 0.160768 0.457037
 0.524855 0.000426 0.019927 0.454792

MOTIF 2-CAAAGGTCA STREME-2
letter-probability matrix: alength= 4 w= 9 nsites= 2320 E= 2.9e-022
 0.036793 0.822424 0.047227 0.093556
 0.682517 0.282699 0.020965 0.013819
 0.879234 0.000045 0.118085 0.002636
 0.991978 0.000045 0.007938 0.000039
 0.000039 0.001207 0.998715 0.000039
 0.017362 0.000045 0.696418 0.286175
 0.004751 0.182918 0.051776 0.760555
 0.004240 0.947704 0.006679 0.041377
 0.971648 0.000045 0.019546 0.008761

MOTIF 3-RTTGCAYAAYC STREME-3
letter-probability matrix: alength= 4 w= 11 nsites= 2113 E= 2.3e-016
 0.576336 0.081802 0.336533 0.005329
 0.000654 0.000024 0.003531 0.995790
 0.001287 0.000024 0.072606 0.926083
 0.200204 0.001923 0.611419 0.186453
 0.012519 0.977964 0.006176 0.003341
 0.627248 0.087521 0.115766 0.169465
 0.138555 0.524061 0.002978 0.334406
 0.687155 0.303924 0.003189 0.005732
 0.995440 0.000024 0.000024 0.004511
 0.010461 0.340335 0.083993 0.565210
 0.198909 0.460811 0.122382 0.217899

MOTIF 4-CCTGTAATCCCAGCW STREME-4
letter-probability matrix: alength= 4 w= 15 nsites= 344 E= 4.6e-010
 0.022826 0.918526 0.016351 0.042297
 0.000109 0.944488 0.006616 0.048787
 0.000109 0.019597 0.013106 0.967188
 0.097466 0.003370 0.889319 0.009845
 0.019580 0.013106 0.022842 0.944472
 0.947717 0.009861 0.039068 0.003354
 0.791946 0.009861 0.198084 0.000109
 0.000109 0.022842 0.000125 0.976924
 0.009845 0.950979 0.003370 0.035806
 0.000109 0.895810 0.003370 0.100711
 0.003354 0.915281 0.003370 0.077994
 0.989905 0.000125 0.009861 0.000109
 0.061768 0.000125 0.934752 0.003354
 0.016335 0.944488 0.009861 0.029316
 0.606968 0.013106 0.006616 0.373311

MOTIF 5-CTTTGAWCTY STREME-5
letter-probability matrix: alength= 4 w= 10 nsites= 1340 E= 2.7e-009
 0.015824 0.968270 0.015851 0.000054
 0.022799 0.256726 0.006275 0.714200
 0.000054 0.000063 0.000063 0.999820
 0.000054 0.007897 0.000063 0.991986
 0.000054 0.000063 0.999829 0.000054
 0.773660 0.086773 0.048636 0.090931
 0.490750 0.130886 0.000063 0.378301
 0.000054 0.802954 0.196937 0.000054
 0.009139 0.104945 0.003007 0.882909
 0.129607 0.395404 0.095347 0.379642

MOTIF 6-CCTCRGCCTCCCAAR STREME-6
letter-probability matrix: alength= 4 w= 15 nsites= 297 E= 3.7e-009
 0.000128 0.923399 0.000147 0.076326
 0.000128 0.908159 0.003957 0.087756
 0.003938 0.000147 0.000147 0.995768
 0.000128 0.782431 0.011577 0.205864
 0.500810 0.034436 0.418906 0.045847
 0.000128 0.011577 0.988168 0.000128
 0.003938 0.961498 0.000147 0.034417
 0.000128 0.948487 0.011577 0.039808
 0.011558 0.000147 0.000147 0.988148
 0.007748 0.931019 0.000147 0.061087
 0.000128 0.942448 0.011577 0.045847
 0.030607 0.824340 0.000147 0.144905
 0.698594 0.011577 0.247793 0.042037
 0.849410 0.000147 0.150316 0.000128
 0.594144 0.000147 0.405581 0.000128

MOTIF 7-TCAGCACCAYGGACA STREME-7
letter-probability matrix: alength= 4 w= 15 nsites= 227 E= 2.5e-007
 0.000189 0.073604 0.062314 0.863892
 0.005835 0.976823 0.000218 0.017125
 0.999375 0.000218 0.000218 0.000189
 0.011480 0.000218 0.988113 0.000189
 0.050995 0.784889 0.113120 0.050995
 0.988085 0.000218 0.005863 0.005835
 0.000189 0.999403 0.000218 0.000189
 0.005835 0.965533 0.000218 0.028415
 0.609862 0.045379 0.163926 0.180833
 0.101802 0.378441 0.079249 0.440509
 0.000189 0.005863 0.988113 0.005835
 0.011480 0.000218 0.988113 0.000189
 0.931634 0.039734 0.000218 0.028415
 0.000189 0.892146 0.101830 0.005835
 0.999375 0.000218 0.000218 0.000189

MOTIF 8-CCCCDCCCCC STREME-8
letter-probability matrix: alength= 4 w= 10 nsites= 1952 E= 5.4e-007
 0.018712 0.981165 0.000066 0.000057
 0.000057 0.999820 0.000066 0.000057
 0.000057 0.999820 0.000066 0.000057
 0.056408 0.916686 0.008116 0.018790
 0.271050 0.000066 0.371291 0.357593
 0.019273 0.980604 0.000066 0.000057
 0.000057 0.955377 0.044509 0.000057
 0.000057 0.915519 0.000066 0.084358
 0.046753 0.899258 0.005254 0.048735
 0.136218 0.628556 0.087811 0.147415

MOTIF 9-ARAGATAAGR STREME-9
letter-probability matrix: alength= 4 w= 10 nsites= 1272 E= 2.1e-006
 0.709316 0.039885 0.157284 0.093514
 0.269391 0.116682 0.457576 0.156351
 0.846600 0.043972 0.000074 0.109354
 0.000064 0.000074 0.999797 0.000064
 0.999788 0.000074 0.000074 0.000064
 0.000064 0.000074 0.000074 0.999788
 0.824333 0.045835 0.062312 0.067519
 0.964498 0.000074 0.025781 0.009647
 0.241732 0.211512 0.489609 0.057147
 0.540870 0.141611 0.287534 0.029985

MOTIF 10-SRTGASTCAYS STREME-10
letter-probability matrix: alength= 4 w= 11 nsites= 894 E= 8.1e-006
 0.199799 0.263666 0.405287 0.131248
 0.386767 0.176848 0.418183 0.018202
 0.000057 0.000065 0.000065 0.999813
 0.000057 0.000065 0.988447 0.011430
 0.891974 0.000065 0.107904 0.000057
 0.029838 0.470162 0.470162 0.029838
 0.000057 0.107904 0.000065 0.891974
 0.011430 0.988447 0.000065 0.000057
 0.999813 0.000065 0.000065 0.000057
 0.018202 0.418183 0.176848 0.386767
 0.131248 0.405287 0.263666 0.199799

MOTIF 11-CACTTCCKGY STREME-11
letter-probability matrix: alength= 4 w= 10 nsites= 1192 E= 1.0e-005
 0.000110 0.826816 0.119181 0.053893
 0.907236 0.000127 0.092527 0.000110
 0.000110 0.948517 0.020846 0.030527
 0.035439 0.000127 0.000127 0.964307
 0.000110 0.000127 0.000127 0.999636
 0.010204 0.989559 0.000127 0.000110
 0.000110 0.981441 0.005191 0.013258
 0.000110 0.000127 0.511867 0.487896
 0.005972 0.194894 0.762133 0.037002
 0.026597 0.500591 0.165537 0.307274

MOTIF 12-CTCAAGYGATCCTCC STREME-12
letter-probability matrix: alength= 4 w= 15 nsites= 240 E= 2.0e-004
 0.004926 0.696011 0.014482 0.284582
 0.009692 0.024014 0.000184 0.966111
 0.004926 0.956603 0.000184 0.038287
 0.985175 0.009716 0.004950 0.000160
 0.794537 0.014482 0.176524 0.014458
 0.057351 0.000184 0.932773 0.009692
 0.043053 0.403754 0.019248 0.533945
 0.165433 0.019248 0.815159 0.000160
 0.989940 0.009716 0.000184 0.000160
 0.000160 0.009716 0.000184 0.989940
 0.000160 0.705542 0.000184 0.294114
 0.000160 0.866050 0.000184 0.133606
 0.066883 0.000184 0.171758 0.761176
 0.000160 0.918475 0.024014 0.057351
 0.004926 0.908943 0.014482 0.071649

MOTIF 13-GCCASCAGRGGGCRS STREME-13
letter-probability matrix: alength= 4 w= 15 nsites= 473 E= 4.5e-004
 0.193758 0.034673 0.595100 0.176469
 0.108757 0.833233 0.048048 0.009962
 0.000083 0.999739 0.000095 0.000083
 0.654364 0.051963 0.248107 0.045566
 0.000083 0.606844 0.392990 0.000083
 0.029721 0.644497 0.086121 0.239660
 0.955269 0.002565 0.014915 0.027251
 0.000083 0.000095 0.999739 0.000083
 0.370144 0.000095 0.629678 0.000083
 0.022312 0.037143 0.656847 0.283698
 0.007492 0.002565 0.989859 0.000083
 0.009962 0.019854 0.929558 0.040626
 0.072734 0.887570 0.000095 0.039601
 0.416652 0.024794 0.558472 0.000083
 0.083639 0.503109 0.366241 0.047010

MOTIF 14-YRGCTCACTGCA STREME-14
letter-probability matrix: alength= 4 w= 12 nsites= 145 E= 4.8e-004
 0.000286 0.628107 0.000328 0.371279
 0.555923 0.000328 0.443463 0.000286
 0.034329 0.000328 0.965057 0.000286
 0.008796 0.904689 0.000328 0.086187
 0.000286 0.000328 0.000328 0.999058
 0.025818 0.973568 0.000328 0.000286
 0.999058 0.000328 0.000328 0.000286
 0.042840 0.879949 0.000328 0.076883
 0.000286 0.059904 0.000328 0.939482
 0.008796 0.000328 0.990590 0.000286
 0.000286 0.854416 0.000328 0.144970
 0.999058 0.000328 0.000328 0.000286

MOTIF 15-CCAGCCTGGGCAACA STREME-15
letter-probability matrix: alength= 4 w= 15 nsites= 264 E= 1.6e-003
 0.015491 0.958607 0.010410 0.015491
 0.000171 0.953500 0.005304 0.041025
 0.984115 0.010410 0.005304 0.000171
 0.010385 0.000197 0.973927 0.015491
 0.020598 0.922860 0.010410 0.046131
 0.005278 0.953500 0.005304 0.035918
 0.020598 0.005304 0.010410 0.963688
 0.034274 0.015517 0.939824 0.010385
 0.041025 0.000197 0.933074 0.025705
 0.066558 0.092117 0.815620 0.025705
 0.035918 0.749233 0.030837 0.184011
 0.677714 0.025730 0.286171 0.010385
 0.948368 0.005304 0.041050 0.005278
 0.041025 0.902434 0.010410 0.046131
 0.968795 0.005304 0.020624 0.005278

MOTIF 16-CAAGGTCA STREME-16
letter-probability matrix: alength= 4 w= 8 nsites= 1196 E= 2.1e-003
 0.026784 0.863096 0.069144 0.040975
 0.933421 0.013616 0.006896 0.046066
 0.843313 0.000792 0.150790 0.005105
 0.010012 0.005814 0.983438 0.000736
 0.002185 0.000306 0.994998 0.002510
 0.121799 0.167450 0.030646 0.680105
 0.027066 0.957164 0.004842 0.010928
 0.873180 0.023579 0.043773 0.059469

MOTIF 17-CYGTCTCAAAAAAA STREME-17
letter-probability matrix: alength= 4 w= 14 nsites= 158 E= 2.4e-003
 0.000224 0.932430 0.027003 0.040342
 0.006911 0.370780 0.000258 0.622051
 0.073774 0.003033 0.922969 0.000224
 0.000224 0.020317 0.000258 0.979201
 0.013597 0.952489 0.013631 0.020283
 0.006911 0.000258 0.000258 0.992573
 0.047029 0.932430 0.000258 0.020283
 0.671631 0.033689 0.013631 0.281049
 0.945769 0.000258 0.027003 0.026970
 0.751866 0.227593 0.020317 0.000224
 0.745180 0.093866 0.006944 0.154010
 0.932397 0.047062 0.006944 0.013597
 0.905651 0.047062 0.027003 0.020283
 0.959142 0.020317 0.020317 0.000224

MOTIF 18-CTGTTTACA STREME-18
letter-probability matrix: alength= 4 w= 9 nsites= 644 E= 2.5e-003
 0.068869 0.822643 0.096360 0.012128
 0.018078 0.051185 0.018187 0.912551
 0.010111 0.015339 0.974315 0.000235
 0.024183 0.000271 0.017584 0.957963
 0.005976 0.000271 0.231794 0.761959
 0.000235 0.000271 0.136725 0.862769
 0.838292 0.000271 0.161202 0.000235
 0.035573 0.963921 0.000271 0.000235
 0.683026 0.270693 0.005060 0.041221

MOTIF 19-AAACAAACA STREME-19
letter-probability matrix: alength= 4 w= 9 nsites= 1172 E= 2.6e-003
 0.999190 0.000282 0.000282 0.000246
 0.846148 0.153324 0.000282 0.000246
 0.765238 0.000282 0.234234 0.000246
 0.000246 0.860224 0.000282 0.139248
 0.999190 0.000282 0.000282 0.000246
 0.859118 0.140354 0.000282 0.000246
 0.964355 0.000282 0.035118 0.000246
 0.000246 0.933836 0.040279 0.025639
 0.907658 0.061062 0.031034 0.000246

MOTIF 20-AGATAA STREME-20
letter-probability matrix: alength= 4 w= 6 nsites= 581 E= 5.5e-003
 0.930236 0.024309 0.024309 0.021145
 0.021145 0.024309 0.933400 0.021145
 0.930236 0.024309 0.024309 0.021145
 0.021145 0.024309 0.024309 0.930236
 0.930236 0.024309 0.024309 0.021145
 0.930236 0.024309 0.024309 0.021145

MOTIF 21-GCCGCCGCCGCC STREME-21
letter-probability matrix: alength= 4 w= 12 nsites= 381 E= 7.1e-003
 0.000129 0.086394 0.854026 0.059452
 0.015507 0.954696 0.000148 0.029648
 0.021254 0.835474 0.104389 0.038883
 0.000129 0.000148 0.999594 0.000129
 0.028637 0.873145 0.008294 0.089924
 0.015849 0.783659 0.122145 0.078347
 0.131093 0.000148 0.868630 0.000129
 0.063695 0.753588 0.000148 0.182569
 0.027498 0.777724 0.005513 0.189266
 0.005255 0.000148 0.994468 0.000129
 0.000129 0.939260 0.011525 0.049087
 0.000129 0.729457 0.153236 0.117177

MOTIF 22-AAARAAAAAAAAAA STREME-22
letter-probability matrix: alength= 4 w= 14 nsites= 150 E= 1.3e-002
 0.995116 0.000358 0.004214 0.000312
 0.974921 0.009649 0.015119 0.000312
 0.989681 0.009649 0.000358 0.000312
 0.489584 0.102552 0.407553 0.000312
 0.887488 0.065390 0.046810 0.000312
 0.998971 0.000358 0.000358 0.000312
 0.998971 0.000358 0.000358 0.000312
 0.952520 0.000358 0.028229 0.018892
 0.884977 0.114353 0.000358 0.000312
 0.854420 0.093261 0.052006 0.000312
 0.989681 0.000358 0.009649 0.000312
 0.961214 0.000358 0.038116 0.000312
 0.995116 0.000358 0.004214 0.000312
 0.807881 0.029210 0.091938 0.070971

MOTIF 23-AATBATTAACY STREME-23
letter-probability matrix: alength= 4 w= 11 nsites= 319 E= 2.4e-002
 0.911932 0.013506 0.048972 0.025589
 0.955990 0.011042 0.000140 0.032827
 0.030702 0.054649 0.000140 0.914509
 0.153599 0.231053 0.404810 0.210539
 0.809468 0.017223 0.069980 0.103330
 0.021633 0.020518 0.080764 0.877085
 0.000122 0.020250 0.007408 0.972220
 0.931519 0.000140 0.004206 0.064136
 0.893659 0.027395 0.075190 0.003756
 0.096436 0.849719 0.037988 0.015857
 0.154505 0.525998 0.005282 0.314215

MOTIF 24-CTGAGGTCA STREME-24
letter-probability matrix: alength= 4 w= 9 nsites= 656 E= 2.5e-002
 0.065895 0.860023 0.061134 0.012948
 0.000256 0.000294 0.032506 0.966944
 0.000256 0.004209 0.967050 0.028485
 0.773608 0.032444 0.111108 0.082840
 0.054691 0.183014 0.735117 0.027178
 0.027226 0.000294 0.962461 0.010018
 0.000256 0.000294 0.000294 0.999155
 0.004155 0.981730 0.000294 0.013821
 0.942680 0.000294 0.056770 0.000256

MOTIF 25-GTTAAWNWTTAAC STREME-25
letter-probability matrix: alength= 4 w= 13 nsites= 302 E= 2.9e-002
 0.088832 0.016510 0.800621 0.094038
 0.019980 0.029731 0.038546 0.911743
 0.069424 0.079125 0.022206 0.829245
 0.858857 0.015595 0.103364 0.022184
 0.629093 0.262988 0.031020 0.076899
 0.393143 0.017799 0.038546 0.550513
 0.171279 0.328721 0.328721 0.171279
 0.550513 0.038546 0.017799 0.393143
 0.076899 0.031020 0.262988 0.629093
 0.022184 0.103364 0.015595 0.858857
 0.829245 0.022206 0.079125 0.069424
 0.911743 0.038546 0.029731 0.019980
 0.094038 0.800621 0.016510 0.088832

MOTIF 26-GACTTTGNHC STREME-26
letter-probability matrix: alength= 4 w= 10 nsites= 415 E= 4.5e-002
 0.000143 0.000164 0.844126 0.155567
 0.999529 0.000164 0.000164 0.000143
 0.000143 0.999550 0.000164 0.000143
 0.000143 0.172475 0.090681 0.736701
 0.000143 0.000164 0.000164 0.999529
 0.000143 0.092321 0.000164 0.907372
 0.143319 0.000164 0.856373 0.000143
 0.198858 0.318008 0.244182 0.238952
 0.282086 0.450850 0.000164 0.266900
 0.000143 0.999550 0.000164 0.000143

MOTIF 27-CAGGAGTTCGAGA STREME-27
letter-probability matrix: alength= 4 w= 13 nsites= 79 E= 6.2e-002
 0.000485 0.998471 0.000558 0.000485
 0.969474 0.000558 0.029483 0.000485
 0.029410 0.015020 0.955084 0.000485
 0.014948 0.015020 0.911696 0.058335
 0.983936 0.000558 0.015020 0.000485
 0.000485 0.000558 0.998471 0.000485
 0.087260 0.000558 0.015020 0.897161
 0.000485 0.015020 0.000558 0.983936
 0.000485 0.665834 0.043945 0.289736
 0.202961 0.101796 0.651371 0.043873
 0.983936 0.015020 0.000558 0.000485
 0.043873 0.000558 0.955084 0.000485
 0.911624 0.015020 0.072871 0.000485

MOTIF 28-GGGRAGGGA STREME-28
letter-probability matrix: alength= 4 w= 9 nsites= 1531 E= 6.9e-002
 0.000210 0.000241 0.999338 0.000210
 0.000210 0.000885 0.998695 0.000210
 0.000210 0.000241 0.999338 0.000210
 0.465166 0.157999 0.359487 0.017347
 0.660568 0.308663 0.000241 0.030528
 0.000210 0.000241 0.932480 0.067069
 0.034747 0.151141 0.780209 0.033903
 0.000210 0.000241 0.999338 0.000210
 0.885218 0.000241 0.114330 0.000210

MOTIF 29-GYGGTGGCTCAY STREME-29
letter-probability matrix: alength= 4 w= 12 nsites= 103 E= 7.4e-002
 0.159850 0.000362 0.830088 0.009699
 0.009699 0.450815 0.000362 0.539123
 0.328771 0.000362 0.670553 0.000315
 0.000315 0.000362 0.989624 0.009699
 0.000315 0.009746 0.000362 0.989577
 0.103544 0.000362 0.877010 0.019084
 0.000315 0.000362 0.985729 0.013594
 0.009699 0.839473 0.009746 0.141082
 0.094159 0.019131 0.141129 0.745581
 0.000315 0.886395 0.028515 0.084775
 0.989577 0.000362 0.009746 0.000315
 0.009699 0.614246 0.009746 0.366308

MOTIF 30-AAGATGGCGGCS STREME-30
letter-probability matrix: alength= 4 w= 12 nsites= 165 E= 8.2e-002
 0.929811 0.004879 0.043438 0.021872
 0.919056 0.058657 0.021926 0.000361
 0.000361 0.118727 0.837528 0.043384
 0.988054 0.000415 0.011171 0.000361
 0.032628 0.011171 0.000415 0.955787
 0.000361 0.047902 0.951377 0.000361
 0.021872 0.021926 0.934329 0.021872
 0.000361 0.988108 0.000415 0.011117
 0.032628 0.043438 0.912818 0.011117
 0.097162 0.032682 0.794506 0.075651
 0.054139 0.891307 0.032682 0.021872
 0.021872 0.579393 0.312329 0.086406

MOTIF 31-ATCAAAG STREME-31
letter-probability matrix: alength= 4 w= 7 nsites= 259 E= 9.2e-002
 0.930236 0.024309 0.024309 0.021145
 0.021145 0.024309 0.024309 0.930236
 0.021145 0.933400 0.024309 0.021145
 0.930236 0.024309 0.024309 0.021145
 0.930236 0.024309 0.024309 0.021145
 0.930236 0.024309 0.024309 0.021145
 0.021145 0.024309 0.933400 0.021145

MOTIF 32-CTGCAGCCTC STREME-32
letter-probability matrix: alength= 4 w= 10 nsites= 266 E= 9.2e-002
 0.016597 0.926107 0.028642 0.028655
 0.000539 0.094286 0.041336 0.863839
 0.079766 0.000619 0.869241 0.050374
 0.000539 0.960294 0.000619 0.038547
 0.830739 0.024576 0.144146 0.000539
 0.052738 0.010960 0.931175 0.005126
 0.003080 0.986421 0.000619 0.009879
 0.001213 0.945329 0.029254 0.024204
 0.047085 0.000619 0.196646 0.755650
 0.012655 0.986187 0.000619 0.000539

MOTIF 33-TTCCWGGAA STREME-33
letter-probability matrix: alength= 4 w= 9 nsites= 79 E= 1.1e-001
 0.021145 0.024309 0.024309 0.930236
 0.021145 0.024309 0.024309 0.930236
 0.021145 0.933400 0.024309 0.021145
 0.021145 0.933400 0.024309 0.021145
 0.475691 0.024309 0.024309 0.475691
 0.021145 0.024309 0.933400 0.021145
 0.021145 0.024309 0.933400 0.021145
 0.930236 0.024309 0.024309 0.021145
 0.930236 0.024309 0.024309 0.021145

MOTIF 34-ATCGAT STREME-34
letter-probability matrix: alength= 4 w= 6 nsites= 110 E= 1.4e-001
 0.930236 0.024309 0.024309 0.021145
 0.021145 0.024309 0.024309 0.930236
 0.021145 0.933400 0.024309 0.021145
 0.021145 0.024309 0.933400 0.021145
 0.930236 0.024309 0.024309 0.021145
 0.021145 0.024309 0.024309 0.930236

MOTIF 35-CCCGCCC STREME-35
letter-probability matrix: alength= 4 w= 7 nsites= 708 E= 1.8e-001
 0.021145 0.933400 0.024309 0.021145
 0.021145 0.933400 0.024309 0.021145
 0.021145 0.933400 0.024309 0.021145
 0.021145 0.024309 0.933400 0.021145
 0.021145 0.933400 0.024309 0.021145
 0.021145 0.933400 0.024309 0.021145
 0.021145 0.933400 0.024309 0.021145

MOTIF 36-CCCAGCCCC STREME-36
letter-probability matrix: alength= 4 w= 9 nsites= 1265 E= 2.0e-001
 0.000315 0.999007 0.000362 0.000315
 0.000315 0.999007 0.000362 0.000315
 0.000315 0.967052 0.000362 0.032270
 0.843220 0.000362 0.041383 0.115034
 0.000315 0.000362 0.999007 0.000315
 0.000315 0.945989 0.000362 0.053334
 0.073735 0.754245 0.123905 0.048115
 0.000315 0.860989 0.000362 0.138334
 0.090095 0.737454 0.075467 0.096984

MOTIF 37-AAAAATTAGCYGGGC STREME-37
letter-probability matrix: alength= 4 w= 15 nsites= 112 E= 2.0e-001
 0.920789 0.026426 0.039388 0.013398
 0.920789 0.013463 0.052351 0.013398
 0.946714 0.026426 0.000500 0.026360
 0.881900 0.039388 0.026426 0.052286
 0.959677 0.000500 0.039388 0.000435
 0.013398 0.013463 0.000500 0.972639
 0.000435 0.026426 0.026426 0.946714
 0.972639 0.000500 0.026426 0.000435
 0.052286 0.013463 0.894928 0.039323
 0.026360 0.946779 0.013463 0.013398
 0.026360 0.376419 0.000500 0.596720
 0.207839 0.013463 0.739375 0.039323
 0.039323 0.000500 0.959742 0.000435
 0.039323 0.026426 0.881965 0.052286
 0.026360 0.752338 0.026426 0.194876

MOTIF 38-AATCACAGC STREME-38
letter-probability matrix: alength= 4 w= 9 nsites= 716 E= 2.2e-001
 0.984573 0.004784 0.004000 0.006644
 0.999288 0.000248 0.000248 0.000216
 0.000216 0.045249 0.000248 0.954288
 0.016737 0.963607 0.013012 0.006644
 0.782452 0.048732 0.061878 0.106938
 0.091923 0.830464 0.040056 0.037557
 0.707005 0.009047 0.033813 0.250134
 0.009689 0.000342 0.987733 0.002236
 0.012166 0.977627 0.000248 0.009958

MOTIF 39-AAATATTTCC STREME-39
letter-probability matrix: alength= 4 w= 10 nsites= 135 E= 2.3e-001
 0.963161 0.000424 0.025045 0.011370
 0.983724 0.015483 0.000424 0.000369
 0.821375 0.120707 0.011425 0.046492
 0.000369 0.000424 0.000424 0.998782
 0.968766 0.030441 0.000424 0.000369
 0.022758 0.011425 0.061805 0.904012
 0.000369 0.026108 0.007758 0.965765
 0.004935 0.040490 0.098611 0.855965
 0.171689 0.494212 0.198439 0.135660
 0.133816 0.848977 0.000424 0.016783

MOTIF 40-ACCCAG STREME-40
letter-probability matrix: alength= 4 w= 6 nsites= 2803 E= 2.4e-001
 0.930236 0.024309 0.024309 0.021145
 0.021145 0.933400 0.024309 0.021145
 0.021145 0.933400 0.024309 0.021145
 0.021145 0.933400 0.024309 0.021145
 0.930236 0.024309 0.024309 0.021145
 0.021145 0.024309 0.933400 0.021145

MOTIF 41-CCTCCTCCC STREME-41
letter-probability matrix: alength= 4 w= 9 nsites= 985 E= 2.4e-001
 0.024064 0.865715 0.070694 0.039528
 0.103395 0.737956 0.041865 0.116783
 0.080037 0.000325 0.082587 0.837051
 0.010017 0.914116 0.000325 0.075541
 0.000283 0.879832 0.082678 0.037207
 0.032232 0.000325 0.000325 0.967117
 0.117582 0.849850 0.000325 0.032243
 0.000283 0.999108 0.000325 0.000283
 0.000283 0.976175 0.023259 0.000283

MOTIF 42-TTAYRTAA STREME-42
letter-probability matrix: alength= 4 w= 8 nsites= 217 E= 3.6e-001
 0.000837 0.000963 0.000963 0.997237
 0.000837 0.000963 0.000963 0.997237
 0.997237 0.000963 0.000963 0.000837
 0.000837 0.375303 0.185747 0.438112
 0.438112 0.185747 0.375303 0.000837
 0.000837 0.000963 0.000963 0.997237
 0.997237 0.000963 0.000963 0.000837
 0.997237 0.000963 0.000963 0.000837

MOTIF 43-CTGATAA STREME-43
letter-probability matrix: alength= 4 w= 7 nsites= 387 E= 4.5e-001
 0.021145 0.933400 0.024309 0.021145
 0.021145 0.024309 0.024309 0.930236
 0.021145 0.024309 0.933400 0.021145
 0.930236 0.024309 0.024309 0.021145
 0.021145 0.024309 0.024309 0.930236
 0.930236 0.024309 0.024309 0.021145
 0.930236 0.024309 0.024309 0.021145

MOTIF 44-AGACAGRGTCTYGCT STREME-44
letter-probability matrix: alength= 4 w= 15 nsites= 70 E= 4.9e-001
 0.965480 0.000631 0.016986 0.016904
 0.016904 0.000631 0.949207 0.033258
 0.932770 0.000631 0.066050 0.000549
 0.016904 0.834724 0.000631 0.147742
 0.720158 0.000631 0.245952 0.033258
 0.082323 0.000631 0.883788 0.033258
 0.327644 0.016986 0.638467 0.016904
 0.098677 0.000631 0.900143 0.000549
 0.000549 0.000631 0.033340 0.965480
 0.016904 0.867433 0.000631 0.115032
 0.000549 0.000631 0.033340 0.965480
 0.016904 0.556693 0.033340 0.393063
 0.229515 0.000631 0.736595 0.033258
 0.000549 0.965562 0.016986 0.016904
 0.000549 0.033340 0.000631 0.965480

MOTIF 45-CAGAGTCCAG STREME-45
letter-probability matrix: alength= 4 w= 10 nsites= 179 E= 5.1e-001
 0.000449 0.972130 0.000516 0.026905
 0.984841 0.013894 0.000816 0.000449
 0.000449 0.000516 0.990457 0.008578
 0.976195 0.022840 0.000516 0.000449
 0.000449 0.000516 0.998586 0.000449
 0.000449 0.000516 0.000516 0.998519
 0.046969 0.952066 0.000516 0.000449
 0.007433 0.887087 0.007748 0.097733
 0.964471 0.002256 0.032824 0.000449
 0.121796 0.104719 0.699058 0.074427

MOTIF 46-CTGGGAA STREME-46
letter-probability matrix: alength= 4 w= 7 nsites= 878 E= 5.2e-001
 0.021145 0.933400 0.024309 0.021145
 0.021145 0.024309 0.024309 0.930236
 0.021145 0.024309 0.933400 0.021145
 0.021145 0.024309 0.933400 0.021145
 0.021145 0.024309 0.933400 0.021145
 0.930236 0.024309 0.024309 0.021145
 0.930236 0.024309 0.024309 0.021145

MOTIF 47-CTCCACCCCC STREME-47
letter-probability matrix: alength= 4 w= 10 nsites= 389 E= 5.6e-001
 0.004950 0.958803 0.008667 0.027581
 0.007025 0.000554 0.034807 0.957614
 0.022622 0.942947 0.001786 0.032645
 0.019727 0.971940 0.002506 0.005827
 0.927505 0.000554 0.071459 0.000482
 0.010990 0.905471 0.083057 0.000482
 0.011523 0.938028 0.040858 0.009591
 0.007521 0.876922 0.014926 0.100631
 0.066386 0.776428 0.038105 0.119082
 0.076056 0.802442 0.022994 0.098509

MOTIF 48-GCGCATGCGCA STREME-48
letter-probability matrix: alength= 4 w= 11 nsites= 161 E= 6.7e-001
 0.060965 0.008744 0.913169 0.017121
 0.109734 0.886164 0.003819 0.000283
 0.050799 0.008744 0.931755 0.008702
 0.008702 0.990691 0.000325 0.000283
 0.820894 0.102487 0.059498 0.017121
 0.033960 0.123333 0.090387 0.752320
 0.008702 0.003819 0.987196 0.000283
 0.000283 0.999110 0.000325 0.000283
 0.000283 0.009744 0.981272 0.008702
 0.000283 0.928261 0.008744 0.062712
 0.847488 0.006443 0.135034 0.011035

MOTIF 49-CCACGTGACC STREME-49
letter-probability matrix: alength= 4 w= 10 nsites= 699 E= 7.9e-001
 0.051677 0.720610 0.092218 0.135495
 0.000616 0.850718 0.117018 0.031648
 0.870484 0.000105 0.000359 0.129052
 0.000091 0.999712 0.000105 0.000091
 0.000091 0.000105 0.999712 0.000091
 0.000091 0.036928 0.000105 0.962875
 0.025161 0.105857 0.864694 0.004288
 0.610448 0.175222 0.187410 0.026920
 0.088169 0.644447 0.032852 0.234533
 0.029915 0.678354 0.144873 0.146858

MOTIF 50-GAGGGAGGGA STREME-50
letter-probability matrix: alength= 4 w= 10 nsites= 276 E= 8.2e-001
 0.000483 0.000555 0.998478 0.000483
 0.904167 0.000555 0.000555 0.094722
 0.000483 0.000555 0.998478 0.000483
 0.232327 0.140707 0.585916 0.041050
 0.044460 0.000555 0.954501 0.000483
 0.894900 0.053828 0.000555 0.050716
 0.086856 0.101339 0.811323 0.000483
 0.000483 0.024626 0.974407 0.000483
 0.000483 0.000555 0.998478 0.000483
 0.998406 0.000555 0.000555 0.000483

MOTIF 51-CCTTTGTTC STREME-51
letter-probability matrix: alength= 4 w= 9 nsites= 849 E= 8.5e-001
 0.000187 0.820733 0.152052 0.027029
 0.008532 0.879078 0.002712 0.109677
 0.118482 0.000215 0.006870 0.874432
 0.004970 0.000215 0.000215 0.994600
 0.002008 0.000941 0.004796 0.992254
 0.003857 0.118559 0.877397 0.000187
 0.297135 0.000215 0.007742 0.694907
 0.067773 0.186746 0.016809 0.728673
 0.007070 0.806459 0.017302 0.169169

MOTIF 52-GAAAGAGAGAGAG STREME-52
letter-probability matrix: alength= 4 w= 13 nsites= 66 E= 9.9e-001
 0.014496 0.065539 0.897672 0.022293
 0.984505 0.000832 0.009784 0.004879
 0.694177 0.055922 0.249177 0.000724
 0.976043 0.022401 0.000832 0.000724
 0.036918 0.000832 0.939957 0.022293
 0.954474 0.000832 0.043970 0.000724
 0.043862 0.000832 0.954583 0.000724
 0.911336 0.065539 0.022401 0.000724
 0.043862 0.022401 0.933014 0.000724
 0.976043 0.000832 0.022401 0.000724
 0.039791 0.000832 0.958653 0.000724
 0.967091 0.000832 0.022401 0.009676
 0.022293 0.022401 0.954583 0.000724

MOTIF 53-CTTTGAA STREME-53
letter-probability matrix: alength= 4 w= 7 nsites= 481 E= 1.8e+000
 0.021145 0.933400 0.024309 0.021145
 0.021145 0.024309 0.024309 0.930236
 0.021145 0.024309 0.024309 0.930236
 0.021145 0.024309 0.024309 0.930236
 0.021145 0.024309 0.933400 0.021145
 0.930236 0.024309 0.024309 0.021145
 0.930236 0.024309 0.024309 0.021145

MOTIF 54-CATTTCC STREME-54
letter-probability matrix: alength= 4 w= 7 nsites= 488 E= 1.8e+000
 0.021145 0.933400 0.024309 0.021145
 0.930236 0.024309 0.024309 0.021145
 0.021145 0.024309 0.024309 0.930236
 0.021145 0.024309 0.024309 0.930236
 0.021145 0.024309 0.024309 0.930236
 0.021145 0.933400 0.024309 0.021145
 0.021145 0.933400 0.024309 0.021145

MOTIF 55-CCCTGACCC STREME-55
letter-probability matrix: alength= 4 w= 9 nsites= 93 E= 2.1e+000
 0.021145 0.933400 0.024309 0.021145
 0.021145 0.933400 0.024309 0.021145
 0.021145 0.933400 0.024309 0.021145
 0.021145 0.024309 0.024309 0.930236
 0.021145 0.024309 0.933400 0.021145
 0.930236 0.024309 0.024309 0.021145
 0.021145 0.933400 0.024309 0.021145
 0.021145 0.933400 0.024309 0.021145
 0.021145 0.933400 0.024309 0.021145

MOTIF 56-ACATTCCWG STREME-56
letter-probability matrix: alength= 4 w= 9 nsites= 605 E= 2.1e+000
 0.754711 0.000248 0.244825 0.000216
 0.000216 0.999320 0.000248 0.000216
 0.909138 0.000248 0.090398 0.000216
 0.000216 0.000248 0.000248 0.999288
 0.000216 0.000248 0.000248 0.999288
 0.000216 0.999320 0.000248 0.000216
 0.000216 0.999320 0.000248 0.000216
 0.593607 0.000248 0.000248 0.405897
 0.154160 0.072144 0.597886 0.175811

MOTIF 57-CAAACA STREME-57
letter-probability matrix: alength= 4 w= 6 nsites= 1703 E= 2.5e+000
 0.021145 0.933400 0.024309 0.021145
 0.930236 0.024309 0.024309 0.021145
 0.930236 0.024309 0.024309 0.021145
 0.930236 0.024309 0.024309 0.021145
 0.021145 0.933400 0.024309 0.021145
 0.930236 0.024309 0.024309 0.021145

MOTIF 58-CAGGAAG STREME-58
letter-probability matrix: alength= 4 w= 7 nsites= 908 E= 2.7e+000
 0.021145 0.933400 0.024309 0.021145
 0.930236 0.024309 0.024309 0.021145
 0.021145 0.024309 0.933400 0.021145
 0.021145 0.024309 0.933400 0.021145
 0.930236 0.024309 0.024309 0.021145
 0.930236 0.024309 0.024309 0.021145
 0.021145 0.024309 0.933400 0.021145

MOTIF 59-AGTGCAGTGGYG STREME-59
letter-probability matrix: alength= 4 w= 12 nsites= 88 E= 2.9e+000
 0.960172 0.026101 0.013297 0.000430
 0.064447 0.000494 0.916512 0.018547
 0.000430 0.000494 0.000494 0.998582
 0.120975 0.000494 0.878102 0.000430
 0.000430 0.921826 0.026101 0.051643
 0.883351 0.077315 0.013297 0.026037
 0.128464 0.000494 0.857809 0.013233
 0.000430 0.051708 0.000494 0.947369
 0.141268 0.038904 0.819399 0.000430
 0.000430 0.013297 0.916512 0.069761
 0.000430 0.350022 0.013297 0.636251
 0.227238 0.013297 0.753722 0.005744

MOTIF 60-TCATTCATTCACT STREME-60
letter-probability matrix: alength= 4 w= 13 nsites= 104 E= 2.9e+000
 0.046690 0.116202 0.023598 0.813511
 0.011964 0.883022 0.081475 0.023539
 0.866584 0.039977 0.046749 0.046690
 0.011964 0.012022 0.069900 0.906114
 0.000388 0.035173 0.012022 0.952416
 0.023539 0.871446 0.104626 0.000388
 0.917690 0.035173 0.012022 0.035115
 0.011964 0.086279 0.035173 0.866584
 0.011964 0.069900 0.035173 0.882963
 0.035115 0.820340 0.046749 0.097797
 0.827053 0.102659 0.023598 0.046690
 0.035115 0.663087 0.104626 0.197172
 0.069841 0.046749 0.000447 0.882963

MOTIF 61-CTGCCCTCTKCCCT STREME-61
letter-probability matrix: alength= 4 w= 14 nsites= 52 E= 1.2e+001
 0.000696 0.956347 0.042261 0.000696
 0.000696 0.042261 0.000800 0.956243
 0.062888 0.042261 0.645385 0.249465
 0.021426 0.900829 0.077049 0.000696
 0.000696 0.935616 0.021531 0.042157
 0.000696 0.977078 0.000800 0.021426
 0.062888 0.000800 0.021531 0.914782
 0.000696 0.956347 0.000800 0.042157
 0.083619 0.062992 0.000800 0.852589
 0.042157 0.000800 0.624654 0.332389
 0.000696 0.894155 0.104454 0.000696
 0.000696 0.997809 0.000800 0.000696
 0.092223 0.885551 0.021531 0.000696
 0.092223 0.000800 0.000800 0.906178

MOTIF 62-CCAGCCTGGCCAA STREME-62
letter-probability matrix: alength= 4 w= 13 nsites= 49 E= 1.6e+001
 0.024319 0.926926 0.024437 0.024319
 0.000790 0.997513 0.000908 0.000790
 0.997395 0.000908 0.000908 0.000790
 0.047848 0.000908 0.950455 0.000790
 0.000790 0.950455 0.024437 0.024319
 0.000790 0.997513 0.000908 0.000790
 0.024319 0.000908 0.024437 0.950337
 0.000790 0.000908 0.973984 0.024319
 0.063802 0.000908 0.910971 0.024319
 0.024319 0.809280 0.047966 0.118435
 0.071377 0.903396 0.024437 0.000790
 0.950337 0.047966 0.000908 0.000790
 0.926807 0.000908 0.000908 0.071377

MOTIF 63-TCTCGCGAGAWY STREME-63
letter-probability matrix: alength= 4 w= 12 nsites= 45 E= 2.0e+001
 0.000836 0.000961 0.000961 0.997242
 0.075566 0.922637 0.000961 0.000836
 0.000836 0.000961 0.025871 0.972332
 0.000836 0.997367 0.000961 0.000836
 0.000836 0.000961 0.997367 0.000836
 0.000836 0.997367 0.000961 0.000836
 0.000836 0.000961 0.997367 0.000836
 0.972332 0.000961 0.000961 0.025746
 0.000836 0.000961 0.798086 0.200117
 0.922512 0.075691 0.000961 0.000836
 0.474129 0.100602 0.150422 0.274848
 0.000836 0.598805 0.100602 0.299758

********************************************************************************
Stopped because 3 consecutive motifs exceeded the p-value threshold (0.05).
********************************************************************************
COMMAND:	streme --verbosity 1 --oc meme_out_incomplete_DL/HepG2_HMG20B-human_ENCFF517FAL/streme_out -dna --seed 0 --p meme_out_incomplete_DL/HepG2_HMG20B-human_ENCFF517FAL/seqs-centered --minw 6 --maxw 15 --time 6184 --order 2 --thresh 0.05 --align center --totallength 4000000 --parse-genomic-coord
********************************************************************************
CPU:		9f05ee173ae9
********************************************************************************
FINALTIME:	1720.67 seconds
********************************************************************************
