********************************************************************************
STREME - Sensitive, Thorough, Rapid, Enriched Motif Elicitation
********************************************************************************
MEME version 5.5.3 (Release date: Sat Jun 10 16:19:38 2023 -0700)

For further information on how to interpret these results please access http://localhost:8080/meme_5.5.3.
To get a copy of the MEME Suite software please access https://meme-suite.org.

********************************************************************************


********************************************************************************
REFERENCE
********************************************************************************
If you use this program in your research, please cite:

Timothy L. Bailey,
"STREME: accurate and versatile sequence motif discovery",
Bioinformatics, Mar. 24, 2021.
********************************************************************************


ALPHABET= ACGT

strands: + -

Background letter frequencies
A 0.287 C 0.213 G 0.213 T 0.287 

MOTIF 1-DRTTAYRTAAYH STREME-1
letter-probability matrix: alength= 4 w= 12 nsites= 15525 E= 6.3e-318
 0.239253 0.124565 0.299383 0.336800
 0.320592 0.170431 0.495136 0.013841
 0.000003 0.000002 0.000002 0.999992
 0.000003 0.000002 0.046498 0.953496
 0.679237 0.000082 0.320351 0.000330
 0.000242 0.446982 0.006364 0.546412
 0.546412 0.006364 0.446982 0.000242
 0.000330 0.320351 0.000082 0.679237
 0.953496 0.046498 0.000002 0.000003
 0.999992 0.000002 0.000002 0.000003
 0.013841 0.495136 0.170431 0.320592
 0.336800 0.299383 0.124565 0.239253

MOTIF 2-GCCTGTAATCCCAGC STREME-2
letter-probability matrix: alength= 4 w= 15 nsites= 906 E= 9.6e-025
 0.294620 0.021131 0.659383 0.024866
 0.013699 0.921693 0.012446 0.052162
 0.002533 0.951470 0.007483 0.038514
 0.007496 0.019890 0.001279 0.971335
 0.093621 0.002520 0.902567 0.001292
 0.000051 0.027334 0.007483 0.965132
 0.914988 0.012446 0.059593 0.012973
 0.666841 0.009964 0.311977 0.011218
 0.006255 0.023612 0.000038 0.970095
 0.009977 0.930378 0.008723 0.050921
 0.021144 0.919211 0.000038 0.059607
 0.003774 0.905563 0.000038 0.090625
 0.971335 0.003760 0.019890 0.005014
 0.078218 0.006242 0.914248 0.001292
 0.006255 0.922419 0.024127 0.047199

MOTIF 3-CCTCAGCCTCCCRAR STREME-3
letter-probability matrix: alength= 4 w= 15 nsites= 853 E= 1.3e-019
 0.000055 0.918258 0.017429 0.064257
 0.004068 0.942334 0.008066 0.045532
 0.009973 0.014754 0.000041 0.975232
 0.006743 0.790637 0.002716 0.199903
 0.620784 0.036710 0.294299 0.048207
 0.065595 0.004054 0.923609 0.006743
 0.009418 0.953817 0.006729 0.030036
 0.001393 0.936171 0.001379 0.061057
 0.010756 0.000041 0.009404 0.979799
 0.016106 0.920933 0.001379 0.061582
 0.006743 0.927621 0.008066 0.057569
 0.042857 0.672904 0.030022 0.254218
 0.570483 0.040167 0.373244 0.016106
 0.839883 0.016092 0.125245 0.018781
 0.410206 0.010741 0.574985 0.004068

MOTIF 4-GAGCCACCRYGCCYR STREME-4
letter-probability matrix: alength= 4 w= 15 nsites= 730 E= 9.2e-018
 0.071712 0.027487 0.890067 0.010734
 0.768127 0.082367 0.019865 0.129641
 0.068663 0.003096 0.923604 0.004636
 0.004636 0.947996 0.009194 0.038174
 0.000063 0.989156 0.001571 0.009210
 0.961732 0.004620 0.032060 0.001588
 0.006161 0.941898 0.003096 0.048845
 0.019881 0.672329 0.009194 0.298596
 0.396420 0.009194 0.583652 0.010734
 0.021405 0.583019 0.003728 0.391847
 0.267474 0.032060 0.679060 0.021405
 0.012259 0.938849 0.024438 0.024454
 0.003112 0.943422 0.012243 0.041223
 0.029028 0.580862 0.008302 0.381808
 0.347638 0.018340 0.620239 0.013783

MOTIF 5-GTTATGCAA STREME-5
letter-probability matrix: alength= 4 w= 9 nsites= 3021 E= 2.0e-017
 0.179114 0.139086 0.510120 0.171680
 0.000067 0.000050 0.000050 0.999833
 0.000067 0.000050 0.304710 0.695173
 0.930488 0.007390 0.012061 0.050061
 0.020803 0.000861 0.112765 0.865571
 0.018001 0.000050 0.973063 0.008885
 0.069557 0.734205 0.006544 0.189693
 0.999613 0.000050 0.000270 0.000067
 0.974518 0.000050 0.017940 0.007493

MOTIF 6-CCCAGGCTGGAGTGC STREME-6
letter-probability matrix: alength= 4 w= 15 nsites= 624 E= 8.6e-016
 0.030707 0.893484 0.027084 0.048725
 0.025301 0.886277 0.007263 0.081159
 0.018093 0.916909 0.014471 0.050527
 0.983598 0.001857 0.007263 0.007282
 0.034310 0.005461 0.945739 0.014490
 0.045122 0.010867 0.938531 0.005480
 0.010886 0.951145 0.007263 0.030707
 0.000075 0.009812 0.005461 0.984652
 0.088367 0.003659 0.904295 0.003678
 0.050527 0.014471 0.918711 0.016292
 0.989003 0.005461 0.001857 0.003678
 0.129810 0.010867 0.852041 0.007282
 0.005480 0.021678 0.030688 0.942154
 0.078303 0.009065 0.899944 0.012688
 0.003678 0.896340 0.009065 0.090917

MOTIF 7-YTGCAGTGAGCYRW STREME-7
letter-probability matrix: alength= 4 w= 14 nsites= 464 E= 1.9e-013
 0.012101 0.509524 0.004874 0.473500
 0.007300 0.007275 0.003470 0.981955
 0.086057 0.002474 0.905573 0.005896
 0.000099 0.958922 0.002474 0.038504
 0.975750 0.000074 0.016876 0.007300
 0.038504 0.005871 0.955526 0.000099
 0.000099 0.007275 0.004874 0.987751
 0.036104 0.012075 0.944521 0.007300
 0.992552 0.000074 0.004874 0.002500
 0.033703 0.021677 0.937320 0.007300
 0.000099 0.943525 0.002474 0.053902
 0.024102 0.486926 0.004874 0.484098
 0.484551 0.016876 0.488873 0.009700
 0.413085 0.031278 0.014476 0.541162

MOTIF 8-CYGTCTCAAAAAAAA STREME-8
letter-probability matrix: alength= 4 w= 15 nsites= 683 E= 7.0e-013
 0.010044 0.887730 0.015014 0.087212
 0.016694 0.329928 0.005039 0.648339
 0.231855 0.010027 0.749737 0.008382
 0.012397 0.042305 0.000051 0.945247
 0.005056 0.953260 0.010027 0.031657
 0.001731 0.000051 0.000051 0.998166
 0.042323 0.927631 0.008364 0.021682
 0.826233 0.036628 0.018339 0.118800
 0.968776 0.003376 0.019466 0.008381
 0.939977 0.038290 0.020002 0.001731
 0.941639 0.041615 0.011689 0.005056
 0.892735 0.060593 0.008364 0.038308
 0.860174 0.081517 0.028315 0.029995
 0.891073 0.040643 0.018339 0.049945
 0.891072 0.042305 0.020002 0.046620

MOTIF 9-GGAGGATCRCTTGA STREME-9
letter-probability matrix: alength= 4 w= 14 nsites= 547 E= 1.4e-012
 0.075341 0.000063 0.917032 0.007565
 0.048899 0.012266 0.932648 0.006186
 0.771987 0.095659 0.030572 0.101782
 0.095680 0.004131 0.894003 0.006186
 0.272823 0.000063 0.720928 0.006186
 0.953010 0.000063 0.044810 0.002118
 0.000084 0.024470 0.000063 0.975383
 0.004996 0.705191 0.033450 0.256363
 0.540462 0.026504 0.424814 0.008220
 0.002118 0.944852 0.000063 0.052967
 0.000084 0.201425 0.000063 0.798429
 0.000084 0.012266 0.042776 0.944874
 0.048899 0.000063 0.948920 0.002118
 0.967247 0.000063 0.022436 0.010254

MOTIF 10-AAAAAAAAAAAAAAA STREME-10
letter-probability matrix: alength= 4 w= 15 nsites= 816 E= 5.2e-009
 0.999803 0.000059 0.000059 0.000079
 0.999803 0.000059 0.000059 0.000079
 0.999716 0.000059 0.000059 0.000166
 0.788753 0.143184 0.010660 0.057403
 0.728192 0.163054 0.069629 0.039125
 0.840266 0.000059 0.127796 0.031879
 0.992668 0.000059 0.007194 0.000079
 0.856983 0.087957 0.041360 0.013701
 0.866887 0.118213 0.000059 0.014841
 0.873060 0.121085 0.003859 0.001996
 0.825308 0.005808 0.099520 0.069364
 0.874280 0.088920 0.034407 0.002393
 0.801837 0.080496 0.094827 0.022840
 0.957564 0.000059 0.041848 0.000529
 0.958906 0.000059 0.033545 0.007490

MOTIF 11-CCAGGAGTTCRAG STREME-11
letter-probability matrix: alength= 4 w= 13 nsites= 414 E= 4.8e-008
 0.005549 0.718045 0.008238 0.268167
 0.000112 0.911581 0.000084 0.088223
 0.919050 0.000084 0.057166 0.023701
 0.054537 0.009366 0.935984 0.000112
 0.068068 0.013675 0.912709 0.005549
 0.976847 0.002802 0.012084 0.008267
 0.052072 0.032702 0.901522 0.013703
 0.061041 0.028394 0.229937 0.680628
 0.008267 0.021829 0.002802 0.967102
 0.008267 0.720340 0.092234 0.179159
 0.598049 0.024548 0.377291 0.000112
 0.963256 0.008238 0.017521 0.010985
 0.017550 0.000084 0.979998 0.002368

MOTIF 12-ATCACCACYATCYA STREME-12
letter-probability matrix: alength= 4 w= 14 nsites= 323 E= 8.9e-008
 0.944276 0.003567 0.038172 0.013985
 0.000143 0.097001 0.000107 0.902749
 0.010525 0.916555 0.000107 0.072814
 0.954657 0.003567 0.034712 0.007064
 0.007064 0.878489 0.013949 0.100498
 0.003604 0.926936 0.013949 0.055511
 0.895828 0.017409 0.045093 0.041669
 0.018882 0.856290 0.024330 0.100498
 0.086656 0.567043 0.020870 0.325432
 0.878526 0.045093 0.062396 0.013985
 0.013985 0.076238 0.008464 0.901313
 0.000143 0.954620 0.007028 0.038209
 0.065893 0.594727 0.017409 0.321971
 0.885447 0.031251 0.020870 0.062432

MOTIF 13-ATGCCACTGAAYTGT STREME-13
letter-probability matrix: alength= 4 w= 15 nsites= 304 E= 4.7e-007
 0.943658 0.021632 0.021632 0.013078
 0.068978 0.038832 0.000132 0.892058
 0.176477 0.004432 0.810313 0.008778
 0.000178 0.857612 0.025932 0.116277
 0.000178 0.900612 0.013032 0.086178
 0.956558 0.021632 0.021632 0.000178
 0.004478 0.930712 0.008732 0.056078
 0.047478 0.025932 0.008732 0.917858
 0.073278 0.013032 0.909212 0.004478
 0.982357 0.013032 0.000132 0.004478
 0.930758 0.017332 0.043132 0.008778
 0.004478 0.507530 0.017332 0.470660
 0.013078 0.013032 0.017332 0.956558
 0.150677 0.021632 0.806013 0.021678
 0.010562 0.051732 0.025932 0.911773

MOTIF 14-GACAGAGYRAGACY STREME-14
letter-probability matrix: alength= 4 w= 14 nsites= 468 E= 7.7e-007
 0.240215 0.004819 0.747750 0.007217
 0.966536 0.000073 0.021429 0.011962
 0.002471 0.964137 0.009565 0.023827
 0.980773 0.000073 0.014310 0.004844
 0.064166 0.045158 0.862104 0.028573
 0.976027 0.000073 0.023802 0.000098
 0.035691 0.011937 0.952273 0.000098
 0.030946 0.550800 0.030920 0.387334
 0.382351 0.030920 0.567648 0.019081
 0.985518 0.000073 0.009565 0.004844
 0.016708 0.016683 0.964137 0.002471
 0.985518 0.002446 0.009565 0.002471
 0.014335 0.919053 0.007192 0.059420
 0.014335 0.458039 0.007192 0.520434

MOTIF 15-TAAGTACATTCACA STREME-15
letter-probability matrix: alength= 4 w= 14 nsites= 322 E= 2.5e-005
 0.000140 0.023721 0.016974 0.959165
 0.692624 0.040591 0.023721 0.243063
 0.955791 0.000104 0.040591 0.003514
 0.106132 0.027095 0.836268 0.030505
 0.013635 0.087826 0.004878 0.893660
 0.898434 0.016974 0.084452 0.000140
 0.000140 0.683041 0.003478 0.313342
 0.922052 0.006852 0.070957 0.000140
 0.000140 0.013600 0.043965 0.942296
 0.000140 0.003478 0.000104 0.996279
 0.006887 0.855112 0.037217 0.100784
 0.918678 0.020348 0.047339 0.013635
 0.000140 0.891651 0.000104 0.108106
 0.888313 0.016974 0.081079 0.013635

MOTIF 16-CACACACACACACAC STREME-16
letter-probability matrix: alength= 4 w= 15 nsites= 273 E= 2.7e-005
 0.038135 0.860491 0.009956 0.091419
 0.975876 0.000151 0.000151 0.023822
 0.013813 0.907169 0.044273 0.034745
 0.967630 0.002602 0.029566 0.000203
 0.005105 0.874848 0.000151 0.119896
 0.920656 0.007088 0.044273 0.027983
 0.031652 0.953287 0.005053 0.010008
 0.928827 0.036502 0.034468 0.000203
 0.019813 0.802837 0.041821 0.135529
 0.912760 0.000151 0.032525 0.054564
 0.000203 0.829106 0.000151 0.170540
 0.856339 0.014858 0.090648 0.038155
 0.023448 0.961491 0.009956 0.005105
 0.902593 0.000151 0.067638 0.029618
 0.009218 0.975721 0.009956 0.005105

MOTIF 17-AAACTCTGTACCCAT STREME-17
letter-probability matrix: alength= 4 w= 15 nsites= 281 E= 9.5e-005
 0.941588 0.015589 0.042662 0.000160
 0.987999 0.007854 0.000119 0.004028
 0.964794 0.000119 0.019457 0.015630
 0.000160 0.929944 0.000119 0.069777
 0.007895 0.150955 0.007854 0.833296
 0.011763 0.798447 0.003987 0.185804
 0.023366 0.113884 0.007854 0.854896
 0.263156 0.007854 0.728830 0.000160
 0.004028 0.100676 0.007854 0.887442
 0.875839 0.081338 0.038795 0.004028
 0.031101 0.848725 0.007854 0.112320
 0.007895 0.856460 0.011722 0.123923
 0.027233 0.821652 0.000119 0.150996
 0.833296 0.000119 0.038795 0.127790
 0.038836 0.065868 0.023325 0.871972

MOTIF 18-CAAAGTCCA STREME-18
letter-probability matrix: alength= 4 w= 9 nsites= 980 E= 2.1e-004
 0.000221 0.944351 0.000165 0.055263
 0.867072 0.063046 0.069661 0.000221
 0.854821 0.000165 0.144793 0.000221
 0.999449 0.000165 0.000165 0.000221
 0.000221 0.000165 0.999393 0.000221
 0.000221 0.000165 0.000165 0.999449
 0.069067 0.865200 0.000165 0.065568
 0.038657 0.892777 0.017246 0.051319
 0.809201 0.035917 0.012446 0.142436

MOTIF 19-TWAAAATGGTTAA STREME-19
letter-probability matrix: alength= 4 w= 13 nsites= 258 E= 3.3e-004
 0.000205 0.010043 0.000152 0.989600
 0.565010 0.044662 0.029825 0.360503
 0.950035 0.010043 0.039717 0.000205
 0.979709 0.010043 0.005098 0.005150
 0.964873 0.010043 0.019935 0.005150
 0.901001 0.010043 0.088751 0.000205
 0.000205 0.010043 0.000152 0.989600
 0.019370 0.000152 0.980273 0.000205
 0.062595 0.000152 0.937048 0.000205
 0.000205 0.110586 0.014989 0.874220
 0.191822 0.010043 0.021304 0.776831
 0.962820 0.014989 0.021987 0.000205
 0.934120 0.047334 0.018342 0.000205

MOTIF 20-CCCCRCCCC STREME-20
letter-probability matrix: alength= 4 w= 9 nsites= 1027 E= 3.6e-004
 0.020690 0.979077 0.000099 0.000134
 0.000134 0.999633 0.000099 0.000134
 0.000134 0.999633 0.000099 0.000134
 0.202325 0.797442 0.000099 0.000134
 0.339145 0.000099 0.505426 0.155329
 0.074491 0.898927 0.026448 0.000134
 0.000134 0.973532 0.000099 0.026235
 0.000134 0.945187 0.000099 0.054580
 0.054772 0.906915 0.018514 0.019799

MOTIF 21-CCTCCCTCCC STREME-21
letter-probability matrix: alength= 4 w= 10 nsites= 1794 E= 1.1e-002
 0.000269 0.835638 0.000200 0.163892
 0.000269 0.940620 0.023509 0.035602
 0.040089 0.000200 0.052881 0.906830
 0.020855 0.888512 0.050459 0.040173
 0.000269 0.975276 0.024186 0.000269
 0.000269 0.865073 0.055400 0.079258
 0.105416 0.000200 0.115329 0.779055
 0.000269 0.942626 0.000200 0.056905
 0.000269 0.862941 0.089368 0.047422
 0.000269 0.950477 0.048985 0.000269

MOTIF 22-CAAAGATCAAAAG STREME-22
letter-probability matrix: alength= 4 w= 13 nsites= 120 E= 1.5e-002
 0.035012 0.954031 0.008930 0.002027
 0.921139 0.017593 0.008930 0.052337
 0.981782 0.000267 0.017593 0.000358
 0.921138 0.000267 0.017593 0.061002
 0.000358 0.008930 0.981690 0.009022
 0.981782 0.017593 0.000267 0.000358
 0.052338 0.017592 0.008929 0.921141
 0.000358 0.981690 0.017593 0.000358
 0.960860 0.008930 0.026257 0.003954
 0.915266 0.034920 0.049456 0.000358
 0.895149 0.008930 0.008930 0.086992
 0.877823 0.052247 0.052246 0.017685
 0.220534 0.052247 0.648891 0.078328

MOTIF 23-AGTTCTGGAGA STREME-23
letter-probability matrix: alength= 4 w= 11 nsites= 168 E= 2.3e-002
 0.992398 0.004745 0.002514 0.000344
 0.060739 0.005663 0.933254 0.000344
 0.008646 0.000256 0.008561 0.982537
 0.001943 0.061841 0.021353 0.914862
 0.016766 0.927671 0.029127 0.026436
 0.011462 0.008561 0.000256 0.979722
 0.146026 0.000256 0.851988 0.001731
 0.024474 0.000256 0.962133 0.013137
 0.971185 0.000256 0.019911 0.008649
 0.092536 0.001029 0.889480 0.016956
 0.897421 0.033477 0.067371 0.001731

MOTIF 24-CCAAGGTCAC STREME-24
letter-probability matrix: alength= 4 w= 10 nsites= 673 E= 2.8e-002
 0.003130 0.791726 0.047724 0.157420
 0.112382 0.884393 0.003100 0.000124
 0.916440 0.017911 0.052917 0.012732
 0.832061 0.023640 0.119216 0.025084
 0.036177 0.006387 0.951128 0.006308
 0.009181 0.000093 0.986834 0.003892
 0.010851 0.150527 0.000093 0.838529
 0.000124 0.982529 0.000093 0.017254
 0.968192 0.007921 0.023762 0.000124
 0.167479 0.673952 0.024318 0.134251

MOTIF 25-AACAGACTTTAAA STREME-25
letter-probability matrix: alength= 4 w= 13 nsites= 95 E= 6.2e-002
 0.982224 0.012072 0.005220 0.000485
 0.993935 0.000360 0.005220 0.000485
 0.023907 0.940115 0.000360 0.035618
 0.975372 0.000360 0.023783 0.000485
 0.094173 0.000360 0.900122 0.005344
 0.987083 0.000360 0.000360 0.012196
 0.000485 0.975248 0.000360 0.023907
 0.000485 0.012072 0.000360 0.987083
 0.012196 0.012072 0.012072 0.963661
 0.012196 0.000360 0.000360 0.987083
 0.940239 0.012072 0.047205 0.000485
 0.975372 0.023783 0.000360 0.000485
 0.928528 0.000360 0.035494 0.035618

MOTIF 26-ATTTATTTATTTA STREME-26
letter-probability matrix: alength= 4 w= 13 nsites= 82 E= 6.2e-002
 0.695387 0.009330 0.040546 0.254738
 0.000553 0.000412 0.000412 0.998623
 0.000553 0.000412 0.000412 0.998623
 0.013932 0.015377 0.000412 0.970280
 0.959620 0.013790 0.026037 0.000553
 0.000553 0.107437 0.013790 0.878220
 0.000553 0.013790 0.013790 0.971867
 0.000553 0.040546 0.013790 0.945111
 0.954033 0.000412 0.045002 0.000553
 0.000553 0.000412 0.000412 0.998623
 0.000553 0.000412 0.013790 0.985245
 0.000553 0.023333 0.016565 0.959549
 0.851464 0.000412 0.027168 0.120956

MOTIF 27-AGTGGTGCAATC STREME-27
letter-probability matrix: alength= 4 w= 12 nsites= 141 E= 1.1e-001
 0.902691 0.007925 0.069431 0.019953
 0.054136 0.015613 0.929933 0.000318
 0.000318 0.000237 0.000237 0.999209
 0.003509 0.015613 0.980560 0.000318
 0.000318 0.007925 0.991439 0.000318
 0.008006 0.038678 0.007925 0.945391
 0.031071 0.000237 0.968374 0.000318
 0.015695 0.976062 0.007925 0.000318
 0.845444 0.023301 0.115560 0.015695
 0.968456 0.000237 0.023301 0.008006
 0.008006 0.003427 0.000237 0.988330
 0.004473 0.956531 0.007925 0.031071

MOTIF 28-CAGCACCAYGGACAG STREME-28
letter-probability matrix: alength= 4 w= 15 nsites= 112 E= 1.2e-001
 0.009328 0.927327 0.027147 0.036199
 0.990121 0.000276 0.009233 0.000371
 0.009328 0.000276 0.990026 0.000371
 0.036199 0.815365 0.130152 0.018285
 0.972207 0.000276 0.018190 0.009328
 0.054113 0.936284 0.000276 0.009328
 0.000371 0.998983 0.000276 0.000371
 0.604969 0.089846 0.170459 0.134726
 0.170554 0.358557 0.094324 0.376566
 0.009328 0.000276 0.981069 0.009328
 0.000371 0.000276 0.998983 0.000371
 0.954293 0.045061 0.000276 0.000371
 0.018285 0.846714 0.089846 0.045156
 0.972207 0.009233 0.018190 0.000371
 0.000371 0.018190 0.981069 0.000371

MOTIF 29-ATCAGAGACTAGGAT STREME-29
letter-probability matrix: alength= 4 w= 15 nsites= 83 E= 1.2e-001
 0.884482 0.000439 0.085977 0.029102
 0.000590 0.057464 0.000439 0.941507
 0.000590 0.969869 0.014695 0.014846
 0.984276 0.014695 0.000439 0.000590
 0.014846 0.028951 0.955613 0.000590
 0.998533 0.000439 0.000439 0.000590
 0.029102 0.014695 0.955613 0.000590
 0.955764 0.014695 0.014695 0.014846
 0.000590 0.898587 0.014695 0.086128
 0.014846 0.014695 0.000439 0.970020
 0.984276 0.000439 0.014695 0.000590
 0.057615 0.014695 0.898587 0.029102
 0.029102 0.000439 0.969869 0.000590
 0.927251 0.000439 0.043208 0.029102
 0.000590 0.014695 0.000439 0.984276

MOTIF 30-GATGAGGAAAY STREME-30
letter-probability matrix: alength= 4 w= 11 nsites= 1207 E= 1.4e-001
 0.097678 0.000052 0.902200 0.000070
 0.999826 0.000052 0.000052 0.000070
 0.150277 0.072382 0.045525 0.731816
 0.000070 0.000052 0.967976 0.031902
 0.951553 0.000052 0.048325 0.000070
 0.055641 0.120523 0.605938 0.217899
 0.125735 0.069693 0.758213 0.046359
 0.780121 0.023720 0.000052 0.196107
 0.821382 0.178496 0.000052 0.000070
 0.703649 0.000052 0.288764 0.007535
 0.089550 0.375894 0.145422 0.389134

MOTIF 31-GAAATGAAAA STREME-31
letter-probability matrix: alength= 4 w= 10 nsites= 2053 E= 1.8e-001
 0.137999 0.105833 0.756046 0.000122
 0.955716 0.000660 0.000091 0.043533
 0.829985 0.000091 0.169801 0.000122
 0.928734 0.024135 0.019559 0.027573
 0.090078 0.243714 0.098238 0.567970
 0.000122 0.000091 0.999664 0.000122
 0.767967 0.000091 0.231820 0.000122
 0.752192 0.140855 0.101061 0.005892
 0.840893 0.000091 0.155938 0.003079
 0.796643 0.084219 0.091678 0.027460

MOTIF 32-GTTGAGTAAC STREME-32
letter-probability matrix: alength= 4 w= 10 nsites= 753 E= 2.2e-001
 0.326577 0.019613 0.653623 0.000186
 0.000186 0.000138 0.000138 0.999537
 0.000186 0.009128 0.000138 0.990548
 0.278695 0.000138 0.708626 0.012541
 0.726509 0.000138 0.273167 0.000186
 0.118938 0.000138 0.880738 0.000186
 0.000186 0.221627 0.000138 0.778049
 0.933763 0.029196 0.036855 0.000186
 0.999537 0.000138 0.000138 0.000186
 0.000186 0.777806 0.024924 0.197084

MOTIF 33-CCAGCCTGGSCAACA STREME-33
letter-probability matrix: alength= 4 w= 15 nsites= 130 E= 2.3e-001
 0.000331 0.887222 0.048191 0.064257
 0.016312 0.887222 0.008237 0.088229
 0.991187 0.000246 0.008237 0.000331
 0.032294 0.000246 0.903204 0.064257
 0.016312 0.951148 0.000246 0.032294
 0.000331 0.967130 0.000246 0.032294
 0.016312 0.032209 0.000246 0.951233
 0.064257 0.000246 0.927176 0.008321
 0.056266 0.008237 0.919185 0.016312
 0.056266 0.351840 0.575582 0.016312
 0.016312 0.887222 0.000246 0.096220
 0.847353 0.000246 0.136089 0.016312
 0.991187 0.000246 0.008237 0.000331
 0.016312 0.919185 0.000246 0.064257
 0.927261 0.016228 0.048191 0.008321

MOTIF 34-AGCACCCAGATTC STREME-34
letter-probability matrix: alength= 4 w= 13 nsites= 82 E= 2.5e-001
 0.985060 0.000417 0.013963 0.000560
 0.027653 0.027509 0.930732 0.014106
 0.027653 0.917186 0.000417 0.054745
 0.957967 0.013963 0.013963 0.014106
 0.000560 0.984916 0.000417 0.014106
 0.023289 0.908003 0.013963 0.054745
 0.014106 0.984916 0.000417 0.000560
 0.985060 0.000417 0.013963 0.000560
 0.014106 0.041055 0.930732 0.014106
 0.985060 0.000417 0.000417 0.014106
 0.014106 0.013963 0.000417 0.971514
 0.000560 0.013963 0.000417 0.985060
 0.014106 0.944278 0.000417 0.041199

MOTIF 35-GGCAACCACCATTCT STREME-35
letter-probability matrix: alength= 4 w= 15 nsites= 110 E= 2.5e-001
 0.087406 0.012795 0.874459 0.025340
 0.087406 0.012795 0.899285 0.000514
 0.062580 0.787566 0.012795 0.137059
 0.973896 0.012795 0.012795 0.000514
 0.924243 0.025209 0.050035 0.000514
 0.000514 0.886872 0.000382 0.112233
 0.012927 0.899285 0.025209 0.062580
 0.943918 0.012795 0.025209 0.018078
 0.000514 0.911698 0.000382 0.087406
 0.037753 0.799979 0.012795 0.149472
 0.949069 0.012795 0.012795 0.025340
 0.137059 0.012795 0.025209 0.824937
 0.012927 0.025209 0.037622 0.924243
 0.000514 0.936525 0.025209 0.037753
 0.000514 0.025209 0.025209 0.949069

MOTIF 36-CCTAAATATATATGC STREME-36
letter-probability matrix: alength= 4 w= 15 nsites= 89 E= 2.5e-001
 0.010674 0.933082 0.010566 0.045678
 0.031175 0.947585 0.000316 0.020924
 0.000424 0.020816 0.000316 0.978445
 0.988695 0.010566 0.000316 0.000424
 0.978445 0.020816 0.000316 0.000424
 0.937444 0.010566 0.010566 0.041425
 0.010674 0.123318 0.000316 0.865693
 0.947694 0.010566 0.031066 0.010674
 0.020924 0.133568 0.020816 0.824692
 0.957944 0.010566 0.031066 0.000424
 0.020924 0.020816 0.010566 0.947694
 0.957944 0.010566 0.010566 0.020924
 0.000424 0.041316 0.025069 0.933190
 0.041425 0.000316 0.947585 0.010674
 0.020924 0.886084 0.020816 0.072175

MOTIF 37-AAGGGATCAATKCAA STREME-37
letter-probability matrix: alength= 4 w= 15 nsites= 85 E= 4.9e-001
 0.985703 0.000399 0.013362 0.000536
 0.985703 0.000399 0.013362 0.000536
 0.052387 0.000399 0.881864 0.065350
 0.091275 0.013362 0.855939 0.039424
 0.013499 0.000399 0.959640 0.026462
 0.985703 0.000399 0.000399 0.013499
 0.013499 0.000399 0.000399 0.985703
 0.000536 0.985566 0.000399 0.013499
 0.933852 0.013362 0.052250 0.000536
 0.972740 0.000399 0.026324 0.000536
 0.000536 0.039287 0.013362 0.946815
 0.000536 0.000399 0.492982 0.506082
 0.000536 0.933715 0.052250 0.013499
 0.998666 0.000399 0.000399 0.000536
 0.920889 0.000399 0.078175 0.000536

MOTIF 38-AAGAAGAGCTAACTA STREME-38
letter-probability matrix: alength= 4 w= 15 nsites= 73 E= 4.9e-001
 0.983574 0.000458 0.015352 0.000616
 0.953787 0.015352 0.030245 0.000616
 0.060189 0.045138 0.864270 0.030403
 0.968680 0.000458 0.015352 0.015509
 0.983574 0.000458 0.015352 0.000616
 0.015509 0.015352 0.953629 0.015509
 0.924001 0.030245 0.015352 0.030403
 0.060189 0.000458 0.908949 0.030403
 0.000616 0.983416 0.000458 0.015509
 0.000616 0.015352 0.000458 0.983574
 0.983574 0.000458 0.015352 0.000616
 0.983574 0.000458 0.000458 0.015509
 0.015509 0.953629 0.030245 0.000616
 0.000616 0.015352 0.000458 0.983574
 0.983574 0.000458 0.015352 0.000616

MOTIF 39-AGAGAAAGAAR STREME-39
letter-probability matrix: alength= 4 w= 11 nsites= 428 E= 5.1e-001
 0.951988 0.047615 0.000170 0.000228
 0.061242 0.000170 0.938360 0.000228
 0.825721 0.005682 0.073889 0.094708
 0.000228 0.274053 0.725490 0.000228
 0.999433 0.000170 0.000170 0.000228
 0.787732 0.116164 0.092897 0.003207
 0.866634 0.013481 0.119657 0.000228
 0.000228 0.000170 0.999374 0.000228
 0.927385 0.000170 0.041544 0.030901
 0.921352 0.008660 0.069760 0.000228
 0.514705 0.000170 0.484898 0.000228

MOTIF 40-RATAATAATA STREME-40
letter-probability matrix: alength= 4 w= 10 nsites= 134 E= 5.3e-001
 0.656035 0.000607 0.342542 0.000816
 0.973481 0.025096 0.000607 0.000816
 0.000816 0.000607 0.000607 0.997970
 0.997970 0.000607 0.000607 0.000816
 0.950904 0.013750 0.034531 0.000816
 0.000816 0.000607 0.000607 0.997970
 0.997970 0.000607 0.000607 0.000816
 0.773995 0.066819 0.158370 0.000816
 0.000816 0.000607 0.000607 0.997970
 0.997970 0.000607 0.000607 0.000816

MOTIF 41-STGASTCAS STREME-41
letter-probability matrix: alength= 4 w= 9 nsites= 763 E= 7.5e-001
 0.143373 0.425485 0.405508 0.025634
 0.027153 0.017641 0.006853 0.948353
 0.013882 0.037741 0.924520 0.023857
 0.955597 0.009016 0.014118 0.021269
 0.013455 0.486545 0.486545 0.013455
 0.021269 0.014118 0.009016 0.955597
 0.023857 0.924520 0.037741 0.013882
 0.948353 0.006853 0.017641 0.027153
 0.025634 0.405508 0.425485 0.143373

MOTIF 42-CCATTTTACAGA STREME-42
letter-probability matrix: alength= 4 w= 12 nsites= 201 E= 8.4e-001
 0.000308 0.713357 0.102366 0.183969
 0.030128 0.847204 0.000229 0.122439
 0.954503 0.000229 0.030050 0.015218
 0.000308 0.000229 0.000229 0.999233
 0.007763 0.125255 0.007684 0.859297
 0.000308 0.082235 0.007683 0.909774
 0.000308 0.211732 0.000229 0.787730
 0.878128 0.000229 0.106424 0.015218
 0.000308 0.910722 0.000229 0.088740
 0.976868 0.000229 0.022595 0.000308
 0.106823 0.000229 0.877729 0.015218
 0.862990 0.000229 0.136472 0.000308

MOTIF 43-CACCACCACCCC STREME-43
letter-probability matrix: alength= 4 w= 12 nsites= 674 E= 9.3e-001
 0.023759 0.894701 0.047411 0.034129
 0.642489 0.065652 0.182946 0.108913
 0.010855 0.943722 0.012507 0.032916
 0.073840 0.827345 0.031857 0.066958
 0.743306 0.056882 0.120506 0.079306
 0.008289 0.928644 0.045530 0.017537
 0.050006 0.847315 0.073511 0.029167
 0.766077 0.031971 0.127764 0.074188
 0.037231 0.829234 0.046013 0.087522
 0.141358 0.635200 0.179987 0.043454
 0.061006 0.757907 0.105880 0.075208
 0.089679 0.734593 0.075117 0.100611

MOTIF 44-GGGGAGTTABTGTTT STREME-44
letter-probability matrix: alength= 4 w= 15 nsites= 181 E= 9.7e-001
 0.113521 0.000180 0.778612 0.107687
 0.151943 0.000180 0.800959 0.046919
 0.116935 0.000180 0.847636 0.035249
 0.151943 0.017684 0.789289 0.041084
 0.987730 0.006014 0.000180 0.006076
 0.006076 0.000180 0.993503 0.000241
 0.017745 0.035188 0.058526 0.888541
 0.017745 0.020105 0.148468 0.813682
 0.952722 0.046857 0.000180 0.000241
 0.046919 0.352681 0.235988 0.364412
 0.058588 0.000180 0.011849 0.929383
 0.099431 0.006014 0.894314 0.000241
 0.035249 0.177641 0.006014 0.781095
 0.000241 0.006014 0.017684 0.976061
 0.041084 0.078452 0.011849 0.868615

MOTIF 45-KTTATATAAM STREME-45
letter-probability matrix: alength= 4 w= 10 nsites= 57 E= 9.8e-001
 0.016972 0.000965 0.574055 0.408008
 0.008547 0.023021 0.002079 0.966352
 0.001441 0.002935 0.000965 0.994659
 0.953956 0.043294 0.000965 0.001785
 0.001297 0.000965 0.000965 0.996773
 0.996773 0.000965 0.000965 0.001297
 0.001785 0.000965 0.043294 0.953956
 0.994659 0.000965 0.002935 0.001441
 0.966352 0.002079 0.023021 0.008547
 0.408008 0.574055 0.000965 0.016972

MOTIF 46-AGCAGGGGTTGCA STREME-46
letter-probability matrix: alength= 4 w= 13 nsites= 56 E= 9.8e-001
 0.874320 0.021227 0.103601 0.000852
 0.021445 0.083008 0.894695 0.000852
 0.000852 0.997662 0.000634 0.000852
 0.977287 0.000634 0.000634 0.021445
 0.021443 0.000634 0.977071 0.000852
 0.042039 0.021227 0.915288 0.021445
 0.165599 0.000634 0.832915 0.000852
 0.062632 0.000634 0.927336 0.009398
 0.000852 0.000634 0.000634 0.997880
 0.000852 0.000634 0.000634 0.997880
 0.021445 0.000634 0.956475 0.021445
 0.000852 0.977069 0.000634 0.021445
 0.977287 0.000634 0.000634 0.021445

MOTIF 47-GTTTGTGTAAGTWCA STREME-47
letter-probability matrix: alength= 4 w= 15 nsites= 77 E= 9.8e-001
 0.055252 0.000421 0.902747 0.041580
 0.000566 0.000421 0.000421 0.998593
 0.027909 0.000421 0.000421 0.971250
 0.000566 0.000421 0.000421 0.998593
 0.000566 0.000421 0.984776 0.014237
 0.014237 0.000421 0.000421 0.984921
 0.027909 0.000421 0.971105 0.000566
 0.000566 0.000421 0.014092 0.984921
 0.984921 0.000421 0.014092 0.000566
 0.998593 0.000421 0.000421 0.000566
 0.164625 0.000421 0.807045 0.027909
 0.027909 0.123465 0.000421 0.848205
 0.506415 0.027764 0.137137 0.328684
 0.000566 0.957433 0.000421 0.041580
 0.916563 0.027764 0.000421 0.055252

MOTIF 48-AATTCACATACCATA STREME-48
letter-probability matrix: alength= 4 w= 15 nsites= 70 E= 9.8e-001
 0.878861 0.066948 0.053641 0.000551
 0.998630 0.000410 0.000410 0.000551
 0.013858 0.000410 0.040333 0.945399
 0.053781 0.000410 0.000410 0.945399
 0.000551 0.798873 0.027025 0.173551
 0.985322 0.013717 0.000410 0.000551
 0.040474 0.825489 0.000410 0.133628
 0.905476 0.013717 0.040333 0.040474
 0.027166 0.066948 0.000410 0.905476
 0.905476 0.000410 0.066948 0.027166
 0.200166 0.679104 0.040333 0.080397
 0.000551 0.865412 0.027025 0.107012
 0.958707 0.013717 0.027025 0.000551
 0.000551 0.239949 0.000410 0.759091
 0.918784 0.053641 0.000410 0.027166

MOTIF 49-AAATAAA STREME-49
letter-probability matrix: alength= 4 w= 7 nsites= 1930 E= 9.9e-001
 0.935155 0.019391 0.019391 0.026064
 0.935155 0.019391 0.019391 0.026064
 0.935155 0.019391 0.019391 0.026064
 0.026064 0.019391 0.019391 0.935155
 0.935155 0.019391 0.019391 0.026064
 0.935155 0.019391 0.019391 0.026064
 0.935155 0.019391 0.019391 0.026064

MOTIF 50-CAAATATTTACT STREME-50
letter-probability matrix: alength= 4 w= 12 nsites= 106 E= 1.2e+000
 0.058064 0.854320 0.056835 0.030781
 0.970348 0.000434 0.014534 0.014684
 0.970348 0.028634 0.000434 0.000583
 0.950399 0.048584 0.000434 0.000583
 0.000583 0.000434 0.028634 0.970348
 0.998549 0.000434 0.000434 0.000583
 0.000583 0.045450 0.008054 0.945912
 0.000583 0.028633 0.000434 0.970350
 0.048733 0.028634 0.070934 0.851699
 0.929876 0.024093 0.045447 0.000583
 0.000583 0.840587 0.028634 0.130195
 0.070145 0.000434 0.085034 0.844388

MOTIF 51-AAAAATTAGC STREME-51
letter-probability matrix: alength= 4 w= 10 nsites= 102 E= 1.2e+000
 0.935155 0.019391 0.019391 0.026064
 0.935155 0.019391 0.019391 0.026064
 0.935155 0.019391 0.019391 0.026064
 0.935155 0.019391 0.019391 0.026064
 0.935155 0.019391 0.019391 0.026064
 0.026064 0.019391 0.019391 0.935155
 0.026064 0.019391 0.019391 0.935155
 0.935155 0.019391 0.019391 0.026064
 0.026064 0.019391 0.928482 0.026064
 0.026064 0.928482 0.019391 0.026064

MOTIF 52-GTGGTAAAATAYAC STREME-52
letter-probability matrix: alength= 4 w= 14 nsites= 105 E= 1.2e+000
 0.000427 0.000317 0.994550 0.004706
 0.041675 0.000317 0.000317 0.957691
 0.093235 0.000317 0.885397 0.021051
 0.093235 0.000317 0.895709 0.010739
 0.021051 0.031253 0.010629 0.937066
 0.916442 0.000317 0.062189 0.021051
 0.968003 0.010629 0.010629 0.010739
 0.978315 0.000317 0.000317 0.021051
 0.978315 0.020941 0.000317 0.000427
 0.000427 0.041565 0.010629 0.947378
 0.968003 0.010629 0.010629 0.010739
 0.010739 0.427389 0.010629 0.551243
 0.916442 0.000317 0.082814 0.000427
 0.015018 0.798622 0.000317 0.186043

MOTIF 53-ATAAAATTTACCAT STREME-53
letter-probability matrix: alength= 4 w= 14 nsites= 150 E= 1.2e+000
 0.903678 0.057596 0.038462 0.000264
 0.025775 0.047487 0.006574 0.920165
 0.916433 0.025707 0.025707 0.032152
 0.916433 0.038462 0.012952 0.032152
 0.943029 0.009221 0.025707 0.022044
 0.871790 0.025707 0.032085 0.070419
 0.044908 0.065200 0.028354 0.861538
 0.006642 0.044840 0.089484 0.859034
 0.064041 0.053864 0.063973 0.818121
 0.884546 0.019329 0.063973 0.032152
 0.032152 0.825851 0.038462 0.103535
 0.013019 0.900821 0.006574 0.079585
 0.884545 0.070351 0.012952 0.032152
 0.032152 0.019473 0.012952 0.935423

MOTIF 54-ATTTTTAAA STREME-54
letter-probability matrix: alength= 4 w= 9 nsites= 325 E= 1.3e+000
 0.935155 0.019391 0.019391 0.026064
 0.026064 0.019391 0.019391 0.935155
 0.026064 0.019391 0.019391 0.935155
 0.026064 0.019391 0.019391 0.935155
 0.026064 0.019391 0.019391 0.935155
 0.026064 0.019391 0.019391 0.935155
 0.935155 0.019391 0.019391 0.026064
 0.935155 0.019391 0.019391 0.026064
 0.935155 0.019391 0.019391 0.026064

MOTIF 55-CTGGGTTCAAATCC STREME-55
letter-probability matrix: alength= 4 w= 14 nsites= 238 E= 1.3e+000
 0.038671 0.826656 0.034348 0.100325
 0.055779 0.064288 0.000132 0.879802
 0.013008 0.008686 0.952467 0.025839
 0.245746 0.000132 0.711175 0.042948
 0.145597 0.111336 0.635963 0.107104
 0.051502 0.000132 0.004409 0.943958
 0.000177 0.132721 0.036123 0.830979
 0.004454 0.978129 0.017240 0.000177
 0.801039 0.031846 0.042902 0.124212
 0.952512 0.004409 0.042902 0.000177
 0.909741 0.000132 0.085673 0.004454
 0.004454 0.040400 0.294523 0.660622
 0.038671 0.634188 0.085673 0.241468
 0.034394 0.709400 0.021517 0.234689

MOTIF 56-CCCAATACAGG STREME-56
letter-probability matrix: alength= 4 w= 11 nsites= 48 E= 2.0e+000
 0.001263 0.996535 0.000940 0.001263
 0.001263 0.966010 0.031464 0.001263
 0.001263 0.996535 0.000940 0.001263
 0.984191 0.000940 0.013607 0.001263
 0.996858 0.000940 0.000940 0.001263
 0.001263 0.000940 0.000940 0.996858
 0.996858 0.000940 0.000940 0.001263
 0.001263 0.996535 0.000940 0.001263
 0.996858 0.000940 0.000940 0.001263
 0.001263 0.031464 0.966010 0.001263
 0.001263 0.000940 0.996535 0.001263

MOTIF 57-ACTTTGGGAGGCC STREME-57
letter-probability matrix: alength= 4 w= 13 nsites= 61 E= 2.0e+000
 0.928718 0.000535 0.070028 0.000719
 0.000719 0.945908 0.000535 0.052839
 0.000719 0.000535 0.000535 0.998212
 0.000719 0.000535 0.035282 0.963465
 0.000719 0.000535 0.000535 0.998212
 0.018092 0.017908 0.963281 0.000719
 0.122333 0.000535 0.859041 0.018092
 0.122333 0.000535 0.876414 0.000719
 0.998212 0.000535 0.000535 0.000719
 0.139706 0.035282 0.824294 0.000719
 0.000719 0.000535 0.980654 0.018092
 0.035466 0.893787 0.000535 0.070212
 0.007928 0.851831 0.017908 0.122333

MOTIF 58-AGCCACTATTGTCTG STREME-58
letter-probability matrix: alength= 4 w= 15 nsites= 63 E= 2.0e+000
 0.962544 0.000548 0.018359 0.018548
 0.000737 0.000548 0.997978 0.000737
 0.000737 0.962356 0.000548 0.036359
 0.000737 0.980167 0.018359 0.000737
 0.962544 0.000548 0.036171 0.000737
 0.000737 0.926733 0.036171 0.036359
 0.054171 0.000548 0.000548 0.944733
 0.748809 0.053982 0.196472 0.000737
 0.000737 0.018359 0.000548 0.980355
 0.000737 0.071793 0.000548 0.926922
 0.018548 0.000548 0.962356 0.018548
 0.000737 0.018359 0.000548 0.980355
 0.000737 0.784243 0.018359 0.196661
 0.000737 0.018359 0.000548 0.980355
 0.018548 0.036171 0.944544 0.000737

MOTIF 59-CTGTCTCC STREME-59
letter-probability matrix: alength= 4 w= 8 nsites= 2046 E= 2.7e+000
 0.000668 0.986359 0.011717 0.001257
 0.015401 0.060336 0.075413 0.848851
 0.025200 0.032454 0.896970 0.045376
 0.068640 0.030483 0.004679 0.896199
 0.002119 0.829518 0.096639 0.071723
 0.087889 0.025174 0.036704 0.850233
 0.013697 0.891984 0.019589 0.074730
 0.003112 0.841568 0.052986 0.102333

MOTIF 60-CYAGGAAG STREME-60
letter-probability matrix: alength= 4 w= 8 nsites= 1733 E= 2.7e+000
 0.000401 0.998900 0.000298 0.000401
 0.000401 0.513015 0.185339 0.301244
 0.528410 0.226483 0.244706 0.000401
 0.000401 0.137717 0.861481 0.000401
 0.000401 0.000298 0.998900 0.000401
 0.690287 0.000298 0.000298 0.309116
 0.844986 0.154315 0.000298 0.000401
 0.000401 0.000298 0.998900 0.000401

MOTIF 61-TGAATGAATGAAT STREME-61
letter-probability matrix: alength= 4 w= 13 nsites= 66 E= 3.9e+000
 0.036949 0.054857 0.000557 0.907637
 0.000749 0.036757 0.961745 0.000749
 0.980037 0.000557 0.018657 0.000749
 0.961937 0.036757 0.000557 0.000749
 0.000749 0.000557 0.000557 0.998137
 0.000749 0.018657 0.961745 0.018849
 0.925737 0.000557 0.072957 0.000749
 0.943837 0.000557 0.054857 0.000749
 0.000749 0.091057 0.018657 0.889537
 0.073149 0.000557 0.925545 0.000749
 0.835237 0.036757 0.091057 0.036949
 0.871437 0.036757 0.072957 0.018849
 0.000749 0.058339 0.000557 0.940355

MOTIF 62-AGGCWCAGAGA STREME-62
letter-probability matrix: alength= 4 w= 11 nsites= 386 E= 4.7e+000
 0.919304 0.000162 0.080317 0.000218
 0.059047 0.000162 0.940573 0.000218
 0.109197 0.000162 0.890423 0.000218
 0.060996 0.918140 0.020646 0.000218
 0.397946 0.194243 0.083187 0.324624
 0.067202 0.728399 0.075927 0.128472
 0.856180 0.143440 0.000162 0.000218
 0.000218 0.000162 0.999402 0.000218
 0.809735 0.137160 0.052888 0.000218
 0.127876 0.000162 0.871744 0.000218
 0.934346 0.000162 0.000162 0.065330

MOTIF 63-TACACACCTAGGCTA STREME-63
letter-probability matrix: alength= 4 w= 15 nsites= 56 E= 1.4e+001
 0.063172 0.042181 0.000639 0.894008
 0.894008 0.062952 0.042181 0.000859
 0.021630 0.956100 0.000639 0.021630
 0.977091 0.021410 0.000639 0.000859
 0.063172 0.831475 0.000639 0.104714
 0.956320 0.021410 0.000639 0.021630
 0.021630 0.852246 0.083723 0.042401
 0.000859 0.956100 0.021410 0.021630
 0.000859 0.104494 0.021410 0.873237
 0.956320 0.000639 0.021410 0.021630
 0.000859 0.000639 0.997642 0.000859
 0.021630 0.021410 0.956100 0.000859
 0.021630 0.873017 0.042181 0.063172
 0.042401 0.000639 0.042181 0.914778
 0.790153 0.042181 0.125265 0.042401

********************************************************************************
Stopped because 3 consecutive motifs exceeded the p-value threshold (0.05).
********************************************************************************
COMMAND:	streme --verbosity 1 --oc meme_out_incomplete_DL/HepG2_HLF-human_ENCFF389WFG/streme_out -dna --seed 0 --p meme_out_incomplete_DL/HepG2_HLF-human_ENCFF389WFG/seqs-centered --minw 6 --maxw 15 --time 6139 --order 2 --thresh 0.05 --align center --totallength 4000000 --parse-genomic-coord
********************************************************************************
CPU:		9f05ee173ae9
********************************************************************************
FINALTIME:	3182.17 seconds
********************************************************************************
