********************************************************************************
STREME - Sensitive, Thorough, Rapid, Enriched Motif Elicitation
********************************************************************************
MEME version 5.5.3 (Release date: Sat Jun 10 16:19:38 2023 -0700)

For further information on how to interpret these results please access http://localhost:8080/meme_5.5.3.
To get a copy of the MEME Suite software please access https://meme-suite.org.

********************************************************************************


********************************************************************************
REFERENCE
********************************************************************************
If you use this program in your research, please cite:

Timothy L. Bailey,
"STREME: accurate and versatile sequence motif discovery",
Bioinformatics, Mar. 24, 2021.
********************************************************************************


ALPHABET= ACGT

strands: + -

Background letter frequencies
A 0.289 C 0.211 G 0.211 T 0.289 

MOTIF 1-TRTTTACWTARB STREME-1
letter-probability matrix: alength= 4 w= 12 nsites= 12481 E= 3.3e-208
 0.001691 0.003397 0.000003 0.994909
 0.382161 0.000003 0.617831 0.000004
 0.000004 0.000003 0.000003 0.999989
 0.000004 0.000003 0.003755 0.996237
 0.000004 0.000003 0.262793 0.737200
 0.898293 0.000003 0.101700 0.000004
 0.000004 0.913664 0.000003 0.086328
 0.477147 0.099099 0.007439 0.416315
 0.017811 0.225578 0.048290 0.708321
 0.729360 0.000480 0.010366 0.259793
 0.516973 0.055876 0.311158 0.115993
 0.066637 0.258189 0.430423 0.244752

MOTIF 2-AAAACAAACA STREME-2
letter-probability matrix: alength= 4 w= 10 nsites= 3667 E= 5.4e-034
 0.654055 0.149930 0.006350 0.189665
 0.922253 0.000021 0.077698 0.000029
 0.860092 0.000021 0.117836 0.022051
 0.794620 0.000021 0.205331 0.000029
 0.000029 0.854351 0.000021 0.145600
 0.998853 0.000021 0.001097 0.000029
 0.999930 0.000021 0.000021 0.000029
 0.999930 0.000021 0.000021 0.000029
 0.000029 0.822689 0.000021 0.177261
 0.994529 0.000021 0.005422 0.000029

MOTIF 3-AGCCTGGGCRACAGA STREME-3
letter-probability matrix: alength= 4 w= 15 nsites= 1038 E= 1.4e-026
 0.970910 0.010383 0.016594 0.002113
 0.016605 0.004172 0.968828 0.010395
 0.016605 0.953906 0.002102 0.027387
 0.004184 0.960547 0.002102 0.033168
 0.004184 0.020734 0.006242 0.968840
 0.035238 0.005207 0.951836 0.007719
 0.032562 0.002102 0.957012 0.008324
 0.036703 0.029445 0.908965 0.024887
 0.041449 0.678558 0.013918 0.266075
 0.561598 0.014953 0.414089 0.009359
 0.979796 0.007277 0.011848 0.001078
 0.012465 0.709612 0.014523 0.263399
 0.744819 0.008313 0.238544 0.008324
 0.118479 0.028840 0.772502 0.080179
 0.592223 0.219482 0.137100 0.051195

MOTIF 4-CHRAGRTCA STREME-4
letter-probability matrix: alength= 4 w= 9 nsites= 1835 E= 1.2e-024
 0.000068 0.874862 0.000049 0.125020
 0.308569 0.360875 0.026805 0.303751
 0.533449 0.000049 0.464807 0.001694
 0.996370 0.000049 0.003513 0.000068
 0.000068 0.000049 0.999815 0.000068
 0.485976 0.000049 0.513907 0.000068
 0.000068 0.000049 0.000049 0.999833
 0.000068 0.999815 0.000049 0.000068
 0.823277 0.000049 0.176605 0.000068

MOTIF 5-RTGASTCAY STREME-5
letter-probability matrix: alength= 4 w= 9 nsites= 1416 E= 1.1e-021
 0.496834 0.208654 0.288649 0.005863
 0.000065 0.012191 0.000832 0.986912
 0.000065 0.000048 0.971680 0.028207
 0.995067 0.001271 0.003597 0.000065
 0.030761 0.469239 0.469239 0.030761
 0.000065 0.003597 0.001271 0.995067
 0.028207 0.971680 0.000048 0.000065
 0.986912 0.000832 0.012191 0.000065
 0.005863 0.288649 0.208654 0.496834

MOTIF 6-YGAGACTCYGTCTC STREME-6
letter-probability matrix: alength= 4 w= 14 nsites= 565 E= 8.9e-015
 0.044051 0.493541 0.048025 0.414383
 0.246730 0.019403 0.721793 0.012074
 0.993800 0.002059 0.004058 0.000083
 0.181341 0.022044 0.788537 0.008077
 0.961823 0.008055 0.030039 0.000083
 0.008077 0.939432 0.016049 0.036442
 0.014073 0.274242 0.006056 0.705628
 0.008077 0.903844 0.016049 0.072030
 0.016072 0.353191 0.004058 0.626680
 0.209320 0.016878 0.773718 0.000083
 0.010076 0.004887 0.000061 0.984976
 0.022067 0.947811 0.000061 0.030061
 0.010076 0.008055 0.002059 0.979810
 0.012074 0.979787 0.002059 0.006079

MOTIF 7-GCCTGTAATCCCAGC STREME-7
letter-probability matrix: alength= 4 w= 15 nsites= 530 E= 1.7e-014
 0.192013 0.012719 0.778308 0.016960
 0.006415 0.917506 0.000064 0.076014
 0.000088 0.955470 0.000064 0.044378
 0.012742 0.010609 0.000064 0.976584
 0.080232 0.006391 0.913288 0.000088
 0.002197 0.027482 0.008500 0.961821
 0.955493 0.014828 0.025373 0.004306
 0.909094 0.000064 0.090754 0.000088
 0.006415 0.057009 0.002173 0.934403
 0.008524 0.934379 0.019046 0.038051
 0.006415 0.923834 0.002173 0.067578
 0.004306 0.885870 0.002173 0.107650
 0.993457 0.002173 0.002173 0.002197
 0.067578 0.010609 0.921725 0.000088
 0.021179 0.942815 0.000064 0.035942

MOTIF 8-KGTAAACA STREME-8
letter-probability matrix: alength= 4 w= 8 nsites= 4502 E= 7.9e-014
 0.180720 0.010897 0.284903 0.523480
 0.000051 0.000037 0.999861 0.000051
 0.000051 0.053758 0.000037 0.946154
 0.862020 0.137892 0.000037 0.000051
 0.894832 0.105080 0.000037 0.000051
 0.999875 0.000037 0.000037 0.000051
 0.000051 0.733328 0.000037 0.266583
 0.939972 0.000037 0.044188 0.015803

MOTIF 9-AACTGGGTGGAGCC STREME-9
letter-probability matrix: alength= 4 w= 14 nsites= 414 E= 8.9e-012
 0.972926 0.000082 0.024201 0.002792
 0.986326 0.000082 0.013481 0.000112
 0.021551 0.956816 0.013481 0.008152
 0.013511 0.008121 0.002761 0.975606
 0.021551 0.005441 0.970216 0.002792
 0.000112 0.000082 0.999695 0.000112
 0.002792 0.002761 0.991655 0.002792
 0.010832 0.179637 0.000082 0.809450
 0.048351 0.002761 0.948776 0.000112
 0.010832 0.000082 0.988975 0.000112
 0.983646 0.000082 0.016161 0.000112
 0.010832 0.010801 0.970216 0.008152
 0.000112 0.986295 0.010801 0.002792
 0.018871 0.948776 0.002761 0.029591

MOTIF 10-AGCTCAAGGAGGCCT STREME-10
letter-probability matrix: alength= 4 w= 15 nsites= 305 E= 1.4e-010
 0.984527 0.003886 0.011429 0.000157
 0.007700 0.000115 0.992028 0.000157
 0.011472 0.976941 0.000115 0.011472
 0.000157 0.011429 0.000115 0.988299
 0.003929 0.984484 0.011429 0.000157
 0.973213 0.026515 0.000115 0.000157
 0.852523 0.000115 0.147204 0.000157
 0.019015 0.173605 0.807222 0.000157
 0.162333 0.011429 0.826080 0.000157
 0.995842 0.000115 0.003886 0.000157
 0.003929 0.018972 0.969398 0.007700
 0.034101 0.000115 0.954312 0.011472
 0.011472 0.973170 0.000115 0.015243
 0.003929 0.992028 0.000115 0.003929
 0.011472 0.003886 0.011429 0.973213

MOTIF 11-AGCTTCCYGGCTGCT STREME-11
letter-probability matrix: alength= 4 w= 15 nsites= 336 E= 2.9e-010
 0.966874 0.006658 0.013216 0.013253
 0.095227 0.000100 0.894700 0.009974
 0.003416 0.996348 0.000100 0.000137
 0.000137 0.006658 0.003379 0.989827
 0.000137 0.006658 0.000100 0.993106
 0.000137 0.979953 0.000100 0.019811
 0.000137 0.993069 0.006658 0.000137
 0.099867 0.467074 0.049284 0.383776
 0.135935 0.016495 0.781854 0.065716
 0.008056 0.017855 0.970673 0.003416
 0.013253 0.973395 0.000100 0.013253
 0.062437 0.131258 0.036168 0.770136
 0.046042 0.000100 0.917653 0.036205
 0.000137 0.999627 0.000100 0.000137
 0.000137 0.000100 0.000100 0.999664

MOTIF 12-GGAGTGCAGTGGY STREME-12
letter-probability matrix: alength= 4 w= 13 nsites= 639 E= 4.1e-010
 0.057672 0.020484 0.909854 0.011990
 0.019955 0.023889 0.945869 0.010287
 0.952151 0.000052 0.037511 0.010287
 0.128478 0.007569 0.862179 0.001774
 0.008584 0.003457 0.007569 0.980389
 0.056259 0.001754 0.935105 0.006882
 0.005179 0.958942 0.011970 0.023908
 0.978687 0.003457 0.015376 0.002480
 0.191477 0.006862 0.798184 0.003476
 0.005886 0.006862 0.008565 0.978687
 0.020503 0.005160 0.964050 0.010287
 0.049449 0.000052 0.943618 0.006882
 0.018800 0.594412 0.006862 0.379925

MOTIF 13-AGGYTGCAGTGA STREME-13
letter-probability matrix: alength= 4 w= 12 nsites= 577 E= 1.7e-009
 0.987302 0.000063 0.012548 0.000087
 0.022976 0.000927 0.976011 0.000087
 0.015516 0.024478 0.941192 0.018814
 0.017597 0.529075 0.002144 0.451184
 0.059359 0.000063 0.280618 0.659960
 0.054188 0.000063 0.945662 0.000087
 0.027331 0.955873 0.000063 0.016733
 0.973953 0.005088 0.020871 0.000087
 0.013435 0.000063 0.980842 0.005659
 0.010892 0.275632 0.000063 0.713413
 0.050890 0.000063 0.948960 0.000087
 0.982015 0.000063 0.009511 0.008410

MOTIF 14-CCCCTCCCCCMSCC STREME-14
letter-probability matrix: alength= 4 w= 14 nsites= 2364 E= 1.1e-008
 0.008750 0.895222 0.032034 0.063994
 0.200033 0.643403 0.045721 0.110843
 0.006727 0.954806 0.023211 0.015256
 0.023015 0.891517 0.008946 0.076522
 0.160684 0.003126 0.267994 0.568196
 0.015539 0.860200 0.073200 0.051061
 0.018934 0.769747 0.164823 0.046495
 0.032846 0.827543 0.055906 0.083706
 0.069703 0.811710 0.044669 0.073918
 0.039570 0.813092 0.062210 0.085128
 0.408849 0.226735 0.184986 0.179430
 0.144254 0.290916 0.481862 0.082968
 0.012145 0.848803 0.081929 0.057123
 0.059601 0.810976 0.042610 0.086813

MOTIF 15-CCTGCCTCTGTAGGC STREME-15
letter-probability matrix: alength= 4 w= 15 nsites= 320 E= 3.1e-008
 0.198628 0.769218 0.028462 0.003692
 0.007236 0.971242 0.003652 0.017869
 0.000148 0.000108 0.003652 0.996092
 0.000148 0.003652 0.992508 0.003692
 0.003692 0.967698 0.000108 0.028502
 0.000148 0.988964 0.000108 0.010781
 0.021414 0.000108 0.000108 0.978371
 0.000148 0.967698 0.000108 0.032046
 0.000148 0.007196 0.000108 0.992548
 0.063945 0.152512 0.769218 0.014325
 0.000148 0.024918 0.000108 0.974827
 0.978371 0.003652 0.014285 0.003692
 0.000148 0.000108 0.999596 0.000148
 0.244704 0.007196 0.747952 0.000148
 0.000148 0.829471 0.000108 0.170274

MOTIF 16-CAAAGTCCA STREME-16
letter-probability matrix: alength= 4 w= 9 nsites= 1886 E= 9.7e-008
 0.000079 0.887456 0.000058 0.112407
 0.940674 0.027333 0.031913 0.000079
 0.830495 0.000058 0.169368 0.000079
 0.996233 0.003630 0.000058 0.000079
 0.000079 0.000058 0.999784 0.000079
 0.038218 0.000058 0.000058 0.961667
 0.085447 0.721517 0.000058 0.192978
 0.000079 0.946537 0.004298 0.049087
 0.904065 0.015860 0.031025 0.049050

MOTIF 17-CCACCTCTGGGGGCA STREME-17
letter-probability matrix: alength= 4 w= 15 nsites= 234 E= 1.5e-007
 0.000207 0.999434 0.000151 0.000207
 0.005179 0.994462 0.000151 0.000207
 0.994519 0.000151 0.005123 0.000207
 0.010151 0.964633 0.005123 0.020094
 0.005179 0.969605 0.000151 0.025065
 0.000207 0.005123 0.005123 0.989547
 0.005179 0.984519 0.000151 0.010151
 0.000207 0.010094 0.000151 0.989547
 0.025065 0.015066 0.959661 0.000207
 0.005179 0.005123 0.929832 0.059866
 0.010151 0.010094 0.969605 0.010151
 0.025065 0.005123 0.969605 0.000207
 0.030037 0.000151 0.954690 0.015122
 0.005179 0.984519 0.000151 0.010151
 0.994519 0.000151 0.005123 0.000207

MOTIF 18-AAAAAAAAAAAAAAA STREME-18
letter-probability matrix: alength= 4 w= 15 nsites= 593 E= 8.4e-007
 0.971509 0.000076 0.000076 0.028339
 0.978004 0.000076 0.021816 0.000105
 0.999743 0.000076 0.000076 0.000105
 0.977687 0.000076 0.022132 0.000105
 0.999743 0.000076 0.000076 0.000105
 0.872324 0.000076 0.127495 0.000105
 0.999743 0.000076 0.000076 0.000105
 0.978599 0.000076 0.021220 0.000105
 0.970262 0.000076 0.029557 0.000105
 0.999743 0.000076 0.000076 0.000105
 0.933914 0.034173 0.031808 0.000105
 0.979596 0.000076 0.020223 0.000105
 0.826262 0.007632 0.166002 0.000105
 0.907384 0.000076 0.092435 0.000105
 0.922623 0.026132 0.036103 0.015141

MOTIF 19-AAATATTTGC STREME-19
letter-probability matrix: alength= 4 w= 10 nsites= 533 E= 3.8e-006
 0.903559 0.046507 0.036976 0.012958
 0.982930 0.012643 0.003685 0.000742
 0.972821 0.007618 0.005837 0.013724
 0.000167 0.003948 0.002365 0.993519
 0.951582 0.013769 0.034482 0.000167
 0.001094 0.011860 0.000817 0.986228
 0.008055 0.002811 0.003463 0.985672
 0.048043 0.012149 0.004704 0.935103
 0.016765 0.012913 0.908244 0.062078
 0.084765 0.705285 0.028885 0.181066

MOTIF 20-RTGAGCCACYGYGCC STREME-20
letter-probability matrix: alength= 4 w= 15 nsites= 227 E= 4.7e-006
 0.424647 0.014784 0.555486 0.005082
 0.000204 0.024542 0.002173 0.973082
 0.044111 0.005027 0.950658 0.000204
 0.984864 0.005027 0.000148 0.009961
 0.044111 0.000148 0.955537 0.000204
 0.044111 0.940901 0.014784 0.000204
 0.000204 0.940901 0.005027 0.053869
 0.999500 0.000148 0.000148 0.000204
 0.009961 0.945779 0.000148 0.044111
 0.044111 0.453864 0.024542 0.477483
 0.312438 0.005027 0.667696 0.014840
 0.024597 0.441253 0.009906 0.524245
 0.280312 0.000148 0.665671 0.053869
 0.019718 0.904725 0.000148 0.075408
 0.000204 0.892114 0.009906 0.097777

MOTIF 21-ACTGCTGTGCTAG STREME-21
letter-probability matrix: alength= 4 w= 13 nsites= 251 E= 9.6e-006
 0.965659 0.000147 0.029157 0.005037
 0.000202 0.994614 0.004982 0.000202
 0.000202 0.009817 0.000147 0.989834
 0.014707 0.004982 0.980109 0.000202
 0.000202 0.984944 0.004982 0.009872
 0.009872 0.000147 0.000147 0.989834
 0.048552 0.009817 0.941429 0.000202
 0.005037 0.121024 0.000147 0.873792
 0.071171 0.000147 0.928480 0.000202
 0.005037 0.984944 0.000147 0.009872
 0.005037 0.000147 0.000147 0.994669
 0.762586 0.004982 0.227395 0.005037
 0.009872 0.004982 0.984944 0.000202

MOTIF 22-AGATCAAAG STREME-22
letter-probability matrix: alength= 4 w= 9 nsites= 1166 E= 1.7e-005
 0.866644 0.023531 0.061605 0.048220
 0.000749 0.080612 0.918000 0.000639
 0.842031 0.008357 0.053347 0.096265
 0.075693 0.043395 0.025535 0.855377
 0.018106 0.892881 0.088516 0.000497
 0.923285 0.000854 0.064346 0.011515
 0.926366 0.007065 0.025477 0.041092
 0.844363 0.069838 0.007627 0.078172
 0.007915 0.017477 0.967833 0.006774

MOTIF 23-ACTTTGGGAGGCYRA STREME-23
letter-probability matrix: alength= 4 w= 15 nsites= 233 E= 3.7e-005
 0.960824 0.009817 0.014652 0.014707
 0.000202 0.970439 0.009817 0.019542
 0.000202 0.004982 0.004982 0.989834
 0.000202 0.032436 0.000147 0.967215
 0.005037 0.004982 0.004982 0.984999
 0.024377 0.004982 0.955934 0.014707
 0.048552 0.000147 0.941429 0.009872
 0.034047 0.009817 0.955934 0.000202
 0.989834 0.000147 0.004982 0.005037
 0.077563 0.000147 0.897913 0.024377
 0.014707 0.004982 0.965604 0.014707
 0.000202 0.970439 0.009817 0.019542
 0.038882 0.627149 0.014652 0.319316
 0.414461 0.014652 0.556180 0.014707
 0.941483 0.000147 0.043663 0.014707

MOTIF 24-CAAGCCTCAGYAATG STREME-24
letter-probability matrix: alength= 4 w= 15 nsites= 177 E= 6.0e-004
 0.012749 0.924357 0.056389 0.006505
 0.974382 0.000190 0.018923 0.006505
 0.949405 0.006434 0.018923 0.025238
 0.012749 0.018923 0.961823 0.006505
 0.000261 0.980556 0.006434 0.012749
 0.006505 0.918112 0.006434 0.068949
 0.006505 0.000190 0.006434 0.986871
 0.000261 0.955578 0.006434 0.037727
 0.993115 0.000190 0.006434 0.000261
 0.000261 0.000190 0.999289 0.000261
 0.000261 0.655849 0.012679 0.331212
 0.968138 0.006434 0.018923 0.006505
 0.955649 0.006434 0.018923 0.018994
 0.000261 0.025167 0.000190 0.974382
 0.043971 0.000190 0.930601 0.025238

MOTIF 25-GCCAGGCACTGTG STREME-25
letter-probability matrix: alength= 4 w= 13 nsites= 295 E= 4.6e-003
 0.076810 0.000120 0.862930 0.060141
 0.000165 0.899220 0.015911 0.084705
 0.052452 0.900561 0.009654 0.037332
 0.934793 0.011963 0.015911 0.037332
 0.082396 0.015911 0.901529 0.000165
 0.075171 0.009654 0.895272 0.019903
 0.042041 0.910973 0.042874 0.004112
 0.782846 0.077732 0.088608 0.050814
 0.019903 0.770494 0.045944 0.163659
 0.097043 0.035649 0.179405 0.687902
 0.017594 0.111416 0.838876 0.032114
 0.020871 0.014640 0.081680 0.882809
 0.005751 0.060974 0.808055 0.125220

MOTIF 26-GCAAATA STREME-26
letter-probability matrix: alength= 4 w= 7 nsites= 761 E= 1.6e-002
 0.026291 0.019164 0.928255 0.026291
 0.026291 0.928255 0.019164 0.026291
 0.935382 0.019164 0.019164 0.026291
 0.935382 0.019164 0.019164 0.026291
 0.935382 0.019164 0.019164 0.026291
 0.026291 0.019164 0.019164 0.935382
 0.935382 0.019164 0.019164 0.026291

MOTIF 27-GGYRGGAGGATYRCT STREME-27
letter-probability matrix: alength= 4 w= 15 nsites= 168 E= 2.0e-002
 0.039451 0.006728 0.933959 0.019862
 0.117809 0.000199 0.875190 0.006802
 0.000272 0.516052 0.000199 0.483477
 0.431239 0.006728 0.561761 0.000272
 0.072100 0.026318 0.901310 0.000272
 0.065570 0.000199 0.933959 0.000272
 0.875264 0.039377 0.032848 0.052511
 0.052511 0.000199 0.920899 0.026392
 0.254934 0.019788 0.711946 0.013332
 0.953622 0.000199 0.045907 0.000272
 0.019862 0.078556 0.006728 0.894854
 0.013332 0.568290 0.026318 0.392060
 0.457358 0.026318 0.516052 0.000272
 0.000272 0.888250 0.045907 0.065570
 0.045981 0.052437 0.013258 0.888324

MOTIF 28-AAGGGATCAATKCAA STREME-28
letter-probability matrix: alength= 4 w= 15 nsites= 76 E= 3.8e-002
 0.967222 0.016064 0.000474 0.016240
 0.998401 0.000474 0.000474 0.000650
 0.063010 0.000474 0.842326 0.094190
 0.000650 0.031654 0.935866 0.031830
 0.109779 0.000474 0.889096 0.000650
 0.982811 0.000474 0.016064 0.000650
 0.047420 0.031654 0.000474 0.920452
 0.000650 0.982635 0.016064 0.000650
 0.951632 0.000474 0.031654 0.016240
 0.982811 0.016064 0.000474 0.000650
 0.016240 0.000474 0.000474 0.982811
 0.000650 0.000474 0.390221 0.608655
 0.063010 0.873506 0.000474 0.063010
 0.998401 0.000474 0.000474 0.000650
 0.873682 0.000474 0.125193 0.000650

MOTIF 29-ATGACTAA STREME-29
letter-probability matrix: alength= 4 w= 8 nsites= 265 E= 4.7e-002
 0.935382 0.019164 0.019164 0.026291
 0.026291 0.019164 0.019164 0.935382
 0.026291 0.019164 0.928255 0.026291
 0.935382 0.019164 0.019164 0.026291
 0.026291 0.928255 0.019164 0.026291
 0.026291 0.019164 0.019164 0.935382
 0.935382 0.019164 0.019164 0.026291
 0.935382 0.019164 0.019164 0.026291

MOTIF 30-GCAAACA STREME-30
letter-probability matrix: alength= 4 w= 7 nsites= 1305 E= 5.2e-002
 0.026291 0.019164 0.928255 0.026291
 0.026291 0.928255 0.019164 0.026291
 0.935382 0.019164 0.019164 0.026291
 0.935382 0.019164 0.019164 0.026291
 0.935382 0.019164 0.019164 0.026291
 0.026291 0.928255 0.019164 0.026291
 0.935382 0.019164 0.019164 0.026291

MOTIF 31-AATCAATAA STREME-31
letter-probability matrix: alength= 4 w= 9 nsites= 937 E= 5.4e-002
 0.783726 0.000193 0.215816 0.000264
 0.999350 0.000193 0.000193 0.000264
 0.000264 0.000193 0.000193 0.999350
 0.000264 0.999278 0.000193 0.000264
 0.824048 0.000193 0.104966 0.070793
 0.893676 0.000193 0.000193 0.105939
 0.000264 0.000193 0.000193 0.999350
 0.999350 0.000193 0.000193 0.000264
 0.489509 0.175056 0.240791 0.094644

MOTIF 32-CCACATTCC STREME-32
letter-probability matrix: alength= 4 w= 9 nsites= 826 E= 5.5e-002
 0.085642 0.763859 0.110180 0.040319
 0.040311 0.840831 0.033001 0.085857
 0.948039 0.030222 0.021347 0.000393
 0.055947 0.887713 0.055948 0.000393
 0.943381 0.043898 0.012327 0.000393
 0.000393 0.000286 0.000286 0.999035
 0.033310 0.030773 0.000286 0.935631
 0.000393 0.998929 0.000286 0.000393
 0.000393 0.927020 0.001315 0.071272

MOTIF 33-CAATCTCGGC STREME-33
letter-probability matrix: alength= 4 w= 10 nsites= 145 E= 7.1e-002
 0.000480 0.998689 0.000350 0.000480
 0.883691 0.080940 0.011863 0.023506
 0.998819 0.000350 0.000350 0.000480
 0.000480 0.028154 0.000350 0.971016
 0.000480 0.998689 0.000350 0.000480
 0.087293 0.000350 0.011863 0.900494
 0.000480 0.687850 0.000350 0.311320
 0.147052 0.000350 0.852117 0.000480
 0.000480 0.000350 0.993911 0.005259
 0.000480 0.998689 0.000350 0.000480

MOTIF 34-CCTCCYRGGTTC STREME-34
letter-probability matrix: alength= 4 w= 12 nsites= 157 E= 7.1e-002
 0.000312 0.961802 0.007697 0.030190
 0.000312 0.969271 0.022636 0.007781
 0.037659 0.007697 0.000227 0.954417
 0.000312 0.999150 0.000227 0.000312
 0.000312 0.999150 0.000227 0.000312
 0.000312 0.651514 0.015166 0.333008
 0.382696 0.015166 0.579418 0.022720
 0.007781 0.000227 0.991680 0.000312
 0.000312 0.000227 0.999150 0.000312
 0.000312 0.248160 0.000227 0.751301
 0.007781 0.000227 0.000227 0.991764
 0.007781 0.984210 0.007697 0.000312

MOTIF 35-AAAACAAAACAAAAC STREME-35
letter-probability matrix: alength= 4 w= 15 nsites= 128 E= 7.2e-002
 0.999004 0.000295 0.000295 0.000405
 0.979573 0.010011 0.010011 0.000405
 0.975540 0.023759 0.000295 0.000405
 0.843556 0.097450 0.058588 0.000405
 0.000405 0.989178 0.000295 0.010121
 0.911564 0.048873 0.039157 0.000405
 0.999004 0.000295 0.000295 0.000405
 0.979573 0.010011 0.010011 0.000405
 0.888101 0.048873 0.058588 0.004438
 0.000405 0.969747 0.029442 0.000405
 0.950426 0.039157 0.010011 0.000405
 0.960142 0.000295 0.010011 0.029552
 0.928797 0.027608 0.000295 0.043300
 0.864820 0.056755 0.078019 0.000405
 0.247809 0.741775 0.000295 0.010121

MOTIF 36-TACCATTATGTAA STREME-36
letter-probability matrix: alength= 4 w= 13 nsites= 86 E= 7.6e-002
 0.013094 0.000382 0.000382 0.986142
 0.961003 0.000382 0.038090 0.000524
 0.025663 0.948292 0.025521 0.000524
 0.000524 0.986000 0.000382 0.013094
 0.968356 0.005599 0.012952 0.013094
 0.000524 0.000382 0.000382 0.998711
 0.013094 0.012952 0.000382 0.973573
 0.973573 0.000382 0.025521 0.000524
 0.000524 0.088367 0.100936 0.810172
 0.063371 0.000382 0.923153 0.013094
 0.025663 0.063228 0.000382 0.910726
 0.961003 0.000382 0.038090 0.000524
 0.923296 0.012952 0.025521 0.038232

MOTIF 37-AAAGACAGCAGTAA STREME-37
letter-probability matrix: alength= 4 w= 14 nsites= 102 E= 7.6e-002
 0.998862 0.000337 0.000337 0.000463
 0.987769 0.011431 0.000337 0.000463
 0.987769 0.000337 0.000337 0.011556
 0.011556 0.000337 0.976550 0.011556
 0.965582 0.000337 0.033617 0.000463
 0.033743 0.965457 0.000337 0.000463
 0.987769 0.000337 0.011431 0.000463
 0.011556 0.000337 0.987644 0.000463
 0.022650 0.976550 0.000337 0.000463
 0.987769 0.000337 0.011431 0.000463
 0.022650 0.011431 0.965457 0.000463
 0.011556 0.011431 0.000337 0.976676
 0.987769 0.000337 0.011431 0.000463
 0.976676 0.000337 0.011431 0.011556

MOTIF 38-CAGACTTTAAACCAA STREME-38
letter-probability matrix: alength= 4 w= 15 nsites= 65 E= 7.6e-002
 0.000771 0.960959 0.000562 0.037709
 0.998106 0.000562 0.000562 0.000771
 0.000771 0.000562 0.960959 0.037709
 0.961168 0.000562 0.000562 0.037709
 0.000771 0.997897 0.000562 0.000771
 0.000771 0.000562 0.000562 0.998106
 0.000771 0.000562 0.000562 0.998106
 0.000771 0.000562 0.000562 0.998106
 0.998106 0.000562 0.000562 0.000771
 0.998106 0.000562 0.000562 0.000771
 0.979637 0.000562 0.000562 0.019240
 0.000771 0.942490 0.000562 0.056178
 0.000771 0.997897 0.000562 0.000771
 0.998106 0.000562 0.000562 0.000771
 0.942698 0.000562 0.000562 0.056178

MOTIF 39-GACTAGGATTGCAAC STREME-39
letter-probability matrix: alength= 4 w= 15 nsites= 64 E= 7.6e-002
 0.059473 0.000595 0.939116 0.000816
 0.919785 0.020147 0.059252 0.000816
 0.000816 0.939116 0.020147 0.039921
 0.000816 0.039700 0.000595 0.958890
 0.958890 0.000595 0.039700 0.000816
 0.020368 0.020147 0.958669 0.000816
 0.000816 0.020147 0.958669 0.020368
 0.978442 0.000595 0.020147 0.000816
 0.000816 0.039700 0.000595 0.958890
 0.000816 0.020147 0.000595 0.978442
 0.000816 0.020147 0.978221 0.000816
 0.039921 0.958669 0.000595 0.000816
 0.978442 0.000595 0.000595 0.020368
 0.958890 0.000595 0.039700 0.000816
 0.020368 0.919564 0.000595 0.059473

MOTIF 40-AGTTTACWTW STREME-40
letter-probability matrix: alength= 4 w= 10 nsites= 483 E= 1.0e-001
 0.936573 0.000235 0.062869 0.000323
 0.000323 0.000235 0.999119 0.000323
 0.000323 0.000235 0.035263 0.964179
 0.000323 0.000235 0.083515 0.915927
 0.000323 0.000235 0.000235 0.999207
 0.999207 0.000235 0.000235 0.000323
 0.000323 0.999119 0.000235 0.000323
 0.531216 0.158445 0.018884 0.291455
 0.000323 0.332904 0.000235 0.666538
 0.596809 0.000235 0.000235 0.402720

MOTIF 41-GGYGGATCAC STREME-41
letter-probability matrix: alength= 4 w= 10 nsites= 145 E= 1.3e-001
 0.000401 0.009896 0.989302 0.000401
 0.000401 0.000292 0.998906 0.000401
 0.000401 0.558160 0.000292 0.441148
 0.319431 0.004278 0.675890 0.000401
 0.000401 0.000292 0.998906 0.000401
 0.999015 0.000292 0.000292 0.000401
 0.000401 0.000292 0.000292 0.999015
 0.000401 0.998906 0.000292 0.000401
 0.970203 0.000292 0.029104 0.000401
 0.000401 0.998906 0.000292 0.000401

MOTIF 42-CCACTAGAGGG STREME-42
letter-probability matrix: alength= 4 w= 11 nsites= 119 E= 1.5e-001
 0.023351 0.871409 0.076329 0.028911
 0.000397 0.979908 0.019299 0.000397
 0.932491 0.000289 0.028804 0.038416
 0.000397 0.962078 0.014174 0.023351
 0.033439 0.168841 0.000289 0.797430
 0.989520 0.009794 0.000289 0.000397
 0.000397 0.000289 0.989413 0.009901
 0.972502 0.000289 0.026813 0.000397
 0.026920 0.019299 0.745208 0.208573
 0.028911 0.000289 0.932383 0.038416
 0.000397 0.014932 0.969632 0.015039

MOTIF 43-CAGGAGTTCRAGACC STREME-43
letter-probability matrix: alength= 4 w= 15 nsites= 113 E= 1.5e-001
 0.000389 0.961604 0.000284 0.037722
 0.999043 0.000284 0.000284 0.000389
 0.131054 0.009617 0.858939 0.000389
 0.028389 0.046950 0.924272 0.000389
 0.999043 0.000284 0.000284 0.000389
 0.084388 0.000284 0.914938 0.000389
 0.131054 0.000284 0.074950 0.793712
 0.000389 0.018950 0.000284 0.980376
 0.019056 0.718941 0.037617 0.224386
 0.457717 0.037617 0.504277 0.000389
 0.980376 0.009617 0.009617 0.000389
 0.009723 0.000284 0.980271 0.009723
 0.728380 0.000284 0.261614 0.009723
 0.000389 0.924272 0.009617 0.065722
 0.009723 0.793607 0.000284 0.196387

MOTIF 44-CGAGACTCCGT STREME-44
letter-probability matrix: alength= 4 w= 11 nsites= 192 E= 1.6e-001
 0.021006 0.730321 0.065203 0.183471
 0.170660 0.000210 0.828842 0.000288
 0.964762 0.020928 0.000210 0.014100
 0.055228 0.034739 0.902838 0.007194
 0.911739 0.000210 0.087763 0.000288
 0.000288 0.916343 0.000210 0.083159
 0.000288 0.000210 0.000210 0.999292
 0.055535 0.909437 0.000210 0.034818
 0.000288 0.696737 0.027834 0.275141
 0.278980 0.007116 0.713616 0.000288
 0.000288 0.000210 0.023794 0.975708

MOTIF 45-AGGAAATGA STREME-45
letter-probability matrix: alength= 4 w= 9 nsites= 1562 E= 1.9e-001
 0.943462 0.000270 0.055897 0.000371
 0.000371 0.006861 0.913666 0.079102
 0.000371 0.053622 0.851853 0.094154
 0.963849 0.035510 0.000270 0.000371
 0.999088 0.000270 0.000270 0.000371
 0.829737 0.000270 0.142153 0.027839
 0.000371 0.008568 0.000270 0.990790
 0.102695 0.085045 0.811889 0.000371
 0.858231 0.000270 0.096908 0.044590

MOTIF 46-CACACACACACACAC STREME-46
letter-probability matrix: alength= 4 w= 15 nsites= 445 E= 2.9e-001
 0.012995 0.972472 0.011125 0.003408
 0.970092 0.000155 0.029542 0.000212
 0.054999 0.933254 0.011535 0.000212
 0.925443 0.000155 0.074191 0.000212
 0.000212 0.923616 0.036244 0.039928
 0.871520 0.020495 0.107773 0.000212
 0.035120 0.867144 0.000155 0.097581
 0.810169 0.019535 0.170083 0.000212
 0.000212 0.856686 0.065996 0.077106
 0.972243 0.000155 0.027390 0.000212
 0.005685 0.960286 0.000155 0.033874
 0.854990 0.017520 0.114504 0.012986
 0.089261 0.804718 0.019015 0.087006
 0.966567 0.020353 0.012867 0.000212
 0.000212 0.999421 0.000155 0.000212

MOTIF 47-CAAGAAGAGCTAA STREME-47
letter-probability matrix: alength= 4 w= 13 nsites= 77 E= 3.0e-001
 0.015287 0.983654 0.000446 0.000612
 0.998495 0.000446 0.000446 0.000612
 0.969146 0.000446 0.029796 0.000612
 0.029962 0.073820 0.895606 0.000612
 0.998495 0.000446 0.000446 0.000612
 0.939796 0.000446 0.059145 0.000612
 0.000612 0.000446 0.998329 0.000612
 0.969146 0.000446 0.000446 0.029962
 0.000612 0.015121 0.968980 0.015287
 0.029962 0.968980 0.000446 0.000612
 0.000612 0.059145 0.015121 0.925121
 0.954471 0.000446 0.044471 0.000612
 0.969146 0.015121 0.000446 0.015287

MOTIF 48-CAAAGGGCAG STREME-48
letter-probability matrix: alength= 4 w= 10 nsites= 386 E= 3.7e-001
 0.000413 0.885908 0.052986 0.060692
 0.951599 0.010206 0.024223 0.013972
 0.959245 0.000301 0.032853 0.007601
 0.947575 0.011129 0.004811 0.036485
 0.052176 0.000301 0.942773 0.004749
 0.018025 0.001223 0.858095 0.122657
 0.033129 0.033683 0.932775 0.000413
 0.060692 0.915743 0.000983 0.022581
 0.977663 0.000301 0.021034 0.001002
 0.236036 0.010206 0.676861 0.076897

MOTIF 49-CATTCATTCATTCA STREME-49
letter-probability matrix: alength= 4 w= 14 nsites= 216 E= 4.1e-001
 0.021871 0.670868 0.056974 0.250287
 0.874511 0.062139 0.000157 0.063193
 0.000216 0.046644 0.046644 0.906497
 0.000216 0.073004 0.072469 0.854311
 0.005381 0.900008 0.000157 0.094454
 0.963314 0.000157 0.036313 0.000216
 0.000216 0.015653 0.000157 0.983975
 0.020876 0.043200 0.036313 0.899610
 0.000216 0.901274 0.005322 0.093188
 0.983975 0.010487 0.000157 0.005381
 0.100497 0.149947 0.036313 0.713242
 0.000216 0.261533 0.026978 0.711273
 0.139792 0.668856 0.049533 0.141819
 0.911662 0.041478 0.000157 0.046702

MOTIF 50-AACCYACAGAATGRG STREME-50
letter-probability matrix: alength= 4 w= 15 nsites= 76 E= 4.6e-001
 0.998625 0.000408 0.000408 0.000560
 0.944976 0.027232 0.013820 0.013972
 0.013972 0.931412 0.000408 0.054208
 0.027384 0.958236 0.000408 0.013972
 0.000560 0.354690 0.027232 0.617518
 0.971800 0.027232 0.000408 0.000560
 0.013972 0.918000 0.013820 0.054208
 0.944976 0.040644 0.013820 0.000560
 0.040796 0.013820 0.931412 0.013972
 0.971800 0.000408 0.027232 0.000560
 0.851091 0.000408 0.107705 0.040796
 0.040796 0.080881 0.013820 0.864503
 0.081032 0.027232 0.850939 0.040796
 0.362687 0.027232 0.555872 0.054208
 0.126835 0.000408 0.818549 0.054208

MOTIF 51-GAGAGAGAGAGAGA STREME-51
letter-probability matrix: alength= 4 w= 14 nsites= 265 E= 5.7e-001
 0.009382 0.000140 0.981097 0.009382
 0.981149 0.013925 0.000140 0.004787
 0.194152 0.013925 0.787137 0.004787
 0.710402 0.013925 0.266292 0.009382
 0.000192 0.046634 0.948387 0.004787
 0.920923 0.004735 0.074151 0.000192
 0.217794 0.000140 0.781875 0.000192
 0.830998 0.000140 0.168670 0.000192
 0.064521 0.123463 0.798040 0.013976
 0.967364 0.000140 0.032304 0.000192
 0.133687 0.027709 0.838412 0.000192
 0.848287 0.013925 0.123812 0.013976
 0.055745 0.000140 0.943923 0.000192
 0.959236 0.000140 0.007440 0.033184

MOTIF 52-CATTTCTCAGAAT STREME-52
letter-probability matrix: alength= 4 w= 13 nsites= 59 E= 6.1e-001
 0.001088 0.997032 0.000793 0.001088
 0.997327 0.000793 0.000793 0.001088
 0.001088 0.000793 0.000793 0.997327
 0.027154 0.026860 0.000793 0.945193
 0.027154 0.026860 0.026860 0.919126
 0.001088 0.970965 0.026860 0.001088
 0.044829 0.078993 0.000793 0.875385
 0.001088 0.944898 0.000793 0.053221
 0.971260 0.000793 0.026860 0.001088
 0.001088 0.000793 0.997032 0.001088
 0.919126 0.052927 0.026860 0.001088
 0.971260 0.026860 0.000793 0.001088
 0.001088 0.171284 0.000793 0.826836

MOTIF 53-GGAGACTTTAACAC STREME-53
letter-probability matrix: alength= 4 w= 14 nsites= 54 E= 6.1e-001
 0.102169 0.000769 0.896008 0.001055
 0.036825 0.000769 0.961352 0.001055
 0.972129 0.000769 0.026047 0.001055
 0.001055 0.000769 0.997122 0.001055
 0.997408 0.000769 0.000769 0.001055
 0.001055 0.997122 0.000769 0.001055
 0.001055 0.000769 0.000769 0.997408
 0.026333 0.000769 0.000769 0.972129
 0.001055 0.202997 0.000769 0.795180
 0.997408 0.000769 0.000769 0.001055
 0.972129 0.026047 0.000769 0.001055
 0.051612 0.784402 0.026047 0.137939
 0.997408 0.000769 0.000769 0.001055
 0.001055 0.946565 0.051326 0.001055

MOTIF 54-TAAATATATATGCAC STREME-54
letter-probability matrix: alength= 4 w= 15 nsites= 58 E= 6.1e-001
 0.000832 0.020549 0.000607 0.978012
 0.978012 0.000607 0.000607 0.020775
 0.918185 0.000607 0.000607 0.080602
 0.958070 0.020549 0.020549 0.000832
 0.000832 0.040491 0.000607 0.958070
 0.958070 0.020549 0.020549 0.000832
 0.000832 0.020549 0.020549 0.958070
 0.938128 0.000607 0.060434 0.000832
 0.000832 0.040491 0.000607 0.958070
 0.997955 0.000607 0.000607 0.000832
 0.000832 0.040491 0.040491 0.918185
 0.000832 0.000607 0.997729 0.000832
 0.000832 0.898017 0.000607 0.100544
 0.997955 0.000607 0.000607 0.000832
 0.020775 0.878075 0.060434 0.040717

MOTIF 55-AATCTGGGTGCTCCT STREME-55
letter-probability matrix: alength= 4 w= 15 nsites= 46 E= 6.1e-001
 0.997312 0.000797 0.000797 0.001094
 0.997312 0.000797 0.000797 0.001094
 0.001094 0.000797 0.000797 0.997312
 0.001094 0.997015 0.000797 0.001094
 0.001094 0.027014 0.000797 0.971095
 0.053526 0.000797 0.944582 0.001094
 0.001094 0.000797 0.997015 0.001094
 0.053526 0.000797 0.944582 0.001094
 0.001094 0.000797 0.000797 0.997312
 0.027310 0.027014 0.918366 0.027310
 0.027310 0.970799 0.000797 0.001094
 0.001094 0.000797 0.000797 0.997312
 0.027310 0.944582 0.000797 0.027310
 0.027310 0.970799 0.000797 0.001094
 0.053526 0.000797 0.000797 0.944879

MOTIF 56-AAAGCAAGTCCTTAG STREME-56
letter-probability matrix: alength= 4 w= 15 nsites= 40 E= 6.1e-001
 0.934590 0.000946 0.032056 0.032408
 0.996810 0.000946 0.000946 0.001298
 0.996810 0.000946 0.000946 0.001298
 0.032408 0.000946 0.965348 0.001298
 0.001298 0.996458 0.000946 0.001298
 0.965700 0.000946 0.032056 0.001298
 0.996810 0.000946 0.000946 0.001298
 0.032408 0.032056 0.934238 0.001298
 0.001298 0.032056 0.000946 0.965700
 0.001298 0.903129 0.032056 0.063517
 0.001298 0.965348 0.032056 0.001298
 0.032408 0.000946 0.000946 0.965700
 0.001298 0.000946 0.218714 0.779042
 0.996810 0.000946 0.000946 0.001298
 0.032408 0.032056 0.934238 0.001298

MOTIF 57-CACGTGGC STREME-57
letter-probability matrix: alength= 4 w= 8 nsites= 260 E= 7.8e-001
 0.014726 0.908145 0.049233 0.027896
 0.939912 0.000357 0.023706 0.036025
 0.000490 0.998664 0.000357 0.000490
 0.000490 0.000357 0.998664 0.000490
 0.016057 0.012641 0.000357 0.970945
 0.009736 0.012090 0.948397 0.029777
 0.221436 0.000357 0.621882 0.156325
 0.000490 0.857106 0.000357 0.142047

MOTIF 58-ACTTTGGGA STREME-58
letter-probability matrix: alength= 4 w= 9 nsites= 97 E= 8.4e-001
 0.935382 0.019164 0.019164 0.026291
 0.026291 0.928255 0.019164 0.026291
 0.026291 0.019164 0.019164 0.935382
 0.026291 0.019164 0.019164 0.935382
 0.026291 0.019164 0.019164 0.935382
 0.026291 0.019164 0.928255 0.026291
 0.026291 0.019164 0.928255 0.026291
 0.026291 0.019164 0.928255 0.026291
 0.935382 0.019164 0.019164 0.026291

MOTIF 59-AGACAAAGAAGGSCA STREME-59
letter-probability matrix: alength= 4 w= 15 nsites= 59 E= 1.2e+000
 0.921323 0.038938 0.038938 0.000800
 0.019978 0.019761 0.959461 0.000800
 0.978856 0.000583 0.019761 0.000800
 0.039155 0.940284 0.000583 0.019978
 0.998033 0.000583 0.000583 0.000800
 0.998033 0.000583 0.000583 0.000800
 0.978856 0.000583 0.000583 0.019978
 0.000800 0.019761 0.959461 0.019978
 0.998033 0.000583 0.000583 0.000800
 0.998033 0.000583 0.000583 0.000800
 0.019978 0.019761 0.959461 0.000800
 0.000800 0.000583 0.997816 0.000800
 0.000800 0.595088 0.403312 0.000800
 0.000800 0.978639 0.000583 0.019978
 0.978856 0.000583 0.019761 0.000800

MOTIF 60-CTCAGCTCTGC STREME-60
letter-probability matrix: alength= 4 w= 11 nsites= 71 E= 1.5e+000
 0.020523 0.978055 0.000599 0.000822
 0.000822 0.000599 0.030950 0.967629
 0.020523 0.976222 0.000599 0.002656
 0.983535 0.011249 0.004394 0.000822
 0.144092 0.000599 0.598367 0.256942
 0.020523 0.978056 0.000599 0.000822
 0.000822 0.000599 0.040002 0.958576
 0.040225 0.958354 0.000599 0.000822
 0.000822 0.020301 0.020301 0.958576
 0.011472 0.000599 0.987107 0.000822
 0.000822 0.997757 0.000599 0.000822

MOTIF 61-ATGAWTCA STREME-61
letter-probability matrix: alength= 4 w= 8 nsites= 696 E= 1.5e+000
 0.998233 0.000524 0.000524 0.000719
 0.000719 0.011781 0.000524 0.986976
 0.000719 0.000524 0.998038 0.000719
 0.998233 0.000524 0.000524 0.000719
 0.391941 0.000524 0.000524 0.607011
 0.000719 0.001299 0.000524 0.997458
 0.156669 0.842088 0.000524 0.000719
 0.985036 0.000524 0.013721 0.000719

MOTIF 62-ATCGATKC STREME-62
letter-probability matrix: alength= 4 w= 8 nsites= 62 E= 1.5e+000
 0.940076 0.000814 0.057995 0.001116
 0.001116 0.000814 0.000814 0.997257
 0.001116 0.996954 0.000814 0.001116
 0.001116 0.000814 0.996954 0.001116
 0.997257 0.000814 0.000814 0.001116
 0.051020 0.008827 0.000814 0.939340
 0.032378 0.149184 0.529739 0.288699
 0.074101 0.843492 0.081291 0.001116

MOTIF 63-CAAGGTCA STREME-63
letter-probability matrix: alength= 4 w= 8 nsites= 2547 E= 2.0e+000
 0.043175 0.855232 0.092683 0.008909
 0.873331 0.030699 0.066712 0.029258
 0.904672 0.011693 0.082064 0.001572
 0.033435 0.026028 0.939902 0.000635
 0.003735 0.000175 0.985864 0.010226
 0.050799 0.110675 0.010880 0.827646
 0.026365 0.863583 0.007040 0.103011
 0.876818 0.052719 0.040664 0.029800

MOTIF 64-ACTTCCTG STREME-64
letter-probability matrix: alength= 4 w= 8 nsites= 267 E= 2.2e+000
 0.935382 0.019164 0.019164 0.026291
 0.026291 0.928255 0.019164 0.026291
 0.026291 0.019164 0.019164 0.935382
 0.026291 0.019164 0.019164 0.935382
 0.026291 0.928255 0.019164 0.026291
 0.026291 0.928255 0.019164 0.026291
 0.026291 0.019164 0.019164 0.935382
 0.026291 0.019164 0.928255 0.026291

MOTIF 65-AGTCTGCAGA STREME-65
letter-probability matrix: alength= 4 w= 10 nsites= 52 E= 2.4e+000
 0.935382 0.019164 0.019164 0.026291
 0.026291 0.019164 0.928255 0.026291
 0.026291 0.019164 0.019164 0.935382
 0.026291 0.928255 0.019164 0.026291
 0.026291 0.019164 0.019164 0.935382
 0.026291 0.019164 0.928255 0.026291
 0.026291 0.928255 0.019164 0.026291
 0.935382 0.019164 0.019164 0.026291
 0.026291 0.019164 0.928255 0.026291
 0.935382 0.019164 0.019164 0.026291

MOTIF 66-CAACTACTCA STREME-66
letter-probability matrix: alength= 4 w= 10 nsites= 51 E= 2.4e+000
 0.026291 0.928255 0.019164 0.026291
 0.935382 0.019164 0.019164 0.026291
 0.935382 0.019164 0.019164 0.026291
 0.026291 0.928255 0.019164 0.026291
 0.026291 0.019164 0.019164 0.935382
 0.935382 0.019164 0.019164 0.026291
 0.026291 0.928255 0.019164 0.026291
 0.026291 0.019164 0.019164 0.935382
 0.026291 0.928255 0.019164 0.026291
 0.935382 0.019164 0.019164 0.026291

MOTIF 67-ACCTACAAAGAGA STREME-67
letter-probability matrix: alength= 4 w= 13 nsites= 41 E= 2.4e+000
 0.997312 0.000797 0.000797 0.001094
 0.053526 0.892150 0.000797 0.053526
 0.001094 0.970799 0.027014 0.001094
 0.053526 0.027014 0.000797 0.918663
 0.971095 0.000797 0.027014 0.001094
 0.027310 0.944582 0.027014 0.001094
 0.918663 0.000797 0.027014 0.053526
 0.971095 0.000797 0.000797 0.027310
 0.892447 0.027014 0.053230 0.027310
 0.001094 0.000797 0.970799 0.027310
 0.997312 0.000797 0.000797 0.001094
 0.001094 0.000797 0.997015 0.001094
 0.997312 0.000797 0.000797 0.001094

MOTIF 68-ACACAATAATAATG STREME-68
letter-probability matrix: alength= 4 w= 14 nsites= 52 E= 2.4e+000
 0.975577 0.000674 0.022825 0.000924
 0.023075 0.975327 0.000674 0.000924
 0.931275 0.000674 0.067127 0.000924
 0.023075 0.931024 0.044976 0.000924
 0.953426 0.000674 0.044976 0.000924
 0.820519 0.000674 0.022825 0.155983
 0.000924 0.000674 0.000674 0.997728
 0.975577 0.000674 0.022825 0.000924
 0.997728 0.000674 0.000674 0.000924
 0.045227 0.000674 0.000674 0.953426
 0.997728 0.000674 0.000674 0.000924
 0.754065 0.022825 0.222186 0.000924
 0.000924 0.000674 0.000674 0.997728
 0.000924 0.000674 0.997478 0.000924

MOTIF 69-GAGGGGAAAACYGCC STREME-69
letter-probability matrix: alength= 4 w= 15 nsites= 66 E= 2.4e+000
 0.000640 0.000467 0.998252 0.000640
 0.937024 0.000467 0.015817 0.046692
 0.015991 0.015817 0.936850 0.031342
 0.000640 0.031168 0.936850 0.031342
 0.000640 0.000467 0.982902 0.015991
 0.000640 0.046518 0.767994 0.184847
 0.921673 0.000467 0.077220 0.000640
 0.998426 0.000467 0.000467 0.000640
 0.983075 0.000467 0.000467 0.015991
 0.983075 0.000467 0.015817 0.000640
 0.000640 0.906149 0.000467 0.092744
 0.015991 0.568437 0.000467 0.415105
 0.246249 0.000467 0.721942 0.031342
 0.015991 0.967551 0.000467 0.015991
 0.015991 0.936850 0.015817 0.031342

MOTIF 70-ACTCRGGAGGCTGA STREME-70
letter-probability matrix: alength= 4 w= 14 nsites= 91 E= 2.6e+000
 0.961288 0.000379 0.012857 0.025476
 0.025476 0.923714 0.025334 0.025476
 0.000521 0.025334 0.012857 0.961288
 0.012998 0.786462 0.025334 0.175206
 0.586963 0.012857 0.324794 0.075386
 0.075386 0.012857 0.898759 0.012998
 0.012998 0.000379 0.973624 0.012998
 0.936333 0.025334 0.012857 0.025476
 0.037953 0.000379 0.898759 0.062908
 0.037953 0.012857 0.936192 0.012998
 0.025476 0.961147 0.000379 0.012998
 0.025476 0.012857 0.012857 0.948810
 0.025476 0.012857 0.936192 0.025476
 0.973765 0.000379 0.025334 0.000521

MOTIF 71-CAACAACAACAAAA STREME-71
letter-probability matrix: alength= 4 w= 14 nsites= 68 E= 2.7e+000
 0.000774 0.997889 0.000564 0.000774
 0.979558 0.000564 0.019105 0.000774
 0.979558 0.019105 0.000564 0.000774
 0.000774 0.997889 0.000564 0.000774
 0.942476 0.037646 0.019105 0.000774
 0.979558 0.000564 0.000564 0.019315
 0.000774 0.960807 0.000564 0.037855
 0.998099 0.000564 0.000564 0.000774
 0.979558 0.000564 0.000564 0.019315
 0.000774 0.997889 0.000564 0.000774
 0.998099 0.000564 0.000564 0.000774
 0.979558 0.000564 0.019105 0.000774
 0.775608 0.148891 0.074728 0.000774
 0.979558 0.000564 0.000564 0.019315

MOTIF 72-GCAAAGGACATGAA STREME-72
letter-probability matrix: alength= 4 w= 14 nsites= 53 E= 2.7e+000
 0.023075 0.000674 0.975327 0.000924
 0.023075 0.908873 0.000674 0.067378
 0.798368 0.000674 0.022825 0.178134
 0.953426 0.000674 0.044976 0.000924
 0.997728 0.000674 0.000674 0.000924
 0.045227 0.000674 0.931024 0.023075
 0.045227 0.000674 0.931024 0.023075
 0.975577 0.022825 0.000674 0.000924
 0.000924 0.953175 0.022825 0.023075
 0.975577 0.000674 0.022825 0.000924
 0.000924 0.089278 0.000674 0.909124
 0.023075 0.044976 0.931024 0.000924
 0.997728 0.000674 0.000674 0.000924
 0.909124 0.000674 0.044976 0.045227

MOTIF 73-CTACTACACACCTAG STREME-73
letter-probability matrix: alength= 4 w= 15 nsites= 62 E= 2.7e+000
 0.000785 0.960224 0.000572 0.038419
 0.057235 0.038206 0.038206 0.866353
 0.885170 0.019389 0.057022 0.038419
 0.000785 0.847324 0.038206 0.113685
 0.000785 0.019389 0.000572 0.979254
 0.866353 0.019389 0.094656 0.019602
 0.000785 0.941407 0.000572 0.057235
 0.979254 0.000572 0.019389 0.000785
 0.000785 0.922591 0.000572 0.076052
 0.998070 0.000572 0.000572 0.000785
 0.038419 0.866141 0.000572 0.094869
 0.019602 0.941407 0.019389 0.019602
 0.000785 0.038206 0.000572 0.960437
 0.922804 0.000572 0.075839 0.000785
 0.057235 0.019389 0.884957 0.038419

MOTIF 74-AAGTACACA STREME-74
letter-probability matrix: alength= 4 w= 9 nsites= 155 E= 3.4e+000
 0.935382 0.019164 0.019164 0.026291
 0.935382 0.019164 0.019164 0.026291
 0.026291 0.019164 0.928255 0.026291
 0.026291 0.019164 0.019164 0.935382
 0.935382 0.019164 0.019164 0.026291
 0.026291 0.928255 0.019164 0.026291
 0.935382 0.019164 0.019164 0.026291
 0.026291 0.928255 0.019164 0.026291
 0.935382 0.019164 0.019164 0.026291

MOTIF 75-GGGAAGGAA STREME-75
letter-probability matrix: alength= 4 w= 9 nsites= 997 E= 3.8e+000
 0.114743 0.012908 0.871900 0.000448
 0.157966 0.011065 0.830521 0.000448
 0.119713 0.000327 0.879513 0.000448
 0.924663 0.000327 0.036771 0.038239
 0.991569 0.007656 0.000327 0.000448
 0.065406 0.004306 0.929839 0.000448
 0.000448 0.000327 0.998777 0.000448
 0.811651 0.038212 0.116588 0.033550
 0.833632 0.031905 0.070628 0.063834

MOTIF 76-ACAAACCTAGATRGT STREME-76
letter-probability matrix: alength= 4 w= 15 nsites= 54 E= 4.9e+000
 0.911093 0.044001 0.044001 0.000904
 0.000904 0.975861 0.022330 0.000904
 0.976106 0.000659 0.022330 0.000904
 0.954435 0.022330 0.022330 0.000904
 0.997778 0.000659 0.000659 0.000904
 0.065918 0.824163 0.044001 0.065918
 0.022575 0.910848 0.022330 0.044247
 0.065918 0.065673 0.000659 0.867751
 0.889422 0.000659 0.087344 0.022575
 0.000904 0.000659 0.975861 0.022575
 0.976106 0.000659 0.022330 0.000904
 0.000904 0.065673 0.000659 0.932764
 0.347643 0.000659 0.629123 0.022575
 0.087589 0.000659 0.845834 0.065918
 0.000904 0.130686 0.044001 0.824408

MOTIF 77-AATATTTAC STREME-77
letter-probability matrix: alength= 4 w= 9 nsites= 163 E= 1.0e+001
 0.972176 0.000583 0.010206 0.017034
 0.947294 0.020111 0.015560 0.017034
 0.000413 0.258903 0.007573 0.733111
 0.978848 0.020438 0.000301 0.000413
 0.025920 0.009885 0.026374 0.937821
 0.001647 0.044312 0.040588 0.913454
 0.028693 0.065218 0.172069 0.734020
 0.978008 0.021278 0.000301 0.000413
 0.049249 0.838971 0.043263 0.068516

MOTIF 78-GCGCATGCGC STREME-78
letter-probability matrix: alength= 4 w= 10 nsites= 55 E= 3.9e+001
 0.026291 0.019164 0.928255 0.026291
 0.026291 0.928255 0.019164 0.026291
 0.026291 0.019164 0.928255 0.026291
 0.026291 0.928255 0.019164 0.026291
 0.935382 0.019164 0.019164 0.026291
 0.026291 0.019164 0.019164 0.935382
 0.026291 0.019164 0.928255 0.026291
 0.026291 0.928255 0.019164 0.026291
 0.026291 0.019164 0.928255 0.026291
 0.026291 0.928255 0.019164 0.026291

********************************************************************************
Stopped because 3 consecutive motifs exceeded the p-value threshold (0.05).
********************************************************************************
COMMAND:	streme --verbosity 1 --oc meme_out_incomplete_DL/HepG2_FOXA2-human_ENCFF589WTM/streme_out -dna --seed 0 --p meme_out_incomplete_DL/HepG2_FOXA2-human_ENCFF589WTM/seqs-centered --minw 6 --maxw 15 --time 6145 --order 2 --thresh 0.05 --align center --totallength 4000000 --parse-genomic-coord
********************************************************************************
CPU:		9f05ee173ae9
********************************************************************************
FINALTIME:	4004.61 seconds
********************************************************************************
