********************************************************************************
STREME - Sensitive, Thorough, Rapid, Enriched Motif Elicitation
********************************************************************************
MEME version 5.5.3 (Release date: Sat Jun 10 16:19:38 2023 -0700)

For further information on how to interpret these results please access http://localhost:8080/meme_5.5.3.
To get a copy of the MEME Suite software please access https://meme-suite.org.

********************************************************************************


********************************************************************************
REFERENCE
********************************************************************************
If you use this program in your research, please cite:

Timothy L. Bailey,
"STREME: accurate and versatile sequence motif discovery",
Bioinformatics, Mar. 24, 2021.
********************************************************************************


ALPHABET= ACGT

strands: + -

Background letter frequencies
A 0.199 C 0.301 G 0.301 T 0.199 

MOTIF 1-NRRTGACGTCAYYN STREME-1
letter-probability matrix: alength= 4 w= 14 nsites= 1640 E= 7.8e-026
 0.208591 0.334041 0.275789 0.181579
 0.227462 0.196930 0.449220 0.126387
 0.423659 0.168972 0.383455 0.023914
 0.000019 0.022577 0.000029 0.977374
 0.001702 0.000702 0.868345 0.129251
 0.948432 0.000029 0.035029 0.016510
 0.017183 0.689624 0.143052 0.150141
 0.150141 0.143052 0.689624 0.017183
 0.016510 0.035029 0.000029 0.948432
 0.129251 0.868345 0.000702 0.001702
 0.977374 0.000029 0.022577 0.000019
 0.023914 0.383455 0.168972 0.423659
 0.126387 0.449220 0.196930 0.227462
 0.181579 0.275789 0.334041 0.208591

MOTIF 2-GTAAACAW STREME-2
letter-probability matrix: alength= 4 w= 8 nsites= 960 E= 8.0e-008
 0.150769 0.000164 0.789598 0.059469
 0.000108 0.145571 0.000164 0.854157
 0.999563 0.000164 0.000164 0.000108
 0.999563 0.000164 0.000164 0.000108
 0.999563 0.000164 0.000164 0.000108
 0.000108 0.718556 0.000164 0.281171
 0.980756 0.000164 0.018971 0.000108
 0.239799 0.172479 0.156474 0.431247

MOTIF 3-CTGGGATTACAGGCR STREME-3
letter-probability matrix: alength= 4 w= 15 nsites= 277 E= 1.5e-007
 0.004145 0.947205 0.000175 0.048474
 0.012205 0.000175 0.000175 0.987444
 0.096833 0.008235 0.894816 0.000115
 0.080714 0.008235 0.886756 0.024295
 0.068624 0.000175 0.931085 0.000115
 0.963265 0.004205 0.024355 0.008175
 0.000115 0.274209 0.016295 0.709380
 0.000115 0.060624 0.004205 0.935055
 0.943115 0.032415 0.024355 0.000115
 0.012205 0.918996 0.008235 0.060564
 0.971325 0.000175 0.016295 0.012205
 0.068624 0.000175 0.931085 0.000115
 0.052504 0.020325 0.910936 0.016235
 0.004145 0.749739 0.004205 0.241910
 0.435346 0.016295 0.520034 0.028325

MOTIF 4-CCCCGCCCCC STREME-4
letter-probability matrix: alength= 4 w= 10 nsites= 1586 E= 4.0e-007
 0.000061 0.926088 0.000092 0.073759
 0.057451 0.942396 0.000092 0.000061
 0.000061 0.999786 0.000092 0.000061
 0.000061 0.999786 0.000092 0.000061
 0.297791 0.000092 0.702056 0.000061
 0.111396 0.873153 0.015391 0.000061
 0.000061 0.999786 0.000092 0.000061
 0.000061 0.750807 0.016506 0.232627
 0.062177 0.840908 0.000092 0.096823
 0.125902 0.583715 0.108451 0.181932

MOTIF 5-CAAAGTYCAN STREME-5
letter-probability matrix: alength= 4 w= 10 nsites= 885 E= 8.8e-007
 0.008927 0.926500 0.000107 0.064465
 0.908835 0.038264 0.032969 0.019933
 0.837626 0.000107 0.140016 0.022251
 0.943659 0.012808 0.043462 0.000070
 0.000070 0.000107 0.966991 0.032832
 0.044617 0.023561 0.112082 0.819739
 0.016564 0.614808 0.039166 0.329462
 0.035235 0.920066 0.005024 0.039675
 0.892301 0.050031 0.000107 0.057560
 0.251793 0.254972 0.306394 0.186840

MOTIF 6-AGACRGRGTYTCRCT STREME-6
letter-probability matrix: alength= 4 w= 15 nsites= 218 E= 5.9e-005
 0.946187 0.000211 0.024417 0.029186
 0.048551 0.005052 0.941417 0.004980
 0.960710 0.000211 0.014734 0.024345
 0.009821 0.786498 0.000211 0.203470
 0.544365 0.009893 0.435921 0.009821
 0.087281 0.009893 0.902688 0.000139
 0.326510 0.014734 0.648935 0.009821
 0.053392 0.009893 0.907529 0.029186
 0.000139 0.009893 0.000211 0.989758
 0.009821 0.585999 0.000211 0.403970
 0.004980 0.000211 0.019575 0.975234
 0.009821 0.762292 0.000211 0.227676
 0.573412 0.043782 0.339096 0.043710
 0.034027 0.859117 0.024417 0.082439
 0.009821 0.297535 0.014734 0.677910

MOTIF 7-CAGCCTGGGCAACA STREME-7
letter-probability matrix: alength= 4 w= 14 nsites= 217 E= 1.5e-004
 0.000123 0.935345 0.004468 0.060065
 0.990942 0.008749 0.000186 0.000123
 0.034375 0.000186 0.943908 0.021530
 0.004404 0.948190 0.000186 0.047220
 0.008686 0.948190 0.000186 0.042938
 0.004404 0.055847 0.000186 0.939563
 0.030094 0.017313 0.939627 0.012967
 0.081472 0.004468 0.901092 0.012967
 0.025812 0.261362 0.704140 0.008686
 0.004404 0.721267 0.025876 0.248454
 0.644135 0.025876 0.321304 0.008686
 0.969534 0.000186 0.017313 0.012967
 0.027589 0.946413 0.004468 0.021530
 0.929223 0.008749 0.030157 0.031871

MOTIF 8-AACTCCTGRSCTCA STREME-8
letter-probability matrix: alength= 4 w= 14 nsites= 238 E= 2.1e-004
 0.923401 0.009713 0.066750 0.000136
 0.745564 0.147553 0.042985 0.063899
 0.009642 0.909212 0.004960 0.076186
 0.000136 0.052491 0.004960 0.942413
 0.019148 0.931005 0.042985 0.006862
 0.000136 0.947237 0.009713 0.042914
 0.000136 0.076256 0.014466 0.909142
 0.014395 0.019219 0.966249 0.000136
 0.477418 0.009713 0.512733 0.000136
 0.085692 0.491748 0.408165 0.014395
 0.000136 0.847422 0.000207 0.152235
 0.014395 0.038231 0.000207 0.947166
 0.000136 0.895761 0.023972 0.080131
 0.791122 0.025945 0.154278 0.028655

MOTIF 9-CCTCRGCCTCCCAAR STREME-9
letter-probability matrix: alength= 4 w= 15 nsites= 221 E= 2.1e-004
 0.005366 0.950355 0.000227 0.044051
 0.005366 0.942086 0.010661 0.041886
 0.010584 0.000227 0.005444 0.983745
 0.000149 0.874264 0.005444 0.120142
 0.613333 0.010661 0.370640 0.005366
 0.010584 0.000227 0.989040 0.000149
 0.000149 0.973389 0.005444 0.021018
 0.010584 0.931652 0.000227 0.057537
 0.000149 0.000227 0.000227 0.999397
 0.015801 0.900350 0.015878 0.067971
 0.000149 0.957738 0.015878 0.026235
 0.026854 0.855828 0.010661 0.106656
 0.631416 0.068049 0.289951 0.010584
 0.942009 0.021095 0.031529 0.005366
 0.469687 0.010661 0.514286 0.005366

MOTIF 10-AAGATGGCGGCGSC STREME-10
letter-probability matrix: alength= 4 w= 14 nsites= 473 E= 3.0e-004
 0.662365 0.029131 0.306098 0.002405
 0.609242 0.240942 0.063235 0.086582
 0.115612 0.231589 0.636365 0.016435
 0.857411 0.000102 0.140082 0.002405
 0.025788 0.169906 0.021146 0.783160
 0.009420 0.002440 0.988073 0.000067
 0.016435 0.004778 0.978720 0.000067
 0.000067 0.976382 0.000102 0.023449
 0.011758 0.033808 0.884220 0.070215
 0.149715 0.047837 0.741586 0.060862
 0.094567 0.846808 0.002440 0.056185
 0.073523 0.253603 0.552585 0.120288
 0.145039 0.254574 0.462364 0.138024
 0.073523 0.674174 0.110970 0.141333

MOTIF 11-GCCACCRCRCCYRGC STREME-11
letter-probability matrix: alength= 4 w= 15 nsites= 207 E= 4.2e-004
 0.178026 0.000218 0.821612 0.000144
 0.015212 0.984426 0.000218 0.000144
 0.000144 0.944243 0.000218 0.055394
 0.984351 0.000218 0.015287 0.000144
 0.030281 0.924152 0.015287 0.030281
 0.050372 0.761339 0.000218 0.188071
 0.599939 0.000218 0.399699 0.000144
 0.005167 0.682463 0.015287 0.297084
 0.348800 0.000218 0.650838 0.000144
 0.022320 0.930028 0.000218 0.047433
 0.015212 0.894016 0.000218 0.090554
 0.045349 0.595587 0.030355 0.328709
 0.361784 0.000218 0.637854 0.000144
 0.030281 0.015287 0.954289 0.000144
 0.000144 0.924152 0.015287 0.060417

MOTIF 12-ATGASTCA STREME-12
letter-probability matrix: alength= 4 w= 8 nsites= 546 E= 5.9e-004
 0.718150 0.000245 0.281444 0.000161
 0.000161 0.000245 0.000245 0.999348
 0.000161 0.000245 0.987646 0.011947
 0.999348 0.000245 0.000245 0.000161
 0.079964 0.382933 0.513680 0.023424
 0.000161 0.000245 0.000245 0.999348
 0.058713 0.940881 0.000245 0.000161
 0.999348 0.000245 0.000245 0.000161

MOTIF 13-AGGTTGCAGTGAGCY STREME-13
letter-probability matrix: alength= 4 w= 15 nsites= 154 E= 7.9e-004
 0.989489 0.009831 0.000410 0.000270
 0.028533 0.009831 0.942524 0.019112
 0.056797 0.038094 0.885997 0.019112
 0.000270 0.264202 0.019252 0.716276
 0.000270 0.028673 0.000410 0.970647
 0.056797 0.000410 0.942524 0.000270
 0.009691 0.961366 0.009831 0.019112
 0.970647 0.000410 0.009831 0.019112
 0.009691 0.000410 0.980208 0.009691
 0.000270 0.009831 0.009831 0.980068
 0.028533 0.000410 0.970787 0.000270
 0.980068 0.000410 0.019252 0.000270
 0.037954 0.009831 0.942524 0.009691
 0.009691 0.951945 0.019252 0.019112
 0.047375 0.593942 0.028673 0.330010

MOTIF 14-AAAAAWAMAAAAA STREME-14
letter-probability matrix: alength= 4 w= 13 nsites= 205 E= 3.1e-003
 0.955724 0.012754 0.000254 0.031268
 0.993494 0.006085 0.000254 0.000167
 0.946088 0.000254 0.041828 0.011830
 0.952674 0.017748 0.000254 0.029325
 0.826621 0.161295 0.000254 0.011830
 0.602071 0.036946 0.029411 0.331572
 0.914391 0.018622 0.000254 0.066734
 0.618633 0.364959 0.004578 0.011830
 0.891938 0.076063 0.026000 0.005999
 0.945176 0.054403 0.000254 0.000167
 0.871033 0.046906 0.011917 0.070145
 0.980314 0.000254 0.016349 0.003083
 0.999326 0.000254 0.000254 0.000167

MOTIF 15-CCCTTCCCC STREME-15
letter-probability matrix: alength= 4 w= 9 nsites= 1077 E= 8.0e-003
 0.000239 0.982709 0.000724 0.016328
 0.018266 0.932809 0.036986 0.011939
 0.002926 0.979797 0.000315 0.016961
 0.079206 0.216191 0.007762 0.696841
 0.008312 0.033590 0.063913 0.894185
 0.018234 0.943054 0.030619 0.008094
 0.002161 0.959261 0.018751 0.019827
 0.002609 0.864996 0.007381 0.125015
 0.020819 0.874059 0.055909 0.049213

MOTIF 16-YCACTTCCK STREME-16
letter-probability matrix: alength= 4 w= 9 nsites= 800 E= 1.0e-002
 0.026538 0.560770 0.053141 0.359552
 0.049695 0.791014 0.084977 0.074314
 0.837489 0.039788 0.076491 0.046232
 0.000100 0.929157 0.003380 0.067364
 0.006680 0.043352 0.017071 0.932896
 0.022455 0.000152 0.000152 0.977242
 0.020190 0.973389 0.006321 0.000100
 0.002153 0.968976 0.015165 0.013707
 0.004138 0.085525 0.400761 0.509575

MOTIF 17-RTTGCAYMAYH STREME-17
letter-probability matrix: alength= 4 w= 11 nsites= 630 E= 1.3e-002
 0.538271 0.139994 0.321673 0.000062
 0.000062 0.000094 0.000094 0.999751
 0.000062 0.000094 0.000094 0.999751
 0.063381 0.000094 0.741670 0.194855
 0.000062 0.999783 0.000094 0.000062
 0.772305 0.028078 0.199556 0.000062
 0.212938 0.329364 0.000094 0.457605
 0.383724 0.616121 0.000094 0.000062
 0.999751 0.000094 0.000094 0.000062
 0.000062 0.461185 0.145297 0.393456
 0.203299 0.356976 0.078300 0.361425

MOTIF 18-CCCTCCCTCCCC STREME-18
letter-probability matrix: alength= 4 w= 12 nsites= 597 E= 4.7e-002
 0.026388 0.873955 0.026315 0.073342
 0.020984 0.890909 0.073816 0.014291
 0.006458 0.914382 0.059569 0.019591
 0.029436 0.000138 0.074474 0.895951
 0.050482 0.936003 0.003874 0.009641
 0.000091 0.940814 0.055821 0.003274
 0.015974 0.876951 0.059323 0.047751
 0.081221 0.000138 0.093544 0.825097
 0.068333 0.762409 0.102083 0.067175
 0.037819 0.728046 0.106690 0.127446
 0.063454 0.733489 0.071946 0.131111
 0.039048 0.810588 0.061343 0.089021

MOTIF 19-CCGAGGCC STREME-19
letter-probability matrix: alength= 4 w= 8 nsites= 1208 E= 6.3e-002
 0.000480 0.998310 0.000729 0.000480
 0.000480 0.998310 0.000729 0.000480
 0.197671 0.166208 0.596467 0.039654
 0.998061 0.000729 0.000729 0.000480
 0.000480 0.000729 0.998310 0.000480
 0.079628 0.000729 0.685244 0.234399
 0.131241 0.867549 0.000729 0.000480
 0.000480 0.998310 0.000729 0.000480

MOTIF 20-RTCACGTGAY STREME-20
letter-probability matrix: alength= 4 w= 10 nsites= 249 E= 6.6e-002
 0.303150 0.092970 0.587120 0.016760
 0.060092 0.248097 0.051371 0.640440
 0.037282 0.840970 0.098508 0.023241
 0.994544 0.000288 0.000288 0.004879
 0.000190 0.999332 0.000288 0.000190
 0.000190 0.000288 0.999332 0.000190
 0.004879 0.000288 0.000288 0.994544
 0.023241 0.098508 0.840970 0.037282
 0.640440 0.051371 0.248097 0.060092
 0.016760 0.587120 0.092970 0.303150

MOTIF 21-ACTACAWYTCCCAGM STREME-21
letter-probability matrix: alength= 4 w= 15 nsites= 87 E= 6.7e-002
 0.998419 0.000595 0.000595 0.000392
 0.000392 0.998622 0.000595 0.000392
 0.000392 0.000595 0.000595 0.998419
 0.902718 0.027938 0.041610 0.027735
 0.000392 0.971279 0.000595 0.027735
 0.834360 0.041610 0.123639 0.000392
 0.492570 0.123639 0.068953 0.314839
 0.109764 0.356057 0.109968 0.424211
 0.000392 0.000595 0.000595 0.998419
 0.000392 0.998622 0.000595 0.000392
 0.000392 0.998622 0.000595 0.000392
 0.000392 0.998622 0.000595 0.000392
 0.820688 0.000595 0.164654 0.014063
 0.137108 0.000595 0.807220 0.055078
 0.301167 0.479101 0.150982 0.068750

MOTIF 22-AGGAAG STREME-22
letter-probability matrix: alength= 4 w= 6 nsites= 1532 E= 1.2e-001
 0.927136 0.027409 0.027409 0.018045
 0.018045 0.027409 0.936500 0.018045
 0.018045 0.027409 0.936500 0.018045
 0.927136 0.027409 0.027409 0.018045
 0.927136 0.027409 0.027409 0.018045
 0.018045 0.027409 0.936500 0.018045

MOTIF 23-RGGTTCAAGCGATTC STREME-23
letter-probability matrix: alength= 4 w= 15 nsites= 75 E= 1.5e-001
 0.599111 0.031369 0.353730 0.015790
 0.015790 0.000668 0.967752 0.015790
 0.031141 0.016018 0.937051 0.015790
 0.031141 0.092771 0.000668 0.875421
 0.031141 0.000668 0.016018 0.952173
 0.031141 0.937051 0.016018 0.015790
 0.952173 0.031369 0.016018 0.000440
 0.936823 0.031369 0.000668 0.031141
 0.046491 0.031369 0.921700 0.000440
 0.015790 0.614689 0.092771 0.276749
 0.230698 0.046719 0.722143 0.000440
 0.967524 0.016018 0.016018 0.000440
 0.000440 0.016018 0.031369 0.952173
 0.000440 0.215575 0.016018 0.767967
 0.000440 0.952401 0.031369 0.015790

MOTIF 24-CCCAGCCCYG STREME-24
letter-probability matrix: alength= 4 w= 10 nsites= 1281 E= 1.8e-001
 0.005015 0.958289 0.000130 0.036566
 0.000086 0.979100 0.020729 0.000086
 0.000086 0.786018 0.121785 0.092111
 0.861017 0.000130 0.138767 0.000086
 0.137578 0.000130 0.697232 0.165060
 0.015040 0.984745 0.000130 0.000086
 0.000086 0.781340 0.032677 0.185897
 0.000086 0.790122 0.001625 0.208167
 0.077229 0.331433 0.175293 0.416045
 0.297245 0.000130 0.702540 0.000086

MOTIF 25-CACACACACWCAC STREME-25
letter-probability matrix: alength= 4 w= 13 nsites= 210 E= 2.7e-001
 0.003399 0.943276 0.017394 0.035931
 0.848424 0.000370 0.130406 0.020800
 0.025779 0.946267 0.000370 0.027584
 0.818661 0.071998 0.109098 0.000244
 0.017267 0.902802 0.062663 0.017267
 0.831804 0.000370 0.142047 0.025779
 0.000244 0.961448 0.012529 0.025779
 0.918877 0.000370 0.080509 0.000244
 0.020800 0.841297 0.065092 0.072810
 0.341645 0.090296 0.130902 0.437157
 0.014191 0.931315 0.003903 0.050592
 0.968322 0.000370 0.022552 0.008756
 0.072348 0.860452 0.031510 0.035690

MOTIF 26-TGCGCATGCGCA STREME-26
letter-probability matrix: alength= 4 w= 12 nsites= 217 E= 3.8e-001
 0.025381 0.271954 0.096175 0.606490
 0.093501 0.000242 0.896613 0.009644
 0.024684 0.972138 0.003019 0.000159
 0.033488 0.000242 0.962181 0.004089
 0.000159 0.977221 0.005796 0.016823
 0.655189 0.230563 0.087209 0.027039
 0.027039 0.087209 0.230563 0.655189
 0.016823 0.005796 0.977221 0.000159
 0.004089 0.962181 0.000242 0.033488
 0.000159 0.003019 0.972138 0.024684
 0.009644 0.896613 0.000242 0.093501
 0.606490 0.096175 0.271954 0.025381

MOTIF 27-WAAACAAACA STREME-27
letter-probability matrix: alength= 4 w= 10 nsites= 425 E= 5.4e-001
 0.606855 0.064559 0.013836 0.314749
 0.666808 0.011749 0.321332 0.000111
 0.617938 0.043693 0.121861 0.216508
 0.582411 0.046463 0.274207 0.096919
 0.000111 0.924918 0.000168 0.074804
 0.957930 0.020887 0.000168 0.021015
 0.984112 0.000168 0.000168 0.015552
 0.991833 0.000168 0.007889 0.000111
 0.000111 0.690647 0.000168 0.309075
 0.967916 0.027345 0.004628 0.000111

MOTIF 28-CAAGGTCAC STREME-28
letter-probability matrix: alength= 4 w= 9 nsites= 373 E= 6.0e-001
 0.000249 0.898068 0.085207 0.016477
 0.998996 0.000378 0.000378 0.000249
 0.998996 0.000378 0.000378 0.000249
 0.000249 0.049581 0.917151 0.033019
 0.000249 0.000378 0.999125 0.000249
 0.000249 0.179404 0.000378 0.819970
 0.000249 0.984201 0.000378 0.015173
 0.870273 0.000378 0.129101 0.000249
 0.051390 0.559213 0.168117 0.221280

MOTIF 29-GGGCGGATCAC STREME-29
letter-probability matrix: alength= 4 w= 11 nsites= 53 E= 6.1e-001
 0.000565 0.000859 0.998011 0.000565
 0.020304 0.000859 0.978272 0.000565
 0.000565 0.000859 0.998011 0.000565
 0.149405 0.566920 0.000859 0.282817
 0.327051 0.000859 0.671525 0.000565
 0.020304 0.000859 0.978272 0.000565
 0.997718 0.000859 0.000859 0.000565
 0.000565 0.000859 0.000859 0.997718
 0.033688 0.885934 0.000859 0.079519
 0.997718 0.000859 0.000859 0.000565
 0.000565 0.998011 0.000859 0.000565

MOTIF 30-RCCACTGCACTC STREME-30
letter-probability matrix: alength= 4 w= 12 nsites= 108 E= 6.9e-001
 0.405428 0.034722 0.559522 0.000327
 0.000327 0.976033 0.000496 0.023144
 0.000327 0.918989 0.011905 0.068779
 0.948311 0.011905 0.005231 0.034553
 0.034553 0.811576 0.000496 0.153375
 0.011735 0.000496 0.000496 0.987272
 0.011735 0.000496 0.976033 0.011735
 0.045962 0.873355 0.000496 0.080188
 0.953046 0.011905 0.000496 0.034553
 0.000327 0.827720 0.023314 0.148640
 0.000327 0.000496 0.000496 0.998681
 0.045962 0.899845 0.031050 0.023144

MOTIF 31-CAGCAGCAGCAGC STREME-31
letter-probability matrix: alength= 4 w= 13 nsites= 282 E= 1.1e+000
 0.020375 0.874090 0.048694 0.056841
 0.763579 0.029936 0.152660 0.053826
 0.088911 0.016864 0.873850 0.020375
 0.000116 0.934763 0.020435 0.044686
 0.802712 0.085881 0.074492 0.036915
 0.070334 0.020091 0.891571 0.018005
 0.033762 0.945206 0.004228 0.016804
 0.737240 0.062292 0.146341 0.054127
 0.071159 0.068745 0.843773 0.016323
 0.024427 0.853563 0.073273 0.048737
 0.787604 0.093744 0.073485 0.045167
 0.087229 0.045978 0.814004 0.052789
 0.038264 0.886527 0.061256 0.013953

MOTIF 32-AGATCAAAG STREME-32
letter-probability matrix: alength= 4 w= 9 nsites= 276 E= 1.2e+000
 0.841006 0.036954 0.068380 0.053659
 0.017311 0.125068 0.848220 0.009401
 0.892838 0.000398 0.068737 0.038027
 0.044872 0.006089 0.090834 0.858206
 0.006893 0.966984 0.022090 0.004033
 0.964030 0.012092 0.009537 0.014341
 0.979369 0.000849 0.001242 0.018540
 0.892895 0.009537 0.067598 0.029971
 0.021894 0.019974 0.957870 0.000262

MOTIF 33-GACCCGGAAGC STREME-33
letter-probability matrix: alength= 4 w= 11 nsites= 82 E= 1.4e+000
 0.000514 0.107211 0.891762 0.000514
 0.896084 0.102622 0.000780 0.000514
 0.144002 0.854704 0.000780 0.000514
 0.043830 0.919004 0.036652 0.000514
 0.000514 0.968095 0.030878 0.000514
 0.000514 0.018716 0.947769 0.033001
 0.036386 0.000780 0.962321 0.000514
 0.979990 0.000780 0.000780 0.018450
 0.926182 0.000780 0.072524 0.000514
 0.030612 0.054588 0.896351 0.018450
 0.043830 0.954876 0.000780 0.000514

MOTIF 34-AGAGAGAGAGAGAG STREME-34
letter-probability matrix: alength= 4 w= 14 nsites= 75 E= 1.4e+000
 0.922478 0.013227 0.025903 0.038391
 0.076419 0.013227 0.897315 0.013039
 0.924632 0.013227 0.025903 0.036237
 0.038391 0.019565 0.941681 0.000363
 0.846423 0.038579 0.076607 0.038391
 0.018300 0.025903 0.955434 0.000363
 0.853837 0.025903 0.076607 0.043652
 0.076419 0.013227 0.909991 0.000363
 0.859099 0.076607 0.051255 0.013039
 0.107032 0.063931 0.828674 0.000363
 0.815810 0.076607 0.063931 0.043652
 0.051067 0.076607 0.871963 0.000363
 0.909802 0.013227 0.063931 0.013039
 0.101771 0.013227 0.871963 0.013039

MOTIF 35-CCTCCTCCTCCTCC STREME-35
letter-probability matrix: alength= 4 w= 14 nsites= 431 E= 1.6e+000
 0.041497 0.892773 0.051628 0.014102
 0.064209 0.792195 0.033963 0.109633
 0.038973 0.022972 0.110718 0.827338
 0.015214 0.828572 0.059199 0.097015
 0.040449 0.896280 0.040487 0.022784
 0.041068 0.016299 0.081340 0.861293
 0.007643 0.963154 0.020298 0.008905
 0.005119 0.833834 0.041534 0.119513
 0.074707 0.110524 0.218905 0.595864
 0.049067 0.729242 0.092298 0.129393
 0.035402 0.807431 0.043010 0.114156
 0.065556 0.070864 0.107596 0.755984
 0.027831 0.872735 0.049105 0.050329
 0.002596 0.804435 0.107633 0.085336

MOTIF 36-CACGTGSGY STREME-36
letter-probability matrix: alength= 4 w= 9 nsites= 188 E= 1.8e+000
 0.000453 0.998408 0.000687 0.000453
 0.998173 0.000687 0.000687 0.000453
 0.000453 0.998408 0.000687 0.000453
 0.000453 0.000687 0.998408 0.000453
 0.000453 0.000687 0.000687 0.998173
 0.034720 0.000687 0.964140 0.000453
 0.000453 0.292817 0.508844 0.197886
 0.000453 0.000687 0.837903 0.160957
 0.000453 0.474073 0.000687 0.524788

MOTIF 37-CAGCACCRYGGACAG STREME-37
letter-probability matrix: alength= 4 w= 15 nsites= 49 E= 2.4e+000
 0.081976 0.916556 0.000885 0.000583
 0.997647 0.000885 0.000885 0.000583
 0.000583 0.000885 0.957253 0.041279
 0.000583 0.997949 0.000885 0.000583
 0.956951 0.021233 0.000885 0.020931
 0.000583 0.997949 0.000885 0.000583
 0.000583 0.957253 0.000885 0.041279
 0.407548 0.061930 0.367154 0.163369
 0.020931 0.285761 0.163671 0.529637
 0.000583 0.000885 0.997949 0.000583
 0.061627 0.000885 0.916556 0.020931
 0.895906 0.102626 0.000885 0.000583
 0.000583 0.855512 0.143323 0.000583
 0.916254 0.000885 0.082278 0.000583
 0.061627 0.021233 0.916556 0.000583

MOTIF 38-AATCATTAAC STREME-38
letter-probability matrix: alength= 4 w= 10 nsites= 90 E= 2.9e+000
 0.924391 0.000538 0.074718 0.000354
 0.850211 0.087081 0.000538 0.062171
 0.166208 0.051142 0.000538 0.782112
 0.174591 0.491089 0.240572 0.093748
 0.887301 0.000538 0.074718 0.037444
 0.000354 0.000538 0.070737 0.928371
 0.000354 0.000538 0.000538 0.998570
 0.998570 0.000538 0.000538 0.000354
 0.998570 0.000538 0.000538 0.000354
 0.062171 0.862758 0.025264 0.049807

MOTIF 39-GCGGCGGCGAC STREME-39
letter-probability matrix: alength= 4 w= 11 nsites= 667 E= 5.3e+000
 0.040226 0.075327 0.838177 0.046271
 0.107951 0.808926 0.001757 0.081366
 0.110563 0.068819 0.817940 0.002679
 0.042888 0.035361 0.891706 0.030045
 0.068134 0.874151 0.000141 0.057574
 0.032171 0.075927 0.890468 0.001434
 0.049213 0.090531 0.815004 0.045252
 0.016715 0.721672 0.145208 0.116405
 0.063093 0.029246 0.869056 0.038605
 0.808556 0.003073 0.137897 0.050474
 0.045000 0.837027 0.071811 0.046162

********************************************************************************
Stopped because 3 consecutive motifs exceeded the p-value threshold (0.05).
********************************************************************************
COMMAND:	streme --verbosity 1 --oc meme_out_incomplete_DL/HepG2_ATF7-human_ENCFF276IMS/streme_out -dna --seed 0 --p meme_out_incomplete_DL/HepG2_ATF7-human_ENCFF276IMS/seqs-centered --minw 6 --maxw 15 --time 6189 --order 2 --thresh 0.05 --align center --totallength 4000000 --parse-genomic-coord
********************************************************************************
CPU:		9f05ee173ae9
********************************************************************************
FINALTIME:	709.16 seconds
********************************************************************************
