********************************************************************************
STREME - Sensitive, Thorough, Rapid, Enriched Motif Elicitation
********************************************************************************
MEME version 5.5.3 (Release date: Sat Jun 10 16:19:38 2023 -0700)

For further information on how to interpret these results please access http://localhost:8080/meme_5.5.3.
To get a copy of the MEME Suite software please access https://meme-suite.org.

********************************************************************************


********************************************************************************
REFERENCE
********************************************************************************
If you use this program in your research, please cite:

Timothy L. Bailey,
"STREME: accurate and versatile sequence motif discovery",
Bioinformatics, Mar. 24, 2021.
********************************************************************************


ALPHABET= ACGT

strands: + -

Background letter frequencies
A 0.191 C 0.309 G 0.309 T 0.191 

MOTIF 1-AAWAAAAAWAMAAAA STREME-1
letter-probability matrix: alength= 4 w= 15 nsites= 198 E= 8.7e-004
 0.999151 0.000324 0.000324 0.000201
 0.678936 0.298706 0.022157 0.000201
 0.574029 0.000324 0.112509 0.313137
 0.788100 0.138599 0.029435 0.043866
 0.955485 0.029435 0.000324 0.014756
 0.857856 0.068843 0.007602 0.065699
 0.977318 0.022157 0.000324 0.000201
 0.831766 0.153154 0.014880 0.000201
 0.501253 0.000324 0.065823 0.432599
 0.965969 0.000324 0.011673 0.022033
 0.635594 0.327493 0.000324 0.036589
 0.919097 0.043990 0.014880 0.022033
 0.755969 0.022157 0.061566 0.160308
 0.910955 0.000324 0.000324 0.088396
 0.999151 0.000324 0.000324 0.000201

MOTIF 2-TCAGCACCAYGGACA STREME-2
letter-probability matrix: alength= 4 w= 15 nsites= 236 E= 8.9e-004
 0.000122 0.102355 0.049056 0.848467
 0.017889 0.946258 0.000198 0.035655
 0.999482 0.000198 0.000198 0.000122
 0.013447 0.000198 0.986232 0.000122
 0.053422 0.764153 0.137887 0.044538
 0.995040 0.000198 0.000198 0.004564
 0.000122 0.999557 0.000198 0.000122
 0.000122 0.986232 0.000198 0.013447
 0.581972 0.057939 0.155654 0.204436
 0.071188 0.386617 0.071264 0.470932
 0.004564 0.000198 0.995116 0.000122
 0.004564 0.000198 0.990674 0.004564
 0.928416 0.049056 0.000198 0.022330
 0.000122 0.879634 0.093472 0.026772
 0.999482 0.000198 0.000198 0.000122

MOTIF 3-CACGTGAY STREME-3
letter-probability matrix: alength= 4 w= 8 nsites= 481 E= 3.0e-003
 0.000169 0.938958 0.060704 0.000169
 0.924399 0.000273 0.000273 0.075054
 0.053026 0.859903 0.086901 0.000169
 0.000169 0.000273 0.999388 0.000169
 0.000169 0.000273 0.000273 0.999284
 0.000169 0.007469 0.992193 0.000169
 0.531337 0.218445 0.221951 0.028266
 0.000169 0.415293 0.000273 0.584264

MOTIF 4-GCCCCGCCCCCR STREME-4
letter-probability matrix: alength= 4 w= 12 nsites= 376 E= 3.2e-003
 0.032260 0.011568 0.851036 0.105136
 0.010819 0.981088 0.007306 0.000787
 0.017966 0.971120 0.009746 0.001169
 0.066362 0.919244 0.010880 0.003513
 0.002270 0.993899 0.000159 0.003672
 0.001582 0.000159 0.948132 0.050127
 0.047957 0.859092 0.058267 0.034683
 0.028412 0.911703 0.040436 0.019449
 0.011152 0.970855 0.004872 0.013122
 0.024954 0.920562 0.038444 0.016039
 0.007578 0.720131 0.172083 0.100208
 0.351648 0.155644 0.328260 0.164448

MOTIF 5-GCCTGTAATCCCAGC STREME-5
letter-probability matrix: alength= 4 w= 15 nsites= 129 E= 3.5e-003
 0.146607 0.034824 0.792502 0.026067
 0.000237 0.973312 0.000384 0.026067
 0.008847 0.930262 0.017604 0.043287
 0.008847 0.017604 0.008994 0.964555
 0.086337 0.008994 0.904432 0.000237
 0.000237 0.026214 0.000384 0.973165
 0.904285 0.017604 0.069264 0.008847
 0.912895 0.000384 0.086484 0.000237
 0.000237 0.000384 0.008994 0.990385
 0.034677 0.904432 0.008994 0.051897
 0.017457 0.930262 0.000384 0.051897
 0.000237 0.930262 0.008994 0.060507
 0.973165 0.000384 0.017604 0.008847
 0.060507 0.008994 0.930262 0.000237
 0.008847 0.895822 0.017604 0.077727

MOTIF 6-AGGAAGAGG STREME-6
letter-probability matrix: alength= 4 w= 9 nsites= 499 E= 1.1e-002
 0.898387 0.000481 0.100834 0.000297
 0.000297 0.023983 0.975422 0.000297
 0.000297 0.000481 0.998924 0.000297
 0.911282 0.064869 0.000481 0.023368
 0.922608 0.076614 0.000481 0.000297
 0.000297 0.000481 0.956844 0.042377
 0.647298 0.196629 0.052806 0.103266
 0.025220 0.019040 0.882334 0.073406
 0.196314 0.043484 0.759905 0.000297

MOTIF 7-CAGCCTGGSCAACAK STREME-7
letter-probability matrix: alength= 4 w= 15 nsites= 125 E= 2.8e-002
 0.009163 0.936691 0.000398 0.053748
 0.998959 0.000398 0.000398 0.000246
 0.000246 0.000398 0.945609 0.053748
 0.009163 0.936691 0.000398 0.053748
 0.000246 0.990194 0.000398 0.009163
 0.009163 0.018232 0.000398 0.972208
 0.053748 0.000398 0.936691 0.009163
 0.169670 0.000398 0.820769 0.009163
 0.018080 0.365998 0.562174 0.053748
 0.035914 0.838604 0.000398 0.125085
 0.740364 0.027149 0.232242 0.000246
 0.936540 0.036066 0.027149 0.000246
 0.009163 0.901023 0.027149 0.062665
 0.963291 0.000398 0.027149 0.009163
 0.080499 0.080651 0.348164 0.490685

MOTIF 8-GCCGCCGCCGCCGC STREME-8
letter-probability matrix: alength= 4 w= 14 nsites= 243 E= 3.4e-002
 0.031426 0.055362 0.913081 0.000131
 0.057383 0.899335 0.000213 0.043070
 0.083906 0.780396 0.000213 0.135486
 0.000131 0.000213 0.999524 0.000131
 0.000131 0.918419 0.009755 0.071695
 0.023986 0.808670 0.000213 0.167131
 0.073675 0.029405 0.851304 0.045616
 0.000131 0.892584 0.009755 0.097530
 0.128136 0.761907 0.000213 0.109745
 0.071785 0.000213 0.927871 0.000131
 0.004902 0.876381 0.000213 0.118504
 0.000131 0.799880 0.014525 0.185463
 0.109952 0.009755 0.880162 0.000131
 0.016830 0.914100 0.030771 0.038299

MOTIF 9-GCCTCRGCCTCCCR STREME-9
letter-probability matrix: alength= 4 w= 14 nsites= 195 E= 5.9e-002
 0.255396 0.017661 0.689571 0.037372
 0.017562 0.941414 0.011860 0.029164
 0.000160 0.941414 0.029263 0.029164
 0.000160 0.006059 0.002666 0.991115
 0.000160 0.910002 0.000259 0.089580
 0.538651 0.046665 0.344915 0.069770
 0.000160 0.000259 0.999422 0.000160
 0.005961 0.912409 0.017661 0.063969
 0.000160 0.892599 0.069868 0.037372
 0.000160 0.011860 0.046665 0.941315
 0.000160 0.947214 0.000259 0.052367
 0.034965 0.958816 0.006059 0.000160
 0.011761 0.767389 0.040864 0.179985
 0.503846 0.098873 0.397122 0.000160

MOTIF 10-ATTGGCTG STREME-10
letter-probability matrix: alength= 4 w= 8 nsites= 88 E= 9.2e-002
 0.926455 0.028091 0.028091 0.017364
 0.017364 0.028091 0.028091 0.926455
 0.017364 0.028091 0.028091 0.926455
 0.017364 0.028091 0.937182 0.017364
 0.017364 0.028091 0.937182 0.017364
 0.017364 0.937182 0.028091 0.017364
 0.017364 0.028091 0.028091 0.926455
 0.017364 0.028091 0.937182 0.017364

MOTIF 11-AAACCCCGTCTC STREME-11
letter-probability matrix: alength= 4 w= 12 nsites= 77 E= 1.1e-001
 0.998122 0.000717 0.000717 0.000443
 0.756748 0.000717 0.242091 0.000443
 0.949847 0.048992 0.000717 0.000443
 0.000443 0.998396 0.000717 0.000443
 0.000443 0.837480 0.000717 0.161359
 0.000443 0.934029 0.000717 0.064810
 0.080901 0.692656 0.000717 0.225726
 0.177451 0.000717 0.821388 0.000443
 0.000443 0.000717 0.000717 0.998122
 0.000443 0.950121 0.000717 0.048718
 0.000443 0.000717 0.000717 0.998122
 0.000443 0.998396 0.000717 0.000443

MOTIF 12-GCGCVTGCGCA STREME-12
letter-probability matrix: alength= 4 w= 11 nsites= 196 E= 1.2e-001
 0.060224 0.010987 0.928613 0.000176
 0.000176 0.953727 0.045921 0.000176
 0.072980 0.000284 0.926560 0.000176
 0.000176 0.939171 0.060478 0.000176
 0.393412 0.218907 0.361993 0.025688
 0.036390 0.000284 0.000284 0.963041
 0.006554 0.000284 0.992986 0.000176
 0.009201 0.979353 0.000284 0.011162
 0.012932 0.000284 0.922829 0.063955
 0.000176 0.920534 0.000284 0.079006
 0.687465 0.019289 0.274277 0.018969

MOTIF 13-CCGCACTCACC STREME-13
letter-probability matrix: alength= 4 w= 11 nsites= 95 E= 1.7e-001
 0.000373 0.998650 0.000604 0.000373
 0.095166 0.643953 0.192799 0.068082
 0.068082 0.138631 0.584165 0.209122
 0.013915 0.789902 0.033308 0.162876
 0.921528 0.077495 0.000604 0.000373
 0.000373 0.998650 0.000604 0.000373
 0.000373 0.041229 0.000604 0.957794
 0.000373 0.998650 0.000604 0.000373
 0.998419 0.000604 0.000604 0.000373
 0.000373 0.998650 0.000604 0.000373
 0.000373 0.816985 0.068313 0.114328

MOTIF 14-CACTTCCGGCTCC STREME-14
letter-probability matrix: alength= 4 w= 13 nsites= 70 E= 1.7e-001
 0.012849 0.886217 0.050573 0.050361
 0.810980 0.025565 0.088085 0.075369
 0.000345 0.956052 0.043259 0.000345
 0.025353 0.088085 0.038069 0.848492
 0.037857 0.000557 0.000557 0.961029
 0.025353 0.898721 0.013061 0.062865
 0.012849 0.973745 0.000557 0.012849
 0.012849 0.013061 0.973745 0.000345
 0.025353 0.175614 0.786185 0.012849
 0.025353 0.648641 0.175614 0.150393
 0.037857 0.088085 0.180803 0.693255
 0.037857 0.718476 0.093275 0.150393
 0.000345 0.836201 0.113094 0.050361

MOTIF 15-GGCGGGAA STREME-15
letter-probability matrix: alength= 4 w= 8 nsites= 167 E= 2.1e-001
 0.017364 0.028091 0.937182 0.017364
 0.017364 0.028091 0.937182 0.017364
 0.017364 0.937182 0.028091 0.017364
 0.017364 0.028091 0.937182 0.017364
 0.017364 0.028091 0.937182 0.017364
 0.017364 0.028091 0.937182 0.017364
 0.926455 0.028091 0.028091 0.017364
 0.926455 0.028091 0.028091 0.017364

MOTIF 16-GCAGCTGCTG STREME-16
letter-probability matrix: alength= 4 w= 10 nsites= 332 E= 2.7e-001
 0.000213 0.000344 0.999231 0.000213
 0.062639 0.792222 0.000344 0.144795
 0.793745 0.000344 0.000344 0.205567
 0.039776 0.049993 0.853033 0.057197
 0.010071 0.906744 0.037887 0.045298
 0.000213 0.000344 0.055494 0.943949
 0.099211 0.050220 0.807097 0.043472
 0.042053 0.943069 0.010494 0.004384
 0.000213 0.018292 0.129307 0.852188
 0.190247 0.058017 0.751523 0.000213

MOTIF 17-AGCCACCRCGCCCGG STREME-17
letter-probability matrix: alength= 4 w= 15 nsites= 122 E= 3.1e-001
 0.611546 0.267293 0.000384 0.120777
 0.129387 0.000384 0.869992 0.000237
 0.000237 0.999142 0.000384 0.000237
 0.000237 0.956092 0.000384 0.043287
 0.938725 0.026214 0.034824 0.000237
 0.017457 0.964702 0.000384 0.017457
 0.000237 0.826942 0.000384 0.172437
 0.456566 0.000384 0.542813 0.000237
 0.017457 0.766672 0.000384 0.215487
 0.249927 0.008994 0.715012 0.026067
 0.000237 0.913042 0.000384 0.086337
 0.000237 0.981922 0.000384 0.017457
 0.077727 0.689182 0.000384 0.232707
 0.181047 0.017604 0.801112 0.000237
 0.043287 0.034824 0.921652 0.000237

MOTIF 18-AGRATYGCTTGAR STREME-18
letter-probability matrix: alength= 4 w= 13 nsites= 73 E= 4.5e-001
 0.983850 0.000645 0.015107 0.000399
 0.014861 0.000645 0.984096 0.000399
 0.593362 0.044032 0.347745 0.014861
 0.925999 0.029570 0.044032 0.000399
 0.043786 0.058495 0.000645 0.897074
 0.029324 0.564683 0.116345 0.289649
 0.029324 0.072957 0.897321 0.000399
 0.014861 0.984096 0.000645 0.000399
 0.000399 0.029570 0.101882 0.868149
 0.029324 0.015107 0.029570 0.925999
 0.072711 0.000645 0.926246 0.000399
 0.998312 0.000645 0.000645 0.000399
 0.622287 0.029570 0.347745 0.000399

MOTIF 19-AAGAAAA STREME-19
letter-probability matrix: alength= 4 w= 7 nsites= 455 E= 4.6e-001
 0.996610 0.001295 0.001295 0.000800
 0.900309 0.097596 0.001295 0.000800
 0.000800 0.001295 0.997105 0.000800
 0.793660 0.001295 0.001295 0.203750
 0.710990 0.057437 0.001295 0.230278
 0.921078 0.055643 0.001295 0.021984
 0.996610 0.001295 0.001295 0.000800

MOTIF 20-CCCAGCCCC STREME-20
letter-probability matrix: alength= 4 w= 9 nsites= 953 E= 7.1e-001
 0.000234 0.999153 0.000379 0.000234
 0.000234 0.999153 0.000379 0.000234
 0.019565 0.934271 0.040109 0.006055
 0.839911 0.107280 0.000379 0.052430
 0.021217 0.037304 0.921178 0.020301
 0.000234 0.834394 0.108455 0.056917
 0.066924 0.783501 0.149340 0.000234
 0.000234 0.950705 0.000379 0.048682
 0.000234 0.836663 0.081026 0.082076

MOTIF 21-CAAGATGGCG STREME-21
letter-probability matrix: alength= 4 w= 10 nsites= 152 E= 8.3e-001
 0.000246 0.753912 0.156421 0.089421
 0.816429 0.000398 0.147258 0.035916
 0.940035 0.050404 0.000398 0.009163
 0.051042 0.146160 0.766882 0.035916
 0.998959 0.000398 0.000398 0.000246
 0.000246 0.000398 0.000398 0.998959
 0.000246 0.160914 0.820760 0.018081
 0.064387 0.000398 0.917135 0.018081
 0.037634 0.946759 0.000398 0.015210
 0.053751 0.000398 0.924069 0.021782

MOTIF 22-YCKAGKYC STREME-22
letter-probability matrix: alength= 4 w= 8 nsites= 1109 E= 9.8e-001
 0.000208 0.611545 0.000336 0.387911
 0.000208 0.999248 0.000336 0.000208
 0.000208 0.000336 0.627408 0.372048
 0.999119 0.000336 0.000336 0.000208
 0.000208 0.081357 0.918228 0.000208
 0.221360 0.000336 0.447511 0.330793
 0.216326 0.458857 0.000336 0.324480
 0.000208 0.999248 0.000336 0.000208

MOTIF 23-CCCCACCCCGS STREME-23
letter-probability matrix: alength= 4 w= 11 nsites= 203 E= 1.0e+000
 0.000336 0.879589 0.026659 0.093417
 0.012528 0.967811 0.000544 0.019118
 0.024720 0.956113 0.012735 0.006432
 0.000336 0.892983 0.106345 0.000336
 0.998577 0.000544 0.000544 0.000336
 0.121713 0.858626 0.000544 0.019118
 0.058042 0.941078 0.000544 0.000336
 0.012528 0.898902 0.000544 0.088027
 0.000336 0.986593 0.012735 0.000336
 0.151975 0.000544 0.726841 0.120641
 0.012528 0.300212 0.589390 0.097870

MOTIF 24-TCACTGCA STREME-24
letter-probability matrix: alength= 4 w= 8 nsites= 93 E= 1.1e+000
 0.017364 0.028091 0.028091 0.926455
 0.017364 0.937182 0.028091 0.017364
 0.926455 0.028091 0.028091 0.017364
 0.017364 0.937182 0.028091 0.017364
 0.017364 0.028091 0.028091 0.926455
 0.017364 0.028091 0.937182 0.017364
 0.017364 0.937182 0.028091 0.017364
 0.926455 0.028091 0.028091 0.017364

MOTIF 25-CACGTG STREME-25
letter-probability matrix: alength= 4 w= 6 nsites= 100 E= 1.3e+000
 0.017364 0.937182 0.028091 0.017364
 0.926455 0.028091 0.028091 0.017364
 0.017364 0.937182 0.028091 0.017364
 0.017364 0.028091 0.937182 0.017364
 0.017364 0.028091 0.028091 0.926455
 0.017364 0.028091 0.937182 0.017364

MOTIF 26-ACCCCGA STREME-26
letter-probability matrix: alength= 4 w= 7 nsites= 389 E= 1.4e+000
 0.998127 0.000715 0.000715 0.000442
 0.070772 0.834299 0.051264 0.043665
 0.048843 0.884068 0.032623 0.034466
 0.152688 0.814113 0.014778 0.018421
 0.000442 0.908951 0.090164 0.000442
 0.179881 0.000715 0.788824 0.030579
 0.993932 0.000715 0.000715 0.004637

MOTIF 27-CAGGAGTTCRAGAC STREME-27
letter-probability matrix: alength= 4 w= 14 nsites= 91 E= 1.6e+000
 0.000320 0.929192 0.035343 0.035145
 0.894169 0.058560 0.046951 0.000320
 0.058362 0.012126 0.929192 0.000320
 0.035145 0.000517 0.964017 0.000320
 0.963820 0.012126 0.000517 0.023537
 0.069970 0.035343 0.836325 0.058362
 0.116404 0.000517 0.070168 0.812910
 0.011928 0.012126 0.000517 0.975428
 0.035145 0.813108 0.058560 0.093187
 0.336964 0.058560 0.604156 0.000320
 0.963820 0.000517 0.012126 0.023537
 0.035145 0.012126 0.940801 0.011928
 0.905778 0.000517 0.093385 0.000320
 0.011928 0.952409 0.000517 0.035145

MOTIF 28-RTGACGTCAY STREME-28
letter-probability matrix: alength= 4 w= 10 nsites= 62 E= 1.8e+000
 0.339230 0.190964 0.427030 0.042776
 0.000466 0.074187 0.000754 0.924592
 0.025852 0.000754 0.947542 0.025852
 0.998025 0.000754 0.000754 0.000466
 0.053202 0.891294 0.026140 0.029364
 0.029364 0.026140 0.891294 0.053202
 0.000466 0.000754 0.000754 0.998025
 0.025852 0.947542 0.000754 0.025852
 0.924592 0.000754 0.074187 0.000466
 0.042776 0.427030 0.190964 0.339230

MOTIF 29-AGGCGGGGCCGGG STREME-29
letter-probability matrix: alength= 4 w= 13 nsites= 215 E= 1.9e+000
 0.766563 0.001186 0.166134 0.066117
 0.000138 0.027305 0.972420 0.000138
 0.000138 0.034382 0.965343 0.000138
 0.045149 0.907404 0.000223 0.047224
 0.060152 0.063539 0.876171 0.000138
 0.000138 0.065017 0.934708 0.000138
 0.121392 0.132059 0.626382 0.120167
 0.064931 0.000223 0.934708 0.000138
 0.196410 0.734062 0.069390 0.000138
 0.124318 0.813231 0.062313 0.000138
 0.017217 0.097321 0.848240 0.037222
 0.112240 0.162451 0.725172 0.000138
 0.010140 0.133293 0.811418 0.045149

********************************************************************************
Stopped because 3 consecutive motifs exceeded the p-value threshold (0.05).
********************************************************************************
COMMAND:	streme --verbosity 1 --oc meme_out_incomplete_DL/HepG2_ISX-human_ENCFF872DSQ/streme_out -dna --seed 0 --p meme_out_incomplete_DL/HepG2_ISX-human_ENCFF872DSQ/seqs-centered --minw 6 --maxw 15 --time 6191 --order 2 --thresh 0.05 --align center --totallength 4000000 --parse-genomic-coord
********************************************************************************
CPU:		9f05ee173ae9
********************************************************************************
FINALTIME:	348.63 seconds
********************************************************************************
