********************************************************************************
STREME - Sensitive, Thorough, Rapid, Enriched Motif Elicitation
********************************************************************************
MEME version 5.5.3 (Release date: Sat Jun 10 16:19:38 2023 -0700)

For further information on how to interpret these results please access http://localhost:8080/meme_5.5.3.
To get a copy of the MEME Suite software please access https://meme-suite.org.

********************************************************************************


********************************************************************************
REFERENCE
********************************************************************************
If you use this program in your research, please cite:

Timothy L. Bailey,
"STREME: accurate and versatile sequence motif discovery",
Bioinformatics, Mar. 24, 2021.
********************************************************************************


ALPHABET= ACGT

strands: + -

Background letter frequencies
A 0.201 C 0.299 G 0.299 T 0.201 

MOTIF 1-CACTTCCGGBB STREME-1
letter-probability matrix: alength= 4 w= 11 nsites= 1212 E= 3.2e-016
 0.104644 0.659998 0.112641 0.122718
 0.814630 0.000045 0.180152 0.005172
 0.000030 0.920941 0.024917 0.054112
 0.016929 0.000045 0.003187 0.979838
 0.011229 0.000045 0.000045 0.988681
 0.002122 0.997802 0.000045 0.000030
 0.000030 0.992618 0.007321 0.000030
 0.000030 0.005349 0.905028 0.089593
 0.005766 0.160547 0.801918 0.031769
 0.014511 0.370041 0.222897 0.392551
 0.138961 0.254970 0.245782 0.360288

MOTIF 2-GCCCCGCCCCCN STREME-2
letter-probability matrix: alength= 4 w= 12 nsites= 1812 E= 2.8e-011
 0.143193 0.039659 0.598572 0.218575
 0.023309 0.884788 0.000040 0.091863
 0.046613 0.921808 0.000040 0.031538
 0.056096 0.938283 0.000040 0.005580
 0.000027 0.999905 0.000040 0.000027
 0.205088 0.000040 0.714783 0.080089
 0.066808 0.927405 0.000040 0.005747
 0.017526 0.982407 0.000040 0.000027
 0.000027 0.882132 0.000040 0.117800
 0.083062 0.849047 0.000040 0.067851
 0.064327 0.585927 0.137274 0.212473
 0.216211 0.270248 0.218454 0.295087

MOTIF 3-AGTAAACA STREME-3
letter-probability matrix: alength= 4 w= 8 nsites= 1296 E= 1.8e-009
 0.678785 0.005537 0.084599 0.231079
 0.100509 0.000132 0.892204 0.007155
 0.051048 0.233846 0.000132 0.714974
 0.877109 0.122669 0.000132 0.000089
 0.984770 0.015009 0.000132 0.000089
 0.989997 0.000132 0.000132 0.009739
 0.000089 0.777647 0.000132 0.222131
 0.999646 0.000132 0.000132 0.000089

MOTIF 4-CAAAGTCCA STREME-4
letter-probability matrix: alength= 4 w= 9 nsites= 375 E= 1.8e-006
 0.000295 0.938214 0.000438 0.061053
 0.967631 0.000438 0.031636 0.000295
 0.998830 0.000438 0.000438 0.000295
 0.894433 0.000438 0.104834 0.000295
 0.000295 0.131060 0.815806 0.052839
 0.067401 0.000438 0.000438 0.931723
 0.000295 0.998972 0.000438 0.000295
 0.025175 0.851978 0.122552 0.000295
 0.793235 0.087101 0.000438 0.119227

MOTIF 5-TGCGCATGCGCA STREME-5
letter-probability matrix: alength= 4 w= 12 nsites= 254 E= 4.7e-006
 0.006964 0.240277 0.110676 0.642084
 0.040304 0.007973 0.951591 0.000132
 0.023849 0.942998 0.033021 0.000132
 0.030680 0.000196 0.962160 0.006964
 0.000132 0.990431 0.000196 0.009241
 0.682590 0.162960 0.122437 0.032012
 0.032012 0.122437 0.162960 0.682590
 0.009241 0.000196 0.990431 0.000132
 0.006964 0.962160 0.000196 0.030680
 0.000132 0.033021 0.942998 0.023849
 0.000132 0.951591 0.007973 0.040304
 0.642084 0.110676 0.240277 0.006964

MOTIF 6-TCAGCACCAYGGACA STREME-6
letter-probability matrix: alength= 4 w= 15 nsites= 186 E= 1.9e-005
 0.000178 0.049300 0.055430 0.895091
 0.012437 0.987121 0.000264 0.000178
 0.999294 0.000264 0.000264 0.000178
 0.012437 0.000264 0.987121 0.000178
 0.036955 0.821623 0.110596 0.030826
 0.987035 0.000264 0.006394 0.006308
 0.000178 0.999380 0.000264 0.000178
 0.006308 0.968732 0.000264 0.024696
 0.533448 0.104466 0.171891 0.190194
 0.104380 0.374166 0.073819 0.447635
 0.000178 0.000264 0.999380 0.000178
 0.018567 0.006394 0.950343 0.024696
 0.901221 0.067689 0.000264 0.030826
 0.000178 0.895178 0.092207 0.012437
 0.987035 0.000264 0.012523 0.000178

MOTIF 7-AASATGGCGGCSG STREME-7
letter-probability matrix: alength= 4 w= 13 nsites= 342 E= 4.1e-005
 0.827323 0.019891 0.152696 0.000089
 0.764811 0.103051 0.047611 0.084527
 0.102484 0.290930 0.581856 0.024729
 0.999645 0.000133 0.000133 0.000089
 0.000089 0.034378 0.000133 0.965400
 0.000089 0.000133 0.999688 0.000089
 0.000089 0.000133 0.999688 0.000089
 0.000089 0.999688 0.000133 0.000089
 0.043209 0.035291 0.836972 0.084527
 0.164607 0.087651 0.698373 0.049369
 0.104286 0.771014 0.000133 0.124567
 0.114336 0.280643 0.474293 0.130727
 0.165886 0.207770 0.472255 0.154089

MOTIF 8-RBCACGTGVY STREME-8
letter-probability matrix: alength= 4 w= 10 nsites= 811 E= 5.4e-005
 0.256764 0.149839 0.446871 0.146526
 0.098634 0.379712 0.226554 0.295099
 0.039266 0.958079 0.002583 0.000072
 0.999715 0.000107 0.000107 0.000072
 0.000072 0.999749 0.000107 0.000072
 0.000072 0.000107 0.999749 0.000072
 0.000072 0.000107 0.000107 0.999715
 0.000072 0.002583 0.958079 0.039266
 0.295099 0.226554 0.379712 0.098634
 0.146526 0.446871 0.149839 0.256764

MOTIF 9-GGMGGCKGMGGCG STREME-9
letter-probability matrix: alength= 4 w= 13 nsites= 968 E= 1.0e-003
 0.000037 0.076414 0.923511 0.000037
 0.000037 0.000056 0.999869 0.000037
 0.627866 0.351239 0.000056 0.020839
 0.147517 0.014653 0.837793 0.000037
 0.017063 0.000056 0.982844 0.000037
 0.043548 0.780689 0.000056 0.175707
 0.054358 0.207038 0.461127 0.277478
 0.082842 0.000056 0.911367 0.005735
 0.468844 0.446640 0.043795 0.040721
 0.158413 0.001539 0.840010 0.000037
 0.008316 0.003708 0.982777 0.005200
 0.060223 0.662339 0.095226 0.182211
 0.210097 0.077726 0.580922 0.131255

MOTIF 10-CASCAGGGGGCGC STREME-10
letter-probability matrix: alength= 4 w= 13 nsites= 137 E= 1.5e-003
 0.000256 0.999107 0.000380 0.000256
 0.692414 0.093466 0.213863 0.000256
 0.000256 0.336525 0.662962 0.000256
 0.021567 0.933675 0.000380 0.044378
 0.954862 0.026853 0.018029 0.000256
 0.000256 0.000380 0.999107 0.000256
 0.305645 0.035677 0.658421 0.000256
 0.000256 0.078658 0.753168 0.167918
 0.000256 0.000380 0.990283 0.009081
 0.000256 0.009205 0.990283 0.000256
 0.000256 0.953286 0.010905 0.035553
 0.092162 0.000380 0.907202 0.000256
 0.000256 0.995445 0.004043 0.000256

MOTIF 11-CCAGCCTGGGCRACA STREME-11
letter-probability matrix: alength= 4 w= 15 nsites= 146 E= 2.4e-003
 0.015834 0.913370 0.023747 0.047049
 0.000227 0.952388 0.000336 0.047049
 0.991297 0.008140 0.000336 0.000227
 0.039245 0.000336 0.913370 0.047049
 0.008030 0.921173 0.023747 0.047049
 0.000227 0.960192 0.000336 0.039245
 0.000227 0.000336 0.008140 0.991297
 0.070460 0.015944 0.913370 0.000227
 0.054853 0.023747 0.913370 0.008030
 0.062656 0.265662 0.671455 0.000227
 0.031441 0.757296 0.008140 0.203123
 0.562093 0.039355 0.390522 0.008030
 0.975690 0.000336 0.000336 0.023638
 0.023638 0.928977 0.015944 0.031441
 0.952279 0.015944 0.015944 0.015834

MOTIF 12-CCCCAGCCC STREME-12
letter-probability matrix: alength= 4 w= 9 nsites= 804 E= 4.3e-003
 0.036985 0.808266 0.019813 0.134937
 0.013376 0.957109 0.000248 0.029267
 0.000167 0.961091 0.020774 0.017968
 0.000167 0.759361 0.140434 0.100037
 0.925101 0.000248 0.014016 0.060634
 0.167682 0.127719 0.571935 0.132664
 0.000167 0.982734 0.000248 0.016850
 0.064106 0.885508 0.019006 0.031379
 0.000167 0.972948 0.004539 0.022346

MOTIF 13-CMAAGGTCA STREME-13
letter-probability matrix: alength= 4 w= 9 nsites= 954 E= 6.6e-003
 0.098700 0.724613 0.036224 0.140463
 0.332444 0.630374 0.033853 0.003329
 0.917004 0.005758 0.077141 0.000097
 0.956045 0.000144 0.034273 0.009538
 0.009108 0.009677 0.966039 0.015176
 0.042174 0.021219 0.827645 0.108963
 0.023842 0.145705 0.005352 0.825101
 0.001657 0.884776 0.024180 0.089387
 0.929968 0.023126 0.046808 0.000097

MOTIF 14-ACTACAWYTCCCA STREME-14
letter-probability matrix: alength= 4 w= 13 nsites= 172 E= 9.6e-003
 0.968453 0.018768 0.000266 0.012514
 0.000179 0.999376 0.000266 0.000179
 0.012514 0.024935 0.000266 0.962285
 0.912946 0.000266 0.055772 0.031016
 0.000179 0.999376 0.000266 0.000179
 0.869775 0.018768 0.105111 0.006346
 0.530571 0.098943 0.098943 0.271542
 0.068020 0.370307 0.129780 0.431893
 0.055685 0.074274 0.000266 0.869775
 0.012514 0.943870 0.000266 0.043351
 0.000179 0.999376 0.000266 0.000179
 0.000179 0.999376 0.000266 0.000179
 0.771098 0.000266 0.197621 0.031016

MOTIF 15-AGGAAG STREME-15
letter-probability matrix: alength= 4 w= 6 nsites= 1719 E= 1.4e-002
 0.927391 0.027155 0.027155 0.018300
 0.018300 0.027155 0.936245 0.018300
 0.018300 0.027155 0.936245 0.018300
 0.927391 0.027155 0.027155 0.018300
 0.927391 0.027155 0.027155 0.018300
 0.018300 0.027155 0.936245 0.018300

MOTIF 16-TGACGTCABSA STREME-16
letter-probability matrix: alength= 4 w= 11 nsites= 188 E= 1.7e-002
 0.000204 0.039438 0.000303 0.960054
 0.000204 0.000303 0.904854 0.094639
 0.999189 0.000303 0.000303 0.000204
 0.098444 0.587827 0.227695 0.086034
 0.000204 0.000303 0.999288 0.000204
 0.000204 0.000303 0.000303 0.999189
 0.021323 0.978169 0.000303 0.000204
 0.999189 0.000303 0.000303 0.000204
 0.000204 0.409570 0.301404 0.288821
 0.049480 0.547654 0.402661 0.000204
 0.504298 0.063658 0.217602 0.214441

MOTIF 17-AAAAAWAMAAAAA STREME-17
letter-probability matrix: alength= 4 w= 13 nsites= 146 E= 1.9e-002
 0.984532 0.000353 0.000353 0.014762
 0.995661 0.000353 0.000353 0.003634
 0.910282 0.052599 0.012544 0.024576
 0.999057 0.000353 0.000353 0.000238
 0.860318 0.111148 0.000353 0.028181
 0.653360 0.011263 0.000353 0.335024
 0.995661 0.003749 0.000353 0.000238
 0.608178 0.374867 0.000353 0.016603
 0.935625 0.000353 0.018296 0.045727
 0.928373 0.071037 0.000353 0.000238
 0.868137 0.065812 0.049448 0.016603
 0.933597 0.033083 0.000353 0.032968
 0.999057 0.000353 0.000353 0.000238

MOTIF 18-CTGGGATTACAGGC STREME-18
letter-probability matrix: alength= 4 w= 14 nsites= 176 E= 2.6e-002
 0.012995 0.884074 0.000276 0.102655
 0.006590 0.019489 0.000276 0.973645
 0.077038 0.000276 0.922500 0.000186
 0.038612 0.013085 0.935309 0.012995
 0.051421 0.000276 0.948117 0.000186
 0.992858 0.006680 0.000276 0.000186
 0.000186 0.198810 0.013085 0.787919
 0.006590 0.089937 0.025893 0.877580
 0.935219 0.038702 0.025893 0.000186
 0.000186 0.935309 0.006680 0.057825
 0.967240 0.000276 0.025893 0.006590
 0.045016 0.006680 0.941713 0.006590
 0.070634 0.006680 0.916096 0.006590
 0.025803 0.781605 0.013085 0.179507

MOTIF 19-GACTCTGTCTC STREME-19
letter-probability matrix: alength= 4 w= 11 nsites= 133 E= 7.6e-002
 0.000256 0.000380 0.999107 0.000256
 0.946021 0.000380 0.000380 0.053218
 0.012747 0.947645 0.000380 0.039228
 0.017910 0.101034 0.012871 0.868185
 0.009083 0.865880 0.041674 0.083363
 0.000256 0.290640 0.122458 0.586645
 0.229241 0.000380 0.761296 0.009083
 0.062045 0.021698 0.018034 0.898222
 0.035564 0.776731 0.009207 0.178497
 0.035564 0.018034 0.013979 0.932422
 0.035564 0.940160 0.024020 0.000256

MOTIF 20-CCTCAGTTTCCCCAT STREME-20
letter-probability matrix: alength= 4 w= 15 nsites= 76 E= 7.6e-002
 0.079179 0.867342 0.000566 0.052913
 0.013514 0.814810 0.053098 0.118578
 0.000381 0.026832 0.000566 0.972221
 0.026647 0.933006 0.000566 0.039780
 0.959088 0.000566 0.039965 0.000381
 0.000381 0.118763 0.841076 0.039780
 0.052913 0.013699 0.026832 0.906556
 0.026647 0.066231 0.026832 0.880290
 0.066046 0.000566 0.000566 0.932822
 0.000381 0.906741 0.013699 0.079179
 0.000381 0.880475 0.013699 0.105445
 0.131711 0.617815 0.000566 0.249908
 0.066046 0.683480 0.053098 0.197376
 0.630764 0.092497 0.210693 0.066046
 0.144844 0.158162 0.053098 0.643897

MOTIF 21-CYGATTGGC STREME-21
letter-probability matrix: alength= 4 w= 9 nsites= 238 E= 8.9e-002
 0.170988 0.585921 0.160569 0.082522
 0.000315 0.375204 0.000468 0.624013
 0.016171 0.000468 0.983046 0.000315
 0.998749 0.000468 0.000468 0.000315
 0.000315 0.000468 0.000468 0.998749
 0.000315 0.000468 0.000468 0.998749
 0.011169 0.115570 0.872945 0.000315
 0.000315 0.000468 0.998902 0.000315
 0.000315 0.687131 0.000468 0.312086

MOTIF 22-TTGCACAAY STREME-22
letter-probability matrix: alength= 4 w= 9 nsites= 125 E= 1.2e-001
 0.000611 0.000906 0.000906 0.997577
 0.021641 0.021937 0.000906 0.955516
 0.098904 0.000906 0.899579 0.000611
 0.000611 0.988985 0.000906 0.009498
 0.997577 0.000906 0.000906 0.000611
 0.000611 0.808598 0.000906 0.189885
 0.928741 0.000906 0.030508 0.039845
 0.997577 0.000906 0.000906 0.000611
 0.000611 0.647484 0.000906 0.350999

MOTIF 23-GATCGCGCCACTG STREME-23
letter-probability matrix: alength= 4 w= 13 nsites= 101 E= 1.5e-001
 0.054773 0.019823 0.897821 0.027584
 0.957650 0.000586 0.027775 0.013989
 0.013989 0.000586 0.000586 0.984839
 0.013989 0.645168 0.068558 0.272284
 0.109151 0.000586 0.849085 0.041178
 0.000395 0.857038 0.027775 0.114793
 0.177123 0.027775 0.794707 0.000395
 0.000395 0.930652 0.027775 0.041178
 0.013989 0.930652 0.041369 0.013989
 0.903272 0.014180 0.054964 0.027584
 0.000395 0.930652 0.000586 0.068367
 0.013989 0.041369 0.027775 0.916867
 0.000395 0.000586 0.985030 0.013989

MOTIF 24-GGCGCGGTGGCTCA STREME-24
letter-probability matrix: alength= 4 w= 14 nsites= 93 E= 3.1e-001
 0.020155 0.000844 0.978432 0.000569
 0.000569 0.000844 0.998018 0.000569
 0.000569 0.860916 0.020430 0.118085
 0.137671 0.020430 0.821744 0.020155
 0.000569 0.860916 0.000844 0.137671
 0.098499 0.020430 0.860916 0.020155
 0.020155 0.000844 0.978432 0.000569
 0.000569 0.040016 0.000844 0.958571
 0.020155 0.020430 0.958846 0.000569
 0.039741 0.020430 0.939260 0.000569
 0.000569 0.978432 0.000844 0.020155
 0.000569 0.020430 0.020430 0.958571
 0.000569 0.958846 0.020430 0.020155
 0.997743 0.000844 0.000844 0.000569

MOTIF 25-CTCCCTCCC STREME-25
letter-probability matrix: alength= 4 w= 9 nsites= 191 E= 9.8e-001
 0.018300 0.936245 0.027155 0.018300
 0.018300 0.027155 0.027155 0.927391
 0.018300 0.936245 0.027155 0.018300
 0.018300 0.936245 0.027155 0.018300
 0.018300 0.936245 0.027155 0.018300
 0.018300 0.027155 0.027155 0.927391
 0.018300 0.936245 0.027155 0.018300
 0.018300 0.936245 0.027155 0.018300
 0.018300 0.936245 0.027155 0.018300

MOTIF 26-GCTGCAGC STREME-26
letter-probability matrix: alength= 4 w= 8 nsites= 1526 E= 1.0e+000
 0.084245 0.057109 0.831834 0.026812
 0.009891 0.978236 0.007691 0.004181
 0.079600 0.052506 0.036163 0.831731
 0.029645 0.003694 0.966062 0.000599
 0.000599 0.966062 0.003694 0.029645
 0.831731 0.036163 0.052506 0.079600
 0.004181 0.007691 0.978236 0.009891
 0.026812 0.831834 0.057109 0.084245

MOTIF 27-AAATATTT STREME-27
letter-probability matrix: alength= 4 w= 8 nsites= 159 E= 1.0e+000
 0.930100 0.000860 0.000860 0.068180
 0.710622 0.036530 0.000860 0.251988
 0.789881 0.000860 0.208680 0.000579
 0.000579 0.000860 0.000860 0.997701
 0.997701 0.000860 0.000860 0.000579
 0.000579 0.208680 0.000860 0.789881
 0.251988 0.000860 0.036530 0.710622
 0.068180 0.000860 0.000860 0.930100

MOTIF 28-CTCGGCTTCC STREME-28
letter-probability matrix: alength= 4 w= 10 nsites= 65 E= 1.2e+000
 0.024985 0.905511 0.068799 0.000705
 0.000705 0.001046 0.001046 0.997202
 0.000705 0.997543 0.001046 0.000705
 0.000705 0.001046 0.997543 0.000705
 0.000705 0.001046 0.982789 0.015459
 0.024985 0.806056 0.168254 0.000705
 0.038109 0.001046 0.253330 0.707514
 0.024985 0.001046 0.001046 0.972923
 0.049264 0.890349 0.059682 0.000705
 0.078221 0.879285 0.041789 0.000705

MOTIF 29-CCACYAGRKGGCAG STREME-29
letter-probability matrix: alength= 4 w= 14 nsites= 76 E= 1.2e+000
 0.000392 0.998635 0.000581 0.000392
 0.000392 0.998635 0.000581 0.000392
 0.957984 0.000581 0.041043 0.000392
 0.000392 0.823302 0.148941 0.027366
 0.027366 0.540070 0.094992 0.337572
 0.971471 0.000581 0.000581 0.027366
 0.013879 0.000581 0.985148 0.000392
 0.418495 0.000581 0.567044 0.013879
 0.013879 0.000581 0.620993 0.364547
 0.013879 0.000581 0.971661 0.013879
 0.054341 0.054530 0.782840 0.108289
 0.000392 0.971661 0.000581 0.027366
 0.984959 0.000581 0.014068 0.000392
 0.094802 0.014068 0.877250 0.013879

MOTIF 30-AAACCCCGTCTCTAC STREME-30
letter-probability matrix: alength= 4 w= 15 nsites= 65 E= 1.2e+000
 0.929224 0.017940 0.035138 0.017698
 0.929224 0.000741 0.069536 0.000499
 0.860429 0.103933 0.000741 0.034897
 0.017698 0.946664 0.000741 0.034897
 0.000499 0.963863 0.000741 0.034897
 0.017698 0.860671 0.035138 0.086492
 0.086492 0.723082 0.000741 0.189684
 0.120890 0.035138 0.809075 0.034897
 0.000499 0.000741 0.017940 0.980820
 0.017698 0.981061 0.000741 0.000499
 0.034897 0.000741 0.017940 0.946422
 0.000499 0.998260 0.000741 0.000499
 0.000499 0.052337 0.000741 0.946422
 0.963621 0.000741 0.035138 0.000499
 0.000499 0.963863 0.017940 0.017698

MOTIF 31-GTGACTCA STREME-31
letter-probability matrix: alength= 4 w= 8 nsites= 320 E= 1.3e+000
 0.332856 0.000667 0.666028 0.000450
 0.000450 0.000667 0.000667 0.998216
 0.013159 0.000667 0.912709 0.073466
 0.998216 0.000667 0.000667 0.000450
 0.000450 0.998434 0.000667 0.000450
 0.000450 0.000667 0.135954 0.862929
 0.006940 0.961964 0.000667 0.030429
 0.971978 0.000667 0.026905 0.000450

MOTIF 32-CATTTCC STREME-32
letter-probability matrix: alength= 4 w= 7 nsites= 373 E= 1.5e+000
 0.018300 0.936245 0.027155 0.018300
 0.927391 0.027155 0.027155 0.018300
 0.018300 0.027155 0.027155 0.927391
 0.018300 0.027155 0.027155 0.927391
 0.018300 0.027155 0.027155 0.927391
 0.018300 0.936245 0.027155 0.018300
 0.018300 0.936245 0.027155 0.018300

MOTIF 33-ACACACACACACM STREME-33
letter-probability matrix: alength= 4 w= 13 nsites= 115 E= 1.5e+000
 0.986917 0.000506 0.012237 0.000341
 0.000341 0.982213 0.017106 0.000341
 0.939991 0.012237 0.035700 0.012072
 0.012072 0.928424 0.000506 0.058998
 0.939991 0.012237 0.047432 0.000341
 0.023804 0.963618 0.000506 0.012072
 0.963454 0.000506 0.035700 0.000341
 0.028673 0.829703 0.023969 0.117656
 0.940810 0.047432 0.000506 0.011253
 0.023804 0.935286 0.017106 0.023804
 0.893629 0.000506 0.008327 0.097539
 0.058998 0.806590 0.063681 0.070730
 0.465538 0.333336 0.131215 0.069911

MOTIF 34-AGATCAAAG STREME-34
letter-probability matrix: alength= 4 w= 9 nsites= 138 E= 1.8e+000
 0.953568 0.000521 0.000521 0.045389
 0.046457 0.182492 0.758598 0.012453
 0.930904 0.000521 0.068223 0.000351
 0.245037 0.000521 0.000521 0.753920
 0.047660 0.847901 0.104088 0.000351
 0.992064 0.000521 0.007063 0.000351
 0.997479 0.000521 0.000521 0.001478
 0.974787 0.004147 0.000521 0.020545
 0.000351 0.000521 0.998776 0.000351

MOTIF 35-CMGGAAGY STREME-35
letter-probability matrix: alength= 4 w= 8 nsites= 1027 E= 1.8e+000
 0.000303 0.998945 0.000449 0.000303
 0.489576 0.509672 0.000449 0.000303
 0.000303 0.000449 0.998945 0.000303
 0.000303 0.000449 0.998945 0.000303
 0.998799 0.000449 0.000449 0.000303
 0.998799 0.000449 0.000449 0.000303
 0.078652 0.000449 0.920596 0.000303
 0.000303 0.623295 0.000449 0.375953

MOTIF 36-AAAACAAA STREME-36
letter-probability matrix: alength= 4 w= 8 nsites= 513 E= 1.8e+000
 0.767074 0.143445 0.000723 0.088758
 0.953849 0.000723 0.000723 0.044706
 0.791804 0.000723 0.100423 0.107051
 0.998068 0.000723 0.000723 0.000487
 0.000487 0.860570 0.000723 0.138220
 0.998068 0.000723 0.000723 0.000487
 0.998068 0.000723 0.000723 0.000487
 0.953362 0.000723 0.000723 0.045193

MOTIF 37-AATCGCTTGAACCCR STREME-37
letter-probability matrix: alength= 4 w= 15 nsites= 81 E= 4.9e+000
 0.691220 0.016012 0.292322 0.000446
 0.998231 0.000662 0.000662 0.000446
 0.000446 0.000662 0.000662 0.998231
 0.000446 0.645384 0.092765 0.261405
 0.153951 0.016012 0.829591 0.000446
 0.000446 0.983096 0.000662 0.015796
 0.031147 0.000662 0.077414 0.890777
 0.015796 0.000662 0.000662 0.982881
 0.000446 0.000662 0.998447 0.000446
 0.982881 0.000662 0.000662 0.015796
 0.660519 0.000662 0.323023 0.015796
 0.000446 0.921694 0.000662 0.077199
 0.015796 0.967746 0.000662 0.015796
 0.015796 0.722137 0.000662 0.261405
 0.476313 0.016012 0.476528 0.031147

MOTIF 38-ACCACGCCYRGCTA STREME-38
letter-probability matrix: alength= 4 w= 14 nsites= 54 E= 1.2e+001
 0.997702 0.000859 0.000859 0.000579
 0.000579 0.978040 0.000859 0.020522
 0.060407 0.938155 0.000859 0.000579
 0.838162 0.000859 0.160399 0.000579
 0.000579 0.778615 0.020802 0.200004
 0.279774 0.000859 0.718788 0.000579
 0.000579 0.997982 0.000859 0.000579
 0.000579 0.938155 0.040744 0.020522
 0.040464 0.639018 0.000859 0.319658
 0.399428 0.000859 0.599133 0.000579
 0.000579 0.040744 0.938155 0.020522
 0.000579 0.958097 0.040744 0.000579
 0.060407 0.000859 0.000859 0.937875
 0.997702 0.000859 0.000859 0.000579

MOTIF 39-CCCTGCCCC STREME-39
letter-probability matrix: alength= 4 w= 9 nsites= 1056 E= 1.4e+001
 0.000299 0.923781 0.000444 0.075476
 0.000299 0.950088 0.000444 0.049169
 0.000299 0.998957 0.000444 0.000299
 0.000299 0.060781 0.180883 0.758036
 0.000299 0.000444 0.894053 0.105204
 0.232006 0.767251 0.000444 0.000299
 0.000299 0.998957 0.000444 0.000299
 0.028221 0.884252 0.000444 0.087083
 0.067203 0.761759 0.000444 0.170594

********************************************************************************
Stopped because 3 consecutive motifs exceeded the p-value threshold (0.05).
********************************************************************************
COMMAND:	streme --verbosity 1 --oc meme_out_incomplete_DL/HepG2_ELK1-human_ENCFF079BRO/streme_out -dna --seed 0 --p meme_out_incomplete_DL/HepG2_ELK1-human_ENCFF079BRO/seqs-centered --minw 6 --maxw 15 --time 6188 --order 2 --thresh 0.05 --align center --totallength 4000000 --parse-genomic-coord
********************************************************************************
CPU:		9f05ee173ae9
********************************************************************************
FINALTIME:	738.93 seconds
********************************************************************************
