********************************************************************************
STREME - Sensitive, Thorough, Rapid, Enriched Motif Elicitation
********************************************************************************
MEME version 5.5.3 (Release date: Sat Jun 10 16:19:38 2023 -0700)

For further information on how to interpret these results please access http://localhost:8080/meme_5.5.3.
To get a copy of the MEME Suite software please access https://meme-suite.org.

********************************************************************************


********************************************************************************
REFERENCE
********************************************************************************
If you use this program in your research, please cite:

Timothy L. Bailey,
"STREME: accurate and versatile sequence motif discovery",
Bioinformatics, Mar. 24, 2021.
********************************************************************************


ALPHABET= ACGT

strands: + -

Background letter frequencies
A 0.276 C 0.224 G 0.224 T 0.276 

MOTIF 1-HWWTRTTTRYWTW STREME-1
letter-probability matrix: alength= 4 w= 13 nsites= 6690 E= 2.0e-060
 0.358921 0.234662 0.146355 0.260062
 0.466583 0.150756 0.103808 0.278852
 0.411159 0.142065 0.149907 0.296869
 0.000007 0.004734 0.000006 0.995254
 0.532436 0.000006 0.467552 0.000007
 0.000007 0.000006 0.000006 0.999982
 0.000007 0.000006 0.000006 0.999982
 0.019111 0.000006 0.120045 0.860839
 0.627259 0.000006 0.372728 0.000007
 0.000007 0.656232 0.000006 0.343756
 0.290192 0.142033 0.000006 0.567769
 0.111986 0.233418 0.179921 0.474676
 0.526988 0.000006 0.008714 0.464293

MOTIF 2-CCACYAGRKGGCRS STREME-2
letter-probability matrix: alength= 4 w= 14 nsites= 2786 E= 2.7e-059
 0.089771 0.810264 0.031261 0.068704
 0.000409 0.997992 0.000798 0.000801
 0.826792 0.019034 0.073646 0.080528
 0.031610 0.672156 0.274840 0.021395
 0.149276 0.350148 0.039005 0.461571
 0.934250 0.009442 0.027448 0.028860
 0.000801 0.001191 0.997992 0.000016
 0.513831 0.000406 0.483391 0.002373
 0.012521 0.003595 0.533014 0.450869
 0.007481 0.000176 0.989578 0.002766
 0.020053 0.018642 0.886315 0.074991
 0.090052 0.826857 0.002140 0.080951
 0.550588 0.011340 0.421556 0.016517
 0.100528 0.447986 0.387623 0.063863

MOTIF 3-CAAAGTYCAN STREME-3
letter-probability matrix: alength= 4 w= 10 nsites= 4184 E= 6.2e-042
 0.000023 0.957078 0.000018 0.042881
 0.854748 0.098026 0.031094 0.016133
 0.854311 0.000018 0.121019 0.024651
 0.960562 0.002786 0.036630 0.000023
 0.000023 0.000018 0.999936 0.000023
 0.041906 0.002414 0.267893 0.687786
 0.052087 0.473760 0.022897 0.451256
 0.000023 0.951166 0.004267 0.044544
 0.918730 0.000018 0.024423 0.056828
 0.270131 0.247152 0.267823 0.214894

MOTIF 4-NRTGASTCAYN STREME-4
letter-probability matrix: alength= 4 w= 11 nsites= 2110 E= 3.5e-026
 0.243515 0.258679 0.308254 0.189552
 0.458283 0.140206 0.401109 0.000402
 0.000035 0.000212 0.000029 0.999724
 0.000035 0.000029 0.966892 0.033045
 0.938272 0.003393 0.058300 0.000035
 0.044496 0.455504 0.455504 0.044496
 0.000035 0.058300 0.003393 0.938272
 0.033045 0.966892 0.000029 0.000035
 0.999724 0.000029 0.000212 0.000035
 0.000402 0.401109 0.140206 0.458283
 0.189552 0.308254 0.258679 0.243515

MOTIF 5-RTTGCAYMAY STREME-5
letter-probability matrix: alength= 4 w= 10 nsites= 3144 E= 3.1e-019
 0.599338 0.079985 0.320646 0.000031
 0.000031 0.000025 0.000025 0.999918
 0.000031 0.000025 0.000025 0.999918
 0.190819 0.000025 0.615072 0.194084
 0.000031 0.999912 0.000025 0.000031
 0.581009 0.065793 0.162468 0.190730
 0.121811 0.556177 0.000025 0.321987
 0.659033 0.340911 0.000025 0.000031
 0.999918 0.000025 0.000025 0.000031
 0.000031 0.500316 0.092710 0.406943

MOTIF 6-TAATBATTAACY STREME-6
letter-probability matrix: alength= 4 w= 12 nsites= 1708 E= 5.1e-014
 0.102633 0.172203 0.070327 0.654837
 0.972643 0.000025 0.009901 0.017430
 0.892568 0.057778 0.005514 0.044140
 0.187544 0.009019 0.000025 0.803412
 0.147956 0.342068 0.302411 0.207564
 0.828850 0.006399 0.064080 0.100671
 0.093617 0.004497 0.101926 0.799959
 0.000031 0.009080 0.000025 0.990863
 0.853623 0.000025 0.000025 0.146326
 0.987798 0.003176 0.008995 0.000031
 0.019312 0.892690 0.002488 0.085510
 0.145226 0.406156 0.012165 0.436453

MOTIF 7-AAAAAAAAAAAAAG STREME-7
letter-probability matrix: alength= 4 w= 14 nsites= 589 E= 2.2e-009
 0.940704 0.002901 0.026688 0.029707
 0.976490 0.000115 0.021088 0.002306
 0.992118 0.000801 0.006939 0.000142
 0.988187 0.006093 0.004100 0.001620
 0.978255 0.003677 0.017926 0.000142
 0.988739 0.003677 0.007111 0.000473
 0.986275 0.000115 0.011989 0.001620
 0.981912 0.001594 0.015285 0.001209
 0.990578 0.002041 0.007240 0.000142
 0.984055 0.000447 0.008232 0.007266
 0.988284 0.006093 0.004003 0.001620
 0.967146 0.008863 0.012477 0.011515
 0.938712 0.020342 0.000115 0.040832
 0.025009 0.094988 0.778025 0.101978

MOTIF 8-CCCCDCCCCC STREME-8
letter-probability matrix: alength= 4 w= 10 nsites= 1206 E= 5.4e-009
 0.000076 0.973549 0.000062 0.026312
 0.000076 0.999786 0.000062 0.000076
 0.018316 0.981546 0.000062 0.000076
 0.000076 0.999786 0.000062 0.000076
 0.309090 0.000062 0.449920 0.240928
 0.049136 0.950726 0.000062 0.000076
 0.000076 0.999786 0.000062 0.000076
 0.011337 0.849079 0.000062 0.139521
 0.067583 0.908389 0.005893 0.018136
 0.080692 0.704874 0.074654 0.139780

MOTIF 9-AGATCAAAGB STREME-9
letter-probability matrix: alength= 4 w= 10 nsites= 1963 E= 6.6e-009
 0.764074 0.019604 0.141793 0.074528
 0.000042 0.116994 0.878009 0.004954
 0.583291 0.000034 0.146299 0.270375
 0.065992 0.061908 0.020700 0.851400
 0.000042 0.885357 0.102568 0.012032
 0.958822 0.000034 0.040663 0.000480
 0.990200 0.000034 0.007140 0.002625
 0.778377 0.014722 0.192458 0.014443
 0.000042 0.006982 0.992934 0.000042
 0.168933 0.217787 0.356571 0.256710

MOTIF 10-RAACAAACA STREME-10
letter-probability matrix: alength= 4 w= 9 nsites= 1150 E= 3.7e-008
 0.661126 0.000176 0.338482 0.000216
 0.896141 0.000176 0.103467 0.000216
 0.720626 0.000176 0.163739 0.115459
 0.000216 0.802762 0.000176 0.196847
 0.999433 0.000176 0.000176 0.000216
 0.999433 0.000176 0.000176 0.000216
 0.999433 0.000176 0.000176 0.000216
 0.000216 0.999392 0.000176 0.000216
 0.889916 0.048713 0.061155 0.000216

MOTIF 11-GAGACAGRGTCTC STREME-11
letter-probability matrix: alength= 4 w= 13 nsites= 235 E= 2.0e-007
 0.014315 0.000152 0.975926 0.009606
 0.966543 0.000152 0.028408 0.004897
 0.009606 0.000152 0.975926 0.014315
 0.961833 0.000152 0.037827 0.000187
 0.000187 0.883904 0.004862 0.111047
 0.719113 0.009571 0.228745 0.042571
 0.122630 0.018990 0.858193 0.000187
 0.537995 0.023699 0.395735 0.042571
 0.072782 0.000152 0.917460 0.009606
 0.002142 0.018990 0.002107 0.976762
 0.009606 0.872321 0.000152 0.117920
 0.016270 0.004862 0.023699 0.955170
 0.009606 0.764807 0.004862 0.220725

MOTIF 12-CCTGTAATCCCAGC STREME-12
letter-probability matrix: alength= 4 w= 14 nsites= 330 E= 2.1e-007
 0.032569 0.931143 0.010925 0.025363
 0.018158 0.952760 0.003719 0.025363
 0.007349 0.010925 0.010925 0.970801
 0.101023 0.010925 0.884306 0.003746
 0.000143 0.018131 0.014528 0.967198
 0.974404 0.010925 0.010925 0.003746
 0.859113 0.007322 0.129818 0.003746
 0.000143 0.000116 0.003719 0.996021
 0.007349 0.938349 0.010925 0.043377
 0.007349 0.956363 0.014528 0.021760
 0.007349 0.891512 0.007322 0.093817
 0.974404 0.003719 0.021733 0.000143
 0.036172 0.003719 0.959966 0.000143
 0.010952 0.962073 0.001612 0.025363

MOTIF 13-AATCRATA STREME-13
letter-probability matrix: alength= 4 w= 8 nsites= 808 E= 7.0e-007
 0.713722 0.000160 0.280972 0.005145
 0.999483 0.000160 0.000160 0.000197
 0.000197 0.000160 0.000160 0.999483
 0.000197 0.999446 0.000160 0.000197
 0.647325 0.000160 0.352318 0.000197
 0.999483 0.000160 0.000160 0.000197
 0.000197 0.000160 0.000160 0.999483
 0.765902 0.072614 0.103696 0.057788

MOTIF 14-CCCAGGCTGGAGTGC STREME-14
letter-probability matrix: alength= 4 w= 15 nsites= 290 E= 8.1e-007
 0.047915 0.804839 0.047888 0.099358
 0.007495 0.889353 0.014817 0.088335
 0.003821 0.926098 0.011142 0.058939
 0.940824 0.000119 0.018491 0.040566
 0.036891 0.007468 0.951820 0.003821
 0.047915 0.022166 0.926098 0.003821
 0.018519 0.959169 0.000119 0.022193
 0.007495 0.000119 0.003793 0.988593
 0.069962 0.003793 0.922424 0.003821
 0.044241 0.044213 0.896702 0.014844
 0.948173 0.011142 0.022166 0.018519
 0.253688 0.000119 0.724000 0.022193
 0.018519 0.025840 0.003793 0.951847
 0.073637 0.025840 0.893028 0.007495
 0.069962 0.904051 0.007468 0.018519

MOTIF 15-GRGAGRRAGRGRARG STREME-15
letter-probability matrix: alength= 4 w= 15 nsites= 2287 E= 2.3e-006
 0.178396 0.105737 0.643957 0.071911
 0.606028 0.005333 0.385505 0.003134
 0.266763 0.039041 0.664589 0.029607
 0.791317 0.084664 0.116557 0.007463
 0.000021 0.000549 0.998877 0.000553
 0.633848 0.003738 0.362393 0.000021
 0.320715 0.101142 0.576086 0.002057
 0.662201 0.028721 0.265561 0.043518
 0.263438 0.101894 0.634646 0.000021
 0.634159 0.028721 0.337099 0.000021
 0.078289 0.051266 0.761857 0.108587
 0.506741 0.056090 0.411101 0.026067
 0.621578 0.077815 0.300586 0.000021
 0.625583 0.000017 0.315999 0.058401
 0.154338 0.085506 0.673362 0.086794

MOTIF 16-TGTAAACA STREME-16
letter-probability matrix: alength= 4 w= 8 nsites= 2133 E= 1.1e-005
 0.135160 0.022552 0.230672 0.611616
 0.006858 0.000237 0.992734 0.000172
 0.000172 0.109777 0.000139 0.889912
 0.822769 0.176661 0.000139 0.000431
 0.918309 0.068695 0.003957 0.009040
 0.980493 0.008851 0.002859 0.007797
 0.000172 0.969729 0.000163 0.029937
 0.979718 0.004366 0.005759 0.010157

MOTIF 17-CTGGGCTCAAGYGAT STREME-17
letter-probability matrix: alength= 4 w= 15 nsites= 196 E= 2.0e-004
 0.011646 0.902298 0.005894 0.080161
 0.005937 0.102957 0.000185 0.890922
 0.034485 0.000185 0.965103 0.000227
 0.154386 0.000185 0.833783 0.011646
 0.103000 0.148634 0.719592 0.028775
 0.011646 0.805235 0.005894 0.177224
 0.000227 0.028732 0.017313 0.953727
 0.000227 0.942265 0.011604 0.045904
 0.953727 0.028732 0.005894 0.011646
 0.925179 0.011604 0.040152 0.023066
 0.091581 0.000185 0.896588 0.011646
 0.023066 0.502628 0.051571 0.422736
 0.302835 0.017313 0.645367 0.034485
 0.936598 0.017313 0.045861 0.000227
 0.000227 0.000185 0.011604 0.987984

MOTIF 18-CCTCRGCCTCCCAAA STREME-18
letter-probability matrix: alength= 4 w= 15 nsites= 226 E= 5.2e-004
 0.000199 0.904428 0.020164 0.075209
 0.000199 0.929431 0.005162 0.065207
 0.000199 0.000162 0.000162 0.999478
 0.025202 0.802340 0.027240 0.145218
 0.414403 0.000162 0.530230 0.055206
 0.010200 0.005162 0.984438 0.000199
 0.005200 0.979438 0.010163 0.005200
 0.000199 0.974437 0.000162 0.025202
 0.000199 0.000162 0.015164 0.984476
 0.025202 0.924431 0.000162 0.050205
 0.010200 0.889426 0.030166 0.070208
 0.030203 0.879425 0.000162 0.090211
 0.792376 0.045167 0.157257 0.005200
 0.887388 0.025165 0.077247 0.010200
 0.742369 0.010163 0.247269 0.000199

MOTIF 19-AGGGCAGGG STREME-19
letter-probability matrix: alength= 4 w= 9 nsites= 964 E= 7.7e-004
 0.811758 0.016376 0.155067 0.016799
 0.033367 0.000764 0.959447 0.006423
 0.027583 0.018780 0.951587 0.002050
 0.025030 0.000234 0.943452 0.031284
 0.023857 0.955396 0.008018 0.012729
 0.807017 0.023306 0.034460 0.135216
 0.079994 0.023794 0.889883 0.006328
 0.047719 0.002167 0.882574 0.067541
 0.032837 0.000234 0.959888 0.007041

MOTIF 20-TCAAGGTCA STREME-20
letter-probability matrix: alength= 4 w= 9 nsites= 929 E= 1.0e-003
 0.070607 0.000125 0.014630 0.914637
 0.082111 0.834673 0.081866 0.001350
 0.947024 0.009583 0.016034 0.027358
 0.974772 0.002043 0.015014 0.008171
 0.031347 0.009642 0.952857 0.006155
 0.004965 0.000581 0.989593 0.004862
 0.076055 0.095100 0.010943 0.817901
 0.002804 0.921294 0.006298 0.069604
 0.921104 0.000921 0.062221 0.015754

MOTIF 21-ACACACACACACACA STREME-21
letter-probability matrix: alength= 4 w= 15 nsites= 319 E= 1.1e-003
 0.999421 0.000179 0.000179 0.000221
 0.000221 0.940912 0.000179 0.058688
 0.971480 0.000179 0.028120 0.000221
 0.000221 0.999379 0.000179 0.000221
 0.999421 0.000179 0.000179 0.000221
 0.000221 0.999379 0.000179 0.000221
 0.999421 0.000179 0.000179 0.000221
 0.000221 0.955333 0.000179 0.044267
 0.932738 0.000179 0.066862 0.000221
 0.000221 0.959330 0.000179 0.040270
 0.978576 0.000179 0.000179 0.021066
 0.000221 0.904442 0.021025 0.074313
 0.964573 0.000179 0.035027 0.000221
 0.000221 0.999379 0.000179 0.000221
 0.999421 0.000179 0.000179 0.000221

MOTIF 22-CAGGAAGTGR STREME-22
letter-probability matrix: alength= 4 w= 10 nsites= 1456 E= 1.2e-003
 0.105112 0.712755 0.113383 0.068750
 0.710116 0.272592 0.014416 0.002876
 0.000116 0.003569 0.979799 0.016516
 0.000116 0.003715 0.994337 0.001831
 0.997798 0.000094 0.000094 0.002013
 0.948363 0.000655 0.000094 0.050888
 0.000116 0.000094 0.999674 0.000116
 0.115903 0.108101 0.000094 0.775901
 0.251102 0.131923 0.566730 0.050245
 0.486953 0.065094 0.398575 0.049378

MOTIF 23-CTTTGTACT STREME-23
letter-probability matrix: alength= 4 w= 9 nsites= 1166 E= 1.9e-003
 0.029237 0.945663 0.024789 0.000311
 0.024371 0.020318 0.005005 0.950306
 0.000311 0.035153 0.039257 0.925278
 0.048362 0.002380 0.000253 0.949005
 0.000311 0.000253 0.999125 0.000311
 0.015950 0.043116 0.178792 0.762142
 0.763421 0.061887 0.000253 0.174439
 0.036452 0.898201 0.065035 0.000311
 0.000311 0.296393 0.011259 0.692037

MOTIF 24-CATTTCC STREME-24
letter-probability matrix: alength= 4 w= 7 nsites= 1069 E= 6.1e-003
 0.025082 0.929464 0.020373 0.025082
 0.934173 0.020373 0.020373 0.025082
 0.025082 0.020373 0.020373 0.934173
 0.025082 0.020373 0.020373 0.934173
 0.025082 0.020373 0.020373 0.934173
 0.025082 0.929464 0.020373 0.025082
 0.025082 0.929464 0.020373 0.025082

MOTIF 25-ACATTCCWG STREME-25
letter-probability matrix: alength= 4 w= 9 nsites= 1630 E= 7.5e-003
 0.811683 0.000195 0.187881 0.000241
 0.000241 0.999323 0.000195 0.000241
 0.991271 0.000195 0.008293 0.000241
 0.000241 0.000195 0.000195 0.999368
 0.000241 0.000195 0.000195 0.999368
 0.000241 0.999323 0.000195 0.000241
 0.000241 0.930860 0.000195 0.068704
 0.443077 0.000195 0.000195 0.556532
 0.067293 0.049826 0.752496 0.130386

MOTIF 26-AGGAAG STREME-26
letter-probability matrix: alength= 4 w= 6 nsites= 2360 E= 1.9e-002
 0.934173 0.020373 0.020373 0.025082
 0.025082 0.020373 0.929464 0.025082
 0.025082 0.020373 0.929464 0.025082
 0.934173 0.020373 0.020373 0.025082
 0.934173 0.020373 0.020373 0.025082
 0.025082 0.020373 0.929464 0.025082

MOTIF 27-GCGCCTGCGCA STREME-27
letter-probability matrix: alength= 4 w= 11 nsites= 174 E= 1.9e-002
 0.045645 0.000365 0.942241 0.011749
 0.000450 0.998735 0.000365 0.000450
 0.000450 0.000365 0.998735 0.000450
 0.011749 0.946673 0.036439 0.005139
 0.114491 0.694865 0.073542 0.117102
 0.023048 0.000365 0.002542 0.974045
 0.011749 0.000365 0.987436 0.000450
 0.000450 0.998735 0.000365 0.000450
 0.000450 0.000365 0.998735 0.000450
 0.005139 0.976639 0.000365 0.017856
 0.721799 0.130307 0.120157 0.027737

MOTIF 28-GCCACCRCGCCCGG STREME-28
letter-probability matrix: alength= 4 w= 14 nsites= 156 E= 4.8e-002
 0.094978 0.000219 0.904534 0.000269
 0.000269 0.999243 0.000219 0.000269
 0.000269 0.918064 0.000219 0.081448
 0.931645 0.000219 0.067867 0.000269
 0.007034 0.958653 0.000219 0.034094
 0.040859 0.710531 0.000219 0.248392
 0.419692 0.000219 0.579820 0.000269
 0.007034 0.690236 0.000219 0.302511
 0.284394 0.000219 0.667764 0.047623
 0.007034 0.972183 0.020513 0.000269
 0.000269 0.965418 0.000219 0.034094
 0.000269 0.674529 0.000219 0.324983
 0.288981 0.000219 0.710531 0.000269
 0.040859 0.000219 0.958653 0.000269

MOTIF 29-CCACGTGG STREME-29
letter-probability matrix: alength= 4 w= 8 nsites= 350 E= 4.9e-002
 0.092216 0.785112 0.000897 0.121776
 0.082073 0.858129 0.000897 0.058901
 0.997102 0.000897 0.000897 0.001104
 0.001104 0.996894 0.000897 0.001104
 0.001104 0.000897 0.996894 0.001104
 0.001104 0.000897 0.000897 0.997102
 0.058901 0.000897 0.858129 0.082073
 0.121776 0.000897 0.785112 0.092216

MOTIF 30-GCRGCGGCGGCG STREME-30
letter-probability matrix: alength= 4 w= 12 nsites= 120 E= 3.4e-001
 0.000446 0.033972 0.965136 0.000446
 0.000446 0.741460 0.072245 0.185849
 0.314142 0.065476 0.619937 0.000446
 0.056463 0.000362 0.942729 0.000446
 0.000446 0.953932 0.000362 0.045260
 0.000446 0.103351 0.895757 0.000446
 0.101277 0.000362 0.886712 0.011649
 0.000446 0.998746 0.000362 0.000446
 0.000446 0.000362 0.998746 0.000446
 0.090073 0.000362 0.886712 0.022853
 0.000446 0.998746 0.000362 0.000446
 0.134887 0.000362 0.722267 0.142484

MOTIF 31-CAYRGCTCACTGCA STREME-31
letter-probability matrix: alength= 4 w= 14 nsites= 127 E= 3.4e-001
 0.040983 0.950299 0.000263 0.008455
 0.706407 0.016526 0.000263 0.276804
 0.000324 0.356679 0.008395 0.634602
 0.576298 0.008395 0.414984 0.000324
 0.040983 0.024658 0.917772 0.016587
 0.000324 0.942167 0.000263 0.057246
 0.000324 0.000263 0.000263 0.999151
 0.000324 0.999090 0.000263 0.000324
 0.991019 0.000263 0.008395 0.000324
 0.000324 0.868981 0.024658 0.106037
 0.024719 0.024658 0.000263 0.950360
 0.081641 0.000263 0.917772 0.000324
 0.008455 0.787664 0.000263 0.203618
 0.982887 0.016526 0.000263 0.000324

MOTIF 32-CTGGAATTTGAACY STREME-32
letter-probability matrix: alength= 4 w= 14 nsites= 106 E= 3.4e-001
 0.149699 0.569933 0.124611 0.155757
 0.000412 0.010691 0.000335 0.988562
 0.010769 0.000335 0.988484 0.000412
 0.031481 0.000335 0.967772 0.000412
 0.998918 0.000335 0.000335 0.000412
 0.760723 0.000335 0.124611 0.114332
 0.000412 0.000335 0.021047 0.978205
 0.010769 0.072829 0.000335 0.916067
 0.000412 0.031404 0.010691 0.957493
 0.010769 0.000335 0.978128 0.010769
 0.663217 0.000335 0.325679 0.010769
 0.621792 0.170334 0.072829 0.135045
 0.000412 0.895277 0.010691 0.093619
 0.021125 0.626013 0.000335 0.352527

MOTIF 33-AGGCTGAGGTGGGAG STREME-33
letter-probability matrix: alength= 4 w= 15 nsites= 61 E= 3.4e-001
 0.903064 0.016393 0.048152 0.032391
 0.095909 0.016393 0.887066 0.000632
 0.016512 0.127549 0.855307 0.000632
 0.048271 0.887066 0.000513 0.064150
 0.016512 0.048152 0.032272 0.903064
 0.016512 0.016393 0.934705 0.032391
 0.934823 0.016393 0.016393 0.032391
 0.023102 0.016393 0.896355 0.064150
 0.048271 0.095790 0.832837 0.023102
 0.048271 0.111670 0.016393 0.823667
 0.080029 0.032272 0.855307 0.032391
 0.054861 0.000513 0.928114 0.016512
 0.070741 0.016393 0.912234 0.000632
 0.871305 0.048152 0.032272 0.048271
 0.080029 0.032272 0.823548 0.064150

MOTIF 34-AGATAA STREME-34
letter-probability matrix: alength= 4 w= 6 nsites= 2661 E= 4.0e-001
 0.934173 0.020373 0.020373 0.025082
 0.025082 0.020373 0.929464 0.025082
 0.934173 0.020373 0.020373 0.025082
 0.025082 0.020373 0.020373 0.934173
 0.934173 0.020373 0.020373 0.025082
 0.934173 0.020373 0.020373 0.025082

MOTIF 35-CCATGGCAAC STREME-35
letter-probability matrix: alength= 4 w= 10 nsites= 133 E= 5.6e-001
 0.000508 0.998572 0.000412 0.000508
 0.000508 0.874448 0.000412 0.124632
 0.857201 0.000412 0.141879 0.000508
 0.000508 0.037865 0.000412 0.961215
 0.225950 0.000412 0.773130 0.000508
 0.000508 0.000412 0.998572 0.000508
 0.000508 0.815895 0.000412 0.183185
 0.955864 0.000412 0.043216 0.000508
 0.998668 0.000412 0.000412 0.000508
 0.000508 0.998572 0.000412 0.000508

MOTIF 36-AATGAATGAAT STREME-36
letter-probability matrix: alength= 4 w= 11 nsites= 192 E= 5.6e-001
 0.908506 0.002940 0.053977 0.034576
 0.847872 0.069705 0.038095 0.044329
 0.009112 0.033403 0.005497 0.951988
 0.059735 0.010314 0.872576 0.057375
 0.944725 0.002308 0.043926 0.009041
 0.976836 0.000750 0.016959 0.005455
 0.017332 0.066293 0.009259 0.907117
 0.053127 0.033253 0.891178 0.022442
 0.945111 0.005009 0.043010 0.006871
 0.909691 0.032131 0.033674 0.024505
 0.013964 0.102855 0.009051 0.874129

MOTIF 37-AGACCAGCCTGGSCA STREME-37
letter-probability matrix: alength= 4 w= 15 nsites= 94 E= 5.9e-001
 0.947476 0.000414 0.026007 0.026103
 0.026103 0.026007 0.934583 0.013306
 0.921882 0.038804 0.038804 0.000509
 0.026103 0.845005 0.064398 0.064494
 0.064494 0.883396 0.000414 0.051697
 0.960273 0.013211 0.013211 0.013306
 0.013306 0.000414 0.947380 0.038900
 0.000509 0.947380 0.026007 0.026103
 0.026103 0.921786 0.013211 0.038900
 0.013306 0.013211 0.013211 0.960273
 0.038900 0.000414 0.947380 0.013306
 0.090087 0.000414 0.908990 0.000509
 0.038900 0.627459 0.333132 0.000509
 0.013306 0.947380 0.000414 0.038900
 0.870695 0.026007 0.051601 0.051697

MOTIF 38-CAGCGCCCCCTG STREME-38
letter-probability matrix: alength= 4 w= 12 nsites= 227 E= 6.3e-001
 0.021799 0.861751 0.068587 0.047863
 0.873060 0.073004 0.026238 0.027698
 0.045623 0.092948 0.828837 0.032591
 0.000215 0.981866 0.000677 0.017242
 0.016403 0.000174 0.961623 0.021799
 0.053259 0.850016 0.057415 0.039310
 0.021799 0.900943 0.031634 0.045623
 0.070867 0.746661 0.136849 0.045623
 0.058655 0.842503 0.042426 0.056416
 0.016403 0.897109 0.030072 0.056416
 0.076201 0.076223 0.063030 0.784546
 0.137357 0.070173 0.733356 0.059114

MOTIF 39-CCCAGC STREME-39
letter-probability matrix: alength= 4 w= 6 nsites= 2776 E= 7.3e-001
 0.025082 0.929464 0.020373 0.025082
 0.025082 0.929464 0.020373 0.025082
 0.025082 0.929464 0.020373 0.025082
 0.934173 0.020373 0.020373 0.025082
 0.025082 0.020373 0.929464 0.025082
 0.025082 0.929464 0.020373 0.025082

MOTIF 40-CCAAGGTC STREME-40
letter-probability matrix: alength= 4 w= 8 nsites= 1061 E= 7.4e-001
 0.000466 0.998689 0.000379 0.000466
 0.000466 0.858945 0.088508 0.052081
 0.917247 0.000379 0.081908 0.000466
 0.870991 0.054834 0.073709 0.000466
 0.097289 0.011994 0.890251 0.000466
 0.000466 0.000379 0.998689 0.000466
 0.248347 0.000379 0.000379 0.750895
 0.062275 0.807862 0.000379 0.129484

MOTIF 41-AATGACTAAT STREME-41
letter-probability matrix: alength= 4 w= 10 nsites= 139 E= 9.2e-001
 0.741836 0.184291 0.020142 0.053731
 0.780632 0.000452 0.188456 0.030460
 0.000557 0.014441 0.000452 0.984550
 0.003447 0.000452 0.995043 0.001058
 0.998539 0.000452 0.000452 0.000557
 0.000557 0.998434 0.000452 0.000557
 0.000557 0.000452 0.056407 0.942584
 0.998539 0.000452 0.000452 0.000557
 0.965705 0.001406 0.020887 0.012002
 0.000557 0.062530 0.125485 0.811428

MOTIF 42-GATGAC STREME-42
letter-probability matrix: alength= 4 w= 6 nsites= 2454 E= 1.1e+000
 0.001687 0.001370 0.995255 0.001687
 0.995572 0.001370 0.001370 0.001687
 0.001687 0.005504 0.001370 0.991438
 0.001687 0.001370 0.688551 0.308392
 0.995572 0.001370 0.001370 0.001687
 0.001687 0.995255 0.001370 0.001687

MOTIF 43-ACAGTGCCTGGYA STREME-43
letter-probability matrix: alength= 4 w= 13 nsites= 204 E= 1.4e+000
 0.832284 0.159361 0.000252 0.008104
 0.008104 0.960159 0.000252 0.031485
 0.968011 0.015839 0.015839 0.000310
 0.117216 0.036711 0.806794 0.039279
 0.073688 0.000252 0.000252 0.925808
 0.140597 0.026868 0.832225 0.000310
 0.000310 0.913397 0.070395 0.015898
 0.000310 0.936778 0.000252 0.062660
 0.000310 0.031427 0.000252 0.968011
 0.128244 0.015839 0.797816 0.058101
 0.009605 0.054808 0.911896 0.023691
 0.136038 0.410640 0.078189 0.375133
 0.782287 0.065836 0.120392 0.031485

MOTIF 44-AGGAAATAAA STREME-44
letter-probability matrix: alength= 4 w= 10 nsites= 1461 E= 1.6e+000
 0.636131 0.056133 0.153591 0.154145
 0.000114 0.000093 0.948857 0.050936
 0.114139 0.258936 0.519607 0.107318
 0.938813 0.056605 0.004468 0.000114
 0.926014 0.000093 0.056946 0.016948
 0.991387 0.008406 0.000093 0.000114
 0.000114 0.077849 0.028340 0.893696
 0.655397 0.045544 0.289329 0.009729
 0.864050 0.005045 0.127921 0.002984
 0.857752 0.041146 0.044444 0.056658

MOTIF 45-TAAATA STREME-45
letter-probability matrix: alength= 4 w= 6 nsites= 2241 E= 1.6e+000
 0.025082 0.020373 0.020373 0.934173
 0.934173 0.020373 0.020373 0.025082
 0.934173 0.020373 0.020373 0.025082
 0.934173 0.020373 0.020373 0.025082
 0.025082 0.020373 0.020373 0.934173
 0.934173 0.020373 0.020373 0.025082

MOTIF 46-ACAGAGCRAGACYC STREME-46
letter-probability matrix: alength= 4 w= 14 nsites= 99 E= 1.6e+000
 0.988142 0.011083 0.000347 0.000427
 0.021899 0.977326 0.000347 0.000427
 0.934462 0.054027 0.011083 0.000427
 0.000427 0.075499 0.762605 0.161468
 0.955934 0.000347 0.043291 0.000427
 0.000427 0.000347 0.998798 0.000427
 0.000427 0.708925 0.000347 0.290300
 0.590909 0.011083 0.397580 0.000427
 0.977406 0.000347 0.000347 0.021899
 0.075580 0.000347 0.923646 0.000427
 0.902254 0.021819 0.054027 0.021899
 0.054108 0.805550 0.000347 0.139996
 0.000427 0.429788 0.000347 0.569437
 0.000427 0.730397 0.086235 0.182940

MOTIF 47-CAAAGG STREME-47
letter-probability matrix: alength= 4 w= 6 nsites= 2612 E= 1.7e+000
 0.025082 0.929464 0.020373 0.025082
 0.934173 0.020373 0.020373 0.025082
 0.934173 0.020373 0.020373 0.025082
 0.934173 0.020373 0.020373 0.025082
 0.025082 0.020373 0.929464 0.025082
 0.025082 0.020373 0.929464 0.025082

MOTIF 48-AAAACAAAACAAAAC STREME-48
letter-probability matrix: alength= 4 w= 15 nsites= 62 E= 1.8e+000
 0.934173 0.020373 0.020373 0.025082
 0.934173 0.020373 0.020373 0.025082
 0.934173 0.020373 0.020373 0.025082
 0.934173 0.020373 0.020373 0.025082
 0.025082 0.929464 0.020373 0.025082
 0.934173 0.020373 0.020373 0.025082
 0.934173 0.020373 0.020373 0.025082
 0.934173 0.020373 0.020373 0.025082
 0.934173 0.020373 0.020373 0.025082
 0.025082 0.929464 0.020373 0.025082
 0.934173 0.020373 0.020373 0.025082
 0.934173 0.020373 0.020373 0.025082
 0.934173 0.020373 0.020373 0.025082
 0.934173 0.020373 0.020373 0.025082
 0.025082 0.929464 0.020373 0.025082

MOTIF 49-TGACGTCATC STREME-49
letter-probability matrix: alength= 4 w= 10 nsites= 378 E= 2.4e+000
 0.028006 0.200897 0.000154 0.770944
 0.019200 0.019164 0.804985 0.156651
 0.865844 0.002723 0.005471 0.125963
 0.000189 0.958787 0.000154 0.040870
 0.126861 0.157689 0.674212 0.041238
 0.000189 0.096798 0.000154 0.902860
 0.000189 0.990366 0.009255 0.000189
 0.918529 0.000154 0.081128 0.000189
 0.011526 0.307341 0.020209 0.660924
 0.016741 0.662173 0.131985 0.189101

MOTIF 50-YAAATATTTR STREME-50
letter-probability matrix: alength= 4 w= 10 nsites= 206 E= 2.9e+000
 0.000584 0.466960 0.000475 0.531982
 0.695128 0.118631 0.000475 0.185766
 0.998467 0.000475 0.000475 0.000584
 0.998467 0.000475 0.000475 0.000584
 0.000584 0.000475 0.000475 0.998467
 0.998467 0.000475 0.000475 0.000584
 0.000584 0.000475 0.000475 0.998467
 0.000584 0.000475 0.000475 0.998467
 0.185766 0.000475 0.118631 0.695128
 0.531982 0.000475 0.466960 0.000584

MOTIF 51-ACTACAACTCCCRD STREME-51
letter-probability matrix: alength= 4 w= 14 nsites= 55 E= 1.3e+001
 0.943343 0.054715 0.000870 0.001072
 0.001072 0.996986 0.000870 0.001072
 0.001072 0.000870 0.027792 0.970266
 0.997188 0.000870 0.000870 0.001072
 0.001072 0.996986 0.000870 0.001072
 0.943343 0.027792 0.000870 0.027994
 0.862577 0.027792 0.027792 0.081838
 0.108760 0.754688 0.027792 0.108760
 0.001072 0.000870 0.000870 0.997188
 0.054916 0.943142 0.000870 0.001072
 0.001072 0.996986 0.000870 0.001072
 0.001072 0.970064 0.000870 0.027994
 0.458747 0.000870 0.512389 0.027994
 0.243370 0.027792 0.377779 0.351058

MOTIF 52-CCGCCTCCC STREME-52
letter-probability matrix: alength= 4 w= 9 nsites= 529 E= 1.5e+001
 0.000528 0.962721 0.000428 0.036323
 0.000528 0.978816 0.020129 0.000528
 0.278767 0.000428 0.640329 0.080476
 0.024162 0.940367 0.000428 0.035042
 0.000528 0.830740 0.168205 0.000528
 0.021424 0.000428 0.012778 0.965369
 0.027977 0.893757 0.000428 0.077837
 0.052176 0.906691 0.040605 0.000528
 0.059401 0.862041 0.021872 0.056686

********************************************************************************
Stopped because 3 consecutive motifs exceeded the p-value threshold (0.05).
********************************************************************************
COMMAND:	streme --verbosity 1 --oc meme_out_incomplete_DL/HepG2_ARID3A-human_ENCFF694XNQ/streme_out -dna --seed 0 --p meme_out_incomplete_DL/HepG2_ARID3A-human_ENCFF694XNQ/seqs-centered --minw 6 --maxw 15 --time 6180 --order 2 --thresh 0.05 --align center --totallength 4000000 --parse-genomic-coord
********************************************************************************
CPU:		9f05ee173ae9
********************************************************************************
FINALTIME:	2147.20 seconds
********************************************************************************
