********************************************************************************
STREME - Sensitive, Thorough, Rapid, Enriched Motif Elicitation
********************************************************************************
MEME version 5.5.3 (Release date: Sat Jun 10 16:19:38 2023 -0700)

For further information on how to interpret these results please access http://localhost:8080/meme_5.5.3.
To get a copy of the MEME Suite software please access https://meme-suite.org.

********************************************************************************


********************************************************************************
REFERENCE
********************************************************************************
If you use this program in your research, please cite:

Timothy L. Bailey,
"STREME: accurate and versatile sequence motif discovery",
Bioinformatics, Mar. 24, 2021.
********************************************************************************


ALPHABET= ACGT

strands: + -

Background letter frequencies
A 0.25 C 0.25 G 0.25 T 0.25 

MOTIF 1-SDRTGASTCAYHS STREME-1
letter-probability matrix: alength= 4 w= 13 nsites= 11471 E= 2.6e-231
 0.193016 0.233331 0.416704 0.156948
 0.248680 0.161163 0.380894 0.209263
 0.485469 0.154638 0.342167 0.017726
 0.000004 0.001066 0.000004 0.998927
 0.000056 0.000004 0.982642 0.017298
 0.996243 0.002657 0.000056 0.001044
 0.046386 0.453614 0.453614 0.046386
 0.001044 0.000056 0.002657 0.996243
 0.017298 0.982642 0.000004 0.000056
 0.998927 0.000004 0.001066 0.000004
 0.017726 0.342167 0.154638 0.485469
 0.209263 0.380894 0.161163 0.248680
 0.156948 0.416704 0.233331 0.193016

MOTIF 2-AGTAAAYA STREME-2
letter-probability matrix: alength= 4 w= 8 nsites= 6036 E= 2.1e-049
 0.638393 0.000019 0.171539 0.190049
 0.286773 0.000019 0.713190 0.000019
 0.000019 0.276663 0.000019 0.723300
 0.999944 0.000019 0.000019 0.000019
 0.999944 0.000019 0.000019 0.000019
 0.999944 0.000019 0.000019 0.000019
 0.000019 0.546316 0.000019 0.453647
 0.999944 0.000019 0.000019 0.000019

MOTIF 3-CAAAGTCCA STREME-3
letter-probability matrix: alength= 4 w= 9 nsites= 3219 E= 2.7e-029
 0.007647 0.942903 0.005258 0.044192
 0.947977 0.026089 0.022913 0.003022
 0.914143 0.000029 0.083727 0.002100
 0.976791 0.001049 0.022131 0.000029
 0.000029 0.001902 0.991773 0.006296
 0.032889 0.006117 0.064801 0.896193
 0.035204 0.537674 0.213495 0.213628
 0.011591 0.967602 0.001386 0.019422
 0.652235 0.058843 0.031044 0.257879

MOTIF 4-CCCCRCCCC STREME-4
letter-probability matrix: alength= 4 w= 9 nsites= 2289 E= 5.1e-018
 0.000056 0.980783 0.000055 0.019106
 0.000056 0.950385 0.000055 0.049504
 0.000056 0.992338 0.000055 0.007551
 0.091284 0.796648 0.000055 0.112012
 0.294376 0.000055 0.531065 0.174503
 0.012367 0.979090 0.000055 0.008487
 0.000056 0.999834 0.000055 0.000056
 0.000056 0.926815 0.000055 0.073074
 0.075290 0.889532 0.022121 0.013057

MOTIF 5-CCAGCCTGGGCAACA STREME-5
letter-probability matrix: alength= 4 w= 15 nsites= 688 E= 1.4e-016
 0.011295 0.941787 0.022523 0.024394
 0.012072 0.941011 0.005681 0.041236
 0.979213 0.001939 0.009424 0.009424
 0.031880 0.008329 0.950367 0.009424
 0.005681 0.981084 0.001939 0.011295
 0.011295 0.949272 0.013166 0.026266
 0.009424 0.009424 0.005681 0.975471
 0.037493 0.015038 0.941787 0.005681
 0.082405 0.001939 0.905456 0.010201
 0.035622 0.210429 0.728778 0.025171
 0.026266 0.754658 0.018780 0.200296
 0.706004 0.020652 0.260177 0.013167
 0.957852 0.005681 0.025171 0.011295
 0.020652 0.898748 0.016909 0.063692
 0.943659 0.009424 0.043107 0.003810

MOTIF 6-AACTCCTGRSCTCAA STREME-6
letter-probability matrix: alength= 4 w= 15 nsites= 703 E= 3.3e-015
 0.946316 0.001584 0.050516 0.001584
 0.720007 0.237067 0.013817 0.029108
 0.003113 0.925802 0.000055 0.071029
 0.007701 0.007701 0.003113 0.981485
 0.007701 0.905030 0.000055 0.087215
 0.003113 0.929495 0.013817 0.053574
 0.010759 0.058161 0.000055 0.931025
 0.074982 0.001584 0.923379 0.000055
 0.384497 0.012288 0.597043 0.006172
 0.087215 0.389979 0.502873 0.019934
 0.007701 0.921850 0.007701 0.062749
 0.009230 0.016875 0.000055 0.973840
 0.004643 0.940199 0.013817 0.041341
 0.947210 0.030637 0.015346 0.006806
 0.739251 0.009230 0.216295 0.035225

MOTIF 7-AGACCCYGTCTCWA STREME-7
letter-probability matrix: alength= 4 w= 14 nsites= 500 E= 1.4e-014
 0.973887 0.010087 0.015945 0.000082
 0.305626 0.013678 0.676082 0.004614
 0.999755 0.000082 0.000082 0.000082
 0.006880 0.906843 0.013678 0.072598
 0.025009 0.686893 0.006880 0.281218
 0.013679 0.822055 0.004614 0.159652
 0.006880 0.341463 0.004614 0.647043
 0.253083 0.013678 0.721826 0.011413
 0.025009 0.006880 0.000082 0.968029
 0.018211 0.945367 0.009146 0.027276
 0.000082 0.009146 0.000082 0.990690
 0.031423 0.954817 0.004614 0.009146
 0.501589 0.036340 0.020477 0.441594
 0.933481 0.000082 0.022358 0.044079

MOTIF 8-CCYRCCTCRGCCTC STREME-8
letter-probability matrix: alength= 4 w= 14 nsites= 718 E= 2.1e-013
 0.016010 0.901014 0.001587 0.081389
 0.003119 0.945439 0.000055 0.051387
 0.007222 0.642757 0.023034 0.326987
 0.434098 0.000055 0.542518 0.023329
 0.021009 0.916140 0.010711 0.052140
 0.000055 0.924771 0.003119 0.072055
 0.008986 0.033757 0.007715 0.949542
 0.016906 0.693133 0.006183 0.283778
 0.435925 0.033407 0.505467 0.025202
 0.029162 0.006183 0.963068 0.001587
 0.000055 0.955409 0.012310 0.032225
 0.004651 0.929366 0.001587 0.064395
 0.001587 0.003119 0.010779 0.984515
 0.016010 0.930263 0.000055 0.053672

MOTIF 9-CTGTAATCCC STREME-9
letter-probability matrix: alength= 4 w= 10 nsites= 787 E= 1.2e-012
 0.013253 0.950282 0.003783 0.032683
 0.000379 0.001042 0.004430 0.994149
 0.049784 0.005774 0.940098 0.004343
 0.000065 0.038593 0.000065 0.961277
 0.995639 0.000065 0.000065 0.004230
 0.901035 0.000065 0.098834 0.000065
 0.000065 0.003445 0.000065 0.996425
 0.009102 0.962698 0.000065 0.028134
 0.015246 0.921206 0.003098 0.060450
 0.000927 0.939042 0.001421 0.058610

MOTIF 10-AGATCAAAG STREME-10
letter-probability matrix: alength= 4 w= 9 nsites= 1787 E= 1.7e-009
 0.823659 0.011574 0.135655 0.029112
 0.000102 0.165518 0.828086 0.006295
 0.744424 0.014500 0.019934 0.221143
 0.177956 0.000102 0.037534 0.784408
 0.029399 0.880345 0.073923 0.016333
 0.978842 0.000102 0.018765 0.002291
 0.967692 0.000102 0.029848 0.002358
 0.958905 0.002925 0.017482 0.020688
 0.000102 0.004625 0.991757 0.003516

MOTIF 11-CAAGGTCAMRB STREME-11
letter-probability matrix: alength= 4 w= 11 nsites= 2137 E= 3.5e-009
 0.050147 0.821354 0.082369 0.046130
 0.855421 0.000030 0.144519 0.000030
 0.979135 0.000030 0.000030 0.020805
 0.000030 0.000030 0.999910 0.000030
 0.065070 0.000030 0.910083 0.024817
 0.092980 0.177500 0.000030 0.729490
 0.012795 0.886362 0.000030 0.100813
 0.834288 0.000030 0.165652 0.000030
 0.218954 0.423154 0.183989 0.173903
 0.457587 0.146606 0.275022 0.120785
 0.059582 0.267264 0.418348 0.254806

MOTIF 12-AGTGRYGCAATC STREME-12
letter-probability matrix: alength= 4 w= 12 nsites= 725 E= 1.2e-008
 0.761455 0.000060 0.238424 0.000060
 0.160453 0.035885 0.803601 0.000060
 0.000060 0.020135 0.000060 0.979744
 0.000060 0.000060 0.795123 0.204757
 0.384423 0.000060 0.522417 0.093099
 0.000060 0.484668 0.000060 0.515211
 0.185476 0.000060 0.814404 0.000060
 0.054756 0.662054 0.000060 0.283130
 0.726696 0.087745 0.182153 0.003406
 0.999819 0.000060 0.000060 0.000060
 0.006752 0.175183 0.000060 0.818005
 0.054443 0.780567 0.113893 0.051097

MOTIF 13-RATGACTAA STREME-13
letter-probability matrix: alength= 4 w= 9 nsites= 999 E= 2.5e-008
 0.548725 0.090700 0.313303 0.047272
 0.760185 0.000116 0.239582 0.000117
 0.000117 0.000116 0.000116 0.999651
 0.000117 0.000116 0.999651 0.000117
 0.999651 0.000116 0.000116 0.000117
 0.000117 0.696704 0.203339 0.099840
 0.000117 0.000116 0.000116 0.999651
 0.999651 0.000116 0.000116 0.000117
 0.999651 0.000116 0.000116 0.000117

MOTIF 14-RTTRYRYAAY STREME-14
letter-probability matrix: alength= 4 w= 10 nsites= 871 E= 5.4e-008
 0.372444 0.174932 0.452551 0.000073
 0.000073 0.000072 0.000072 0.999782
 0.000073 0.000072 0.068084 0.931771
 0.549723 0.000072 0.450132 0.000073
 0.044754 0.505358 0.068728 0.381160
 0.381160 0.068728 0.505358 0.044754
 0.000073 0.450132 0.000072 0.549723
 0.931771 0.068084 0.000072 0.000073
 0.999782 0.000072 0.000072 0.000073
 0.000073 0.452551 0.174932 0.372444

MOTIF 15-WRWGTCAAYA STREME-15
letter-probability matrix: alength= 4 w= 10 nsites= 961 E= 1.3e-007
 0.494396 0.008050 0.047933 0.449620
 0.544916 0.000118 0.286752 0.168214
 0.545362 0.046731 0.041098 0.366809
 0.257197 0.000118 0.742566 0.000119
 0.000119 0.000118 0.000118 0.999645
 0.000119 0.999644 0.000118 0.000119
 0.998282 0.000118 0.001481 0.000119
 0.999645 0.000118 0.000118 0.000119
 0.000119 0.648076 0.000118 0.351688
 0.999645 0.000118 0.000118 0.000119

MOTIF 16-CACTTCCKGY STREME-16
letter-probability matrix: alength= 4 w= 10 nsites= 2560 E= 2.0e-007
 0.080055 0.594079 0.097008 0.228858
 0.639286 0.000049 0.270919 0.089747
 0.000049 0.830906 0.000049 0.168996
 0.001823 0.000049 0.002124 0.996005
 0.000049 0.000049 0.000049 0.999854
 0.000049 0.999854 0.000049 0.000049
 0.000049 0.999854 0.000049 0.000049
 0.000049 0.033687 0.366986 0.599279
 0.055433 0.200130 0.693618 0.050819
 0.030359 0.291456 0.177154 0.501031

MOTIF 17-AAAAAAAAAAAAAAA STREME-17
letter-probability matrix: alength= 4 w= 15 nsites= 588 E= 2.8e-007
 0.950350 0.001048 0.000993 0.047609
 0.972574 0.001747 0.018726 0.006953
 0.939339 0.045991 0.003136 0.011534
 0.919553 0.011533 0.054471 0.014443
 0.893016 0.071286 0.010194 0.025505
 0.801689 0.071467 0.067003 0.059841
 0.912843 0.000083 0.023256 0.063819
 0.870815 0.071960 0.041111 0.016114
 0.869571 0.062868 0.035416 0.032145
 0.883742 0.043238 0.028668 0.044352
 0.916332 0.031713 0.024391 0.027565
 0.861084 0.051417 0.050773 0.036726
 0.689399 0.111990 0.116606 0.082005
 0.961059 0.015219 0.008746 0.014976
 0.948248 0.008420 0.008320 0.035012

MOTIF 18-AGGGCAGAG STREME-18
letter-probability matrix: alength= 4 w= 9 nsites= 3146 E= 3.2e-007
 0.783298 0.003060 0.160622 0.053020
 0.012547 0.000122 0.987208 0.000123
 0.119809 0.001477 0.868440 0.010274
 0.008719 0.000122 0.790989 0.200169
 0.126039 0.770182 0.006770 0.097008
 0.883164 0.000122 0.116591 0.000123
 0.067411 0.000122 0.923077 0.009390
 0.769576 0.000122 0.184210 0.046091
 0.004708 0.000122 0.947738 0.047432

MOTIF 19-VTGANTCAB STREME-19
letter-probability matrix: alength= 4 w= 9 nsites= 1462 E= 1.7e-005
 0.249304 0.214653 0.402814 0.133230
 0.000112 0.079993 0.000112 0.919783
 0.000112 0.000112 0.999664 0.000112
 0.938530 0.061247 0.000112 0.000112
 0.169246 0.330754 0.330754 0.169246
 0.000112 0.000112 0.061247 0.938530
 0.000112 0.999664 0.000112 0.000112
 0.919783 0.000112 0.079993 0.000112
 0.133230 0.402814 0.214653 0.249304

MOTIF 20-CACGTGRC STREME-20
letter-probability matrix: alength= 4 w= 8 nsites= 507 E= 4.5e-004
 0.022771 0.928681 0.012808 0.035740
 0.970701 0.000360 0.009073 0.019865
 0.000361 0.998917 0.000360 0.000361
 0.000361 0.000360 0.998917 0.000361
 0.009490 0.003919 0.000360 0.986231
 0.089839 0.012411 0.821395 0.076354
 0.335771 0.000360 0.663507 0.000361
 0.000361 0.854290 0.000360 0.144989

MOTIF 21-AATHATTAAC STREME-21
letter-probability matrix: alength= 4 w= 10 nsites= 453 E= 5.4e-004
 0.999450 0.000183 0.000183 0.000184
 0.942517 0.000183 0.000183 0.057116
 0.305446 0.038811 0.000183 0.655560
 0.259709 0.473584 0.000183 0.266524
 0.914491 0.000183 0.037721 0.047605
 0.022746 0.000183 0.069945 0.907126
 0.000184 0.000183 0.000183 0.999450
 0.685816 0.000183 0.152544 0.161458
 0.959392 0.000183 0.040241 0.000184
 0.000184 0.999450 0.000183 0.000184

MOTIF 22-CCTCCTCCC STREME-22
letter-probability matrix: alength= 4 w= 9 nsites= 1505 E= 1.1e-003
 0.010252 0.916582 0.031153 0.042013
 0.014070 0.773455 0.002185 0.210290
 0.222051 0.000171 0.118078 0.659700
 0.004902 0.910832 0.000171 0.084096
 0.000171 0.860781 0.003087 0.135961
 0.045502 0.000171 0.000171 0.954157
 0.086064 0.648745 0.000171 0.265020
 0.000171 0.996030 0.003628 0.000171
 0.000171 0.999487 0.000171 0.000171

MOTIF 23-VGRTGACGTCAYCB STREME-23
letter-probability matrix: alength= 4 w= 14 nsites= 560 E= 6.6e-003
 0.184629 0.354662 0.316426 0.144283
 0.155934 0.144715 0.593279 0.106072
 0.483176 0.180601 0.308923 0.027300
 0.000092 0.025502 0.000092 0.974315
 0.001362 0.000092 0.989561 0.008985
 0.986493 0.000092 0.005174 0.008242
 0.031639 0.623460 0.175519 0.169382
 0.169382 0.175519 0.623460 0.031639
 0.008242 0.005174 0.000092 0.986493
 0.008985 0.989561 0.000092 0.001362
 0.974315 0.000092 0.025502 0.000092
 0.027300 0.308923 0.180601 0.483176
 0.106072 0.593279 0.144715 0.155934
 0.144283 0.316426 0.354662 0.184629

MOTIF 24-AGGCTGCAGTGAGC STREME-24
letter-probability matrix: alength= 4 w= 14 nsites= 140 E= 2.9e-002
 0.983320 0.000285 0.008197 0.008198
 0.031934 0.000285 0.951671 0.016110
 0.008198 0.000285 0.991231 0.000286
 0.000286 0.718938 0.000285 0.280492
 0.000286 0.000285 0.000285 0.999144
 0.047758 0.000285 0.935847 0.016110
 0.000286 0.967495 0.000285 0.031934
 0.967496 0.008197 0.024021 0.000286
 0.024022 0.024021 0.943759 0.008198
 0.000286 0.008197 0.024021 0.967496
 0.047758 0.000285 0.943759 0.008198
 0.975408 0.008197 0.000285 0.016110
 0.062238 0.016109 0.913455 0.008198
 0.008198 0.956299 0.008197 0.027306

MOTIF 25-AGGAAG STREME-25
letter-probability matrix: alength= 4 w= 6 nsites= 2383 E= 3.3e-002
 0.931845 0.022700 0.022700 0.022755
 0.022755 0.022700 0.931791 0.022755
 0.022755 0.022700 0.931791 0.022755
 0.931845 0.022700 0.022700 0.022755
 0.931845 0.022700 0.022700 0.022755
 0.022755 0.022700 0.931791 0.022755

MOTIF 26-CCCAGC STREME-26
letter-probability matrix: alength= 4 w= 6 nsites= 4246 E= 5.1e-002
 0.022755 0.931791 0.022700 0.022755
 0.022755 0.931791 0.022700 0.022755
 0.022755 0.931791 0.022700 0.022755
 0.931845 0.022700 0.022700 0.022755
 0.022755 0.022700 0.931791 0.022755
 0.022755 0.931791 0.022700 0.022755

MOTIF 27-AGATTTCATCAYRCT STREME-27
letter-probability matrix: alength= 4 w= 15 nsites= 100 E= 5.5e-002
 0.920262 0.022840 0.056493 0.000405
 0.034058 0.022840 0.931479 0.011623
 0.953916 0.000404 0.011622 0.034058
 0.000405 0.011622 0.000404 0.987569
 0.034058 0.000404 0.000404 0.965133
 0.011623 0.022840 0.034057 0.931480
 0.000405 0.942697 0.000404 0.056494
 0.965133 0.034057 0.000404 0.000405
 0.000405 0.045275 0.000404 0.953916
 0.000405 0.976350 0.000404 0.022841
 0.976351 0.022840 0.000404 0.000405
 0.000405 0.314502 0.090146 0.594947
 0.348156 0.045275 0.606164 0.000405
 0.056494 0.785648 0.000404 0.157454
 0.000405 0.056493 0.022840 0.920262

MOTIF 28-CRGTGGCTCACGC STREME-28
letter-probability matrix: alength= 4 w= 13 nsites= 181 E= 5.9e-002
 0.016215 0.756342 0.000215 0.227228
 0.344136 0.042033 0.601667 0.012164
 0.030086 0.000215 0.969483 0.000216
 0.000216 0.018137 0.006189 0.975458
 0.000216 0.000215 0.999353 0.000216
 0.000216 0.000215 0.987405 0.012164
 0.000216 0.957535 0.000215 0.042034
 0.000216 0.000215 0.000215 0.999354
 0.000216 0.981431 0.000215 0.018138
 0.969484 0.000215 0.030085 0.000216
 0.012164 0.646887 0.042033 0.298916
 0.174018 0.000215 0.825551 0.000216
 0.000216 0.957535 0.000215 0.042034

MOTIF 29-AGTAGCTGGGACYA STREME-29
letter-probability matrix: alength= 4 w= 14 nsites= 165 E= 7.1e-002
 0.905557 0.011937 0.035390 0.047116
 0.064705 0.000211 0.917282 0.017801
 0.006075 0.047116 0.000211 0.946598
 0.993503 0.000211 0.006074 0.000212
 0.047116 0.017800 0.914849 0.020234
 0.000212 0.975913 0.006074 0.017801
 0.006075 0.023663 0.000211 0.970051
 0.170241 0.000211 0.800021 0.029527
 0.129199 0.011937 0.829337 0.029527
 0.111610 0.006074 0.841063 0.041253
 0.914850 0.011937 0.061275 0.011938
 0.023664 0.823473 0.035390 0.117473
 0.023664 0.328543 0.011937 0.635856
 0.882105 0.017800 0.076431 0.023664

MOTIF 30-CAAGGCTGCA STREME-30
letter-probability matrix: alength= 4 w= 10 nsites= 122 E= 7.8e-002
 0.000838 0.997487 0.000836 0.000838
 0.942539 0.000836 0.055786 0.000838
 0.904629 0.093696 0.000836 0.000838
 0.000838 0.000836 0.997487 0.000838
 0.000838 0.000836 0.997487 0.000838
 0.000838 0.834982 0.000836 0.163343
 0.000838 0.000836 0.000836 0.997489
 0.074956 0.000836 0.923370 0.000838
 0.000838 0.997487 0.000836 0.000838
 0.997489 0.000836 0.000836 0.000838

MOTIF 31-CACATTCC STREME-31
letter-probability matrix: alength= 4 w= 8 nsites= 1088 E= 1.3e-001
 0.000617 0.734694 0.000615 0.264075
 0.813337 0.000615 0.185431 0.000617
 0.000617 0.998152 0.000615 0.000617
 0.951397 0.000615 0.047371 0.000617
 0.000617 0.000615 0.000615 0.998153
 0.102259 0.000615 0.000615 0.896510
 0.000617 0.998152 0.000615 0.000617
 0.000617 0.995977 0.002790 0.000617

MOTIF 32-AATCGATT STREME-32
letter-probability matrix: alength= 4 w= 8 nsites= 144 E= 1.6e-001
 0.441242 0.200009 0.198624 0.160125
 0.939906 0.021022 0.002878 0.036194
 0.000675 0.030986 0.000673 0.967665
 0.000675 0.997977 0.000673 0.000675
 0.000675 0.000673 0.997977 0.000675
 0.967665 0.000673 0.030986 0.000675
 0.036194 0.002878 0.021022 0.939906
 0.160125 0.198624 0.200009 0.441242

MOTIF 33-GGAHTCGAACCCRSG STREME-33
letter-probability matrix: alength= 4 w= 15 nsites= 164 E= 1.9e-001
 0.000238 0.000238 0.999286 0.000238
 0.000238 0.000238 0.999286 0.000238
 0.669383 0.000238 0.217974 0.112406
 0.277358 0.250965 0.053022 0.418656
 0.000238 0.000238 0.000238 0.999286
 0.000238 0.752418 0.000238 0.247106
 0.000238 0.000238 0.999286 0.000238
 0.999286 0.000238 0.000238 0.000238
 0.946502 0.000238 0.013434 0.039827
 0.000238 0.972893 0.000238 0.026631
 0.000238 0.999286 0.000238 0.000238
 0.141536 0.613859 0.125601 0.119004
 0.316946 0.092611 0.491234 0.099209
 0.006836 0.396122 0.596803 0.000238
 0.198181 0.006836 0.794745 0.000238

MOTIF 34-CCYRGG STREME-34
letter-probability matrix: alength= 4 w= 6 nsites= 5979 E= 2.5e-001
 0.000963 0.997113 0.000961 0.000963
 0.000963 0.987220 0.010854 0.000963
 0.000963 0.372071 0.138545 0.488421
 0.488421 0.138545 0.372071 0.000963
 0.000963 0.010854 0.987220 0.000963
 0.000963 0.000961 0.997113 0.000963

MOTIF 35-AGATAAGGA STREME-35
letter-probability matrix: alength= 4 w= 9 nsites= 489 E= 2.7e-001
 0.999035 0.000321 0.000321 0.000322
 0.000322 0.000321 0.999034 0.000322
 0.999035 0.000321 0.000321 0.000322
 0.000322 0.000321 0.000321 0.999035
 0.999035 0.000321 0.000321 0.000322
 0.822192 0.107731 0.000321 0.069755
 0.000322 0.000321 0.999034 0.000322
 0.231326 0.208124 0.511629 0.048920
 0.574404 0.105499 0.079282 0.240815

MOTIF 36-AAACAAAGS STREME-36
letter-probability matrix: alength= 4 w= 9 nsites= 454 E= 2.7e-001
 0.868098 0.000257 0.114755 0.016890
 0.948915 0.000257 0.032731 0.018097
 0.909608 0.000257 0.028833 0.061302
 0.000257 0.999229 0.000257 0.000257
 0.853604 0.106994 0.039145 0.000257
 0.999230 0.000257 0.000257 0.000257
 0.986426 0.013060 0.000257 0.000257
 0.000257 0.284279 0.681136 0.034328
 0.183110 0.285946 0.517961 0.012982

MOTIF 37-CGCATGCGCA STREME-37
letter-probability matrix: alength= 4 w= 10 nsites= 98 E= 3.5e-001
 0.041536 0.927804 0.000444 0.030216
 0.000445 0.000444 0.998666 0.000445
 0.000445 0.998666 0.000444 0.000445
 0.699892 0.172592 0.090089 0.037427
 0.062082 0.052119 0.069489 0.816310
 0.000445 0.007108 0.992002 0.000445
 0.000445 0.994973 0.000444 0.004138
 0.022773 0.039801 0.936981 0.000445
 0.000445 0.985059 0.006608 0.007888
 0.830487 0.000444 0.106987 0.062082

MOTIF 38-ACACACACACACACA STREME-38
letter-probability matrix: alength= 4 w= 15 nsites= 244 E= 3.8e-001
 0.984633 0.003214 0.011941 0.000212
 0.017308 0.938780 0.000211 0.043700
 0.969345 0.000211 0.017806 0.012638
 0.004474 0.724272 0.010054 0.261200
 0.939985 0.000211 0.059592 0.000212
 0.011942 0.960552 0.000211 0.027295
 0.959151 0.006076 0.017806 0.016967
 0.000212 0.999365 0.000211 0.000212
 0.899919 0.018936 0.080933 0.000212
 0.026482 0.859267 0.006037 0.108214
 0.930503 0.011941 0.057344 0.000212
 0.000212 0.958311 0.000211 0.041266
 0.887313 0.035401 0.077074 0.000212
 0.000212 0.944410 0.017543 0.037835
 0.945644 0.026904 0.027240 0.000212

MOTIF 39-TADGTACACAR STREME-39
letter-probability matrix: alength= 4 w= 11 nsites= 295 E= 4.2e-001
 0.062273 0.233933 0.000171 0.703622
 0.816740 0.000171 0.182917 0.000172
 0.365233 0.104707 0.186499 0.343561
 0.000172 0.046331 0.953326 0.000172
 0.004923 0.000171 0.000171 0.994734
 0.999486 0.000171 0.000171 0.000172
 0.000172 0.918219 0.000171 0.081438
 0.969004 0.000171 0.016398 0.014426
 0.000172 0.940473 0.015101 0.044254
 0.909570 0.011647 0.059163 0.019620
 0.444387 0.090894 0.384384 0.080335

MOTIF 40-GCSGCSGCSGC STREME-40
letter-probability matrix: alength= 4 w= 11 nsites= 186 E= 5.1e-001
 0.018211 0.104583 0.876838 0.000368
 0.000368 0.998896 0.000367 0.000368
 0.234534 0.256038 0.509059 0.000368
 0.049007 0.000367 0.950258 0.000368
 0.000368 0.998896 0.000367 0.000368
 0.165630 0.334370 0.334370 0.165630
 0.000368 0.000367 0.998896 0.000368
 0.000368 0.950258 0.000367 0.049007
 0.000368 0.509059 0.256038 0.234534
 0.000368 0.000367 0.998896 0.000368
 0.000368 0.876838 0.104583 0.018211

MOTIF 41-GATGACRCA STREME-41
letter-probability matrix: alength= 4 w= 9 nsites= 198 E= 5.8e-001
 0.000595 0.000593 0.998217 0.000595
 0.998219 0.000593 0.000593 0.000595
 0.000595 0.052294 0.000593 0.946518
 0.025969 0.000593 0.945204 0.028234
 0.904696 0.000593 0.000593 0.094117
 0.000595 0.998217 0.000593 0.000595
 0.422573 0.000593 0.576239 0.000595
 0.017066 0.922757 0.000593 0.059585
 0.916705 0.000593 0.082107 0.000595

MOTIF 42-ACAAACA STREME-42
letter-probability matrix: alength= 4 w= 7 nsites= 757 E= 6.6e-001
 0.931845 0.022700 0.022700 0.022755
 0.022755 0.931791 0.022700 0.022755
 0.931845 0.022700 0.022700 0.022755
 0.931845 0.022700 0.022700 0.022755
 0.931845 0.022700 0.022700 0.022755
 0.022755 0.931791 0.022700 0.022755
 0.931845 0.022700 0.022700 0.022755

MOTIF 43-AAAAATACAAA STREME-43
letter-probability matrix: alength= 4 w= 11 nsites= 85 E= 6.8e-001
 0.916442 0.000589 0.000589 0.082379
 0.981873 0.000589 0.000589 0.016948
 0.848891 0.005489 0.066020 0.079600
 0.897761 0.000589 0.035628 0.066022
 0.998231 0.000589 0.000589 0.000591
 0.000591 0.000589 0.000589 0.998231
 0.998231 0.000589 0.000589 0.000591
 0.000591 0.998229 0.000589 0.000591
 0.942368 0.000589 0.016947 0.040095
 0.883727 0.000589 0.000589 0.115095
 0.998231 0.000589 0.000589 0.000591

MOTIF 44-GCCWGGC STREME-44
letter-probability matrix: alength= 4 w= 7 nsites= 2068 E= 7.9e-001
 0.000559 0.000557 0.998325 0.000559
 0.000559 0.998325 0.000557 0.000559
 0.000559 0.946974 0.050232 0.002235
 0.358258 0.141742 0.141742 0.358258
 0.002235 0.050232 0.946974 0.000559
 0.000559 0.000557 0.998325 0.000559
 0.000559 0.998325 0.000557 0.000559

MOTIF 45-AAGGTCA STREME-45
letter-probability matrix: alength= 4 w= 7 nsites= 539 E= 8.2e-001
 0.931845 0.022700 0.022700 0.022755
 0.931845 0.022700 0.022700 0.022755
 0.022755 0.022700 0.931791 0.022755
 0.022755 0.022700 0.931791 0.022755
 0.022755 0.022700 0.022700 0.931845
 0.022755 0.931791 0.022700 0.022755
 0.931845 0.022700 0.022700 0.022755

MOTIF 46-CAGAGTTCA STREME-46
letter-probability matrix: alength= 4 w= 9 nsites= 233 E= 8.8e-001
 0.000858 0.840939 0.000856 0.157347
 0.927734 0.024612 0.046796 0.000858
 0.000858 0.000856 0.833738 0.164548
 0.959621 0.038665 0.000856 0.000858
 0.000858 0.000856 0.997428 0.000858
 0.000858 0.000856 0.000856 0.997431
 0.075960 0.000856 0.000856 0.922328
 0.000858 0.997428 0.000856 0.000858
 0.997064 0.000856 0.001222 0.000858

MOTIF 47-CTCTGACTCAG STREME-47
letter-probability matrix: alength= 4 w= 11 nsites= 168 E= 8.8e-001
 0.033367 0.684592 0.033366 0.248676
 0.066065 0.000490 0.000490 0.932954
 0.000492 0.951190 0.000490 0.047829
 0.000492 0.014103 0.014103 0.971302
 0.000492 0.000490 0.998526 0.000492
 0.998528 0.000490 0.000490 0.000492
 0.000492 0.869762 0.129255 0.000492
 0.000492 0.000490 0.021462 0.977556
 0.000492 0.998526 0.000490 0.000492
 0.998528 0.000490 0.000490 0.000492
 0.145946 0.000490 0.853072 0.000492

MOTIF 48-GGAAGGAAA STREME-48
letter-probability matrix: alength= 4 w= 9 nsites= 1822 E= 9.1e-001
 0.141279 0.000243 0.858235 0.000243
 0.299634 0.000243 0.699880 0.000243
 0.815872 0.074871 0.109014 0.000243
 0.951180 0.000243 0.048334 0.000243
 0.035543 0.000243 0.963971 0.000243
 0.033633 0.037539 0.928584 0.000243
 0.816372 0.056024 0.109709 0.017896
 0.991570 0.000243 0.000243 0.007945
 0.870984 0.000243 0.000243 0.128531

MOTIF 49-AGCAGGTGACC STREME-49
letter-probability matrix: alength= 4 w= 11 nsites= 70 E= 9.3e-001
 0.997525 0.000824 0.000824 0.000826
 0.000826 0.000824 0.997523 0.000826
 0.000826 0.997523 0.000824 0.000826
 0.942264 0.000824 0.056086 0.000826
 0.072779 0.000824 0.925570 0.000826
 0.000826 0.000824 0.997523 0.000826
 0.000826 0.000824 0.000824 0.997525
 0.059270 0.000824 0.893315 0.046591
 0.997525 0.000824 0.000824 0.000826
 0.000826 0.948509 0.000824 0.049840
 0.000826 0.951759 0.046589 0.000826

MOTIF 50-TGCAAACAA STREME-50
letter-probability matrix: alength= 4 w= 9 nsites= 956 E= 9.9e-001
 0.000249 0.000248 0.150572 0.848931
 0.075443 0.066093 0.822878 0.035586
 0.070145 0.903073 0.026533 0.000249
 0.999254 0.000248 0.000248 0.000249
 0.999254 0.000248 0.000248 0.000249
 0.984929 0.014574 0.000248 0.000249
 0.000249 0.999254 0.000248 0.000249
 0.941729 0.034622 0.005993 0.017656
 0.577783 0.074432 0.076434 0.271351

MOTIF 51-CTTTGTCCAGC STREME-51
letter-probability matrix: alength= 4 w= 11 nsites= 110 E= 1.2e+000
 0.028321 0.937813 0.033269 0.000597
 0.028321 0.000782 0.017117 0.953780
 0.007454 0.000595 0.000595 0.991356
 0.003779 0.000595 0.017117 0.978509
 0.017118 0.000595 0.981690 0.000597
 0.017118 0.000595 0.000595 0.981691
 0.017118 0.908870 0.023850 0.050162
 0.040497 0.922922 0.000595 0.035986
 0.933919 0.000595 0.007452 0.058033
 0.050162 0.002133 0.930587 0.017118
 0.048607 0.791590 0.000595 0.159207

MOTIF 52-TTTAAAAA STREME-52
letter-probability matrix: alength= 4 w= 8 nsites= 557 E= 1.2e+000
 0.000845 0.000843 0.000843 0.997469
 0.000845 0.000843 0.000843 0.997469
 0.000845 0.000843 0.000843 0.997469
 0.997469 0.000843 0.000843 0.000845
 0.997469 0.000843 0.000843 0.000845
 0.984647 0.000843 0.000843 0.013666
 0.672732 0.000843 0.000843 0.325582
 0.997469 0.000843 0.000843 0.000845

MOTIF 53-ATTCATTC STREME-53
letter-probability matrix: alength= 4 w= 8 nsites= 219 E= 1.6e+000
 0.931845 0.022700 0.022700 0.022755
 0.022755 0.022700 0.022700 0.931845
 0.022755 0.022700 0.022700 0.931845
 0.022755 0.931791 0.022700 0.022755
 0.931845 0.022700 0.022700 0.022755
 0.022755 0.022700 0.022700 0.931845
 0.022755 0.022700 0.022700 0.931845
 0.022755 0.931791 0.022700 0.022755

MOTIF 54-AGGTCAAGGYY STREME-54
letter-probability matrix: alength= 4 w= 11 nsites= 299 E= 1.9e+000
 0.763460 0.000171 0.231449 0.004920
 0.033410 0.000171 0.950032 0.016387
 0.000171 0.025883 0.887810 0.086135
 0.000171 0.255905 0.000171 0.743752
 0.008140 0.931210 0.055730 0.004920
 0.937316 0.000171 0.048097 0.014416
 0.930972 0.004919 0.000171 0.063938
 0.000171 0.048097 0.921311 0.030421
 0.000171 0.000171 0.999486 0.000171
 0.066850 0.371134 0.000171 0.561845
 0.000171 0.597345 0.100576 0.301907

MOTIF 55-CTCTCTCTCTCTCTC STREME-55
letter-probability matrix: alength= 4 w= 15 nsites= 135 E= 2.3e+000
 0.000290 0.870632 0.000289 0.128789
 0.035748 0.072570 0.000289 0.891393
 0.000290 0.726071 0.104694 0.168945
 0.000290 0.083934 0.024383 0.891393
 0.000290 0.942912 0.016352 0.040446
 0.000290 0.008320 0.016352 0.975038
 0.008321 0.742133 0.000289 0.249256
 0.008321 0.032414 0.024383 0.934882
 0.016352 0.926850 0.000289 0.056508
 0.000290 0.071887 0.000289 0.927533
 0.040446 0.902757 0.040445 0.016352
 0.008321 0.064539 0.000289 0.926851
 0.000290 0.770925 0.112726 0.116060
 0.028399 0.128788 0.024383 0.818430
 0.084617 0.866616 0.032414 0.016352

MOTIF 56-TTCCWGGAA STREME-56
letter-probability matrix: alength= 4 w= 9 nsites= 333 E= 2.3e+000
 0.000785 0.000783 0.000783 0.997650
 0.144282 0.000783 0.000783 0.854153
 0.000785 0.997648 0.000783 0.000785
 0.000785 0.820367 0.000783 0.178065
 0.499217 0.000783 0.000783 0.499217
 0.178065 0.000783 0.820367 0.000785
 0.000785 0.000783 0.997648 0.000785
 0.854153 0.000783 0.000783 0.144282
 0.997650 0.000783 0.000783 0.000785

MOTIF 57-AAAGMAAAC STREME-57
letter-probability matrix: alength= 4 w= 9 nsites= 782 E= 9.2e+000
 0.968958 0.015782 0.000337 0.014924
 0.893067 0.017527 0.067858 0.021547
 0.914249 0.051405 0.015628 0.018718
 0.000337 0.148840 0.850485 0.000337
 0.299091 0.586696 0.000337 0.113877
 0.938103 0.000337 0.000337 0.061224
 0.998990 0.000337 0.000337 0.000337
 0.915149 0.021869 0.024606 0.038377
 0.058832 0.843548 0.043699 0.053921

MOTIF 58-AGGCRGGAGGATCRC STREME-58
letter-probability matrix: alength= 4 w= 15 nsites= 159 E= 1.2e+001
 0.964009 0.000316 0.035359 0.000316
 0.096686 0.035359 0.841357 0.026599
 0.044121 0.044120 0.911443 0.000316
 0.000316 0.709944 0.000316 0.289424
 0.578532 0.009076 0.350749 0.061642
 0.052881 0.000316 0.928965 0.017838
 0.044121 0.026598 0.920204 0.009077
 0.806314 0.035359 0.017837 0.140490
 0.070403 0.000316 0.928965 0.000316
 0.079164 0.000316 0.920204 0.000316
 0.972770 0.017837 0.009076 0.000316
 0.000316 0.000316 0.000316 0.999052
 0.000316 0.718705 0.026598 0.254381
 0.596054 0.052881 0.315706 0.035360
 0.000316 0.946487 0.000316 0.052881

MOTIF 59-CYACGTRG STREME-59
letter-probability matrix: alength= 4 w= 8 nsites= 354 E= 1.7e+001
 0.000692 0.659060 0.220304 0.119945
 0.000692 0.613498 0.030543 0.355268
 0.997928 0.000690 0.000690 0.000692
 0.000692 0.997927 0.000690 0.000692
 0.000692 0.000690 0.997927 0.000692
 0.000692 0.000690 0.000690 0.997928
 0.355268 0.030543 0.613498 0.000692
 0.119945 0.220304 0.659060 0.000692

********************************************************************************
Stopped because 3 consecutive motifs exceeded the p-value threshold (0.05).
********************************************************************************
COMMAND:	streme --verbosity 1 --oc meme_out_incomplete_DL/HepG2_FOSL2-human_ENCFF916GIW/streme_out -dna --seed 0 --p meme_out_incomplete_DL/HepG2_FOSL2-human_ENCFF916GIW/seqs-centered --minw 6 --maxw 15 --time 6167 --order 2 --thresh 0.05 --align center --totallength 4000000 --parse-genomic-coord
********************************************************************************
CPU:		9f05ee173ae9
********************************************************************************
FINALTIME:	4371.69 seconds
********************************************************************************
