********************************************************************************
STREME - Sensitive, Thorough, Rapid, Enriched Motif Elicitation
********************************************************************************
MEME version 5.5.3 (Release date: Sat Jun 10 16:19:38 2023 -0700)

For further information on how to interpret these results please access http://localhost:8080/meme_5.5.3.
To get a copy of the MEME Suite software please access https://meme-suite.org.

********************************************************************************


********************************************************************************
REFERENCE
********************************************************************************
If you use this program in your research, please cite:

Timothy L. Bailey,
"STREME: accurate and versatile sequence motif discovery",
Bioinformatics, Mar. 24, 2021.
********************************************************************************


ALPHABET= ACGT

strands: + -

Background letter frequencies
A 0.227 C 0.274 G 0.274 T 0.227 

MOTIF 1-AWGTAAACAA STREME-1
letter-probability matrix: alength= 4 w= 10 nsites= 4571 E= 3.2e-049
 0.625573 0.066365 0.196715 0.111348
 0.320478 0.033255 0.213382 0.432885
 0.104484 0.003659 0.887850 0.004008
 0.009253 0.044962 0.001521 0.944265
 0.913863 0.084124 0.001357 0.000656
 0.973507 0.022002 0.000907 0.003584
 0.982193 0.006610 0.003739 0.007458
 0.000014 0.811188 0.000789 0.188009
 0.980950 0.003082 0.007391 0.008576
 0.452356 0.175145 0.162132 0.210367

MOTIF 2-GCCCCGCCCCCN STREME-2
letter-probability matrix: alength= 4 w= 12 nsites= 2694 E= 2.2e-032
 0.071528 0.008748 0.789447 0.130278
 0.016720 0.889899 0.022235 0.071145
 0.033190 0.881541 0.000025 0.085244
 0.067979 0.931975 0.000025 0.000021
 0.000021 0.986824 0.000025 0.013131
 0.110058 0.000025 0.729410 0.160508
 0.004081 0.992565 0.000025 0.003329
 0.000021 0.999934 0.000025 0.000021
 0.002553 0.881482 0.000025 0.115941
 0.101781 0.827635 0.007096 0.063489
 0.039671 0.651609 0.128402 0.180318
 0.229166 0.264732 0.190189 0.315914

MOTIF 3-CAAAGKYCAN STREME-3
letter-probability matrix: alength= 4 w= 10 nsites= 2344 E= 5.9e-021
 0.000032 0.938752 0.000038 0.061177
 0.782880 0.150058 0.029584 0.037478
 0.817090 0.000038 0.182839 0.000032
 0.989878 0.010052 0.000038 0.000032
 0.000032 0.000038 0.999898 0.000032
 0.098943 0.000038 0.348490 0.552529
 0.022547 0.370846 0.018544 0.588064
 0.002657 0.983330 0.005310 0.008703
 0.923954 0.000038 0.001642 0.074365
 0.276048 0.252359 0.274724 0.196869

MOTIF 4-ACTACAWYTCCCAG STREME-4
letter-probability matrix: alength= 4 w= 14 nsites= 510 E= 3.6e-014
 0.975952 0.019563 0.002250 0.002235
 0.000071 0.999773 0.000085 0.000071
 0.004399 0.050761 0.000085 0.944755
 0.949981 0.000085 0.032549 0.017385
 0.000071 0.993280 0.000085 0.006563
 0.859084 0.015235 0.106132 0.019549
 0.521649 0.086654 0.069156 0.322540
 0.071490 0.368902 0.097476 0.462133
 0.040109 0.034713 0.004414 0.920764
 0.002235 0.971638 0.000085 0.026041
 0.000071 0.999773 0.000085 0.000071
 0.002235 0.995445 0.000085 0.002235
 0.796321 0.000085 0.201358 0.002235
 0.099625 0.060684 0.755216 0.084476

MOTIF 5-CTGGGATTACAGGCR STREME-5
letter-probability matrix: alength= 4 w= 15 nsites= 623 E= 5.2e-014
 0.002077 0.941456 0.008125 0.048341
 0.000066 0.014160 0.004102 0.981672
 0.106675 0.002091 0.891169 0.000066
 0.060410 0.010137 0.917318 0.012135
 0.034261 0.006114 0.949502 0.010123
 0.983684 0.002091 0.008125 0.006100
 0.002077 0.233412 0.008125 0.756385
 0.004089 0.036286 0.000079 0.959546
 0.975638 0.006114 0.014160 0.004089
 0.006100 0.917318 0.004102 0.072479
 0.981672 0.000079 0.016171 0.002077
 0.016158 0.000079 0.973640 0.010123
 0.048341 0.010137 0.929387 0.012135
 0.018169 0.796629 0.006114 0.179088
 0.436559 0.020194 0.529101 0.014146

MOTIF 6-CACTTCCGGB STREME-6
letter-probability matrix: alength= 4 w= 10 nsites= 2139 E= 8.9e-013
 0.131636 0.603534 0.153222 0.111608
 0.836612 0.000044 0.159993 0.003351
 0.000037 0.977953 0.003032 0.018979
 0.002934 0.000044 0.000044 0.996977
 0.005918 0.000044 0.003129 0.990909
 0.001159 0.998760 0.000044 0.000037
 0.000037 0.999882 0.000044 0.000037
 0.000037 0.009258 0.812154 0.178551
 0.009720 0.165767 0.739436 0.085076
 0.063711 0.325303 0.218503 0.392484

MOTIF 7-CCTCRGCCTCCCRAR STREME-7
letter-probability matrix: alength= 4 w= 15 nsites= 586 E= 9.5e-013
 0.001919 0.977501 0.001932 0.018647
 0.001919 0.968208 0.000073 0.029799
 0.000061 0.000073 0.000073 0.999792
 0.000061 0.740683 0.014943 0.244314
 0.493372 0.044009 0.406799 0.055820
 0.132024 0.000073 0.864124 0.003778
 0.009354 0.981219 0.003791 0.005637
 0.001919 0.955198 0.000073 0.042810
 0.000061 0.000073 0.000073 0.999792
 0.005637 0.930264 0.003791 0.060308
 0.007495 0.933210 0.013084 0.046211
 0.044668 0.723540 0.003791 0.228002
 0.577782 0.019431 0.380423 0.022364
 0.778515 0.000073 0.219492 0.001919
 0.447677 0.007508 0.541037 0.003778

MOTIF 8-AAARCAAACAA STREME-8
letter-probability matrix: alength= 4 w= 11 nsites= 1490 E= 1.3e-011
 0.854218 0.012830 0.000046 0.132905
 0.974934 0.000046 0.014146 0.010874
 0.742805 0.027926 0.131806 0.097463
 0.576359 0.116141 0.292405 0.015095
 0.319666 0.680249 0.000046 0.000038
 0.999869 0.000046 0.000046 0.000038
 0.999869 0.000046 0.000046 0.000038
 0.999869 0.000046 0.000046 0.000038
 0.198976 0.564771 0.000046 0.236207
 0.996020 0.000046 0.000046 0.003888
 0.573362 0.126366 0.101433 0.198839

MOTIF 9-TGCGCATGCGCA STREME-9
letter-probability matrix: alength= 4 w= 12 nsites= 509 E= 4.8e-011
 0.046094 0.191478 0.093838 0.668590
 0.055051 0.018496 0.925839 0.000613
 0.033292 0.961419 0.005205 0.000083
 0.017949 0.001377 0.978038 0.002636
 0.000083 0.999732 0.000101 0.000083
 0.689406 0.178450 0.112008 0.020136
 0.020136 0.112008 0.178450 0.689406
 0.000083 0.000101 0.999732 0.000083
 0.002636 0.978038 0.001377 0.017949
 0.000083 0.005205 0.961419 0.033292
 0.000613 0.925839 0.018496 0.055051
 0.668590 0.093838 0.191478 0.046094

MOTIF 10-VTGASTCAB STREME-10
letter-probability matrix: alength= 4 w= 9 nsites= 1155 E= 5.2e-011
 0.444333 0.231510 0.314281 0.009877
 0.000083 0.000100 0.000100 0.999718
 0.000083 0.000100 0.948115 0.051702
 0.959034 0.040784 0.000100 0.000083
 0.034276 0.465724 0.465724 0.034276
 0.000083 0.000100 0.040784 0.959034
 0.051702 0.948115 0.000100 0.000083
 0.999718 0.000100 0.000100 0.000083
 0.009877 0.314281 0.231510 0.444333

MOTIF 11-ACTGCACTCCAGCCT STREME-11
letter-probability matrix: alength= 4 w= 15 nsites= 469 E= 7.4e-011
 0.961948 0.008883 0.020301 0.008868
 0.002271 0.854635 0.006684 0.136410
 0.011067 0.028674 0.000087 0.960172
 0.024261 0.004485 0.962386 0.008868
 0.006669 0.911809 0.013281 0.068241
 0.986560 0.011082 0.000087 0.002271
 0.006669 0.798748 0.004485 0.190098
 0.011067 0.015480 0.004485 0.968968
 0.011067 0.937774 0.018102 0.033057
 0.000072 0.918406 0.000087 0.081435
 0.968968 0.002286 0.022077 0.006669
 0.017664 0.015480 0.957988 0.008868
 0.013266 0.897703 0.011994 0.077037
 0.002271 0.946993 0.011082 0.039654
 0.002271 0.039669 0.015480 0.942580

MOTIF 12-RTGACGTSAS STREME-12
letter-probability matrix: alength= 4 w= 10 nsites= 1346 E= 3.1e-010
 0.464434 0.000047 0.533107 0.002413
 0.000039 0.020373 0.000047 0.979541
 0.008839 0.274944 0.705583 0.010633
 0.948508 0.000047 0.048540 0.002905
 0.000039 0.892706 0.000047 0.107209
 0.000039 0.108304 0.891618 0.000039
 0.032014 0.000047 0.000047 0.967893
 0.210819 0.495192 0.255802 0.038187
 0.644396 0.075105 0.262366 0.018132
 0.103894 0.453418 0.304734 0.137954

MOTIF 13-RGCGCCCYCTGSTG STREME-13
letter-probability matrix: alength= 4 w= 14 nsites= 456 E= 8.0e-010
 0.511389 0.113839 0.287310 0.087462
 0.020282 0.051644 0.878972 0.049102
 0.000083 0.936613 0.005149 0.058155
 0.030381 0.000100 0.871162 0.098357
 0.045530 0.931563 0.002625 0.020282
 0.000083 0.999735 0.000100 0.000083
 0.287723 0.664122 0.025348 0.022806
 0.000083 0.654640 0.005149 0.340128
 0.000083 0.999735 0.000100 0.000083
 0.007657 0.008722 0.000100 0.983521
 0.159150 0.070468 0.730331 0.040051
 0.000083 0.493535 0.478526 0.027856
 0.089501 0.258627 0.045548 0.606324
 0.000083 0.002625 0.997210 0.000083

MOTIF 14-CCACCRYGCCYGGC STREME-14
letter-probability matrix: alength= 4 w= 14 nsites= 459 E= 1.2e-007
 0.012351 0.944731 0.000097 0.042820
 0.000080 0.950658 0.009914 0.039348
 0.976619 0.000097 0.023203 0.000080
 0.000080 0.955566 0.000097 0.044257
 0.009897 0.816638 0.012368 0.161096
 0.529068 0.019731 0.433941 0.017260
 0.009897 0.643876 0.000097 0.346130
 0.235032 0.009914 0.740249 0.014806
 0.009897 0.980109 0.000097 0.009897
 0.002534 0.953112 0.005005 0.039348
 0.018586 0.640710 0.005005 0.335698
 0.301953 0.007460 0.683144 0.007443
 0.036894 0.012368 0.950658 0.000080
 0.000080 0.970292 0.002551 0.027077

MOTIF 15-WGWGCAAAYA STREME-15
letter-probability matrix: alength= 4 w= 10 nsites= 1235 E= 5.4e-007
 0.390602 0.000093 0.000093 0.609212
 0.105616 0.244881 0.496905 0.152598
 0.413814 0.000093 0.197399 0.388694
 0.265501 0.000093 0.734329 0.000077
 0.000077 0.999753 0.000093 0.000077
 0.999737 0.000093 0.000093 0.000077
 0.999737 0.000093 0.000093 0.000077
 0.999737 0.000093 0.000093 0.000077
 0.000077 0.637190 0.000093 0.362640
 0.986202 0.000093 0.013628 0.000077

MOTIF 16-CRGCCAATCRG STREME-16
letter-probability matrix: alength= 4 w= 11 nsites= 788 E= 5.5e-007
 0.020710 0.511658 0.224266 0.243365
 0.551374 0.062307 0.363822 0.022497
 0.279995 0.003810 0.674506 0.041689
 0.000061 0.999804 0.000074 0.000061
 0.000061 0.999804 0.000074 0.000061
 0.999791 0.000074 0.000074 0.000061
 0.999791 0.000074 0.000074 0.000061
 0.000061 0.000074 0.000074 0.999791
 0.000061 0.692767 0.307111 0.000061
 0.568049 0.025614 0.406276 0.000061
 0.118687 0.146449 0.661098 0.073766

MOTIF 17-RACCTTGAACT STREME-17
letter-probability matrix: alength= 4 w= 11 nsites= 973 E= 8.4e-007
 0.354169 0.005486 0.628621 0.011724
 0.649016 0.008745 0.276224 0.066015
 0.050883 0.776647 0.050593 0.121878
 0.006475 0.818800 0.005834 0.168891
 0.007223 0.019675 0.001631 0.971471
 0.024475 0.072643 0.000062 0.902820
 0.004759 0.000062 0.995127 0.000051
 0.871442 0.001561 0.090287 0.036710
 0.610046 0.279389 0.071911 0.038653
 0.041588 0.952441 0.001631 0.004340
 0.079671 0.100366 0.001631 0.818332

MOTIF 18-CAAGATGGCGGCS STREME-18
letter-probability matrix: alength= 4 w= 13 nsites= 437 E= 1.8e-006
 0.123757 0.664948 0.154212 0.057082
 0.979897 0.000098 0.019924 0.000081
 0.984853 0.007533 0.000098 0.007516
 0.138627 0.231418 0.580307 0.049647
 0.999723 0.000098 0.000098 0.000081
 0.000081 0.000098 0.000098 0.999723
 0.000081 0.000098 0.999740 0.000081
 0.000081 0.000098 0.999740 0.000081
 0.037256 0.960087 0.000098 0.002559
 0.023414 0.134955 0.736378 0.105253
 0.106649 0.094881 0.751302 0.047169
 0.110385 0.831407 0.010011 0.048197
 0.110807 0.300028 0.426965 0.162200

MOTIF 19-GCAGTGAGCYRWGAT STREME-19
letter-probability matrix: alength= 4 w= 15 nsites= 414 E= 2.3e-006
 0.102949 0.005379 0.875760 0.015911
 0.002724 0.925873 0.000104 0.071299
 0.941680 0.000104 0.047579 0.010636
 0.026461 0.005379 0.968073 0.000086
 0.002724 0.010654 0.013292 0.973330
 0.047562 0.000104 0.952248 0.000086
 0.975968 0.008017 0.013292 0.002724
 0.071299 0.005379 0.923235 0.000086
 0.005361 0.891585 0.018567 0.084487
 0.034374 0.514420 0.015929 0.435277
 0.414177 0.000104 0.575083 0.010636
 0.498577 0.021204 0.015929 0.464289
 0.023824 0.005379 0.970711 0.000086
 0.986518 0.000104 0.008017 0.005361
 0.002724 0.015929 0.008017 0.973330

MOTIF 20-AGACYCYGTCTC STREME-20
letter-probability matrix: alength= 4 w= 12 nsites= 386 E= 2.8e-006
 0.973271 0.019751 0.000111 0.006867
 0.326968 0.000111 0.667218 0.005703
 0.999687 0.000111 0.000111 0.000092
 0.000092 0.950604 0.000111 0.049193
 0.005703 0.604155 0.011334 0.378808
 0.006868 0.896020 0.000111 0.097001
 0.013217 0.377254 0.005722 0.603807
 0.157217 0.000111 0.842581 0.000092
 0.004062 0.000111 0.000111 0.995717
 0.005703 0.980065 0.000111 0.014121
 0.005703 0.000111 0.002917 0.991269
 0.005703 0.988483 0.000111 0.005703

MOTIF 21-CTCAAGYGATCCTCC STREME-21
letter-probability matrix: alength= 4 w= 15 nsites= 485 E= 5.7e-006
 0.004478 0.702395 0.011101 0.282026
 0.002275 0.013304 0.002290 0.982132
 0.004478 0.935889 0.004492 0.055141
 0.984335 0.011101 0.002290 0.002275
 0.771041 0.030926 0.191353 0.006680
 0.081574 0.000087 0.891833 0.026505
 0.024302 0.430541 0.017709 0.527448
 0.235393 0.019912 0.740217 0.004478
 0.993146 0.004492 0.000087 0.002275
 0.000072 0.028723 0.004492 0.966713
 0.004478 0.693584 0.006695 0.295243
 0.002275 0.867603 0.002290 0.127833
 0.138846 0.008898 0.130050 0.722205
 0.013289 0.900644 0.015506 0.070561
 0.016405 0.877703 0.011101 0.094791

MOTIF 22-RTTRYRYAAY STREME-22
letter-probability matrix: alength= 4 w= 10 nsites= 1290 E= 2.4e-005
 0.499261 0.078734 0.421941 0.000064
 0.000064 0.000077 0.000077 0.999781
 0.000064 0.000077 0.069248 0.930610
 0.407206 0.000077 0.592652 0.000064
 0.085394 0.553763 0.063156 0.297687
 0.297687 0.063156 0.553763 0.085394
 0.000064 0.592652 0.000077 0.407206
 0.930610 0.069248 0.000077 0.000064
 0.999781 0.000077 0.000077 0.000064
 0.000064 0.421941 0.078734 0.499261

MOTIF 23-AGCCTGGSCAACA STREME-23
letter-probability matrix: alength= 4 w= 13 nsites= 244 E= 2.5e-005
 0.986098 0.000176 0.013580 0.000146
 0.026953 0.000176 0.869964 0.102906
 0.000146 0.963789 0.000176 0.035889
 0.009082 0.928046 0.004644 0.058228
 0.000146 0.000176 0.000176 0.999501
 0.049291 0.000176 0.923579 0.026953
 0.164016 0.000176 0.835661 0.000146
 0.035888 0.379943 0.552749 0.031420
 0.000146 0.878900 0.000176 0.120778
 0.923548 0.000176 0.076130 0.000146
 0.999501 0.000176 0.000176 0.000146
 0.000146 0.798478 0.004644 0.196731
 0.816320 0.000176 0.174422 0.009082

MOTIF 24-TYAATMAATA STREME-24
letter-probability matrix: alength= 4 w= 10 nsites= 984 E= 3.3e-004
 0.156421 0.000060 0.125084 0.718435
 0.104753 0.459301 0.195429 0.240517
 0.823794 0.000060 0.064524 0.111622
 0.828235 0.000060 0.160284 0.011421
 0.000050 0.190592 0.000060 0.809298
 0.646344 0.353546 0.000060 0.000050
 0.924923 0.000060 0.074967 0.000050
 0.794163 0.022048 0.000060 0.183729
 0.000050 0.084307 0.014103 0.901540
 0.861574 0.000060 0.126955 0.011410

MOTIF 25-GCCGCCGCCGCC STREME-25
letter-probability matrix: alength= 4 w= 12 nsites= 288 E= 1.7e-003
 0.025612 0.029478 0.944710 0.000200
 0.008271 0.868080 0.000242 0.123407
 0.000200 0.981723 0.017876 0.000200
 0.034083 0.000242 0.965475 0.000200
 0.010475 0.916995 0.031608 0.040922
 0.000200 0.970750 0.028849 0.000200
 0.034083 0.000242 0.965475 0.000200
 0.004281 0.921020 0.000242 0.074457
 0.000200 0.999358 0.000242 0.000200
 0.064264 0.000242 0.935294 0.000200
 0.006324 0.949524 0.037286 0.006865
 0.000200 0.780449 0.050410 0.168941

MOTIF 26-CCCCTCCCCC STREME-26
letter-probability matrix: alength= 4 w= 10 nsites= 696 E= 2.7e-003
 0.032695 0.922590 0.000240 0.044474
 0.045371 0.952698 0.001732 0.000198
 0.000416 0.997118 0.002267 0.000198
 0.137485 0.772585 0.025806 0.064125
 0.125781 0.000240 0.023304 0.850675
 0.089299 0.802552 0.068545 0.039604
 0.026753 0.954371 0.018678 0.000198
 0.005227 0.983824 0.010751 0.000198
 0.020643 0.964755 0.014404 0.000198
 0.052716 0.902964 0.044122 0.000198

MOTIF 27-CAAGGTCA STREME-27
letter-probability matrix: alength= 4 w= 8 nsites= 1445 E= 5.8e-003
 0.130647 0.763020 0.089212 0.017122
 0.834565 0.000181 0.115563 0.049691
 0.858060 0.000181 0.141610 0.000150
 0.000150 0.007965 0.991735 0.000150
 0.000150 0.000181 0.999520 0.000150
 0.000150 0.151045 0.000181 0.848624
 0.000150 0.970110 0.000181 0.029559
 0.904355 0.000181 0.059228 0.036236

MOTIF 28-STGWTGCAAY STREME-28
letter-probability matrix: alength= 4 w= 10 nsites= 359 E= 8.1e-003
 0.000206 0.316225 0.626691 0.056878
 0.000206 0.000248 0.000248 0.999298
 0.000206 0.000248 0.999341 0.000206
 0.655131 0.000248 0.000248 0.344372
 0.029475 0.000248 0.000248 0.970029
 0.000206 0.000248 0.999341 0.000206
 0.160311 0.780985 0.000248 0.058456
 0.999298 0.000248 0.000248 0.000206
 0.999298 0.000248 0.000248 0.000206
 0.000206 0.290746 0.136840 0.572208

MOTIF 29-ATAAACA STREME-29
letter-probability matrix: alength= 4 w= 7 nsites= 426 E= 1.2e-002
 0.929682 0.024864 0.024864 0.020591
 0.020591 0.024864 0.024864 0.929682
 0.929682 0.024864 0.024864 0.020591
 0.929682 0.024864 0.024864 0.020591
 0.929682 0.024864 0.024864 0.020591
 0.020591 0.933955 0.024864 0.020591
 0.929682 0.024864 0.024864 0.020591

MOTIF 30-CCGGAAAC STREME-30
letter-probability matrix: alength= 4 w= 8 nsites= 205 E= 1.3e-002
 0.020591 0.933955 0.024864 0.020591
 0.020591 0.933955 0.024864 0.020591
 0.020591 0.024864 0.933955 0.020591
 0.020591 0.024864 0.933955 0.020591
 0.929682 0.024864 0.024864 0.020591
 0.929682 0.024864 0.024864 0.020591
 0.929682 0.024864 0.024864 0.020591
 0.020591 0.933955 0.024864 0.020591

MOTIF 31-MTGTTGACA STREME-31
letter-probability matrix: alength= 4 w= 9 nsites= 420 E= 1.4e-002
 0.322064 0.443345 0.189498 0.045094
 0.000348 0.000420 0.000420 0.998812
 0.095010 0.000420 0.904222 0.000348
 0.266781 0.000420 0.000420 0.732379
 0.000348 0.000420 0.000420 0.998812
 0.000348 0.000420 0.998884 0.000348
 0.998812 0.000420 0.000420 0.000348
 0.000348 0.929499 0.000420 0.069733
 0.960903 0.038329 0.000420 0.000348

MOTIF 32-CCACTAGRKGGCAG STREME-32
letter-probability matrix: alength= 4 w= 14 nsites= 177 E= 1.6e-002
 0.015586 0.911105 0.041317 0.031993
 0.005307 0.989183 0.005342 0.000168
 0.853395 0.000203 0.099981 0.046421
 0.000168 0.879126 0.120538 0.000168
 0.000168 0.305550 0.064006 0.630276
 0.958314 0.005342 0.036176 0.000168
 0.000168 0.000203 0.999461 0.000168
 0.480248 0.000203 0.519381 0.000168
 0.000168 0.000203 0.538947 0.460682
 0.020725 0.000203 0.966493 0.012579
 0.077257 0.015621 0.788752 0.118370
 0.046421 0.819588 0.005342 0.128649
 0.791724 0.000203 0.123545 0.084528
 0.129638 0.218183 0.533808 0.118370

MOTIF 33-GTAAACA STREME-33
letter-probability matrix: alength= 4 w= 7 nsites= 152 E= 1.6e-002
 0.020591 0.024864 0.933955 0.020591
 0.020591 0.024864 0.024864 0.929682
 0.929682 0.024864 0.024864 0.020591
 0.929682 0.024864 0.024864 0.020591
 0.929682 0.024864 0.024864 0.020591
 0.020591 0.933955 0.024864 0.020591
 0.929682 0.024864 0.024864 0.020591

MOTIF 34-ATKDTGAAATV STREME-34
letter-probability matrix: alength= 4 w= 11 nsites= 223 E= 2.0e-002
 0.999183 0.000289 0.000289 0.000239
 0.000239 0.000289 0.000289 0.999183
 0.000239 0.000289 0.628104 0.371368
 0.435920 0.000289 0.297696 0.266095
 0.000239 0.000289 0.000289 0.999183
 0.044149 0.000289 0.940686 0.014876
 0.999183 0.000289 0.000289 0.000239
 0.999183 0.000289 0.000289 0.000239
 0.999183 0.000289 0.000289 0.000239
 0.000239 0.316410 0.000289 0.683062
 0.348645 0.373305 0.204759 0.073291

MOTIF 35-GCTGGGA STREME-35
letter-probability matrix: alength= 4 w= 7 nsites= 1055 E= 2.0e-002
 0.020591 0.024864 0.933955 0.020591
 0.020591 0.933955 0.024864 0.020591
 0.020591 0.024864 0.024864 0.929682
 0.020591 0.024864 0.933955 0.020591
 0.020591 0.024864 0.933955 0.020591
 0.020591 0.024864 0.933955 0.020591
 0.929682 0.024864 0.024864 0.020591

MOTIF 36-ACCACGTG STREME-36
letter-probability matrix: alength= 4 w= 8 nsites= 700 E= 2.5e-002
 0.662223 0.128771 0.133337 0.075669
 0.063811 0.672166 0.181748 0.082275
 0.002553 0.970109 0.009510 0.017827
 0.983164 0.000288 0.012380 0.004168
 0.000239 0.999235 0.000288 0.000239
 0.000239 0.000288 0.999235 0.000239
 0.003050 0.007949 0.000288 0.988713
 0.007521 0.012315 0.966146 0.014018

MOTIF 37-CTTCAAAG STREME-37
letter-probability matrix: alength= 4 w= 8 nsites= 259 E= 5.4e-002
 0.020591 0.933955 0.024864 0.020591
 0.020591 0.024864 0.024864 0.929682
 0.020591 0.024864 0.024864 0.929682
 0.020591 0.933955 0.024864 0.020591
 0.929682 0.024864 0.024864 0.020591
 0.929682 0.024864 0.024864 0.020591
 0.929682 0.024864 0.024864 0.020591
 0.020591 0.024864 0.933955 0.020591

MOTIF 38-ATGACGCAA STREME-38
letter-probability matrix: alength= 4 w= 9 nsites= 344 E= 6.3e-002
 0.814449 0.064245 0.120869 0.000437
 0.026839 0.008639 0.000527 0.963995
 0.000437 0.021097 0.964676 0.013790
 0.949155 0.000527 0.023478 0.026839
 0.150657 0.708625 0.073975 0.066743
 0.000437 0.000527 0.853225 0.145811
 0.013783 0.985254 0.000527 0.000437
 0.896196 0.025126 0.064888 0.013790
 0.769512 0.000527 0.229524 0.000437

MOTIF 39-AGATCAAAG STREME-39
letter-probability matrix: alength= 4 w= 9 nsites= 803 E= 6.7e-002
 0.902363 0.017458 0.054149 0.026030
 0.000157 0.061965 0.937721 0.000157
 0.919626 0.000189 0.000189 0.079995
 0.049586 0.028239 0.068596 0.853580
 0.000157 0.833519 0.166168 0.000157
 0.924410 0.000189 0.065981 0.009420
 0.997976 0.000189 0.000189 0.001645
 0.914116 0.013027 0.037658 0.035199
 0.000157 0.175249 0.824437 0.000157

MOTIF 40-TCTCGCGAGA STREME-40
letter-probability matrix: alength= 4 w= 10 nsites= 75 E= 8.0e-002
 0.000587 0.000708 0.000708 0.997996
 0.158308 0.840397 0.000708 0.000587
 0.000587 0.000708 0.000708 0.997996
 0.000587 0.998118 0.000708 0.000587
 0.000587 0.000708 0.998118 0.000587
 0.000587 0.998118 0.000708 0.000587
 0.000587 0.000708 0.998118 0.000587
 0.997996 0.000708 0.000708 0.000587
 0.000587 0.000708 0.840397 0.158308
 0.997996 0.000708 0.000708 0.000587

MOTIF 41-MTGTGTACACAK STREME-41
letter-probability matrix: alength= 4 w= 12 nsites= 210 E= 1.5e-001
 0.253674 0.505737 0.152358 0.088231
 0.145899 0.034620 0.000201 0.819279
 0.199143 0.023078 0.729859 0.047919
 0.110011 0.005285 0.026676 0.858028
 0.072114 0.016507 0.911213 0.000166
 0.000166 0.000201 0.000201 0.999432
 0.999432 0.000201 0.000201 0.000166
 0.000166 0.911213 0.016507 0.072114
 0.858028 0.026676 0.005285 0.110011
 0.047919 0.729859 0.023078 0.199143
 0.819279 0.000201 0.034620 0.145899
 0.088231 0.152358 0.505737 0.253674

MOTIF 42-CCCGCCCC STREME-42
letter-probability matrix: alength= 4 w= 8 nsites= 365 E= 1.5e-001
 0.020591 0.933955 0.024864 0.020591
 0.020591 0.933955 0.024864 0.020591
 0.020591 0.933955 0.024864 0.020591
 0.020591 0.024864 0.933955 0.020591
 0.020591 0.933955 0.024864 0.020591
 0.020591 0.933955 0.024864 0.020591
 0.020591 0.933955 0.024864 0.020591
 0.020591 0.933955 0.024864 0.020591

MOTIF 43-CTCGGCCTC STREME-43
letter-probability matrix: alength= 4 w= 9 nsites= 1364 E= 1.9e-001
 0.055318 0.918978 0.025525 0.000179
 0.035412 0.000216 0.000216 0.964157
 0.000179 0.999427 0.000216 0.000179
 0.050403 0.201522 0.695880 0.052196
 0.212477 0.047497 0.739848 0.000179
 0.000179 0.883500 0.020219 0.096102
 0.000179 0.792337 0.038607 0.168877
 0.062328 0.069436 0.042841 0.825395
 0.000179 0.999427 0.000216 0.000179

MOTIF 44-CCTCCTCCC STREME-44
letter-probability matrix: alength= 4 w= 9 nsites= 1996 E= 2.3e-001
 0.000180 0.912321 0.000218 0.087281
 0.000180 0.868727 0.000218 0.130874
 0.256622 0.000218 0.038656 0.704504
 0.000180 0.999421 0.000218 0.000180
 0.000180 0.696954 0.013945 0.288920
 0.091107 0.000218 0.094277 0.814398
 0.039087 0.830722 0.000218 0.129973
 0.000180 0.999421 0.000218 0.000180
 0.000180 0.999421 0.000218 0.000180

MOTIF 45-CTCTGTCRCC STREME-45
letter-probability matrix: alength= 4 w= 10 nsites= 310 E= 2.4e-001
 0.013582 0.985993 0.000232 0.000192
 0.000192 0.000232 0.102706 0.896870
 0.000192 0.930849 0.000232 0.068727
 0.000192 0.010534 0.089423 0.899851
 0.074017 0.000232 0.925559 0.000192
 0.000192 0.000232 0.000232 0.999344
 0.012779 0.727298 0.000232 0.259691
 0.527842 0.000232 0.471734 0.000192
 0.000192 0.902378 0.000232 0.097198
 0.000192 0.970522 0.029094 0.000192

MOTIF 46-CAYGTGACC STREME-46
letter-probability matrix: alength= 4 w= 9 nsites= 76 E= 2.6e-001
 0.001351 0.995666 0.001632 0.001351
 0.995385 0.001632 0.001632 0.001351
 0.001351 0.369498 0.001632 0.627519
 0.001351 0.001632 0.995666 0.001351
 0.001351 0.029818 0.001632 0.967199
 0.001351 0.001632 0.995666 0.001351
 0.995385 0.001632 0.001632 0.001351
 0.001351 0.995666 0.001632 0.001351
 0.001351 0.995666 0.001632 0.001351

MOTIF 47-GCAGCAGCGAC STREME-47
letter-probability matrix: alength= 4 w= 11 nsites= 722 E= 2.6e-001
 0.040991 0.059244 0.871827 0.027938
 0.043064 0.880373 0.045263 0.031300
 0.820882 0.062925 0.066613 0.049581
 0.043870 0.054603 0.889377 0.012150
 0.019281 0.916405 0.026540 0.037774
 0.833412 0.056625 0.071314 0.038649
 0.043313 0.051212 0.884619 0.020856
 0.080644 0.791304 0.073533 0.054519
 0.101513 0.077748 0.755793 0.064946
 0.747386 0.071938 0.127191 0.053485
 0.039358 0.770024 0.126993 0.063624

MOTIF 48-CAGGAGTTTGAGAC STREME-48
letter-probability matrix: alength= 4 w= 14 nsites= 90 E= 3.2e-001
 0.000447 0.916537 0.000540 0.082477
 0.998474 0.000540 0.000540 0.000447
 0.041462 0.000540 0.957552 0.000447
 0.055133 0.000540 0.943880 0.000447
 0.957459 0.014211 0.014211 0.014119
 0.027790 0.041555 0.930208 0.000447
 0.014119 0.055226 0.000540 0.930116
 0.000447 0.027883 0.000540 0.971130
 0.014119 0.164599 0.055226 0.766056
 0.027790 0.014211 0.957552 0.000447
 0.984802 0.000540 0.000540 0.014119
 0.000447 0.014211 0.984895 0.000447
 0.875429 0.000540 0.109912 0.014119
 0.014119 0.971223 0.000540 0.014119

MOTIF 49-TGASSTCA STREME-49
letter-probability matrix: alength= 4 w= 8 nsites= 179 E= 4.3e-001
 0.020591 0.024864 0.024864 0.929682
 0.020591 0.024864 0.933955 0.020591
 0.929682 0.024864 0.024864 0.020591
 0.020591 0.479409 0.479409 0.020591
 0.020591 0.479409 0.479409 0.020591
 0.020591 0.024864 0.024864 0.929682
 0.020591 0.933955 0.024864 0.020591
 0.929682 0.024864 0.024864 0.020591

MOTIF 50-AGGTGGCAGC STREME-50
letter-probability matrix: alength= 4 w= 10 nsites= 66 E= 4.8e-001
 0.929682 0.024864 0.024864 0.020591
 0.020591 0.024864 0.933955 0.020591
 0.020591 0.024864 0.933955 0.020591
 0.020591 0.024864 0.024864 0.929682
 0.020591 0.024864 0.933955 0.020591
 0.020591 0.024864 0.933955 0.020591
 0.020591 0.933955 0.024864 0.020591
 0.929682 0.024864 0.024864 0.020591
 0.020591 0.024864 0.933955 0.020591
 0.020591 0.933955 0.024864 0.020591

MOTIF 51-CAAAGGTTA STREME-51
letter-probability matrix: alength= 4 w= 9 nsites= 61 E= 4.8e-001
 0.020591 0.933955 0.024864 0.020591
 0.929682 0.024864 0.024864 0.020591
 0.929682 0.024864 0.024864 0.020591
 0.929682 0.024864 0.024864 0.020591
 0.020591 0.024864 0.933955 0.020591
 0.020591 0.024864 0.933955 0.020591
 0.020591 0.024864 0.024864 0.929682
 0.020591 0.024864 0.024864 0.929682
 0.929682 0.024864 0.024864 0.020591

MOTIF 52-CAAAGTCC STREME-52
letter-probability matrix: alength= 4 w= 8 nsites= 177 E= 5.5e-001
 0.020591 0.933955 0.024864 0.020591
 0.929682 0.024864 0.024864 0.020591
 0.929682 0.024864 0.024864 0.020591
 0.929682 0.024864 0.024864 0.020591
 0.020591 0.024864 0.933955 0.020591
 0.020591 0.024864 0.024864 0.929682
 0.020591 0.933955 0.024864 0.020591
 0.020591 0.933955 0.024864 0.020591

MOTIF 53-ATGTTGCAAT STREME-53
letter-probability matrix: alength= 4 w= 10 nsites= 60 E= 6.4e-001
 0.996699 0.001167 0.001167 0.000967
 0.000967 0.001167 0.001167 0.996699
 0.030528 0.030724 0.937781 0.000967
 0.000967 0.001167 0.001167 0.996699
 0.103732 0.001167 0.001167 0.893933
 0.018923 0.001167 0.978943 0.000967
 0.000967 0.828507 0.001167 0.169359
 0.937561 0.001167 0.060305 0.000967
 0.996699 0.001167 0.001167 0.000967
 0.000967 0.097235 0.001167 0.900631

MOTIF 54-ACACACACACACACA STREME-54
letter-probability matrix: alength= 4 w= 15 nsites= 153 E= 7.9e-001
 0.958295 0.000322 0.041117 0.000267
 0.016585 0.876761 0.000322 0.106332
 0.999089 0.000322 0.000322 0.000267
 0.049220 0.920085 0.022269 0.008426
 0.974612 0.000322 0.024799 0.000267
 0.000267 0.849185 0.011580 0.138968
 0.946750 0.003707 0.032958 0.016585
 0.000267 0.899199 0.051314 0.049220
 0.948565 0.001893 0.049276 0.000267
 0.000267 0.966509 0.000322 0.032902
 0.933818 0.016640 0.049276 0.000267
 0.073697 0.790524 0.000322 0.135457
 0.935180 0.000322 0.064231 0.000267
 0.089735 0.873620 0.036379 0.000267
 0.990930 0.000322 0.008481 0.000267

MOTIF 55-CCCCACCC STREME-55
letter-probability matrix: alength= 4 w= 8 nsites= 354 E= 9.1e-001
 0.020591 0.933955 0.024864 0.020591
 0.020591 0.933955 0.024864 0.020591
 0.020591 0.933955 0.024864 0.020591
 0.020591 0.933955 0.024864 0.020591
 0.929682 0.024864 0.024864 0.020591
 0.020591 0.933955 0.024864 0.020591
 0.020591 0.933955 0.024864 0.020591
 0.020591 0.933955 0.024864 0.020591

MOTIF 56-CCCAGCCCCGT STREME-56
letter-probability matrix: alength= 4 w= 11 nsites= 847 E= 1.2e+000
 0.067809 0.809770 0.018780 0.103641
 0.007511 0.978108 0.013769 0.000613
 0.014735 0.880611 0.031777 0.072878
 0.898292 0.041171 0.056733 0.003805
 0.070594 0.046992 0.847455 0.034958
 0.051825 0.857542 0.038910 0.051723
 0.046632 0.830524 0.037509 0.085334
 0.026844 0.820306 0.059448 0.093402
 0.062049 0.823942 0.054073 0.059935
 0.080010 0.025184 0.848228 0.046578
 0.112033 0.193604 0.169402 0.524961

MOTIF 57-CCATGGCGAC STREME-57
letter-probability matrix: alength= 4 w= 10 nsites= 168 E= 1.3e+000
 0.000322 0.924939 0.016934 0.057805
 0.016867 0.697908 0.268358 0.016867
 0.998899 0.000389 0.000389 0.000322
 0.000322 0.098803 0.000389 0.900485
 0.000322 0.006961 0.962810 0.029907
 0.167966 0.014338 0.803421 0.014276
 0.079830 0.870986 0.025367 0.023817
 0.207354 0.032566 0.759757 0.000322
 0.875926 0.000389 0.123363 0.000322
 0.000322 0.952837 0.000389 0.046452

MOTIF 58-CTGCAGCC STREME-58
letter-probability matrix: alength= 4 w= 8 nsites= 451 E= 1.4e+000
 0.020591 0.933955 0.024864 0.020591
 0.020591 0.024864 0.024864 0.929682
 0.020591 0.024864 0.933955 0.020591
 0.020591 0.933955 0.024864 0.020591
 0.929682 0.024864 0.024864 0.020591
 0.020591 0.024864 0.933955 0.020591
 0.020591 0.933955 0.024864 0.020591
 0.020591 0.933955 0.024864 0.020591

MOTIF 59-CAAAGGGCAG STREME-59
letter-probability matrix: alength= 4 w= 10 nsites= 365 E= 1.5e+000
 0.000330 0.950404 0.026768 0.022499
 0.904352 0.040039 0.015123 0.040486
 0.862635 0.000398 0.126562 0.010405
 0.887905 0.000398 0.023603 0.088093
 0.021956 0.000398 0.977317 0.000330
 0.000330 0.000398 0.863573 0.135700
 0.016791 0.000398 0.982481 0.000330
 0.053574 0.932445 0.000398 0.013583
 0.998874 0.000398 0.000398 0.000330
 0.207264 0.074086 0.627520 0.091131

MOTIF 60-AGATAAGV STREME-60
letter-probability matrix: alength= 4 w= 8 nsites= 448 E= 1.6e+000
 0.998142 0.000657 0.000657 0.000544
 0.000544 0.000657 0.998255 0.000544
 0.998142 0.000657 0.000657 0.000544
 0.000544 0.000657 0.000657 0.998142
 0.998142 0.000657 0.000657 0.000544
 0.998142 0.000657 0.000657 0.000544
 0.000544 0.269525 0.729387 0.000544
 0.415157 0.260857 0.323442 0.000544

MOTIF 61-GAGAGAGAGAGAGA STREME-61
letter-probability matrix: alength= 4 w= 14 nsites= 63 E= 1.6e+000
 0.000709 0.000856 0.997726 0.000709
 0.954204 0.022544 0.022544 0.000709
 0.070267 0.000856 0.928168 0.000709
 0.954204 0.044231 0.000856 0.000709
 0.137010 0.000856 0.861425 0.000709
 0.932516 0.000856 0.065918 0.000709
 0.000709 0.000856 0.997726 0.000709
 0.975891 0.000856 0.022544 0.000709
 0.000709 0.044231 0.954351 0.000709
 0.997579 0.000856 0.000856 0.000709
 0.174208 0.000856 0.802539 0.022396
 0.973322 0.000856 0.025113 0.000709
 0.065771 0.044231 0.889289 0.000709
 0.954204 0.022544 0.000856 0.022396

MOTIF 62-CACTTTGGGAGG STREME-62
letter-probability matrix: alength= 4 w= 12 nsites= 41 E= 1.6e+000
 0.001055 0.964329 0.001275 0.033341
 0.996395 0.001275 0.001275 0.001055
 0.001055 0.996614 0.001275 0.001055
 0.001055 0.014670 0.001275 0.983000
 0.097911 0.001275 0.001275 0.899540
 0.001055 0.001275 0.001275 0.996395
 0.033341 0.033560 0.932044 0.001055
 0.001055 0.001275 0.996614 0.001055
 0.079011 0.001275 0.918659 0.001055
 0.964110 0.001275 0.001275 0.033341
 0.033341 0.033560 0.932044 0.001055
 0.001055 0.001275 0.932044 0.065626

MOTIF 63-GTYGCTA STREME-63
letter-probability matrix: alength= 4 w= 7 nsites= 516 E= 1.7e+000
 0.000741 0.000895 0.997623 0.000741
 0.000741 0.000895 0.000895 0.997469
 0.000741 0.350193 0.000895 0.648171
 0.000741 0.000895 0.997623 0.000741
 0.000741 0.997623 0.000895 0.000741
 0.000741 0.000895 0.000895 0.997469
 0.997469 0.000895 0.000895 0.000741

MOTIF 64-GAATGAATGA STREME-64
letter-probability matrix: alength= 4 w= 10 nsites= 176 E= 1.7e+000
 0.061085 0.000494 0.938012 0.000409
 0.921765 0.046875 0.030951 0.000409
 0.965283 0.000494 0.033814 0.000409
 0.047968 0.000494 0.037245 0.914293
 0.030635 0.050558 0.918397 0.000409
 0.932038 0.027742 0.000494 0.039725
 0.869958 0.082359 0.047274 0.000409
 0.000409 0.013012 0.000494 0.986084
 0.025445 0.023201 0.950945 0.000409
 0.833267 0.071783 0.094540 0.000409

MOTIF 65-AGGAAG STREME-65
letter-probability matrix: alength= 4 w= 6 nsites= 2655 E= 1.8e+000
 0.929682 0.024864 0.024864 0.020591
 0.020591 0.024864 0.933955 0.020591
 0.020591 0.024864 0.933955 0.020591
 0.929682 0.024864 0.024864 0.020591
 0.929682 0.024864 0.024864 0.020591
 0.020591 0.024864 0.933955 0.020591

MOTIF 66-AATGWTTAAC STREME-66
letter-probability matrix: alength= 4 w= 10 nsites= 317 E= 2.0e+000
 0.811204 0.022902 0.065058 0.100836
 0.950347 0.049232 0.000230 0.000191
 0.000191 0.009206 0.000230 0.990373
 0.210174 0.064603 0.668784 0.056439
 0.383947 0.006564 0.096858 0.512631
 0.117793 0.004690 0.001541 0.875976
 0.000191 0.012828 0.000230 0.986751
 0.978726 0.000230 0.020854 0.000191
 0.819504 0.012920 0.083779 0.083797
 0.037780 0.891637 0.012278 0.058305

MOTIF 67-CACCCAGTTYGAGCT STREME-67
letter-probability matrix: alength= 4 w= 15 nsites= 44 E= 2.6e+000
 0.000880 0.997177 0.001063 0.000880
 0.754696 0.001063 0.216439 0.027802
 0.000880 0.997177 0.001063 0.000880
 0.000880 0.997177 0.001063 0.000880
 0.000880 0.997177 0.001063 0.000880
 0.970072 0.001063 0.001063 0.027802
 0.000880 0.027985 0.862567 0.108568
 0.000880 0.001063 0.001063 0.996994
 0.000880 0.027985 0.027985 0.943150
 0.000880 0.297205 0.162595 0.539320
 0.027802 0.162595 0.808723 0.000880
 0.862384 0.001063 0.001063 0.135490
 0.243178 0.027985 0.727957 0.000880
 0.000880 0.997177 0.001063 0.000880
 0.000880 0.027985 0.001063 0.970072

MOTIF 68-CTCAAGCCTCAGCA STREME-68
letter-probability matrix: alength= 4 w= 14 nsites= 136 E= 2.6e+000
 0.000269 0.971047 0.008551 0.020133
 0.016722 0.000325 0.016778 0.966176
 0.000269 0.982684 0.008551 0.008495
 0.941496 0.000325 0.033231 0.024948
 0.999082 0.000325 0.000325 0.000269
 0.000269 0.008549 0.982686 0.008495
 0.008495 0.958005 0.008551 0.024948
 0.008495 0.941552 0.008551 0.041401
 0.000269 0.000325 0.008551 0.990855
 0.024948 0.933326 0.016778 0.024948
 0.957949 0.000325 0.041457 0.000269
 0.000269 0.000325 0.999137 0.000269
 0.000269 0.867514 0.016778 0.115440
 0.974402 0.016778 0.008551 0.000269

MOTIF 69-ACTGCTGTGCTAGC STREME-69
letter-probability matrix: alength= 4 w= 14 nsites= 100 E= 2.6e+000
 0.937772 0.000481 0.024828 0.036919
 0.000398 0.986550 0.012654 0.000398
 0.000398 0.000481 0.000481 0.998641
 0.012572 0.012654 0.962202 0.012572
 0.000398 0.986550 0.000481 0.012572
 0.000398 0.000481 0.024828 0.974293
 0.012572 0.000481 0.974376 0.012572
 0.012572 0.097870 0.012654 0.876904
 0.012572 0.000481 0.986550 0.000398
 0.000398 0.986550 0.000481 0.012572
 0.012572 0.012654 0.012654 0.962120
 0.913425 0.000481 0.085696 0.000398
 0.024745 0.000481 0.974376 0.000398
 0.000398 0.974376 0.000481 0.024745

MOTIF 70-GAGGCCTGCCTGCC STREME-70
letter-probability matrix: alength= 4 w= 14 nsites= 51 E= 2.6e+000
 0.043658 0.000848 0.954792 0.000702
 0.933168 0.000848 0.043804 0.022180
 0.009614 0.022326 0.967358 0.000702
 0.065136 0.022326 0.911836 0.000702
 0.022180 0.954792 0.022326 0.000702
 0.022180 0.976270 0.000848 0.000702
 0.000702 0.000848 0.022326 0.976124
 0.000702 0.000848 0.976270 0.022180
 0.000702 0.976270 0.022326 0.000702
 0.022180 0.933314 0.000848 0.043658
 0.000702 0.000848 0.000848 0.997602
 0.000702 0.000848 0.997748 0.000702
 0.000702 0.976270 0.000848 0.022180
 0.022180 0.954792 0.000848 0.022180

MOTIF 71-CAGGAAGAGGAA STREME-71
letter-probability matrix: alength= 4 w= 12 nsites= 75 E= 2.6e+000
 0.095799 0.894475 0.009207 0.000519
 0.989647 0.009207 0.000627 0.000519
 0.000519 0.000627 0.998335 0.000519
 0.016395 0.032387 0.944110 0.007108
 0.812791 0.095907 0.090783 0.000519
 0.950587 0.000627 0.000627 0.048159
 0.027161 0.009207 0.963113 0.000519
 0.971585 0.000627 0.027269 0.000519
 0.027161 0.000627 0.965104 0.007108
 0.055710 0.000627 0.927264 0.016399
 0.899896 0.032387 0.051318 0.016399
 0.760037 0.064137 0.111787 0.064039

MOTIF 72-GGATTCGAACC STREME-72
letter-probability matrix: alength= 4 w= 11 nsites= 73 E= 2.6e+000
 0.000519 0.016504 0.966581 0.016396
 0.000519 0.000627 0.998335 0.000519
 0.887089 0.000627 0.064135 0.048150
 0.132277 0.080012 0.009205 0.778506
 0.000519 0.007214 0.000627 0.991640
 0.009097 0.815110 0.032381 0.143412
 0.048150 0.001353 0.949978 0.000519
 0.982350 0.000627 0.016504 0.000519
 0.982350 0.016504 0.000627 0.000519
 0.000519 0.966581 0.000627 0.032273
 0.016396 0.966581 0.016504 0.000519

MOTIF 73-GGGGAGGGA STREME-73
letter-probability matrix: alength= 4 w= 9 nsites= 121 E= 2.6e+000
 0.020591 0.024864 0.933955 0.020591
 0.020591 0.024864 0.933955 0.020591
 0.020591 0.024864 0.933955 0.020591
 0.020591 0.024864 0.933955 0.020591
 0.929682 0.024864 0.024864 0.020591
 0.020591 0.024864 0.933955 0.020591
 0.020591 0.024864 0.933955 0.020591
 0.020591 0.024864 0.933955 0.020591
 0.929682 0.024864 0.024864 0.020591

MOTIF 74-GAGCCCACCRCAGCT STREME-74
letter-probability matrix: alength= 4 w= 15 nsites= 131 E= 2.9e+000
 0.000257 0.000310 0.991310 0.008122
 0.983392 0.008176 0.008176 0.000257
 0.055313 0.000310 0.944120 0.000257
 0.000257 0.959850 0.008176 0.031717
 0.000257 0.991310 0.000310 0.008122
 0.023852 0.951985 0.000310 0.023852
 0.983392 0.008176 0.008176 0.000257
 0.015987 0.951985 0.008176 0.023852
 0.023852 0.716032 0.000310 0.259805
 0.511487 0.008176 0.480080 0.000257
 0.000257 0.983445 0.016041 0.000257
 0.983392 0.008176 0.000310 0.008122
 0.031717 0.000310 0.967715 0.000257
 0.000257 0.959850 0.000310 0.039583
 0.015987 0.000310 0.016041 0.967662

MOTIF 75-CAGCACCRYGGACA STREME-75
letter-probability matrix: alength= 4 w= 14 nsites= 76 E= 2.9e+000
 0.028406 0.914688 0.028501 0.028406
 0.984465 0.014526 0.000552 0.000457
 0.000457 0.000552 0.998535 0.000457
 0.000457 0.872764 0.126322 0.000457
 0.998440 0.000552 0.000552 0.000457
 0.000457 0.998535 0.000552 0.000457
 0.014431 0.970586 0.000552 0.014431
 0.447641 0.000552 0.405812 0.145996
 0.084304 0.545557 0.056450 0.313689
 0.014431 0.000552 0.984560 0.000457
 0.000457 0.070424 0.928662 0.000457
 0.844720 0.084399 0.042475 0.028406
 0.000457 0.816866 0.182220 0.000457
 0.900618 0.014526 0.084399 0.000457

MOTIF 76-AGCCTTGCTCAC STREME-76
letter-probability matrix: alength= 4 w= 12 nsites= 71 E= 2.9e+000
 0.826092 0.000742 0.075922 0.097245
 0.019409 0.000742 0.979234 0.000614
 0.000614 0.979234 0.019537 0.000614
 0.038204 0.941644 0.000742 0.019409
 0.038204 0.000742 0.000742 0.960312
 0.000614 0.000742 0.000742 0.997902
 0.019405 0.019532 0.960448 0.000614
 0.000614 0.960444 0.019537 0.019405
 0.000614 0.000742 0.000742 0.997902
 0.094589 0.866469 0.019532 0.019409
 0.903927 0.000742 0.075922 0.019409
 0.019405 0.928911 0.019537 0.032147

MOTIF 77-ACCATAGAG STREME-77
letter-probability matrix: alength= 4 w= 9 nsites= 43 E= 2.9e+000
 0.929682 0.024864 0.024864 0.020591
 0.020591 0.933955 0.024864 0.020591
 0.020591 0.933955 0.024864 0.020591
 0.929682 0.024864 0.024864 0.020591
 0.020591 0.024864 0.024864 0.929682
 0.929682 0.024864 0.024864 0.020591
 0.020591 0.024864 0.933955 0.020591
 0.929682 0.024864 0.024864 0.020591
 0.020591 0.024864 0.933955 0.020591

MOTIF 78-CATTTCC STREME-78
letter-probability matrix: alength= 4 w= 7 nsites= 715 E= 3.1e+000
 0.020591 0.933955 0.024864 0.020591
 0.929682 0.024864 0.024864 0.020591
 0.020591 0.024864 0.024864 0.929682
 0.020591 0.024864 0.024864 0.929682
 0.020591 0.024864 0.024864 0.929682
 0.020591 0.933955 0.024864 0.020591
 0.020591 0.933955 0.024864 0.020591

MOTIF 79-GAAAACA STREME-79
letter-probability matrix: alength= 4 w= 7 nsites= 916 E= 3.2e+000
 0.020591 0.024864 0.933955 0.020591
 0.929682 0.024864 0.024864 0.020591
 0.929682 0.024864 0.024864 0.020591
 0.929682 0.024864 0.024864 0.020591
 0.929682 0.024864 0.024864 0.020591
 0.020591 0.933955 0.024864 0.020591
 0.929682 0.024864 0.024864 0.020591

MOTIF 80-AAATATTARCCAR STREME-80
letter-probability matrix: alength= 4 w= 13 nsites= 108 E= 5.9e+000
 0.922727 0.019428 0.000376 0.057468
 0.932253 0.038481 0.019428 0.009838
 0.913201 0.009902 0.076585 0.000311
 0.113004 0.171847 0.028955 0.686194
 0.903675 0.000376 0.095638 0.000311
 0.000311 0.028955 0.048007 0.922727
 0.009838 0.038481 0.028955 0.922727
 0.932253 0.000376 0.019428 0.047942
 0.314674 0.042433 0.537793 0.105099
 0.057468 0.703690 0.019428 0.219413
 0.185261 0.652107 0.009902 0.152730
 0.913201 0.009902 0.019428 0.057468
 0.314674 0.086111 0.417906 0.181308

MOTIF 81-GCMTGCGCAGT STREME-81
letter-probability matrix: alength= 4 w= 11 nsites= 61 E= 1.4e+001
 0.199314 0.000784 0.799252 0.000649
 0.000649 0.997917 0.000784 0.000649
 0.620319 0.338514 0.040517 0.000649
 0.000649 0.000784 0.000784 0.997782
 0.020516 0.000784 0.978050 0.000649
 0.000649 0.997917 0.000784 0.000649
 0.000649 0.000784 0.997917 0.000649
 0.000649 0.997917 0.000784 0.000649
 0.918316 0.040517 0.040517 0.000649
 0.000649 0.119983 0.838985 0.040382
 0.080115 0.000784 0.000784 0.918316

MOTIF 82-TCTCTACWAAA STREME-82
letter-probability matrix: alength= 4 w= 11 nsites= 68 E= 1.9e+001
 0.016522 0.000632 0.000632 0.982215
 0.000523 0.847641 0.032642 0.119194
 0.016528 0.000632 0.000632 0.982208
 0.000523 0.879651 0.032642 0.087184
 0.000523 0.000632 0.000632 0.998213
 0.998213 0.000632 0.000632 0.000523
 0.027375 0.955465 0.000632 0.016528
 0.333896 0.109937 0.016637 0.539531
 0.934193 0.000632 0.064652 0.000523
 0.982208 0.000632 0.016637 0.000523
 0.998213 0.000632 0.000632 0.000523

********************************************************************************
Stopped because 3 consecutive motifs exceeded the p-value threshold (0.05).
********************************************************************************
COMMAND:	streme --verbosity 1 --oc meme_out_incomplete_DL/HepG2_FOXK1-human_ENCFF791TBH/streme_out -dna --seed 0 --p meme_out_incomplete_DL/HepG2_FOXK1-human_ENCFF791TBH/seqs-centered --minw 6 --maxw 15 --time 6182 --order 2 --thresh 0.05 --align center --totallength 4000000 --parse-genomic-coord
********************************************************************************
CPU:		9f05ee173ae9
********************************************************************************
FINALTIME:	2989.74 seconds
********************************************************************************
