********************************************************************************
STREME - Sensitive, Thorough, Rapid, Enriched Motif Elicitation
********************************************************************************
MEME version 5.5.3 (Release date: Sat Jun 10 16:19:38 2023 -0700)

For further information on how to interpret these results please access http://localhost:8080/meme_5.5.3.
To get a copy of the MEME Suite software please access https://meme-suite.org.

********************************************************************************


********************************************************************************
REFERENCE
********************************************************************************
If you use this program in your research, please cite:

Timothy L. Bailey,
"STREME: accurate and versatile sequence motif discovery",
Bioinformatics, Mar. 24, 2021.
********************************************************************************


ALPHABET= ACGT

strands: + -

Background letter frequencies
A 0.185 C 0.315 G 0.315 T 0.185 

MOTIF 1-RGGGGCGGGGCYD STREME-1
letter-probability matrix: alength= 4 w= 13 nsites= 3364 E= 3.9e-041
 0.284287 0.178206 0.467018 0.070488
 0.046503 0.000020 0.838855 0.114623
 0.087769 0.000020 0.912200 0.000011
 0.000011 0.000020 0.999957 0.000011
 0.000011 0.000020 0.996087 0.003882
 0.000011 0.969624 0.000020 0.030345
 0.006232 0.000020 0.993737 0.000011
 0.002329 0.000020 0.923745 0.073906
 0.086191 0.000020 0.875861 0.037929
 0.106453 0.020308 0.859547 0.013691
 0.059396 0.844648 0.020045 0.075911
 0.081681 0.491699 0.180333 0.246288
 0.238172 0.093305 0.324985 0.343538

MOTIF 2-RACTACAWYTCCCAG STREME-2
letter-probability matrix: alength= 4 w= 15 nsites= 920 E= 2.3e-022
 0.445607 0.029035 0.507213 0.018145
 0.980538 0.019375 0.000055 0.000032
 0.001240 0.998673 0.000055 0.000032
 0.001240 0.045941 0.000055 0.952765
 0.917747 0.029035 0.037488 0.015730
 0.002447 0.995051 0.001262 0.001240
 0.876691 0.025413 0.093034 0.004862
 0.516850 0.089411 0.100279 0.293459
 0.070068 0.382838 0.123222 0.423871
 0.055578 0.049563 0.012130 0.882729
 0.007277 0.964863 0.006092 0.021768
 0.000032 0.999881 0.000055 0.000032
 0.000032 0.992636 0.000055 0.007277
 0.780090 0.000055 0.217408 0.002447
 0.090596 0.076129 0.733019 0.100256

MOTIF 3-CAAGATGGCGGCSS STREME-3
letter-probability matrix: alength= 4 w= 14 nsites= 868 E= 1.0e-017
 0.117907 0.626729 0.184308 0.071056
 0.994667 0.000059 0.005240 0.000035
 0.915116 0.043341 0.013012 0.028531
 0.162484 0.207086 0.596717 0.033712
 0.999848 0.000059 0.000059 0.000035
 0.000035 0.000059 0.000059 0.999848
 0.000035 0.000059 0.999872 0.000035
 0.000035 0.000059 0.995986 0.003921
 0.023350 0.962308 0.000059 0.014283
 0.041484 0.119006 0.741033 0.098477
 0.123625 0.085515 0.738475 0.052384
 0.126754 0.781945 0.023374 0.067928
 0.112725 0.333234 0.390261 0.163780
 0.128269 0.269227 0.472939 0.129564

MOTIF 4-CACTTCCGGKT STREME-4
letter-probability matrix: alength= 4 w= 11 nsites= 1811 E= 3.7e-017
 0.079320 0.703506 0.077015 0.140160
 0.839965 0.004950 0.149798 0.005287
 0.003972 0.946387 0.019045 0.030596
 0.018601 0.003388 0.004425 0.973586
 0.009812 0.004270 0.005163 0.980755
 0.001267 0.994049 0.003360 0.001323
 0.001708 0.989817 0.005138 0.003337
 0.011920 0.005873 0.935827 0.046381
 0.026716 0.079787 0.861934 0.031563
 0.013000 0.234687 0.484357 0.267957
 0.086933 0.137274 0.226056 0.549737

MOTIF 5-SYGCGCATGCGCRS STREME-5
letter-probability matrix: alength= 4 w= 14 nsites= 1177 E= 1.6e-014
 0.089079 0.414519 0.377085 0.119316
 0.055984 0.300924 0.121394 0.521698
 0.098970 0.001030 0.899974 0.000026
 0.038995 0.954120 0.006859 0.000026
 0.033241 0.000045 0.966688 0.000026
 0.000026 0.999903 0.000045 0.000026
 0.658292 0.175558 0.139255 0.026895
 0.026895 0.139255 0.175558 0.658292
 0.000026 0.000045 0.999903 0.000026
 0.000026 0.966688 0.000045 0.033241
 0.000026 0.006859 0.954120 0.038995
 0.000026 0.899974 0.001030 0.098970
 0.521698 0.121394 0.300924 0.055984
 0.119316 0.377085 0.414519 0.089079

MOTIF 6-CAGCCAATCRG STREME-6
letter-probability matrix: alength= 4 w= 11 nsites= 1253 E= 1.2e-012
 0.047798 0.601113 0.176230 0.174859
 0.642602 0.035003 0.307013 0.015382
 0.209220 0.005275 0.757715 0.027790
 0.000030 0.997622 0.000051 0.002296
 0.004117 0.982621 0.004218 0.009043
 0.995335 0.000051 0.000051 0.004562
 0.999867 0.000051 0.000051 0.000030
 0.000030 0.011851 0.000051 0.988068
 0.061187 0.701088 0.235794 0.001931
 0.588220 0.061447 0.342763 0.007571
 0.109356 0.171226 0.649716 0.069702

MOTIF 7-RTGACGTCAY STREME-7
letter-probability matrix: alength= 4 w= 10 nsites= 1013 E= 2.0e-011
 0.269571 0.163690 0.528853 0.037886
 0.016836 0.039605 0.000064 0.943495
 0.022021 0.192030 0.684299 0.101650
 0.918906 0.000064 0.060871 0.020159
 0.000038 0.961650 0.000064 0.038248
 0.038248 0.000064 0.961650 0.000038
 0.020159 0.060871 0.000064 0.918906
 0.101650 0.684299 0.192030 0.022021
 0.943495 0.000064 0.039605 0.016836
 0.037886 0.528853 0.163690 0.269571

MOTIF 8-AWRYAAAYA STREME-8
letter-probability matrix: alength= 4 w= 9 nsites= 1727 E= 9.0e-011
 0.484028 0.174197 0.163115 0.178659
 0.575193 0.021267 0.038459 0.365081
 0.394529 0.000082 0.605342 0.000048
 0.000048 0.387533 0.000082 0.612337
 0.895428 0.104442 0.000082 0.000048
 0.982007 0.014844 0.003101 0.000048
 0.960551 0.000082 0.000082 0.039286
 0.000048 0.539559 0.000082 0.460311
 0.999789 0.000082 0.000082 0.000048

MOTIF 9-GCCGCCGCCGCCGCC STREME-9
letter-probability matrix: alength= 4 w= 15 nsites= 759 E= 3.7e-010
 0.034386 0.012910 0.950393 0.002311
 0.000042 0.919102 0.003302 0.077554
 0.050227 0.796290 0.000071 0.153412
 0.134945 0.000071 0.864943 0.000042
 0.017214 0.904698 0.000071 0.078017
 0.106681 0.737609 0.080746 0.074964
 0.075490 0.000071 0.924397 0.000042
 0.000042 0.824817 0.000071 0.175071
 0.000042 0.898536 0.002898 0.098523
 0.145039 0.017758 0.837161 0.000042
 0.015358 0.920640 0.000071 0.063931
 0.025795 0.852592 0.004754 0.116859
 0.055453 0.000071 0.850580 0.093896
 0.012531 0.914945 0.019405 0.053119
 0.014925 0.786782 0.075469 0.122824

MOTIF 10-CCRSCAGRGGGCGC STREME-10
letter-probability matrix: alength= 4 w= 14 nsites= 401 E= 6.6e-009
 0.000073 0.862105 0.056042 0.081780
 0.000073 0.999729 0.000124 0.000073
 0.532633 0.000124 0.417804 0.049439
 0.030203 0.641015 0.328709 0.000073
 0.000073 0.744070 0.088029 0.167828
 0.999678 0.000124 0.000124 0.000073
 0.000073 0.000124 0.991512 0.008290
 0.353716 0.000124 0.646086 0.000073
 0.000073 0.024776 0.761641 0.213510
 0.017644 0.000124 0.982158 0.000073
 0.017644 0.040136 0.912017 0.030203
 0.095730 0.852496 0.000124 0.051650
 0.238689 0.000124 0.761113 0.000073
 0.045035 0.757765 0.160382 0.036818

MOTIF 11-CCCCACCCC STREME-11
letter-probability matrix: alength= 4 w= 9 nsites= 1844 E= 2.1e-008
 0.018452 0.962718 0.001224 0.017605
 0.015195 0.958752 0.000228 0.025825
 0.006251 0.966378 0.008496 0.018876
 0.011009 0.908020 0.043340 0.037631
 0.742635 0.000129 0.079458 0.177778
 0.055534 0.879243 0.035912 0.029311
 0.012556 0.970022 0.011939 0.005483
 0.011990 0.907756 0.002543 0.077711
 0.014675 0.893344 0.031319 0.060662

MOTIF 12-CCTGTAATCCCAGC STREME-12
letter-probability matrix: alength= 4 w= 14 nsites= 203 E= 3.6e-006
 0.006534 0.942099 0.006652 0.044715
 0.006534 0.961189 0.000289 0.031988
 0.000170 0.025743 0.019380 0.954707
 0.044715 0.006652 0.948462 0.000170
 0.006534 0.019380 0.025743 0.948343
 0.980161 0.006652 0.013016 0.000170
 0.871980 0.000289 0.121197 0.006534
 0.000170 0.013016 0.006652 0.980161
 0.019261 0.973917 0.000289 0.006534
 0.025624 0.929371 0.013016 0.031988
 0.006534 0.929371 0.000289 0.063806
 0.986525 0.000289 0.006652 0.006534
 0.025624 0.019380 0.954826 0.000170
 0.012897 0.935735 0.013016 0.038352

MOTIF 13-AAAAAWAMAAAAA STREME-13
letter-probability matrix: alength= 4 w= 13 nsites= 299 E= 4.0e-006
 0.905005 0.018145 0.000222 0.076627
 0.979401 0.015358 0.000222 0.005019
 0.974225 0.005110 0.000222 0.020443
 0.910730 0.014887 0.069365 0.005019
 0.741511 0.234504 0.023854 0.000131
 0.654042 0.000222 0.000222 0.345514
 0.999425 0.000222 0.000222 0.000131
 0.517622 0.381291 0.088210 0.012878
 0.992508 0.000222 0.000222 0.007048
 0.785477 0.157050 0.030872 0.026601
 0.924074 0.034439 0.000222 0.041265
 0.999425 0.000222 0.000222 0.000131
 0.938553 0.036478 0.000222 0.024747

MOTIF 14-CACGTGACCVV STREME-14
letter-probability matrix: alength= 4 w= 11 nsites= 428 E= 3.3e-005
 0.011342 0.988388 0.000170 0.000100
 0.999560 0.000170 0.000170 0.000100
 0.000100 0.814343 0.000170 0.185387
 0.000100 0.000170 0.999630 0.000100
 0.000100 0.000170 0.000170 0.999560
 0.000100 0.044235 0.955565 0.000100
 0.999560 0.000170 0.000170 0.000100
 0.000100 0.954662 0.000170 0.045067
 0.040081 0.637880 0.134907 0.187132
 0.193737 0.383192 0.249709 0.173362
 0.214426 0.273296 0.346399 0.165879

MOTIF 15-AGGCTGGTCTCGAAC STREME-15
letter-probability matrix: alength= 4 w= 15 nsites= 99 E= 9.2e-004
 0.985880 0.000574 0.013209 0.000338
 0.038243 0.000574 0.922940 0.038243
 0.050878 0.000574 0.935575 0.012973
 0.088784 0.847129 0.000574 0.063514
 0.012973 0.000574 0.000574 0.985880
 0.025608 0.000574 0.922940 0.050878
 0.101419 0.000574 0.897670 0.000338
 0.000338 0.038479 0.000574 0.960609
 0.012973 0.948210 0.000574 0.038243
 0.000338 0.013209 0.013209 0.973245
 0.000338 0.670237 0.063749 0.265676
 0.215135 0.038479 0.746048 0.000338
 0.985880 0.000574 0.013209 0.000338
 0.884799 0.013209 0.000574 0.101419
 0.012973 0.948210 0.000574 0.038243

MOTIF 16-CTCCGCCTCCT STREME-16
letter-probability matrix: alength= 4 w= 11 nsites= 801 E= 1.4e-003
 0.000085 0.934212 0.008007 0.057697
 0.036220 0.024635 0.056248 0.882897
 0.002466 0.978014 0.016261 0.003259
 0.164325 0.701934 0.047426 0.086315
 0.110296 0.000144 0.690425 0.199135
 0.004975 0.991071 0.000144 0.003809
 0.003753 0.983750 0.005097 0.007400
 0.000085 0.000144 0.028874 0.970897
 0.000085 0.974757 0.008401 0.016757
 0.000085 0.960446 0.030941 0.008528
 0.005751 0.271907 0.032968 0.689374

MOTIF 17-CCAAGGTCA STREME-17
letter-probability matrix: alength= 4 w= 9 nsites= 1739 E= 2.0e-003
 0.084025 0.723690 0.062477 0.129807
 0.091501 0.796547 0.055317 0.056635
 0.859507 0.000915 0.098896 0.040683
 0.955859 0.010930 0.003618 0.029594
 0.010380 0.157887 0.815777 0.015956
 0.047807 0.007260 0.940761 0.004172
 0.025475 0.037968 0.012989 0.923568
 0.030635 0.885201 0.019340 0.064824
 0.909638 0.022882 0.064287 0.003193

MOTIF 18-CGCCCCCTCCC STREME-18
letter-probability matrix: alength= 4 w= 11 nsites= 327 E= 3.5e-003
 0.000333 0.927996 0.000566 0.071104
 0.012797 0.000566 0.986304 0.000333
 0.112509 0.795154 0.055785 0.036552
 0.010002 0.940103 0.049562 0.000333
 0.051639 0.898775 0.049253 0.000333
 0.048966 0.937671 0.013030 0.000333
 0.000333 0.934184 0.016341 0.049141
 0.017394 0.000566 0.000566 0.981474
 0.000333 0.875690 0.067999 0.055977
 0.051154 0.947801 0.000711 0.000333
 0.009377 0.965935 0.024354 0.000333

MOTIF 19-TCTCGCGAGATYT STREME-19
letter-probability matrix: alength= 4 w= 13 nsites= 145 E= 3.7e-003
 0.015153 0.015293 0.015293 0.954261
 0.057051 0.927456 0.000339 0.015153
 0.000200 0.000339 0.000339 0.999121
 0.000200 0.999261 0.000339 0.000200
 0.045060 0.000339 0.954400 0.000200
 0.000200 0.999261 0.000339 0.000200
 0.000200 0.000339 0.999261 0.000200
 0.939307 0.000339 0.037723 0.022630
 0.007677 0.075107 0.745051 0.172165
 0.864540 0.022770 0.112491 0.000200
 0.127305 0.102051 0.217165 0.553479
 0.037584 0.381653 0.007816 0.572947
 0.060014 0.082584 0.202212 0.655191

MOTIF 20-GGGCGGGGA STREME-20
letter-probability matrix: alength= 4 w= 9 nsites= 1355 E= 5.5e-003
 0.000241 0.000409 0.999110 0.000241
 0.000241 0.000409 0.972676 0.026674
 0.000241 0.000409 0.984409 0.014941
 0.000241 0.953091 0.000409 0.046259
 0.000241 0.083842 0.915677 0.000241
 0.000241 0.000409 0.999110 0.000241
 0.075058 0.000409 0.835783 0.088751
 0.051758 0.000409 0.909436 0.038397
 0.771853 0.182735 0.000409 0.045004

MOTIF 21-AAACCCCGTCTC STREME-21
letter-probability matrix: alength= 4 w= 12 nsites= 107 E= 8.3e-003
 0.983210 0.015706 0.000682 0.000402
 0.938137 0.000682 0.060779 0.000402
 0.991999 0.000682 0.000682 0.006637
 0.000402 0.998515 0.000682 0.000402
 0.000402 0.968466 0.000682 0.030450
 0.030450 0.938418 0.000682 0.030450
 0.015426 0.773152 0.000682 0.210740
 0.135619 0.000682 0.863297 0.000402
 0.000402 0.000682 0.000682 0.998234
 0.000402 0.923394 0.030731 0.045474
 0.000402 0.000682 0.015706 0.983210
 0.000402 0.953442 0.030731 0.015426

MOTIF 22-GCCACCRCGCCCGGC STREME-22
letter-probability matrix: alength= 4 w= 15 nsites= 120 E= 1.6e-002
 0.007672 0.007812 0.984316 0.000200
 0.015145 0.976843 0.007812 0.000200
 0.000200 0.976843 0.007812 0.015145
 0.984177 0.015284 0.000339 0.000200
 0.007672 0.917063 0.000339 0.074926
 0.000200 0.857282 0.007812 0.134706
 0.568117 0.000339 0.423871 0.007672
 0.007672 0.767611 0.000339 0.224378
 0.231850 0.052647 0.715303 0.000200
 0.022618 0.961898 0.007812 0.007672
 0.015145 0.894645 0.022757 0.067453
 0.037563 0.648049 0.007812 0.306576
 0.199554 0.000339 0.784962 0.015145
 0.000200 0.007812 0.946953 0.045035
 0.015145 0.976843 0.007812 0.000200

MOTIF 23-GGAAGCCGAGRC STREME-23
letter-probability matrix: alength= 4 w= 12 nsites= 1944 E= 1.6e-002
 0.090482 0.120066 0.777091 0.012361
 0.003708 0.001362 0.994245 0.000684
 0.896161 0.000030 0.000030 0.103778
 0.874744 0.113332 0.000030 0.011894
 0.219193 0.059109 0.718187 0.003511
 0.027463 0.876197 0.000030 0.096309
 0.160483 0.467257 0.162613 0.209648
 0.149566 0.013723 0.801373 0.035338
 0.783260 0.116706 0.083063 0.016971
 0.151669 0.077915 0.742926 0.027490
 0.390052 0.142067 0.364240 0.103641
 0.215324 0.436593 0.197941 0.150143

MOTIF 24-GTGACTCA STREME-24
letter-probability matrix: alength= 4 w= 8 nsites= 763 E= 1.8e-002
 0.150824 0.000389 0.848558 0.000229
 0.000229 0.000389 0.000389 0.998993
 0.018663 0.085132 0.876756 0.019450
 0.998993 0.000389 0.000389 0.000229
 0.001153 0.910288 0.083615 0.004945
 0.000229 0.000389 0.232405 0.766977
 0.026172 0.959943 0.000389 0.013497
 0.931611 0.000389 0.067771 0.000229

MOTIF 25-CCCAGCCCCGG STREME-25
letter-probability matrix: alength= 4 w= 11 nsites= 3803 E= 3.8e-002
 0.018807 0.923475 0.011739 0.045978
 0.004575 0.956679 0.036135 0.002611
 0.037458 0.807281 0.108207 0.047053
 0.955139 0.000139 0.029389 0.015332
 0.010088 0.020647 0.916883 0.052382
 0.043245 0.902150 0.014153 0.040452
 0.035812 0.899535 0.029021 0.035632
 0.042221 0.806717 0.015134 0.135928
 0.139200 0.659147 0.144803 0.056850
 0.066891 0.061937 0.858701 0.012470
 0.202875 0.153065 0.565862 0.078198

MOTIF 26-CAAAGTCCA STREME-26
letter-probability matrix: alength= 4 w= 9 nsites= 936 E= 9.8e-002
 0.014214 0.906588 0.000236 0.078962
 0.940552 0.042107 0.017202 0.000139
 0.802118 0.000236 0.196349 0.001297
 0.991118 0.008507 0.000236 0.000139
 0.000139 0.014879 0.960242 0.024740
 0.000139 0.043107 0.035803 0.920952
 0.021694 0.821918 0.029889 0.126499
 0.071931 0.910522 0.005433 0.012114
 0.884143 0.034553 0.019300 0.062004

MOTIF 27-GAGGGAGGGAGAGAG STREME-27
letter-probability matrix: alength= 4 w= 15 nsites= 201 E= 1.2e-001
 0.091597 0.021982 0.880842 0.005579
 0.897606 0.068353 0.000247 0.033795
 0.049049 0.000247 0.950559 0.000145
 0.271938 0.018803 0.709113 0.000145
 0.038182 0.005681 0.955992 0.000145
 0.939590 0.060019 0.000247 0.000145
 0.054483 0.027416 0.904833 0.013268
 0.230890 0.000247 0.768718 0.000145
 0.028442 0.016548 0.954865 0.000145
 0.834092 0.089443 0.054585 0.021880
 0.100209 0.000247 0.899399 0.000145
 0.617731 0.073141 0.303548 0.005579
 0.070785 0.089904 0.839166 0.000145
 0.730441 0.135168 0.099387 0.035003
 0.056739 0.087188 0.845061 0.011013

MOTIF 28-CCCCGCCTCCY STREME-28
letter-probability matrix: alength= 4 w= 11 nsites= 730 E= 1.4e-001
 0.035293 0.720961 0.000150 0.243596
 0.182129 0.817632 0.000150 0.000089
 0.000089 0.977606 0.000150 0.022155
 0.000089 0.999673 0.000150 0.000089
 0.000089 0.000150 0.844305 0.155456
 0.287905 0.695605 0.016401 0.000089
 0.023311 0.840728 0.061308 0.074653
 0.008500 0.000150 0.000150 0.991200
 0.104141 0.747782 0.000150 0.147927
 0.000089 0.928221 0.071602 0.000089
 0.064350 0.550172 0.092325 0.293153

MOTIF 29-GCATGCTGGGA STREME-29
letter-probability matrix: alength= 4 w= 11 nsites= 125 E= 1.9e-001
 0.014705 0.003410 0.971735 0.010150
 0.056573 0.858287 0.065105 0.020035
 0.998838 0.000449 0.000449 0.000264
 0.000264 0.000449 0.000449 0.998838
 0.039806 0.041895 0.811762 0.106538
 0.029920 0.921806 0.018354 0.029920
 0.017204 0.138495 0.020219 0.824081
 0.010150 0.020219 0.969367 0.000264
 0.000264 0.010334 0.969367 0.020035
 0.020035 0.005793 0.969805 0.004367
 0.953070 0.002101 0.005024 0.039806

MOTIF 30-ATCACTTGAGCCC STREME-30
letter-probability matrix: alength= 4 w= 13 nsites= 116 E= 2.4e-001
 0.998286 0.000662 0.000662 0.000390
 0.000390 0.000662 0.029834 0.969114
 0.000390 0.940214 0.015248 0.044148
 0.706567 0.000662 0.277795 0.014976
 0.021030 0.963332 0.000662 0.014976
 0.014976 0.015248 0.000662 0.969114
 0.000390 0.015248 0.000662 0.983700
 0.014976 0.000662 0.983972 0.000390
 0.998286 0.000662 0.000662 0.000390
 0.262936 0.000662 0.692254 0.044148
 0.087905 0.648496 0.204865 0.058734
 0.073319 0.750597 0.015248 0.160835
 0.000390 0.867285 0.015248 0.117077

MOTIF 31-CTGCAGCYRC STREME-31
letter-probability matrix: alength= 4 w= 10 nsites= 1661 E= 2.9e-001
 0.000091 0.999662 0.000155 0.000091
 0.191614 0.113276 0.000155 0.694954
 0.109621 0.000155 0.890133 0.000091
 0.000091 0.999662 0.000155 0.000091
 0.862492 0.000155 0.102732 0.034621
 0.000091 0.000155 0.999662 0.000091
 0.083181 0.877942 0.000155 0.038721
 0.208883 0.491289 0.051207 0.248620
 0.269604 0.061052 0.475866 0.193477
 0.000091 0.999662 0.000155 0.000091

MOTIF 32-AGGKCARAG STREME-32
letter-probability matrix: alength= 4 w= 9 nsites= 1222 E= 3.3e-001
 0.999188 0.000314 0.000314 0.000185
 0.071233 0.000314 0.928268 0.000185
 0.133880 0.016260 0.702115 0.147746
 0.000185 0.095916 0.576116 0.327783
 0.000185 0.977792 0.000314 0.021710
 0.935412 0.027795 0.036608 0.000185
 0.335742 0.000314 0.628076 0.035868
 0.838328 0.085167 0.036261 0.040243
 0.019743 0.000314 0.979758 0.000185

MOTIF 33-CGCGCGCGCTCCCGC STREME-33
letter-probability matrix: alength= 4 w= 15 nsites= 96 E= 3.5e-001
 0.013619 0.958895 0.027131 0.000355
 0.000355 0.000602 0.972160 0.026884
 0.093206 0.786457 0.013867 0.106470
 0.026884 0.000602 0.932366 0.040148
 0.000355 0.998689 0.000602 0.000355
 0.066677 0.027131 0.852779 0.053412
 0.053412 0.932366 0.013867 0.000355
 0.013619 0.013867 0.972160 0.000355
 0.026884 0.932366 0.027131 0.013619
 0.013619 0.080189 0.066925 0.839267
 0.106470 0.873803 0.006107 0.013619
 0.066677 0.759928 0.133247 0.040148
 0.000355 0.985424 0.013867 0.000355
 0.000355 0.032636 0.940125 0.026884
 0.093206 0.826250 0.040396 0.040148

MOTIF 34-ACGTCR STREME-34
letter-probability matrix: alength= 4 w= 6 nsites= 1680 E= 3.8e-001
 0.996577 0.001322 0.001322 0.000778
 0.000778 0.997121 0.001322 0.000778
 0.000778 0.001322 0.997121 0.000778
 0.000778 0.001322 0.001322 0.996577
 0.083480 0.775480 0.125560 0.015479
 0.659219 0.001322 0.338680 0.000778

MOTIF 35-AGCACCGCGGACAG STREME-35
letter-probability matrix: alength= 4 w= 14 nsites= 48 E= 4.7e-001
 0.923136 0.001119 0.025775 0.049970
 0.000659 0.025775 0.972907 0.000659
 0.025314 0.972907 0.001119 0.000659
 0.972447 0.001119 0.001119 0.025314
 0.000659 0.972907 0.001119 0.025314
 0.000659 0.948252 0.025775 0.025314
 0.271867 0.001119 0.701699 0.025314
 0.049970 0.740777 0.060663 0.148591
 0.000659 0.050430 0.948252 0.000659
 0.000659 0.050430 0.923597 0.025314
 0.972447 0.025775 0.001119 0.000659
 0.000659 0.948252 0.025775 0.025314
 0.937559 0.060663 0.001119 0.000659
 0.025314 0.050430 0.923597 0.000659

MOTIF 36-ACCAATGGG STREME-36
letter-probability matrix: alength= 4 w= 9 nsites= 105 E= 6.8e-001
 0.997306 0.001040 0.001040 0.000613
 0.000613 0.997734 0.001040 0.000613
 0.000613 0.981542 0.017232 0.000613
 0.981663 0.001040 0.016684 0.000613
 0.997306 0.001040 0.001040 0.000613
 0.000613 0.001040 0.001040 0.997306
 0.221706 0.080712 0.696969 0.000613
 0.000613 0.001040 0.997734 0.000613
 0.000613 0.001040 0.923235 0.075112

MOTIF 37-AGGAAGTGC STREME-37
letter-probability matrix: alength= 4 w= 9 nsites= 475 E= 7.4e-001
 0.917516 0.081580 0.000569 0.000335
 0.000335 0.000569 0.998761 0.000335
 0.069325 0.000569 0.758270 0.171835
 0.998527 0.000569 0.000569 0.000335
 0.882043 0.117053 0.000569 0.000335
 0.154635 0.000569 0.844461 0.000335
 0.000335 0.000569 0.000569 0.998527
 0.000335 0.000569 0.998761 0.000335
 0.111049 0.607431 0.168333 0.113188

MOTIF 38-AACCCGGA STREME-38
letter-probability matrix: alength= 4 w= 8 nsites= 763 E= 7.5e-001
 0.907506 0.000510 0.057038 0.034946
 0.871398 0.037853 0.000510 0.090240
 0.003212 0.977366 0.013600 0.005822
 0.000329 0.979887 0.003828 0.015955
 0.000300 0.989456 0.009944 0.000300
 0.236360 0.057036 0.665065 0.041539
 0.038345 0.004543 0.931452 0.025659
 0.875046 0.033020 0.072727 0.019207

MOTIF 39-CTTAAAGGGGC STREME-39
letter-probability matrix: alength= 4 w= 11 nsites= 81 E= 9.4e-001
 0.000461 0.915306 0.052530 0.031704
 0.000461 0.000783 0.000783 0.997973
 0.000461 0.000783 0.000783 0.997973
 0.946226 0.000783 0.000783 0.052208
 0.997973 0.000783 0.000783 0.000461
 0.997973 0.000783 0.000783 0.000461
 0.000461 0.018032 0.963797 0.017710
 0.069456 0.035281 0.894802 0.000461
 0.138452 0.113600 0.747487 0.000461
 0.060426 0.133534 0.805579 0.000461
 0.044517 0.919741 0.000783 0.034959

MOTIF 40-GCAGTGAGCYGAGAT STREME-40
letter-probability matrix: alength= 4 w= 15 nsites= 95 E= 9.4e-001
 0.123567 0.000560 0.875544 0.000329
 0.000329 0.912515 0.037531 0.049624
 0.949257 0.025207 0.025207 0.000329
 0.024977 0.037531 0.937163 0.000329
 0.000329 0.012883 0.012883 0.973904
 0.037301 0.000560 0.924839 0.037301
 0.961580 0.012883 0.025207 0.000329
 0.111243 0.012883 0.875544 0.000329
 0.012653 0.937163 0.000560 0.049624
 0.024977 0.567451 0.000560 0.407013
 0.259128 0.062178 0.678365 0.000329
 0.690458 0.012883 0.000560 0.296099
 0.012653 0.025207 0.961810 0.000329
 0.986228 0.000560 0.012883 0.000329
 0.037301 0.025207 0.000560 0.936933

MOTIF 41-CTGGGA STREME-41
letter-probability matrix: alength= 4 w= 6 nsites= 3132 E= 9.9e-001
 0.016845 0.937700 0.028609 0.016845
 0.016845 0.028609 0.028609 0.925936
 0.016845 0.028609 0.937700 0.016845
 0.016845 0.028609 0.937700 0.016845
 0.016845 0.028609 0.937700 0.016845
 0.925936 0.028609 0.028609 0.016845

MOTIF 42-ACCATAGAGA STREME-42
letter-probability matrix: alength= 4 w= 10 nsites= 83 E= 1.2e+000
 0.997957 0.000789 0.000789 0.000465
 0.000465 0.852012 0.000789 0.146734
 0.000465 0.998281 0.000789 0.000465
 0.997957 0.000789 0.000789 0.000465
 0.000465 0.000789 0.000789 0.997957
 0.828032 0.170714 0.000789 0.000465
 0.000465 0.000789 0.998281 0.000465
 0.997957 0.000789 0.000789 0.000465
 0.000465 0.094913 0.904158 0.000465
 0.688037 0.000789 0.000789 0.310385

MOTIF 43-CACCATGTTGGCC STREME-43
letter-probability matrix: alength= 4 w= 13 nsites= 80 E= 1.2e+000
 0.014551 0.970254 0.000643 0.014551
 0.955817 0.000643 0.000643 0.042896
 0.000379 0.984426 0.014816 0.000379
 0.000379 0.865164 0.000643 0.133813
 0.927472 0.000643 0.071506 0.000379
 0.000379 0.085678 0.014816 0.899127
 0.042896 0.043161 0.913564 0.000379
 0.000379 0.014816 0.091560 0.893245
 0.000379 0.000643 0.000643 0.998334
 0.127931 0.000643 0.871047 0.000379
 0.042896 0.204940 0.737612 0.014551
 0.028724 0.814357 0.000643 0.156276
 0.014551 0.871047 0.099851 0.014551

MOTIF 44-CACGTG STREME-44
letter-probability matrix: alength= 4 w= 6 nsites= 1424 E= 1.2e+000
 0.000466 0.670995 0.129783 0.198756
 0.997950 0.000792 0.000792 0.000466
 0.000466 0.998275 0.000792 0.000466
 0.000466 0.000792 0.998275 0.000466
 0.000466 0.000792 0.000792 0.997950
 0.198756 0.129783 0.670995 0.000466

MOTIF 45-CCTRGCAACCGS STREME-45
letter-probability matrix: alength= 4 w= 12 nsites= 166 E= 1.3e+000
 0.000179 0.985958 0.013684 0.000179
 0.208996 0.559324 0.043222 0.188458
 0.000179 0.129164 0.033755 0.836902
 0.636367 0.000304 0.363150 0.000179
 0.000179 0.013684 0.985958 0.000179
 0.020250 0.952506 0.000304 0.026940
 0.965762 0.000304 0.006994 0.026940
 0.985833 0.013684 0.000304 0.000179
 0.000179 0.999339 0.000304 0.000179
 0.037201 0.680547 0.282072 0.000179
 0.126158 0.033755 0.746243 0.093843
 0.054990 0.482615 0.446059 0.016336

MOTIF 46-ACGCACRCACGCAC STREME-46
letter-probability matrix: alength= 4 w= 14 nsites= 305 E= 1.6e+000
 0.834025 0.028638 0.125035 0.012303
 0.004173 0.957264 0.010001 0.028562
 0.247956 0.000185 0.699885 0.051975
 0.005860 0.878680 0.040832 0.074628
 0.943449 0.000185 0.056257 0.000109
 0.032626 0.922369 0.040832 0.004173
 0.327680 0.000185 0.643574 0.028562
 0.000109 0.866932 0.016443 0.116516
 0.937798 0.022195 0.039898 0.000109
 0.040756 0.921833 0.004249 0.033162
 0.262005 0.044896 0.664537 0.028562
 0.036691 0.893916 0.024573 0.044820
 0.846958 0.024573 0.071454 0.057015
 0.051952 0.824970 0.094516 0.028562

MOTIF 47-CCTGGGCRACA STREME-47
letter-probability matrix: alength= 4 w= 11 nsites= 78 E= 1.9e+000
 0.000362 0.998661 0.000615 0.000362
 0.028705 0.970318 0.000615 0.000362
 0.000362 0.000615 0.000615 0.998408
 0.000362 0.000615 0.998661 0.000362
 0.030053 0.000615 0.968970 0.000362
 0.036626 0.000615 0.926133 0.036626
 0.000362 0.729742 0.000615 0.269282
 0.544038 0.000615 0.427903 0.027444
 0.998408 0.000615 0.000615 0.000362
 0.000362 0.998661 0.000615 0.000362
 0.798156 0.046896 0.154586 0.000362

MOTIF 48-ACTTTGGGAGGC STREME-48
letter-probability matrix: alength= 4 w= 12 nsites= 47 E= 1.9e+000
 0.954353 0.000979 0.044092 0.000576
 0.000576 0.976312 0.022535 0.000576
 0.022133 0.000979 0.000979 0.975910
 0.022133 0.044092 0.022535 0.911240
 0.000576 0.000979 0.000979 0.997466
 0.009523 0.000979 0.924252 0.065246
 0.086803 0.022535 0.881139 0.009523
 0.009523 0.000979 0.967365 0.022133
 0.932796 0.022535 0.000979 0.043690
 0.000576 0.000979 0.976312 0.022133
 0.043690 0.022535 0.911642 0.022133
 0.000576 0.933199 0.022535 0.043690

MOTIF 49-ACCTGAGGTCAGGA STREME-49
letter-probability matrix: alength= 4 w= 14 nsites= 37 E= 1.9e+000
 0.863406 0.034680 0.101028 0.000887
 0.000887 0.963546 0.001506 0.034061
 0.000887 0.963546 0.001506 0.034061
 0.000887 0.001506 0.001506 0.996101
 0.000887 0.034680 0.963546 0.000887
 0.996101 0.001506 0.001506 0.000887
 0.067234 0.001506 0.930373 0.000887
 0.000887 0.001506 0.996720 0.000887
 0.000887 0.067854 0.001506 0.929753
 0.000887 0.996720 0.001506 0.000887
 0.962927 0.001506 0.034680 0.000887
 0.100408 0.034680 0.830851 0.034061
 0.034061 0.034680 0.930373 0.000887
 0.929753 0.034680 0.034680 0.000887

MOTIF 50-GGAGGGTGAGGCGG STREME-50
letter-probability matrix: alength= 4 w= 14 nsites= 23 E= 1.9e+000
 0.001522 0.083172 0.856833 0.058472
 0.001522 0.002586 0.994369 0.001522
 0.936356 0.002586 0.059535 0.001522
 0.001522 0.002586 0.994369 0.001522
 0.058472 0.002586 0.766570 0.172372
 0.001522 0.059535 0.880470 0.058472
 0.172372 0.002586 0.002586 0.822457
 0.001522 0.002586 0.994369 0.001522
 0.936356 0.002586 0.002586 0.058472
 0.001522 0.002586 0.994369 0.001522
 0.001522 0.002586 0.937420 0.058472
 0.001522 0.994369 0.002586 0.001522
 0.058472 0.002586 0.880470 0.058472
 0.001522 0.059535 0.937420 0.001522

MOTIF 51-CCACTGCACTCCAG STREME-51
letter-probability matrix: alength= 4 w= 14 nsites= 116 E= 2.1e+000
 0.028249 0.905745 0.019090 0.046916
 0.028249 0.961744 0.000424 0.009583
 0.952237 0.019090 0.028423 0.000250
 0.000250 0.821746 0.000424 0.177581
 0.018916 0.000424 0.000424 0.980237
 0.037582 0.009757 0.952411 0.000250
 0.009583 0.952411 0.000424 0.037582
 0.942904 0.037757 0.000424 0.018916
 0.009583 0.905745 0.009757 0.074915
 0.018916 0.000424 0.000424 0.980237
 0.018916 0.924412 0.047090 0.009583
 0.009583 0.896412 0.000424 0.093582
 0.989570 0.000424 0.000424 0.009583
 0.009583 0.000424 0.980411 0.009583

MOTIF 52-CTCGGCC STREME-52
letter-probability matrix: alength= 4 w= 7 nsites= 1034 E= 2.1e+000
 0.016845 0.937700 0.028609 0.016845
 0.016845 0.028609 0.028609 0.925936
 0.016845 0.937700 0.028609 0.016845
 0.016845 0.028609 0.937700 0.016845
 0.016845 0.028609 0.937700 0.016845
 0.016845 0.937700 0.028609 0.016845
 0.016845 0.937700 0.028609 0.016845

MOTIF 53-GCCATGGC STREME-53
letter-probability matrix: alength= 4 w= 8 nsites= 457 E= 2.3e+000
 0.086922 0.001186 0.911194 0.000698
 0.000698 0.896877 0.001186 0.101238
 0.000698 0.876152 0.093107 0.030043
 0.996929 0.001186 0.001186 0.000698
 0.000698 0.001186 0.001186 0.996929
 0.030043 0.093107 0.876152 0.000698
 0.101238 0.001186 0.896877 0.000698
 0.000698 0.911194 0.001186 0.086922

MOTIF 54-CTCCTCCCTCC STREME-54
letter-probability matrix: alength= 4 w= 11 nsites= 633 E= 2.4e+000
 0.004088 0.872739 0.000225 0.122948
 0.000132 0.000225 0.000225 0.999419
 0.000132 0.966281 0.033454 0.000132
 0.000132 0.899597 0.100139 0.000132
 0.000132 0.000225 0.217569 0.782074
 0.170979 0.798882 0.000225 0.029915
 0.000132 0.973653 0.026083 0.000132
 0.000132 0.692709 0.000225 0.306935
 0.134030 0.000225 0.061423 0.804322
 0.173142 0.746752 0.072661 0.007445
 0.049596 0.671357 0.141671 0.137376

MOTIF 55-AAASAAA STREME-55
letter-probability matrix: alength= 4 w= 7 nsites= 1510 E= 2.4e+000
 0.998134 0.000721 0.000721 0.000424
 0.962076 0.000721 0.000721 0.036483
 0.996485 0.002370 0.000721 0.000424
 0.000424 0.363143 0.478611 0.157822
 0.842826 0.122317 0.000721 0.034136
 0.937023 0.000721 0.000721 0.061535
 0.998134 0.000721 0.000721 0.000424

MOTIF 56-GGGAAGGGAA STREME-56
letter-probability matrix: alength= 4 w= 10 nsites= 552 E= 2.8e+000
 0.045033 0.002279 0.876147 0.076541
 0.065341 0.031823 0.900249 0.002587
 0.008000 0.009514 0.971496 0.010990
 0.862238 0.076066 0.011029 0.050667
 0.916319 0.001528 0.037008 0.045146
 0.040234 0.055534 0.900259 0.003974
 0.008586 0.015194 0.931035 0.045186
 0.007675 0.030002 0.882003 0.080319
 0.912111 0.021510 0.061384 0.004994
 0.827467 0.033264 0.115460 0.023809

MOTIF 57-CCCGCCCC STREME-57
letter-probability matrix: alength= 4 w= 8 nsites= 644 E= 2.9e+000
 0.016845 0.937700 0.028609 0.016845
 0.016845 0.937700 0.028609 0.016845
 0.016845 0.937700 0.028609 0.016845
 0.016845 0.028609 0.937700 0.016845
 0.016845 0.937700 0.028609 0.016845
 0.016845 0.937700 0.028609 0.016845
 0.016845 0.937700 0.028609 0.016845
 0.016845 0.937700 0.028609 0.016845

MOTIF 58-AGGTGAGTG STREME-58
letter-probability matrix: alength= 4 w= 9 nsites= 550 E= 1.6e+001
 0.689404 0.169861 0.088527 0.052208
 0.005702 0.000426 0.984248 0.009625
 0.004172 0.020654 0.969470 0.005703
 0.000251 0.010203 0.000426 0.989121
 0.020664 0.000426 0.943026 0.035884
 0.929450 0.004704 0.053497 0.012349
 0.004667 0.014645 0.978348 0.002340
 0.000251 0.162361 0.071352 0.766036
 0.004354 0.043934 0.943765 0.007947

MOTIF 59-GCGCAGGCGCYKV STREME-59
letter-probability matrix: alength= 4 w= 13 nsites= 138 E= 2.3e+001
 0.251146 0.031476 0.717190 0.000189
 0.050944 0.948547 0.000320 0.000189
 0.000189 0.000320 0.999302 0.000189
 0.000189 0.992246 0.000320 0.007245
 0.999171 0.000320 0.000320 0.000189
 0.000189 0.000320 0.999302 0.000189
 0.073684 0.039418 0.886710 0.000189
 0.000189 0.764028 0.035604 0.200180
 0.000189 0.040388 0.959234 0.000189
 0.000189 0.949906 0.000320 0.049585
 0.000189 0.299879 0.217457 0.482475
 0.091925 0.000320 0.573095 0.334660
 0.216176 0.424898 0.265272 0.093654

MOTIF 60-ATRGCGACG STREME-60
letter-probability matrix: alength= 4 w= 9 nsites= 399 E= 2.4e+001
 0.999290 0.000274 0.000274 0.000161
 0.019436 0.041616 0.000274 0.938674
 0.387720 0.004750 0.607369 0.000161
 0.206103 0.075211 0.518518 0.200168
 0.060549 0.939015 0.000274 0.000161
 0.216115 0.000274 0.783450 0.000161
 0.948210 0.000274 0.000274 0.051242
 0.000161 0.688405 0.000274 0.311159
 0.106396 0.174528 0.605690 0.113386

********************************************************************************
Stopped because 3 consecutive motifs exceeded the p-value threshold (0.05).
********************************************************************************
COMMAND:	streme --verbosity 1 --oc meme_out_incomplete_DL/HepG2_GMEB1-human_ENCFF665DFU/streme_out -dna --seed 0 --p meme_out_incomplete_DL/HepG2_GMEB1-human_ENCFF665DFU/seqs-centered --minw 6 --maxw 15 --time 6182 --order 2 --thresh 0.05 --align center --totallength 4000000 --parse-genomic-coord
********************************************************************************
CPU:		9f05ee173ae9
********************************************************************************
FINALTIME:	2209.51 seconds
********************************************************************************
