********************************************************************************
STREME - Sensitive, Thorough, Rapid, Enriched Motif Elicitation
********************************************************************************
MEME version 5.5.3 (Release date: Sat Jun 10 16:19:38 2023 -0700)

For further information on how to interpret these results please access http://localhost:8080/meme_5.5.3.
To get a copy of the MEME Suite software please access https://meme-suite.org.

********************************************************************************


********************************************************************************
REFERENCE
********************************************************************************
If you use this program in your research, please cite:

Timothy L. Bailey,
"STREME: accurate and versatile sequence motif discovery",
Bioinformatics, Mar. 24, 2021.
********************************************************************************


ALPHABET= ACGT

strands: + -

Background letter frequencies
A 0.179 C 0.321 G 0.321 T 0.179 

MOTIF 1-VGGGGCGGGGCC STREME-1
letter-probability matrix: alength= 4 w= 12 nsites= 807 E= 2.9e-005
 0.392405 0.216088 0.349648 0.041859
 0.096354 0.011985 0.838400 0.053262
 0.161976 0.006268 0.801276 0.030481
 0.000047 0.015662 0.980068 0.004222
 0.000047 0.007833 0.927110 0.065010
 0.000047 0.900124 0.000084 0.099745
 0.084931 0.018654 0.896368 0.000047
 0.000047 0.000084 0.937935 0.061934
 0.035210 0.003197 0.957161 0.004432
 0.124112 0.030968 0.788493 0.056427
 0.117461 0.765318 0.022527 0.094694
 0.066689 0.516288 0.238025 0.178998

MOTIF 2-GCGGCGGCGGCR STREME-2
letter-probability matrix: alength= 4 w= 12 nsites= 429 E= 1.7e-003
 0.125986 0.000138 0.844446 0.029430
 0.115328 0.809191 0.000138 0.075343
 0.060149 0.000138 0.906850 0.032863
 0.141677 0.000138 0.844951 0.013234
 0.031258 0.785277 0.000138 0.183327
 0.198434 0.014432 0.753698 0.033436
 0.112408 0.000138 0.887377 0.000077
 0.000077 0.981509 0.018337 0.000077
 0.098505 0.089060 0.633246 0.179189
 0.161310 0.062628 0.775985 0.000077
 0.000077 0.960930 0.000138 0.038855
 0.429817 0.000138 0.569968 0.000077

MOTIF 3-CCCAGCCC STREME-3
letter-probability matrix: alength= 4 w= 8 nsites= 1749 E= 4.6e-003
 0.000273 0.998966 0.000488 0.000273
 0.061768 0.769361 0.084498 0.084373
 0.000273 0.948024 0.022958 0.028745
 0.786257 0.060677 0.152793 0.000273
 0.064184 0.254141 0.662893 0.018781
 0.000273 0.998966 0.000488 0.000273
 0.155688 0.640396 0.000488 0.203428
 0.000273 0.998966 0.000488 0.000273

MOTIF 4-CAASATGGCGGC STREME-4
letter-probability matrix: alength= 4 w= 12 nsites= 147 E= 5.0e-003
 0.023860 0.610879 0.286201 0.079060
 0.999066 0.000365 0.000365 0.000204
 0.888676 0.102870 0.000365 0.008089
 0.098101 0.292145 0.570124 0.039631
 0.999066 0.000365 0.000365 0.000204
 0.000204 0.000365 0.000365 0.999066
 0.000204 0.039790 0.936145 0.023861
 0.000204 0.000365 0.983457 0.015974
 0.008089 0.913827 0.000365 0.077719
 0.134279 0.062106 0.685130 0.118485
 0.213111 0.118650 0.648993 0.019246
 0.150033 0.683809 0.071332 0.094826

MOTIF 5-ACTACAAYTCCC STREME-5
letter-probability matrix: alength= 4 w= 12 nsites= 162 E= 7.2e-003
 0.959348 0.031399 0.002870 0.006383
 0.000161 0.999390 0.000288 0.000161
 0.000161 0.037625 0.000288 0.961926
 0.943258 0.000288 0.043849 0.012605
 0.000161 0.993168 0.000288 0.006383
 0.812567 0.043847 0.112315 0.031271
 0.619409 0.043851 0.093642 0.243098
 0.081061 0.423888 0.164744 0.330308
 0.018830 0.068751 0.006511 0.905908
 0.012605 0.937168 0.000288 0.049939
 0.006383 0.968280 0.000288 0.025049
 0.006383 0.993168 0.000288 0.000161

MOTIF 6-CYGATTGGCY STREME-6
letter-probability matrix: alength= 4 w= 10 nsites= 98 E= 6.0e-002
 0.063882 0.703932 0.178910 0.053276
 0.000274 0.377764 0.000491 0.621472
 0.000274 0.214352 0.660597 0.124777
 0.998745 0.000491 0.000491 0.000274
 0.000274 0.000491 0.000491 0.998745
 0.010873 0.000491 0.000491 0.988146
 0.037458 0.000491 0.951179 0.010873
 0.010873 0.000491 0.988363 0.000274
 0.000274 0.779054 0.074685 0.145987
 0.000274 0.381890 0.000491 0.617345

MOTIF 7-RCCGGAAGTGVC STREME-7
letter-probability matrix: alength= 4 w= 12 nsites= 226 E= 1.0e-001
 0.508563 0.129371 0.319043 0.043022
 0.078366 0.700848 0.206363 0.014423
 0.191959 0.777120 0.026032 0.004890
 0.000123 0.009753 0.990000 0.000123
 0.000123 0.000221 0.975701 0.023955
 0.985136 0.004987 0.000221 0.009656
 0.966071 0.014520 0.004987 0.014423
 0.000123 0.000221 0.999533 0.000123
 0.000123 0.078471 0.000221 0.921185
 0.081155 0.023243 0.766780 0.128822
 0.268253 0.258819 0.442228 0.030700
 0.120990 0.584953 0.151744 0.142313

MOTIF 8-ATTACAGGCGTGAG STREME-8
letter-probability matrix: alength= 4 w= 14 nsites= 53 E= 2.4e-001
 0.911281 0.001317 0.029767 0.057635
 0.029186 0.029767 0.001317 0.939731
 0.000736 0.029767 0.029767 0.939731
 0.882831 0.029767 0.086667 0.000736
 0.029186 0.940312 0.001317 0.029186
 0.968181 0.001317 0.001317 0.029186
 0.114535 0.001317 0.883412 0.000736
 0.000736 0.058217 0.940312 0.000736
 0.086085 0.769592 0.029767 0.114555
 0.256805 0.058217 0.627336 0.057642
 0.029186 0.001317 0.001317 0.968181
 0.086085 0.086667 0.826512 0.000736
 0.939731 0.029767 0.001317 0.029186
 0.285235 0.001317 0.655812 0.057635

MOTIF 9-CTCGGCCTCCC STREME-9
letter-probability matrix: alength= 4 w= 11 nsites= 292 E= 2.7e-001
 0.004944 0.982659 0.005043 0.007354
 0.021408 0.000223 0.000223 0.978146
 0.029043 0.934860 0.000223 0.035874
 0.248993 0.000223 0.725297 0.025487
 0.000125 0.118278 0.816238 0.065359
 0.055144 0.917070 0.015612 0.012174
 0.022672 0.680496 0.208412 0.088420
 0.108005 0.000223 0.019513 0.872259
 0.004944 0.933263 0.056276 0.005517
 0.029045 0.795451 0.162470 0.013033
 0.076273 0.662785 0.096669 0.164273

MOTIF 10-ASGTSA STREME-10
letter-probability matrix: alength= 4 w= 6 nsites= 1732 E= 4.4e-001
 0.998912 0.000425 0.000425 0.000238
 0.016783 0.544391 0.339033 0.099793
 0.034574 0.000425 0.964763 0.000238
 0.000238 0.000425 0.000425 0.998912
 0.156016 0.487940 0.349046 0.006998
 0.824562 0.000425 0.174775 0.000238

MOTIF 11-GGCGGGAAA STREME-11
letter-probability matrix: alength= 4 w= 9 nsites= 287 E= 5.1e-001
 0.007488 0.076796 0.907699 0.008017
 0.020105 0.052293 0.905633 0.021969
 0.000363 0.968644 0.001762 0.029231
 0.012827 0.003511 0.950942 0.032720
 0.003517 0.035422 0.952906 0.008156
 0.000363 0.014671 0.976085 0.008881
 0.844741 0.011225 0.139861 0.004173
 0.877084 0.018404 0.104149 0.000363
 0.816452 0.041329 0.090370 0.051850

MOTIF 12-AAWAYAAA STREME-12
letter-probability matrix: alength= 4 w= 8 nsites= 294 E= 5.2e-001
 0.817211 0.000390 0.000390 0.182009
 0.812015 0.108955 0.000390 0.078640
 0.543202 0.000390 0.000390 0.456017
 0.999002 0.000390 0.000390 0.000218
 0.000218 0.493923 0.000390 0.505468
 0.840473 0.045392 0.000390 0.113745
 0.860027 0.000390 0.135248 0.004335
 0.737863 0.047755 0.000390 0.213992

MOTIF 13-AGGAAG STREME-13
letter-probability matrix: alength= 4 w= 6 nsites= 622 E= 6.1e-001
 0.925382 0.029164 0.029164 0.016291
 0.016291 0.029164 0.938255 0.016291
 0.016291 0.029164 0.938255 0.016291
 0.925382 0.029164 0.029164 0.016291
 0.925382 0.029164 0.029164 0.016291
 0.016291 0.029164 0.938255 0.016291

MOTIF 14-CGCCCCCTGGYGGC STREME-14
letter-probability matrix: alength= 4 w= 14 nsites= 45 E= 9.9e-001
 0.000573 0.887068 0.001025 0.111334
 0.000573 0.001025 0.931382 0.067020
 0.133468 0.820636 0.045324 0.000573
 0.000573 0.975680 0.001025 0.022722
 0.000573 0.975680 0.023174 0.000573
 0.000573 0.754177 0.001025 0.244225
 0.000573 0.997830 0.001025 0.000573
 0.000573 0.001025 0.001025 0.997377
 0.044871 0.001025 0.953531 0.000573
 0.000573 0.266821 0.687735 0.044871
 0.000573 0.576968 0.001025 0.421434
 0.000573 0.001025 0.997830 0.000573
 0.067020 0.156075 0.776332 0.000573
 0.177772 0.820630 0.001025 0.000573

MOTIF 15-GCGCATGCGC STREME-15
letter-probability matrix: alength= 4 w= 10 nsites= 131 E= 4.6e+000
 0.000476 0.000853 0.998195 0.000476
 0.000476 0.998195 0.000853 0.000476
 0.000476 0.000853 0.998195 0.000476
 0.008766 0.959753 0.000853 0.030629
 0.666093 0.221431 0.111999 0.000476
 0.000476 0.111999 0.221431 0.666093
 0.030629 0.000853 0.959753 0.008766
 0.000476 0.998195 0.000853 0.000476
 0.000476 0.000853 0.998195 0.000476
 0.000476 0.998195 0.000853 0.000476

MOTIF 16-AGGVCCCGGGAC STREME-16
letter-probability matrix: alength= 4 w= 12 nsites= 104 E= 1.2e+001
 0.997510 0.001913 0.000371 0.000207
 0.000207 0.000371 0.999215 0.000207
 0.014861 0.056432 0.920492 0.008215
 0.217178 0.418520 0.227950 0.136352
 0.016223 0.912488 0.003694 0.067596
 0.000207 0.751561 0.040414 0.207818
 0.109596 0.832225 0.017928 0.040251
 0.244551 0.000371 0.717407 0.037671
 0.051580 0.024394 0.883779 0.040247
 0.016223 0.000371 0.975191 0.008215
 0.620356 0.133938 0.115821 0.129886
 0.051583 0.830434 0.042371 0.075611

********************************************************************************
Stopped because 3 consecutive motifs exceeded the p-value threshold (0.05).
********************************************************************************
COMMAND:	streme --verbosity 1 --oc meme_out_incomplete_DL/HepG2_E2F2-human_ENCFF987IVP/streme_out -dna --seed 0 --p meme_out_incomplete_DL/HepG2_E2F2-human_ENCFF987IVP/seqs-centered --minw 6 --maxw 15 --time 6193 --order 2 --thresh 0.05 --align center --totallength 4000000 --parse-genomic-coord
********************************************************************************
CPU:		9f05ee173ae9
********************************************************************************
FINALTIME:	113.03 seconds
********************************************************************************
