********************************************************************************
STREME - Sensitive, Thorough, Rapid, Enriched Motif Elicitation
********************************************************************************
MEME version 5.5.3 (Release date: Sat Jun 10 16:19:38 2023 -0700)

For further information on how to interpret these results please access http://localhost:8080/meme_5.5.3.
To get a copy of the MEME Suite software please access https://meme-suite.org.

********************************************************************************


********************************************************************************
REFERENCE
********************************************************************************
If you use this program in your research, please cite:

Timothy L. Bailey,
"STREME: accurate and versatile sequence motif discovery",
Bioinformatics, Mar. 24, 2021.
********************************************************************************


ALPHABET= ACGT

strands: + -

Background letter frequencies
A 0.22 C 0.28 G 0.28 T 0.22 

MOTIF 1-CCTGTARTCCCAGC STREME-1
letter-probability matrix: alength= 4 w= 14 nsites= 2857 E= 8.0e-103
 0.003023 0.974730 0.005285 0.016962
 0.003023 0.976609 0.003402 0.016965
 0.005283 0.010182 0.004155 0.980381
 0.030175 0.004742 0.960554 0.004529
 0.002270 0.013954 0.002650 0.981126
 0.976597 0.005284 0.015472 0.002647
 0.524538 0.003780 0.467906 0.003776
 0.003399 0.009429 0.002649 0.984522
 0.005282 0.968320 0.004909 0.021489
 0.004529 0.967942 0.005285 0.022245
 0.002647 0.966948 0.002273 0.028132
 0.980384 0.004908 0.008673 0.006035
 0.023752 0.007167 0.966434 0.002646
 0.004530 0.974356 0.006791 0.014324

MOTIF 2-CCTGCCTCAGCCTCC STREME-2
letter-probability matrix: alength= 4 w= 15 nsites= 2921 E= 9.0e-102
 0.001887 0.952611 0.004516 0.040986
 0.005264 0.966546 0.002266 0.025924
 0.010893 0.267623 0.002641 0.718842
 0.052752 0.005268 0.934090 0.007890
 0.006390 0.955266 0.004142 0.034202
 0.002262 0.965429 0.003391 0.028918
 0.003763 0.006018 0.003390 0.986829
 0.004513 0.923642 0.003767 0.068078
 0.769321 0.007892 0.215867 0.006920
 0.005638 0.006330 0.985020 0.003012
 0.005638 0.973173 0.007298 0.013891
 0.002262 0.980080 0.001890 0.015767
 0.004138 0.010677 0.004516 0.980669
 0.004888 0.964685 0.003017 0.027410
 0.005044 0.957396 0.009769 0.027790

MOTIF 3-AGATCGAGAC STREME-3
letter-probability matrix: alength= 4 w= 10 nsites= 2646 E= 2.0e-084
 0.997349 0.001872 0.000300 0.000478
 0.012281 0.002799 0.983514 0.001405
 0.844109 0.000554 0.001873 0.153464
 0.002318 0.003457 0.237222 0.757003
 0.006893 0.862054 0.022539 0.108514
 0.165417 0.005694 0.827263 0.001626
 0.850638 0.148954 0.000157 0.000250
 0.003077 0.001873 0.993916 0.001134
 0.852544 0.143201 0.001459 0.002796
 0.004186 0.984518 0.000796 0.010499

MOTIF 4-CAKCCTGGSYAA STREME-4
letter-probability matrix: alength= 4 w= 12 nsites= 2531 E= 8.2e-080
 0.000014 0.970703 0.003095 0.026189
 0.994053 0.000018 0.004157 0.001772
 0.014432 0.008993 0.486939 0.489636
 0.003530 0.972818 0.002215 0.021437
 0.002651 0.974447 0.007931 0.014971
 0.000014 0.024431 0.000897 0.974658
 0.021787 0.002215 0.971149 0.004849
 0.061075 0.002375 0.934779 0.001772
 0.022002 0.635708 0.328201 0.014088
 0.001262 0.457539 0.001336 0.539863
 0.785755 0.000018 0.207618 0.006609
 0.996032 0.000860 0.001776 0.001333

MOTIF 5-AAATTAGCCGGGCGT STREME-5
letter-probability matrix: alength= 4 w= 15 nsites= 2265 E= 9.2e-074
 0.981998 0.012147 0.001960 0.003896
 0.974236 0.012147 0.003415 0.010203
 0.971325 0.006810 0.013603 0.008262
 0.018937 0.012632 0.006811 0.961620
 0.005837 0.019426 0.002930 0.971807
 0.990043 0.001475 0.006326 0.002157
 0.014568 0.005355 0.970359 0.009717
 0.005067 0.964335 0.007296 0.023301
 0.011174 0.699150 0.032064 0.257612
 0.230558 0.012633 0.739326 0.017482
 0.030296 0.012147 0.954632 0.002926
 0.035918 0.005273 0.952003 0.006806
 0.011659 0.841707 0.003900 0.142734
 0.192127 0.017972 0.774847 0.015054
 0.018942 0.103573 0.006326 0.871159

MOTIF 6-GTCTCTACTAAAAAT STREME-6
letter-probability matrix: alength= 4 w= 15 nsites= 2208 E= 6.3e-071
 0.190878 0.008351 0.791933 0.008838
 0.003935 0.016199 0.001490 0.978376
 0.004916 0.972992 0.008352 0.013739
 0.001975 0.004430 0.002470 0.991125
 0.002465 0.964653 0.018160 0.014722
 0.004916 0.030911 0.000020 0.964153
 0.983766 0.001490 0.013748 0.000996
 0.008347 0.964171 0.008841 0.018642
 0.017169 0.027959 0.004429 0.950442
 0.962191 0.002960 0.028954 0.005895
 0.992105 0.003450 0.001980 0.002465
 0.985734 0.007370 0.005900 0.000995
 0.975442 0.006880 0.005900 0.011779
 0.952892 0.009331 0.015215 0.022562
 0.117430 0.037302 0.005410 0.839858

MOTIF 7-AGAATGGCKTGA STREME-7
letter-probability matrix: alength= 4 w= 12 nsites= 2128 E= 1.4e-066
 0.988154 0.000533 0.010784 0.000529
 0.015315 0.005146 0.974911 0.004628
 0.960429 0.004121 0.035434 0.000016
 0.995630 0.001046 0.003308 0.000016
 0.005143 0.023090 0.005146 0.966621
 0.013143 0.261895 0.655571 0.069391
 0.066865 0.006683 0.917718 0.008733
 0.000016 0.949611 0.002070 0.048303
 0.033927 0.008502 0.617164 0.340407
 0.005654 0.021565 0.020022 0.952760
 0.022576 0.004633 0.968674 0.004117
 0.995427 0.000021 0.004536 0.000016

MOTIF 8-GCTCACTGCAASCTC STREME-8
letter-probability matrix: alength= 4 w= 15 nsites= 1958 E= 2.8e-063
 0.028682 0.004516 0.960043 0.006759
 0.002265 0.969037 0.003954 0.024744
 0.000580 0.009013 0.009010 0.981398
 0.005635 0.963985 0.004516 0.025864
 0.969036 0.003955 0.024183 0.002826
 0.002826 0.972971 0.005079 0.019124
 0.004512 0.071444 0.006202 0.917843
 0.028672 0.002831 0.965109 0.003388
 0.011816 0.959818 0.003393 0.024973
 0.984770 0.007326 0.005078 0.002826
 0.935610 0.003393 0.059294 0.001703
 0.027585 0.379469 0.575509 0.017437
 0.006758 0.958365 0.003393 0.031484
 0.007882 0.017999 0.009011 0.965108
 0.003949 0.976912 0.006202 0.012937

MOTIF 9-GGGGTTTCACCRTG STREME-9
letter-probability matrix: alength= 4 w= 14 nsites= 1970 E= 3.5e-055
 0.132933 0.006590 0.849114 0.011362
 0.031084 0.010172 0.953702 0.005042
 0.022710 0.007784 0.962323 0.007182
 0.024507 0.005993 0.958136 0.011363
 0.001810 0.006591 0.000621 0.990978
 0.001810 0.005993 0.001815 0.990382
 0.001213 0.004799 0.001218 0.992770
 0.003003 0.971274 0.000024 0.025698
 0.910324 0.006591 0.046608 0.036477
 0.004197 0.967098 0.000621 0.028084
 0.005990 0.897400 0.007189 0.089421
 0.442458 0.004800 0.522818 0.029924
 0.002407 0.020326 0.003009 0.974259
 0.041828 0.007785 0.914465 0.035921

MOTIF 10-CGCCTCCCGGGT STREME-10
letter-probability matrix: alength= 4 w= 12 nsites= 1834 E= 1.3e-049
 0.030345 0.821566 0.000026 0.148064
 0.110172 0.004457 0.880918 0.004453
 0.000020 0.991275 0.000659 0.008046
 0.001286 0.965715 0.000659 0.032340
 0.001549 0.004457 0.000026 0.993968
 0.003185 0.964569 0.003825 0.028422
 0.003186 0.968603 0.016239 0.011973
 0.010996 0.780882 0.009233 0.198889
 0.239449 0.007254 0.741537 0.011759
 0.059118 0.010681 0.927016 0.003186
 0.019605 0.001292 0.979084 0.000020
 0.000020 0.004722 0.001554 0.993703

MOTIF 11-CCTGACCTCGTGA STREME-11
letter-probability matrix: alength= 4 w= 13 nsites= 1421 E= 2.6e-046
 0.000024 0.963690 0.006967 0.029318
 0.003107 0.943313 0.000031 0.053549
 0.003877 0.036271 0.000802 0.959051
 0.010812 0.003884 0.979116 0.006189
 0.992979 0.001572 0.003884 0.001565
 0.004647 0.966004 0.002343 0.027006
 0.003877 0.979115 0.002342 0.014666
 0.000024 0.004654 0.004203 0.991118
 0.003877 0.869200 0.005425 0.121498
 0.262361 0.006966 0.723713 0.006960
 0.042610 0.006966 0.130721 0.819703
 0.016979 0.003113 0.975260 0.004647
 0.826785 0.009279 0.007737 0.156200

MOTIF 12-CGCCCGCCACC STREME-12
letter-probability matrix: alength= 4 w= 11 nsites= 1997 E= 3.5e-044
 0.008973 0.867568 0.000025 0.123434
 0.242106 0.006400 0.739319 0.012176
 0.008848 0.861049 0.008764 0.121339
 0.027756 0.808316 0.160505 0.003423
 0.000019 0.852543 0.003601 0.143837
 0.114345 0.005565 0.880070 0.000019
 0.000019 0.986311 0.000025 0.013644
 0.000633 0.956176 0.000025 0.043167
 0.997799 0.000025 0.002157 0.000019
 0.013155 0.964975 0.000025 0.021845
 0.002152 0.941203 0.000025 0.056620

MOTIF 13-ACTGCACTC STREME-13
letter-probability matrix: alength= 4 w= 9 nsites= 1404 E= 1.3e-035
 0.999902 0.000035 0.000035 0.000028
 0.000028 0.882633 0.000035 0.117305
 0.000028 0.000035 0.000035 0.999902
 0.000028 0.000035 0.999909 0.000028
 0.000028 0.999909 0.000035 0.000028
 0.999902 0.000035 0.000035 0.000028
 0.003850 0.964564 0.015524 0.016062
 0.000028 0.000035 0.000035 0.999902
 0.001482 0.985469 0.000035 0.013014

MOTIF 14-CGTGAGCCACCGCGC STREME-14
letter-probability matrix: alength= 4 w= 15 nsites= 775 E= 1.8e-023
 0.001464 0.931737 0.000057 0.066742
 0.063910 0.002894 0.926057 0.007138
 0.001464 0.035532 0.009987 0.953018
 0.025583 0.008571 0.964383 0.001464
 0.994166 0.000057 0.005732 0.000045
 0.019906 0.001476 0.975737 0.002882
 0.004300 0.977157 0.002894 0.015649
 0.002882 0.970057 0.002894 0.024166
 0.958701 0.008569 0.032685 0.000045
 0.001464 0.962970 0.000057 0.035509
 0.017068 0.820963 0.028435 0.133534
 0.091460 0.002894 0.897088 0.008557
 0.000045 0.921821 0.000057 0.078077
 0.079504 0.007150 0.907627 0.005719
 0.019906 0.956705 0.000057 0.023332

MOTIF 15-TCCGTCTCAAAAAAA STREME-15
letter-probability matrix: alength= 4 w= 15 nsites= 900 E= 9.1e-023
 0.031199 0.050389 0.007239 0.911174
 0.009625 0.950738 0.010835 0.028802
 0.015618 0.675575 0.007239 0.301569
 0.223200 0.008236 0.757740 0.010824
 0.003633 0.033614 0.000048 0.962704
 0.009626 0.965120 0.004842 0.020412
 0.012023 0.002445 0.002445 0.983087
 0.038008 0.925953 0.012033 0.024006
 0.941141 0.024019 0.019223 0.015617
 0.966310 0.003643 0.026414 0.003633
 0.957918 0.009635 0.027615 0.004832
 0.956720 0.025217 0.010835 0.007228
 0.929150 0.042001 0.016827 0.012022
 0.919562 0.042001 0.022819 0.015618
 0.924359 0.044396 0.018025 0.013221

MOTIF 16-CGAGATVGCGCC STREME-16
letter-probability matrix: alength= 4 w= 12 nsites= 668 E= 3.7e-015
 0.047875 0.714601 0.034222 0.203301
 0.165144 0.012020 0.807418 0.015419
 0.910583 0.032501 0.011468 0.045447
 0.026368 0.017140 0.947904 0.008588
 0.989566 0.000069 0.000069 0.010296
 0.000054 0.045163 0.000069 0.954714
 0.207626 0.289107 0.401329 0.101937
 0.000054 0.066681 0.933211 0.000054
 0.000054 0.923662 0.005189 0.071095
 0.082006 0.000069 0.909336 0.008589
 0.000054 0.965686 0.000069 0.034190
 0.017124 0.941078 0.005189 0.036609

MOTIF 17-TACTCG STREME-17
letter-probability matrix: alength= 4 w= 6 nsites= 1495 E= 7.4e-015
 0.000062 0.000079 0.000079 0.999779
 0.999779 0.000079 0.000079 0.000062
 0.000062 0.999796 0.000079 0.000062
 0.000062 0.000079 0.000079 0.999779
 0.000062 0.889755 0.000079 0.110103
 0.045669 0.000079 0.954189 0.000062

MOTIF 18-ACTTTG STREME-18
letter-probability matrix: alength= 4 w= 6 nsites= 1165 E= 6.7e-011
 0.929127 0.025418 0.025418 0.020036
 0.020036 0.934509 0.025418 0.020036
 0.020036 0.025418 0.025418 0.929127
 0.020036 0.025418 0.025418 0.929127
 0.020036 0.025418 0.025418 0.929127
 0.020036 0.025418 0.934509 0.020036

MOTIF 19-AGCRAGAC STREME-19
letter-probability matrix: alength= 4 w= 8 nsites= 173 E= 3.1e-004
 0.998164 0.000658 0.000658 0.000519
 0.032810 0.004932 0.904335 0.057923
 0.000519 0.998303 0.000658 0.000519
 0.372403 0.000658 0.626419 0.000519
 0.998164 0.000658 0.000658 0.000519
 0.000519 0.000658 0.994456 0.004366
 0.998164 0.000658 0.000658 0.000519
 0.000519 0.998303 0.000658 0.000519

MOTIF 20-CACTATCAYRAGAAC STREME-20
letter-probability matrix: alength= 4 w= 15 nsites= 99 E= 5.2e-004
 0.036898 0.889198 0.000491 0.073413
 0.998631 0.000491 0.000491 0.000387
 0.000387 0.925713 0.024832 0.049069
 0.000387 0.037002 0.000491 0.962120
 0.949948 0.000491 0.049174 0.000387
 0.024728 0.158728 0.000491 0.816054
 0.000387 0.974394 0.000491 0.024728
 0.949949 0.000491 0.049173 0.000387
 0.012557 0.621383 0.037002 0.329057
 0.389991 0.000491 0.609131 0.000387
 0.962120 0.024832 0.000491 0.012557
 0.036898 0.000491 0.950053 0.012557
 0.962120 0.000491 0.037002 0.000387
 0.949949 0.012661 0.037002 0.000387
 0.012557 0.852688 0.012661 0.122093

MOTIF 21-CAAGAGYGAAAC STREME-21
letter-probability matrix: alength= 4 w= 12 nsites= 152 E= 1.1e-003
 0.000203 0.973786 0.006645 0.019365
 0.992894 0.006645 0.000258 0.000203
 0.772744 0.000258 0.226796 0.000203
 0.051306 0.006645 0.941846 0.000203
 0.992894 0.000258 0.000258 0.006591
 0.158874 0.000258 0.840665 0.000203
 0.000203 0.510724 0.038587 0.450486
 0.165338 0.006645 0.821426 0.006591
 0.990243 0.000258 0.009296 0.000203
 0.999282 0.000258 0.000258 0.000203
 0.721581 0.000258 0.277959 0.000203
 0.000203 0.926419 0.025808 0.047569

MOTIF 22-TCAGATCTCRTGAGA STREME-22
letter-probability matrix: alength= 4 w= 15 nsites= 122 E= 1.1e-003
 0.010295 0.100186 0.010380 0.879140
 0.010295 0.949072 0.000402 0.040231
 0.968946 0.000402 0.020357 0.010295
 0.000317 0.030335 0.969031 0.000317
 0.978923 0.010380 0.010380 0.000317
 0.000317 0.030335 0.010380 0.958968
 0.000317 0.959052 0.000402 0.040228
 0.000317 0.000402 0.020357 0.978923
 0.000317 0.819265 0.030335 0.150083
 0.619556 0.020357 0.339814 0.020272
 0.000317 0.040313 0.020357 0.939012
 0.030249 0.000402 0.969031 0.000317
 0.978923 0.000402 0.020357 0.000317
 0.040228 0.010380 0.919142 0.030249
 0.978923 0.000402 0.020357 0.000317

MOTIF 23-CATGGCGGAAGGY STREME-23
letter-probability matrix: alength= 4 w= 13 nsites= 111 E= 2.1e-003
 0.000336 0.998901 0.000426 0.000336
 0.914224 0.074442 0.010998 0.000336
 0.010908 0.000426 0.000426 0.988239
 0.063769 0.000426 0.924897 0.010908
 0.000336 0.000426 0.998901 0.000336
 0.000336 0.914316 0.000426 0.084922
 0.084923 0.000426 0.899355 0.015295
 0.000336 0.000426 0.977757 0.021481
 0.670987 0.042739 0.285938 0.000336
 0.977668 0.010998 0.010998 0.000336
 0.021479 0.010998 0.967186 0.000336
 0.106062 0.000426 0.882604 0.010908
 0.032052 0.523089 0.116728 0.328130

MOTIF 24-AGCTGTAACAC STREME-24
letter-probability matrix: alength= 4 w= 11 nsites= 95 E= 2.1e-003
 0.998653 0.000483 0.000483 0.000381
 0.101191 0.000483 0.897945 0.000381
 0.000381 0.938881 0.000483 0.060255
 0.000381 0.048388 0.254881 0.696350
 0.012357 0.000483 0.986779 0.000381
 0.000381 0.000483 0.000483 0.998653
 0.998653 0.000483 0.000483 0.000381
 0.998653 0.000483 0.000483 0.000381
 0.000381 0.998755 0.000483 0.000381
 0.746963 0.000483 0.252174 0.000381
 0.000381 0.945886 0.000483 0.053250

MOTIF 25-CGAGGCGGGCGGA STREME-25
letter-probability matrix: alength= 4 w= 13 nsites= 124 E= 4.3e-003
 0.000296 0.930011 0.000375 0.069317
 0.223707 0.065531 0.663928 0.046833
 0.989646 0.000375 0.000375 0.009603
 0.074755 0.000375 0.924574 0.000296
 0.065452 0.000375 0.933877 0.000296
 0.000296 0.864858 0.000375 0.134471
 0.134484 0.000375 0.864844 0.000296
 0.000296 0.000375 0.989725 0.009603
 0.009603 0.000375 0.980418 0.009603
 0.018912 0.743814 0.000375 0.236899
 0.139916 0.000375 0.859413 0.000296
 0.000296 0.000375 0.999033 0.000296
 0.989646 0.000375 0.000375 0.009603

MOTIF 26-AAAAAAAAAAAGAAA STREME-26
letter-probability matrix: alength= 4 w= 15 nsites= 312 E= 5.2e-003
 0.999574 0.000153 0.000153 0.000120
 0.960503 0.000153 0.039224 0.000120
 0.935236 0.041783 0.022861 0.000120
 0.720578 0.135229 0.087299 0.056895
 0.907158 0.041786 0.050936 0.000120
 0.799277 0.083432 0.094463 0.022828
 0.886288 0.022541 0.091050 0.000120
 0.628118 0.111525 0.207246 0.053111
 0.980653 0.011506 0.007721 0.000120
 0.965510 0.000153 0.000153 0.034185
 0.999574 0.000153 0.000153 0.000120
 0.000120 0.308089 0.619028 0.072763
 0.961722 0.000153 0.030436 0.007689
 0.988222 0.000153 0.000153 0.011473
 0.879660 0.000153 0.040559 0.079628

MOTIF 27-CTGGGGAGGCCTC STREME-27
letter-probability matrix: alength= 4 w= 13 nsites= 72 E= 1.4e-001
 0.000503 0.966718 0.032276 0.000503
 0.000503 0.000638 0.063923 0.934936
 0.032141 0.000638 0.950900 0.016321
 0.047964 0.016456 0.935077 0.000503
 0.016321 0.000638 0.982538 0.000503
 0.079615 0.000638 0.919244 0.000503
 0.998221 0.000638 0.000638 0.000503
 0.016321 0.016456 0.935081 0.032141
 0.016321 0.000638 0.982538 0.000503
 0.000503 0.966718 0.000638 0.032141
 0.016321 0.982538 0.000638 0.000503
 0.016321 0.000638 0.000638 0.982403
 0.000503 0.950900 0.016456 0.032141

MOTIF 28-TACTCA STREME-28
letter-probability matrix: alength= 4 w= 6 nsites= 566 E= 2.2e-001
 0.020036 0.025418 0.025418 0.929127
 0.929127 0.025418 0.025418 0.020036
 0.020036 0.934509 0.025418 0.020036
 0.020036 0.025418 0.025418 0.929127
 0.020036 0.934509 0.025418 0.020036
 0.929127 0.025418 0.025418 0.020036

MOTIF 29-GCGCACACACACACA STREME-29
letter-probability matrix: alength= 4 w= 15 nsites= 80 E= 2.9e-001
 0.126831 0.000687 0.871942 0.000541
 0.000541 0.998231 0.000687 0.000541
 0.000541 0.000687 0.998231 0.000541
 0.000541 0.981210 0.000687 0.017563
 0.998086 0.000687 0.000687 0.000541
 0.000541 0.981211 0.000687 0.017561
 0.998086 0.000687 0.000687 0.000541
 0.000541 0.981211 0.000687 0.017561
 0.981062 0.000687 0.017710 0.000541
 0.000541 0.998231 0.000687 0.000541
 0.998086 0.000687 0.000687 0.000541
 0.000541 0.998231 0.000687 0.000541
 0.929991 0.000687 0.068781 0.000541
 0.000541 0.998231 0.000687 0.000541
 0.998086 0.000687 0.000687 0.000541

MOTIF 30-GAAACCCC STREME-30
letter-probability matrix: alength= 4 w= 8 nsites= 117 E= 4.0e-001
 0.020036 0.025418 0.934509 0.020036
 0.929127 0.025418 0.025418 0.020036
 0.929127 0.025418 0.025418 0.020036
 0.929127 0.025418 0.025418 0.020036
 0.020036 0.934509 0.025418 0.020036
 0.020036 0.934509 0.025418 0.020036
 0.020036 0.934509 0.025418 0.020036
 0.020036 0.934509 0.025418 0.020036

MOTIF 31-CAGCCTGGCGAC STREME-31
letter-probability matrix: alength= 4 w= 12 nsites= 75 E= 5.9e-001
 0.000492 0.998393 0.000624 0.000492
 0.998261 0.000624 0.000624 0.000492
 0.015956 0.000624 0.951998 0.031422
 0.000492 0.982929 0.000624 0.015956
 0.000492 0.967462 0.000624 0.031422
 0.000492 0.000624 0.000624 0.998261
 0.000492 0.031554 0.967462 0.000492
 0.015956 0.016088 0.967464 0.000492
 0.000492 0.883649 0.000624 0.115235
 0.062361 0.000624 0.905593 0.031422
 0.998261 0.000624 0.000624 0.000492
 0.000492 0.967462 0.000624 0.031422

MOTIF 32-TTATAA STREME-32
letter-probability matrix: alength= 4 w= 6 nsites= 121 E= 6.3e-001
 0.020036 0.025418 0.025418 0.929127
 0.020036 0.025418 0.025418 0.929127
 0.929127 0.025418 0.025418 0.020036
 0.020036 0.025418 0.025418 0.929127
 0.929127 0.025418 0.025418 0.020036
 0.929127 0.025418 0.025418 0.020036

MOTIF 33-AATACAA STREME-33
letter-probability matrix: alength= 4 w= 7 nsites= 252 E= 7.2e-001
 0.929127 0.025418 0.025418 0.020036
 0.929127 0.025418 0.025418 0.020036
 0.020036 0.025418 0.025418 0.929127
 0.929127 0.025418 0.025418 0.020036
 0.020036 0.934509 0.025418 0.020036
 0.929127 0.025418 0.025418 0.020036
 0.929127 0.025418 0.025418 0.020036

MOTIF 34-ACCGCGAA STREME-34
letter-probability matrix: alength= 4 w= 8 nsites= 65 E= 1.2e+000
 0.929127 0.025418 0.025418 0.020036
 0.020036 0.934509 0.025418 0.020036
 0.020036 0.934509 0.025418 0.020036
 0.020036 0.025418 0.934509 0.020036
 0.020036 0.934509 0.025418 0.020036
 0.020036 0.025418 0.934509 0.020036
 0.929127 0.025418 0.025418 0.020036
 0.929127 0.025418 0.025418 0.020036

MOTIF 35-CAGCCTGGG STREME-35
letter-probability matrix: alength= 4 w= 9 nsites= 215 E= 1.4e+000
 0.020036 0.934509 0.025418 0.020036
 0.929127 0.025418 0.025418 0.020036
 0.020036 0.025418 0.934509 0.020036
 0.020036 0.934509 0.025418 0.020036
 0.020036 0.934509 0.025418 0.020036
 0.020036 0.025418 0.025418 0.929127
 0.020036 0.025418 0.934509 0.020036
 0.020036 0.025418 0.934509 0.020036
 0.020036 0.025418 0.934509 0.020036

MOTIF 36-GCTGGGATTAC STREME-36
letter-probability matrix: alength= 4 w= 11 nsites= 70 E= 4.1e+000
 0.000511 0.000648 0.998330 0.000511
 0.000511 0.966193 0.000648 0.032648
 0.000511 0.016716 0.000648 0.982125
 0.000511 0.000648 0.998330 0.000511
 0.000511 0.000648 0.998330 0.000511
 0.000511 0.129249 0.869729 0.000511
 0.998193 0.000648 0.000648 0.000511
 0.000511 0.177510 0.000648 0.821331
 0.016578 0.000648 0.000648 0.982125
 0.998193 0.000648 0.000648 0.000511
 0.000511 0.934037 0.000648 0.064804

MOTIF 37-ACCGCTAGACC STREME-37
letter-probability matrix: alength= 4 w= 11 nsites= 58 E= 4.7e+000
 0.997887 0.000758 0.000758 0.000597
 0.000597 0.979263 0.000758 0.019382
 0.000597 0.922868 0.000758 0.075777
 0.113351 0.000758 0.885293 0.000597
 0.000597 0.998048 0.000758 0.000597
 0.000597 0.000758 0.019543 0.979102
 0.997887 0.000758 0.000758 0.000597
 0.000597 0.019543 0.979263 0.000597
 0.997887 0.000758 0.000758 0.000597
 0.000597 0.922893 0.000758 0.075752
 0.000597 0.998048 0.000758 0.000597

MOTIF 38-AAGGGAGACTCCCTT STREME-38
letter-probability matrix: alength= 4 w= 15 nsites= 67 E= 9.5e+000
 0.752621 0.231880 0.000583 0.014915
 0.969463 0.000583 0.000583 0.029371
 0.058288 0.029494 0.911758 0.000460
 0.029373 0.015039 0.897307 0.058282
 0.029371 0.015039 0.955131 0.000460
 0.926090 0.000583 0.058411 0.014915
 0.188390 0.000583 0.796112 0.014915
 0.998374 0.000583 0.000583 0.000460
 0.043826 0.796108 0.029494 0.130572
 0.000460 0.015039 0.029494 0.955007
 0.000460 0.969586 0.015039 0.014915
 0.000460 0.969584 0.000583 0.029373
 0.043826 0.940675 0.015039 0.000460
 0.173929 0.145145 0.029494 0.651432
 0.029371 0.072861 0.029494 0.868274

********************************************************************************
Stopped because 3 consecutive motifs exceeded the p-value threshold (0.05).
********************************************************************************
COMMAND:	streme --verbosity 1 --oc meme/meme_out_incomplete_DL/K562_ZBTB33-human_ENCFF747BIJ/streme_out -dna --seed 0 --p meme/meme_out_incomplete_DL/K562_ZBTB33-human_ENCFF747BIJ/seqs-centered --minw 6 --maxw 15 --time 6192 --order 2 --thresh 0.05 --align center --totallength 4000000 --parse-genomic-coord
********************************************************************************
CPU:		410e89d2bf52
********************************************************************************
FINALTIME:	363.49 seconds
********************************************************************************
