********************************************************************************
STREME - Sensitive, Thorough, Rapid, Enriched Motif Elicitation
********************************************************************************
MEME version 5.5.3 (Release date: Sat Jun 10 16:19:38 2023 -0700)

For further information on how to interpret these results please access http://localhost:8080/meme_5.5.3.
To get a copy of the MEME Suite software please access https://meme-suite.org.

********************************************************************************


********************************************************************************
REFERENCE
********************************************************************************
If you use this program in your research, please cite:

Timothy L. Bailey,
"STREME: accurate and versatile sequence motif discovery",
Bioinformatics, Mar. 24, 2021.
********************************************************************************


ALPHABET= ACGT

strands: + -

Background letter frequencies
A 0.242 C 0.258 G 0.258 T 0.242 

MOTIF 1-AGTAAAYA STREME-1
letter-probability matrix: alength= 4 w= 8 nsites= 7437 E= 1.5e-058
 0.560948 0.000017 0.166453 0.272582
 0.209168 0.000017 0.790799 0.000016
 0.000016 0.276937 0.000017 0.723030
 0.927993 0.071974 0.000017 0.000016
 0.999950 0.000017 0.000017 0.000016
 0.999950 0.000017 0.000017 0.000016
 0.000016 0.518616 0.000017 0.481351
 0.999950 0.000017 0.000017 0.000016

MOTIF 2-CMAAGGTCA STREME-2
letter-probability matrix: alength= 4 w= 9 nsites= 5185 E= 2.4e-049
 0.046381 0.685159 0.022408 0.246052
 0.471556 0.495709 0.027944 0.004791
 0.928295 0.000019 0.071668 0.000018
 0.979095 0.000019 0.020868 0.000018
 0.000018 0.000019 0.999944 0.000018
 0.047792 0.000019 0.732303 0.219886
 0.027597 0.216109 0.047430 0.708865
 0.000018 0.928111 0.000019 0.071851
 0.932958 0.010567 0.029780 0.026695

MOTIF 3-CCAGCCTGGGCAACA STREME-3
letter-probability matrix: alength= 4 w= 15 nsites= 893 E= 1.8e-025
 0.015623 0.946639 0.016923 0.020815
 0.040286 0.896013 0.010433 0.053267
 0.973357 0.007077 0.013029 0.006536
 0.034335 0.018222 0.888984 0.058460
 0.005238 0.959620 0.007837 0.027305
 0.016921 0.932360 0.009135 0.041584
 0.006536 0.020818 0.013029 0.959617
 0.050671 0.017462 0.921436 0.010430
 0.060835 0.005241 0.927388 0.006536
 0.033796 0.190109 0.751386 0.024709
 0.038988 0.687779 0.013029 0.260203
 0.647354 0.020240 0.318082 0.014324
 0.944261 0.014327 0.027088 0.014324
 0.009132 0.872648 0.023414 0.094806
 0.907914 0.019520 0.059540 0.013026

MOTIF 4-CCTGTAATCCCAGC STREME-4
letter-probability matrix: alength= 4 w= 14 nsites= 961 E= 1.2e-023
 0.015173 0.896276 0.011684 0.076867
 0.011681 0.955642 0.004699 0.027978
 0.008189 0.012848 0.003535 0.975428
 0.089671 0.000043 0.909081 0.001205
 0.005861 0.025876 0.002371 0.965892
 0.935743 0.005863 0.050580 0.007814
 0.698056 0.007027 0.294876 0.000041
 0.001205 0.031955 0.000043 0.966797
 0.008672 0.928606 0.002371 0.060351
 0.007025 0.928869 0.007027 0.057078
 0.003533 0.876225 0.002371 0.117871
 0.983576 0.000043 0.014012 0.002369
 0.053586 0.012848 0.921885 0.011681
 0.019829 0.924881 0.011684 0.043606

MOTIF 5-CCACYAGRKGGCR STREME-5
letter-probability matrix: alength= 4 w= 13 nsites= 1236 E= 1.8e-023
 0.080237 0.854588 0.017299 0.047877
 0.005843 0.992151 0.000036 0.001970
 0.813559 0.012622 0.124407 0.049411
 0.015525 0.719549 0.235259 0.029668
 0.103533 0.367441 0.066106 0.462920
 0.962920 0.001972 0.035073 0.000034
 0.000034 0.000036 0.999896 0.000034
 0.564417 0.002941 0.429704 0.002938
 0.000034 0.012622 0.587382 0.399962
 0.006811 0.001004 0.986908 0.005277
 0.018265 0.006903 0.938975 0.035857
 0.129919 0.791572 0.001972 0.076536
 0.380390 0.024019 0.563370 0.032221

MOTIF 6-GCCCCKCCCCC STREME-6
letter-probability matrix: alength= 4 w= 11 nsites= 2237 E= 3.7e-021
 0.077804 0.091521 0.647077 0.183598
 0.006600 0.975691 0.000039 0.017670
 0.046847 0.953078 0.000039 0.000036
 0.021477 0.978448 0.000039 0.000036
 0.000036 0.979289 0.000039 0.020636
 0.202682 0.000039 0.522021 0.275258
 0.024369 0.975556 0.000039 0.000036
 0.000036 0.999889 0.000039 0.000036
 0.000036 0.944513 0.000039 0.055412
 0.122575 0.825706 0.000039 0.051680
 0.064958 0.593939 0.158872 0.182231

MOTIF 7-CCTCRGCCTCCCAAR STREME-7
letter-probability matrix: alength= 4 w= 15 nsites= 905 E= 1.2e-018
 0.002466 0.941200 0.004892 0.051442
 0.002466 0.939279 0.013375 0.044880
 0.009737 0.021858 0.004892 0.963513
 0.007313 0.754098 0.018222 0.220366
 0.482143 0.033267 0.436074 0.048515
 0.066693 0.003681 0.927161 0.002466
 0.009737 0.957456 0.009740 0.023067
 0.006102 0.950185 0.004892 0.038821
 0.003678 0.007316 0.006104 0.982902
 0.007313 0.937084 0.008528 0.047075
 0.007313 0.920096 0.021858 0.050733
 0.013372 0.805978 0.010951 0.169698
 0.680654 0.032764 0.275633 0.010949
 0.830212 0.030341 0.132134 0.007313
 0.557254 0.010951 0.431752 0.000042

MOTIF 8-RTGASTCAY STREME-8
letter-probability matrix: alength= 4 w= 9 nsites= 1790 E= 1.4e-016
 0.483584 0.091123 0.421174 0.004120
 0.000211 0.005967 0.000175 0.993647
 0.002076 0.002271 0.990686 0.004967
 0.966935 0.003878 0.028515 0.000671
 0.021252 0.478748 0.478748 0.021252
 0.000671 0.028515 0.003878 0.966935
 0.004967 0.990686 0.002271 0.002076
 0.993647 0.000175 0.005967 0.000211
 0.004120 0.421174 0.091123 0.483584

MOTIF 9-GATTGCRYMAY STREME-9
letter-probability matrix: alength= 4 w= 11 nsites= 2140 E= 2.5e-016
 0.033950 0.147599 0.636297 0.182155
 0.834660 0.000026 0.165289 0.000024
 0.000024 0.000026 0.000026 0.999924
 0.000024 0.073040 0.046824 0.880111
 0.225701 0.000026 0.600528 0.173744
 0.000024 0.930808 0.000026 0.069142
 0.601296 0.000026 0.323803 0.074874
 0.094205 0.551665 0.000026 0.354103
 0.394392 0.605558 0.000026 0.000024
 0.999924 0.000026 0.000026 0.000024
 0.000024 0.623938 0.018025 0.358013

MOTIF 10-CTCAAGYGATCCTC STREME-10
letter-probability matrix: alength= 4 w= 14 nsites= 709 E= 4.3e-016
 0.003343 0.805953 0.003347 0.187357
 0.000057 0.011562 0.000061 0.988320
 0.000057 0.966964 0.000061 0.032917
 0.971208 0.020459 0.003347 0.004986
 0.754336 0.008276 0.220901 0.016487
 0.067419 0.000061 0.920961 0.011558
 0.020455 0.360025 0.021420 0.598100
 0.209829 0.011562 0.771980 0.006629
 0.989963 0.001704 0.004990 0.003343
 0.004986 0.031278 0.004990 0.958746
 0.000057 0.776379 0.003347 0.220216
 0.001700 0.877562 0.006633 0.114105
 0.144639 0.016491 0.162716 0.676155
 0.006629 0.902888 0.001704 0.088778

MOTIF 11-AGWTCAAAG STREME-11
letter-probability matrix: alength= 4 w= 9 nsites= 1685 E= 7.7e-014
 0.866441 0.002053 0.117964 0.013541
 0.000059 0.231549 0.768332 0.000059
 0.573919 0.013204 0.019307 0.393569
 0.081277 0.010487 0.034514 0.873723
 0.008808 0.904336 0.086797 0.000059
 0.971851 0.000063 0.028026 0.000059
 0.988563 0.000063 0.007718 0.003656
 0.826363 0.003702 0.135561 0.034374
 0.000059 0.111896 0.887985 0.000059

MOTIF 12-ARACYCYGTCTC STREME-12
letter-probability matrix: alength= 4 w= 12 nsites= 626 E= 5.7e-013
 0.999784 0.000073 0.000073 0.000069
 0.399440 0.000073 0.588580 0.011907
 0.997811 0.000073 0.002046 0.000069
 0.000069 0.907991 0.000073 0.091867
 0.002042 0.630146 0.005992 0.361819
 0.002042 0.861075 0.000073 0.136809
 0.000069 0.406036 0.007965 0.585929
 0.235767 0.000073 0.764091 0.000069
 0.000069 0.000073 0.000073 0.999784
 0.002042 0.977019 0.000073 0.020866
 0.000069 0.000073 0.000073 0.999784
 0.005988 0.978830 0.000073 0.015109

MOTIF 13-YRGCTCACTGCA STREME-13
letter-probability matrix: alength= 4 w= 12 nsites= 434 E= 1.1e-011
 0.000103 0.552549 0.000110 0.447238
 0.449820 0.000110 0.523021 0.027050
 0.000103 0.000110 0.999684 0.000103
 0.000103 0.931947 0.011924 0.056026
 0.000103 0.000110 0.000110 0.999677
 0.000103 0.964241 0.000110 0.035546
 0.981956 0.000110 0.017831 0.000103
 0.000103 0.952808 0.000110 0.046978
 0.000103 0.006017 0.000110 0.993770
 0.032593 0.000110 0.967194 0.000103
 0.000103 0.937658 0.000110 0.062129
 0.999677 0.000110 0.000110 0.000103

MOTIF 14-CRTGAGCCACCRYGC STREME-14
letter-probability matrix: alength= 4 w= 15 nsites= 493 E= 1.1e-010
 0.008904 0.832047 0.004496 0.154553
 0.401715 0.017736 0.571644 0.008904
 0.006698 0.015530 0.002289 0.975484
 0.022145 0.002289 0.975489 0.000077
 0.809974 0.108215 0.000082 0.081729
 0.114831 0.000082 0.882803 0.002284
 0.000077 0.999764 0.000082 0.000077
 0.000077 0.986523 0.000082 0.013318
 0.982104 0.002289 0.013323 0.002284
 0.000077 0.984316 0.000082 0.015525
 0.013318 0.697432 0.028770 0.260480
 0.366406 0.002289 0.615780 0.015525
 0.004491 0.609160 0.002289 0.384061
 0.291375 0.000082 0.693018 0.015525
 0.011111 0.953421 0.008909 0.026559

MOTIF 15-YCAGGAGKTCAAG STREME-15
letter-probability matrix: alength= 4 w= 13 nsites= 389 E= 1.7e-008
 0.000102 0.598736 0.000108 0.401055
 0.026213 0.920152 0.000108 0.053528
 0.963664 0.000108 0.003009 0.033219
 0.049423 0.011713 0.920152 0.018713
 0.106954 0.035482 0.837154 0.020410
 0.976203 0.000108 0.023588 0.000102
 0.000102 0.000108 0.999689 0.000102
 0.000102 0.044185 0.477564 0.478149
 0.034916 0.041929 0.000108 0.923047
 0.017262 0.793092 0.097674 0.091972
 0.659723 0.000108 0.325562 0.014608
 0.897429 0.024522 0.024522 0.053528
 0.000102 0.011713 0.985183 0.003003

MOTIF 16-CACTTCCKG STREME-16
letter-probability matrix: alength= 4 w= 9 nsites= 2018 E= 1.3e-007
 0.089100 0.704278 0.063362 0.143260
 0.898961 0.014280 0.038032 0.048727
 0.000085 0.832546 0.012230 0.155139
 0.068959 0.000090 0.014541 0.916410
 0.000085 0.000090 0.000090 0.999734
 0.011428 0.988396 0.000090 0.000085
 0.000085 0.993511 0.006318 0.000085
 0.000085 0.006583 0.405978 0.587355
 0.000085 0.130987 0.845672 0.023256

MOTIF 17-AAAAAAAAAAAAAAA STREME-17
letter-probability matrix: alength= 4 w= 15 nsites= 812 E= 1.9e-006
 0.766403 0.000065 0.011777 0.221755
 0.999808 0.000065 0.000065 0.000061
 0.956697 0.000065 0.043176 0.000061
 0.999808 0.000065 0.000065 0.000061
 0.814955 0.034094 0.113356 0.037595
 0.952768 0.047106 0.000065 0.000061
 0.678853 0.028108 0.040617 0.252421
 0.908386 0.026081 0.065472 0.000061
 0.722471 0.235719 0.038244 0.003567
 0.986163 0.000065 0.013711 0.000061
 0.942807 0.057066 0.000065 0.000061
 0.900209 0.000065 0.065487 0.034239
 0.624381 0.098136 0.265570 0.011913
 0.929897 0.022168 0.000065 0.047870
 0.725174 0.000065 0.042572 0.232189

MOTIF 18-GGGAAGGGA STREME-18
letter-probability matrix: alength= 4 w= 9 nsites= 2244 E= 2.2e-006
 0.058454 0.000261 0.941039 0.000246
 0.000246 0.000261 0.999248 0.000246
 0.046486 0.000261 0.953007 0.000246
 0.831491 0.000261 0.123656 0.044593
 0.870490 0.042798 0.044359 0.042352
 0.000246 0.000261 0.999248 0.000246
 0.063400 0.035291 0.870982 0.030327
 0.035429 0.000261 0.964064 0.000246
 0.861559 0.045566 0.092630 0.000246

MOTIF 19-GACTTTGGACY STREME-19
letter-probability matrix: alength= 4 w= 11 nsites= 1329 E= 2.6e-006
 0.082842 0.019447 0.837059 0.060652
 0.947963 0.032319 0.000049 0.019670
 0.022678 0.955719 0.019793 0.001810
 0.027475 0.198392 0.009805 0.764327
 0.077629 0.080069 0.024532 0.817771
 0.025503 0.060070 0.010373 0.904053
 0.130260 0.004542 0.849695 0.015502
 0.164249 0.146342 0.612367 0.077042
 0.710162 0.123984 0.014474 0.151380
 0.048148 0.878545 0.026745 0.046562
 0.047172 0.330725 0.014845 0.607259

MOTIF 20-TAATVWTTAAC STREME-20
letter-probability matrix: alength= 4 w= 11 nsites= 735 E= 6.1e-006
 0.000072 0.068628 0.073423 0.857878
 0.986825 0.000076 0.013027 0.000072
 0.945102 0.054750 0.000076 0.000072
 0.119057 0.004166 0.000076 0.876702
 0.216123 0.285717 0.425978 0.072182
 0.590522 0.014390 0.093621 0.301467
 0.073040 0.017474 0.120187 0.789299
 0.000072 0.025464 0.000076 0.974389
 0.807660 0.000076 0.076433 0.115832
 0.982395 0.000076 0.017458 0.000072
 0.000072 0.920501 0.000076 0.079351

MOTIF 21-CTCCGCCTCC STREME-21
letter-probability matrix: alength= 4 w= 10 nsites= 1150 E= 6.8e-006
 0.000145 0.971531 0.000153 0.028171
 0.098480 0.000153 0.078751 0.822615
 0.004766 0.994936 0.000153 0.000145
 0.050939 0.813025 0.024548 0.111488
 0.178143 0.024528 0.588900 0.208429
 0.031603 0.953575 0.012005 0.002817
 0.000145 0.961308 0.004909 0.033639
 0.005749 0.116082 0.002839 0.875330
 0.020942 0.960352 0.000153 0.018552
 0.000145 0.986217 0.007150 0.006488

MOTIF 22-CAAAGTCC STREME-22
letter-probability matrix: alength= 4 w= 8 nsites= 505 E= 1.2e-003
 0.000601 0.996398 0.000638 0.002363
 0.844686 0.000638 0.061173 0.093503
 0.950696 0.000638 0.000638 0.048028
 0.698620 0.003145 0.297634 0.000601
 0.000601 0.000638 0.998160 0.000601
 0.000601 0.000638 0.000638 0.998123
 0.173216 0.825545 0.000638 0.000601
 0.000601 0.964371 0.034427 0.000601

MOTIF 23-RTCAATA STREME-23
letter-probability matrix: alength= 4 w= 7 nsites= 1382 E= 1.3e-003
 0.344890 0.000253 0.654619 0.000238
 0.000238 0.000253 0.000253 0.999257
 0.000238 0.999272 0.000253 0.000238
 0.990322 0.000253 0.007722 0.001704
 0.999257 0.000253 0.000253 0.000238
 0.000238 0.318558 0.000253 0.680952
 0.976855 0.000253 0.022655 0.000238

MOTIF 24-STTRYRYAAS STREME-24
letter-probability matrix: alength= 4 w= 10 nsites= 1269 E= 1.3e-003
 0.229374 0.285322 0.485236 0.000068
 0.000068 0.000072 0.000072 0.999788
 0.004359 0.006181 0.005569 0.983891
 0.553189 0.000072 0.394784 0.051955
 0.146217 0.470907 0.070982 0.311894
 0.311894 0.070982 0.470907 0.146217
 0.051955 0.394784 0.000072 0.553189
 0.983891 0.005569 0.006181 0.004359
 0.999788 0.000072 0.000072 0.000068
 0.000068 0.485236 0.285322 0.229374

MOTIF 25-TGTGTACACA STREME-25
letter-probability matrix: alength= 4 w= 10 nsites= 471 E= 2.0e-003
 0.017396 0.081822 0.000721 0.900061
 0.141575 0.047272 0.783929 0.027224
 0.036416 0.055785 0.055102 0.852697
 0.021626 0.036979 0.941088 0.000306
 0.011057 0.016230 0.017197 0.955516
 0.955516 0.017197 0.016230 0.011057
 0.000306 0.941088 0.036979 0.021626
 0.852697 0.055102 0.055785 0.036416
 0.027224 0.783929 0.047272 0.141575
 0.900061 0.000721 0.081822 0.017396

MOTIF 26-CACGTGGC STREME-26
letter-probability matrix: alength= 4 w= 8 nsites= 787 E= 4.2e-003
 0.012617 0.908825 0.023517 0.055040
 0.999376 0.000212 0.000212 0.000200
 0.000200 0.999388 0.000212 0.000200
 0.000200 0.000212 0.999388 0.000200
 0.000200 0.000212 0.000212 0.999376
 0.024005 0.035673 0.939066 0.001256
 0.295354 0.000212 0.612558 0.091876
 0.000200 0.789318 0.000212 0.210270

MOTIF 27-CCCARCCC STREME-27
letter-probability matrix: alength= 4 w= 8 nsites= 1751 E= 5.7e-003
 0.000333 0.998981 0.000353 0.000333
 0.000333 0.950330 0.049004 0.000333
 0.000333 0.935644 0.063691 0.000333
 0.618867 0.243650 0.137150 0.000333
 0.367738 0.000353 0.631576 0.000333
 0.000333 0.998981 0.000353 0.000333
 0.000333 0.967002 0.032333 0.000333
 0.000333 0.998981 0.000353 0.000333

MOTIF 28-CAGAGTCCA STREME-28
letter-probability matrix: alength= 4 w= 9 nsites= 184 E= 1.8e-002
 0.022045 0.932500 0.023409 0.022045
 0.931136 0.023409 0.023409 0.022045
 0.022045 0.023409 0.932500 0.022045
 0.931136 0.023409 0.023409 0.022045
 0.022045 0.023409 0.932500 0.022045
 0.022045 0.023409 0.023409 0.931136
 0.022045 0.932500 0.023409 0.022045
 0.022045 0.932500 0.023409 0.022045
 0.931136 0.023409 0.023409 0.022045

MOTIF 29-CACGTG STREME-29
letter-probability matrix: alength= 4 w= 6 nsites= 784 E= 2.4e-002
 0.022045 0.932500 0.023409 0.022045
 0.931136 0.023409 0.023409 0.022045
 0.022045 0.932500 0.023409 0.022045
 0.022045 0.023409 0.932500 0.022045
 0.022045 0.023409 0.023409 0.931136
 0.022045 0.023409 0.932500 0.022045

MOTIF 30-CAKAGTTCA STREME-30
letter-probability matrix: alength= 4 w= 9 nsites= 376 E= 2.4e-002
 0.000369 0.888383 0.000392 0.110857
 0.988306 0.000392 0.010933 0.000369
 0.000369 0.042370 0.619877 0.337385
 0.894417 0.008346 0.096868 0.000369
 0.000369 0.000392 0.998871 0.000369
 0.288175 0.000392 0.000392 0.711041
 0.064652 0.000392 0.000392 0.934565
 0.062689 0.870950 0.065991 0.000369
 0.960388 0.000392 0.038851 0.000369

MOTIF 31-CTCTGMCCT STREME-31
letter-probability matrix: alength= 4 w= 9 nsites= 1573 E= 2.5e-002
 0.018976 0.980675 0.000180 0.000169
 0.027558 0.195446 0.071425 0.705572
 0.064384 0.631655 0.000180 0.303781
 0.000169 0.000180 0.016168 0.983482
 0.000169 0.000180 0.999481 0.000169
 0.454320 0.487491 0.000180 0.058009
 0.023114 0.814124 0.000180 0.162582
 0.000169 0.999481 0.000180 0.000169
 0.000169 0.100642 0.000180 0.899008

MOTIF 32-ACACACACACACAC STREME-32
letter-probability matrix: alength= 4 w= 14 nsites= 236 E= 3.0e-002
 0.983930 0.000216 0.015651 0.000203
 0.068993 0.930589 0.000216 0.000203
 0.893843 0.006017 0.099937 0.000203
 0.000203 0.938414 0.000216 0.061167
 0.958758 0.000216 0.029221 0.011805
 0.000203 0.937263 0.013022 0.049513
 0.816630 0.011818 0.171349 0.000203
 0.000203 0.831145 0.006017 0.162635
 0.923842 0.017619 0.054833 0.003705
 0.035698 0.862311 0.017619 0.084372
 0.823214 0.000216 0.130741 0.045829
 0.027275 0.944598 0.000216 0.027911
 0.958624 0.014448 0.011818 0.015110
 0.072439 0.915541 0.000216 0.011805

MOTIF 33-CGCCGCCGCCGC STREME-33
letter-probability matrix: alength= 4 w= 12 nsites= 220 E= 7.7e-002
 0.000250 0.950021 0.049479 0.000250
 0.000250 0.000265 0.999235 0.000250
 0.039549 0.759786 0.000265 0.200400
 0.065007 0.758555 0.081362 0.095076
 0.090713 0.000265 0.908772 0.000250
 0.050267 0.906345 0.000265 0.043122
 0.000250 0.902171 0.050711 0.046868
 0.028588 0.000265 0.970896 0.000250
 0.007395 0.860718 0.000265 0.131621
 0.000250 0.999235 0.000265 0.000250
 0.043742 0.000265 0.955743 0.000250
 0.000250 0.954101 0.000265 0.045384

MOTIF 34-ATTAGCYRGG STREME-34
letter-probability matrix: alength= 4 w= 10 nsites= 141 E= 7.9e-002
 0.998884 0.000379 0.000379 0.000357
 0.000357 0.000379 0.000379 0.998884
 0.000357 0.000379 0.000379 0.998884
 0.998884 0.000379 0.000379 0.000357
 0.000357 0.000379 0.998906 0.000357
 0.000357 0.998906 0.000379 0.000357
 0.000357 0.455506 0.035261 0.508875
 0.403434 0.000379 0.595830 0.000357
 0.000357 0.010593 0.988692 0.000357
 0.000357 0.000379 0.998906 0.000357

MOTIF 35-GAGATAAGR STREME-35
letter-probability matrix: alength= 4 w= 9 nsites= 674 E= 1.2e-001
 0.194658 0.056096 0.585819 0.163427
 0.995019 0.004527 0.000234 0.000220
 0.000220 0.000234 0.999326 0.000220
 0.999313 0.000234 0.000234 0.000220
 0.000220 0.000234 0.000234 0.999313
 0.955873 0.000234 0.000234 0.043660
 0.928908 0.053167 0.017705 0.000220
 0.000220 0.086883 0.884378 0.028519
 0.556003 0.124109 0.286438 0.033449

MOTIF 36-AGAGAGAGAGAGAGA STREME-36
letter-probability matrix: alength= 4 w= 15 nsites= 212 E= 1.4e-001
 0.969423 0.000174 0.000174 0.030229
 0.000164 0.000174 0.999498 0.000164
 0.793275 0.103280 0.042354 0.061090
 0.130594 0.117340 0.714409 0.037657
 0.908496 0.004861 0.063046 0.023597
 0.138578 0.095852 0.765406 0.000164
 0.858889 0.098594 0.014234 0.028284
 0.145450 0.123325 0.731061 0.000164
 0.961995 0.000174 0.037667 0.000164
 0.225679 0.098594 0.624010 0.051717
 0.952621 0.037667 0.000174 0.009537
 0.182943 0.014234 0.802659 0.000164
 0.929188 0.000174 0.061101 0.009537
 0.216306 0.012540 0.710064 0.061090
 0.783346 0.126714 0.066343 0.023597

MOTIF 37-AAACAAAG STREME-37
letter-probability matrix: alength= 4 w= 8 nsites= 2629 E= 1.4e-001
 0.751434 0.007074 0.216276 0.025215
 0.879884 0.058144 0.032378 0.029595
 0.897061 0.012974 0.051506 0.038459
 0.000255 0.976208 0.015005 0.008533
 0.994232 0.000978 0.002895 0.001895
 0.987865 0.000270 0.000270 0.011594
 0.930968 0.012652 0.005852 0.050527
 0.102384 0.113391 0.757074 0.027152

MOTIF 38-RTGACGTCAY STREME-38
letter-probability matrix: alength= 4 w= 10 nsites= 939 E= 1.6e-001
 0.385161 0.164708 0.396586 0.053545
 0.000098 0.205564 0.000104 0.794234
 0.005350 0.000104 0.920250 0.074295
 0.928881 0.000104 0.000104 0.070911
 0.031591 0.678567 0.186096 0.103746
 0.103746 0.186096 0.678567 0.031591
 0.070911 0.000104 0.000104 0.928881
 0.074295 0.920250 0.000104 0.005350
 0.794234 0.000104 0.205564 0.000098
 0.053545 0.396586 0.164708 0.385161

MOTIF 39-ACATTCCAG STREME-39
letter-probability matrix: alength= 4 w= 9 nsites= 943 E= 2.1e-001
 0.675229 0.000252 0.273325 0.051195
 0.000237 0.969984 0.029542 0.000237
 0.995711 0.000252 0.003800 0.000237
 0.000237 0.000252 0.000252 0.999259
 0.016758 0.000252 0.000252 0.982738
 0.000237 0.999274 0.000252 0.000237
 0.000237 0.956871 0.003116 0.039776
 0.672308 0.000252 0.019264 0.308176
 0.090802 0.025156 0.688075 0.195968

MOTIF 40-CTTCCTCTC STREME-40
letter-probability matrix: alength= 4 w= 9 nsites= 838 E= 2.2e-001
 0.000395 0.998790 0.000420 0.000395
 0.000395 0.000420 0.003087 0.996098
 0.000395 0.134572 0.000420 0.864613
 0.000395 0.998790 0.000420 0.000395
 0.072607 0.879701 0.047296 0.000395
 0.000395 0.000420 0.052030 0.947155
 0.064800 0.839912 0.000420 0.094868
 0.000395 0.114975 0.000420 0.884210
 0.063601 0.680167 0.000420 0.255812

MOTIF 41-AATCGATT STREME-41
letter-probability matrix: alength= 4 w= 8 nsites= 160 E= 2.4e-001
 0.683648 0.041336 0.274394 0.000622
 0.998057 0.000661 0.000661 0.000622
 0.000622 0.000661 0.000661 0.998057
 0.000622 0.998095 0.000661 0.000622
 0.000622 0.000661 0.998095 0.000622
 0.998057 0.000661 0.000661 0.000622
 0.000622 0.000661 0.000661 0.998057
 0.000622 0.274394 0.041336 0.683648

MOTIF 42-CYRGGAAG STREME-42
letter-probability matrix: alength= 4 w= 8 nsites= 1140 E= 2.8e-001
 0.000367 0.998875 0.000390 0.000367
 0.000367 0.588873 0.000390 0.410370
 0.497947 0.078093 0.423592 0.000367
 0.000367 0.000390 0.998875 0.000367
 0.000367 0.000390 0.998875 0.000367
 0.998852 0.000390 0.000390 0.000367
 0.998852 0.000390 0.000390 0.000367
 0.000367 0.000390 0.998875 0.000367

MOTIF 43-CATTTCC STREME-43
letter-probability matrix: alength= 4 w= 7 nsites= 2961 E= 5.2e-001
 0.000547 0.738377 0.000581 0.260494
 0.855024 0.000581 0.143847 0.000547
 0.000547 0.000581 0.000581 0.998290
 0.000804 0.000581 0.000581 0.998033
 0.009247 0.000581 0.000581 0.989591
 0.262240 0.736631 0.000581 0.000547
 0.000547 0.996935 0.001970 0.000547

MOTIF 44-GTGGGCTCCACCCA STREME-44
letter-probability matrix: alength= 4 w= 14 nsites= 102 E= 5.3e-001
 0.022085 0.000403 0.966280 0.011232
 0.000380 0.000403 0.000403 0.998814
 0.022085 0.000403 0.977132 0.000380
 0.000380 0.022108 0.955427 0.022085
 0.022085 0.011256 0.955427 0.011232
 0.011232 0.944575 0.022108 0.022085
 0.000380 0.000403 0.000403 0.998814
 0.000380 0.987985 0.000403 0.011232
 0.000380 0.998837 0.000403 0.000380
 0.911994 0.000403 0.087224 0.000380
 0.000380 0.998837 0.000403 0.000380
 0.000380 0.998837 0.000403 0.000380
 0.000380 0.987985 0.000403 0.011232
 0.977109 0.011256 0.000403 0.011232

MOTIF 45-AGCACCAYGGACAG STREME-45
letter-probability matrix: alength= 4 w= 14 nsites= 86 E= 5.3e-001
 0.989870 0.000339 0.009471 0.000320
 0.009452 0.000339 0.989890 0.000320
 0.027716 0.830078 0.114491 0.027716
 0.989870 0.000339 0.000339 0.009452
 0.009452 0.989890 0.000339 0.000320
 0.000320 0.907700 0.055132 0.036848
 0.560660 0.091661 0.137321 0.210358
 0.061200 0.438681 0.088853 0.411265
 0.009452 0.000339 0.971625 0.018584
 0.000320 0.046000 0.953361 0.000320
 0.887657 0.075155 0.000339 0.036848
 0.009452 0.837688 0.134277 0.018584
 0.989870 0.009471 0.000339 0.000320
 0.000320 0.009471 0.980757 0.009452

MOTIF 46-AGGCTGGAGTGC STREME-46
letter-probability matrix: alength= 4 w= 12 nsites= 70 E= 5.3e-001
 0.998152 0.000628 0.000628 0.000592
 0.000592 0.000628 0.998189 0.000592
 0.000592 0.000628 0.998189 0.000592
 0.000592 0.930558 0.000628 0.068223
 0.000592 0.000628 0.000628 0.998152
 0.085131 0.017536 0.896742 0.000592
 0.000592 0.000628 0.947465 0.051315
 0.947429 0.051352 0.000628 0.000592
 0.000592 0.000628 0.998189 0.000592
 0.000592 0.000628 0.000628 0.998152
 0.000592 0.000628 0.998189 0.000592
 0.000592 0.998189 0.000628 0.000592

MOTIF 47-CAGGGTCA STREME-47
letter-probability matrix: alength= 4 w= 8 nsites= 628 E= 6.0e-001
 0.001034 0.996835 0.001098 0.001034
 0.836099 0.001098 0.161770 0.001034
 0.001034 0.071242 0.926690 0.001034
 0.001034 0.001098 0.996835 0.001034
 0.001034 0.001098 0.996835 0.001034
 0.001034 0.001098 0.001098 0.996771
 0.001034 0.996835 0.001098 0.001034
 0.876986 0.001098 0.120882 0.001034

MOTIF 48-GCAAACA STREME-48
letter-probability matrix: alength= 4 w= 7 nsites= 412 E= 8.2e-001
 0.022045 0.023409 0.932500 0.022045
 0.022045 0.932500 0.023409 0.022045
 0.931136 0.023409 0.023409 0.022045
 0.931136 0.023409 0.023409 0.022045
 0.931136 0.023409 0.023409 0.022045
 0.022045 0.932500 0.023409 0.022045
 0.931136 0.023409 0.023409 0.022045

MOTIF 49-CAAGATGGCG STREME-49
letter-probability matrix: alength= 4 w= 10 nsites= 126 E= 9.0e-001
 0.047026 0.733026 0.170157 0.049791
 0.902517 0.000458 0.034893 0.062132
 0.991468 0.005580 0.000458 0.002494
 0.000432 0.136197 0.813579 0.049792
 0.997503 0.000458 0.000458 0.001581
 0.000432 0.022809 0.000458 0.976301
 0.000432 0.000458 0.998678 0.000432
 0.000432 0.025138 0.967328 0.007102
 0.000432 0.937795 0.000458 0.061315
 0.000432 0.000458 0.998678 0.000432

MOTIF 50-AATGAATGAA STREME-50
letter-probability matrix: alength= 4 w= 10 nsites= 130 E= 9.0e-001
 0.922698 0.000621 0.059390 0.017292
 0.998174 0.000621 0.000621 0.000585
 0.000585 0.034039 0.000621 0.964756
 0.000585 0.163599 0.835232 0.000585
 0.998174 0.000621 0.000621 0.000585
 0.998174 0.000621 0.000621 0.000585
 0.000585 0.033663 0.000621 0.965131
 0.000585 0.076761 0.922070 0.000585
 0.975304 0.000621 0.000621 0.023454
 0.845260 0.079612 0.000621 0.074508

MOTIF 51-TGCGCATGCGCA STREME-51
letter-probability matrix: alength= 4 w= 12 nsites= 194 E= 9.7e-001
 0.040078 0.127644 0.082162 0.750116
 0.056980 0.008765 0.923756 0.010500
 0.017197 0.969517 0.004539 0.008746
 0.013786 0.004539 0.981379 0.000296
 0.002049 0.938904 0.044322 0.014726
 0.605813 0.242804 0.132432 0.018951
 0.018951 0.132432 0.242804 0.605813
 0.014726 0.044322 0.938904 0.002049
 0.000296 0.981379 0.004539 0.013786
 0.008746 0.004539 0.969517 0.017197
 0.010500 0.923756 0.008765 0.056980
 0.750116 0.082162 0.127644 0.040078

MOTIF 52-AGCACAGCAGTC STREME-52
letter-probability matrix: alength= 4 w= 12 nsites= 80 E= 1.1e+000
 0.998231 0.000601 0.000601 0.000566
 0.000566 0.000601 0.982076 0.016756
 0.000566 0.965887 0.000601 0.032945
 0.959133 0.000601 0.039699 0.000566
 0.000566 0.965887 0.000601 0.032945
 0.982041 0.016791 0.000601 0.000566
 0.000566 0.000601 0.998266 0.000566
 0.000566 0.965887 0.000601 0.032945
 0.965852 0.000601 0.032980 0.000566
 0.016756 0.000601 0.982076 0.000566
 0.000566 0.000601 0.000601 0.998231
 0.000566 0.998266 0.000601 0.000566

MOTIF 53-CACAGCTCAAGGA STREME-53
letter-probability matrix: alength= 4 w= 13 nsites= 44 E= 1.1e+000
 0.022045 0.932500 0.023409 0.022045
 0.931136 0.023409 0.023409 0.022045
 0.022045 0.932500 0.023409 0.022045
 0.931136 0.023409 0.023409 0.022045
 0.022045 0.023409 0.932500 0.022045
 0.022045 0.932500 0.023409 0.022045
 0.022045 0.023409 0.023409 0.931136
 0.022045 0.932500 0.023409 0.022045
 0.931136 0.023409 0.023409 0.022045
 0.931136 0.023409 0.023409 0.022045
 0.022045 0.023409 0.932500 0.022045
 0.022045 0.023409 0.932500 0.022045
 0.931136 0.023409 0.023409 0.022045

MOTIF 54-AGGCTGGG STREME-54
letter-probability matrix: alength= 4 w= 8 nsites= 804 E= 1.2e+000
 0.931136 0.023409 0.023409 0.022045
 0.022045 0.023409 0.932500 0.022045
 0.022045 0.023409 0.932500 0.022045
 0.022045 0.932500 0.023409 0.022045
 0.022045 0.023409 0.023409 0.931136
 0.022045 0.023409 0.932500 0.022045
 0.022045 0.023409 0.932500 0.022045
 0.022045 0.023409 0.932500 0.022045

MOTIF 55-TCAAGGACA STREME-55
letter-probability matrix: alength= 4 w= 9 nsites= 191 E= 1.7e+000
 0.000679 0.000721 0.000721 0.997878
 0.000679 0.997920 0.000721 0.000679
 0.941076 0.000721 0.057524 0.000679
 0.997878 0.000721 0.000721 0.000679
 0.000679 0.062706 0.935936 0.000679
 0.000679 0.000721 0.997920 0.000679
 0.997878 0.000721 0.000721 0.000679
 0.000679 0.997920 0.000721 0.000679
 0.768039 0.000721 0.230560 0.000679

MOTIF 56-CTCGGC STREME-56
letter-probability matrix: alength= 4 w= 6 nsites= 1514 E= 2.0e+000
 0.022045 0.932500 0.023409 0.022045
 0.022045 0.023409 0.023409 0.931136
 0.022045 0.932500 0.023409 0.022045
 0.022045 0.023409 0.932500 0.022045
 0.022045 0.023409 0.932500 0.022045
 0.022045 0.932500 0.023409 0.022045

MOTIF 57-CCATTGCTGAGGC STREME-57
letter-probability matrix: alength= 4 w= 13 nsites= 83 E= 2.1e+000
 0.022045 0.932500 0.023409 0.022045
 0.022045 0.932500 0.023409 0.022045
 0.931136 0.023409 0.023409 0.022045
 0.022045 0.023409 0.023409 0.931136
 0.022045 0.023409 0.023409 0.931136
 0.022045 0.023409 0.932500 0.022045
 0.022045 0.932500 0.023409 0.022045
 0.022045 0.023409 0.023409 0.931136
 0.022045 0.023409 0.932500 0.022045
 0.931136 0.023409 0.023409 0.022045
 0.022045 0.023409 0.932500 0.022045
 0.022045 0.023409 0.932500 0.022045
 0.022045 0.932500 0.023409 0.022045

MOTIF 58-AGAGGCAGGCAGGC STREME-58
letter-probability matrix: alength= 4 w= 14 nsites= 62 E= 2.1e+000
 0.945589 0.018150 0.035649 0.000612
 0.018112 0.018150 0.963126 0.000612
 0.980588 0.000650 0.000650 0.018112
 0.000612 0.000650 0.980626 0.018112
 0.053111 0.018150 0.928127 0.000612
 0.000612 0.980626 0.000650 0.018112
 0.998087 0.000650 0.000650 0.000612
 0.000612 0.000650 0.998125 0.000612
 0.018112 0.000650 0.980626 0.000612
 0.000612 0.980626 0.018150 0.000612
 0.910590 0.000650 0.070648 0.018112
 0.035611 0.000650 0.963126 0.000612
 0.000612 0.000650 0.980626 0.018112
 0.000612 0.945627 0.000650 0.053111

MOTIF 59-AGTCATCACCAC STREME-59
letter-probability matrix: alength= 4 w= 12 nsites= 56 E= 2.1e+000
 0.975960 0.000805 0.022476 0.000758
 0.065772 0.000805 0.910994 0.022429
 0.000758 0.000805 0.000805 0.997632
 0.000758 0.976007 0.000805 0.022429
 0.954289 0.000805 0.044147 0.000758
 0.000758 0.000805 0.000805 0.997632
 0.000758 0.997678 0.000805 0.000758
 0.737578 0.000805 0.260859 0.000758
 0.022429 0.976007 0.000805 0.000758
 0.000758 0.997678 0.000805 0.000758
 0.975960 0.000805 0.022476 0.000758
 0.022429 0.672611 0.000805 0.304154

MOTIF 60-CAGGAA STREME-60
letter-probability matrix: alength= 4 w= 6 nsites= 3255 E= 2.2e+000
 0.022045 0.932500 0.023409 0.022045
 0.931136 0.023409 0.023409 0.022045
 0.022045 0.023409 0.932500 0.022045
 0.022045 0.023409 0.932500 0.022045
 0.931136 0.023409 0.023409 0.022045
 0.931136 0.023409 0.023409 0.022045

MOTIF 61-AAGGTCA STREME-61
letter-probability matrix: alength= 4 w= 7 nsites= 371 E= 2.2e+000
 0.931136 0.023409 0.023409 0.022045
 0.931136 0.023409 0.023409 0.022045
 0.022045 0.023409 0.932500 0.022045
 0.022045 0.023409 0.932500 0.022045
 0.022045 0.023409 0.023409 0.931136
 0.022045 0.932500 0.023409 0.022045
 0.931136 0.023409 0.023409 0.022045

MOTIF 62-CTGCAAGGCGGCAGC STREME-62
letter-probability matrix: alength= 4 w= 15 nsites= 79 E= 2.4e+000
 0.014668 0.984309 0.000527 0.000496
 0.028840 0.014699 0.000527 0.955934
 0.014668 0.000527 0.984309 0.000496
 0.000496 0.970137 0.014699 0.014668
 0.885071 0.014699 0.085561 0.014668
 0.998451 0.000527 0.000527 0.000496
 0.057186 0.000527 0.941792 0.000496
 0.000496 0.057217 0.941792 0.000496
 0.028841 0.729204 0.014699 0.227256
 0.170565 0.006408 0.737496 0.085531
 0.000496 0.000527 0.998482 0.000496
 0.000496 0.998482 0.000527 0.000496
 0.998451 0.000527 0.000527 0.000496
 0.043013 0.000527 0.955964 0.000496
 0.000496 0.814239 0.028872 0.156393

MOTIF 63-AGTGCAGTGG STREME-63
letter-probability matrix: alength= 4 w= 10 nsites= 79 E= 2.4e+000
 0.931136 0.023409 0.023409 0.022045
 0.022045 0.023409 0.932500 0.022045
 0.022045 0.023409 0.023409 0.931136
 0.022045 0.023409 0.932500 0.022045
 0.022045 0.932500 0.023409 0.022045
 0.931136 0.023409 0.023409 0.022045
 0.022045 0.023409 0.932500 0.022045
 0.022045 0.023409 0.023409 0.931136
 0.022045 0.023409 0.932500 0.022045
 0.022045 0.023409 0.932500 0.022045

MOTIF 64-ACAAACA STREME-64
letter-probability matrix: alength= 4 w= 7 nsites= 840 E= 3.3e+000
 0.931136 0.023409 0.023409 0.022045
 0.022045 0.932500 0.023409 0.022045
 0.931136 0.023409 0.023409 0.022045
 0.931136 0.023409 0.023409 0.022045
 0.931136 0.023409 0.023409 0.022045
 0.022045 0.932500 0.023409 0.022045
 0.931136 0.023409 0.023409 0.022045

MOTIF 65-AGATAA STREME-65
letter-probability matrix: alength= 4 w= 6 nsites= 1280 E= 3.3e+000
 0.931136 0.023409 0.023409 0.022045
 0.022045 0.023409 0.932500 0.022045
 0.931136 0.023409 0.023409 0.022045
 0.022045 0.023409 0.023409 0.931136
 0.931136 0.023409 0.023409 0.022045
 0.931136 0.023409 0.023409 0.022045

MOTIF 66-AGCRAGACTCYGTS STREME-66
letter-probability matrix: alength= 4 w= 14 nsites= 91 E= 7.4e+000
 0.988485 0.010766 0.000386 0.000363
 0.000363 0.010766 0.988508 0.000363
 0.000363 0.926226 0.073047 0.000363
 0.436333 0.010766 0.552538 0.000363
 0.998866 0.000386 0.000386 0.000363
 0.041884 0.000386 0.957367 0.000363
 0.706219 0.000386 0.293032 0.000363
 0.000363 0.988508 0.010766 0.000363
 0.052264 0.199610 0.000386 0.747740
 0.000363 0.946987 0.031526 0.021124
 0.021124 0.562918 0.031526 0.384432
 0.145686 0.010766 0.832804 0.010743
 0.000363 0.043906 0.000386 0.955345
 0.000363 0.509017 0.479876 0.010743

MOTIF 67-CCGTCTCTAC STREME-67
letter-probability matrix: alength= 4 w= 10 nsites= 188 E= 9.7e+000
 0.009524 0.972982 0.000314 0.017180
 0.075687 0.769287 0.034084 0.120942
 0.153897 0.037779 0.761114 0.047210
 0.042509 0.019207 0.016063 0.922220
 0.000295 0.982210 0.000314 0.017181
 0.008738 0.000314 0.219825 0.771123
 0.008738 0.970264 0.020703 0.000295
 0.000295 0.055533 0.032649 0.911522
 0.863914 0.089424 0.046367 0.000295
 0.008738 0.978320 0.000314 0.012628

MOTIF 68-CAGCTCAGCAARGCC STREME-68
letter-probability matrix: alength= 4 w= 15 nsites= 63 E= 1.7e+001
 0.028046 0.970960 0.000512 0.000482
 0.943366 0.000512 0.055639 0.000482
 0.000482 0.028076 0.957178 0.014264
 0.000482 0.998524 0.000512 0.000482
 0.041828 0.028076 0.000512 0.929585
 0.000482 0.998524 0.000512 0.000482
 0.860675 0.028076 0.000512 0.110737
 0.055610 0.069421 0.805578 0.069391
 0.000482 0.984742 0.000512 0.014264
 0.970930 0.014294 0.000512 0.014264
 0.846894 0.069421 0.083203 0.000482
 0.378311 0.000512 0.593131 0.028046
 0.055610 0.014294 0.929614 0.000482
 0.000482 0.915833 0.041858 0.041828
 0.000482 0.764232 0.028076 0.207210

********************************************************************************
Stopped because 3 consecutive motifs exceeded the p-value threshold (0.05).
********************************************************************************
COMMAND:	streme --verbosity 1 --oc meme_out_incomplete_DL/HepG2_ARID5B-human_ENCFF122HBJ/streme_out -dna --seed 0 --p meme_out_incomplete_DL/HepG2_ARID5B-human_ENCFF122HBJ/seqs-centered --minw 6 --maxw 15 --time 6150 --order 2 --thresh 0.05 --align center --totallength 4000000 --parse-genomic-coord
********************************************************************************
CPU:		9f05ee173ae9
********************************************************************************
FINALTIME:	2799.19 seconds
********************************************************************************
