********************************************************************************
STREME - Sensitive, Thorough, Rapid, Enriched Motif Elicitation
********************************************************************************
MEME version 5.5.3 (Release date: Sat Jun 10 16:19:38 2023 -0700)

For further information on how to interpret these results please access http://localhost:8080/meme_5.5.3.
To get a copy of the MEME Suite software please access https://meme-suite.org.

********************************************************************************


********************************************************************************
REFERENCE
********************************************************************************
If you use this program in your research, please cite:

Timothy L. Bailey,
"STREME: accurate and versatile sequence motif discovery",
Bioinformatics, Mar. 24, 2021.
********************************************************************************


ALPHABET= ACGT

strands: + -

Background letter frequencies
A 0.277 C 0.223 G 0.223 T 0.277 

MOTIF 1-AGYGAGACTCYGTCT STREME-1
letter-probability matrix: alength= 4 w= 15 nsites= 996 E= 6.4e-030
 0.913323 0.003409 0.071982 0.011287
 0.060749 0.027016 0.907693 0.004542
 0.040514 0.544592 0.038257 0.376636
 0.288294 0.037133 0.656541 0.018031
 0.990889 0.000036 0.009029 0.000045
 0.196772 0.010154 0.785161 0.007914
 0.970655 0.001160 0.020271 0.007914
 0.006790 0.900948 0.012402 0.079860
 0.021404 0.246226 0.002284 0.730086
 0.009038 0.907693 0.011278 0.071991
 0.027025 0.455318 0.001160 0.516497
 0.294573 0.014650 0.683987 0.006790
 0.011287 0.028140 0.001160 0.959413
 0.018031 0.939170 0.000036 0.042763
 0.037608 0.013526 0.011278 0.937588

MOTIF 2-CACTCCAGCCTGGGY STREME-2
letter-probability matrix: alength= 4 w= 15 nsites= 952 E= 3.3e-026
 0.013948 0.906715 0.006988 0.072350
 0.953061 0.017414 0.015577 0.013948
 0.003522 0.872442 0.010463 0.113573
 0.002363 0.011622 0.005829 0.980186
 0.004680 0.945424 0.016255 0.033641
 0.010472 0.929206 0.004671 0.055651
 0.982503 0.004671 0.010463 0.002363
 0.023215 0.010463 0.960483 0.005839
 0.005839 0.940790 0.011622 0.041750
 0.011631 0.950057 0.001196 0.037116
 0.013948 0.019731 0.001196 0.965126
 0.044067 0.008146 0.938473 0.009314
 0.039059 0.006988 0.934214 0.019740
 0.060285 0.030156 0.889819 0.019740
 0.050339 0.551451 0.051008 0.347201

MOTIF 3-DGTAAACA STREME-3
letter-probability matrix: alength= 4 w= 8 nsites= 2216 E= 2.2e-025
 0.314598 0.028816 0.222298 0.434287
 0.000048 0.000039 0.999865 0.000048
 0.000048 0.000039 0.000039 0.999874
 0.999874 0.000039 0.000039 0.000048
 0.999874 0.000039 0.000039 0.000048
 0.997190 0.000393 0.000445 0.001972
 0.000048 0.886127 0.000039 0.113786
 0.991497 0.000351 0.000638 0.007514

MOTIF 4-GCAGTGAGCYGAGAT STREME-4
letter-probability matrix: alength= 4 w= 15 nsites= 713 E= 3.4e-020
 0.028270 0.000050 0.951246 0.020434
 0.003197 0.937142 0.003185 0.056476
 0.948124 0.004752 0.039227 0.007898
 0.023568 0.011020 0.960648 0.004764
 0.000063 0.017288 0.009453 0.973197
 0.037672 0.003185 0.955947 0.003197
 0.979465 0.006319 0.007886 0.006331
 0.054909 0.003185 0.938709 0.003197
 0.003197 0.932441 0.004752 0.059610
 0.032971 0.590826 0.020422 0.355782
 0.307203 0.012587 0.670745 0.009465
 0.814925 0.009453 0.007886 0.167736
 0.020434 0.006319 0.965349 0.007898
 0.943423 0.011020 0.029824 0.015733
 0.003197 0.031391 0.007886 0.957526

MOTIF 5-CCTCMGCCTCCCRRG STREME-5
letter-probability matrix: alength= 4 w= 15 nsites= 609 E= 1.4e-016
 0.007217 0.892621 0.062578 0.037584
 0.003644 0.955142 0.003630 0.037584
 0.010789 0.016134 0.000057 0.973019
 0.010789 0.878331 0.000057 0.110822
 0.384127 0.275148 0.173329 0.167396
 0.150121 0.008989 0.824742 0.016148
 0.010789 0.956928 0.003630 0.028652
 0.009003 0.931920 0.012562 0.046515
 0.010789 0.005416 0.000057 0.983737
 0.001858 0.953356 0.007203 0.037584
 0.009003 0.942638 0.007203 0.041156
 0.014362 0.693143 0.021493 0.271002
 0.450220 0.010775 0.513925 0.025080
 0.516313 0.007203 0.474626 0.001858
 0.221573 0.000057 0.765794 0.012576

MOTIF 6-CAACAACAACAAMAA STREME-6
letter-probability matrix: alength= 4 w= 15 nsites= 914 E= 5.0e-016
 0.000060 0.999832 0.000048 0.000060
 0.999844 0.000048 0.000048 0.000060
 0.999844 0.000048 0.000048 0.000060
 0.000060 0.999832 0.000048 0.000060
 0.999844 0.000048 0.000048 0.000060
 0.999844 0.000048 0.000048 0.000060
 0.000060 0.999832 0.000048 0.000060
 0.999844 0.000048 0.000048 0.000060
 0.999844 0.000048 0.000048 0.000060
 0.000060 0.999832 0.000048 0.000060
 0.999844 0.000048 0.000048 0.000060
 0.999844 0.000048 0.000048 0.000060
 0.411211 0.588681 0.000048 0.000060
 0.999844 0.000048 0.000048 0.000060
 0.999844 0.000048 0.000048 0.000060

MOTIF 7-GGAGRATCRCTTGAR STREME-7
letter-probability matrix: alength= 4 w= 15 nsites= 396 E= 4.8e-013
 0.058401 0.020493 0.897675 0.023430
 0.055487 0.003008 0.923903 0.017602
 0.862727 0.072949 0.005922 0.058401
 0.075886 0.000094 0.918075 0.005945
 0.559648 0.003008 0.428485 0.008859
 0.985125 0.003008 0.011751 0.000117
 0.000117 0.029236 0.000094 0.970554
 0.020516 0.655794 0.067121 0.256568
 0.358566 0.029236 0.585853 0.026345
 0.014688 0.929732 0.008836 0.046744
 0.032173 0.096263 0.032150 0.839413
 0.005945 0.000094 0.026322 0.967639
 0.026345 0.008836 0.964702 0.000117
 0.982210 0.000094 0.011751 0.005945
 0.553819 0.008836 0.437228 0.000117

MOTIF 8-AAAYAAACAAA STREME-8
letter-probability matrix: alength= 4 w= 11 nsites= 764 E= 1.9e-010
 0.948602 0.018095 0.025425 0.007877
 0.975521 0.006806 0.010790 0.006883
 0.980540 0.009961 0.002354 0.007145
 0.000091 0.560384 0.015176 0.424349
 0.994279 0.002121 0.003296 0.000303
 0.979424 0.010046 0.004323 0.006206
 0.975725 0.000073 0.022878 0.001323
 0.001017 0.923288 0.003716 0.071979
 0.961856 0.005107 0.012422 0.020615
 0.948571 0.024269 0.017628 0.009532
 0.952740 0.010272 0.017665 0.019322

MOTIF 9-CAGTGGCGC STREME-9
letter-probability matrix: alength= 4 w= 9 nsites= 838 E= 2.5e-010
 0.000078 0.984969 0.000063 0.014889
 0.918442 0.000063 0.081417 0.000078
 0.162574 0.000063 0.837284 0.000078
 0.000078 0.011827 0.000063 0.988032
 0.000078 0.000063 0.999780 0.000078
 0.000078 0.000063 0.999780 0.000078
 0.000078 0.706695 0.000063 0.293163
 0.203089 0.000063 0.650854 0.145995
 0.000078 0.867918 0.000063 0.131940

MOTIF 10-GCTGGGATTACAGGC STREME-10
letter-probability matrix: alength= 4 w= 15 nsites= 360 E= 1.2e-009
 0.025150 0.003229 0.968368 0.003253
 0.006381 0.937087 0.009485 0.047047
 0.003253 0.009485 0.000101 0.987161
 0.075199 0.000101 0.924575 0.000125
 0.050175 0.000101 0.940215 0.009509
 0.048733 0.000101 0.941657 0.009509
 0.990289 0.000101 0.006357 0.003253
 0.003253 0.259732 0.000101 0.736914
 0.003253 0.031382 0.015741 0.949624
 0.955880 0.018869 0.018869 0.006381
 0.009509 0.905806 0.009485 0.075199
 0.977777 0.006357 0.012613 0.003253
 0.040790 0.009485 0.933959 0.015766
 0.065815 0.009485 0.912062 0.012638
 0.028278 0.727505 0.018869 0.225348

MOTIF 11-GKTCAAAGTCC STREME-11
letter-probability matrix: alength= 4 w= 11 nsites= 1188 E= 4.0e-008
 0.092558 0.001181 0.895244 0.011017
 0.217497 0.076889 0.438085 0.267530
 0.105026 0.178076 0.203146 0.513753
 0.001068 0.901445 0.007219 0.090268
 0.919688 0.023429 0.030656 0.026227
 0.811107 0.011949 0.123829 0.053115
 0.789297 0.011326 0.178285 0.021093
 0.002094 0.000033 0.967061 0.030811
 0.035159 0.004139 0.190572 0.770130
 0.121056 0.588873 0.031816 0.258255
 0.134573 0.699769 0.036310 0.129348

MOTIF 12-RRTGACTCAK STREME-12
letter-probability matrix: alength= 4 w= 10 nsites= 500 E= 4.7e-007
 0.339610 0.205370 0.420454 0.034566
 0.579120 0.000134 0.348875 0.071871
 0.000167 0.004313 0.000134 0.995385
 0.000167 0.000134 0.987896 0.011802
 0.999564 0.000134 0.000134 0.000167
 0.006601 0.909204 0.084029 0.000167
 0.000167 0.020175 0.001868 0.977790
 0.127268 0.872430 0.000134 0.000167
 0.978672 0.000134 0.021026 0.000167
 0.044830 0.113357 0.498957 0.342856

MOTIF 13-AATATTTGYTKA STREME-13
letter-probability matrix: alength= 4 w= 12 nsites= 735 E= 9.3e-007
 0.817168 0.070615 0.044652 0.067564
 0.777751 0.101005 0.059498 0.061746
 0.000066 0.031446 0.000733 0.967755
 0.830859 0.021375 0.142779 0.004986
 0.061833 0.003054 0.043377 0.891736
 0.003067 0.004973 0.004973 0.986987
 0.049185 0.000053 0.052574 0.898188
 0.165453 0.001693 0.815670 0.017184
 0.060666 0.607142 0.016314 0.315878
 0.199750 0.083572 0.024995 0.691683
 0.157501 0.156754 0.264746 0.420999
 0.610791 0.038911 0.050404 0.299894

MOTIF 14-CCACCAYGCCYGGC STREME-14
letter-probability matrix: alength= 4 w= 14 nsites= 172 E= 3.1e-004
 0.027644 0.896594 0.000220 0.075542
 0.007116 0.937649 0.007063 0.048172
 0.965073 0.007063 0.007063 0.020802
 0.000274 0.958177 0.013905 0.027644
 0.007116 0.923964 0.020748 0.048172
 0.930860 0.000220 0.054961 0.013959
 0.027644 0.403932 0.041273 0.527152
 0.075542 0.013905 0.896594 0.013959
 0.000274 0.951334 0.000220 0.048172
 0.000274 0.958177 0.000220 0.041329
 0.000274 0.465515 0.013905 0.520306
 0.239764 0.007063 0.752900 0.000274
 0.000274 0.013905 0.971862 0.013959
 0.027644 0.930806 0.007063 0.034487

MOTIF 15-GCCTGGGCAACAK STREME-15
letter-probability matrix: alength= 4 w= 13 nsites= 123 E= 3.1e-004
 0.028529 0.000302 0.923871 0.047298
 0.019145 0.970793 0.000302 0.009760
 0.000376 0.980178 0.000302 0.019145
 0.037913 0.004195 0.000302 0.957590
 0.009760 0.000302 0.989562 0.000376
 0.000376 0.000302 0.998947 0.000376
 0.056682 0.225529 0.698644 0.019145
 0.000376 0.876949 0.000302 0.122374
 0.736256 0.000302 0.263067 0.000376
 0.961483 0.000302 0.037840 0.000376
 0.000376 0.970793 0.009686 0.019145
 0.970867 0.000302 0.028455 0.000376
 0.084836 0.056609 0.407726 0.450829

MOTIF 16-CAGGAGTTYRAGRCY STREME-16
letter-probability matrix: alength= 4 w= 15 nsites= 177 E= 1.2e-003
 0.000236 0.958119 0.000189 0.041456
 0.969943 0.006078 0.023744 0.000236
 0.076787 0.000189 0.893345 0.029678
 0.082675 0.006078 0.905122 0.006124
 0.987608 0.000189 0.011967 0.000236
 0.094452 0.000189 0.905122 0.000236
 0.070898 0.023744 0.064963 0.840395
 0.000236 0.000189 0.000189 0.999385
 0.023790 0.610695 0.053186 0.312329
 0.487082 0.011967 0.494828 0.006124
 0.969943 0.011967 0.017855 0.000236
 0.029678 0.000189 0.969896 0.000236
 0.551856 0.000189 0.447719 0.000236
 0.000236 0.887457 0.029632 0.082675
 0.012013 0.604806 0.000189 0.382991

MOTIF 17-ATAAACA STREME-17
letter-probability matrix: alength= 4 w= 7 nsites= 701 E= 7.6e-003
 0.934291 0.020255 0.020255 0.025200
 0.025200 0.020255 0.020255 0.934291
 0.934291 0.020255 0.020255 0.025200
 0.934291 0.020255 0.020255 0.025200
 0.934291 0.020255 0.020255 0.025200
 0.025200 0.929345 0.020255 0.025200
 0.934291 0.020255 0.020255 0.025200

MOTIF 18-CAAAGGTCA STREME-18
letter-probability matrix: alength= 4 w= 9 nsites= 456 E= 8.4e-003
 0.036265 0.872858 0.042788 0.048090
 0.856909 0.072704 0.016721 0.053665
 0.999497 0.000155 0.000155 0.000193
 0.999497 0.000155 0.000155 0.000193
 0.000193 0.000155 0.999459 0.000193
 0.089142 0.000155 0.664973 0.245729
 0.000193 0.159513 0.098395 0.741899
 0.000193 0.948289 0.000155 0.051363
 0.927195 0.000155 0.072457 0.000193

MOTIF 19-CTCCCTCCCTCBCT STREME-19
letter-probability matrix: alength= 4 w= 14 nsites= 123 E= 1.0e-002
 0.008247 0.930389 0.008185 0.053179
 0.024106 0.008185 0.027333 0.940377
 0.008247 0.889871 0.039903 0.061979
 0.024106 0.921445 0.008185 0.046265
 0.008247 0.943604 0.008185 0.039965
 0.011536 0.016114 0.000255 0.972095
 0.032035 0.879616 0.024044 0.064305
 0.032035 0.852328 0.016114 0.099523
 0.024106 0.897504 0.008185 0.070205
 0.039965 0.008185 0.016114 0.935736
 0.032035 0.872351 0.047832 0.047781
 0.063753 0.436893 0.236789 0.262565
 0.000317 0.927745 0.031973 0.039965
 0.008247 0.043192 0.008185 0.940377

MOTIF 20-CCCCTCCCCCA STREME-20
letter-probability matrix: alength= 4 w= 11 nsites= 149 E= 1.5e-002
 0.000366 0.998974 0.000294 0.000366
 0.000366 0.989837 0.009432 0.000366
 0.000366 0.998974 0.000294 0.000366
 0.064357 0.804539 0.000294 0.130810
 0.238029 0.000294 0.208985 0.552692
 0.027791 0.949480 0.022364 0.000366
 0.000366 0.971549 0.027719 0.000366
 0.000366 0.998974 0.000294 0.000366
 0.000366 0.998974 0.000294 0.000366
 0.000366 0.925842 0.000294 0.073498
 0.657313 0.173983 0.102603 0.066100

MOTIF 21-ATTGCAYAA STREME-21
letter-probability matrix: alength= 4 w= 9 nsites= 268 E= 1.5e-002
 0.998673 0.000409 0.000409 0.000509
 0.000509 0.000409 0.000409 0.998673
 0.000509 0.000409 0.000409 0.998673
 0.000509 0.000409 0.998573 0.000509
 0.000509 0.998573 0.000409 0.000509
 0.550075 0.119561 0.077868 0.252496
 0.000509 0.513838 0.000409 0.485244
 0.709467 0.289615 0.000409 0.000509
 0.998673 0.000409 0.000409 0.000509

MOTIF 22-AAACAAAACAAAACA STREME-22
letter-probability matrix: alength= 4 w= 15 nsites= 102 E= 7.0e-002
 0.998663 0.000412 0.000412 0.000513
 0.998663 0.000412 0.000412 0.000513
 0.934622 0.038837 0.026028 0.000513
 0.000513 0.960138 0.000412 0.038937
 0.998663 0.000412 0.000412 0.000513
 0.998663 0.000412 0.000412 0.000513
 0.998663 0.000412 0.000412 0.000513
 0.998663 0.000412 0.000412 0.000513
 0.000513 0.985754 0.000412 0.013321
 0.967734 0.013220 0.005725 0.013321
 0.998663 0.000412 0.000412 0.000513
 0.998663 0.000412 0.000412 0.000513
 0.985861 0.013215 0.000412 0.000513
 0.000513 0.998563 0.000412 0.000513
 0.973047 0.026028 0.000412 0.000513

MOTIF 23-GCCCAGCC STREME-23
letter-probability matrix: alength= 4 w= 8 nsites= 181 E= 1.2e-001
 0.025200 0.020255 0.929345 0.025200
 0.025200 0.929345 0.020255 0.025200
 0.025200 0.929345 0.020255 0.025200
 0.025200 0.929345 0.020255 0.025200
 0.934291 0.020255 0.020255 0.025200
 0.025200 0.020255 0.929345 0.025200
 0.025200 0.929345 0.020255 0.025200
 0.025200 0.929345 0.020255 0.025200

MOTIF 24-AATCAATAA STREME-24
letter-probability matrix: alength= 4 w= 9 nsites= 475 E= 1.4e-001
 0.796962 0.000157 0.202687 0.000195
 0.797168 0.000157 0.202481 0.000195
 0.000195 0.000157 0.000157 0.999492
 0.178914 0.804321 0.016571 0.000195
 0.986113 0.000157 0.000157 0.013574
 0.729948 0.052835 0.026240 0.190977
 0.000195 0.000157 0.000157 0.999492
 0.982110 0.000157 0.017538 0.000195
 0.546486 0.107980 0.244671 0.100864

MOTIF 25-CAGGAAG STREME-25
letter-probability matrix: alength= 4 w= 7 nsites= 536 E= 2.0e-001
 0.000923 0.997412 0.000742 0.000923
 0.610346 0.201082 0.187649 0.000923
 0.000923 0.005205 0.992949 0.000923
 0.000923 0.000742 0.997412 0.000923
 0.997593 0.000742 0.000742 0.000923
 0.959256 0.039079 0.000742 0.000923
 0.000923 0.000742 0.997412 0.000923

MOTIF 26-ATTCATCCATCCA STREME-26
letter-probability matrix: alength= 4 w= 13 nsites= 90 E= 2.4e-001
 0.998314 0.000520 0.000520 0.000647
 0.000647 0.000520 0.000520 0.998314
 0.000647 0.000520 0.000520 0.998314
 0.000647 0.871574 0.000520 0.127259
 0.998314 0.000520 0.000520 0.000647
 0.000647 0.078674 0.000520 0.920160
 0.000647 0.982034 0.016673 0.000647
 0.000647 0.852811 0.000520 0.146023
 0.966008 0.000520 0.000520 0.032952
 0.016799 0.291273 0.000520 0.691408
 0.000647 0.959748 0.000520 0.039085
 0.000647 0.797345 0.000520 0.201489
 0.998314 0.000520 0.000520 0.000647

MOTIF 27-WGTCAACA STREME-27
letter-probability matrix: alength= 4 w= 8 nsites= 509 E= 4.5e-001
 0.416177 0.002194 0.000381 0.581247
 0.000474 0.000381 0.998670 0.000474
 0.000474 0.000381 0.000381 0.998763
 0.000474 0.998670 0.000381 0.000474
 0.992363 0.000381 0.006781 0.000474
 0.998763 0.000381 0.000381 0.000474
 0.000474 0.799217 0.000381 0.199927
 0.951694 0.000381 0.037437 0.010488

MOTIF 28-AAAGCAAAYAAR STREME-28
letter-probability matrix: alength= 4 w= 12 nsites= 201 E= 5.4e-001
 0.844628 0.029013 0.049375 0.076984
 0.869720 0.000232 0.043408 0.086641
 0.895701 0.014624 0.000232 0.089444
 0.000288 0.008812 0.990612 0.000288
 0.157367 0.734202 0.108143 0.000288
 0.999249 0.000232 0.000232 0.000288
 0.999249 0.000232 0.000232 0.000288
 0.853906 0.014624 0.116790 0.014680
 0.000288 0.541034 0.114255 0.344423
 0.956397 0.000232 0.000232 0.043140
 0.986219 0.000232 0.013261 0.000288
 0.435011 0.138990 0.425711 0.000288

MOTIF 29-ASATCAAAG STREME-29
letter-probability matrix: alength= 4 w= 9 nsites= 373 E= 5.6e-001
 0.774503 0.000257 0.095479 0.129761
 0.000320 0.470880 0.528481 0.000320
 0.718034 0.000257 0.000622 0.281088
 0.000320 0.000257 0.000257 0.999167
 0.000320 0.783882 0.215479 0.000320
 0.920683 0.000257 0.078741 0.000320
 0.999167 0.000257 0.000257 0.000320
 0.999167 0.000257 0.000257 0.000320
 0.000320 0.000257 0.999104 0.000320

MOTIF 30-CTACTAAAAATACAA STREME-30
letter-probability matrix: alength= 4 w= 15 nsites= 52 E= 6.4e-001
 0.000887 0.997514 0.000713 0.000887
 0.000887 0.022864 0.000713 0.975537
 0.953386 0.022864 0.022864 0.000887
 0.000887 0.975363 0.022864 0.000887
 0.023038 0.089317 0.022864 0.864781
 0.997688 0.000713 0.000713 0.000887
 0.975537 0.000713 0.022864 0.000887
 0.997688 0.000713 0.000713 0.000887
 0.953386 0.022864 0.000713 0.023038
 0.997688 0.000713 0.000713 0.000887
 0.000887 0.000713 0.000713 0.997688
 0.997688 0.000713 0.000713 0.000887
 0.045189 0.908910 0.000713 0.045189
 0.953386 0.022864 0.000713 0.023038
 0.975537 0.022864 0.000713 0.000887

MOTIF 31-AGGAAGGAAGGAAGG STREME-31
letter-probability matrix: alength= 4 w= 15 nsites= 65 E= 6.4e-001
 0.959605 0.000929 0.038311 0.001155
 0.001155 0.058653 0.881313 0.058879
 0.001155 0.000929 0.996761 0.001155
 0.996988 0.000929 0.000929 0.001155
 0.921844 0.029791 0.000929 0.047437
 0.001155 0.000929 0.996761 0.001155
 0.001155 0.000929 0.996761 0.001155
 0.996988 0.000929 0.000929 0.001155
 0.996988 0.000929 0.000929 0.001155
 0.001155 0.000929 0.996761 0.001155
 0.001155 0.000929 0.996761 0.001155
 0.996988 0.000929 0.000929 0.001155
 0.640269 0.000929 0.242199 0.116604
 0.001155 0.000929 0.996761 0.001155
 0.001155 0.000929 0.996761 0.001155

MOTIF 32-AAAAAAAAAAARAAA STREME-32
letter-probability matrix: alength= 4 w= 15 nsites= 309 E= 8.9e-001
 0.996146 0.002286 0.001412 0.000155
 0.962852 0.000124 0.036869 0.000155
 0.931858 0.000124 0.067862 0.000155
 0.802428 0.000124 0.197293 0.000155
 0.984403 0.000124 0.015318 0.000155
 0.963417 0.000124 0.020259 0.016200
 0.894314 0.000124 0.105407 0.000155
 0.748324 0.002700 0.248821 0.000155
 0.991863 0.000124 0.000124 0.007888
 0.990259 0.007858 0.001728 0.000155
 0.943861 0.007858 0.048127 0.000155
 0.360710 0.043698 0.574500 0.021092
 0.959179 0.011722 0.005743 0.023355
 0.987195 0.000124 0.000124 0.012556
 0.909888 0.003991 0.060333 0.025788

MOTIF 33-TCCATCCACCCACCC STREME-33
letter-probability matrix: alength= 4 w= 15 nsites= 62 E= 1.3e+000
 0.025200 0.020255 0.020255 0.934291
 0.025200 0.929345 0.020255 0.025200
 0.025200 0.929345 0.020255 0.025200
 0.934291 0.020255 0.020255 0.025200
 0.025200 0.020255 0.020255 0.934291
 0.025200 0.929345 0.020255 0.025200
 0.025200 0.929345 0.020255 0.025200
 0.934291 0.020255 0.020255 0.025200
 0.025200 0.929345 0.020255 0.025200
 0.025200 0.929345 0.020255 0.025200
 0.025200 0.929345 0.020255 0.025200
 0.934291 0.020255 0.020255 0.025200
 0.025200 0.929345 0.020255 0.025200
 0.025200 0.929345 0.020255 0.025200
 0.025200 0.929345 0.020255 0.025200

MOTIF 34-AAAACAAAAACAAAA STREME-34
letter-probability matrix: alength= 4 w= 15 nsites= 46 E= 1.3e+000
 0.934291 0.020255 0.020255 0.025200
 0.934291 0.020255 0.020255 0.025200
 0.934291 0.020255 0.020255 0.025200
 0.934291 0.020255 0.020255 0.025200
 0.025200 0.929345 0.020255 0.025200
 0.934291 0.020255 0.020255 0.025200
 0.934291 0.020255 0.020255 0.025200
 0.934291 0.020255 0.020255 0.025200
 0.934291 0.020255 0.020255 0.025200
 0.934291 0.020255 0.020255 0.025200
 0.025200 0.929345 0.020255 0.025200
 0.934291 0.020255 0.020255 0.025200
 0.934291 0.020255 0.020255 0.025200
 0.934291 0.020255 0.020255 0.025200
 0.934291 0.020255 0.020255 0.025200

MOTIF 35-ACAGAGCGAGRCT STREME-35
letter-probability matrix: alength= 4 w= 13 nsites= 68 E= 1.3e+000
 0.883725 0.014809 0.057850 0.043616
 0.043616 0.941001 0.000462 0.014921
 0.941114 0.014809 0.014809 0.029269
 0.029269 0.014809 0.926654 0.029269
 0.883725 0.029156 0.072198 0.014921
 0.000574 0.014809 0.969695 0.014921
 0.088677 0.723774 0.043503 0.144046
 0.164345 0.086545 0.734189 0.014921
 0.926767 0.029156 0.029156 0.014921
 0.049567 0.057850 0.877661 0.014921
 0.504746 0.057850 0.408135 0.029269
 0.043616 0.926654 0.029156 0.000574
 0.057963 0.086545 0.000462 0.855030

MOTIF 36-AACCTCCGCC STREME-36
letter-probability matrix: alength= 4 w= 10 nsites= 105 E= 1.3e+000
 0.950139 0.036836 0.012539 0.000486
 0.990059 0.005430 0.004025 0.000486
 0.002824 0.838370 0.146171 0.012635
 0.000486 0.925746 0.000391 0.073377
 0.012635 0.000391 0.000391 0.986584
 0.000486 0.986488 0.012539 0.000486
 0.020490 0.764005 0.002729 0.212776
 0.213527 0.000391 0.785596 0.000486
 0.000486 0.986488 0.000391 0.012635
 0.005526 0.981454 0.000391 0.012629

MOTIF 37-AGAGAGAGAAAGAAA STREME-37
letter-probability matrix: alength= 4 w= 15 nsites= 161 E= 1.6e+000
 0.972974 0.000391 0.026148 0.000487
 0.127561 0.012551 0.859402 0.000487
 0.974412 0.000391 0.024710 0.000487
 0.061265 0.012551 0.925698 0.000487
 0.986571 0.012551 0.000391 0.000487
 0.012646 0.012551 0.974317 0.000487
 0.986571 0.000391 0.012551 0.000487
 0.000487 0.012551 0.986476 0.000487
 0.998731 0.000391 0.000391 0.000487
 0.779229 0.012551 0.207734 0.000487
 0.962253 0.000391 0.036869 0.000487
 0.000487 0.000391 0.998635 0.000487
 0.693312 0.061188 0.245013 0.000487
 0.715167 0.012551 0.259636 0.012646
 0.986571 0.000391 0.000391 0.012646

MOTIF 38-CACACACAAACAC STREME-38
letter-probability matrix: alength= 4 w= 13 nsites= 236 E= 2.0e+000
 0.000393 0.998898 0.000316 0.000393
 0.967493 0.000316 0.031798 0.000393
 0.000393 0.780455 0.042376 0.176775
 0.929751 0.000316 0.000316 0.069617
 0.000393 0.937694 0.000316 0.061597
 0.771830 0.010132 0.073093 0.144945
 0.000393 0.998898 0.000316 0.000393
 0.789320 0.000316 0.069031 0.141333
 0.998975 0.000316 0.000316 0.000393
 0.889930 0.000316 0.000316 0.109439
 0.000393 0.642061 0.120282 0.237264
 0.861536 0.093060 0.045011 0.000393
 0.000393 0.998898 0.000316 0.000393

MOTIF 39-ATGATGAAACC STREME-39
letter-probability matrix: alength= 4 w= 11 nsites= 45 E= 5.1e+000
 0.916037 0.082010 0.000870 0.001083
 0.001083 0.000870 0.000870 0.997177
 0.001083 0.000870 0.996965 0.001083
 0.807851 0.000870 0.190196 0.001083
 0.001083 0.000870 0.000870 0.997177
 0.001083 0.000870 0.996965 0.001083
 0.861944 0.082010 0.000870 0.055176
 0.970131 0.000870 0.000870 0.028129
 0.997177 0.000870 0.000870 0.001083
 0.001083 0.812268 0.054963 0.131687
 0.163362 0.645359 0.109056 0.082222

MOTIF 40-AACAACAACAAWA STREME-40
letter-probability matrix: alength= 4 w= 13 nsites= 79 E= 2.5e+001
 0.996892 0.000958 0.000958 0.001192
 0.996892 0.000958 0.000958 0.001192
 0.001192 0.847811 0.000958 0.150039
 0.967116 0.000958 0.030734 0.001192
 0.996892 0.000958 0.000958 0.001192
 0.001192 0.996658 0.000958 0.001192
 0.996892 0.000958 0.000958 0.001192
 0.996892 0.000958 0.000958 0.001192
 0.001192 0.996658 0.000958 0.001192
 0.996892 0.000958 0.000958 0.001192
 0.996892 0.000958 0.000958 0.001192
 0.639636 0.000958 0.000958 0.358448
 0.996892 0.000958 0.000958 0.001192

MOTIF 41-CAACACCATCA STREME-41
letter-probability matrix: alength= 4 w= 11 nsites= 60 E= 2.6e+001
 0.001407 0.996055 0.001131 0.001407
 0.820580 0.001131 0.106582 0.071708
 0.996331 0.001131 0.001131 0.001407
 0.001407 0.785153 0.001131 0.212309
 0.785429 0.001131 0.212033 0.001407
 0.001407 0.996055 0.001131 0.001407
 0.001407 0.996055 0.001131 0.001407
 0.890880 0.001131 0.106582 0.001407
 0.001407 0.001131 0.001131 0.996331
 0.001407 0.996055 0.001131 0.001407
 0.996331 0.001131 0.001131 0.001407

********************************************************************************
Stopped because 3 consecutive motifs exceeded the p-value threshold (0.05).
********************************************************************************
COMMAND:	streme --verbosity 1 --oc meme_out_incomplete_DL/HepG2_FOXP1-human_ENCFF333EZN/streme_out -dna --seed 0 --p meme_out_incomplete_DL/HepG2_FOXP1-human_ENCFF333EZN/seqs-centered --minw 6 --maxw 15 --time 6190 --order 2 --thresh 0.05 --align center --totallength 4000000 --parse-genomic-coord
********************************************************************************
CPU:		9f05ee173ae9
********************************************************************************
FINALTIME:	556.10 seconds
********************************************************************************
