********************************************************************************
STREME - Sensitive, Thorough, Rapid, Enriched Motif Elicitation
********************************************************************************
MEME version 5.5.3 (Release date: Sat Jun 10 16:19:38 2023 -0700)

For further information on how to interpret these results please access http://localhost:8080/meme_5.5.3.
To get a copy of the MEME Suite software please access https://meme-suite.org.

********************************************************************************


********************************************************************************
REFERENCE
********************************************************************************
If you use this program in your research, please cite:

Timothy L. Bailey,
"STREME: accurate and versatile sequence motif discovery",
Bioinformatics, Mar. 24, 2021.
********************************************************************************


ALPHABET= ACGT

strands: + -

Background letter frequencies
A 0.185 C 0.315 G 0.315 T 0.185 

MOTIF 1-VGGGGGCGGGGCYDS STREME-1
letter-probability matrix: alength= 4 w= 15 nsites= 2081 E= 1.6e-024
 0.310137 0.254548 0.293789 0.141526
 0.257805 0.155771 0.543897 0.042527
 0.076215 0.000024 0.784473 0.139288
 0.144559 0.000024 0.852768 0.002649
 0.000014 0.000024 0.999948 0.000014
 0.000014 0.000024 0.999948 0.000014
 0.004449 0.949002 0.000024 0.046525
 0.014508 0.000024 0.983872 0.001595
 0.005812 0.004241 0.892079 0.097869
 0.126602 0.000024 0.845207 0.028167
 0.095850 0.051608 0.838297 0.014245
 0.084474 0.830502 0.014473 0.070551
 0.053640 0.480905 0.210621 0.254833
 0.252690 0.125236 0.316501 0.305572
 0.135148 0.273707 0.510978 0.080168

MOTIF 2-RCCGGAAGTGR STREME-2
letter-probability matrix: alength= 4 w= 11 nsites= 1018 E= 4.5e-014
 0.449718 0.208228 0.287277 0.054778
 0.077221 0.781270 0.123521 0.017987
 0.086806 0.894359 0.015333 0.003501
 0.001774 0.000079 0.998102 0.000046
 0.003501 0.000079 0.996374 0.000046
 0.979359 0.000079 0.000079 0.020483
 0.960991 0.005261 0.000079 0.033669
 0.060672 0.001495 0.934331 0.003501
 0.012675 0.100629 0.000079 0.886618
 0.144355 0.069203 0.684775 0.101667
 0.376351 0.185966 0.385606 0.052077

MOTIF 3-RCCAATCAGAR STREME-3
letter-probability matrix: alength= 4 w= 11 nsites= 942 E= 2.0e-013
 0.344967 0.012263 0.560669 0.082101
 0.000041 0.998032 0.000069 0.001858
 0.001565 0.998325 0.000069 0.000041
 0.999821 0.000069 0.000069 0.000041
 0.999821 0.000069 0.000069 0.000041
 0.000041 0.000069 0.000069 0.999821
 0.053406 0.630272 0.303055 0.013268
 0.691479 0.003118 0.305362 0.000041
 0.084323 0.134370 0.751330 0.029978
 0.597159 0.258687 0.132811 0.011342
 0.409716 0.027154 0.504431 0.058699

MOTIF 4-GCCGCCGCCGCCGCC STREME-4
letter-probability matrix: alength= 4 w= 15 nsites= 483 E= 2.5e-008
 0.002308 0.004598 0.993035 0.000060
 0.022537 0.875221 0.000102 0.102140
 0.118807 0.663944 0.000102 0.217147
 0.077415 0.000102 0.920175 0.002308
 0.004555 0.959319 0.000102 0.036023
 0.000060 0.733530 0.042427 0.223983
 0.158884 0.000102 0.840954 0.000060
 0.000060 0.846000 0.000102 0.153837
 0.114502 0.651404 0.072962 0.161132
 0.099236 0.000102 0.900602 0.000060
 0.013546 0.870725 0.000102 0.115626
 0.005488 0.774837 0.000102 0.219572
 0.149342 0.000102 0.718920 0.131636
 0.015794 0.912117 0.000102 0.071987
 0.047262 0.655840 0.138612 0.158286

MOTIF 5-ACTACAAYTCCC STREME-5
letter-probability matrix: alength= 4 w= 12 nsites= 282 E= 6.8e-008
 0.958061 0.034122 0.000172 0.007645
 0.003873 0.995855 0.000172 0.000100
 0.015190 0.026577 0.000172 0.958061
 0.918773 0.007716 0.049211 0.024300
 0.000100 0.980766 0.003944 0.015190
 0.791634 0.049659 0.135973 0.022734
 0.566387 0.049211 0.113339 0.271062
 0.057132 0.433982 0.129994 0.378892
 0.056684 0.052983 0.026577 0.863755
 0.007645 0.967884 0.000172 0.024300
 0.018962 0.976994 0.000172 0.003873
 0.011417 0.976994 0.000172 0.011417

MOTIF 6-GCGCATGCGCASW STREME-6
letter-probability matrix: alength= 4 w= 13 nsites= 439 E= 1.4e-007
 0.118754 0.000115 0.881064 0.000067
 0.075675 0.911542 0.012716 0.000067
 0.035351 0.000115 0.964467 0.000067
 0.000067 0.999751 0.000115 0.000067
 0.783478 0.153334 0.037919 0.025270
 0.033529 0.147829 0.227472 0.591171
 0.000067 0.000115 0.999751 0.000067
 0.000067 0.999751 0.000115 0.000067
 0.000067 0.000115 0.965578 0.034240
 0.000067 0.940739 0.000115 0.059079
 0.918805 0.000115 0.081013 0.000067
 0.102886 0.335906 0.525858 0.035351
 0.292951 0.129243 0.133853 0.443953

MOTIF 7-CAAGATGGCGGCSSC STREME-7
letter-probability matrix: alength= 4 w= 15 nsites= 525 E= 1.6e-007
 0.108038 0.596937 0.205677 0.089349
 0.916692 0.008401 0.074852 0.000055
 0.875160 0.035396 0.027090 0.062353
 0.176565 0.228519 0.578248 0.016668
 0.999756 0.000094 0.000094 0.000055
 0.000055 0.002171 0.000094 0.997679
 0.000055 0.000094 0.999795 0.000055
 0.000055 0.002171 0.949957 0.047817
 0.000055 0.993565 0.000094 0.006285
 0.045740 0.122613 0.733992 0.097655
 0.128804 0.103924 0.723609 0.043664
 0.154585 0.747666 0.018784 0.078966
 0.095578 0.326981 0.423718 0.153723
 0.135895 0.294970 0.465250 0.103885
 0.149570 0.567003 0.160854 0.122574

MOTIF 8-GTSACGTSAC STREME-8
letter-probability matrix: alength= 4 w= 10 nsites= 486 E= 2.7e-004
 0.205530 0.147351 0.589450 0.057670
 0.000075 0.141496 0.000128 0.858301
 0.023600 0.356498 0.545670 0.074232
 0.986786 0.000128 0.000128 0.012958
 0.000075 0.938901 0.000128 0.060897
 0.060897 0.000128 0.938901 0.000075
 0.012958 0.000128 0.000128 0.986786
 0.074232 0.545670 0.356498 0.023600
 0.858301 0.000128 0.141496 0.000075
 0.057670 0.589450 0.147351 0.205530

MOTIF 9-RMTCTCGCGAGAKY STREME-9
letter-probability matrix: alength= 4 w= 14 nsites= 143 E= 2.2e-003
 0.365936 0.126199 0.436870 0.070995
 0.365936 0.283501 0.173390 0.177174
 0.008075 0.055413 0.016088 0.920424
 0.157511 0.830124 0.008223 0.004142
 0.004142 0.012156 0.004290 0.979412
 0.000209 0.995291 0.000358 0.004142
 0.035602 0.004290 0.952033 0.008075
 0.008075 0.952033 0.004290 0.035602
 0.004142 0.000358 0.995291 0.000209
 0.979412 0.004290 0.012156 0.004142
 0.004142 0.008223 0.830124 0.157511
 0.920424 0.016088 0.055413 0.008075
 0.177174 0.173390 0.283501 0.365936
 0.070995 0.436870 0.126199 0.365936

MOTIF 10-CCCGCCCC STREME-10
letter-probability matrix: alength= 4 w= 8 nsites= 453 E= 6.7e-003
 0.016782 0.937764 0.028673 0.016782
 0.016782 0.937764 0.028673 0.016782
 0.016782 0.937764 0.028673 0.016782
 0.016782 0.028673 0.937764 0.016782
 0.016782 0.937764 0.028673 0.016782
 0.016782 0.937764 0.028673 0.016782
 0.016782 0.937764 0.028673 0.016782
 0.016782 0.937764 0.028673 0.016782

MOTIF 11-CAGCCAATCG STREME-11
letter-probability matrix: alength= 4 w= 10 nsites= 418 E= 1.9e-002
 0.057882 0.686622 0.017808 0.237688
 0.846498 0.020913 0.124126 0.008463
 0.250924 0.123970 0.538200 0.086907
 0.004099 0.973516 0.003496 0.018889
 0.014684 0.964883 0.008166 0.012266
 0.980064 0.007671 0.000182 0.012084
 0.999530 0.000182 0.000182 0.000106
 0.000106 0.000182 0.000182 0.999530
 0.193713 0.582167 0.182250 0.041870
 0.158110 0.214380 0.601547 0.025963

MOTIF 12-GGGGYGGGGA STREME-12
letter-probability matrix: alength= 4 w= 10 nsites= 1745 E= 6.1e-002
 0.145884 0.066593 0.614081 0.173442
 0.096659 0.000091 0.903198 0.000053
 0.000053 0.000091 0.999803 0.000053
 0.000053 0.000091 0.858130 0.141726
 0.157316 0.288683 0.000091 0.553911
 0.052912 0.071312 0.729957 0.145819
 0.107034 0.000091 0.892822 0.000053
 0.000053 0.000091 0.999803 0.000053
 0.031134 0.000091 0.774001 0.194774
 0.694666 0.103795 0.078856 0.122683

MOTIF 13-AGCAGCAGC STREME-13
letter-probability matrix: alength= 4 w= 9 nsites= 415 E= 1.5e-001
 0.998270 0.000669 0.000669 0.000392
 0.000392 0.000669 0.975587 0.023353
 0.000392 0.955671 0.000669 0.043268
 0.758599 0.000669 0.000669 0.240062
 0.085080 0.000669 0.913859 0.000392
 0.000392 0.988476 0.000669 0.010463
 0.998270 0.000669 0.000669 0.000392
 0.122567 0.065343 0.798643 0.013447
 0.000392 0.865897 0.133320 0.000392

MOTIF 14-HTWTAWAD STREME-14
letter-probability matrix: alength= 4 w= 8 nsites= 849 E= 1.6e-001
 0.417415 0.218428 0.075847 0.288310
 0.032257 0.017047 0.000211 0.950485
 0.516393 0.018122 0.053642 0.411843
 0.055705 0.014394 0.016011 0.913890
 0.913890 0.016011 0.014394 0.055705
 0.411843 0.053642 0.018122 0.516393
 0.950485 0.000211 0.017047 0.032257
 0.288310 0.075847 0.218428 0.417415

MOTIF 15-CAGCCCCGC STREME-15
letter-probability matrix: alength= 4 w= 9 nsites= 739 E= 2.4e-001
 0.000243 0.984343 0.000416 0.014997
 0.998925 0.000416 0.000416 0.000243
 0.016197 0.025803 0.941795 0.016205
 0.011197 0.988143 0.000416 0.000243
 0.150301 0.774255 0.075200 0.000243
 0.000243 0.874776 0.000416 0.124565
 0.000243 0.884412 0.115101 0.000243
 0.323056 0.000416 0.676285 0.000243
 0.012168 0.630958 0.255275 0.101599

MOTIF 16-GAGGCCGAGGC STREME-16
letter-probability matrix: alength= 4 w= 11 nsites= 1328 E= 2.6e-001
 0.015454 0.007823 0.922549 0.054173
 0.907391 0.034273 0.010611 0.047725
 0.063020 0.135090 0.750587 0.051303
 0.052538 0.054372 0.874419 0.018671
 0.091028 0.827774 0.018288 0.062909
 0.065217 0.731325 0.068579 0.134879
 0.061864 0.059633 0.845601 0.032902
 0.832876 0.079470 0.040596 0.047058
 0.048572 0.132676 0.780874 0.037877
 0.042693 0.084208 0.789048 0.084050
 0.071394 0.711389 0.059504 0.157713

MOTIF 17-CTCCTCCC STREME-17
letter-probability matrix: alength= 4 w= 8 nsites= 494 E= 2.7e-001
 0.016782 0.937764 0.028673 0.016782
 0.016782 0.028673 0.028673 0.925873
 0.016782 0.937764 0.028673 0.016782
 0.016782 0.937764 0.028673 0.016782
 0.016782 0.028673 0.028673 0.925873
 0.016782 0.937764 0.028673 0.016782
 0.016782 0.937764 0.028673 0.016782
 0.016782 0.937764 0.028673 0.016782

MOTIF 18-AATSATTAAC STREME-18
letter-probability matrix: alength= 4 w= 10 nsites= 117 E= 3.9e-001
 0.917233 0.000413 0.073035 0.009319
 0.953543 0.045802 0.000413 0.000242
 0.065197 0.091190 0.000413 0.843200
 0.045630 0.546961 0.385244 0.022165
 0.690289 0.000413 0.118424 0.190874
 0.000242 0.000413 0.046879 0.952466
 0.009319 0.009491 0.000413 0.980777
 0.887038 0.011375 0.074113 0.027475
 0.998932 0.000413 0.000413 0.000242
 0.000242 0.999103 0.000413 0.000242

MOTIF 19-AAAAAAAAAAMAAA STREME-19
letter-probability matrix: alength= 4 w= 14 nsites= 165 E= 4.1e-001
 0.692033 0.011550 0.000307 0.296109
 0.999205 0.000307 0.000307 0.000180
 0.796566 0.115136 0.088118 0.000180
 0.864113 0.061099 0.074608 0.000180
 0.651915 0.236720 0.034081 0.077284
 0.972187 0.027326 0.000307 0.000180
 0.654719 0.162419 0.000307 0.182555
 0.945168 0.027326 0.027326 0.000180
 0.674983 0.297512 0.000307 0.027198
 0.891131 0.108382 0.000307 0.000180
 0.462785 0.250229 0.192241 0.094745
 0.965432 0.034081 0.000307 0.000180
 0.999205 0.000307 0.000307 0.000180
 0.938414 0.000307 0.000307 0.060972

MOTIF 20-CCTGTAATCCCA STREME-20
letter-probability matrix: alength= 4 w= 12 nsites= 95 E= 5.6e-001
 0.010861 0.893166 0.000481 0.095492
 0.000282 0.967218 0.000481 0.032018
 0.000282 0.036609 0.000481 0.962628
 0.106071 0.000481 0.893166 0.000282
 0.000282 0.000481 0.000481 0.998756
 0.861230 0.074534 0.053376 0.010861
 0.882723 0.000481 0.116514 0.000282
 0.000282 0.074534 0.000481 0.924703
 0.000282 0.998955 0.000481 0.000282
 0.000282 0.920512 0.021639 0.057567
 0.000282 0.903745 0.000481 0.095492
 0.924703 0.000481 0.074534 0.000282

MOTIF 21-CCACTGCACTCC STREME-21
letter-probability matrix: alength= 4 w= 12 nsites= 51 E= 5.6e-001
 0.000622 0.950989 0.024415 0.023974
 0.000622 0.997694 0.001063 0.000622
 0.927196 0.001063 0.001063 0.070679
 0.023974 0.904284 0.047767 0.023974
 0.070679 0.001063 0.001063 0.927196
 0.047327 0.071119 0.880932 0.000622
 0.023974 0.904284 0.024415 0.047327
 0.997253 0.001063 0.001063 0.000622
 0.000622 0.974341 0.001063 0.023974
 0.000622 0.040249 0.001063 0.958066
 0.047327 0.950989 0.001063 0.000622
 0.000622 0.927637 0.001063 0.070679

MOTIF 22-AGGAAG STREME-22
letter-probability matrix: alength= 4 w= 6 nsites= 1733 E= 5.7e-001
 0.925873 0.028673 0.028673 0.016782
 0.016782 0.028673 0.937764 0.016782
 0.016782 0.028673 0.937764 0.016782
 0.925873 0.028673 0.028673 0.016782
 0.925873 0.028673 0.028673 0.016782
 0.016782 0.028673 0.937764 0.016782

MOTIF 23-AAAGCAAA STREME-23
letter-probability matrix: alength= 4 w= 8 nsites= 1036 E= 5.9e-001
 0.933875 0.000469 0.065381 0.000275
 0.934753 0.025694 0.039278 0.000275
 0.711739 0.011773 0.030925 0.245563
 0.168608 0.000469 0.830648 0.000275
 0.101537 0.660901 0.160173 0.077390
 0.968959 0.000469 0.030297 0.000275
 0.942737 0.000469 0.056519 0.000275
 0.867541 0.076134 0.041483 0.014842

MOTIF 24-ACTCACCT STREME-24
letter-probability matrix: alength= 4 w= 8 nsites= 630 E= 6.1e-001
 0.839065 0.153951 0.006768 0.000215
 0.007986 0.976409 0.007955 0.007650
 0.012701 0.035428 0.001717 0.950155
 0.036433 0.845160 0.024015 0.094392
 0.995393 0.000368 0.004024 0.000215
 0.004173 0.964245 0.023285 0.008297
 0.005845 0.981586 0.004829 0.007740
 0.077371 0.113569 0.186088 0.622972

MOTIF 25-GTGACTCASG STREME-25
letter-probability matrix: alength= 4 w= 10 nsites= 247 E= 6.3e-001
 0.171120 0.000293 0.828416 0.000171
 0.000171 0.004684 0.000293 0.994852
 0.020438 0.074539 0.849254 0.055769
 0.890708 0.000293 0.108828 0.000171
 0.027744 0.931858 0.026027 0.014372
 0.000171 0.067076 0.151742 0.781010
 0.059027 0.796915 0.003443 0.140616
 0.966162 0.000293 0.033374 0.000171
 0.090223 0.301569 0.524906 0.083302
 0.100205 0.094996 0.716394 0.088404

MOTIF 26-CAAAGGTCACA STREME-26
letter-probability matrix: alength= 4 w= 11 nsites= 177 E= 6.4e-001
 0.001471 0.852286 0.094819 0.051425
 0.655362 0.237991 0.047250 0.059397
 0.952266 0.007012 0.007012 0.033711
 0.858522 0.013718 0.064440 0.063320
 0.006885 0.003089 0.989848 0.000179
 0.097476 0.000305 0.775758 0.126461
 0.020298 0.000305 0.000305 0.979092
 0.040417 0.906588 0.013718 0.039277
 0.971094 0.001597 0.013718 0.013591
 0.109967 0.736170 0.079915 0.073949
 0.675551 0.147331 0.070153 0.106966

MOTIF 27-CCACGTC STREME-27
letter-probability matrix: alength= 4 w= 7 nsites= 1342 E= 6.8e-001
 0.012273 0.892537 0.090254 0.004936
 0.092488 0.800484 0.079410 0.027618
 0.998135 0.000721 0.000721 0.000422
 0.000422 0.998435 0.000721 0.000422
 0.035525 0.266960 0.697093 0.000422
 0.000422 0.000721 0.000721 0.998135
 0.018196 0.717223 0.264159 0.000422

MOTIF 28-CAAAGTCCA STREME-28
letter-probability matrix: alength= 4 w= 9 nsites= 241 E= 7.8e-001
 0.000413 0.954834 0.000705 0.044048
 0.935563 0.000705 0.000705 0.063027
 0.821800 0.000705 0.177082 0.000413
 0.886030 0.021458 0.092099 0.000413
 0.000413 0.000705 0.998469 0.000413
 0.000413 0.000705 0.000705 0.998177
 0.055916 0.819962 0.077912 0.046211
 0.045756 0.937629 0.016202 0.000413
 0.882787 0.000705 0.000705 0.115803

MOTIF 29-GGAAGAGGAAA STREME-29
letter-probability matrix: alength= 4 w= 11 nsites= 87 E= 1.2e+000
 0.000237 0.009323 0.919900 0.070539
 0.198356 0.000406 0.774248 0.026990
 0.859344 0.000406 0.021143 0.119107
 0.972398 0.000406 0.018041 0.009155
 0.269637 0.009323 0.690349 0.030691
 0.791754 0.207602 0.000406 0.000237
 0.009155 0.000406 0.990202 0.000237
 0.119961 0.000406 0.879396 0.000237
 0.955332 0.009323 0.031407 0.003939
 0.975070 0.015370 0.000406 0.009155
 0.652752 0.018241 0.255481 0.073526

MOTIF 30-GTAAAYA STREME-30
letter-probability matrix: alength= 4 w= 7 nsites= 513 E= 1.2e+000
 0.017276 0.011724 0.848396 0.122603
 0.000284 0.090419 0.000485 0.908812
 0.947084 0.013428 0.000647 0.038842
 0.964470 0.018115 0.017131 0.000284
 0.896490 0.028030 0.067457 0.008023
 0.000284 0.377815 0.000485 0.621415
 0.984240 0.005416 0.010060 0.000284

MOTIF 31-CATGGCGG STREME-31
letter-probability matrix: alength= 4 w= 8 nsites= 157 E= 1.4e+000
 0.016782 0.937764 0.028673 0.016782
 0.925873 0.028673 0.028673 0.016782
 0.016782 0.028673 0.028673 0.925873
 0.016782 0.028673 0.937764 0.016782
 0.016782 0.028673 0.937764 0.016782
 0.016782 0.937764 0.028673 0.016782
 0.016782 0.028673 0.937764 0.016782
 0.016782 0.028673 0.937764 0.016782

MOTIF 32-GCGCATGCGC STREME-32
letter-probability matrix: alength= 4 w= 10 nsites= 190 E= 1.4e+000
 0.064284 0.000653 0.934680 0.000382
 0.000382 0.998582 0.000653 0.000382
 0.000382 0.000653 0.998582 0.000382
 0.000382 0.998582 0.000653 0.000382
 0.627854 0.205464 0.075178 0.091505
 0.091505 0.075178 0.205464 0.627854
 0.000382 0.000653 0.998582 0.000382
 0.000382 0.998582 0.000653 0.000382
 0.000382 0.000653 0.998582 0.000382
 0.000382 0.934680 0.000653 0.064284

MOTIF 33-CTGCAG STREME-33
letter-probability matrix: alength= 4 w= 6 nsites= 1216 E= 1.7e+000
 0.016782 0.937764 0.028673 0.016782
 0.016782 0.028673 0.028673 0.925873
 0.016782 0.028673 0.937764 0.016782
 0.016782 0.937764 0.028673 0.016782
 0.925873 0.028673 0.028673 0.016782
 0.016782 0.028673 0.937764 0.016782

MOTIF 34-CCCAGCCCGGCC STREME-34
letter-probability matrix: alength= 4 w= 12 nsites= 207 E= 3.3e+000
 0.116331 0.853798 0.000334 0.029537
 0.000195 0.915541 0.084068 0.000195
 0.109279 0.793908 0.093573 0.003240
 0.999137 0.000334 0.000334 0.000195
 0.000195 0.000334 0.937381 0.062090
 0.000195 0.962598 0.000334 0.036873
 0.001608 0.951652 0.017202 0.029537
 0.217990 0.738444 0.000334 0.043232
 0.081731 0.000334 0.645590 0.272345
 0.063853 0.000334 0.781900 0.153914
 0.058198 0.827080 0.114526 0.000195
 0.000195 0.923825 0.000334 0.075646

MOTIF 35-AACTCCTGACCTCA STREME-35
letter-probability matrix: alength= 4 w= 14 nsites= 56 E= 4.5e+000
 0.982015 0.000732 0.016824 0.000429
 0.933741 0.016824 0.032915 0.016520
 0.000429 0.934044 0.032915 0.032612
 0.000429 0.000732 0.000732 0.998107
 0.000429 0.869678 0.016824 0.113070
 0.000429 0.901861 0.016824 0.080886
 0.016520 0.000732 0.032915 0.949832
 0.032612 0.000732 0.966228 0.000429
 0.724550 0.000732 0.226014 0.048703
 0.016520 0.757037 0.226014 0.000429
 0.000429 0.917953 0.000732 0.080886
 0.000429 0.129465 0.032915 0.837191
 0.016520 0.917953 0.016824 0.048703
 0.837191 0.049007 0.113373 0.000429

MOTIF 36-AGCCTGGGCAACAGA STREME-36
letter-probability matrix: alength= 4 w= 15 nsites= 70 E= 4.5e+000
 0.949695 0.016870 0.016870 0.016565
 0.048837 0.016870 0.901592 0.032701
 0.000430 0.966135 0.016870 0.016565
 0.016565 0.885456 0.033006 0.064973
 0.016565 0.016870 0.007431 0.959133
 0.048837 0.033006 0.885456 0.032701
 0.048837 0.016870 0.917728 0.016565
 0.016565 0.129820 0.804778 0.048837
 0.032701 0.820914 0.033006 0.113380
 0.691523 0.016870 0.258906 0.032701
 0.936301 0.000734 0.062535 0.000430
 0.032701 0.885456 0.049141 0.032701
 0.933559 0.049141 0.016870 0.000430
 0.103941 0.065277 0.604452 0.226330
 0.723795 0.033006 0.242770 0.000430

********************************************************************************
Stopped because 3 consecutive motifs exceeded the p-value threshold (0.05).
********************************************************************************
COMMAND:	streme --verbosity 1 --oc meme_out_incomplete_DL/HepG2_DR1-human_ENCFF043PLX/streme_out -dna --seed 0 --p meme_out_incomplete_DL/HepG2_DR1-human_ENCFF043PLX/seqs-centered --minw 6 --maxw 15 --time 6188 --order 2 --thresh 0.05 --align center --totallength 4000000 --parse-genomic-coord
********************************************************************************
CPU:		9f05ee173ae9
********************************************************************************
FINALTIME:	669.67 seconds
********************************************************************************
