********************************************************************************
STREME - Sensitive, Thorough, Rapid, Enriched Motif Elicitation
********************************************************************************
MEME version 5.5.3 (Release date: Sat Jun 10 16:19:38 2023 -0700)

For further information on how to interpret these results please access http://localhost:8080/meme_5.5.3.
To get a copy of the MEME Suite software please access https://meme-suite.org.

********************************************************************************


********************************************************************************
REFERENCE
********************************************************************************
If you use this program in your research, please cite:

Timothy L. Bailey,
"STREME: accurate and versatile sequence motif discovery",
Bioinformatics, Mar. 24, 2021.
********************************************************************************


ALPHABET= ACGT

strands: + -

Background letter frequencies
A 0.178 C 0.322 G 0.322 T 0.178 

MOTIF 1-GCSGCSGCSGCSGC STREME-1
letter-probability matrix: alength= 4 w= 14 nsites= 1939 E= 1.5e-021
 0.010101 0.000033 0.989848 0.000018
 0.059350 0.870898 0.000033 0.069720
 0.164528 0.311554 0.366725 0.157193
 0.110939 0.000033 0.889010 0.000018
 0.000018 0.852264 0.000033 0.147685
 0.141125 0.371007 0.411177 0.076691
 0.052518 0.000033 0.947431 0.000018
 0.000018 0.947431 0.000033 0.052518
 0.076691 0.411177 0.371007 0.141125
 0.147685 0.000033 0.852264 0.000018
 0.000018 0.889010 0.000033 0.110939
 0.157193 0.366725 0.311554 0.164528
 0.069720 0.000033 0.870898 0.059350
 0.000018 0.989848 0.000033 0.010101

MOTIF 2-CSGCCCCGCCCCY STREME-2
letter-probability matrix: alength= 4 w= 13 nsites= 3519 E= 3.6e-021
 0.246977 0.516623 0.049291 0.187109
 0.213132 0.277078 0.427357 0.082433
 0.094661 0.031335 0.652684 0.221320
 0.018541 0.950390 0.000022 0.031047
 0.000012 0.972838 0.000022 0.027127
 0.041230 0.957114 0.000022 0.001634
 0.000012 0.999954 0.000022 0.000012
 0.103947 0.000022 0.772078 0.123953
 0.027334 0.940650 0.032004 0.000012
 0.000012 0.999954 0.000022 0.000012
 0.000012 0.903873 0.025246 0.070869
 0.076724 0.868873 0.016917 0.037486
 0.109577 0.472797 0.171084 0.246543

MOTIF 3-CACTTCCGGB STREME-3
letter-probability matrix: alength= 4 w= 10 nsites= 1651 E= 1.6e-020
 0.074871 0.787169 0.055825 0.082135
 0.916460 0.000065 0.083439 0.000036
 0.001263 0.942048 0.000065 0.056624
 0.000036 0.000065 0.000065 0.999834
 0.009537 0.000065 0.000065 0.990333
 0.000036 0.997706 0.000065 0.002193
 0.004236 0.993692 0.002036 0.000036
 0.000036 0.002293 0.912251 0.085419
 0.000887 0.139836 0.828766 0.030511
 0.000036 0.342236 0.281252 0.376475

MOTIF 4-CAAGATGGCGGCSSC STREME-4
letter-probability matrix: alength= 4 w= 15 nsites= 931 E= 3.0e-015
 0.082098 0.615721 0.223391 0.078790
 0.889022 0.015491 0.082869 0.012618
 0.885816 0.056755 0.025417 0.032012
 0.080350 0.254916 0.627853 0.036881
 0.987738 0.000051 0.008874 0.003337
 0.005543 0.009977 0.000051 0.984429
 0.002234 0.019903 0.977835 0.000028
 0.025394 0.007771 0.954675 0.012160
 0.038629 0.876371 0.004463 0.080538
 0.054527 0.069532 0.807078 0.068864
 0.180899 0.071738 0.703221 0.044143
 0.186871 0.701660 0.023211 0.088258
 0.191282 0.231466 0.459862 0.117390
 0.129522 0.282843 0.483480 0.104156
 0.127961 0.555624 0.173014 0.143401

MOTIF 5-GTSACGTSAC STREME-5
letter-probability matrix: alength= 4 w= 10 nsites= 1225 E= 3.6e-014
 0.260244 0.115860 0.610189 0.013706
 0.025434 0.204546 0.026057 0.743964
 0.038658 0.502963 0.398942 0.059438
 0.999833 0.000065 0.000065 0.000036
 0.000036 0.955873 0.000065 0.044025
 0.044025 0.000065 0.955873 0.000036
 0.000036 0.000065 0.000065 0.999833
 0.059438 0.398942 0.502963 0.038658
 0.743964 0.026057 0.204546 0.025434
 0.013706 0.610189 0.115860 0.260244

MOTIF 6-WGTAAAYA STREME-6
letter-probability matrix: alength= 4 w= 8 nsites= 1833 E= 5.1e-014
 0.481676 0.000090 0.176260 0.341974
 0.305102 0.000090 0.694758 0.000050
 0.000050 0.265015 0.000090 0.734845
 0.889229 0.110631 0.000090 0.000050
 0.999770 0.000090 0.000090 0.000050
 0.999770 0.000090 0.000090 0.000050
 0.000050 0.660181 0.000090 0.339679
 0.999770 0.000090 0.000090 0.000050

MOTIF 7-ACTACAWYTCCCAGV STREME-7
letter-probability matrix: alength= 4 w= 15 nsites= 390 E= 1.7e-012
 0.980474 0.019329 0.000127 0.000071
 0.000071 0.988759 0.008356 0.002814
 0.008300 0.065960 0.002870 0.922870
 0.942071 0.016586 0.030301 0.011043
 0.005557 0.986016 0.002870 0.005557
 0.898182 0.016586 0.063217 0.022015
 0.504790 0.098877 0.119216 0.277117
 0.065903 0.426437 0.145508 0.362152
 0.022015 0.076932 0.016586 0.884467
 0.002814 0.953100 0.005613 0.038473
 0.011043 0.986016 0.000127 0.002814
 0.008300 0.983273 0.002870 0.005557
 0.809267 0.002870 0.185049 0.002814
 0.082362 0.068703 0.772059 0.076876
 0.318263 0.396263 0.249744 0.035730

MOTIF 8-CACGTGGGCN STREME-8
letter-probability matrix: alength= 4 w= 10 nsites= 925 E= 7.7e-008
 0.080012 0.919790 0.000128 0.000071
 0.999674 0.000128 0.000128 0.000071
 0.000071 0.999731 0.000128 0.000071
 0.000071 0.000128 0.999731 0.000071
 0.000071 0.000128 0.000128 0.999674
 0.000071 0.000128 0.999731 0.000071
 0.001211 0.193608 0.581430 0.223751
 0.221707 0.084622 0.469280 0.224390
 0.170755 0.610435 0.000128 0.218682
 0.252409 0.223749 0.240633 0.283210

MOTIF 9-CCTCGGCCTC STREME-9
letter-probability matrix: alength= 4 w= 10 nsites= 3170 E= 1.1e-006
 0.032397 0.794401 0.070935 0.102267
 0.000054 0.949561 0.031381 0.019005
 0.000054 0.000097 0.000097 0.999752
 0.000054 0.924859 0.000097 0.074990
 0.220035 0.154760 0.494611 0.130594
 0.000054 0.021015 0.769502 0.209429
 0.000054 0.952894 0.046998 0.000054
 0.000054 0.831146 0.120375 0.048425
 0.000054 0.034668 0.000097 0.965181
 0.000054 0.977794 0.022098 0.000054

MOTIF 10-CYGATTGGCT STREME-10
letter-probability matrix: alength= 4 w= 10 nsites= 888 E= 1.4e-006
 0.056357 0.665614 0.217890 0.060140
 0.000064 0.364466 0.029326 0.606144
 0.000064 0.266163 0.597957 0.135815
 0.999705 0.000116 0.000116 0.000064
 0.000064 0.000116 0.000116 0.999705
 0.008818 0.000116 0.000116 0.990951
 0.000064 0.000116 0.991932 0.007889
 0.000064 0.000116 0.999756 0.000064
 0.112927 0.727362 0.000116 0.159596
 0.000064 0.326507 0.014634 0.658795

MOTIF 11-TGCGCATGCGCA STREME-11
letter-probability matrix: alength= 4 w= 12 nsites= 381 E= 3.1e-006
 0.011349 0.255668 0.024554 0.708430
 0.030638 0.000952 0.960812 0.007598
 0.068749 0.927584 0.003571 0.000096
 0.034631 0.000174 0.948220 0.016975
 0.003847 0.995104 0.000952 0.000096
 0.689299 0.177190 0.101376 0.032135
 0.032135 0.101376 0.177190 0.689299
 0.000096 0.000952 0.995104 0.003847
 0.016975 0.948220 0.000174 0.034631
 0.000096 0.003571 0.927584 0.068749
 0.007598 0.960812 0.000952 0.030638
 0.708430 0.024554 0.255668 0.011349

MOTIF 12-CGCCVCCTCC STREME-12
letter-probability matrix: alength= 4 w= 10 nsites= 3046 E= 4.4e-006
 0.000062 0.999764 0.000112 0.000062
 0.000062 0.000112 0.999764 0.000062
 0.024870 0.686915 0.000112 0.288103
 0.000062 0.999764 0.000112 0.000062
 0.273279 0.480719 0.245940 0.000062
 0.000062 0.999764 0.000112 0.000062
 0.000062 0.727874 0.000112 0.271952
 0.207935 0.000112 0.169241 0.622712
 0.162774 0.601055 0.128549 0.107622
 0.000062 0.941176 0.047453 0.011309

MOTIF 13-ATTACAGGCRTGAGC STREME-13
letter-probability matrix: alength= 4 w= 15 nsites= 191 E= 4.6e-004
 0.982296 0.000263 0.017295 0.000146
 0.000146 0.096775 0.005941 0.897138
 0.000146 0.017295 0.011618 0.970941
 0.982296 0.005941 0.011618 0.000146
 0.011500 0.931318 0.000263 0.056918
 0.987973 0.000263 0.000263 0.011500
 0.073949 0.005941 0.902933 0.017178
 0.073949 0.000263 0.874547 0.051241
 0.045563 0.766681 0.000263 0.187492
 0.346453 0.005941 0.630429 0.017178
 0.005823 0.136515 0.000263 0.857398
 0.051241 0.034326 0.914287 0.000146
 0.732500 0.153547 0.005941 0.108012
 0.090981 0.028649 0.880224 0.000146
 0.022855 0.914287 0.011618 0.051241

MOTIF 14-GACCCGGAA STREME-14
letter-probability matrix: alength= 4 w= 9 nsites= 791 E= 4.9e-004
 0.135981 0.049029 0.745509 0.069481
 0.998913 0.000426 0.000426 0.000236
 0.089721 0.837713 0.000426 0.072141
 0.002029 0.917637 0.028646 0.051687
 0.000236 0.995395 0.004133 0.000236
 0.000236 0.037774 0.931610 0.030381
 0.007502 0.005114 0.986146 0.001239
 0.796243 0.014801 0.148930 0.040027
 0.986475 0.004090 0.000426 0.009010

MOTIF 15-CCCARCCCC STREME-15
letter-probability matrix: alength= 4 w= 9 nsites= 4714 E= 1.0e-003
 0.000060 0.999770 0.000109 0.000060
 0.000060 0.999770 0.000109 0.000060
 0.000060 0.999770 0.000109 0.000060
 0.722640 0.097866 0.000109 0.179386
 0.331930 0.000109 0.598820 0.069142
 0.037449 0.962382 0.000109 0.000060
 0.129254 0.724067 0.003821 0.142858
 0.000060 0.990546 0.000109 0.009285
 0.077436 0.618231 0.078564 0.225769

MOTIF 16-AGGAAGTGG STREME-16
letter-probability matrix: alength= 4 w= 9 nsites= 5629 E= 1.6e-003
 0.759253 0.036703 0.167320 0.036725
 0.010863 0.000347 0.985820 0.002970
 0.000068 0.000122 0.884654 0.115156
 0.956439 0.007878 0.003191 0.032493
 0.761543 0.105805 0.110875 0.021778
 0.111857 0.002229 0.867701 0.018213
 0.088098 0.152705 0.005446 0.753752
 0.149569 0.144246 0.670403 0.035782
 0.137151 0.093702 0.767761 0.001385

MOTIF 17-CCCCTCCCCCWCC STREME-17
letter-probability matrix: alength= 4 w= 13 nsites= 799 E= 2.2e-003
 0.000043 0.894775 0.000078 0.105103
 0.057718 0.707103 0.096035 0.139144
 0.043722 0.949664 0.000078 0.006536
 0.014338 0.709898 0.036798 0.238965
 0.000043 0.000078 0.000078 0.999801
 0.000043 0.943467 0.000078 0.056411
 0.000043 0.796877 0.042019 0.161061
 0.010059 0.955326 0.000078 0.034537
 0.039399 0.780542 0.055929 0.124131
 0.019939 0.788383 0.094621 0.097057
 0.302124 0.000078 0.106949 0.590850
 0.078169 0.654076 0.096705 0.171051
 0.062197 0.867371 0.016080 0.054351

MOTIF 18-GGAGAATCGCTTGA STREME-18
letter-probability matrix: alength= 4 w= 14 nsites= 107 E= 3.7e-003
 0.069462 0.010346 0.900164 0.020028
 0.039802 0.010346 0.939711 0.010141
 0.919733 0.030119 0.020233 0.029915
 0.029915 0.020233 0.929824 0.020028
 0.672561 0.000459 0.316839 0.010141
 0.979054 0.020233 0.000459 0.000254
 0.000254 0.020233 0.000459 0.979054
 0.010141 0.633218 0.138875 0.217765
 0.277087 0.000459 0.712313 0.010141
 0.010141 0.939711 0.000459 0.049689
 0.020028 0.069667 0.079554 0.830751
 0.010141 0.000459 0.000459 0.988941
 0.069462 0.020233 0.910051 0.000254
 0.988941 0.000459 0.010346 0.000254

MOTIF 19-GCCATGGCGGCC STREME-19
letter-probability matrix: alength= 4 w= 12 nsites= 535 E= 4.7e-003
 0.200665 0.042923 0.676814 0.079599
 0.000077 0.693952 0.085940 0.220030
 0.104849 0.798960 0.038222 0.057968
 0.999643 0.000140 0.000140 0.000077
 0.000077 0.000140 0.000140 0.999643
 0.006094 0.048848 0.944981 0.000077
 0.158605 0.003148 0.713241 0.125005
 0.000077 0.827629 0.000140 0.172154
 0.000077 0.180808 0.819037 0.000077
 0.138218 0.000140 0.693526 0.168116
 0.143030 0.790038 0.033486 0.033446
 0.017870 0.585177 0.285228 0.111725

MOTIF 20-AGGTGAC STREME-20
letter-probability matrix: alength= 4 w= 7 nsites= 3150 E= 7.4e-003
 0.910687 0.088769 0.000350 0.000194
 0.166437 0.117742 0.623932 0.091888
 0.081035 0.000350 0.918420 0.000194
 0.000194 0.000350 0.000350 0.999105
 0.101150 0.103257 0.795399 0.000194
 0.999105 0.000350 0.000350 0.000194
 0.000194 0.999261 0.000350 0.000194

MOTIF 21-CARAGTCC STREME-21
letter-probability matrix: alength= 4 w= 8 nsites= 992 E= 7.9e-003
 0.000339 0.959516 0.000612 0.039533
 0.739209 0.259840 0.000612 0.000339
 0.391901 0.000612 0.593957 0.013529
 0.998437 0.000612 0.000612 0.000339
 0.000339 0.000612 0.998709 0.000339
 0.000339 0.000612 0.000612 0.998437
 0.000573 0.998475 0.000612 0.000339
 0.000339 0.990497 0.008824 0.000339

MOTIF 22-CCATGGCAAC STREME-22
letter-probability matrix: alength= 4 w= 10 nsites= 236 E= 9.3e-003
 0.000183 0.999305 0.000329 0.000183
 0.000183 0.847107 0.000329 0.152381
 0.999159 0.000329 0.000329 0.000183
 0.000183 0.000329 0.000329 0.999159
 0.232108 0.000329 0.767380 0.000183
 0.000183 0.000329 0.999305 0.000183
 0.000183 0.890866 0.000329 0.108622
 0.767529 0.000329 0.231959 0.000183
 0.999159 0.000329 0.000329 0.000183
 0.000183 0.999305 0.000329 0.000183

MOTIF 23-CMAAGKTCA STREME-23
letter-probability matrix: alength= 4 w= 9 nsites= 1236 E= 1.3e-002
 0.051783 0.682114 0.000130 0.265972
 0.412441 0.559123 0.023763 0.004674
 0.999667 0.000130 0.000130 0.000072
 0.999667 0.000130 0.000130 0.000072
 0.000072 0.000130 0.968863 0.030935
 0.029912 0.000130 0.606170 0.363788
 0.000072 0.326389 0.000130 0.673409
 0.051005 0.858336 0.000130 0.090528
 0.999667 0.000130 0.000130 0.000072

MOTIF 24-AACTCCTGRCCTCAA STREME-24
letter-probability matrix: alength= 4 w= 15 nsites= 130 E= 1.5e-002
 0.998988 0.000396 0.000396 0.000220
 0.759967 0.094297 0.017469 0.128267
 0.000220 0.956482 0.000396 0.042902
 0.000220 0.026006 0.000396 0.973379
 0.000220 0.982092 0.017469 0.000220
 0.008756 0.947946 0.000396 0.042902
 0.000220 0.043079 0.000396 0.956306
 0.000220 0.000396 0.947946 0.051438
 0.589237 0.000396 0.410147 0.000220
 0.042902 0.632096 0.290637 0.034366
 0.008756 0.905263 0.017469 0.068511
 0.025829 0.026006 0.000396 0.947769
 0.008756 0.956482 0.000396 0.034366
 0.879477 0.000396 0.119907 0.000220
 0.623383 0.000396 0.239418 0.136803

MOTIF 25-CCTAGCAAC STREME-25
letter-probability matrix: alength= 4 w= 9 nsites= 220 E= 2.5e-002
 0.055405 0.863606 0.020625 0.060365
 0.083124 0.699899 0.046467 0.170510
 0.000375 0.000676 0.000676 0.998272
 0.998272 0.000676 0.000676 0.000375
 0.000375 0.001288 0.997209 0.001127
 0.000375 0.926176 0.000676 0.072773
 0.851321 0.000676 0.096964 0.051039
 0.998272 0.000676 0.000676 0.000375
 0.000375 0.965957 0.000676 0.032991

MOTIF 26-ACACACACACACAC STREME-26
letter-probability matrix: alength= 4 w= 14 nsites= 290 E= 2.8e-002
 0.871709 0.006925 0.040231 0.081135
 0.000137 0.917940 0.025084 0.056839
 0.934530 0.037638 0.000248 0.027585
 0.003362 0.944581 0.000248 0.051809
 0.964971 0.010931 0.023961 0.000137
 0.050427 0.928131 0.021304 0.000137
 0.748732 0.001692 0.142614 0.106963
 0.018182 0.832318 0.057426 0.092074
 0.975784 0.023831 0.000248 0.000137
 0.095375 0.710051 0.055394 0.139179
 0.607641 0.007806 0.166996 0.217557
 0.000137 0.938370 0.011203 0.050290
 0.911323 0.002446 0.014891 0.071339
 0.056791 0.861034 0.000248 0.081927

MOTIF 27-AGTGAGCYRAGATYG STREME-27
letter-probability matrix: alength= 4 w= 15 nsites= 120 E= 2.9e-002
 0.927713 0.000368 0.071715 0.000204
 0.023986 0.024150 0.943732 0.008131
 0.000204 0.032078 0.032078 0.935641
 0.039841 0.000368 0.959587 0.000204
 0.983205 0.008295 0.008295 0.000204
 0.016059 0.040005 0.927877 0.016059
 0.000204 0.959587 0.000368 0.039841
 0.063623 0.555288 0.032078 0.349011
 0.325229 0.040005 0.634562 0.000204
 0.650253 0.000368 0.047933 0.301446
 0.016059 0.016223 0.959587 0.008131
 0.983205 0.000368 0.016223 0.000204
 0.000204 0.000368 0.016223 0.983205
 0.000204 0.460159 0.071715 0.467922
 0.166680 0.000368 0.824821 0.008131

MOTIF 28-GAAACGGAAAC STREME-28
letter-probability matrix: alength= 4 w= 11 nsites= 525 E= 3.1e-002
 0.065402 0.078495 0.824773 0.031330
 0.889770 0.052585 0.027977 0.029668
 0.833311 0.062886 0.053888 0.049916
 0.886885 0.017181 0.052057 0.043876
 0.128072 0.739232 0.099007 0.033689
 0.094422 0.069648 0.751344 0.084585
 0.055474 0.062648 0.831140 0.050738
 0.872376 0.030539 0.067417 0.029668
 0.871327 0.039599 0.065089 0.023985
 0.838313 0.036784 0.063713 0.061190
 0.082036 0.798811 0.047270 0.071884

MOTIF 29-GSTGASTCASC STREME-29
letter-probability matrix: alength= 4 w= 11 nsites= 325 E= 3.6e-002
 0.049452 0.160630 0.676622 0.113296
 0.085816 0.343549 0.570320 0.000314
 0.000314 0.000567 0.000567 0.998552
 0.000314 0.000567 0.998805 0.000314
 0.998552 0.000567 0.000567 0.000314
 0.000314 0.499686 0.499686 0.000314
 0.000314 0.000567 0.000567 0.998552
 0.000314 0.998805 0.000567 0.000314
 0.998552 0.000567 0.000567 0.000314
 0.000314 0.570320 0.343549 0.085816
 0.113296 0.676622 0.160630 0.049452

MOTIF 30-TRTYRAYA STREME-30
letter-probability matrix: alength= 4 w= 8 nsites= 260 E= 4.2e-002
 0.000404 0.025821 0.000729 0.973045
 0.464650 0.000729 0.534216 0.000404
 0.000404 0.099110 0.000729 0.899756
 0.029537 0.366148 0.000729 0.603586
 0.603586 0.000729 0.366148 0.029537
 0.899756 0.000729 0.099110 0.000404
 0.000404 0.534216 0.000729 0.464650
 0.973045 0.000729 0.025821 0.000404

MOTIF 31-TTTAAA STREME-31
letter-probability matrix: alength= 4 w= 6 nsites= 470 E= 4.3e-002
 0.016209 0.029245 0.029245 0.925300
 0.016209 0.029245 0.029245 0.925300
 0.016209 0.029245 0.029245 0.925300
 0.925300 0.029245 0.029245 0.016209
 0.925300 0.029245 0.029245 0.016209
 0.925300 0.029245 0.029245 0.016209

MOTIF 32-CACTCACCT STREME-32
letter-probability matrix: alength= 4 w= 9 nsites= 1199 E= 5.0e-002
 0.010861 0.914732 0.051985 0.022422
 0.786745 0.053138 0.160014 0.000103
 0.013924 0.969255 0.015691 0.001130
 0.000103 0.107860 0.005363 0.886673
 0.012462 0.894746 0.066320 0.026471
 0.992427 0.000187 0.007282 0.000103
 0.000460 0.997275 0.002057 0.000208
 0.012924 0.975951 0.003427 0.007698
 0.096965 0.071965 0.151814 0.679256

MOTIF 33-AMAAAAAAAAMAAAA STREME-33
letter-probability matrix: alength= 4 w= 15 nsites= 330 E= 6.7e-002
 0.900063 0.000161 0.000161 0.099615
 0.606911 0.347878 0.010536 0.034675
 0.662955 0.000161 0.008231 0.328654
 0.888730 0.034746 0.062600 0.013923
 0.942644 0.010536 0.008686 0.038133
 0.780713 0.208661 0.000161 0.010465
 0.926002 0.020912 0.028787 0.024299
 0.898574 0.033376 0.043752 0.024299
 0.619147 0.041663 0.031288 0.307902
 0.897562 0.034746 0.019183 0.048509
 0.532976 0.399626 0.025806 0.041592
 0.793989 0.083833 0.094421 0.027758
 0.826218 0.053475 0.084198 0.036110
 0.946014 0.000161 0.043361 0.010465
 0.857445 0.010536 0.000161 0.131858

MOTIF 34-GAGGGAGGGAGGGAG STREME-34
letter-probability matrix: alength= 4 w= 15 nsites= 275 E= 7.0e-002
 0.099842 0.040081 0.859974 0.000103
 0.999527 0.000185 0.000185 0.000103
 0.008082 0.016143 0.975672 0.000103
 0.128672 0.037170 0.834055 0.000103
 0.032019 0.032102 0.910183 0.025696
 0.870205 0.068008 0.000185 0.061602
 0.261850 0.028112 0.697967 0.012071
 0.165154 0.097930 0.736813 0.000103
 0.016061 0.064018 0.887901 0.032019
 0.819330 0.172403 0.000185 0.008082
 0.105487 0.016143 0.858319 0.020051
 0.298273 0.062024 0.635611 0.004092
 0.074915 0.037747 0.883245 0.004092
 0.879071 0.091945 0.028881 0.000103
 0.099842 0.046776 0.837321 0.016061

MOTIF 35-CCCAGCTACTCRG STREME-35
letter-probability matrix: alength= 4 w= 13 nsites= 109 E= 1.2e-001
 0.000272 0.977836 0.011055 0.010837
 0.021402 0.893317 0.032185 0.053097
 0.000272 0.903881 0.021620 0.074227
 0.998748 0.000490 0.000490 0.000272
 0.000272 0.000490 0.998966 0.000272
 0.000272 0.925011 0.000490 0.074227
 0.000272 0.026005 0.000490 0.973233
 0.998748 0.000490 0.000490 0.000272
 0.000272 0.946141 0.011055 0.042532
 0.010837 0.021620 0.021620 0.945923
 0.031967 0.801633 0.032185 0.134215
 0.564600 0.011055 0.419688 0.004657
 0.053097 0.032185 0.914446 0.000272

MOTIF 36-ACAGAGCGAGACTCY STREME-36
letter-probability matrix: alength= 4 w= 15 nsites= 134 E= 1.9e-001
 0.975358 0.012171 0.012171 0.000299
 0.000299 0.940705 0.047065 0.011931
 0.986990 0.012171 0.000540 0.000299
 0.011931 0.035434 0.905811 0.046825
 0.952096 0.000540 0.035434 0.011931
 0.023562 0.012171 0.952336 0.011931
 0.011931 0.789497 0.047065 0.151507
 0.221295 0.023803 0.742972 0.011931
 0.986990 0.012171 0.000540 0.000299
 0.023562 0.000540 0.963968 0.011931
 0.963727 0.035434 0.000540 0.000299
 0.000299 0.952336 0.000540 0.046825
 0.011931 0.209905 0.012171 0.765994
 0.023562 0.849630 0.110050 0.016758
 0.011931 0.389203 0.005367 0.593499

MOTIF 37-CCCGGCCCGGCCC STREME-37
letter-probability matrix: alength= 4 w= 13 nsites= 452 E= 2.7e-001
 0.001553 0.965800 0.002532 0.030115
 0.009436 0.898801 0.013233 0.078530
 0.014921 0.979984 0.000911 0.004184
 0.000071 0.037683 0.940579 0.021668
 0.054743 0.001794 0.904593 0.038871
 0.036860 0.893747 0.033661 0.035732
 0.039956 0.863803 0.012091 0.084149
 0.026825 0.828322 0.075309 0.069544
 0.026364 0.125302 0.791929 0.056405
 0.099901 0.014526 0.865167 0.020405
 0.063352 0.769579 0.085172 0.081897
 0.027037 0.771636 0.070791 0.130536
 0.054232 0.835241 0.058025 0.052502

MOTIF 38-ACAAAG STREME-38
letter-probability matrix: alength= 4 w= 6 nsites= 1306 E= 3.8e-001
 0.925300 0.029245 0.029245 0.016209
 0.016209 0.938336 0.029245 0.016209
 0.925300 0.029245 0.029245 0.016209
 0.925300 0.029245 0.029245 0.016209
 0.925300 0.029245 0.029245 0.016209
 0.016209 0.029245 0.938336 0.016209

MOTIF 39-CTGCAGCCGC STREME-39
letter-probability matrix: alength= 4 w= 10 nsites= 789 E= 4.6e-001
 0.000247 0.999059 0.000446 0.000247
 0.065895 0.071384 0.062647 0.800074
 0.054072 0.000446 0.945234 0.000247
 0.000247 0.999059 0.000446 0.000247
 0.998860 0.000446 0.000446 0.000247
 0.000247 0.041549 0.957956 0.000247
 0.000247 0.962341 0.000446 0.036966
 0.000247 0.999059 0.000446 0.000247
 0.049393 0.054865 0.650823 0.244919
 0.082206 0.741302 0.176245 0.000247

MOTIF 40-NTCTCGCGAGAN STREME-40
letter-probability matrix: alength= 4 w= 12 nsites= 74 E= 4.7e-001
 0.234249 0.335905 0.218982 0.210864
 0.008196 0.000724 0.000724 0.990357
 0.156300 0.842576 0.000724 0.000401
 0.000401 0.000724 0.000724 0.998152
 0.008196 0.990680 0.000724 0.000401
 0.008196 0.000724 0.990680 0.000401
 0.000401 0.990680 0.000724 0.008196
 0.000401 0.000724 0.990680 0.008196
 0.998152 0.000724 0.000724 0.000401
 0.000401 0.000724 0.842576 0.156300
 0.990357 0.000724 0.000724 0.008196
 0.210864 0.218982 0.335905 0.234249

MOTIF 41-CACTGCACTCCAGCC STREME-41
letter-probability matrix: alength= 4 w= 15 nsites= 156 E= 6.4e-001
 0.021463 0.963838 0.000329 0.014369
 0.963692 0.014516 0.021610 0.000182
 0.014369 0.907091 0.000329 0.078211
 0.000182 0.021610 0.000329 0.977879
 0.014369 0.000329 0.985119 0.000182
 0.000182 0.928371 0.021610 0.049837
 0.936523 0.010367 0.038741 0.014369
 0.000182 0.837361 0.000329 0.162127
 0.000182 0.000329 0.000329 0.999159
 0.014369 0.914184 0.049984 0.021463
 0.007276 0.914184 0.007423 0.071117
 0.963692 0.000329 0.000329 0.035650
 0.028556 0.021610 0.935464 0.014369
 0.035650 0.899997 0.000329 0.064024
 0.000182 0.963838 0.014516 0.021463

MOTIF 42-ACCACCACCACCACC STREME-42
letter-probability matrix: alength= 4 w= 15 nsites= 400 E= 6.8e-001
 0.829289 0.054042 0.056199 0.060470
 0.030263 0.904852 0.038938 0.025947
 0.002213 0.793915 0.141244 0.062628
 0.760081 0.130984 0.019519 0.089415
 0.079889 0.796073 0.091617 0.032420
 0.051839 0.873749 0.039834 0.034578
 0.883230 0.071303 0.025992 0.019474
 0.101466 0.739974 0.028150 0.130411
 0.045366 0.705451 0.180082 0.069101
 0.634042 0.219448 0.076514 0.069996
 0.079889 0.663560 0.139086 0.117465
 0.006528 0.858645 0.032465 0.102361
 0.673408 0.088564 0.160663 0.077365
 0.164933 0.569885 0.221973 0.043209
 0.085100 0.762284 0.104197 0.048420

MOTIF 43-TTRCAYAA STREME-43
letter-probability matrix: alength= 4 w= 8 nsites= 252 E= 7.8e-001
 0.000503 0.000907 0.000907 0.997683
 0.000503 0.000907 0.000907 0.997683
 0.382038 0.000907 0.616551 0.000503
 0.000503 0.998087 0.000907 0.000503
 0.997683 0.000907 0.000907 0.000503
 0.000503 0.474522 0.000907 0.524068
 0.997683 0.000907 0.000907 0.000503
 0.997683 0.000907 0.000907 0.000503

MOTIF 44-ACCTTGACCT STREME-44
letter-probability matrix: alength= 4 w= 10 nsites= 472 E= 9.6e-001
 0.747328 0.000188 0.096966 0.155519
 0.043368 0.872917 0.000188 0.083527
 0.110972 0.539335 0.133540 0.216153
 0.000104 0.064062 0.000188 0.935647
 0.059387 0.042741 0.000188 0.897684
 0.000104 0.057142 0.860587 0.082168
 0.899041 0.074141 0.000188 0.026630
 0.023600 0.654114 0.086519 0.235766
 0.000104 0.828840 0.128207 0.042850
 0.000104 0.020056 0.016369 0.963471

MOTIF 45-GGCGGGGAC STREME-45
letter-probability matrix: alength= 4 w= 9 nsites= 610 E= 1.1e+000
 0.000563 0.188913 0.809961 0.000563
 0.048717 0.001015 0.860617 0.089651
 0.000563 0.997859 0.001015 0.000563
 0.000563 0.001015 0.997859 0.000563
 0.000563 0.001015 0.920337 0.078085
 0.000563 0.066078 0.932797 0.000563
 0.000563 0.001015 0.943569 0.054853
 0.997407 0.001015 0.001015 0.000563
 0.000563 0.938029 0.001015 0.060393

MOTIF 46-RTGAYGCAA STREME-46
letter-probability matrix: alength= 4 w= 9 nsites= 433 E= 1.3e+000
 0.633446 0.000391 0.365947 0.000217
 0.000217 0.000391 0.000391 0.999002
 0.066441 0.000391 0.887410 0.045757
 0.999002 0.000391 0.000391 0.000217
 0.083793 0.584573 0.000391 0.331244
 0.039836 0.000391 0.959557 0.000217
 0.113988 0.810345 0.000391 0.075277
 0.776386 0.114719 0.108679 0.000217
 0.938708 0.060685 0.000391 0.000217

MOTIF 47-CCCGGGACCCG STREME-47
letter-probability matrix: alength= 4 w= 11 nsites= 1230 E= 1.5e+000
 0.025883 0.918528 0.033807 0.021781
 0.050294 0.840328 0.029149 0.080229
 0.004974 0.989953 0.004268 0.000805
 0.015104 0.003847 0.980985 0.000063
 0.157205 0.121384 0.710194 0.011217
 0.174313 0.031484 0.779107 0.015096
 0.939367 0.051658 0.000115 0.008861
 0.059415 0.729548 0.105366 0.105671
 0.148563 0.562336 0.154121 0.134979
 0.025376 0.845798 0.046209 0.082617
 0.107026 0.085687 0.789098 0.018188

MOTIF 48-CCCGGAGCCC STREME-48
letter-probability matrix: alength= 4 w= 10 nsites= 510 E= 1.5e+000
 0.026065 0.972400 0.000988 0.000548
 0.037074 0.961390 0.000988 0.000548
 0.000548 0.997917 0.000988 0.000548
 0.000548 0.108504 0.890401 0.000548
 0.126475 0.000988 0.822930 0.049607
 0.997476 0.000988 0.000988 0.000548
 0.004649 0.026137 0.908258 0.060956
 0.120525 0.877939 0.000988 0.000548
 0.000548 0.997917 0.000988 0.000548
 0.000548 0.780341 0.218564 0.000548

MOTIF 49-CCACCAGRGGGCRSY STREME-49
letter-probability matrix: alength= 4 w= 15 nsites= 246 E= 1.6e+000
 0.000110 0.965382 0.034398 0.000110
 0.000110 0.991032 0.008748 0.000110
 0.680974 0.000198 0.278469 0.040359
 0.021485 0.752263 0.226142 0.000110
 0.066009 0.754135 0.008748 0.171108
 0.982393 0.000198 0.000198 0.017210
 0.012935 0.000198 0.986757 0.000110
 0.368252 0.000198 0.631440 0.000110
 0.010434 0.021573 0.715563 0.252430
 0.000110 0.000198 0.999582 0.000110
 0.000110 0.000198 0.949009 0.050683
 0.025760 0.973932 0.000198 0.000110
 0.471501 0.000198 0.528191 0.000110
 0.030035 0.610463 0.329468 0.030035
 0.043258 0.539988 0.107072 0.309681

MOTIF 50-YACCTGC STREME-50
letter-probability matrix: alength= 4 w= 7 nsites= 1983 E= 1.6e+000
 0.000512 0.428845 0.000924 0.569718
 0.997639 0.000924 0.000924 0.000512
 0.000512 0.998051 0.000924 0.000512
 0.000512 0.904420 0.094555 0.000512
 0.000512 0.000924 0.000924 0.997639
 0.026492 0.000924 0.972071 0.000512
 0.000512 0.998051 0.000924 0.000512

MOTIF 51-AAAACAA STREME-51
letter-probability matrix: alength= 4 w= 7 nsites= 2284 E= 1.7e+000
 0.799800 0.000540 0.000540 0.199121
 0.902947 0.048773 0.000540 0.047740
 0.963223 0.000540 0.035938 0.000299
 0.638173 0.040195 0.230984 0.090648
 0.000299 0.699419 0.000540 0.299742
 0.998621 0.000540 0.000540 0.000299
 0.998621 0.000540 0.000540 0.000299

MOTIF 52-AATGAATGAA STREME-52
letter-probability matrix: alength= 4 w= 10 nsites= 127 E= 1.7e+000
 0.896128 0.014433 0.038449 0.050991
 0.904081 0.020955 0.059967 0.014998
 0.105573 0.064279 0.020913 0.809234
 0.022378 0.109745 0.858055 0.009822
 0.915771 0.000444 0.035663 0.048122
 0.984806 0.000444 0.011635 0.003115
 0.006065 0.079782 0.004491 0.909662
 0.038547 0.052294 0.899337 0.009821
 0.933587 0.014433 0.032583 0.019397
 0.811630 0.119018 0.067261 0.002091

MOTIF 53-CCTCAGTTTCCCCAY STREME-53
letter-probability matrix: alength= 4 w= 15 nsites= 132 E= 1.7e+000
 0.016585 0.974638 0.000380 0.008398
 0.000211 0.925515 0.016754 0.057520
 0.000211 0.016754 0.000380 0.982655
 0.000211 0.966451 0.000380 0.032959
 0.851663 0.041315 0.082250 0.024772
 0.000211 0.065876 0.933703 0.000211
 0.000211 0.000380 0.000380 0.999029
 0.032959 0.074063 0.082250 0.810728
 0.000211 0.024941 0.016754 0.958094
 0.016585 0.794523 0.049502 0.139390
 0.016585 0.794523 0.024941 0.163951
 0.065707 0.704465 0.000380 0.229448
 0.000211 0.778149 0.041315 0.180325
 0.630613 0.172308 0.098624 0.098455
 0.024772 0.278739 0.188682 0.507807

MOTIF 54-GGGTGGGA STREME-54
letter-probability matrix: alength= 4 w= 8 nsites= 435 E= 1.9e+000
 0.016209 0.029245 0.938336 0.016209
 0.016209 0.029245 0.938336 0.016209
 0.016209 0.029245 0.938336 0.016209
 0.016209 0.029245 0.029245 0.925300
 0.016209 0.029245 0.938336 0.016209
 0.016209 0.029245 0.938336 0.016209
 0.016209 0.029245 0.938336 0.016209
 0.925300 0.029245 0.029245 0.016209

MOTIF 55-GCACGCACGC STREME-55
letter-probability matrix: alength= 4 w= 10 nsites= 57 E= 2.1e+000
 0.000915 0.001650 0.996520 0.000915
 0.000915 0.854279 0.001650 0.143156
 0.995785 0.001650 0.001650 0.000915
 0.000915 0.996520 0.001650 0.000915
 0.000915 0.001650 0.996520 0.000915
 0.000915 0.996520 0.001650 0.000915
 0.995785 0.001650 0.001650 0.000915
 0.000915 0.996520 0.001650 0.000915
 0.000915 0.001650 0.996520 0.000915
 0.000915 0.996520 0.001650 0.000915

MOTIF 56-TCAGCACCAYGGACA STREME-56
letter-probability matrix: alength= 4 w= 15 nsites= 137 E= 2.1e+000
 0.008329 0.024739 0.105944 0.860988
 0.008329 0.958603 0.016618 0.016450
 0.999037 0.000377 0.000377 0.000209
 0.024571 0.000377 0.966723 0.008329
 0.032691 0.836794 0.081582 0.048932
 0.958435 0.032859 0.000377 0.008329
 0.008329 0.982964 0.000377 0.008329
 0.016450 0.942361 0.000377 0.040812
 0.609251 0.073462 0.170909 0.146379
 0.073294 0.430766 0.122185 0.373754
 0.008329 0.000377 0.974844 0.016450
 0.024571 0.049100 0.885518 0.040812
 0.893470 0.089703 0.000377 0.016450
 0.000209 0.844915 0.130306 0.024571
 0.950314 0.024739 0.024739 0.000209

MOTIF 57-CTCACCTC STREME-57
letter-probability matrix: alength= 4 w= 8 nsites= 246 E= 2.2e+000
 0.016209 0.938336 0.029245 0.016209
 0.016209 0.029245 0.029245 0.925300
 0.016209 0.938336 0.029245 0.016209
 0.925300 0.029245 0.029245 0.016209
 0.016209 0.938336 0.029245 0.016209
 0.016209 0.938336 0.029245 0.016209
 0.016209 0.029245 0.029245 0.925300
 0.016209 0.938336 0.029245 0.016209

MOTIF 58-CCCRGGCCYGGG STREME-58
letter-probability matrix: alength= 4 w= 12 nsites= 1012 E= 3.4e+000
 0.049582 0.834531 0.059737 0.056149
 0.032998 0.843057 0.063379 0.060566
 0.018796 0.840609 0.077806 0.062789
 0.500793 0.009100 0.483706 0.006401
 0.124185 0.002556 0.871371 0.001888
 0.070859 0.049816 0.789857 0.089469
 0.089469 0.789857 0.049816 0.070859
 0.001888 0.871371 0.002556 0.124185
 0.006401 0.483706 0.009100 0.500793
 0.062789 0.077806 0.840609 0.018796
 0.060566 0.063379 0.843057 0.032998
 0.056149 0.059737 0.834531 0.049582

MOTIF 59-CGAGACCAGCCTGGC STREME-59
letter-probability matrix: alength= 4 w= 15 nsites= 66 E= 3.8e+000
 0.033130 0.818497 0.017114 0.131259
 0.262097 0.033469 0.687659 0.016775
 0.965352 0.017114 0.017114 0.000421
 0.016775 0.017114 0.965690 0.000421
 0.998061 0.000759 0.000759 0.000421
 0.049485 0.916626 0.017114 0.016775
 0.000421 0.982045 0.000759 0.016775
 0.998061 0.000759 0.000759 0.000421
 0.000421 0.033469 0.818497 0.147614
 0.016775 0.932981 0.000759 0.049485
 0.000421 0.998400 0.000759 0.000421
 0.016775 0.033469 0.000759 0.948997
 0.000421 0.033469 0.932981 0.033130
 0.131259 0.000759 0.867561 0.000421
 0.033130 0.851207 0.098888 0.016775

MOTIF 60-AGCTGCAGCT STREME-60
letter-probability matrix: alength= 4 w= 10 nsites= 1251 E= 9.6e+000
 0.764575 0.064414 0.076485 0.094526
 0.095077 0.042650 0.782503 0.079769
 0.001159 0.961855 0.000627 0.036359
 0.239265 0.013254 0.004276 0.743205
 0.104111 0.018322 0.874930 0.002637
 0.002637 0.874930 0.018322 0.104111
 0.743205 0.004276 0.013254 0.239265
 0.036359 0.000627 0.961855 0.001159
 0.079769 0.782503 0.042650 0.095077
 0.094526 0.076485 0.064414 0.764575

********************************************************************************
Stopped because 3 consecutive motifs exceeded the p-value threshold (0.05).
********************************************************************************
COMMAND:	streme --verbosity 1 --oc meme_out_incomplete_DL/HepG2_ARID4A-human_ENCFF575UZO/streme_out -dna --seed 0 --p meme_out_incomplete_DL/HepG2_ARID4A-human_ENCFF575UZO/seqs-centered --minw 6 --maxw 15 --time 6177 --order 2 --thresh 0.05 --align center --totallength 4000000 --parse-genomic-coord
********************************************************************************
CPU:		9f05ee173ae9
********************************************************************************
FINALTIME:	2654.81 seconds
********************************************************************************
