********************************************************************************
STREME - Sensitive, Thorough, Rapid, Enriched Motif Elicitation
********************************************************************************
MEME version 5.5.3 (Release date: Sat Jun 10 16:19:38 2023 -0700)

For further information on how to interpret these results please access http://localhost:8080/meme_5.5.3.
To get a copy of the MEME Suite software please access https://meme-suite.org.

********************************************************************************


********************************************************************************
REFERENCE
********************************************************************************
If you use this program in your research, please cite:

Timothy L. Bailey,
"STREME: accurate and versatile sequence motif discovery",
Bioinformatics, Mar. 24, 2021.
********************************************************************************


ALPHABET= ACGT

strands: + -

Background letter frequencies
A 0.267 C 0.233 G 0.233 T 0.267 

MOTIF 1-DGTTAATNATTAACH STREME-1
letter-probability matrix: alength= 4 w= 15 nsites= 4287 E= 4.2e-099
 0.373479 0.037024 0.370925 0.218572
 0.119408 0.020612 0.777477 0.082503
 0.031660 0.068576 0.052677 0.847088
 0.113523 0.067381 0.033559 0.785537
 0.962642 0.000530 0.031344 0.005484
 0.873221 0.079546 0.003267 0.043965
 0.225524 0.025424 0.004440 0.744611
 0.200967 0.299033 0.299033 0.200967
 0.744611 0.004440 0.025424 0.225524
 0.043965 0.003267 0.079546 0.873221
 0.005484 0.031344 0.000530 0.962642
 0.785537 0.033559 0.067381 0.113523
 0.847088 0.052677 0.068576 0.031660
 0.082503 0.777477 0.020612 0.119408
 0.218572 0.370925 0.037024 0.373479

MOTIF 2-AGTAAAYA STREME-2
letter-probability matrix: alength= 4 w= 8 nsites= 4352 E= 2.1e-029
 0.603091 0.002260 0.182690 0.211959
 0.080907 0.000031 0.919027 0.000035
 0.000035 0.285967 0.000031 0.713966
 0.924466 0.075468 0.000031 0.000035
 0.989443 0.010491 0.000031 0.000035
 0.999903 0.000031 0.000031 0.000035
 0.000035 0.597941 0.000031 0.401992
 0.999903 0.000031 0.000031 0.000035

MOTIF 3-CAAAGKYCAN STREME-3
letter-probability matrix: alength= 4 w= 10 nsites= 2728 E= 2.7e-014
 0.000032 0.992486 0.000028 0.007453
 0.783478 0.123440 0.087823 0.005259
 0.861179 0.000028 0.116821 0.021973
 0.976145 0.023795 0.000028 0.000032
 0.000032 0.000028 0.999907 0.000032
 0.064840 0.000028 0.354102 0.581029
 0.074963 0.432310 0.065498 0.427229
 0.000032 0.954415 0.004554 0.040998
 0.834550 0.023914 0.065406 0.076130
 0.245676 0.293568 0.276439 0.184317

MOTIF 4-AGWTCAAAGV STREME-4
letter-probability matrix: alength= 4 w= 10 nsites= 1418 E= 7.5e-013
 0.880357 0.013759 0.091187 0.014697
 0.000065 0.211654 0.788216 0.000065
 0.492149 0.000057 0.131022 0.376773
 0.137845 0.000057 0.000057 0.862041
 0.000065 0.910552 0.089317 0.000065
 0.993124 0.000057 0.006754 0.000065
 0.999821 0.000057 0.000057 0.000065
 0.787579 0.000057 0.201307 0.011057
 0.000065 0.000057 0.999813 0.000065
 0.177693 0.341044 0.314962 0.166301

MOTIF 5-AAAACAAACA STREME-5
letter-probability matrix: alength= 4 w= 10 nsites= 960 E= 2.7e-009
 0.576828 0.122452 0.055211 0.245509
 0.827899 0.000089 0.171910 0.000102
 0.700480 0.000089 0.196017 0.103414
 0.962924 0.019273 0.000089 0.017714
 0.000102 0.696623 0.000089 0.303186
 0.992981 0.000089 0.006828 0.000102
 0.999720 0.000089 0.000089 0.000102
 0.999720 0.000089 0.000089 0.000102
 0.000102 0.848519 0.000089 0.151289
 0.999720 0.000089 0.000089 0.000102

MOTIF 6-GCCTGTAATCCCAGC STREME-6
letter-probability matrix: alength= 4 w= 15 nsites= 344 E= 7.0e-009
 0.200031 0.009781 0.764269 0.025919
 0.009797 0.928708 0.003333 0.058162
 0.000124 0.960951 0.000108 0.038816
 0.003349 0.022678 0.003333 0.970640
 0.122648 0.000108 0.873895 0.003349
 0.003349 0.013006 0.003333 0.980313
 0.964192 0.009781 0.019454 0.006573
 0.761060 0.009781 0.222585 0.006573
 0.003349 0.006557 0.003333 0.986762
 0.013021 0.944830 0.003333 0.038816
 0.013021 0.915811 0.006557 0.064610
 0.003349 0.886792 0.009781 0.100078
 0.986762 0.003333 0.009781 0.000124
 0.090405 0.009781 0.899690 0.000124
 0.006573 0.944830 0.009781 0.038816

MOTIF 7-CAAGGTCA STREME-7
letter-probability matrix: alength= 4 w= 8 nsites= 1636 E= 8.0e-008
 0.103423 0.794307 0.056879 0.045391
 0.910517 0.019324 0.044282 0.025877
 0.911803 0.000386 0.079388 0.008423
 0.007870 0.035587 0.952983 0.003560
 0.021099 0.000981 0.975252 0.002669
 0.054839 0.101234 0.014114 0.829813
 0.001953 0.964937 0.007594 0.025516
 0.878254 0.059985 0.037490 0.024271

MOTIF 8-ATGAGTCACY STREME-8
letter-probability matrix: alength= 4 w= 10 nsites= 892 E= 1.3e-007
 0.733319 0.081010 0.160380 0.025291
 0.038420 0.028338 0.000076 0.933166
 0.000087 0.000076 0.967668 0.032169
 0.931337 0.068499 0.000076 0.000087
 0.012587 0.187216 0.782543 0.017654
 0.000087 0.213861 0.000076 0.785975
 0.077287 0.919441 0.002344 0.000928
 0.999760 0.000076 0.000076 0.000087
 0.000087 0.626862 0.073222 0.299829
 0.050573 0.567840 0.069264 0.312323

MOTIF 9-CCAGCCTGGGCRACA STREME-9
letter-probability matrix: alength= 4 w= 15 nsites= 361 E= 3.1e-007
 0.012527 0.919009 0.021817 0.046647
 0.012527 0.934518 0.003206 0.049749
 0.981061 0.006308 0.012512 0.000120
 0.028036 0.009410 0.933231 0.029323
 0.009425 0.959333 0.009410 0.021832
 0.015629 0.954944 0.009410 0.020018
 0.000120 0.016901 0.006308 0.976672
 0.055953 0.003206 0.928314 0.012527
 0.059054 0.009410 0.915907 0.015629
 0.059054 0.147178 0.768833 0.024934
 0.044833 0.646574 0.009410 0.299183
 0.576535 0.024919 0.389121 0.009425
 0.953144 0.000104 0.040428 0.006323
 0.018731 0.909703 0.024919 0.046647
 0.888006 0.015613 0.074548 0.021832

MOTIF 10-RTTGTGCAAY STREME-10
letter-probability matrix: alength= 4 w= 10 nsites= 1420 E= 8.1e-007
 0.522606 0.014948 0.462391 0.000055
 0.000055 0.000048 0.000048 0.999849
 0.005562 0.000048 0.271065 0.723325
 0.203379 0.000048 0.601644 0.194929
 0.137337 0.121065 0.093486 0.648112
 0.000055 0.000048 0.999842 0.000055
 0.000055 0.706068 0.000048 0.293829
 0.999849 0.000048 0.000048 0.000055
 0.999849 0.000048 0.000048 0.000055
 0.000055 0.304879 0.147465 0.547601

MOTIF 11-CCCCACCCCC STREME-11
letter-probability matrix: alength= 4 w= 10 nsites= 1197 E= 9.3e-007
 0.006453 0.985619 0.000061 0.007868
 0.020880 0.913252 0.013308 0.052559
 0.000070 0.995970 0.000913 0.003047
 0.003570 0.983364 0.000061 0.013005
 0.599508 0.000061 0.239940 0.160491
 0.118269 0.852331 0.000061 0.029339
 0.019289 0.951551 0.000061 0.029099
 0.013856 0.928215 0.001912 0.056017
 0.078499 0.892708 0.001118 0.027674
 0.042433 0.742955 0.071493 0.143119

MOTIF 12-AAAAAAAAAAAAAA STREME-12
letter-probability matrix: alength= 4 w= 14 nsites= 452 E= 2.4e-006
 0.966607 0.016838 0.000104 0.016452
 0.998900 0.000104 0.000104 0.000892
 0.993031 0.000877 0.002026 0.004067
 0.931071 0.064878 0.003931 0.000119
 0.810436 0.111596 0.071666 0.006302
 0.913376 0.019671 0.015699 0.051253
 0.996844 0.001387 0.000104 0.001665
 0.938641 0.056048 0.005193 0.000119
 0.939779 0.053816 0.006287 0.000119
 0.818853 0.174742 0.003195 0.003211
 0.982968 0.008745 0.008168 0.000119
 0.937765 0.021329 0.040786 0.000119
 0.967968 0.000104 0.022640 0.009288
 0.982731 0.004121 0.000104 0.013044

MOTIF 13-CTCAAGYGATCCTCC STREME-13
letter-probability matrix: alength= 4 w= 15 nsites= 238 E= 2.4e-005
 0.023977 0.837680 0.000160 0.138184
 0.000183 0.009677 0.000160 0.989980
 0.000183 0.942370 0.000160 0.057287
 0.970945 0.023953 0.004919 0.000183
 0.828186 0.000160 0.161954 0.009701
 0.114391 0.000160 0.870990 0.014459
 0.033494 0.409403 0.023953 0.533151
 0.185770 0.028712 0.780576 0.004942
 0.985221 0.000160 0.000160 0.014459
 0.000183 0.042988 0.004919 0.951910
 0.000183 0.828162 0.000160 0.171494
 0.000183 0.875749 0.019194 0.104873
 0.157218 0.019194 0.161954 0.661634
 0.000183 0.913818 0.014436 0.071563
 0.000183 0.956646 0.000160 0.043011

MOTIF 14-AGACRGRGTCTC STREME-14
letter-probability matrix: alength= 4 w= 12 nsites= 262 E= 4.9e-005
 0.966286 0.006494 0.027047 0.000173
 0.000173 0.000151 0.999504 0.000173
 0.972630 0.000151 0.009116 0.018104
 0.000173 0.755775 0.000151 0.243902
 0.533751 0.019942 0.446134 0.000173
 0.126916 0.018082 0.854829 0.000173
 0.523650 0.000151 0.471544 0.004655
 0.000173 0.000151 0.999504 0.000173
 0.009138 0.000151 0.000151 0.990561
 0.000173 0.761526 0.004633 0.233668
 0.000173 0.000151 0.019942 0.979735
 0.027069 0.710089 0.000151 0.262691

MOTIF 15-CCTCRGCCTCCCAA STREME-15
letter-probability matrix: alength= 4 w= 14 nsites= 266 E= 1.2e-003
 0.004220 0.916601 0.004200 0.074980
 0.012346 0.930476 0.016389 0.040788
 0.008283 0.004200 0.000137 0.987381
 0.004220 0.739508 0.032642 0.223631
 0.451043 0.028579 0.479590 0.040788
 0.008283 0.000137 0.991424 0.000157
 0.004220 0.987361 0.008263 0.000157
 0.004220 0.918287 0.000137 0.077357
 0.004220 0.012326 0.004200 0.979255
 0.004220 0.950792 0.004200 0.040788
 0.024536 0.938603 0.000137 0.036725
 0.012346 0.914224 0.000137 0.073294
 0.796412 0.032642 0.170790 0.000157
 0.877801 0.024516 0.089401 0.008283

MOTIF 16-GTCAAYA STREME-16
letter-probability matrix: alength= 4 w= 7 nsites= 653 E= 2.3e-003
 0.000662 0.000577 0.998100 0.000662
 0.000662 0.000577 0.000577 0.998184
 0.000662 0.998100 0.000577 0.000662
 0.998184 0.000577 0.000577 0.000662
 0.998184 0.000577 0.000577 0.000662
 0.000662 0.545031 0.000577 0.453730
 0.998184 0.000577 0.000577 0.000662

MOTIF 17-CYCYKCCC STREME-17
letter-probability matrix: alength= 4 w= 8 nsites= 2304 E= 3.1e-003
 0.000200 0.999427 0.000174 0.000200
 0.122804 0.530958 0.000174 0.346064
 0.000200 0.999427 0.000174 0.000200
 0.000200 0.423516 0.000174 0.576111
 0.000200 0.000174 0.352038 0.647588
 0.000200 0.999427 0.000174 0.000200
 0.000200 0.982022 0.017579 0.000200
 0.000200 0.999427 0.000174 0.000200

MOTIF 18-TATTTCACAAY STREME-18
letter-probability matrix: alength= 4 w= 11 nsites= 431 E= 5.0e-003
 0.000350 0.045689 0.222795 0.731166
 0.764770 0.059655 0.175225 0.000350
 0.000350 0.018453 0.000305 0.980892
 0.000350 0.000305 0.000305 0.999041
 0.000350 0.010115 0.000305 0.989230
 0.056084 0.937748 0.002053 0.004116
 0.846459 0.074099 0.000305 0.079137
 0.091357 0.731725 0.020201 0.156717
 0.879386 0.098045 0.000305 0.022264
 0.991508 0.004071 0.000305 0.004116
 0.014329 0.637206 0.015532 0.332933

MOTIF 19-AATCRATA STREME-19
letter-probability matrix: alength= 4 w= 8 nsites= 452 E= 6.2e-003
 0.788637 0.017263 0.169410 0.024690
 0.970324 0.006422 0.022081 0.001173
 0.000306 0.000267 0.000267 0.999161
 0.000306 0.999122 0.000267 0.000306
 0.589522 0.000267 0.384857 0.025354
 0.999161 0.000267 0.000267 0.000306
 0.000306 0.000267 0.000267 0.999161
 0.773153 0.060894 0.106907 0.059045

MOTIF 20-ACTACAWTTCCCAGV STREME-20
letter-probability matrix: alength= 4 w= 15 nsites= 130 E= 1.6e-002
 0.990904 0.000276 0.000276 0.008543
 0.008543 0.982637 0.008503 0.000317
 0.008543 0.057861 0.008503 0.925092
 0.892186 0.008503 0.024956 0.074355
 0.000317 0.982637 0.008503 0.008543
 0.842828 0.049635 0.090767 0.016770
 0.354054 0.016729 0.127087 0.502130
 0.066128 0.230617 0.082541 0.620714
 0.008543 0.016729 0.033182 0.941545
 0.033223 0.966184 0.000276 0.000317
 0.000317 0.995675 0.000276 0.003731
 0.000317 0.949731 0.000276 0.049676
 0.851054 0.033182 0.115447 0.000317
 0.115487 0.098994 0.719391 0.066128
 0.304695 0.345787 0.283390 0.066128

MOTIF 21-AGGAAATG STREME-21
letter-probability matrix: alength= 4 w= 8 nsites= 599 E= 3.6e-002
 0.960651 0.038011 0.000623 0.000715
 0.000715 0.007284 0.972635 0.019366
 0.000715 0.000623 0.877990 0.120672
 0.993364 0.000623 0.000623 0.005389
 0.994227 0.000623 0.000623 0.004527
 0.998039 0.000623 0.000623 0.000715
 0.000715 0.051811 0.000623 0.946851
 0.326184 0.000623 0.672478 0.000715

MOTIF 22-AATCATTAAC STREME-22
letter-probability matrix: alength= 4 w= 10 nsites= 313 E= 3.6e-002
 0.877365 0.000215 0.122173 0.000247
 0.999322 0.000215 0.000215 0.000247
 0.260318 0.000215 0.000215 0.739251
 0.029853 0.566648 0.231082 0.172417
 0.999322 0.000215 0.000215 0.000247
 0.042251 0.000215 0.000215 0.957318
 0.000247 0.000215 0.000215 0.999322
 0.767944 0.000215 0.022492 0.209349
 0.909465 0.000215 0.090073 0.000247
 0.000247 0.999291 0.000215 0.000247

MOTIF 23-TGAATGAATGAA STREME-23
letter-probability matrix: alength= 4 w= 12 nsites= 100 E= 5.9e-002
 0.005839 0.022048 0.005785 0.966328
 0.022102 0.054574 0.868697 0.054627
 0.912118 0.000364 0.087100 0.000418
 0.933802 0.000364 0.065416 0.000418
 0.130521 0.022048 0.004864 0.842567
 0.004918 0.022048 0.961775 0.011260
 0.803699 0.022048 0.162993 0.011260
 0.998854 0.000364 0.000364 0.000418
 0.040171 0.000364 0.011206 0.948258
 0.097995 0.000364 0.901223 0.000418
 0.880508 0.043732 0.064501 0.011260
 0.749490 0.130467 0.011206 0.108837

MOTIF 24-AGGAAG STREME-24
letter-probability matrix: alength= 4 w= 6 nsites= 2928 E= 5.9e-002
 0.817041 0.181460 0.000698 0.000801
 0.000801 0.028352 0.970046 0.000801
 0.000801 0.000698 0.997700 0.000801
 0.997802 0.000698 0.000698 0.000801
 0.955212 0.043289 0.000698 0.000801
 0.000801 0.000698 0.997700 0.000801

MOTIF 25-YCAGGAGTTYGAG STREME-25
letter-probability matrix: alength= 4 w= 13 nsites= 145 E= 1.2e-001
 0.044682 0.584809 0.029847 0.340662
 0.000285 0.954784 0.000249 0.044682
 0.969620 0.000249 0.029847 0.000285
 0.000285 0.000249 0.999181 0.000285
 0.000285 0.015048 0.984382 0.000285
 0.999218 0.000249 0.000249 0.000285
 0.007685 0.000249 0.991782 0.000285
 0.015084 0.029847 0.126040 0.829029
 0.000285 0.000249 0.000249 0.999218
 0.000285 0.525613 0.103842 0.370260
 0.266667 0.037246 0.666204 0.029883
 0.999218 0.000249 0.000249 0.000285
 0.007685 0.000249 0.984382 0.007685

MOTIF 26-CCTCAGCCTCCWGAG STREME-26
letter-probability matrix: alength= 4 w= 15 nsites= 49 E= 1.2e-001
 0.049695 0.785578 0.033259 0.131468
 0.000630 0.916416 0.000550 0.082404
 0.016985 0.000550 0.049614 0.932852
 0.033340 0.932771 0.000550 0.033340
 0.900142 0.033259 0.000550 0.066049
 0.049695 0.016904 0.916416 0.016985
 0.000630 0.949126 0.016904 0.033340
 0.016985 0.900061 0.033259 0.049695
 0.066049 0.033259 0.000550 0.900142
 0.049695 0.785578 0.049614 0.115114
 0.033340 0.834642 0.016904 0.115114
 0.442209 0.082323 0.164097 0.311371
 0.000630 0.049614 0.916416 0.033340
 0.916497 0.033259 0.016904 0.033340
 0.016985 0.065969 0.916416 0.000630

MOTIF 27-RGCTCACTGCA STREME-27
letter-probability matrix: alength= 4 w= 11 nsites= 167 E= 1.3e-001
 0.616414 0.015412 0.367796 0.000377
 0.000377 0.000329 0.998916 0.000377
 0.000377 0.947951 0.023973 0.027698
 0.000377 0.000329 0.000329 0.998965
 0.019958 0.979335 0.000329 0.000377
 0.998965 0.000329 0.000329 0.000377
 0.000377 0.998916 0.000329 0.000377
 0.000377 0.000329 0.000329 0.998965
 0.059120 0.029701 0.910802 0.000377
 0.031635 0.904270 0.000329 0.063766
 0.971644 0.027650 0.000329 0.000377

MOTIF 28-AGATAA STREME-28
letter-probability matrix: alength= 4 w= 6 nsites= 1468 E= 1.6e-001
 0.933373 0.021173 0.021173 0.024282
 0.024282 0.021173 0.930264 0.024282
 0.933373 0.021173 0.021173 0.024282
 0.024282 0.021173 0.021173 0.933373
 0.933373 0.021173 0.021173 0.024282
 0.933373 0.021173 0.021173 0.024282

MOTIF 29-AAGATGGCGG STREME-29
letter-probability matrix: alength= 4 w= 10 nsites= 104 E= 1.9e-001
 0.915985 0.043035 0.040465 0.000514
 0.953036 0.013787 0.000448 0.032728
 0.000514 0.267230 0.691725 0.040531
 0.998590 0.000448 0.000448 0.000514
 0.000514 0.000448 0.000448 0.998590
 0.000514 0.093822 0.905150 0.000514
 0.000514 0.000448 0.998524 0.000514
 0.000514 0.998524 0.000448 0.000514
 0.000514 0.144911 0.854061 0.000514
 0.133905 0.085627 0.779954 0.000514

MOTIF 30-GTTTAATGGATTWA STREME-30
letter-probability matrix: alength= 4 w= 14 nsites= 92 E= 2.3e-001
 0.012429 0.000402 0.974740 0.012429
 0.000461 0.024337 0.024337 0.950864
 0.000461 0.024337 0.024337 0.950864
 0.287682 0.012370 0.024337 0.675611
 0.998735 0.000402 0.000402 0.000461
 0.986767 0.000402 0.000402 0.012429
 0.000461 0.024337 0.125045 0.850157
 0.012429 0.000402 0.986708 0.000461
 0.000461 0.000402 0.986708 0.012429
 0.986767 0.000402 0.000402 0.012429
 0.000461 0.012370 0.000402 0.986767
 0.012429 0.120078 0.012370 0.855124
 0.335553 0.036305 0.012370 0.615773
 0.986767 0.000402 0.012370 0.000461

MOTIF 31-AGCATCTCAAGGCAG STREME-31
letter-probability matrix: alength= 4 w= 15 nsites= 84 E= 2.3e-001
 0.985285 0.000447 0.000447 0.013821
 0.000513 0.000447 0.998527 0.000513
 0.120282 0.865450 0.013755 0.000513
 0.998593 0.000447 0.000447 0.000513
 0.000513 0.000447 0.000447 0.998593
 0.027128 0.931989 0.013755 0.027128
 0.000513 0.213371 0.013755 0.772361
 0.000513 0.985220 0.000447 0.013821
 0.945362 0.027063 0.027063 0.000513
 0.865516 0.000447 0.133524 0.000513
 0.200129 0.000447 0.798911 0.000513
 0.013821 0.000447 0.985220 0.000513
 0.013821 0.945296 0.000447 0.040436
 0.985285 0.000447 0.000447 0.013821
 0.226744 0.013755 0.758988 0.000513

MOTIF 32-CTTYRAAG STREME-32
letter-probability matrix: alength= 4 w= 8 nsites= 243 E= 2.4e-001
 0.024282 0.930264 0.021173 0.024282
 0.024282 0.021173 0.021173 0.933373
 0.024282 0.021173 0.021173 0.933373
 0.024282 0.475718 0.021173 0.478827
 0.478827 0.021173 0.475718 0.024282
 0.933373 0.021173 0.021173 0.024282
 0.933373 0.021173 0.021173 0.024282
 0.024282 0.021173 0.930264 0.024282

MOTIF 33-AAATATTT STREME-33
letter-probability matrix: alength= 4 w= 8 nsites= 182 E= 3.2e-001
 0.933373 0.021173 0.021173 0.024282
 0.933373 0.021173 0.021173 0.024282
 0.933373 0.021173 0.021173 0.024282
 0.024282 0.021173 0.021173 0.933373
 0.933373 0.021173 0.021173 0.024282
 0.024282 0.021173 0.021173 0.933373
 0.024282 0.021173 0.021173 0.933373
 0.024282 0.021173 0.021173 0.933373

MOTIF 34-AGCCMGGCGC STREME-34
letter-probability matrix: alength= 4 w= 10 nsites= 39 E= 4.7e-001
 0.996279 0.001182 0.001182 0.001356
 0.001356 0.001182 0.996105 0.001356
 0.001356 0.996105 0.001182 0.001356
 0.001356 0.784959 0.036373 0.177311
 0.634794 0.362667 0.001182 0.001356
 0.001356 0.106755 0.890532 0.001356
 0.001356 0.001182 0.996105 0.001356
 0.001356 0.996105 0.001182 0.001356
 0.001356 0.001182 0.996105 0.001356
 0.001356 0.996105 0.001182 0.001356

MOTIF 35-CATTGTGAAA STREME-35
letter-probability matrix: alength= 4 w= 10 nsites= 54 E= 4.7e-001
 0.024282 0.930264 0.021173 0.024282
 0.933373 0.021173 0.021173 0.024282
 0.024282 0.021173 0.021173 0.933373
 0.024282 0.021173 0.021173 0.933373
 0.024282 0.021173 0.930264 0.024282
 0.024282 0.021173 0.021173 0.933373
 0.024282 0.021173 0.930264 0.024282
 0.933373 0.021173 0.021173 0.024282
 0.933373 0.021173 0.021173 0.024282
 0.933373 0.021173 0.021173 0.024282

MOTIF 36-GTACTAAGAAAAATT STREME-36
letter-probability matrix: alength= 4 w= 15 nsites= 56 E= 4.7e-001
 0.000835 0.000728 0.997602 0.000835
 0.000835 0.000728 0.000728 0.997709
 0.997709 0.000728 0.000728 0.000835
 0.000835 0.975931 0.022399 0.000835
 0.000835 0.000728 0.000728 0.997709
 0.997709 0.000728 0.000728 0.000835
 0.997709 0.000728 0.000728 0.000835
 0.022506 0.044070 0.932588 0.000835
 0.976037 0.000728 0.022399 0.000835
 0.802668 0.022399 0.174097 0.000835
 0.954366 0.044070 0.000728 0.000835
 0.976037 0.000728 0.022399 0.000835
 0.976037 0.000728 0.000728 0.022506
 0.000835 0.000728 0.000728 0.997709
 0.000835 0.000728 0.000728 0.997709

MOTIF 37-CTTTGATC STREME-37
letter-probability matrix: alength= 4 w= 8 nsites= 1130 E= 5.8e-001
 0.027935 0.912903 0.048730 0.010433
 0.053551 0.011484 0.043057 0.891908
 0.033314 0.050212 0.029597 0.886878
 0.047234 0.126361 0.000409 0.825996
 0.005408 0.091127 0.900843 0.002622
 0.841675 0.065474 0.029624 0.063227
 0.048288 0.140407 0.020317 0.790988
 0.026832 0.918179 0.046304 0.008686

MOTIF 38-CCCAGC STREME-38
letter-probability matrix: alength= 4 w= 6 nsites= 2395 E= 6.1e-001
 0.024282 0.930264 0.021173 0.024282
 0.024282 0.930264 0.021173 0.024282
 0.024282 0.930264 0.021173 0.024282
 0.933373 0.021173 0.021173 0.024282
 0.024282 0.021173 0.930264 0.024282
 0.024282 0.930264 0.021173 0.024282

MOTIF 39-AGTGCAGTGGC STREME-39
letter-probability matrix: alength= 4 w= 11 nsites= 117 E= 6.5e-001
 0.915032 0.024317 0.060190 0.000461
 0.017292 0.024317 0.937864 0.020527
 0.000461 0.012360 0.000402 0.986778
 0.018882 0.018823 0.914002 0.048292
 0.006925 0.944382 0.024317 0.024376
 0.998736 0.000402 0.000402 0.000461
 0.155911 0.005365 0.833300 0.005424
 0.000461 0.024317 0.000402 0.974820
 0.004043 0.000402 0.995095 0.000461
 0.029339 0.020468 0.949732 0.000461
 0.012419 0.766517 0.000402 0.220663

MOTIF 40-ACTTCCTGB STREME-40
letter-probability matrix: alength= 4 w= 9 nsites= 956 E= 6.9e-001
 0.999530 0.000149 0.000149 0.000171
 0.000171 0.951902 0.047755 0.000171
 0.212197 0.000149 0.000149 0.787504
 0.000171 0.000149 0.000149 0.999530
 0.000171 0.999508 0.000149 0.000171
 0.000171 0.999508 0.000149 0.000171
 0.000171 0.000149 0.262146 0.737534
 0.000171 0.092413 0.907245 0.000171
 0.033176 0.416541 0.271699 0.278584

MOTIF 41-CARAGTCC STREME-41
letter-probability matrix: alength= 4 w= 8 nsites= 298 E= 7.8e-001
 0.000703 0.997980 0.000613 0.000703
 0.575489 0.285837 0.137971 0.000703
 0.510645 0.000613 0.390375 0.098366
 0.998071 0.000613 0.000613 0.000703
 0.000703 0.000613 0.997980 0.000703
 0.000703 0.000613 0.000613 0.998071
 0.000703 0.997980 0.000613 0.000703
 0.000703 0.997980 0.000613 0.000703

MOTIF 42-BCACGTGV STREME-42
letter-probability matrix: alength= 4 w= 8 nsites= 337 E= 8.1e-001
 0.000721 0.448167 0.262277 0.288835
 0.000721 0.909645 0.088914 0.000721
 0.998022 0.000629 0.000629 0.000721
 0.000721 0.997930 0.000629 0.000721
 0.000721 0.000629 0.997930 0.000721
 0.000721 0.000629 0.000629 0.998022
 0.000721 0.088914 0.909645 0.000721
 0.288835 0.262277 0.448167 0.000721

MOTIF 43-TGASTCA STREME-43
letter-probability matrix: alength= 4 w= 7 nsites= 423 E= 8.6e-001
 0.024282 0.021173 0.021173 0.933373
 0.024282 0.021173 0.930264 0.024282
 0.933373 0.021173 0.021173 0.024282
 0.024282 0.475718 0.475718 0.024282
 0.024282 0.021173 0.021173 0.933373
 0.024282 0.930264 0.021173 0.024282
 0.933373 0.021173 0.021173 0.024282

MOTIF 44-ACTTTGGAC STREME-44
letter-probability matrix: alength= 4 w= 9 nsites= 61 E= 9.4e-001
 0.933373 0.021173 0.021173 0.024282
 0.024282 0.930264 0.021173 0.024282
 0.024282 0.021173 0.021173 0.933373
 0.024282 0.021173 0.021173 0.933373
 0.024282 0.021173 0.021173 0.933373
 0.024282 0.021173 0.930264 0.024282
 0.024282 0.021173 0.930264 0.024282
 0.933373 0.021173 0.021173 0.024282
 0.024282 0.930264 0.021173 0.024282

MOTIF 45-TGAGTTGACA STREME-45
letter-probability matrix: alength= 4 w= 10 nsites= 40 E= 9.4e-001
 0.024282 0.021173 0.021173 0.933373
 0.024282 0.021173 0.930264 0.024282
 0.933373 0.021173 0.021173 0.024282
 0.024282 0.021173 0.930264 0.024282
 0.024282 0.021173 0.021173 0.933373
 0.024282 0.021173 0.021173 0.933373
 0.024282 0.021173 0.930264 0.024282
 0.933373 0.021173 0.021173 0.024282
 0.024282 0.930264 0.021173 0.024282
 0.933373 0.021173 0.021173 0.024282

MOTIF 46-AGAGGTGGGG STREME-46
letter-probability matrix: alength= 4 w= 10 nsites= 80 E= 1.2e+000
 0.997387 0.000830 0.000830 0.000952
 0.000952 0.000830 0.996133 0.002084
 0.903222 0.053761 0.000830 0.042187
 0.000952 0.011086 0.987010 0.000952
 0.187684 0.000830 0.810534 0.000952
 0.000952 0.162807 0.000830 0.835411
 0.037050 0.003131 0.958867 0.000952
 0.000952 0.003131 0.994965 0.000952
 0.000952 0.034654 0.929617 0.034776
 0.000952 0.000830 0.929842 0.068376

MOTIF 47-AGGTCA STREME-47
letter-probability matrix: alength= 4 w= 6 nsites= 1020 E= 1.3e+000
 0.933373 0.021173 0.021173 0.024282
 0.024282 0.021173 0.930264 0.024282
 0.024282 0.021173 0.930264 0.024282
 0.024282 0.021173 0.021173 0.933373
 0.024282 0.930264 0.021173 0.024282
 0.933373 0.021173 0.021173 0.024282

MOTIF 48-CCACCATGCC STREME-48
letter-probability matrix: alength= 4 w= 10 nsites= 88 E= 1.7e+000
 0.000697 0.997999 0.000608 0.000697
 0.000697 0.947535 0.000608 0.051160
 0.980004 0.000608 0.018691 0.000697
 0.000697 0.997999 0.000608 0.000697
 0.000697 0.907580 0.018691 0.073032
 0.980004 0.000608 0.018691 0.000697
 0.000697 0.187580 0.000608 0.811116
 0.018781 0.000608 0.979915 0.000697
 0.063582 0.935114 0.000608 0.000697
 0.000697 0.961831 0.036775 0.000697

MOTIF 49-ACATTCC STREME-49
letter-probability matrix: alength= 4 w= 7 nsites= 563 E= 1.8e+000
 0.933373 0.021173 0.021173 0.024282
 0.024282 0.930264 0.021173 0.024282
 0.933373 0.021173 0.021173 0.024282
 0.024282 0.021173 0.021173 0.933373
 0.024282 0.021173 0.021173 0.933373
 0.024282 0.930264 0.021173 0.024282
 0.024282 0.930264 0.021173 0.024282

MOTIF 50-GCTTTGTTAAAMA STREME-50
letter-probability matrix: alength= 4 w= 13 nsites= 66 E= 1.9e+000
 0.000699 0.000610 0.997991 0.000699
 0.000699 0.997991 0.000610 0.000699
 0.000699 0.000610 0.000610 0.998081
 0.000699 0.000610 0.000610 0.998081
 0.000699 0.000610 0.018759 0.979932
 0.000699 0.000610 0.997991 0.000699
 0.000699 0.000610 0.000610 0.998081
 0.000699 0.018759 0.018759 0.961783
 0.961783 0.018759 0.000610 0.018848
 0.979932 0.018759 0.000610 0.000699
 0.998081 0.000610 0.000610 0.000699
 0.345528 0.635014 0.018759 0.000699
 0.961783 0.000610 0.018759 0.018848

MOTIF 51-CTGAGGTCA STREME-51
letter-probability matrix: alength= 4 w= 9 nsites= 99 E= 2.1e+000
 0.024282 0.930264 0.021173 0.024282
 0.024282 0.021173 0.021173 0.933373
 0.024282 0.021173 0.930264 0.024282
 0.933373 0.021173 0.021173 0.024282
 0.024282 0.021173 0.930264 0.024282
 0.024282 0.021173 0.930264 0.024282
 0.024282 0.021173 0.021173 0.933373
 0.024282 0.930264 0.021173 0.024282
 0.933373 0.021173 0.021173 0.024282

MOTIF 52-AAACATGTGCTG STREME-52
letter-probability matrix: alength= 4 w= 12 nsites= 78 E= 2.1e+000
 0.998438 0.000496 0.000496 0.000569
 0.901805 0.000496 0.097129 0.000569
 0.983663 0.000496 0.000496 0.015344
 0.000569 0.998365 0.000496 0.000569
 0.968889 0.000496 0.030045 0.000569
 0.000569 0.000496 0.000496 0.998438
 0.000569 0.000496 0.998365 0.000569
 0.044892 0.030045 0.000496 0.924566
 0.044892 0.000496 0.954042 0.000569
 0.000569 0.850621 0.000496 0.148313
 0.000569 0.000496 0.000496 0.998438
 0.044892 0.000496 0.954042 0.000569

MOTIF 53-AGGAAA STREME-53
letter-probability matrix: alength= 4 w= 6 nsites= 2626 E= 2.2e+000
 0.933373 0.021173 0.021173 0.024282
 0.024282 0.021173 0.930264 0.024282
 0.024282 0.021173 0.930264 0.024282
 0.933373 0.021173 0.021173 0.024282
 0.933373 0.021173 0.021173 0.024282
 0.933373 0.021173 0.021173 0.024282

MOTIF 54-CACACACACACA STREME-54
letter-probability matrix: alength= 4 w= 12 nsites= 430 E= 2.2e+000
 0.035647 0.883234 0.000791 0.080328
 0.953225 0.000702 0.034535 0.011539
 0.023049 0.879404 0.018898 0.078650
 0.898941 0.010391 0.090489 0.000179
 0.029122 0.770916 0.068208 0.131755
 0.823463 0.020191 0.156167 0.000179
 0.008634 0.774628 0.094377 0.122361
 0.887041 0.010974 0.080613 0.021372
 0.039565 0.897912 0.023168 0.039355
 0.841652 0.032611 0.086705 0.039032
 0.003990 0.987373 0.001321 0.007317
 0.876745 0.001535 0.120851 0.000868

MOTIF 55-CAGCGA STREME-55
letter-probability matrix: alength= 4 w= 6 nsites= 449 E= 2.5e+000
 0.024282 0.930264 0.021173 0.024282
 0.933373 0.021173 0.021173 0.024282
 0.024282 0.021173 0.930264 0.024282
 0.024282 0.930264 0.021173 0.024282
 0.024282 0.021173 0.930264 0.024282
 0.933373 0.021173 0.021173 0.024282

MOTIF 56-GCATGCTGCC STREME-56
letter-probability matrix: alength= 4 w= 10 nsites= 100 E= 2.8e+000
 0.000505 0.000441 0.998549 0.000505
 0.000505 0.990009 0.000441 0.009045
 0.978414 0.000441 0.020640 0.000505
 0.000505 0.000814 0.000441 0.998240
 0.265784 0.000441 0.733270 0.000505
 0.032171 0.954666 0.009705 0.003458
 0.226566 0.039776 0.000441 0.733217
 0.013617 0.000441 0.978349 0.007593
 0.029058 0.945603 0.000441 0.024898
 0.019660 0.966282 0.013553 0.000505

MOTIF 57-CTTATCTCT STREME-57
letter-probability matrix: alength= 4 w= 9 nsites= 662 E= 2.8e+000
 0.011139 0.804413 0.093563 0.090885
 0.009118 0.040887 0.091944 0.858051
 0.085282 0.029886 0.050508 0.834324
 0.945013 0.018084 0.027647 0.009256
 0.004248 0.024126 0.017294 0.954333
 0.004323 0.950277 0.023537 0.021863
 0.026932 0.019367 0.083212 0.870488
 0.138743 0.722035 0.063572 0.075650
 0.025647 0.062365 0.120829 0.791159

MOTIF 58-GTCTCTACAAA STREME-58
letter-probability matrix: alength= 4 w= 11 nsites= 53 E= 3.3e+000
 0.102991 0.000985 0.777692 0.118332
 0.001129 0.000985 0.000985 0.996902
 0.147633 0.691589 0.088887 0.071891
 0.001129 0.000985 0.000985 0.996902
 0.001129 0.996757 0.000985 0.001129
 0.001129 0.000985 0.000985 0.996902
 0.996902 0.000985 0.000985 0.001129
 0.001129 0.938156 0.000985 0.059731
 0.938300 0.000985 0.030285 0.030430
 0.996902 0.000985 0.000985 0.001129
 0.938300 0.059586 0.000985 0.001129

MOTIF 59-CCYRGG STREME-59
letter-probability matrix: alength= 4 w= 6 nsites= 3474 E= 1.1e+001
 0.001824 0.994762 0.001590 0.001824
 0.001824 0.966980 0.029372 0.001824
 0.001824 0.380171 0.119596 0.498410
 0.498410 0.119596 0.380171 0.001824
 0.001824 0.029372 0.966980 0.001824
 0.001824 0.001590 0.994762 0.001824

MOTIF 60-AAATGGAGTYTC STREME-60
letter-probability matrix: alength= 4 w= 12 nsites= 80 E= 1.1e+001
 0.895211 0.029990 0.074231 0.000568
 0.939452 0.029990 0.029990 0.000568
 0.998441 0.000496 0.000496 0.000568
 0.000568 0.098978 0.000496 0.899959
 0.021436 0.103725 0.874271 0.000568
 0.095171 0.000496 0.903765 0.000568
 0.830102 0.118472 0.021363 0.030062
 0.030062 0.000496 0.968874 0.000568
 0.000568 0.000496 0.088978 0.909958
 0.000568 0.587873 0.059484 0.352075
 0.000568 0.000496 0.074231 0.924705
 0.042304 0.941886 0.000496 0.015315

********************************************************************************
Stopped because 3 consecutive motifs exceeded the p-value threshold (0.05).
********************************************************************************
COMMAND:	streme --verbosity 1 --oc meme_out_incomplete_DL/HepG2_HNF1A-human_ENCFF346SLA/streme_out -dna --seed 0 --p meme_out_incomplete_DL/HepG2_HNF1A-human_ENCFF346SLA/seqs-centered --minw 6 --maxw 15 --time 6184 --order 2 --thresh 0.05 --align center --totallength 4000000 --parse-genomic-coord
********************************************************************************
CPU:		9f05ee173ae9
********************************************************************************
FINALTIME:	1735.58 seconds
********************************************************************************
