********************************************************************************
STREME - Sensitive, Thorough, Rapid, Enriched Motif Elicitation
********************************************************************************
MEME version 5.5.3 (Release date: Sat Jun 10 16:19:38 2023 -0700)

For further information on how to interpret these results please access http://localhost:8080/meme_5.5.3.
To get a copy of the MEME Suite software please access https://meme-suite.org.

********************************************************************************


********************************************************************************
REFERENCE
********************************************************************************
If you use this program in your research, please cite:

Timothy L. Bailey,
"STREME: accurate and versatile sequence motif discovery",
Bioinformatics, Mar. 24, 2021.
********************************************************************************


ALPHABET= ACGT

strands: + -

Background letter frequencies
A 0.167 C 0.333 G 0.333 T 0.167 

MOTIF 1-CCCCRCCCCC STREME-1
letter-probability matrix: alength= 4 w= 10 nsites= 3941 E= 4.4e-015
 0.001915 0.967156 0.000054 0.030876
 0.000027 0.999892 0.000054 0.000027
 0.001923 0.996751 0.000054 0.001272
 0.003589 0.965326 0.029868 0.001217
 0.381582 0.000054 0.477876 0.140488
 0.129015 0.774450 0.064131 0.032405
 0.033397 0.948161 0.016310 0.002132
 0.021399 0.917407 0.019667 0.041527
 0.048988 0.879657 0.023022 0.048334
 0.072151 0.689103 0.154064 0.084681

MOTIF 2-GARGCYGAGGCN STREME-2
letter-probability matrix: alength= 4 w= 12 nsites= 2691 E= 9.5e-008
 0.075606 0.000021 0.924363 0.000010
 0.999948 0.000021 0.000021 0.000010
 0.301697 0.163526 0.507314 0.027463
 0.268242 0.000021 0.611538 0.120199
 0.200054 0.573712 0.086533 0.139701
 0.000010 0.399899 0.173820 0.426270
 0.145307 0.000021 0.854662 0.000010
 0.843301 0.156668 0.000021 0.000010
 0.147927 0.039256 0.812807 0.000010
 0.201149 0.000021 0.611220 0.187610
 0.222705 0.522243 0.000021 0.255031
 0.207616 0.295467 0.285979 0.210938

MOTIF 3-CGGCGGCGGCGGCG STREME-3
letter-probability matrix: alength= 4 w= 14 nsites= 777 E= 8.6e-007
 0.119326 0.704647 0.003906 0.172121
 0.024028 0.000076 0.975859 0.000038
 0.077989 0.000076 0.921897 0.000038
 0.000038 0.837983 0.006085 0.155893
 0.059163 0.000076 0.940723 0.000038
 0.038606 0.000076 0.899483 0.061835
 0.014399 0.958291 0.000076 0.027234
 0.117876 0.123034 0.697770 0.061320
 0.130373 0.030270 0.810937 0.028420
 0.000038 0.943840 0.006383 0.049739
 0.104650 0.082770 0.723378 0.089201
 0.028846 0.000076 0.963157 0.007922
 0.000038 0.892554 0.048171 0.059237
 0.171901 0.024425 0.729726 0.073947

MOTIF 4-GCGCATGCGCASW STREME-4
letter-probability matrix: alength= 4 w= 13 nsites= 582 E= 1.7e-005
 0.070845 0.002331 0.924547 0.002278
 0.029889 0.958830 0.004555 0.006726
 0.056083 0.000107 0.941533 0.002278
 0.002278 0.993114 0.004555 0.000054
 0.660439 0.210863 0.084163 0.044534
 0.027665 0.153954 0.133094 0.685287
 0.000054 0.000107 0.995338 0.004502
 0.000054 0.985519 0.004555 0.009873
 0.022722 0.015675 0.919292 0.042310
 0.002278 0.917874 0.006401 0.073447
 0.897402 0.024193 0.044529 0.033876
 0.131559 0.479653 0.335357 0.053431
 0.431124 0.154670 0.112837 0.301369

MOTIF 5-CCRCCAGRGGGCG STREME-5
letter-probability matrix: alength= 4 w= 13 nsites= 262 E= 3.8e-005
 0.000134 0.999465 0.000267 0.000134
 0.000134 0.999465 0.000267 0.000134
 0.640596 0.000267 0.359002 0.000134
 0.000134 0.747155 0.252577 0.000134
 0.020582 0.852092 0.038239 0.089087
 0.999332 0.000267 0.000267 0.000134
 0.000134 0.000267 0.999465 0.000134
 0.389301 0.022505 0.588060 0.000134
 0.000134 0.022505 0.782643 0.194717
 0.000134 0.000267 0.999465 0.000134
 0.000134 0.000267 0.999465 0.000134
 0.000134 0.999465 0.000267 0.000134
 0.202157 0.000267 0.797442 0.000134

MOTIF 6-CAAGATGGCGGC STREME-6
letter-probability matrix: alength= 4 w= 12 nsites= 414 E= 2.2e-004
 0.064643 0.676635 0.164895 0.093827
 0.977929 0.006348 0.015648 0.000075
 0.918745 0.043545 0.008450 0.029259
 0.116052 0.224091 0.628785 0.031072
 0.979743 0.012548 0.004535 0.003175
 0.000075 0.009448 0.000149 0.990328
 0.000075 0.028047 0.965604 0.006274
 0.015574 0.009448 0.971804 0.003175
 0.015574 0.908522 0.000149 0.075755
 0.040660 0.093212 0.815171 0.050957
 0.269226 0.104405 0.589097 0.037272
 0.152033 0.779456 0.024362 0.044149

MOTIF 7-CTGCAGCCGC STREME-7
letter-probability matrix: alength= 4 w= 10 nsites= 1138 E= 6.2e-004
 0.000097 0.981117 0.000192 0.018594
 0.036209 0.074686 0.000192 0.888913
 0.027808 0.000192 0.971903 0.000097
 0.000097 0.999614 0.000192 0.000097
 0.696268 0.000192 0.087325 0.216214
 0.000097 0.000192 0.983540 0.016170
 0.014329 0.948123 0.000192 0.037356
 0.000097 0.786269 0.000192 0.213442
 0.070198 0.190404 0.524789 0.214610
 0.018464 0.941291 0.000192 0.040053

MOTIF 8-CCCGGGACCCYG STREME-8
letter-probability matrix: alength= 4 w= 12 nsites= 1075 E= 8.8e-003
 0.022306 0.886082 0.068251 0.023361
 0.002712 0.796158 0.053367 0.147764
 0.020076 0.904217 0.019158 0.056548
 0.035295 0.022029 0.902336 0.040340
 0.125901 0.045939 0.759332 0.068827
 0.043236 0.002101 0.939566 0.015097
 0.697699 0.001709 0.076112 0.224480
 0.100886 0.769039 0.035762 0.094313
 0.036780 0.717988 0.107694 0.137538
 0.049429 0.821905 0.025358 0.103308
 0.091848 0.325591 0.094571 0.487990
 0.045100 0.070785 0.765412 0.118704

MOTIF 9-ACACACAC STREME-9
letter-probability matrix: alength= 4 w= 8 nsites= 757 E= 1.1e-002
 0.998512 0.000595 0.000595 0.000299
 0.013679 0.971044 0.008122 0.007154
 0.915455 0.048248 0.018853 0.017444
 0.077140 0.887252 0.024187 0.011421
 0.673716 0.088931 0.105400 0.131953
 0.023329 0.829152 0.091287 0.056232
 0.958205 0.024707 0.016789 0.000299
 0.036861 0.924774 0.022898 0.015467

MOTIF 10-AAMTACA STREME-10
letter-probability matrix: alength= 4 w= 7 nsites= 703 E= 3.3e-002
 0.731030 0.000246 0.256680 0.012045
 0.950365 0.000246 0.000246 0.049144
 0.391109 0.566722 0.042046 0.000123
 0.000123 0.000246 0.000246 0.999386
 0.999386 0.000246 0.000246 0.000123
 0.211613 0.788018 0.000246 0.000123
 0.961185 0.000246 0.038446 0.000123

MOTIF 11-CGCCGCCTC STREME-11
letter-probability matrix: alength= 4 w= 9 nsites= 790 E= 6.8e-002
 0.000305 0.998782 0.000608 0.000305
 0.138783 0.000608 0.860303 0.000305
 0.012414 0.904256 0.023996 0.059334
 0.000305 0.966530 0.032860 0.000305
 0.002296 0.068299 0.929100 0.000305
 0.021855 0.893616 0.020566 0.063963
 0.025162 0.783773 0.025735 0.165330
 0.000305 0.000608 0.195109 0.803977
 0.049478 0.913302 0.015064 0.022156

MOTIF 12-AATGAA STREME-12
letter-probability matrix: alength= 4 w= 6 nsites= 369 E= 7.4e-002
 0.924291 0.030255 0.030255 0.015200
 0.924291 0.030255 0.030255 0.015200
 0.015200 0.030255 0.030255 0.924291
 0.015200 0.030255 0.939345 0.015200
 0.924291 0.030255 0.030255 0.015200
 0.924291 0.030255 0.030255 0.015200

MOTIF 13-ATTACAGGCGTGAG STREME-13
letter-probability matrix: alength= 4 w= 14 nsites= 99 E= 9.0e-002
 0.894023 0.005146 0.056105 0.044725
 0.000268 0.011648 0.044991 0.943093
 0.011382 0.049604 0.000534 0.938480
 0.954208 0.033876 0.011648 0.000268
 0.000268 0.954473 0.000534 0.044725
 0.931979 0.000534 0.033876 0.033611
 0.022497 0.011648 0.965587 0.000268
 0.044725 0.000534 0.954473 0.000268
 0.000268 0.760917 0.067219 0.171595
 0.189211 0.022762 0.754416 0.033611
 0.022497 0.000534 0.011648 0.965322
 0.066954 0.022762 0.887787 0.022497
 0.865293 0.067219 0.011648 0.055839
 0.066954 0.000534 0.932245 0.000268

MOTIF 14-ACTCACC STREME-14
letter-probability matrix: alength= 4 w= 7 nsites= 454 E= 1.1e-001
 0.924291 0.030255 0.030255 0.015200
 0.015200 0.939345 0.030255 0.015200
 0.015200 0.030255 0.030255 0.924291
 0.015200 0.939345 0.030255 0.015200
 0.924291 0.030255 0.030255 0.015200
 0.015200 0.939345 0.030255 0.015200
 0.015200 0.939345 0.030255 0.015200

MOTIF 15-CKTCYCCA STREME-15
letter-probability matrix: alength= 4 w= 8 nsites= 1909 E= 1.1e-001
 0.000098 0.917498 0.082306 0.000098
 0.222266 0.000195 0.312817 0.464721
 0.000098 0.000195 0.000195 0.999511
 0.000098 0.999609 0.000195 0.000098
 0.168783 0.382699 0.000195 0.448323
 0.151710 0.640065 0.000195 0.208030
 0.068816 0.714836 0.030469 0.185880
 0.999511 0.000195 0.000195 0.000098

MOTIF 16-CACCTGC STREME-16
letter-probability matrix: alength= 4 w= 7 nsites= 2136 E= 1.2e-001
 0.000485 0.782648 0.000966 0.215900
 0.997582 0.000966 0.000966 0.000485
 0.000485 0.998063 0.000966 0.000485
 0.000485 0.732174 0.266855 0.000485
 0.000485 0.000966 0.000966 0.997582
 0.081828 0.000966 0.916721 0.000485
 0.000485 0.998063 0.000966 0.000485

MOTIF 17-CCCGGCCTC STREME-17
letter-probability matrix: alength= 4 w= 9 nsites= 1359 E= 1.5e-001
 0.000248 0.999012 0.000493 0.000248
 0.000248 0.741460 0.000493 0.257800
 0.000248 0.999012 0.000493 0.000248
 0.000248 0.173438 0.826067 0.000248
 0.000248 0.116336 0.883169 0.000248
 0.000248 0.820737 0.178768 0.000248
 0.028446 0.826469 0.000493 0.144592
 0.000248 0.000493 0.000493 0.998767
 0.000248 0.999012 0.000493 0.000248

MOTIF 18-AAGAAGAAGAAAAAC STREME-18
letter-probability matrix: alength= 4 w= 15 nsites= 155 E= 1.7e-001
 0.857098 0.059538 0.059538 0.023827
 0.868982 0.054784 0.050030 0.026204
 0.147781 0.076176 0.740331 0.035712
 0.818080 0.084294 0.076176 0.021450
 0.830951 0.064292 0.059538 0.045219
 0.179869 0.083307 0.696358 0.040465
 0.773904 0.078553 0.102323 0.045219
 0.726365 0.076176 0.107077 0.090381
 0.172254 0.109454 0.680203 0.038089
 0.693088 0.126092 0.133223 0.047596
 0.640795 0.159370 0.135600 0.064235
 0.681203 0.135600 0.128469 0.054727
 0.617474 0.183139 0.154167 0.045219
 0.590879 0.145108 0.171254 0.092758
 0.177171 0.518298 0.221280 0.083251

MOTIF 19-CCACGCCCAC STREME-19
letter-probability matrix: alength= 4 w= 10 nsites= 578 E= 2.1e-001
 0.057576 0.927955 0.011856 0.002613
 0.042021 0.856267 0.072938 0.028774
 0.932643 0.000287 0.019429 0.047641
 0.044661 0.923029 0.003082 0.029228
 0.039666 0.017951 0.915577 0.026806
 0.061888 0.887314 0.023245 0.027553
 0.021570 0.958442 0.015104 0.004883
 0.020521 0.861402 0.073573 0.044504
 0.858366 0.099892 0.018136 0.023606
 0.032149 0.855221 0.059231 0.053399

MOTIF 20-CCCAGCCCC STREME-20
letter-probability matrix: alength= 4 w= 9 nsites= 3725 E= 2.3e-001
 0.000107 0.963317 0.000213 0.036363
 0.000107 0.863060 0.104978 0.031855
 0.000107 0.966346 0.033440 0.000107
 0.948911 0.000213 0.050769 0.000107
 0.031148 0.000213 0.949733 0.018906
 0.032982 0.874851 0.092060 0.000107
 0.048032 0.840986 0.057023 0.053960
 0.026689 0.972991 0.000213 0.000107
 0.048059 0.715641 0.057312 0.178988

MOTIF 21-GAGTGCAGTGGC STREME-21
letter-probability matrix: alength= 4 w= 12 nsites= 66 E= 3.6e-001
 0.103606 0.000826 0.877954 0.017613
 0.997934 0.000826 0.000826 0.000415
 0.034812 0.000826 0.946749 0.017613
 0.000415 0.000826 0.000826 0.997934
 0.000415 0.000826 0.981146 0.017613
 0.000415 0.998345 0.000826 0.000415
 0.997934 0.000826 0.000826 0.000415
 0.120805 0.000826 0.860756 0.017613
 0.000415 0.000826 0.000826 0.997934
 0.000415 0.000826 0.998345 0.000415
 0.000415 0.000826 0.981146 0.017613
 0.000415 0.774763 0.000826 0.223997

MOTIF 22-CTCGGGGAC STREME-22
letter-probability matrix: alength= 4 w= 9 nsites= 772 E= 4.4e-001
 0.006771 0.764166 0.075539 0.153524
 0.000204 0.047382 0.133833 0.818581
 0.117915 0.733944 0.000406 0.147735
 0.000204 0.000406 0.999185 0.000204
 0.000204 0.000406 0.999185 0.000204
 0.026475 0.025814 0.759462 0.188249
 0.000204 0.000406 0.999185 0.000204
 0.869681 0.089418 0.000406 0.040495
 0.000204 0.985241 0.000406 0.014148

MOTIF 23-CCCAGCTACTCA STREME-23
letter-probability matrix: alength= 4 w= 12 nsites= 89 E= 5.0e-001
 0.018283 0.980429 0.000857 0.000431
 0.000431 0.998282 0.000857 0.000431
 0.000431 0.998282 0.000857 0.000431
 0.976564 0.000857 0.018710 0.003870
 0.036135 0.018710 0.926872 0.018283
 0.000431 0.909020 0.036562 0.053988
 0.000431 0.000857 0.000857 0.997855
 0.997855 0.000857 0.000857 0.000431
 0.000431 0.962577 0.018710 0.018283
 0.107545 0.018710 0.018710 0.855036
 0.000431 0.980429 0.000857 0.018283
 0.646555 0.030815 0.322200 0.000431

MOTIF 24-CCGAGGCC STREME-24
letter-probability matrix: alength= 4 w= 8 nsites= 410 E= 5.5e-001
 0.015200 0.939345 0.030255 0.015200
 0.015200 0.939345 0.030255 0.015200
 0.015200 0.030255 0.939345 0.015200
 0.924291 0.030255 0.030255 0.015200
 0.015200 0.030255 0.939345 0.015200
 0.015200 0.030255 0.939345 0.015200
 0.015200 0.939345 0.030255 0.015200
 0.015200 0.939345 0.030255 0.015200

MOTIF 25-AGCCAATCRS STREME-25
letter-probability matrix: alength= 4 w= 10 nsites= 372 E= 6.0e-001
 0.734641 0.000234 0.265007 0.000118
 0.180385 0.022880 0.784237 0.012498
 0.000118 0.999531 0.000234 0.000118
 0.021127 0.944300 0.000234 0.034339
 0.999415 0.000234 0.000234 0.000118
 0.999415 0.000234 0.000234 0.000118
 0.000118 0.000234 0.000234 0.999415
 0.009864 0.678790 0.267372 0.043975
 0.561344 0.084565 0.353973 0.000118
 0.069441 0.373189 0.557252 0.000118

MOTIF 26-AABAAA STREME-26
letter-probability matrix: alength= 4 w= 6 nsites= 885 E= 6.6e-001
 0.796106 0.000448 0.000448 0.202997
 0.998878 0.000448 0.000448 0.000225
 0.000225 0.451401 0.274102 0.274272
 0.930454 0.000448 0.000448 0.068650
 0.998878 0.000448 0.000448 0.000225
 0.998878 0.000448 0.000448 0.000225

MOTIF 27-ADDTAA STREME-27
letter-probability matrix: alength= 4 w= 6 nsites= 1427 E= 7.1e-001
 0.997352 0.001058 0.001058 0.000532
 0.309896 0.010164 0.399904 0.280035
 0.251282 0.001058 0.488873 0.258787
 0.000532 0.001058 0.001058 0.997352
 0.997352 0.001058 0.001058 0.000532
 0.997352 0.001058 0.001058 0.000532

MOTIF 28-CTCGGCTCACTGC STREME-28
letter-probability matrix: alength= 4 w= 13 nsites= 91 E= 7.2e-001
 0.050074 0.949028 0.000597 0.000300
 0.062518 0.000597 0.000597 0.936287
 0.000300 0.792979 0.075259 0.131462
 0.099849 0.000597 0.729050 0.170504
 0.099849 0.000597 0.874367 0.025187
 0.000300 0.973915 0.000597 0.025187
 0.012744 0.000597 0.000597 0.986061
 0.000300 0.915703 0.083696 0.000300
 0.861626 0.000597 0.137477 0.000300
 0.000300 0.961472 0.025485 0.012744
 0.025187 0.000597 0.000597 0.973618
 0.012744 0.000597 0.986359 0.000300
 0.000300 0.998802 0.000597 0.000300

MOTIF 29-GCTCCGCCCC STREME-29
letter-probability matrix: alength= 4 w= 10 nsites= 208 E= 8.0e-001
 0.000470 0.000935 0.998125 0.000470
 0.024894 0.973700 0.000935 0.000470
 0.000470 0.000935 0.000935 0.997659
 0.035215 0.963380 0.000935 0.000470
 0.000470 0.835134 0.163926 0.000470
 0.000470 0.000935 0.998125 0.000470
 0.045876 0.952718 0.000935 0.000470
 0.000470 0.998125 0.000935 0.000470
 0.000470 0.998125 0.000935 0.000470
 0.000470 0.998125 0.000935 0.000470

MOTIF 30-GTGACGTSR STREME-30
letter-probability matrix: alength= 4 w= 9 nsites= 595 E= 8.7e-001
 0.178086 0.022952 0.745624 0.053338
 0.000101 0.041971 0.000201 0.957726
 0.015052 0.303007 0.615218 0.066723
 0.999496 0.000201 0.000201 0.000101
 0.000101 0.999596 0.000201 0.000101
 0.044616 0.077485 0.877798 0.000101
 0.000101 0.000201 0.000201 0.999496
 0.199008 0.472323 0.262512 0.066158
 0.630726 0.000201 0.368972 0.000101

MOTIF 31-CCAAGTCCC STREME-31
letter-probability matrix: alength= 4 w= 9 nsites= 397 E= 1.0e+000
 0.083816 0.853441 0.000771 0.061972
 0.000387 0.887276 0.040090 0.072247
 0.998071 0.000771 0.000771 0.000387
 0.883167 0.115675 0.000771 0.000387
 0.000387 0.000771 0.998455 0.000387
 0.000387 0.000771 0.000771 0.998071
 0.213169 0.785673 0.000771 0.000387
 0.027594 0.872037 0.047771 0.052598
 0.103694 0.860677 0.035243 0.000387

MOTIF 32-AGGAAG STREME-32
letter-probability matrix: alength= 4 w= 6 nsites= 2168 E= 1.0e+000
 0.924291 0.030255 0.030255 0.015200
 0.015200 0.030255 0.939345 0.015200
 0.015200 0.030255 0.939345 0.015200
 0.924291 0.030255 0.030255 0.015200
 0.924291 0.030255 0.030255 0.015200
 0.015200 0.030255 0.939345 0.015200

MOTIF 33-GGGAAGGGA STREME-33
letter-probability matrix: alength= 4 w= 9 nsites= 1581 E= 1.2e+000
 0.295378 0.000311 0.704154 0.000156
 0.126532 0.000311 0.873000 0.000156
 0.083343 0.000311 0.914376 0.001970
 0.920408 0.068530 0.000311 0.010750
 0.787461 0.053460 0.048081 0.110997
 0.046247 0.007486 0.942489 0.003779
 0.004500 0.087169 0.830787 0.077543
 0.005822 0.000311 0.989052 0.004816
 0.849209 0.000311 0.133296 0.017184

MOTIF 34-TGASTCA STREME-34
letter-probability matrix: alength= 4 w= 7 nsites= 433 E= 1.2e+000
 0.001073 0.002135 0.002135 0.994658
 0.001073 0.002135 0.932080 0.064712
 0.994658 0.002135 0.002135 0.001073
 0.058529 0.441471 0.441471 0.058529
 0.001073 0.002135 0.002135 0.994658
 0.064712 0.932080 0.002135 0.001073
 0.994658 0.002135 0.002135 0.001073

MOTIF 35-CGGAAGTGACGB STREME-35
letter-probability matrix: alength= 4 w= 12 nsites= 444 E= 1.4e+000
 0.096702 0.804897 0.093919 0.004482
 0.030678 0.002321 0.966948 0.000053
 0.017818 0.015607 0.959878 0.006696
 0.954528 0.023169 0.011178 0.011125
 0.971324 0.015607 0.001025 0.012044
 0.038616 0.006373 0.954957 0.000053
 0.002268 0.012680 0.002747 0.982306
 0.089596 0.084071 0.776645 0.049688
 0.533161 0.207847 0.190464 0.068528
 0.082527 0.555427 0.241421 0.120626
 0.054991 0.117434 0.681905 0.145669
 0.087120 0.279577 0.379265 0.254037

MOTIF 36-AAATTAGC STREME-36
letter-probability matrix: alength= 4 w= 8 nsites= 59 E= 1.4e+000
 0.924291 0.030255 0.030255 0.015200
 0.924291 0.030255 0.030255 0.015200
 0.924291 0.030255 0.030255 0.015200
 0.015200 0.030255 0.030255 0.924291
 0.015200 0.030255 0.030255 0.924291
 0.924291 0.030255 0.030255 0.015200
 0.015200 0.030255 0.939345 0.015200
 0.015200 0.939345 0.030255 0.015200

MOTIF 37-AGCCTGGGCRACA STREME-37
letter-probability matrix: alength= 4 w= 13 nsites= 92 E= 1.4e+000
 0.998605 0.000557 0.000557 0.000280
 0.011888 0.000557 0.987274 0.000280
 0.023497 0.940840 0.000557 0.035105
 0.000280 0.975666 0.000557 0.023497
 0.000280 0.000557 0.000557 0.998605
 0.023497 0.000557 0.975666 0.000280
 0.104756 0.000557 0.894407 0.000280
 0.023497 0.255943 0.720280 0.000280
 0.000280 0.824756 0.000557 0.174407
 0.580702 0.000557 0.418461 0.000280
 0.998605 0.000557 0.000557 0.000280
 0.046714 0.940840 0.000557 0.011888
 0.998605 0.000557 0.000557 0.000280

MOTIF 38-ACCCGGAAGCV STREME-38
letter-probability matrix: alength= 4 w= 11 nsites= 145 E= 1.5e+000
 0.998566 0.000573 0.000573 0.000288
 0.107975 0.891164 0.000573 0.000288
 0.076852 0.700203 0.000573 0.222372
 0.000288 0.998851 0.000573 0.000288
 0.000288 0.058101 0.941323 0.000288
 0.000288 0.000573 0.998851 0.000288
 0.998566 0.000573 0.000573 0.000288
 0.720048 0.098370 0.000573 0.181009
 0.000288 0.000573 0.998851 0.000288
 0.025853 0.789306 0.000573 0.184268
 0.279900 0.429543 0.290269 0.000288

MOTIF 39-TGGGAA STREME-39
letter-probability matrix: alength= 4 w= 6 nsites= 1567 E= 1.6e+000
 0.015200 0.030255 0.030255 0.924291
 0.015200 0.030255 0.939345 0.015200
 0.015200 0.030255 0.939345 0.015200
 0.015200 0.030255 0.939345 0.015200
 0.924291 0.030255 0.030255 0.015200
 0.924291 0.030255 0.030255 0.015200

MOTIF 40-TGGGGACA STREME-40
letter-probability matrix: alength= 4 w= 8 nsites= 263 E= 1.9e+000
 0.015200 0.030255 0.030255 0.924291
 0.015200 0.030255 0.939345 0.015200
 0.015200 0.030255 0.939345 0.015200
 0.015200 0.030255 0.939345 0.015200
 0.015200 0.030255 0.939345 0.015200
 0.924291 0.030255 0.030255 0.015200
 0.015200 0.939345 0.030255 0.015200
 0.924291 0.030255 0.030255 0.015200

MOTIF 41-GRAGGAGGAGG STREME-41
letter-probability matrix: alength= 4 w= 11 nsites= 902 E= 2.0e+000
 0.000119 0.056685 0.943076 0.000119
 0.355257 0.000237 0.644386 0.000119
 0.999406 0.000237 0.000237 0.000119
 0.166586 0.000237 0.833058 0.000119
 0.000119 0.000237 0.999524 0.000119
 0.775960 0.000237 0.000237 0.223565
 0.265928 0.000237 0.733715 0.000119
 0.000119 0.000237 0.999524 0.000119
 0.674263 0.325381 0.000237 0.000119
 0.140608 0.020349 0.838924 0.000119
 0.244886 0.053440 0.701555 0.000119

MOTIF 42-AGCGCGGAGCC STREME-42
letter-probability matrix: alength= 4 w= 11 nsites= 299 E= 2.1e+000
 0.876552 0.000488 0.055696 0.067264
 0.160105 0.014804 0.604719 0.220372
 0.000245 0.937372 0.062138 0.000245
 0.030757 0.087803 0.881194 0.000245
 0.002205 0.997062 0.000488 0.000245
 0.023007 0.000488 0.919121 0.057384
 0.027483 0.000488 0.961613 0.010416
 0.830619 0.091790 0.077346 0.000245
 0.014637 0.000488 0.964288 0.020587
 0.046096 0.885560 0.028784 0.039561
 0.000245 0.977280 0.022230 0.000245

MOTIF 43-CAAGGTCA STREME-43
letter-probability matrix: alength= 4 w= 8 nsites= 540 E= 2.1e+000
 0.034500 0.932799 0.012378 0.020324
 0.880792 0.000528 0.105349 0.013331
 0.934676 0.034703 0.024942 0.005679
 0.080428 0.036277 0.845501 0.037794
 0.001300 0.005045 0.992580 0.001075
 0.055224 0.061087 0.050525 0.833164
 0.000265 0.893183 0.105408 0.001144
 0.895165 0.011489 0.019246 0.074099

MOTIF 44-GTTGCTAWG STREME-44
letter-probability matrix: alength= 4 w= 9 nsites= 180 E= 3.4e+000
 0.042361 0.089254 0.868065 0.000320
 0.000320 0.000637 0.000637 0.998405
 0.000320 0.000637 0.000637 0.998405
 0.098112 0.000637 0.900930 0.000320
 0.000320 0.962701 0.000637 0.036342
 0.000320 0.213110 0.000637 0.785933
 0.904535 0.000637 0.000637 0.094190
 0.491756 0.000637 0.124563 0.383043
 0.053417 0.038205 0.881509 0.026869

MOTIF 45-AGAATCGCTTGAACC STREME-45
letter-probability matrix: alength= 4 w= 15 nsites= 58 E= 5.8e+000
 0.979469 0.019209 0.000880 0.000442
 0.026378 0.055866 0.917314 0.000442
 0.832840 0.019209 0.147509 0.000442
 0.979469 0.000880 0.019209 0.000442
 0.000442 0.037537 0.000880 0.961140
 0.000442 0.631662 0.184167 0.183729
 0.092086 0.037537 0.778292 0.092086
 0.000442 0.906592 0.000880 0.092086
 0.055428 0.037537 0.092523 0.814511
 0.000442 0.019209 0.037537 0.942812
 0.018771 0.000880 0.979907 0.000442
 0.961140 0.000880 0.019209 0.018771
 0.832840 0.000880 0.165838 0.000442
 0.000442 0.943250 0.000880 0.055428
 0.018771 0.924921 0.000880 0.055428

MOTIF 46-TCTCGCGAGAKYT STREME-46
letter-probability matrix: alength= 4 w= 13 nsites= 57 E= 1.2e+001
 0.018915 0.037825 0.000887 0.942373
 0.185137 0.813530 0.000887 0.000446
 0.000446 0.000887 0.019356 0.979312
 0.000446 0.979753 0.000887 0.018915
 0.018915 0.000887 0.979753 0.000446
 0.000446 0.998222 0.000887 0.000446
 0.000446 0.000887 0.998222 0.000446
 0.942373 0.000887 0.056294 0.000446
 0.000446 0.000887 0.832000 0.166668
 0.868497 0.000887 0.111702 0.018915
 0.000446 0.167109 0.277924 0.554521
 0.000446 0.333332 0.056294 0.609928
 0.074322 0.222517 0.130171 0.572990

********************************************************************************
Stopped because 3 consecutive motifs exceeded the p-value threshold (0.05).
********************************************************************************
COMMAND:	streme --verbosity 1 --oc meme_out_incomplete_DL/HepG2_AGO1-human_ENCFF130JQD/streme_out -dna --seed 0 --p meme_out_incomplete_DL/HepG2_AGO1-human_ENCFF130JQD/seqs-centered --minw 6 --maxw 15 --time 6186 --order 2 --thresh 0.05 --align center --totallength 4000000 --parse-genomic-coord
********************************************************************************
CPU:		9f05ee173ae9
********************************************************************************
FINALTIME:	1203.83 seconds
********************************************************************************
