********************************************************************************
STREME - Sensitive, Thorough, Rapid, Enriched Motif Elicitation
********************************************************************************
MEME version 5.5.3 (Release date: Sat Jun 10 16:19:38 2023 -0700)

For further information on how to interpret these results please access http://localhost:8080/meme_5.5.3.
To get a copy of the MEME Suite software please access https://meme-suite.org.

********************************************************************************


********************************************************************************
REFERENCE
********************************************************************************
If you use this program in your research, please cite:

Timothy L. Bailey,
"STREME: accurate and versatile sequence motif discovery",
Bioinformatics, Mar. 24, 2021.
********************************************************************************


ALPHABET= ACGT

strands: + -

Background letter frequencies
A 0.247 C 0.253 G 0.253 T 0.247 

MOTIF 1-YHWTGTTTACWYWDB STREME-1
letter-probability matrix: alength= 4 w= 15 nsites= 11626 E= 1.7e-234
 0.165233 0.404907 0.199648 0.230212
 0.211957 0.256354 0.147319 0.384370
 0.228835 0.193726 0.177767 0.399673
 0.000003 0.000102 0.000004 0.999891
 0.264121 0.000004 0.735872 0.000003
 0.000003 0.000004 0.000004 0.999989
 0.000003 0.000004 0.039141 0.960852
 0.000003 0.000004 0.177480 0.822513
 0.820972 0.000004 0.179021 0.000003
 0.002360 0.872244 0.000298 0.125097
 0.336497 0.216236 0.005208 0.442058
 0.071562 0.302950 0.084345 0.541143
 0.490821 0.014774 0.043339 0.451066
 0.240671 0.161263 0.364649 0.233418
 0.137345 0.270774 0.276361 0.315520

MOTIF 2-TGTAAACA STREME-2
letter-probability matrix: alength= 4 w= 8 nsites= 2439 E= 1.5e-020
 0.135523 0.054200 0.173356 0.636921
 0.000054 0.000055 0.999837 0.000054
 0.000054 0.041855 0.000055 0.958036
 0.682954 0.316936 0.000055 0.000054
 0.758301 0.241589 0.000055 0.000054
 0.999835 0.000055 0.000055 0.000054
 0.000054 0.826778 0.000055 0.173112
 0.972488 0.000055 0.007955 0.019502

MOTIF 3-CCASYAGRKGGCR STREME-3
letter-probability matrix: alength= 4 w= 13 nsites= 1129 E= 2.7e-019
 0.076563 0.824970 0.028097 0.070370
 0.000036 0.995897 0.004032 0.000036
 0.781878 0.025422 0.132448 0.060252
 0.009025 0.603113 0.374842 0.013021
 0.093048 0.511754 0.056088 0.339110
 0.961179 0.022637 0.002748 0.013435
 0.000036 0.005445 0.992486 0.002033
 0.456096 0.000036 0.543832 0.000036
 0.018108 0.027420 0.507792 0.446680
 0.003032 0.000036 0.996896 0.000036
 0.009440 0.000036 0.912503 0.078021
 0.060530 0.832446 0.004032 0.102992
 0.430478 0.011794 0.533113 0.024615

MOTIF 4-GCCCCTCCCCCA STREME-4
letter-probability matrix: alength= 4 w= 12 nsites= 1622 E= 1.5e-018
 0.106796 0.071925 0.723369 0.097910
 0.001631 0.990456 0.000032 0.007880
 0.004340 0.982744 0.003999 0.008917
 0.000031 0.999905 0.000032 0.000031
 0.036757 0.885448 0.000915 0.076880
 0.089664 0.000032 0.261685 0.648619
 0.000031 0.999905 0.000032 0.000031
 0.000031 0.999905 0.000032 0.000031
 0.000031 0.930177 0.000032 0.069760
 0.026686 0.918653 0.025318 0.029342
 0.018639 0.891836 0.034613 0.054912
 0.569759 0.137095 0.128375 0.164771

MOTIF 5-CAAAGTYCAK STREME-5
letter-probability matrix: alength= 4 w= 10 nsites= 2268 E= 9.0e-017
 0.000051 0.980398 0.000052 0.019499
 0.970128 0.000052 0.029769 0.000051
 0.850621 0.000052 0.126097 0.023230
 0.985118 0.000052 0.014779 0.000051
 0.000051 0.000052 0.999846 0.000051
 0.000051 0.000052 0.210299 0.789599
 0.016924 0.574333 0.000052 0.408690
 0.000051 0.955776 0.000052 0.044121
 0.930676 0.006382 0.001479 0.061463
 0.154851 0.188410 0.377132 0.279607

MOTIF 6-CAAGCCTSRGCAATG STREME-6
letter-probability matrix: alength= 4 w= 15 nsites= 843 E= 4.7e-016
 0.000046 0.946709 0.025975 0.027270
 0.738214 0.227449 0.025975 0.008362
 0.990785 0.005233 0.003936 0.000046
 0.011713 0.005233 0.979119 0.003935
 0.000046 0.970044 0.007826 0.022084
 0.003935 0.959673 0.013011 0.023381
 0.009121 0.010418 0.002640 0.977821
 0.014306 0.382474 0.591506 0.011713
 0.395437 0.005233 0.597988 0.001343
 0.007066 0.032994 0.959893 0.000046
 0.003935 0.823555 0.002640 0.169870
 0.893557 0.005233 0.098571 0.002639
 0.977821 0.003936 0.014307 0.003935
 0.001343 0.215023 0.006529 0.777105
 0.216318 0.002640 0.769328 0.011713

MOTIF 7-CCAGTTCGAGCTTCC STREME-7
letter-probability matrix: alength= 4 w= 15 nsites= 636 E= 1.5e-015
 0.003583 0.983969 0.005345 0.007103
 0.000063 0.983969 0.007105 0.008863
 0.989248 0.001824 0.001824 0.007103
 0.017664 0.008865 0.959328 0.014144
 0.001823 0.008865 0.000064 0.989248
 0.000063 0.008865 0.001824 0.989248
 0.014144 0.654828 0.117992 0.213037
 0.158473 0.047587 0.779796 0.014144
 0.969887 0.007105 0.000064 0.022944
 0.183115 0.005345 0.811478 0.000063
 0.003583 0.975169 0.007105 0.014144
 0.001823 0.000064 0.000064 0.998049
 0.000063 0.001824 0.003585 0.994528
 0.000063 0.969888 0.007105 0.022944
 0.010623 0.973409 0.001824 0.014144

MOTIF 8-AGCCCACCACAGCTC STREME-8
letter-probability matrix: alength= 4 w= 15 nsites= 551 E= 1.4e-014
 0.979626 0.000074 0.018214 0.002087
 0.018212 0.004105 0.961488 0.016196
 0.002087 0.945363 0.008136 0.044414
 0.010149 0.951410 0.006120 0.032320
 0.006118 0.969550 0.002089 0.022243
 0.987688 0.000074 0.002089 0.010149
 0.010149 0.969550 0.006120 0.014181
 0.012165 0.832493 0.000074 0.155269
 0.685356 0.004105 0.300389 0.010149
 0.000072 0.987690 0.002089 0.010149
 0.997765 0.000074 0.002089 0.000072
 0.002087 0.002089 0.995752 0.000072
 0.010149 0.953425 0.002089 0.034336
 0.008134 0.002089 0.002089 0.987688
 0.008134 0.979627 0.004105 0.008134

MOTIF 9-GTCTGAGATCAAACT STREME-9
letter-probability matrix: alength= 4 w= 15 nsites= 520 E= 9.2e-013
 0.018218 0.006959 0.970719 0.004104
 0.006120 0.014187 0.008139 0.971554
 0.000072 0.971555 0.018220 0.010153
 0.008137 0.034350 0.002090 0.955424
 0.026283 0.006122 0.967523 0.000072
 0.989700 0.002090 0.006122 0.002088
 0.081558 0.006122 0.912248 0.000072
 0.884019 0.032333 0.083576 0.000072
 0.006120 0.020236 0.004106 0.969537
 0.010153 0.874776 0.026285 0.088786
 0.756996 0.032333 0.200518 0.010153
 0.969537 0.002090 0.024268 0.004104
 0.703395 0.254119 0.006122 0.036364
 0.004104 0.969539 0.008139 0.018218
 0.025103 0.022252 0.008139 0.944506

MOTIF 10-ATTGCAYAAY STREME-10
letter-probability matrix: alength= 4 w= 10 nsites= 2423 E= 4.5e-012
 0.588876 0.134768 0.276313 0.000044
 0.000044 0.000045 0.000045 0.999867
 0.000044 0.000045 0.000045 0.999867
 0.139529 0.000045 0.639233 0.221194
 0.000044 0.999868 0.000045 0.000044
 0.573680 0.088510 0.105072 0.232738
 0.091014 0.438137 0.000045 0.470805
 0.785914 0.213997 0.000045 0.000044
 0.999867 0.000045 0.000045 0.000044
 0.000044 0.478943 0.104203 0.416810

MOTIF 11-CAAGGCGGCAGCGA STREME-11
letter-probability matrix: alength= 4 w= 14 nsites= 482 E= 1.1e-011
 0.000085 0.992568 0.000087 0.007260
 0.966259 0.004870 0.028786 0.000085
 0.987783 0.000087 0.007262 0.004868
 0.007260 0.004870 0.987785 0.000085
 0.009651 0.002479 0.980610 0.007260
 0.012043 0.796463 0.007262 0.184232
 0.251195 0.016828 0.547745 0.184232
 0.009651 0.000087 0.990176 0.000085
 0.000085 0.994959 0.000087 0.004868
 0.987783 0.002479 0.009653 0.000085
 0.016826 0.000087 0.980610 0.002477
 0.000085 0.729501 0.024003 0.246412
 0.131619 0.076616 0.789289 0.002477
 0.985391 0.000087 0.014436 0.000085

MOTIF 12-ACRGAGTCTYGCTS STREME-12
letter-probability matrix: alength= 4 w= 14 nsites= 472 E= 5.3e-010
 0.978927 0.000085 0.013966 0.007023
 0.000082 0.779964 0.004712 0.215242
 0.416736 0.016279 0.559962 0.007023
 0.090311 0.002398 0.907209 0.000082
 0.840114 0.011652 0.145838 0.002396
 0.067175 0.004712 0.925717 0.002396
 0.000082 0.246280 0.002398 0.751239
 0.004709 0.967361 0.002398 0.025531
 0.004709 0.000085 0.000085 0.995122
 0.007023 0.641896 0.025534 0.325547
 0.222183 0.048669 0.707284 0.021864
 0.000082 0.960420 0.000085 0.039413
 0.016277 0.018593 0.002398 0.962732
 0.034786 0.613389 0.314727 0.037099

MOTIF 13-VVTGASTCABB STREME-13
letter-probability matrix: alength= 4 w= 11 nsites= 1229 E= 1.2e-009
 0.254964 0.224088 0.386545 0.134402
 0.432197 0.224069 0.328743 0.014991
 0.000061 0.000062 0.000062 0.999814
 0.000061 0.000062 0.951520 0.048356
 0.984218 0.015658 0.000062 0.000061
 0.033757 0.466243 0.466243 0.033757
 0.000061 0.000062 0.015658 0.984218
 0.048356 0.951520 0.000062 0.000061
 0.999814 0.000062 0.000062 0.000061
 0.014991 0.328743 0.224069 0.432197
 0.134402 0.386545 0.224088 0.254964

MOTIF 14-CCTGCCTCTGTAGRC STREME-14
letter-probability matrix: alength= 4 w= 15 nsites= 409 E= 2.3e-009
 0.256195 0.677517 0.049668 0.016620
 0.002852 0.983181 0.005608 0.008359
 0.000098 0.000101 0.008362 0.991440
 0.011113 0.000101 0.983181 0.005606
 0.000098 0.963905 0.000101 0.035896
 0.005606 0.966659 0.016623 0.011113
 0.019374 0.002854 0.000101 0.977671
 0.000098 0.963905 0.002854 0.033143
 0.000098 0.008362 0.000101 0.991440
 0.079956 0.184600 0.727084 0.008359
 0.000098 0.016623 0.000101 0.983178
 0.994193 0.000101 0.005608 0.000098
 0.002852 0.002854 0.994196 0.000098
 0.424172 0.000101 0.570122 0.005606
 0.005606 0.776651 0.000101 0.217642

MOTIF 15-CCAAGGTCAC STREME-15
letter-probability matrix: alength= 4 w= 10 nsites= 1668 E= 4.4e-009
 0.087455 0.618952 0.048480 0.245114
 0.000061 0.971441 0.000063 0.028435
 0.874378 0.030643 0.094918 0.000061
 0.969018 0.013321 0.016701 0.000960
 0.026487 0.046913 0.916287 0.010314
 0.014131 0.002222 0.983586 0.000061
 0.041594 0.165483 0.021335 0.771588
 0.017124 0.911197 0.025504 0.046175
 0.947591 0.025136 0.000655 0.026619
 0.111121 0.568566 0.114380 0.205932

MOTIF 16-AAAACAAACAN STREME-16
letter-probability matrix: alength= 4 w= 11 nsites= 1014 E= 3.2e-008
 0.689717 0.000070 0.000070 0.310144
 0.770680 0.000070 0.229182 0.000068
 0.844687 0.000070 0.155175 0.000068
 0.825883 0.031185 0.000070 0.142863
 0.000068 0.999794 0.000070 0.000068
 0.957170 0.042692 0.000070 0.000068
 0.999793 0.000070 0.000070 0.000068
 0.999793 0.000070 0.000070 0.000068
 0.000068 0.774186 0.000070 0.225677
 0.999793 0.000070 0.000070 0.000068
 0.370247 0.197341 0.222738 0.209673

MOTIF 17-CRTGAGCCACYGCGC STREME-17
letter-probability matrix: alength= 4 w= 15 nsites= 295 E= 3.3e-008
 0.003936 0.866584 0.000139 0.129342
 0.342153 0.011539 0.638572 0.007736
 0.022936 0.022940 0.000139 0.953985
 0.022936 0.000139 0.972989 0.003936
 0.984386 0.007739 0.007739 0.000135
 0.003936 0.011539 0.980590 0.003936
 0.000135 0.995790 0.003939 0.000135
 0.000135 0.991990 0.000139 0.007736
 0.995787 0.000139 0.000139 0.003936
 0.000135 0.988190 0.000139 0.011536
 0.026737 0.623371 0.026740 0.323152
 0.201546 0.003939 0.771579 0.022936
 0.007736 0.680374 0.011539 0.300351
 0.277550 0.026740 0.668973 0.026737
 0.003936 0.953988 0.003939 0.038137

MOTIF 18-CCTGTAATCCCAGC STREME-18
letter-probability matrix: alength= 4 w= 14 nsites= 459 E= 5.1e-008
 0.019317 0.922827 0.008337 0.049519
 0.011080 0.940907 0.013828 0.034184
 0.005589 0.022065 0.000100 0.972246
 0.079720 0.011083 0.903608 0.005589
 0.002843 0.031441 0.013828 0.951887
 0.964476 0.008337 0.021598 0.005589
 0.900860 0.000100 0.096196 0.002843
 0.008335 0.020459 0.005591 0.965615
 0.002843 0.961266 0.002846 0.033045
 0.003983 0.940907 0.002846 0.052264
 0.000098 0.922827 0.000100 0.076974
 0.985974 0.008337 0.005591 0.000098
 0.072623 0.008337 0.916197 0.002843
 0.005589 0.972248 0.002846 0.019317

MOTIF 19-TGCTAGCACAGCA STREME-19
letter-probability matrix: alength= 4 w= 13 nsites= 403 E= 1.5e-007
 0.002821 0.005547 0.002823 0.988809
 0.008268 0.005547 0.986088 0.000097
 0.005544 0.991535 0.002823 0.000097
 0.005544 0.095430 0.000099 0.898926
 0.991533 0.000099 0.000099 0.008268
 0.005544 0.000099 0.994259 0.000097
 0.002821 0.926166 0.000099 0.070914
 0.866242 0.008271 0.114496 0.010992
 0.002821 0.988812 0.000099 0.008268
 0.994257 0.002823 0.002823 0.000097
 0.005544 0.005547 0.986088 0.002821
 0.000097 0.988812 0.010994 0.000097
 0.986085 0.000099 0.013718 0.000097

MOTIF 20-AGATCAAAG STREME-20
letter-probability matrix: alength= 4 w= 9 nsites= 1189 E= 5.8e-007
 0.912694 0.000120 0.046393 0.040793
 0.000117 0.181342 0.818423 0.000117
 0.762835 0.000120 0.000120 0.236924
 0.128341 0.029218 0.000120 0.842321
 0.000117 0.848746 0.151019 0.000117
 0.994562 0.000120 0.005201 0.000117
 0.999642 0.000120 0.000120 0.000117
 0.941473 0.008498 0.034060 0.015969
 0.000117 0.034539 0.965226 0.000117

MOTIF 21-CCTCRGCCTCCCAAA STREME-21
letter-probability matrix: alength= 4 w= 15 nsites= 362 E= 1.1e-006
 0.000108 0.917745 0.009214 0.072933
 0.003142 0.932917 0.006180 0.057761
 0.000108 0.015283 0.000111 0.984498
 0.021349 0.723547 0.006180 0.248925
 0.429211 0.039557 0.525054 0.006177
 0.024383 0.000111 0.975398 0.000108
 0.012245 0.960226 0.012248 0.015280
 0.004402 0.952898 0.012248 0.030452
 0.000108 0.000111 0.000111 0.999670
 0.000108 0.938986 0.000111 0.060795
 0.018314 0.942020 0.000111 0.039555
 0.027417 0.866161 0.015283 0.091139
 0.799403 0.015283 0.185207 0.000108
 0.908640 0.033489 0.057764 0.000108
 0.711407 0.012248 0.270168 0.006177

MOTIF 22-CCCCRCCCC STREME-22
letter-probability matrix: alength= 4 w= 9 nsites= 2185 E= 1.4e-006
 0.000084 0.770652 0.000086 0.229178
 0.000084 0.782070 0.000086 0.217760
 0.000084 0.999745 0.000086 0.000084
 0.000084 0.941122 0.000086 0.058707
 0.592580 0.000086 0.407249 0.000084
 0.124446 0.754740 0.000086 0.120728
 0.000084 0.999745 0.000086 0.000084
 0.000084 0.669878 0.000086 0.329952
 0.113564 0.886265 0.000086 0.000084

MOTIF 23-GCGCATGCGCA STREME-23
letter-probability matrix: alength= 4 w= 11 nsites= 235 E= 1.5e-005
 0.054815 0.019334 0.893790 0.032062
 0.058066 0.902516 0.032068 0.007350
 0.009528 0.006600 0.970912 0.012961
 0.006594 0.983937 0.002875 0.006594
 0.811424 0.091223 0.070885 0.026467
 0.051163 0.075055 0.131255 0.742527
 0.019328 0.012967 0.961112 0.006594
 0.006594 0.981415 0.000233 0.011759
 0.006594 0.009019 0.965059 0.019328
 0.015603 0.888432 0.019334 0.076631
 0.876502 0.007730 0.108560 0.007208

MOTIF 24-AAGGAGGCCTG STREME-24
letter-probability matrix: alength= 4 w= 11 nsites= 271 E= 1.7e-005
 0.931527 0.023018 0.023018 0.022436
 0.931527 0.023018 0.023018 0.022436
 0.022436 0.023018 0.932109 0.022436
 0.022436 0.023018 0.932109 0.022436
 0.931527 0.023018 0.023018 0.022436
 0.022436 0.023018 0.932109 0.022436
 0.022436 0.023018 0.932109 0.022436
 0.022436 0.932109 0.023018 0.022436
 0.022436 0.932109 0.023018 0.022436
 0.022436 0.023018 0.023018 0.931527
 0.022436 0.023018 0.932109 0.022436

MOTIF 25-GYCACGTGRC STREME-25
letter-probability matrix: alength= 4 w= 10 nsites= 326 E= 1.8e-004
 0.167287 0.145313 0.625685 0.061716
 0.068469 0.521918 0.038406 0.371206
 0.002304 0.982907 0.014592 0.000197
 0.966794 0.007785 0.008239 0.017182
 0.000197 0.999403 0.000202 0.000197
 0.000197 0.000202 0.999403 0.000197
 0.017182 0.008239 0.007785 0.966794
 0.000197 0.014592 0.982907 0.002304
 0.371206 0.038406 0.521918 0.068469
 0.061716 0.625685 0.145313 0.167287

MOTIF 26-CTTCCTCCC STREME-26
letter-probability matrix: alength= 4 w= 9 nsites= 1326 E= 2.5e-004
 0.000265 0.967832 0.000272 0.031630
 0.098994 0.260792 0.002835 0.637379
 0.000265 0.111963 0.106871 0.780900
 0.000265 0.973422 0.000272 0.026041
 0.018067 0.981317 0.000351 0.000265
 0.000265 0.000272 0.018127 0.981335
 0.025123 0.846023 0.045921 0.082933
 0.000265 0.972345 0.000272 0.027117
 0.039718 0.900638 0.000272 0.059372

MOTIF 27-AAAACCGCCTACT STREME-27
letter-probability matrix: alength= 4 w= 13 nsites= 140 E= 2.9e-004
 0.966980 0.000388 0.032254 0.000378
 0.966980 0.000388 0.032254 0.000378
 0.988224 0.000388 0.000388 0.011000
 0.988224 0.000388 0.011010 0.000378
 0.000378 0.956368 0.000388 0.042866
 0.000378 0.733306 0.000388 0.265928
 0.255306 0.011010 0.733306 0.000378
 0.000378 0.998856 0.000388 0.000378
 0.000378 0.988234 0.000388 0.011000
 0.000378 0.000388 0.000388 0.998846
 0.988224 0.000388 0.011010 0.000378
 0.000378 0.966990 0.011010 0.021622
 0.011000 0.000388 0.000388 0.988224

MOTIF 28-CCCTTCCC STREME-28
letter-probability matrix: alength= 4 w= 8 nsites= 3848 E= 5.7e-004
 0.033323 0.864119 0.021662 0.080896
 0.061763 0.809264 0.018622 0.110352
 0.009515 0.945782 0.001608 0.043095
 0.013128 0.157910 0.005116 0.823846
 0.013724 0.087921 0.085102 0.813253
 0.000557 0.994273 0.000878 0.004292
 0.000639 0.973799 0.002646 0.022917
 0.002377 0.931878 0.001786 0.063959

MOTIF 29-AGTGCAGTGGYGCRA STREME-29
letter-probability matrix: alength= 4 w= 15 nsites= 230 E= 7.9e-004
 0.980394 0.000174 0.009718 0.009714
 0.205362 0.000174 0.794293 0.000170
 0.000170 0.009718 0.000174 0.989938
 0.100380 0.004946 0.894504 0.000170
 0.000170 0.946995 0.000174 0.052661
 0.985166 0.000174 0.009718 0.004942
 0.129012 0.000174 0.865872 0.004942
 0.000170 0.009718 0.006927 0.983185
 0.033573 0.009718 0.927907 0.028801
 0.081293 0.000174 0.913591 0.004942
 0.014486 0.536610 0.000174 0.448730
 0.240746 0.000174 0.730278 0.028801
 0.000170 0.775206 0.000174 0.224450
 0.634835 0.028806 0.336189 0.000170
 0.989938 0.000174 0.004946 0.004942

MOTIF 30-AAAAAAAAAAARAAA STREME-30
letter-probability matrix: alength= 4 w= 15 nsites= 252 E= 1.0e-003
 0.930934 0.000201 0.068669 0.000196
 0.953072 0.022212 0.019017 0.005699
 0.993899 0.000201 0.000201 0.005699
 0.848591 0.000201 0.151012 0.000196
 0.923584 0.000201 0.076019 0.000196
 0.956480 0.000201 0.043123 0.000196
 0.906056 0.000201 0.093547 0.000196
 0.908343 0.000201 0.091260 0.000196
 0.999402 0.000201 0.000201 0.000196
 0.954321 0.023272 0.000201 0.022207
 0.999402 0.000201 0.000201 0.000196
 0.610170 0.000201 0.383930 0.005699
 0.907459 0.000201 0.059128 0.033212
 0.959377 0.000201 0.040226 0.000196
 0.852242 0.023652 0.107250 0.016856

MOTIF 31-WAWGTAAAC STREME-31
letter-probability matrix: alength= 4 w= 9 nsites= 745 E= 1.8e-003
 0.510734 0.000186 0.000186 0.488895
 0.746434 0.000186 0.253199 0.000181
 0.532158 0.054612 0.060743 0.352487
 0.000181 0.035210 0.964428 0.000181
 0.000181 0.000186 0.000186 0.999447
 0.953739 0.045894 0.000186 0.000181
 0.772996 0.226638 0.000186 0.000181
 0.999447 0.000186 0.000186 0.000181
 0.000181 0.879157 0.000186 0.120476

MOTIF 32-CACTTCCTG STREME-32
letter-probability matrix: alength= 4 w= 9 nsites= 1670 E= 2.1e-003
 0.061347 0.795611 0.064423 0.078620
 0.888291 0.023203 0.041136 0.047371
 0.007189 0.932480 0.019486 0.040846
 0.066953 0.000149 0.014816 0.918081
 0.000745 0.000149 0.000149 0.998956
 0.002219 0.982036 0.010353 0.005391
 0.000294 0.992973 0.005746 0.000986
 0.001416 0.040261 0.213981 0.744342
 0.021032 0.057128 0.905282 0.016558

MOTIF 33-AGATAA STREME-33
letter-probability matrix: alength= 4 w= 6 nsites= 2110 E= 1.4e-002
 0.931527 0.023018 0.023018 0.022436
 0.022436 0.023018 0.932109 0.022436
 0.931527 0.023018 0.023018 0.022436
 0.022436 0.023018 0.023018 0.931527
 0.931527 0.023018 0.023018 0.022436
 0.931527 0.023018 0.023018 0.022436

MOTIF 34-AATCATTAACT STREME-34
letter-probability matrix: alength= 4 w= 11 nsites= 252 E= 2.0e-002
 0.917281 0.000179 0.050972 0.031569
 0.988955 0.007718 0.000179 0.003148
 0.000174 0.078937 0.000179 0.920710
 0.075926 0.495737 0.235937 0.192400
 0.974999 0.000179 0.024648 0.000174
 0.097420 0.014861 0.039330 0.848390
 0.000174 0.010661 0.009967 0.979198
 0.981995 0.000179 0.005833 0.011993
 0.903142 0.026661 0.066526 0.003671
 0.000174 0.959791 0.003519 0.036515
 0.116177 0.220084 0.027095 0.636643

MOTIF 35-CTCAAGTGATCCW STREME-35
letter-probability matrix: alength= 4 w= 13 nsites= 239 E= 3.2e-002
 0.000136 0.852761 0.024659 0.122444
 0.000136 0.000140 0.007784 0.991940
 0.007780 0.980478 0.011606 0.000136
 0.949897 0.000140 0.011606 0.038357
 0.704344 0.034539 0.260981 0.000136
 0.049824 0.000140 0.949901 0.000136
 0.024655 0.265453 0.019250 0.690642
 0.116386 0.007784 0.864227 0.011602
 0.973479 0.022423 0.003962 0.000136
 0.000136 0.106510 0.003962 0.889393
 0.000136 0.875694 0.011606 0.112564
 0.007780 0.919324 0.000140 0.072757
 0.280088 0.000140 0.168313 0.551459

MOTIF 36-ACATTCC STREME-36
letter-probability matrix: alength= 4 w= 7 nsites= 868 E= 4.5e-002
 0.931527 0.023018 0.023018 0.022436
 0.022436 0.932109 0.023018 0.022436
 0.931527 0.023018 0.023018 0.022436
 0.022436 0.023018 0.023018 0.931527
 0.022436 0.023018 0.023018 0.931527
 0.022436 0.932109 0.023018 0.022436
 0.022436 0.932109 0.023018 0.022436

MOTIF 37-WGCAAACAY STREME-37
letter-probability matrix: alength= 4 w= 9 nsites= 954 E= 6.6e-002
 0.446320 0.082013 0.078581 0.393086
 0.000247 0.000253 0.972230 0.027270
 0.000247 0.999254 0.000253 0.000247
 0.999248 0.000253 0.000253 0.000247
 0.999248 0.000253 0.000253 0.000247
 0.999248 0.000253 0.000253 0.000247
 0.000247 0.761801 0.000253 0.237700
 0.968574 0.000253 0.000253 0.030920
 0.121651 0.508691 0.000253 0.369405

MOTIF 38-CACGTG STREME-38
letter-probability matrix: alength= 4 w= 6 nsites= 605 E= 7.2e-002
 0.022436 0.932109 0.023018 0.022436
 0.931527 0.023018 0.023018 0.022436
 0.022436 0.932109 0.023018 0.022436
 0.022436 0.023018 0.932109 0.022436
 0.022436 0.023018 0.023018 0.931527
 0.022436 0.023018 0.932109 0.022436

MOTIF 39-CACACACACACACAC STREME-39
letter-probability matrix: alength= 4 w= 15 nsites= 408 E= 1.2e-001
 0.003509 0.900254 0.006230 0.090007
 0.890000 0.000124 0.109755 0.000121
 0.037397 0.933073 0.000124 0.029407
 0.801386 0.000124 0.187186 0.011304
 0.030619 0.838009 0.013679 0.117692
 0.921690 0.000124 0.078065 0.000121
 0.000121 0.936393 0.000124 0.063362
 0.706602 0.003513 0.269718 0.020167
 0.006898 0.933102 0.017068 0.042933
 0.904332 0.004919 0.080462 0.010287
 0.064507 0.882245 0.051232 0.002016
 0.703540 0.034011 0.213191 0.049258
 0.040786 0.666208 0.017068 0.275939
 0.817468 0.019063 0.158265 0.005204
 0.042441 0.950537 0.003513 0.003509

MOTIF 40-CCCAGAGGTGGA STREME-40
letter-probability matrix: alength= 4 w= 12 nsites= 127 E= 1.3e-001
 0.009605 0.989726 0.000339 0.000330
 0.000330 0.989726 0.009613 0.000330
 0.015893 0.881418 0.028162 0.074526
 0.998992 0.000339 0.000339 0.000330
 0.009605 0.000339 0.961903 0.028154
 0.906247 0.009613 0.000339 0.083801
 0.000330 0.000339 0.999001 0.000330
 0.000330 0.000339 0.980452 0.018879
 0.000330 0.009613 0.000339 0.989718
 0.009605 0.009613 0.971177 0.009605
 0.000330 0.000339 0.989726 0.009605
 0.998992 0.000339 0.000339 0.000330

MOTIF 41-ACCAAGCTCVAGCRT STREME-41
letter-probability matrix: alength= 4 w= 15 nsites= 107 E= 1.5e-001
 0.871665 0.000358 0.117839 0.010139
 0.029719 0.969575 0.000358 0.000349
 0.000349 0.969575 0.010148 0.019929
 0.998936 0.000358 0.000358 0.000349
 0.979356 0.000358 0.000358 0.019929
 0.000349 0.029728 0.969575 0.000349
 0.000349 0.949995 0.000358 0.049299
 0.000349 0.000358 0.010148 0.989146
 0.010139 0.734613 0.108048 0.147200
 0.352791 0.235319 0.352800 0.059089
 0.969566 0.029728 0.000358 0.000349
 0.049299 0.049308 0.901044 0.000349
 0.068879 0.636712 0.019938 0.274471
 0.421322 0.000358 0.509441 0.068879
 0.000349 0.029728 0.000358 0.969566

MOTIF 42-GTTAAWCAKTAACY STREME-42
letter-probability matrix: alength= 4 w= 14 nsites= 226 E= 2.3e-001
 0.094822 0.034582 0.870443 0.000153
 0.021669 0.006246 0.000157 0.971928
 0.004456 0.073310 0.008763 0.913470
 0.952198 0.000157 0.017370 0.030275
 0.788679 0.077613 0.008763 0.124944
 0.629464 0.017370 0.034582 0.318584
 0.126730 0.623379 0.124948 0.124944
 0.877259 0.017370 0.000157 0.105214
 0.137853 0.004460 0.344407 0.513279
 0.030275 0.030279 0.000157 0.939289
 0.640587 0.021673 0.129251 0.208489
 0.898775 0.019156 0.077613 0.004456
 0.118123 0.700835 0.013067 0.167975
 0.191277 0.489982 0.051795 0.266947

MOTIF 43-GATGAGGAAAC STREME-43
letter-probability matrix: alength= 4 w= 11 nsites= 138 E= 2.4e-001
 0.037954 0.000538 0.902052 0.059456
 0.966841 0.000538 0.032096 0.000525
 0.029660 0.030004 0.000538 0.939797
 0.023221 0.000538 0.862596 0.113645
 0.919857 0.000538 0.041651 0.037954
 0.023221 0.000538 0.975716 0.000525
 0.059456 0.113658 0.826361 0.000525
 0.960970 0.023235 0.000538 0.015257
 0.880536 0.044737 0.030004 0.044723
 0.983666 0.000538 0.000538 0.015257
 0.062294 0.776487 0.062307 0.098911

MOTIF 44-CGCCGCCGCCGC STREME-44
letter-probability matrix: alength= 4 w= 12 nsites= 324 E= 2.9e-001
 0.000178 0.959598 0.000183 0.040041
 0.014927 0.000183 0.984712 0.000178
 0.007261 0.911842 0.003482 0.077415
 0.021661 0.827218 0.060928 0.090192
 0.155874 0.012271 0.796223 0.035633
 0.004333 0.838817 0.025645 0.131205
 0.009261 0.924005 0.066556 0.000178
 0.115764 0.000183 0.883875 0.000178
 0.056462 0.876454 0.000183 0.066901
 0.006072 0.935666 0.010602 0.047660
 0.007847 0.000183 0.940310 0.051660
 0.020977 0.867181 0.018441 0.093402

MOTIF 45-TGASSTCA STREME-45
letter-probability matrix: alength= 4 w= 8 nsites= 302 E= 2.9e-001
 0.022436 0.023018 0.023018 0.931527
 0.022436 0.023018 0.932109 0.022436
 0.931527 0.023018 0.023018 0.022436
 0.022436 0.477564 0.477564 0.022436
 0.022436 0.477564 0.477564 0.022436
 0.022436 0.023018 0.023018 0.931527
 0.022436 0.932109 0.023018 0.022436
 0.931527 0.023018 0.023018 0.022436

MOTIF 46-CAAATATTTRCT STREME-46
letter-probability matrix: alength= 4 w= 12 nsites= 407 E= 3.0e-001
 0.047811 0.568447 0.103468 0.280274
 0.890716 0.106275 0.002909 0.000100
 0.999695 0.000103 0.000103 0.000100
 0.999695 0.000103 0.000103 0.000100
 0.000100 0.100242 0.000103 0.899556
 0.999695 0.000103 0.000103 0.000100
 0.000100 0.000103 0.000103 0.999695
 0.000100 0.000103 0.019748 0.980049
 0.183048 0.002909 0.142283 0.671760
 0.349488 0.000103 0.577587 0.072823
 0.000100 0.685801 0.000103 0.313996
 0.084819 0.134049 0.008522 0.772610

MOTIF 47-AGAGAAAGR STREME-47
letter-probability matrix: alength= 4 w= 9 nsites= 873 E= 3.7e-001
 0.947292 0.004774 0.047540 0.000395
 0.098442 0.000405 0.858197 0.042956
 0.998795 0.000405 0.000405 0.000395
 0.000395 0.032946 0.966264 0.000395
 0.758465 0.000405 0.240735 0.000395
 0.959477 0.000405 0.000405 0.039713
 0.885393 0.000405 0.089709 0.024493
 0.000395 0.022595 0.956641 0.020369
 0.292322 0.171554 0.508425 0.027700

MOTIF 48-GGGCGTAGGACCC STREME-48
letter-probability matrix: alength= 4 w= 13 nsites= 122 E= 4.4e-001
 0.009302 0.000328 0.990051 0.000320
 0.000320 0.000328 0.999032 0.000320
 0.009302 0.000328 0.990051 0.000320
 0.000320 0.853594 0.009310 0.136776
 0.215882 0.009310 0.720598 0.054210
 0.000320 0.000328 0.000328 0.999024
 0.819389 0.000328 0.179963 0.000320
 0.000320 0.018292 0.972087 0.009302
 0.009302 0.000328 0.990051 0.000320
 0.981060 0.000328 0.000328 0.018283
 0.018283 0.945142 0.000328 0.036247
 0.009302 0.954124 0.000328 0.036247
 0.000320 0.945142 0.009310 0.045229

MOTIF 49-AAATCAATA STREME-49
letter-probability matrix: alength= 4 w= 9 nsites= 73 E= 4.9e-001
 0.994817 0.001742 0.001742 0.001698
 0.994817 0.001742 0.001742 0.001698
 0.994817 0.001742 0.001742 0.001698
 0.001698 0.001742 0.001742 0.994817
 0.001698 0.994861 0.001742 0.001698
 0.682843 0.001742 0.313717 0.001698
 0.994817 0.001742 0.001742 0.001698
 0.001698 0.001742 0.001742 0.994817
 0.994817 0.001742 0.001742 0.001698

MOTIF 50-CAAAGGGCA STREME-50
letter-probability matrix: alength= 4 w= 9 nsites= 134 E= 6.4e-001
 0.022436 0.932109 0.023018 0.022436
 0.931527 0.023018 0.023018 0.022436
 0.931527 0.023018 0.023018 0.022436
 0.931527 0.023018 0.023018 0.022436
 0.022436 0.023018 0.932109 0.022436
 0.022436 0.023018 0.932109 0.022436
 0.022436 0.023018 0.932109 0.022436
 0.022436 0.932109 0.023018 0.022436
 0.931527 0.023018 0.023018 0.022436

MOTIF 51-CAGGAAG STREME-51
letter-probability matrix: alength= 4 w= 7 nsites= 957 E= 7.1e-001
 0.022436 0.932109 0.023018 0.022436
 0.931527 0.023018 0.023018 0.022436
 0.022436 0.023018 0.932109 0.022436
 0.022436 0.023018 0.932109 0.022436
 0.931527 0.023018 0.023018 0.022436
 0.931527 0.023018 0.023018 0.022436
 0.022436 0.023018 0.932109 0.022436

MOTIF 52-AAATACACA STREME-52
letter-probability matrix: alength= 4 w= 9 nsites= 111 E= 7.3e-001
 0.931527 0.023018 0.023018 0.022436
 0.931527 0.023018 0.023018 0.022436
 0.931527 0.023018 0.023018 0.022436
 0.022436 0.023018 0.023018 0.931527
 0.931527 0.023018 0.023018 0.022436
 0.022436 0.932109 0.023018 0.022436
 0.931527 0.023018 0.023018 0.022436
 0.022436 0.932109 0.023018 0.022436
 0.931527 0.023018 0.023018 0.022436

MOTIF 53-CATTTCC STREME-53
letter-probability matrix: alength= 4 w= 7 nsites= 790 E= 7.7e-001
 0.022436 0.932109 0.023018 0.022436
 0.931527 0.023018 0.023018 0.022436
 0.022436 0.023018 0.023018 0.931527
 0.022436 0.023018 0.023018 0.931527
 0.022436 0.023018 0.023018 0.931527
 0.022436 0.932109 0.023018 0.022436
 0.022436 0.932109 0.023018 0.022436

MOTIF 54-CAAGATGGCGGC STREME-54
letter-probability matrix: alength= 4 w= 12 nsites= 161 E= 8.1e-001
 0.048091 0.753494 0.182196 0.016219
 0.893600 0.054712 0.043437 0.008252
 0.828503 0.083276 0.008259 0.079962
 0.025722 0.152421 0.789702 0.032155
 0.979892 0.011566 0.000291 0.008252
 0.016219 0.056066 0.024194 0.903521
 0.008252 0.019534 0.971931 0.000284
 0.024187 0.000291 0.943367 0.032155
 0.000284 0.959302 0.000291 0.040123
 0.071994 0.053500 0.874222 0.000284
 0.111833 0.072001 0.732897 0.083269
 0.032155 0.876318 0.024194 0.067333

MOTIF 55-CAAAGTC STREME-55
letter-probability matrix: alength= 4 w= 7 nsites= 251 E= 8.5e-001
 0.022436 0.932109 0.023018 0.022436
 0.931527 0.023018 0.023018 0.022436
 0.931527 0.023018 0.023018 0.022436
 0.931527 0.023018 0.023018 0.022436
 0.022436 0.023018 0.932109 0.022436
 0.022436 0.023018 0.023018 0.931527
 0.022436 0.932109 0.023018 0.022436

MOTIF 56-CAAAGTCCA STREME-56
letter-probability matrix: alength= 4 w= 9 nsites= 899 E= 1.0e+000
 0.049403 0.831878 0.100267 0.018452
 0.776168 0.074063 0.088249 0.061520
 0.999015 0.000331 0.000331 0.000323
 0.927076 0.026015 0.046586 0.000323
 0.000323 0.076560 0.788539 0.134578
 0.037269 0.000331 0.000331 0.962069
 0.000323 0.889709 0.109646 0.000323
 0.032913 0.778670 0.133707 0.054710
 0.847843 0.087058 0.064776 0.000323

MOTIF 57-CCTAAATCCATTAA STREME-57
letter-probability matrix: alength= 4 w= 14 nsites= 69 E= 1.2e+000
 0.000612 0.998147 0.000628 0.000612
 0.000612 0.980948 0.000628 0.017811
 0.000612 0.017827 0.000628 0.980932
 0.757351 0.000628 0.000628 0.241393
 0.912138 0.017827 0.035025 0.035010
 0.946535 0.052224 0.000628 0.000612
 0.000612 0.035025 0.017827 0.946535
 0.000612 0.998147 0.000628 0.000612
 0.035010 0.963750 0.000628 0.000612
 0.877741 0.103820 0.017827 0.000612
 0.017811 0.052224 0.000628 0.929337
 0.017811 0.000628 0.000628 0.980932
 0.791748 0.000628 0.017827 0.189797
 0.963734 0.017827 0.017827 0.000612

MOTIF 58-GAGAGAGAGAGAGA STREME-58
letter-probability matrix: alength= 4 w= 14 nsites= 129 E= 1.3e+000
 0.047211 0.000314 0.935004 0.017471
 0.835995 0.086141 0.017479 0.060385
 0.077551 0.005114 0.899864 0.017471
 0.707253 0.086141 0.146221 0.060385
 0.000306 0.120472 0.878916 0.000306
 0.801664 0.008896 0.163386 0.026054
 0.000306 0.051810 0.930413 0.017471
 0.878909 0.068976 0.034645 0.017471
 0.000306 0.086141 0.913248 0.000306
 0.784498 0.120472 0.094724 0.000306
 0.000306 0.129055 0.870334 0.000306
 0.707253 0.137638 0.146221 0.008888
 0.000306 0.004605 0.977618 0.017471
 0.954415 0.008896 0.008896 0.027792

MOTIF 59-CTTYRAAG STREME-59
letter-probability matrix: alength= 4 w= 8 nsites= 224 E= 1.3e+000
 0.022436 0.932109 0.023018 0.022436
 0.022436 0.023018 0.023018 0.931527
 0.022436 0.023018 0.023018 0.931527
 0.022436 0.477564 0.023018 0.476982
 0.476982 0.023018 0.477564 0.022436
 0.931527 0.023018 0.023018 0.022436
 0.931527 0.023018 0.023018 0.022436
 0.022436 0.023018 0.932109 0.022436

MOTIF 60-GAGGTGGA STREME-60
letter-probability matrix: alength= 4 w= 8 nsites= 243 E= 1.5e+000
 0.022436 0.023018 0.932109 0.022436
 0.931527 0.023018 0.023018 0.022436
 0.022436 0.023018 0.932109 0.022436
 0.022436 0.023018 0.932109 0.022436
 0.022436 0.023018 0.023018 0.931527
 0.022436 0.023018 0.932109 0.022436
 0.022436 0.023018 0.932109 0.022436
 0.931527 0.023018 0.023018 0.022436

MOTIF 61-CACAGTGCCTGGCAC STREME-61
letter-probability matrix: alength= 4 w= 15 nsites= 126 E= 1.5e+000
 0.134870 0.754557 0.065887 0.044687
 0.705358 0.123276 0.080891 0.090475
 0.016689 0.835148 0.000299 0.147864
 0.884331 0.115078 0.000299 0.000292
 0.098673 0.033093 0.867942 0.000292
 0.016689 0.000299 0.000299 0.982712
 0.000292 0.024895 0.974521 0.000292
 0.098673 0.851545 0.000299 0.049483
 0.016689 0.769560 0.000299 0.213452
 0.049483 0.008498 0.000299 0.941720
 0.131467 0.000299 0.851545 0.016689
 0.065879 0.024895 0.908934 0.000292
 0.090475 0.753163 0.008498 0.147864
 0.818743 0.131475 0.000299 0.049483
 0.033086 0.662980 0.000299 0.303634

MOTIF 62-CATTCATTCA STREME-62
letter-probability matrix: alength= 4 w= 10 nsites= 110 E= 1.5e+000
 0.000625 0.729869 0.078593 0.190912
 0.980526 0.000642 0.018207 0.000625
 0.000625 0.000642 0.000642 0.998091
 0.000625 0.000642 0.000642 0.998091
 0.000625 0.998107 0.000642 0.000625
 0.955669 0.000642 0.043063 0.000625
 0.000625 0.000642 0.000642 0.998091
 0.000625 0.000642 0.000642 0.998091
 0.000625 0.998107 0.000642 0.000625
 0.966275 0.000642 0.032458 0.000625

MOTIF 63-ACAGACAAACAA STREME-63
letter-probability matrix: alength= 4 w= 12 nsites= 58 E= 1.5e+000
 0.931527 0.023018 0.023018 0.022436
 0.022436 0.932109 0.023018 0.022436
 0.931527 0.023018 0.023018 0.022436
 0.022436 0.023018 0.932109 0.022436
 0.931527 0.023018 0.023018 0.022436
 0.022436 0.932109 0.023018 0.022436
 0.931527 0.023018 0.023018 0.022436
 0.931527 0.023018 0.023018 0.022436
 0.931527 0.023018 0.023018 0.022436
 0.022436 0.932109 0.023018 0.022436
 0.931527 0.023018 0.023018 0.022436
 0.931527 0.023018 0.023018 0.022436

MOTIF 64-AAACAAACCAAA STREME-64
letter-probability matrix: alength= 4 w= 12 nsites= 65 E= 1.5e+000
 0.966052 0.016687 0.000588 0.016673
 0.975470 0.000588 0.007270 0.016673
 0.900156 0.048886 0.043703 0.007255
 0.005396 0.929046 0.016687 0.048871
 0.933853 0.032787 0.016687 0.016673
 0.949953 0.032787 0.016687 0.000573
 0.940170 0.048886 0.007270 0.003675
 0.247051 0.751787 0.000588 0.000573
 0.145467 0.772875 0.064985 0.016672
 0.878874 0.039468 0.081085 0.000573
 0.917754 0.016687 0.000588 0.064970
 0.936589 0.023369 0.007270 0.032772

MOTIF 65-AGGTCAAGGTC STREME-65
letter-probability matrix: alength= 4 w= 11 nsites= 433 E= 1.7e+000
 0.806593 0.051507 0.132207 0.009693
 0.014509 0.039761 0.945615 0.000114
 0.000114 0.000117 0.712177 0.287592
 0.000114 0.000117 0.000117 0.999653
 0.000114 0.999656 0.000117 0.000114
 0.752074 0.000117 0.227211 0.020599
 0.798586 0.045063 0.100840 0.055512
 0.039485 0.045063 0.831203 0.084249
 0.022846 0.000117 0.930723 0.046315
 0.163381 0.181187 0.128229 0.527203
 0.074245 0.620571 0.000117 0.305068

MOTIF 66-GATGACGTCACB STREME-66
letter-probability matrix: alength= 4 w= 12 nsites= 343 E= 1.8e+000
 0.001539 0.118953 0.800969 0.078538
 0.615348 0.243511 0.141019 0.000122
 0.000122 0.013789 0.006957 0.979133
 0.000122 0.011791 0.970886 0.017202
 0.911393 0.000125 0.071281 0.017202
 0.137019 0.627996 0.102053 0.132932
 0.163676 0.000125 0.829245 0.006954
 0.048264 0.010373 0.000125 0.941238
 0.061688 0.899072 0.000125 0.039116
 0.927892 0.000125 0.044533 0.027450
 0.003538 0.720942 0.180911 0.094609
 0.056196 0.360101 0.229573 0.354131

MOTIF 67-AACTCCTGGGCTCA STREME-67
letter-probability matrix: alength= 4 w= 14 nsites= 60 E= 2.4e+000
 0.908988 0.045112 0.045112 0.000789
 0.864686 0.133716 0.000809 0.000789
 0.000789 0.975462 0.000809 0.022940
 0.000789 0.022960 0.000809 0.975442
 0.000789 0.975462 0.000809 0.022940
 0.000789 0.953311 0.022960 0.022940
 0.000789 0.022960 0.000809 0.975442
 0.022940 0.000809 0.975462 0.000789
 0.155847 0.000809 0.842555 0.000789
 0.045091 0.022960 0.931160 0.000789
 0.022940 0.931160 0.022960 0.022940
 0.000789 0.022960 0.000809 0.975442
 0.000789 0.997613 0.000809 0.000789
 0.953291 0.000809 0.045112 0.000789

MOTIF 68-AGATCAAAAGA STREME-68
letter-probability matrix: alength= 4 w= 11 nsites= 35 E= 2.4e+000
 0.996586 0.001148 0.001148 0.001119
 0.001119 0.001148 0.839545 0.158188
 0.996586 0.001148 0.001148 0.001119
 0.001119 0.001148 0.001148 0.996586
 0.001119 0.996615 0.001148 0.001119
 0.959121 0.001148 0.032562 0.007170
 0.965173 0.001148 0.001148 0.032532
 0.948192 0.001148 0.001148 0.049513
 0.920721 0.001148 0.001148 0.076984
 0.001119 0.001148 0.870959 0.126774
 0.996586 0.001148 0.001148 0.001119

MOTIF 69-GTTGCAGTGAGCC STREME-69
letter-probability matrix: alength= 4 w= 13 nsites= 97 E= 2.7e+000
 0.011539 0.067258 0.920807 0.000397
 0.000397 0.236531 0.000407 0.762665
 0.000397 0.022691 0.011549 0.965364
 0.033822 0.000407 0.943090 0.022680
 0.000397 0.998800 0.000407 0.000397
 0.976506 0.022691 0.000407 0.000397
 0.011539 0.000407 0.909665 0.078389
 0.000397 0.000407 0.000407 0.998789
 0.027305 0.000407 0.971892 0.000397
 0.998789 0.000407 0.000407 0.000397
 0.078389 0.011549 0.798247 0.111815
 0.000397 0.987658 0.011549 0.000397
 0.033822 0.680058 0.022691 0.263429

MOTIF 70-AGCAAGGCC STREME-70
letter-probability matrix: alength= 4 w= 9 nsites= 125 E= 2.9e+000
 0.931527 0.023018 0.023018 0.022436
 0.022436 0.023018 0.932109 0.022436
 0.022436 0.932109 0.023018 0.022436
 0.931527 0.023018 0.023018 0.022436
 0.931527 0.023018 0.023018 0.022436
 0.022436 0.023018 0.932109 0.022436
 0.022436 0.023018 0.932109 0.022436
 0.022436 0.932109 0.023018 0.022436
 0.022436 0.932109 0.023018 0.022436

MOTIF 71-ACAAAG STREME-71
letter-probability matrix: alength= 4 w= 6 nsites= 3227 E= 3.5e+000
 0.931527 0.023018 0.023018 0.022436
 0.022436 0.932109 0.023018 0.022436
 0.931527 0.023018 0.023018 0.022436
 0.931527 0.023018 0.023018 0.022436
 0.931527 0.023018 0.023018 0.022436
 0.022436 0.023018 0.932109 0.022436

MOTIF 72-AGCAAACAG STREME-72
letter-probability matrix: alength= 4 w= 9 nsites= 150 E= 3.7e+000
 0.995446 0.001531 0.001531 0.001492
 0.001492 0.001531 0.995485 0.001492
 0.001492 0.995485 0.001531 0.001492
 0.995446 0.001531 0.001531 0.001492
 0.995446 0.001531 0.001531 0.001492
 0.995446 0.001531 0.001531 0.001492
 0.001492 0.995485 0.001531 0.001492
 0.793620 0.034038 0.170850 0.001492
 0.001492 0.001531 0.995485 0.001492

MOTIF 73-GTCAGGAGTTCRA STREME-73
letter-probability matrix: alength= 4 w= 13 nsites= 56 E= 4.7e+000
 0.000696 0.059372 0.939236 0.000696
 0.020249 0.078924 0.000714 0.900113
 0.000696 0.997893 0.000714 0.000696
 0.861008 0.000714 0.098477 0.039801
 0.098459 0.039819 0.841473 0.020249
 0.020249 0.000714 0.978341 0.000696
 0.978323 0.020267 0.000714 0.000696
 0.000696 0.000714 0.997893 0.000696
 0.039801 0.020267 0.000714 0.939218
 0.020249 0.020267 0.020267 0.939218
 0.000696 0.997893 0.000714 0.000696
 0.626377 0.039819 0.313555 0.020249
 0.958770 0.000714 0.020267 0.020249

MOTIF 74-CCAGGCTGCHGCCT STREME-74
letter-probability matrix: alength= 4 w= 14 nsites= 90 E= 8.3e+000
 0.000419 0.998732 0.000430 0.000419
 0.000419 0.963427 0.023966 0.012187
 0.939880 0.000430 0.023966 0.035724
 0.000419 0.035735 0.963427 0.000419
 0.071029 0.000430 0.928122 0.000419
 0.000419 0.928122 0.000430 0.071029
 0.012187 0.082808 0.000430 0.904575
 0.000419 0.000430 0.998732 0.000419
 0.000419 0.998732 0.000430 0.000419
 0.222016 0.424087 0.000430 0.353467
 0.188711 0.000430 0.810440 0.000419
 0.035724 0.963427 0.000430 0.000419
 0.000419 0.951659 0.012198 0.035724
 0.000419 0.000430 0.012198 0.986953

MOTIF 75-AAGCCRCTGTAGCC STREME-75
letter-probability matrix: alength= 4 w= 14 nsites= 63 E= 8.3e+000
 0.949159 0.000597 0.049662 0.000582
 0.981868 0.000597 0.016952 0.000582
 0.016937 0.033307 0.949174 0.000582
 0.000582 0.998238 0.000597 0.000582
 0.033292 0.818336 0.000597 0.147775
 0.638418 0.000597 0.344047 0.016937
 0.049647 0.916464 0.000597 0.033292
 0.000582 0.049662 0.082371 0.867385
 0.033292 0.033307 0.900109 0.033292
 0.000582 0.016952 0.000597 0.981868
 0.867385 0.033307 0.016952 0.082356
 0.033292 0.049662 0.851045 0.066001
 0.000582 0.965528 0.000597 0.033292
 0.016937 0.883755 0.033307 0.066001

********************************************************************************
Stopped because 3 consecutive motifs exceeded the p-value threshold (0.05).
********************************************************************************
COMMAND:	streme --verbosity 1 --oc meme_out_incomplete_DL/HepG2_FOXA1-human_ENCFF235PEX/streme_out -dna --seed 0 --p meme_out_incomplete_DL/HepG2_FOXA1-human_ENCFF235PEX/seqs-centered --minw 6 --maxw 15 --time 6168 --order 2 --thresh 0.05 --align center --totallength 4000000 --parse-genomic-coord
********************************************************************************
CPU:		9f05ee173ae9
********************************************************************************
FINALTIME:	4147.64 seconds
********************************************************************************
